public/models/data/input/map/ntb/1000/mapdem.asc
NCOLS 388
NROWS 274
XLLCORNER 370313.940441
YLLCORNER 9267024.452423
CELLSIZE 1000.000000
NODATA_VALUE       -9999
[rows 204 to 237 of 274, columns 231 to 307 of 388]
-9999 -9999 -9999 -9999 -9999 -9999 -9999 -9999 -9999 -9999 -9999 -9999 -9999 -9999 -9999 -9999 -9999 -9999 -9999 17.6695 27.4155 28.8503 15.8574 28.4747 53.5437 131.686 183.769 242.053 283.488 330.583 346.121 311.093 296.092 270.817 280.876 267.223 261.675 200.112 191.302 175.4 149.489 123.896 110.732 101.662 94.975 97.87 141.976 142.848 148.161 203.641 379.794 348.446 292.977 231.113 170.978 143.256 191 215.776 208.275 183.782 182.539 203.852 196.805 219.569 230.727 267.038 267.824 256.495 232.908 219.33 209.88 201.705 188.402 169.706 149.774 127.321 104.409
-9999 -9999 -9999 -9999 -9999 -9999 -9999 -9999 -9999 -9999 -9999 -9999 -9999 -9999 -9999 -9999 -9999 -9999 -9999 21.4 20.1074 19.6235 8.35579 12.9145 39.3179 107.141 133.279 162.804 193.531 241.208 241.39 243.449 229.33 207.902 219.788 216.086 201.735 169.964 156.529 166.206 143.943 122.992 110.646 102.094 92.6837 107.372 180.789 173.789 209.059 266.599 318.113 222.746 163.884 172.686 127.068 110.236 171.497 187.253 174.531 145.358 141.016 154.329 142.734 172.605 247.686 289.061 256.338 220.45 183.008 166.212 138.6 115.444 117.216 117.403 98.5119 74.255 48.835
-9999 -9999 -9999 -9999 -9999 -9999 -9999 -9999 -9999 -9999 -9999 -9999 -9999 -9999 -9999 -9999 -9999 -9999 -9999 -9999 11.8 13.1667 -9999 12.4645 25.1104 59.8913 80.6325 100.759 132.842 174.342 166.739 186.361 172.262 151.396 168.601 168.929 149.363 131.716 121.78 146.971 137.513 119.098 114.784 103.897 90.5238 105.308 181.696 207.985 301.296 369.732 229.838 127.412 145.664 166.089 124.664 88.4375 143.099 138.572 133.861 113.187 112.606 120.926 116.238 164.425 293.768 301.117 240.334 188.116 141.779 125.315 99.3225 76.6669 66.4656 76.395 58.88 38.4481 21.0944
-9999 -9999 -9999 -9999 -9999 -9999 -9999 -9999 -9999 -9999 -9999 -9999 -9999 -9999 -9999 -9999 -9999 -9999 -9999 -9999 -9999 -9999 -9999 12.0714 12.4786 21.8894 38.8 60.6888 96.95 122.607 118.519 139.019 130.72 112.141 115.636 124.679 110.293 90.43 95.5113 123.773 121.291 112.055 109.189 99.9638 92.04 102.944 165.146 206.769 372.354 383.819 197.359 104.866 138.373 123.342 81.5044 71.1975 115.421 88.4044 82.2781 82.5256 83.6969 107.173 100.703 114.318 225.862 299.584 223.002 157.065 113.012 88.615 63.335 49.4994 38.3106 35.9313 25.2488 20.4056 19.5719
-9999 -9999 -9999 -9999 -9999 -9999 -9999 -9999 -9999 -9999 -9999 -9999 -9999 -9999 -9999 -9999 -9999 -9999 -9999 -9999 -9999 -9999 -9999 -9999 -9999 9.82 15.139 26.1353 47.482 67.2994 72.8431 85.0475 79.5375 95.8538 71.1787 70.1494 67.7681 64.495 96.6413 115.605 112.614 108.721 104.444 100.036 96.8213 103.918 111.577 149.104 305.771 373.42 186.239 103.417 95.8781 86.5444 76.2019 55.4456 67.3331 49.4725 39.3312 55.9212 51.885 73.7931 78.7677 178.002 326.194 261.401 174.951 108.437 85.7706 57.45 41.0788 34.5088 47.9275 28.9112 20.75 33.9781 34.4656
-9999 -9999 -9999 -9999 -9999 -9999 -9999 -9999 -9999 -9999 -9999 -9999 -9999 -9999 -9999 -9999 -9999 -9999 -9999 -9999 -9999 -9999 -9999 -9999 -9999 -9999 9.42857 11.0764 15.6623 25.4019 29.3731 36.6838 88.2637 197.331 69.6813 43.6431 40.4894 88.2543 129.848 117.908 126.121 116.924 108.126 101.441 106.916 143.496 120.179 186.46 268.308 339.244 212.584 132.261 114.729 88.4694 66.8844 45.6706 46.8656 46.6825 25.9237 29.9625 41.4012 48.5631 114.172 242.6 300.23 204.927 125.433 78.2481 64.5019 44.0875 38.1613 33.5037 38.5275 27.8137 37.4775 54.8869 64.0619
-9999 -9999 -9999 -9999 -9999 -9999 -9999 -9999 -9999 -9999 -9999 -9999 -9999 -9999 -9999 -9999 -9999 -9999 -9999 -9999 -9999 -9999 -9999 -9999 -9999 -9999 -9999 -9999 10.0417 11.222 14.3919 20.5606 101.676 258.351 66.2763 25.4275 27.1075 124.594 154.177 136.089 165.524 139.616 113.248 110.338 120.996 225.52 152.684 174.875 215.12 161.281 103.209 55.1944 37.2056 37.7113 46.595 24.065 27.0112 29.8319 20.7769 21.7894 25.1469 32.4531 86.5356 197.486 276.767 200.801 124.977 76.015 53.76 43.1031 47.4256 55.3006 67.5806 43.2825 48.36 65.5106 72.6269
-9999 -9999 -9999 -9999 -9999 -9999 -9999 -9999 -9999 -9999 -9999 -9999 -9999 -9999 -9999 -9999 -9999 -9999 -9999 -9999 -9999 -9999 -9999 -9999 -9999 -9999 -9999 -9999 -9999 89.4881 89.8994 50.4606 93.3706 141.941 38.2392 15.1025 24.1375 173.201 189.226 225.969 213.853 134.387 117.149 147.037 137.649 265.666 162.184 117.582 88.4211 48.0369 31.4831 23.9081 15.2269 24.4775 33.1963 12.3763 13.2425 14.3531 17.8731 30.1694 32.6294 25.9656 79.4781 241.261 305.107 212.819 154.508 78.7475 58.915 52.1294 89.6094 175.829 222.947 136.875 92.2 136.129 168.331
-9999 -9999 -9999 -9999 -9999 -9999 -9999 -9999 -9999 -9999 -9999 -9999 -9999 -9999 -9999 -9999 -9999 -9999 -9999 -9999 -9999 -9999 -9999 -9999 -9999 -9999 -9999 -9999 -9999 70.4486 165.129 66.9018 33.3175 40.52 7.31185 9.52127 72.1529 288.616 316.253 334.546 214.281 135.309 181.979 242.944 241.938 284.933 183.017 206.68 283.266 177.379 74.1312 40.235 23.07 8.885 8.9025 9.03 9.9875 8.9825 16.5413 57.1819 103.787 34.1306 59.7781 217.011 356.754 299.733 217.152 132.989 104.993 60.7756 181.518 313.86 299.914 178.547 172.462 198.825 158.732
-9999 -9999 -9999 -9999 -9999 -9999 -9999 -9999 -9999 -9999 -9999 -9999 -9999 -9999 -9999 -9999 -9999 -9999 -9999 -9999 -9999 -9999 -9999 -9999 -9999 -9999 -9999 -9999 -9999 85.4204 110.376 39.728 1 -9999 7.66667 10.2359 49.644 300.031 371.112 255.599 159.661 204.386 324.359 361.306 317.574 231.809 195.14 299.424 342.878 262.3 78.0975 20.0175 9.75 8.27875 8.59375 8.1025 7.405 8.27125 18.635 98.0806 153.396 66.7331 40.5781 152.254 347.701 317.642 241.242 140.936 91.6819 73.0281 165.593 239.119 279.627 359.669 235.756 222.718 168.826
-9999 -9999 -9999 -9999 -9999 -9999 -9999 -9999 -9999 -9999 -9999 -9999 -9999 -9999 -9999 -9999 -9999 -9999 -9999 -9999 -9999 -9999 -9999 -9999 -9999 -9999 -9999 -9999 -9999 68.3125 51.4319 26.1111 -9999 -9999 -9999 -9999 90.3542 312.421 355.967 264.282 190.548 309.467 392.888 341.134 255.193 202.516 252.726 275.379 166.732 89.6575 13.7325 9.78187 8.60812 8.04813 7.75562 7.9225 7.07125 10.5006 30.6931 165.992 231.123 125.775 46.7975 153.29 368.062 312.102 221.931 116.117 70.4156 127.876 146.498 116.007 185.992 397.035 358.413 229.453 108.646
-9999 -9999 -9999 -9999 -9999 -9999 -9999 -9999 -9999 -9999 -9999 -9999 -9999 -9999 -9999 -9999 -9999 -9999 -9999 -9999 -9999 -9999 -9999 -9999 -9999 -9999 -9999 -9999 -9999 -9999 -9999 -9999 -9999 -9999 -9999 -9999 104.844 126.274 143.966 187.768 292.477 412.358 355.514 325.151 315.179 305.607 212.472 127.098 69.6537 19.8787 11.4688 9.29562 8.41687 8.71562 7.43062 6.9525 25.4788 85.2156 64.6056 139.074 268.216 177.108 64.7438 127.864 357.829 390.208 280.678 121.366 101.229 210.786 206.378 117.252 132.648 282.363 360.77 171.815 70.1475
-9999 -9999 -9999 -9999 -9999 -9999 -9999 -9999 -9999 -9999 -9999 -9999 -9999 -9999 -9999 -9999 -9999 -9999 -9999 -9999 -9999 -9999 -9999 -9999 -9999 -9999 -9999 -9999 -9999 -9999 -9999 -9999 -9999 -9999 -9999 -9999 -9999 -9999 39.7 78.0475 177.482 295.598 380.593 394.013 363.231 250.121 227.559 313.858 234.569 83.17 15.9663 9.4975 11.3413 10.01 7.76375 12.9031 136.69 267.633 178.262 232.616 327.427 189.886 65.2481 177.114 407.427 326.543 184.439 132.735 158.099 335.121 348.231 177.414 117.499 170.371 347.161 247.959 76.5663
-9999 -9999 -9999 -9999 -9999 -9999 -9999 -9999 -9999 -9999 -9999 -9999 -9999 -9999 -9999 -9999 -9999 -9999 -9999 -9999 -9999 -9999 -9999 -9999 -9999 -9999 -9999 -9999 -9999 -9999 -9999 -9999 -9999 -9999 -9999 -9999 -9999 -9999 -9999 48.2448 74.7965 229.697 392.717 391.759 361.693 260.22 304.926 327.18 208.369 107.664 40.7075 7.715 8.23875 8.36375 8.2125 41.9456 178.16 214.551 197.83 243.119 152.702 94.6719 64.6744 161.646 410.628 392.485 306.882 225.3 190.901 370.134 443.707 314.755 193.343 186.027 387.212 324.141 131.661
-9999 -9999 3 8.3 14.94 19.5028 8.46842 2.5 -9999 -9999 -9999 -9999 -9999 -9999 -9999 -9999 -9999 -9999 -9999 -9999 -9999 -9999 -9999 -9999 -9999 -9999 -9999 -9999 -9999 -9999 -9999 -9999 -9999 -9999 -9999 -9999 -9999 -9999 -9999 20.6121 101.352 264.837 315.843 396.686 377.128 274.579 325.371 267.394 186.482 106.638 26.9082 5.50882 6.12414 7.94375 7.455 32.0419 69.5869 45.8312 94.8363 126.631 64.0319 84.0669 67.7344 139.331 323.735 437.226 406.333 284.693 280.459 366.008 525.382 480.71 309.185 234.144 491.89 516.529 370.947
-9999 -9999 3 5.5 16.5279 19.1459 14.8205 12.4273 -9999 -9999 -9999 -9999 -9999 -9999 -9999 -9999 -9999 -9999 -9999 -9999 -9999 -9999 -9999 -9999 -9999 -9999 -9999 -9999 -9999 -9999 -9999 -9999 -9999 -9999 -9999 -9999 -9999 -9999 -9999 25 72.2931 138.337 278.126 368.625 335.001 282.124 310.367 176.058 71.305 15.9356 3.41398 5.67595 6.17457 7.26826 7.26042 7.49854 7.14437 10.8038 56.2363 71.6319 42.8231 99.6181 69.1006 134.469 289.82 498.507 531.254 391.318 414.021 386.295 538.741 623.785 499.916 286.247 537.481 664.218 450.543
-9999 -9999 -9999 8.41177 20.3566 23.6375 20.7016 9.76247 6.11767 0 -9999 -9999 -9999 -9999 -9999 -9999 -9999 -9999 -9999 -9999 -9999 -9999 -9999 -9999 -9999 -9999 -9999 -9999 -9999 -9999 7.33333 3.83333 1.5 5.27273 -9999 -9999 -9999 20.5 13.7 3.65 12.9276 44.3281 136.734 243.984 343.773 314.353 267.584 103.029 13.4644 1.90875 3.4876 3.53462 -9999 6.3 6.10124 5.72384 5.87625 18.0881 32.2831 39.1831 111.813 111.025 65.9625 120.429 325.384 627.379 710.593 673.473 575.996 460.634 590.246 645.646 530.586 364.156 559.584 627.35 328.832
-9999 -9999 -9999 -9999 -9999 23.9221 26.3561 14.7656 7.76088 0 -9999 -9999 -9999 -9999 -9999 -9999 -9999 -9999 -9999 -9999 -9999 -9999 -9999 -9999 -9999 -9999 -9999 -9999 -9999 2.25 6.82813 8.21 2.80769 3.58678 0.72 1.8 -9999 33.116 27.4867 11.4421 12 63.9631 93.559 222.972 365.686 205.963 90.7213 27.4381 11.1956 5.415 12.004 6.47673 6.28571 -9999 7.63667 6.49051 6.27028 37.1131 21.4081 61.0044 97.9519 54.1538 68.6338 110.291 209.932 401.112 599.366 810.774 730.517 587.282 688.773 741.935 664.128 499.445 596.065 675.074 462.069
-9999 -9999 -9999 -9999 6.2 33.3589 20.3567 10.8852 7.20085 -9999 -9999 -9999 -9999 -9999 -9999 -9999 -9999 14 11.2 7 -9999 9.44286 13.9619 15.6453 21.454 11.3111 6.06667 5.33333 -9999 3.74 7.66029 14.2717 5.28325 4.04764 5.15833 12.3373 16.875 22.0047 49.306 50.877 25.3294 114.552 128.102 272.798 428.014 168.542 38.6862 21.9275 14.7825 12.1631 32.3544 25.9036 22.8143 -9999 8.66667 5.65916 5.25643 10.4956 23.8119 58.3569 55.4981 50.1319 72.4044 144.065 198.781 400.406 612.773 852.362 891.148 808.369 838.846 793.919 638.303 571.286 745.268 873.996 707.263
-9999 -9999 -9999 -9999 23.94 19.1982 23.5441 9.78126 10.3122 8.30769 -9999 -9999 -9999 9 9 -9999 14.75 13.0536 51.3696 40.1912 20.2375 12.9946 18.5831 22.7716 30.5514 24.7429 35.8517 29.6257 20.8633 4.73333 8.41714 5.51066 4.5956 5.04914 11.832 25.378 33.1606 30.8765 18.428 45.2699 49.2731 130.206 183.537 300.096 333.989 103.662 49.6925 34.5125 29.905 27.7231 15.0774 12.8281 11.9667 -9999 59.087 26.147 5.9258 8.00813 16.3919 57.9306 69.2719 64.0294 73.5294 151.527 257.696 439.081 637.899 787.413 853.247 807.518 754.667 667.384 631.923 671.018 798.633 890.75 775.626
-9999 -9999 -9999 25.48 23.2101 18.4091 10.8571 18.8722 23.1432 12.6753 -9999 -9999 9.2 15.8823 17.1901 33.2444 41.1757 30.7131 72.6944 114.076 133.931 65.39 73.0788 88.091 82.3491 59.9475 73.35 52.7925 45.2953 39.2096 25.75 5.37805 5.80963 5.21955 21.0186 22.8004 48.5248 92.6113 37.7562 74.0206 125.182 160.348 352.604 432.1 316.611 223.167 185.49 150.853 66.3169 43.3338 7.81 10.8459 54.6966 66.0088 18.2667 10.9609 6.46892 13.4412 30.88 64.1669 94.1844 87.0469 97.8531 112.071 169.449 359.494 551.87 704.011 719.364 682.932 643.534 679.017 719.457 819.676 936.347 863.993 684.446
-9999 -9999 -9999 30.3333 15.0078 -9999 9.01429 26.0213 25.7769 11.2674 6 -9999 8.54667 22.3072 40.3332 83.7356 111.697 83.5644 125.746 183.241 219.863 137.197 175.025 200.815 210.955 199.367 180.457 130.765 131.833 94.5101 65.9679 31.675 14.3335 18.4594 53.1456 66.6625 118.438 168.634 103.659 143.107 215.043 192.658 270.776 443.659 447.97 475.429 371.856 192.143 49.4244 44.91 40.1362 49.8034 104.738 81.1165 10 7.61224 13.4752 70.0575 112.589 127.081 152.701 128.604 143.248 130.361 130.794 250.021 440.427 667.57 694.948 672.653 712.488 780.299 834.454 906.51 960.576 816.792 729.859
-9999 -9999 -9999 -9999 -9999 28.5 18.9268 28.7077 19.5962 7.33677 6 45.5152 33.273 63.4869 86.4956 132.137 184.691 188.184 151.825 213.607 280.47 279.358 324.007 349.945 402.508 436.067 386.722 304.399 313.548 259.246 157.813 96.5156 58.3906 36.3994 79.7181 135.338 198.898 265.849 242.563 206.163 249.671 313.826 319.547 381.105 369.557 369.733 289.711 69.2794 15.2507 41.6144 88.6096 49.9491 57.8431 36.6 75.5217 52.7885 43.9727 156.996 202.849 154.307 122.537 134.998 169.243 161.244 160.222 224.927 417.237 632.929 685.484 690.407 769.711 826.824 848.778 826.279 792.655 623.035 593.009
-9999 -9999 -9999 -9999 -9999 13.8333 10.9415 16.5947 26.487 15.4707 4.75 20.0713 39.0845 86.8406 100.762 130.612 158.431 218.983 242.448 283.55 346.201 419.194 482.117 504.184 487.172 446.505 405.212 418.636 539.517 441.343 280.014 216.961 170.763 67.1106 130.494 187.787 254.738 370.854 377.71 380.142 422.752 317.073 209.572 203.571 136.124 113.476 149.871 67.2671 12.7408 39.4279 70.8754 31.4429 13.4286 -9999 82.7809 74.8914 48.5639 95.3256 138.472 82.3775 54.965 84.8206 158.711 204.933 287.568 296 401.065 522.599 567.969 599.07 696.229 752.213 689.834 653.372 650.544 516.117 367.389
-9999 -9999 -9999 -9999 -9999 -9999 -9999 19.2222 8.64444 7.85088 13.3952 46.0515 67.3581 93.3956 138.652 158.93 180.94 236.65 285.432 332.236 369.288 426.726 527.821 577.308 423.712 327.752 329.543 351.271 468.429 606.397 465.387 385.926 230.708 113.659 183.319 248.468 279.772 271.081 284.164 293.044 443.298 387.538 151.373 112.747 146.648 65.7033 18.74 14.75 -9999 -9999 -9999 -9999 -9999 -9999 6.89474 6.56817 5.8063 19.2512 53.2487 49.2456 44.7244 113.032 270.834 394.86 416.501 381.786 362.944 394.204 391.836 469.062 512.087 623.385 567.519 447.624 445.209 410.995 208.03
-9999 -9999 -9999 -9999 -9999 -9999 7.83333 14.9942 8.14077 16.9862 42.2853 68.1006 88.9394 101.942 93.9606 140.526 190.409 230.941 258.838 305.986 328.789 399.265 499.892 596.948 483.172 317.514 330.508 423.118 533.864 627.484 490.119 344.813 203.421 114.439 164.098 159.223 147.036 166.512 191.285 227.607 365.772 397.222 185.359 76.585 112.27 50.5756 -9999 -9999 -9999 -9999 -9999 -9999 -9999 -9999 -9999 7.76533 6.05557 9.60625 26.7337 48.8344 111.881 230.653 395.879 493.846 452.756 428.536 392.154 332.886 311.519 336.043 407.294 545.889 584.727 396.778 297.796 279.572 168.478
15.0689 14.9633 7.93571 1.68571 1 -9999 6.73333 8.75563 6.63827 17.2229 46.6581 63.0756 55.5944 45.3525 68.2825 116.221 148.647 191.871 241.333 302.746 362.272 453.734 491.699 527.864 547.336 345.214 438.926 550.813 530.257 521.097 430.742 316.755 196.521 122.482 138.871 144.521 148.058 153.434 172.696 184.454 225.878 222.13 139.947 62.4063 82.9684 21.4786 -9999 -9999 -9999 -9999 -9999 -9999 -9999 -9999 -9999 7.67204 6.14941 7.48187 23.5181 114.789 222.213 366.298 522.067 559.897 535.498 460.118 398.282 348.834 321.438 300.008 322.155 403.801 535.177 382.048 244.044 174.225 191.091
15.4458 16.2728 6.43767 4.95604 1 -9999 4.04444 5.79694 6.87556 25.6294 41.3356 34.0269 24.4081 26.815 56.645 92.3581 131.434 234.849 282.248 343.568 415.572 440.513 445.125 497.94 525.175 356.335 531.482 542.603 456.389 494.272 402.338 263.958 180.205 150.673 162.256 164.861 189.058 181.671 151.591 103.143 60.1469 44.2371 30.8946 24.6038 44.9011 19.2 -9999 -9999 -9999 -9999 -9999 -9999 -9999 -9999 7.54054 7.62849 7.90008 7.37563 17.7144 61.3381 163.394 444.714 595.911 616.532 612.753 505.233 418.622 382.843 377.634 398.4 300.502 297.636 353.407 248.064 181.897 203.407 287.185
22.7119 8.42437 6.92925 7.43255 6.82077 4.89694 4.57932 7.13875 8.72 17.0325 15.6038 14.6475 17.4438 30.7031 51.8056 103.846 199.716 270.953 340.856 406.841 438.354 435.901 425.844 440.595 391.592 373.644 499.729 471.294 451.111 421.983 395.937 261.665 181.461 212.663 257.439 279.509 241.806 148.803 47.5794 57.8364 23.9854 10.1 6.5 -9999 -9999 -9999 -9999 -9999 -9999 -9999 -9999 -9999 -9999 7.2375 8.63722 15.1735 25.5338 75.6042 159.279 200.318 246.319 377.773 569.081 622.949 592.812 537.622 490.429 447.499 433.262 374.799 304.583 226.767 257.722 366.37 264.666 330.182 413.328
13.7856 5.33938 5.8965 7.64266 6.47643 5.58525 6.71625 9.99 10.5413 11.59 17.2288 20.2887 25.49 44.7694 80.8144 151.811 231.64 330.589 383.896 430.366 447.421 458.019 392.946 369.465 333.128 399.258 451.212 476.842 477.271 391.788 328.29 233.29 182.291 216.06 288.679 326.679 264.977 94.0019 28.8756 26.8678 16.3237 -9999 -9999 -9999 -9999 -9999 -9999 -9999 -9999 -9999 -9999 -9999 -9999 8.99956 13.2351 26.0562 50.12 136.055 190.847 208.925 249.636 269.802 469.822 606.693 577.278 533.423 567.901 503.236 448.398 384.689 284.626 229.526 250.021 309.02 319.954 319.073 297.307
9.1825 6.48875 6.30625 6.79563 6.31938 6.48125 8.3775 12.1012 14.3775 17.3594 29.1181 40.3231 50.7369 66.8775 109.174 178.523 274.321 361.382 400.807 417.982 443.864 427.412 349.071 331.552 346.08 361.883 399.059 424.199 435.526 347.129 259.597 205.089 196.122 242.204 302.674 242.557 110.829 36.9419 53.4719 69.5253 53.765 -9999 -9999 -9999 -9999 -9999 -9999 -9999 -9999 -9999 -9999 -9999 -9999 15.2986 32.9507 49.7544 89.6956 137.578 182.099 209.154 353.129 286.877 367.198 436.958 493.653 529.351 580.767 548.929 464.501 352.928 266.028 228.534 238.149 255.293 278.845 262.535 182.645
8.0675 7.4875 8.2875 7.97437 6.79063 6.975 8.99625 11.4 16.3162 23.5081 30.2794 48.7856 64.6544 90.8075 142.279 216.105 280.409 367.393 436.576 451.058 415.748 367.378 330.194 334.565 329.557 342.173 348.832 349.664 373.743 292.361 227.699 213.246 226.636 303.819 366.323 224.37 50.8506 17.8756 89.4406 130.427 110.964 -9999 -9999 -9999 -9999 -9999 -9999 -9999 -9999 -9999 8.47619 6.75048 14.4967 55.6071 127.253 138.394 201.072 306.672 361.723 360.866 450.004 369.297 373.845 388.731 543.692 566.459 537.868 525.598 441.587 266.789 223.364 222.576 241.233 254.297 247.343 162.963 83.1923
15.6763 13.7044 11.2119 9.52625 8.9075 7.14875 9.6425 17.5287 28.3025 29.9181 35.4356 54.8419 87.1044 123.725 180.32 239.293 337.304 457.66 539.336 561.604 456.612 431.372 364.971 395.88 349.872 374.913 400.581 327.776 320.842 276.43 302.794 347.05 379.399 408.248 382.281 218.879 70.5675 16.2293 44.3778 19.6808 2.75 -9999 -9999 -9999 -9999 -9999 -9999 -9999 -9999 9.64552 9.00914 12.2611 33.6619 77.2637 174.527 271.308 283.607 377.702 483.868 536.721 505.927 580.675 546.617 572.309 574.959 541.701 436.296 429.117 434.261 283.965 225.227 244.635 295.178 308.101 238.533 182.031 123.762
22.7275 34.6356 15.4706 10.875 9.61875 12.24 17.6612 22.4613 25.325 29.7956 39.5906 58.5431 124.786 217.37 260.747 309.461 398.51 522.169 585.997 571.804 407.348 387.689 334.378 400.313 297.45 331.985 316.021 278.991 273.396 323.398 375.706 399.797 422.541 428.001 403.989 275.87 120.792 6.33333 -9999 -9999 -9999 -9999 -9999 -9999 -9999 -9999 -9999 -9999 -9999 9.29496 9.27371 25.4356 88.3494 173.577 193.062 330.112 426.399 426.941 506.042 592.989 627.806 722.268 661.177 654.105 563.785 443.413 368.22 297.054 260.068 243.984 241.773 274.666 336.119 377.766 307.056 250.735 205.212
