public/models/data/input/map/ntb/1000/mapdset.asc
NCOLS 388
NROWS 274
XLLCORNER 370313.940441
YLLCORNER 9267024.452423
CELLSIZE 1000.000000
NODATA_VALUE       -9999
[rows 204 to 237 of 274, columns 0 to 76 of 388]
-9999 -9999 -9999 -9999 -9999 -9999 -9999 -9999 -9999 -9999 -9999 -9999 -9999 -9999 -9999 -9999 -9999 -9999 -9999 -9999 -9999 -9999 -9999 6329.8 5972.85 5572.16 5137.63 4652.82 4155.96 3758.06 3438.08 3585.13 4041.01 4478.69 5128.37 6009.38 7099.98 7785.01 8010.26 7987.68 7818.41 8133.21 8530.85 8928.5 9383.84 9751.33 10146.6 10561.8 11256.2 11954.9 12493.9 12946 13376.6 13663.4 13982.8 14467.2 15090.5 14947.9 14542.7 14145.1 13681.2 13283.5 12885.9 12488.2 12024.3 11664 11664 11830.9 11020.9 10265.4 9742.78 9331.15 8817.49 8092.43 7163.53 6236.94 5511.76
-9999 -9999 -9999 -9999 -9999 -9999 -9999 -9999 -9999 -9999 -9999 -9999 -9999 -9999 -9999 -9999 -9999 -9999 -9999 -9999 -9999 -9999 -9999 5681.54 5135.33 4616.54 4214.5 3789.72 3235.88 2798.45 2478.08 2625.13 3121.05 3775.63 4654.58 5603.79 6564.03 6932.73 7050.26 7027.68 6858.41 7173.21 7570.85 7968.5 8432.42 8830.06 9254.07 9855.56 10897.6 11856.3 12773.2 13500 13617.8 13402.7 13451.2 13822.9 14230.9 14088.4 13595 13185.1 12721.2 12323.5 11925.9 11528.2 11064.3 10704 10704 11037.9 10590.8 9673.36 8915.68 8385.14 7905.56 7453.41 6740.33 5806.46 4764.4
-9999 -9999 -9999 -9999 -9999 -9999 -9999 -9999 -9999 -9999 -9999 -9999 -9999 -9999 -9999 -9999 -9999 -9999 -9999 -9999 -9999 -9999 -9999 5566.91 4695.82 3714.73 3256.58 2883.73 2509.83 1883.59 1518.47 1680.5 2413.08 3296.93 4246.39 5174.45 5751.35 5979.58 6090.26 6067.68 5898.41 6213.21 6610.85 7008.5 7472.42 7896.42 8510.22 9384.11 10500 11460 12413.5 13063.5 12804.3 12456 12491.2 12862.9 13315.1 13373.1 12774.9 12234.3 11761.2 11363.5 10965.9 10568.2 10104.3 9743.97 9743.97 10104.3 10110.1 9238.49 8315.72 7550.13 6950.05 6558.29 6046.19 5361.13 4292.94
-9999 -9999 -9999 -9999 -9999 -9999 -9999 -9999 -9999 -9999 -9999 -9999 -9999 -9999 -9999 -9999 -9999 -9999 -9999 -9999 -9999 -9999 -9999 -9999 4612.05 2800.82 2319.15 1925.98 1825.33 1193.49 617.685 935.524 1936.45 2888.65 3848.36 4597.83 4797.65 5019.58 5130.26 5107.68 4938.41 5253.21 5650.85 6048.5 6529.99 7140.28 8026.47 8982.37 10102.4 11056.6 11873 12209.2 11844.3 11496 11531.2 11902.9 12366.5 12635.1 12209.2 11392.4 10801.2 10403.5 10005.9 9608.25 9144.33 8783.97 8783.97 9144.33 9425.36 8824.34 7880.51 6947.97 6080.41 5591.23 5172.5 4739.02 3886.37
-9999 -9999 -9999 -9999 -9999 -9999 -9999 -9999 -9999 -9999 -9999 -9999 -9999 -9999 -9999 -9999 -9999 -9999 -9999 -9999 -9999 -9999 -9999 -9999 -9999 -9999 1125.42 846.652 880.828 832.712 337.097 558.154 1586.63 2539.73 3418.94 3678.9 3677.65 3899.58 4010.26 3987.68 3818.41 4133.21 4530.85 4946.07 5671.25 6598.45 7558.45 8518.45 9620.87 10411.3 10999.1 11134.5 10724.3 10376 10411.2 10782.9 11246.8 11632.5 11586.9 10800.1 9808.45 9292.77 8885.9 8488.25 8024.34 7663.97 7663.97 8024.34 8371.53 8077.97 7378.2 6454.58 5364.05 4608.57 4085.93 3674.3 3169.94
-9999 -9999 -9999 -9999 -9999 -9999 -9999 -9999 -9999 -9999 -9999 -9999 -9999 -9999 -9999 -9999 -9999 -9999 -9999 -9999 -9999 -9999 -9999 -9999 -9999 -9999 747.533 498.462 370.278 408.728 372.552 665.247 1553.67 2451.65 2973.24 2780.31 2717.65 2939.58 3050.26 3027.68 2858.41 3173.21 3597.21 4198.71 5240.8 6200.8 7160.8 8115.01 9053.62 9697.34 10288.1 10218.4 9764.33 9416.04 9451.19 9822.91 10286.8 10684.5 10938.3 10478.8 9343.43 8486.78 7927.01 7528.25 7064.34 6703.97 6703.97 7064.34 7411.88 7173.07 6725.16 6020.55 4938.95 4016.51 3258.83 2728.28 2294.12
-9999 -9999 -9999 -9999 -9999 -9999 -9999 -9999 -9999 -9999 -9999 -9999 -9999 -9999 -9999 -9999 -9999 -9999 -9999 -9999 -9999 -9999 -9999 -9999 -9999 -9999 1135.89 1081.01 479.026 283.184 275.507 339.917 1154.79 1991.68 2225.75 1829.29 1757.75 1979.87 2090.26 2067.68 1898.41 2239.57 2853.37 3727.26 4843.16 5803.16 6756.64 7573.81 8329.51 9131.13 9539.11 9268.14 8804.33 8456.04 8491.19 8862.91 9326.83 9724.47 10104.7 10285.3 8730.2 7479.6 6965.44 6568.26 6104.34 5743.97 5743.97 6104.34 6451.88 6213.6 5826.9 5374.14 4528 3581.63 2658.87 1893.28 1344.05
-9999 -9999 -9999 -9999 -9999 -9999 -9999 -9999 -9999 -9999 -9999 -9999 -9999 -9999 -9999 -9999 -9999 -9999 -9999 -9999 -9999 -9999 -9999 -9999 -9999 -9999 1307.11 1239.75 443.612 237.53 188.92 142.512 731.454 1570.27 1612.51 957.306 837.608 1046.72 1137.9 1120.74 956.566 1483.42 2369.61 3325.51 4445.51 5399.72 6216.17 6839.43 7791.35 8523.29 8650.29 8308.25 7844.33 7496.04 7531.19 7902.91 8366.83 8789.08 9367.74 9596.37 6734.84 6459.58 6005.67 5608.25 5144.34 4783.97 4783.97 5144.34 5491.88 5253.6 4867.42 4469.43 3936.54 3181.61 2223.66 1291.12 510.109
-9999 -9999 -9999 -9999 -9999 -9999 -9999 -9999 -9999 -9999 -9999 -9999 -9999 -9999 -9999 -9999 -9999 -9999 -9999 -9999 -9999 -9999 -9999 -9999 -9999 -9999 -9999 565.607 357.549 230.775 161.306 109.874 522.037 1017.34 940.295 489.999 520.923 487.746 514.915 493.559 424.543 1176.33 2127.27 3059.97 4068.68 4772.8 5387.94 6208.17 7071.09 7486.92 7534.86 7188.26 6724.34 6376.04 6411.19 6782.91 7240.33 7815.16 8318.81 5690.26 6031.01 5610.03 4983.36 4494.41 4024.34 3663.97 3663.97 4024.34 4374.23 4153.65 3760.85 3349.92 2970.51 2823.19 2130.79 1220.71 414.523
-9999 -9999 -9999 -9999 -9999 -9999 -9999 -9999 -9999 -9999 -9999 -9999 -9999 -9999 -9999 -9999 -9999 -9999 -9999 -9999 -9999 -9999 -9999 -9999 -9999 -9999 -9999 63.2843 65.7772 109.042 116.622 51.2653 489.79 555.747 501.168 798.142 1058.89 1125.24 1133.21 1121.94 1120.32 1616.54 2290.27 2909.79 3489.26 4043.04 4863.39 5619.1 6148.36 6526.92 6574.86 6228.26 5764.34 5416.04 5451.19 5822.91 6288.51 6857.7 6888.53 5624.07 5175.24 4748.17 4242.88 3625.71 3064.63 2703.97 2703.97 3064.63 3430.42 3286.54 2926.5 2404.6 2029.41 2192.29 1989.18 1312.8 687.023
-9999 -9999 -9999 -9999 -9999 -9999 -9999 -9999 -9999 -9999 -9999 -9999 -9999 -9999 -9999 -9999 -9999 -9999 -9999 -9999 -9999 -9999 -9999 -9999 -9999 -9999 -9999 60.8379 3.41605 20.9124 46.7653 20.655 233.156 200.881 325.443 524.917 1104.89 1542.8 1753.48 1883.39 1727.29 1745.62 1801.43 2065.22 2673.86 3510.32 4370.24 4783.14 5188.36 5567.09 5615.03 5268.26 4804.34 4456.04 4491.19 4862.91 5327.87 5863.61 6093.4 5386.45 4444.59 3821.38 3390.53 2899.08 2176.35 1744.3 1744.3 2172.75 2549.63 2412.75 2255.72 1591.55 1073.91 1359.16 1435.48 747.152 404.893
-9999 -9999 -9999 -9999 -9999 -9999 -9999 -9999 -9999 -9999 -9999 -9999 -9999 -9999 -9999 -9999 -9999 -9999 -9999 -9999 -9999 -9999 -9999 -9999 -9999 -9999 -9999 379.378 87.8689 18.8517 29.8177 5.96783 13.331 16.1328 78.6038 118.303 570.527 911.808 1414.21 1652.4 1215.46 1002.85 875.678 1200.9 2150.29 3049.88 3652.44 3847.03 4228.36 4619.4 4691.51 4316.31 3844.34 3496.04 3531.19 3902.91 4368.65 4812.13 5245.74 4971.5 3940.43 3086.94 2460.65 2056.05 1552.92 856.278 852.675 1532.94 1644.85 1474.01 1614.43 1054.44 316.458 795.656 1229.59 640.779 361.922
-9999 -9999 -9999 -9999 -9999 -9999 -9999 -9999 -9999 -9999 -9999 -9999 -9999 -9999 -9999 -9999 -9999 -9999 -9999 -9999 -9999 -9999 -9999 -9999 -9999 -9999 -9999 650.802 264.548 106.579 48.661 19.6291 16.5829 20.8846 11.2767 15.4409 141.921 334.772 1070.33 1213.55 422.976 251.822 255.07 830.139 1669.9 2253.95 2637.17 2736.17 3108.72 3529.51 3853.45 3379.04 2732.54 2376.04 2411.19 2784.96 3360.79 3978.62 4263.52 4334.84 3449.55 2510.22 1624.77 989.92 1003.3 548.053 518.638 1196.78 739.232 530.229 1154.56 1141.05 644.909 972.443 1072.17 810.829 661.667
-9999 -9999 -9999 -9999 -9999 -9999 -9999 -9999 -9999 -9999 -9999 -9999 -9999 -9999 -9999 -9999 -9999 -9999 -9999 -9999 -9999 -9999 -9999 -9999 -9999 -9999 -9999 872.046 491.953 234.889 110.967 93.6671 125.157 166.536 86.4145 84.9102 454.356 815.571 1463.02 1480.98 690.372 286.467 382.439 721.732 931.796 1543.63 1806.82 1777.63 2171.86 2778.63 3375.59 2909.84 1924.26 1428.34 1454.26 1909.17 2785.03 3292.61 3312.25 3579.37 3058.92 2104.81 1169.71 416.591 789.269 1090.42 1134.95 1351.53 588.603 495.689 1149.92 1154.76 925.071 885.645 583.821 269.507 726.394
-9999 -9999 -9999 -9999 -9999 -9999 -9999 -9999 -9999 -9999 -9999 -9999 -9999 -9999 -9999 -9999 -9999 -9999 -9999 -9999 -9999 -9999 -9999 -9999 -9999 -9999 -9999 1581.29 1210.43 649.276 253.585 139.368 142.243 317.027 318.725 249.469 346.009 791.825 1442.64 1712.9 1080.89 438.583 265.891 356.47 651.422 1145.19 954.754 822.467 1411.98 2291.14 3001.18 2570.38 1472.87 692.773 633.714 1328.76 2317.37 2456.74 2352.25 2663.55 2773.36 2028.82 1101.33 553.1 1130.8 1765.55 1816.86 1345.59 688.67 882.016 1101.21 615.055 332.424 329.819 313.742 355.363 750.377
-9999 -9999 -9999 -9999 -9999 -9999 -9999 -9999 -9999 -9999 -9999 -9999 -9999 -9999 -9999 -9999 -9999 -9999 -9999 -9999 -9999 -9999 -9999 -9999 -9999 -9999 -9999 2322.27 1832.72 1144.67 614.604 236.542 416.349 600.319 578.065 500.178 436.437 628.696 796.958 1259.42 1023.56 416.104 655.844 897.923 1286.8 1210.33 525.055 391.691 1167.07 2123.26 2942.8 2672.42 1600.48 794.008 632.202 1334.77 1956.49 1528.74 1393.57 1763.05 2453.79 2357.13 1665.74 1281.11 1457.57 1923.13 1900.15 1103.24 374.603 620.668 496.514 213.838 115.083 230.039 277.952 422.859 650.327
-9999 -9999 -9999 -9999 -9999 -9999 -9999 -9999 -9999 -9999 -9999 -9999 -9999 -9999 -9999 -9999 -9999 -9999 -9999 -9999 -9999 -9999 -9999 -9999 -9999 -9999 -9999 2274.74 1558.1 765.065 365.158 465.079 574.093 310.226 311.821 526.257 497.518 440.611 445.347 932.821 1062.24 985.525 1346.18 1624.37 1406.99 1008.91 637.627 676.011 1454.71 2380.66 3250.33 3114.02 2222.2 1687.64 1570.71 1902.71 1641.4 759.122 469.573 1034.69 2105.23 2652.46 2152.35 1258.09 721.472 1319.28 1906.53 1488.76 683.643 302.164 450.197 510.65 209.82 424.595 303.088 556.064 739.416
-9999 -9999 -9999 -9999 -9999 -9999 -9999 -9999 -9999 -9999 -9999 -9999 -9999 -9999 -9999 -9999 -9999 -9999 -9999 -9999 -9999 -9999 -9999 -9999 -9999 -9999 -9999 1935.35 1163.29 438.903 241.462 375.605 322.924 359.327 276.817 494.897 232.244 585.251 1022.79 732.282 561.47 1289.89 1809.36 1398.43 630.152 413.094 284.765 452.92 1352 2310.83 3260.25 3570.34 2975.92 2431.32 2093.46 1994.1 1683.27 971.341 608.204 1097.36 2150.63 2722.83 2151.22 1215.82 589.15 1027.52 1682.5 1847.52 1086.28 800.03 1102.56 823.102 318.411 462.543 359.214 598.217 423.928
-9999 -9999 -9999 -9999 -9999 -9999 -9999 -9999 -9999 -9999 -9999 -9999 -9999 -9999 -9999 -9999 -9999 -9999 -9999 -9999 -9999 -9999 -9999 -9999 -9999 -9999 -9999 1693.48 829.849 411.54 383.043 254.001 484.389 433.702 574.257 925.527 408.592 740.789 1304.62 876.388 722.818 1432.08 1950.57 1413.67 582.929 355.726 462.265 1010.92 1731.39 2597.96 3556.42 4017.71 3262.75 2384.17 1596.85 1154.85 1327.31 1271.45 1359.02 1776.1 2575.5 3104.4 2538.52 1691.11 851.828 573.177 1130.84 1885.84 1913.16 1717.04 1657.42 1026.17 350.201 459.219 725.823 681.823 283.102
-9999 -9999 -9999 -9999 -9999 -9999 -9999 -9999 -9999 -9999 -9999 -9999 -9999 -9999 -9999 -9999 -9999 -9999 -9999 -9999 -9999 -9999 -9999 -9999 -9999 -9999 -9999 1879.57 1136.83 969.61 1097.95 790.615 857.936 461.564 575.236 1211.35 963.941 1141.66 1619.39 1604.13 1587.34 1948.08 1821.72 1293.37 1066.71 753.342 762.329 1451.84 2364.91 3075.15 3925.03 4024.65 3018.41 2058.41 1112.03 410.66 618.909 733.238 1422.84 2268.53 3141.09 3545.76 2992.17 2084.01 1017.18 508.469 926.094 1840.23 2638.92 2365.96 1649.56 752.896 307.278 409.501 390.253 461.911 417.102
-9999 -9999 -9999 -9999 -9999 -9999 -9999 -9999 -9999 -9999 -9999 -9999 -9999 -9999 -9999 -9999 -9999 -9999 -9999 -9999 -9999 -9999 -9999 -9999 -9999 -9999 -9999 1769.77 1170.98 1153.92 1564.29 1389.06 1106 854.441 955.659 1529.46 1350.02 903.214 1034.71 1777.04 2481.3 2306.23 1415.52 558.653 600.838 561.682 521.197 1300.21 2339.93 3083.48 3612.58 3892.49 3294.79 2356.39 1481.75 844.228 381.526 455.707 1342.78 2302.13 3421.37 4024.89 3495.96 2570.4 1782.31 1465.33 1639.05 2288.86 2923.28 2255.7 1474.65 752.645 374.973 365.815 508.127 643.001 1098.1
-9999 -9999 -9999 -9999 -9999 -9999 -9999 -9999 -9999 -9999 -9999 -9999 -9999 -9999 -9999 -9999 -9999 -9999 -9999 -9999 -9999 -9999 -9999 -9999 -9999 -9999 1924.26 1517.5 662.738 578.064 1040.53 744.656 497.98 756.889 1096.92 1169.71 940.034 414.772 688.674 1579.35 2589.99 2487.38 1578.05 819.72 649.518 676.973 735.581 1383.94 1945.69 2268.05 2673.32 3149.91 3398.19 2818.38 2056.05 1199.33 459.901 844.533 1703.15 2651.01 3770.37 4396.49 3942.31 3241.61 2721.49 2425.33 2574.45 2952.83 2765.86 1837.23 967.426 499.995 832.243 1085.04 1112.01 706.479 764.725
-9999 -9999 -9999 -9999 -9999 -9999 -9999 -9999 -9999 -9999 -9999 -9999 -9999 -9999 -9999 -9999 -9999 -9999 -9999 -9999 -9999 -9999 -9999 -9999 -9999 -9999 2164.71 1766.94 909.268 424.825 553.987 523.982 349.386 311.009 544.675 435.419 840.393 933.404 1142.65 1859.13 2858.41 2818.99 1939.26 1168.11 695.766 329.085 391.629 847.028 1027.98 1317.49 1798.68 2319.12 2811.45 2954.86 2484.41 1722.84 1255.46 1550.1 2189.74 3059.21 4168.01 4839.86 4609.16 4148.02 3681.49 3385.33 3534.04 3645.57 2770.18 1810.38 883.881 364.57 991.739 1688.84 1446.56 653.746 681.432
-9999 -9999 -9999 -9999 -9999 -9999 -9999 -9999 -9999 -9999 -9999 -9999 -9999 -9999 -9999 -9999 -9999 -9999 -9999 -9999 -9999 -9999 -9999 -9999 -9999 -9999 2748.43 2353.23 1493.52 872.043 776.254 1095.52 673.451 602.772 653.686 629.816 1246.43 1747.29 2024.16 2465.28 2982.48 2679.54 1856.08 913.328 233.696 405.01 320.332 195.843 196.944 472.438 974.991 1420.32 1915.34 2384.68 2759.4 2550.99 2213.55 2468.26 2898.93 3532.08 4570.8 5347.95 5369.75 4976.88 4585.22 4345.02 4456.9 4178.63 3124.46 2192.31 1467.57 1123.54 1544.71 2121.15 1935.91 1380.91 1370.93
-9999 -9999 -9999 -9999 -9999 -9999 -9999 -9999 -9999 -9999 -9999 -9999 -9999 -9999 -9999 -9999 -9999 -9999 -9999 -9999 -9999 -9999 -9999 -9999 -9999 4521.93 3693.76 3075.29 2342.47 1918.04 1758.9 1704.56 1025.38 878.239 1232.38 1551.81 2126.3 2657.02 2924.84 2642.36 2146.36 1978.12 1883.92 1286.34 827.529 1053.77 856.656 309.77 35.6317 23.8603 153.337 551.189 928.364 1733.28 2684.8 3349.83 3330.34 3587.52 3985.17 4387.75 4960.95 5119.13 4781.74 4384.09 4265.47 4618.63 4906.82 4615.64 3635.07 2950.81 2501.74 2202.63 2414.95 2671.74 2709.77 2346.99 2037.27
-9999 -9999 -9999 -9999 -9999 -9999 -9999 -9999 -9999 -9999 -9999 -9999 -9999 -9999 -9999 -9999 -9999 -9999 -9999 -9999 -9999 -9999 -9999 -9999 -9999 4653.53 4375.44 3796.74 3270.74 2834.68 2340.96 1595.09 589.05 383.452 1114.66 1997.35 2857.55 3306.54 2985.02 2104.01 1249.92 1057.22 1483.74 1792.66 1607.51 1773.57 1533.4 993.268 292.394 80.0033 48.5286 139.795 687.936 1609.64 2568.76 3524.68 4217.48 4494.6 4769.49 5064.4 4822.52 4251.78 3822.18 3424.09 3308.11 3697.47 4113.57 4548.12 4180.55 3693.94 3104.03 2517.79 2149.49 2111.36 2485.45 2312.66 1430.39
-9999 -9999 37567 37545.3 36881 36760.8 -9999 -9999 -9999 -9999 -9999 -9999 -9999 -9999 -9999 -9999 -9999 -9999 -9999 -9999 -9999 -9999 18575.7 18595 18629.3 5334.4 5122.12 4699.28 4194.28 3531.88 2639.38 1688.55 748.684 665.951 1346.86 2238.91 3313.38 3590.19 2809.02 1849.8 786.116 460.413 1090.68 1548.12 1380.69 1634.09 1583.23 1388.8 926.482 583.488 294.152 375.9 1151.42 1975.91 2898.94 3858.06 4686.83 4654.37 4550.23 4671.42 4361.76 3511.56 2894.14 2464.42 2348.11 2755.93 3340.73 4168.65 4133.08 3547.99 2865.81 1990.52 1226.64 1185.7 1789.85 1983.25 1026.26
-9999 37412.3 37206.5 36995.8 36440.5 36127.7 -9999 -9999 -9999 -9999 -9999 -9999 -9999 -9999 -9999 23504.1 22857.7 21942.6 20997.9 20863.3 -9999 -9999 18167.2 18051.3 18240.9 6253.81 5998.66 5532.24 4880.26 3987.29 3033.77 2164.49 1529.88 1482.52 1969.78 2694.36 3679.32 3751.16 2874 2025.69 1133.71 754.751 901.85 908.565 538.616 944.698 803.332 1040.05 1623.67 1396.15 983.432 1007.25 1597.01 2318.48 3223.4 4103.99 4221.1 3853.8 3619.74 3723.23 3822.89 3019.68 2143.04 1526.61 1400.41 1970.49 2837.35 3616.68 3406.53 2811.5 2217.69 1551.15 596.102 530.178 1369.71 2003.98 1272.27
37493.9 37148.4 36597.7 35839.6 34938.6 34877.8 -9999 -9999 32152.9 -9999 -9999 -9999 -9999 25155.2 24520 23347.6 22543.8 21583.1 20603.1 19676.9 18780.4 16853.4 17033 16945.7 17090.9 7189.92 7049.39 6515.7 5410.95 4468.81 3642.18 3087.88 2638.85 2591.22 2961.34 3446.07 3991.79 3439.87 2480.51 1594.76 987.246 674.505 373.562 773.917 729.727 705.693 270.22 705.567 1756.92 2014.55 1270.72 645.871 1091.25 2004.03 2964.03 3596.93 3150.66 2733.91 2499.74 2603.23 2942.23 2546.23 1607.83 695.632 568.006 1467.34 2410.92 2746.81 2345.89 1983.22 1369.91 855.52 866.738 992.317 1626.15 2360.39 2110.61
37790.5 37121.7 36207.1 35246.8 34180.1 33493.1 32547.8 31370.5 31957.3 -9999 -9999 -9999 26000.7 25624.8 24490.8 23296.3 22142.9 21242.9 20194.5 19255.9 18392.7 16911.3 16431.6 16005.8 16199 8294.16 7604.36 6900.21 5826.46 5010.47 4451.02 4036.88 3598.85 3551.22 3920.9 4296.76 4072.57 3160.48 2200.48 1240.92 435.874 661.329 881.297 1303.9 1398.07 703.031 298.619 849.296 1903.31 2124.17 1313.39 656.851 1087.46 1984.2 2931.21 3261.34 2405.35 1802.17 1539.88 1643.23 2120.89 2260.13 1506.03 632.224 677.16 1546.73 2357.99 2155.46 1423 1209.43 960.984 418.831 960.008 1280.58 1668.3 2389.91 2517.56
37676.5 36769.8 35809.8 34849.8 33732.3 32837.5 32195.1 31050 31061.8 -9999 -9999 -9999 25702.3 25584 24231.1 22881.7 21702.3 20785.5 19804.5 18849.7 17729.3 16760.7 15836.1 15089.8 14990.6 8360.89 8122.73 7332.2 6357.47 5808.67 5394.53 4996.88 4558.85 4511.22 4880.9 5101.24 4294.45 3334.45 2374.45 1467.17 857.465 1169.96 1713.42 2137.03 1885.67 1087.03 742.902 1201.17 2204.73 2518.9 1944.97 1531.97 1797.29 2433.94 3192.98 2998.91 1936.93 1066.34 618.905 726.64 1512.59 2144.47 1821.62 1285.64 1411.28 2019.83 2433.19 1831.18 790.625 522.976 929.597 707.464 587.537 632.885 1103.07 1985.13 1900.96
37263.4 36372.1 35412.1 34452.1 33332.1 32374.7 31464 30470 29675.2 29167 26664.2 26466.6 25496.5 24519.2 23505.2 22452 21332.1 20372.1 19412.1 18452.1 17332.1 16372.1 15412.1 14469.7 13534.8 12356.7 9629.84 7797.12 7160.81 6752.17 6354.53 5956.88 5518.85 5471.22 5830.33 5704.27 4690.02 3730.02 2822.74 2182.58 1789.45 2018.33 2501.75 2962.78 2427.53 1855.71 1635.6 1925.53 2658.55 3127.28 2835.77 2489.41 2726.25 3154.94 3510.78 2987.91 1878.05 939.522 408.597 501.096 1371.68 1862.47 1479.98 1267.19 1766.36 2529.64 2699.86 1931.6 892.557 610.855 932.052 666.526 240.245 389.199 866.938 1655.92 1452.65
36674.5 35903.3 34948.2 33988.2 32868.2 31908.2 30948.2 29988.2 28871.7 27936.8 26908.6 26025.9 24991.6 23908.2 22948.2 21988.2 20868.2 19908.2 18948.2 17988.2 16868.2 15908.2 14948.2 13988.2 12873.3 12097.6 10129.1 8728.31 8269.82 7872.17 7474.53 7076.88 6638.85 6590.98 6800.09 6256.32 5158.33 4284.44 3683.82 3269.78 2909.41 3128.94 3527.03 3789.11 3353.79 2953.8 2754.97 3020.07 3509.33 3971.21 3943.42 3609.41 3842.92 4124.38 3810.61 2934.71 1816.85 958.732 671.332 977.415 1665.64 1528.4 688.794 490.103 1422.95 2382.43 2947.63 2443.76 1712.44 1211.93 639.894 236.806 226.129 254.172 607.412 1331.83 557.32
35911.2 35605.3 34666.5 33706.5 32586.5 31626.5 30666.5 29706.5 28586.5 27626.5 26666.5 25706.5 24586.5 23626.5 22666.5 21706.5 20586.5 19626.5 18666.5 17706.5 16586.5 15626.5 14666.5 13706.5 12586.5 11636 10613.1 9749.6 9229.82 8832.17 8434.53 8036.88 7598.85 7534.54 7457.61 6671.09 5642.09 5043.52 4627.42 4229.78 3869.41 4088.94 4486.59 4686.5 4311.44 3913.8 3714.97 3980.07 4444.32 4829.91 4871.86 4569.41 4771.29 4660.6 3822.22 2862.22 1743.83 830.273 268.442 586.846 1491.11 1257.16 408.561 511.793 1547.8 2507.8 3275.03 3144.67 2357.64 1452.88 667.26 501.922 403.018 767.553 1253.74 1470.3 -9999
