public/models/data/input/map/ntb/1000/mapdriver.asc
NCOLS 388
NROWS 274
XLLCORNER 370313.940441
YLLCORNER 9267024.452423
CELLSIZE 1000.000000
NODATA_VALUE       -9999
[rows 170 to 203 of 274, columns 231 to 307 of 388]
6827.55 7030.36 6113.76 5245.76 4371.28 3051.17 2159.21 1419.88 798.722 187.624 149.394 407.405 1210.78 2112.2 3384.67 4312.7 5140.25 5953.56 5740.86 5347.52 5107.28 4999.29 4774.31 4314.47 3937.77 4046.83 -9999 -9999 -9999 -9999 -9999 -9999 -9999 -9999 -9999 -9999 -9999 -9999 -9999 -9999 -9999 -9999 -9999 -9999 -9999 -9999 -9999 -9999 -9999 -9999 -9999 -9999 -9999 -9999 -9999 -9999 -9999 -9999 -9999 -9999 -9999 -9999 -9999 -9999 -9999 -9999 -9999 -9999 -9999 -9999 -9999 -9999 -9999 -9999 -9999 -9999 -9999
6797.71 6710.98 5752.5 4829.36 4532.98 2903.8 2026.66 1322.53 1080.9 795.677 604.024 428.717 1072.83 2424.68 3397.41 4291.58 5034.41 5173.26 4785.17 4387.52 4147.28 4070.26 3966.63 3423.44 2981.84 3798.83 -9999 -9999 -9999 -9999 -9999 -9999 -9999 -9999 -9999 -9999 -9999 -9999 -9999 -9999 -9999 -9999 -9999 -9999 -9999 -9999 -9999 -9999 -9999 -9999 -9999 -9999 -9999 -9999 -9999 -9999 -9999 -9999 -9999 -9999 -9999 -9999 -9999 -9999 -9999 -9999 -9999 -9999 -9999 -9999 -9999 -9999 -9999 -9999 -9999 -9999 -9999
6308.47 6386.66 5449.53 4537.89 4250.14 -9999 -9999 -9999 -9999 -9999 -9999 848.773 1440.47 2626.22 3569.75 4520.07 4797.85 4107.99 3666.27 3267.52 3027.28 2960.21 2981.49 2546.47 1924.84 1443.18 -9999 -9999 -9999 -9999 -9999 -9999 -9999 -9999 -9999 -9999 -9999 -9999 -9999 -9999 -9999 -9999 -9999 -9999 -9999 -9999 -9999 -9999 -9999 -9999 -9999 -9999 -9999 -9999 -9999 -9999 -9999 -9999 -9999 -9999 -9999 -9999 -9999 -9999 -9999 -9999 -9999 -9999 -9999 -9999 -9999 -9999 -9999 -9999 -9999 -9999 -9999
5660.06 5907.01 5257.41 4364.39 4081.9 -9999 -9999 -9999 -9999 -9999 -9999 -9999 -9999 3141.15 3979.66 4764.98 4507.83 3465.2 2768.36 2308.99 2067.28 2000.21 2045.94 1749.24 1199.23 517.046 399.891 -9999 -9999 -9999 -9999 -9999 -9999 -9999 -9999 -9999 -9999 -9999 -9999 -9999 -9999 -9999 -9999 -9999 -9999 -9999 -9999 -9999 -9999 -9999 -9999 -9999 -9999 -9999 -9999 -9999 -9999 -9999 -9999 -9999 -9999 -9999 -9999 -9999 -9999 -9999 -9999 -9999 -9999 -9999 -9999 -9999 -9999 -9999 -9999 -9999 -9999
4784.6 5175.31 5074.21 4291.57 3989.81 -9999 -9999 -9999 -9999 -9999 -9999 -9999 -9999 3981.12 4492.5 4801.86 4149.42 3033.94 2116.56 1410.71 1108.38 1040.24 1087.07 849.714 477.439 367.53 669.652 -9999 -9999 -9999 -9999 -9999 -9999 -9999 -9999 -9999 -9999 -9999 -9999 -9999 -9999 -9999 -9999 -9999 -9999 -9999 -9999 -9999 -9999 -9999 -9999 -9999 -9999 -9999 -9999 -9999 -9999 -9999 -9999 -9999 -9999 -9999 -9999 -9999 -9999 -9999 -9999 -9999 -9999 -9999 -9999 -9999 -9999 -9999 -9999 -9999 -9999
3846.32 4250.74 4555.94 4404.57 3950.97 -9999 -9999 -9999 -9999 -9999 -9999 -9999 5012.59 4882.74 5212.58 4733.74 3821.84 2701.84 1742.57 820.573 329.42 285.6 297.893 294.87 455.217 923.318 1292.69 -9999 -9999 -9999 -9999 -9999 -9999 -9999 -9999 -9999 -9999 -9999 -9999 -9999 -9999 -9999 -9999 -9999 -9999 -9999 -9999 -9999 -9999 -9999 -9999 -9999 -9999 -9999 -9999 -9999 -9999 -9999 -9999 -9999 -9999 -9999 -9999 -9999 -9999 -9999 -9999 -9999 -9999 -9999 -9999 -9999 -9999 -9999 -9999 -9999 -9999
2727.73 3133.67 3621.39 3949 3797.06 -9999 -9999 -9999 -9999 3920.52 4230.87 4628.12 5397.13 6011.1 5886.92 5037.42 4086.93 2967.3 2030.44 1270.56 944.602 967.279 926.569 1095.67 1424.85 1922.05 2427.62 2735.44 -9999 -9999 -9999 -9999 -9999 -9999 -9999 -9999 -9999 -9999 -9999 -9999 -9999 -9999 -9999 -9999 -9999 -9999 -9999 -9999 -9999 -9999 -9999 -9999 -9999 -9999 -9999 -9999 -9999 -9999 -9999 -9999 -9999 -9999 -9999 -9999 -9999 -9999 -9999 -9999 -9999 -9999 -9999 -9999 -9999 -9999 -9999 -9999 -9999
1767.73 2243.25 2901.29 3251.42 -9999 -9999 -9999 -9999 -9999 3968.42 4172.85 4928.62 5855.63 6733.65 6394.26 5444.58 4484.58 3388.08 2637.21 2149.72 1903.14 1927.28 1886.57 2054.23 2381.28 2844.89 3261.93 3459.16 -9999 -9999 -9999 -9999 -9999 -9999 -9999 -9999 -9999 -9999 -9999 -9999 -9999 -9999 -9999 -9999 -9999 -9999 -9999 -9999 -9999 -9999 -9999 -9999 -9999 -9999 -9999 -9999 -9999 -9999 -9999 8487.35 8052.88 -9999 5426.63 5096.27 4876.02 -9999 -9999 -9999 -9999 -9999 -9999 -9999 -9999 -9999 -9999 -9999 -9999
845.906 1611.71 2540.23 3012.44 -9999 -9999 -9999 -9999 -9999 4040.27 4796.78 5493.18 6214.57 7225.3 6802.22 5842.22 4886.62 3985.85 3507.36 3107.52 2863.14 2887.28 2846.57 3014.23 3341.28 3797.27 4211.61 4783.01 5636.75 -9999 -9999 -9999 -9999 -9999 -9999 -9999 -9999 -9999 -9999 -9999 -9999 -9999 -9999 -9999 -9999 -9999 -9999 -9999 -9999 -9999 -9999 -9999 -9999 -9999 -9999 -9999 -9999 -9999 -9999 8454.61 7925.26 6735.33 5681.85 4931.66 4205.03 -9999 -9999 -9999 -9999 -9999 -9999 -9999 -9999 -9999 -9999 -9999 -9999
555.062 1487.51 2437.58 3314.65 3654.96 -9999 -9999 -9999 -9999 5917.56 5968.46 6214.47 6743.06 7607.79 7199.87 6244.26 5438.62 4864.28 4465.17 4067.52 3823.14 3847.28 3806.57 3974.23 4301.28 4756.88 5154.92 5570.12 6065.83 -9999 -9999 -9999 -9999 -9999 -9999 -9999 -9999 -9999 -9999 -9999 -9999 -9999 -9999 -9999 -9999 -9999 -9999 -9999 -9999 -9999 -9999 -9999 -9999 -9999 -9999 -9999 -9999 7173.42 7399.8 7980 7563.21 6467.59 5502.51 4548.91 3644.85 2307.17 1676.04 -9999 -9999 -9999 -9999 -9999 -9999 -9999 -9999 -9999 -9999
1375.18 2032.12 2866.24 3812.25 4642.04 5742.34 -9999 -9999 -9999 7830.51 7269.43 7297.83 7694.67 8153.27 7687.29 6927.41 6448.2 5982.81 5585.17 5187.52 4943.14 4967.28 4926.57 5094.23 5421.28 5876.88 6274.53 6672.17 7062.46 7808.86 7933.71 7017.89 6911.9 -9999 -9999 -9999 -9999 -9999 -9999 -9999 -9999 -9999 -9999 -9999 -9999 -9999 -9999 -9999 -9999 -9999 -9999 -9999 -9999 -9999 -9999 -9999 -9999 6077.04 6716.89 7304.51 7166.32 6164.56 5204.56 4244.56 3284.56 2164.56 1208.28 433.484 489.682 261.669 375.461 408.532 2212.24 2774.06 3607.42 3445.99 3301.65
2297.11 2815.36 3407.97 4227.96 5171.14 5841.63 -9999 -9999 -9999 8040.12 8048.74 8258.06 8654.08 8849.78 8294.06 7806.57 7406.73 6942.81 6545.17 6147.52 5903.14 5927.28 5886.57 6054.23 6381.28 6836.88 7234.53 7602.17 7683.12 7441.93 7081.76 6696.4 6028.17 -9999 -9999 -9999 -9999 -9999 -9999 -9999 -9999 -9999 -9999 -9999 -9999 -9999 -9999 -9999 -9999 -9999 -9999 -9999 -9999 -9999 -9999 3263.96 3949.46 5403.54 5985.1 6477.2 6792.18 6388.63 5490.37 4530.37 3570.37 2452.3 1537.68 855.935 810.482 465.463 351.981 831.906 1819.91 2925.4 3558.3 3272.01 2398.42
3186.16 3725.56 4176.38 4765.61 5580.83 6133.65 -9999 -9999 -9999 8759.8 8855.38 9216.44 9613.69 9615.4 9164.22 8764.38 8366.73 7902.81 7505.17 7107.52 6863.14 6887.28 6846.57 7014.23 7341.28 7796.88 8164.52 8174.72 7529.16 6624.57 6133.49 5734.38 5316.54 -9999 -9999 -9999 -9999 -9999 -9999 -9999 -9999 -9999 -9999 -9999 -9999 -9999 -9999 -9999 -9999 -9999 -9999 -9999 -9999 1779.7 1956.94 2827.8 3724.69 4701.97 5134.16 5520.9 5918.55 6213.85 5818.63 4928.01 3968.01 2888.32 2168.64 1709.36 1387.06 646.3 336.058 999.827 1956.48 3034.03 3332.36 2702.62 1904.05
3760.31 4637.57 5083.2 5530.65 6097.6 7121.12 7816.53 -9999 9475.82 9256.69 9781.05 10176.4 10572.9 10520.9 10122 9724.37 9326.73 8862.81 8465.17 8067.52 7823.14 7847.28 7806.57 7974.23 8301.28 8736.88 8766.78 8085.65 7146.73 6044.45 5266.93 4775.7 4377.28 3899.32 -9999 -9999 -9999 -9999 -9999 -9999 -9999 -9999 -9999 -9999 -9999 -9999 -9999 -9999 -9999 -9999 -9999 -9999 -9999 738.206 1535.77 2356.63 3276.4 3916.91 4181.9 4560.9 4958.55 5429.84 5720.73 5291.23 4381.12 3500.32 2934.54 2218.21 1370.09 408.793 497.385 1353.34 2301.12 3260.28 2991.41 2120.99 1343.49
4232.62 5338.51 6106.84 6590.99 7022.58 7710.29 8673.2 9566.65 10028 10692.9 10984.2 11296.4 11692.8 11639.7 11242 10844.4 10446.7 9982.81 9585.16 9187.52 8943.14 8967.28 8926.57 9094.23 9401.27 9394.16 8602.81 7642.81 6682.81 5562.81 4608.67 3793.21 3265.82 2888.37 -9999 -9999 -9999 -9999 -9999 -9999 -9999 -9999 -9999 -9999 -9999 -9999 -9999 -9999 -9999 -9999 -9999 583.812 436.45 359.605 1039.59 1935.12 2515.7 2809.47 3061.9 3441.01 3853.14 4452.06 5075.99 5371.87 4853.83 3898.24 2952.99 1992.99 1032.99 256.752 803.421 1747.9 2705.91 3321.32 2533.85 1576.62 681.16
4631.29 5750.26 6689.1 7451.99 7949.12 8481 9121.58 9919.27 10765 11450.5 11859 12256.4 12652.8 12599.7 12202 11804.4 11406.7 10942.8 10545.2 10147.5 9903.14 9927.28 9886.57 10022 9992.78 9165.17 8205.17 7245.17 6285.17 5165.17 4205.17 3251.76 2435.57 1829.47 882.843 -9999 -9999 -9999 -9999 -9999 -9999 -9999 -9999 -9999 -9999 -9999 -9999 -9999 -9999 -9999 -9999 208.739 126.504 318.775 886.839 1460.86 1641.34 1849.47 2102.05 2502.34 3000.63 3724.81 4294.76 4757.12 4784.37 3808.55 2848.55 1888.55 937.278 260.882 910.076 1858.73 2818.73 3187.63 2273.38 1314.25 463.798
5058.88 6147.91 7107.91 8046.74 8822.13 9382.41 9833.44 10422.7 11238.1 12235 12806.7 13216.4 13612.8 13559.7 13162 12764.4 12366.7 11902.8 11505.2 11107.5 10863.1 10887.3 10805.9 10568.9 9869.01 8767.52 7807.52 6847.52 5887.52 4767.52 3807.52 2847.52 1893.38 964.134 582.42 -9999 -9999 -9999 -9999 -9999 -9999 -9999 -9999 -9999 -9999 -9999 -9999 -9999 -9999 -9999 -9999 191.583 128.869 218.999 343.124 646.471 693.413 914.854 1163.33 1645.17 2273.65 2938.56 3415.76 4098.55 4770.73 4116.64 3156.64 2205.86 1288.56 466.29 893.212 1834.41 2794.41 3327.6 2474.68 1585.41 1000.52
5616.31 6553.76 7505.56 8465.55 9411.44 10294.4 10740 11187.5 11761.9 12737.7 13592.7 14165.7 14572.8 14519.6 14122 13724.4 13326.7 12862.8 12465.2 12067.5 11823.1 11835.7 11516.7 10734.3 9788.11 8668.11 7708.11 6748.11 5788.11 4668.11 3708.11 2748.11 1788.11 787.486 696.463 1050.16 -9999 -9999 6600.61 6600.61 -9999 -9999 -9999 -9999 -9999 -9999 -9999 -9999 -9999 1339.95 1191.49 570.749 289.268 621.902 305.961 198.191 237.331 221.639 379.248 932.144 1502.93 2043.23 2731.66 3640.87 4575.84 4509.23 3562.48 2645.67 1766.17 1159.95 1399.45 2156.47 3100.07 3634.85 2825.65 2171.01 1796.51
6305.89 7197.19 7979.23 8862.58 9750.61 10836.2 11627.8 12181.3 12673.9 13345.8 14179.7 15057.3 15667.7 15639.6 15242 14844.4 14446.7 13982.8 13585.2 13187.5 12943.1 12838.6 12110.8 11154 10194 9074.04 8114.04 7154.04 6194.04 5074.04 4114.04 3157.89 2272.21 1644.62 1633.99 2158.81 2843.53 5582.29 5867.27 5965.38 -9999 -9999 -9999 -9999 -9999 1945.33 1382.66 625.721 432.744 334.969 1037.36 1298.28 1212.82 1344.63 760.027 298.843 337.949 559.695 444.746 316.011 536.191 1295.6 2235.1 3195.1 4155.1 4798.19 4080.29 3242.58 2664.92 2263.26 2428.94 2879.31 3569.53 3437.98 2487.35 1671.89 1208.39
6780.98 7465.44 8040.14 8649.27 9446.32 10549.1 11508.3 12431.8 13229.9 14014.9 14701.8 15540.4 16413.9 16571.9 16174.8 15777.2 15379.6 14915.6 14518 14120.4 13853 13433.6 12511.7 11551.7 10591.7 9471.68 8511.69 7551.69 6591.69 5471.69 4516.81 3652.92 3055.3 2604.03 2583.32 2973.64 3527.26 4755.22 4998.24 4984.91 -9999 -9999 -9999 -9999 -9999 1683.58 1246.89 524.055 675.566 306.116 675.842 1489.97 2010.82 2042.8 1489.26 1003.99 477.797 630.688 964.282 703.099 540.504 1225.14 2160.54 3120.54 4080.54 4986.15 4612.73 4028.72 3612.62 3223.26 3388.94 3782.08 3939.21 3135.48 2175.48 1222.07 481.673
6363.25 6834.84 7329.87 8095.79 9031.56 10151.5 11111.5 12071.5 13031.5 14123.5 14992.6 15857.2 16713.1 16769 16371.9 15974.3 15576.6 15112.7 14715.1 14317.4 13958.1 13437.9 12798.6 11948.7 10989.3 9869.33 8909.33 7949.33 6989.33 5873.18 5010.56 4418.84 3996.96 3564.03 3543.32 3922.33 4330.22 4638.8 4141.55 3130.18 2123.93 -9999 -9999 -9999 842.755 892.477 782.163 352.908 797.309 744.458 782.139 1553.55 2476.11 2829.84 2358.41 1785.66 1263.84 1233.99 1670.87 1642.9 1425.67 1819.68 2548.58 3480.9 4440.9 5238.97 4980.65 4564.55 4171.25 4003.61 4250.78 4604.72 4305.45 3245.18 2285.18 1336.72 603.756
5407.08 5949.16 6732.26 7673.91 8633.84 9753.83 10713.8 11673.8 12633.8 13753.8 14713.7 15669.2 16262.4 15968.1 15570.4 15172.8 14775.1 14311.2 13913.6 13515.9 13118.3 12672 12499.8 12228.2 11386.5 10267 9306.97 8346.98 7386.98 6345.14 5770.59 5354.6 4956.88 4524.03 4503.32 4882.33 5145.63 4521.45 3594.57 2603.26 1721.58 532.188 120.111 16.0948 315.37 257.12 312.01 330.44 945.995 1516.03 1573.79 2065.68 2873.96 3549.37 3139.38 2621.48 2202.05 2164.7 2538.32 2580.63 2385.67 2711.43 3177.32 3903.15 4817.5 4842.44 4374.88 3976.79 3587.22 3676.04 4054.46 4447.74 4551.72 3624.34 2674.59 1877.22 1384.01
4365.24 5290.51 6249.92 7209.92 8169.92 9289.92 10249.9 11209.9 12169.9 13289.9 14249.9 15126.2 15274.6 14848.1 14450.4 14052.8 13655.1 13191.2 12793.6 12395.9 11998.3 11555.1 11480.5 11804.7 11675 10730.5 9770.89 8814.74 7929.06 7270.41 6872.17 6474.53 6076.88 5644.03 5618.42 5860.28 5442.94 4367.1 3407.1 2447.1 1487.1 451.423 140.547 105.913 256.764 518.357 168.313 407.771 1042.96 1978.92 2546.43 2931.55 3146.75 3115.58 3351.85 3426.13 3269.91 3283.97 3652.14 3696.65 3505.67 3828.36 4224.1 4628.84 5007.59 4243.68 3409.25 2869.81 2468.15 2584.82 3013.52 3642.69 4438.28 3914.07 2974.27 2058.86 1204.01
3790.69 4892.28 5852.27 6812.28 7772.27 8892.27 9852.27 10812.3 11772.3 12892.3 13852.3 14560.3 14376.9 13888.1 13490.4 13092.8 12695.1 12231.2 11833.6 11435.9 11038.3 10595.1 10520.5 10880.9 11242.4 11009.8 10173 9309.77 8712.15 8229.82 7832.17 7434.53 7036.88 6604.01 6494.71 6208.02 5346.78 4227.16 3267.16 2307.16 1347.16 441.962 491.599 291.876 202.118 828.735 454.218 222.608 691.784 1725.8 2628.66 2861.96 2456.54 2158.41 2484.87 3016.78 3674.24 4180.01 4607.12 4656.65 4465.67 4749.92 4941.26 4926.46 4662.63 3824.5 2888.59 2063.14 1520.45 1655.87 2292.52 3181.78 4101.58 3861.24 2903.97 1943.97 1019.56
3374.7 4494.63 5454.63 6414.63 7374.63 8494.63 9454.63 10414.6 11374.6 12494.6 13454.6 14098.7 13650.4 12936.9 12530.4 12132.8 11735.1 11271.2 10873.6 10475.9 10078.3 9635.09 9560.54 9920.9 10318.5 10682.2 10514.5 10066 9653.81 9189.82 8792.17 8394.53 7996.88 7556.59 7227.02 6511.71 5553.8 4433.8 3473.8 2513.8 1606.52 971.784 876.663 333.753 332.611 1154.26 945.772 352.489 477.971 1474.34 2347.66 2347.44 1613.13 1207.15 1659.64 2470.84 3415.77 4467.73 5208.62 5390.81 5131.28 4975.24 4705.39 4224.15 3779.07 3225.75 2477.85 1549.59 723.212 932.991 1829.6 2788.72 3747.82 4116.29 3239.48 2319.02 1620.87
3026.69 4146.69 5106.69 6066.69 7026.69 8146.69 9106.69 10066.7 11026.7 12146.7 13106.7 13723.4 13190.3 12163.7 11579.2 11172.8 10775.2 10311.2 9913.59 9515.95 9118.3 8675.09 8600.54 8960.9 9358.54 9819.56 10169.1 10413.8 10386 9792.43 9253.23 8759.96 8343.38 7888.26 7461.88 6811.03 5943.54 4831.44 3871.44 2951.59 2204.92 1415.18 773.543 217.789 316.973 1211.1 1221.32 741.374 716.994 1532.1 2151.83 1879.53 1102.3 448.033 1122.09 2070.9 3030.83 4140.29 4901.31 5003.91 4650.78 4204.88 3934.05 3489.67 2852.81 2363.97 1978.28 1301.35 410.063 711.615 1670.81 2630.81 3590.81 4214.1 3524.07 2826.84 2373.04
3266.97 4386.93 5346.93 6306.93 7266.93 8386.93 9346.93 10306.9 11266.9 12386.9 13307.9 13513.5 12729.6 11610.2 10713.8 10084.6 9655.89 9191.24 8793.59 8395.95 7998.3 7555.1 7480.54 7840.9 8238.55 8702.47 9100.11 9497.75 9847.4 9316.33 8639.56 7918.66 7401.59 6933.4 6535.07 6132.47 5675.94 4876.89 3954.1 2997.92 2040.06 990.495 306.761 387.482 776.016 1294.28 802.986 441 1109.12 1705.94 1651.28 1049.89 582.362 331.526 1086.87 2037.65 2874.44 3521.86 3922.02 3944.71 3548.46 3085.13 2894.98 2715.53 2027.57 1289.24 1011.17 675.883 284.114 996.462 1954.56 2914.56 3829.99 3655.2 2981.36 2291.01 1755.19
3657.84 4784.58 5744.58 6704.58 7664.58 8784.58 9744.57 10704.6 11664.6 12783.9 13530.6 13260.9 12332 11212 10252.8 9363.58 8726.94 8231.24 7833.6 7435.95 7038.31 6595.1 6520.54 6880.9 7278.55 7742.47 8140.11 8543.25 9043.34 8897.98 8064.6 7202.65 6569.54 5978.08 5575.9 5177.45 4774.83 4219.03 3526.46 2640.75 1686.45 619.454 283.181 836.595 1550.29 1559.2 702.765 347.261 875.6 948.691 877.526 470.561 359.459 815.111 1521.94 2244.25 2433.8 2582.74 3004.35 3221.82 2716.73 2126.3 1970.5 1953.97 1414.75 615.749 347.246 312.205 638.582 1434.37 2333.22 3290.16 3930.92 3186.17 2319.16 1619.58 947.533
4235.47 5147.08 6154.22 7104.32 8062.22 9182.22 10142.2 11102.2 12062.2 13161.3 13579.7 12893.8 11934.3 10814.3 9854.32 8895.2 7998.47 7280.03 6873.6 6475.95 6078.31 5635.1 5560.54 5920.9 6318.55 6782.47 7185.61 7696.49 8474.46 8474.54 7544.14 6584.08 5844.01 5123.03 4620.73 4218.25 3819.78 3346.29 2875.28 2267.94 1466.29 458.474 271.967 831.75 1586.87 1578.19 814.781 287.889 348.123 330.962 334.752 358.856 851.412 1621.41 2034.48 1960.34 1551.47 1641.09 2223.49 2675.79 2160.45 1259.88 1044.41 1262.05 793.888 259.778 202.934 471.719 1265.4 2088.97 2798.23 3659.18 3791.9 2797.11 1842.23 974.274 461.812
4559.8 5256.21 6907.94 7598.4 8469.78 9579.87 10539.9 11499.9 12459.9 13476.8 13413.6 12496.7 11536.7 10416.7 9456.68 8496.68 7537.27 6506.89 5922.38 5515.95 5118.31 4675.1 4600.54 4960.9 5358.55 5826.13 6328.7 7116.81 8058.36 8061 7100.79 6141.38 5214.31 4371.46 3765.38 3262.79 2860.47 2400.95 2039.87 1574.6 1022.99 285.291 250.959 418.793 965.379 977.44 606.868 316.069 591.064 787.969 867.814 999.316 1477.51 2236.17 2165.36 1402.66 692.617 866.278 1645.35 1989.03 1760.74 803.758 433.005 655.537 282.773 124.352 226.698 779.741 1665.09 2720.38 3445.3 4047.17 3793.54 2720.84 1760.97 815.829 234.291
-9999 -9999 -9999 -9999 9097.54 10196.4 11012.1 11963.8 12923.8 13743.4 13131.6 12152.5 11188.1 10069.4 9164.55 8128.08 7161.41 5973.87 5045.45 4427.73 3999.04 3555.1 3480.54 3840.9 4242.21 4843.35 5677.26 6634.18 7594.18 7597.13 6637.13 5677.13 4717.13 3630.39 2902.45 2270.33 1754.04 1288.35 982.494 668.714 303.027 454.243 732.298 321.777 222.502 271.999 336.378 746.232 1443.64 1880.13 1979.1 2103.05 2442.28 2536.16 1814.21 874.757 239.671 857.276 1150.44 938.731 1062.73 537.426 229.76 267.118 296.393 680.641 823.18 1437.78 2193.99 3237.65 4131.17 4347.18 3603.04 2485.13 1549.21 789.89 397.725
-9999 -9999 -9999 -9999 -9999 10694 11560.2 12361.5 13265 14060.3 13533.3 12242.3 11260.3 10146.4 9666.17 -9999 -9999 4954.67 4502.31 3697.88 3070.08 2595.1 2520.54 2886.4 3387.14 4319.61 5276.54 6236.54 7196.54 7199.48 6239.48 5279.48 4319.48 3199.92 2287.54 1549.21 922.728 483.297 351.876 338.384 634.763 1197.32 1282.63 610.472 245.258 754.635 1084.91 1472.44 2094.01 2783.51 2937.38 3033.35 3035.41 2231.22 1375.47 566.176 326.872 1022.94 736.875 287.978 543.612 335.466 156.128 493.261 760.44 1079.28 1538.37 2112.53 2792.5 3624.62 4264.57 4260.82 3454.94 2338.08 1385.4 560.014 379.417
-9999 -9999 -9999 -9999 -9999 11806.5 11934.6 12560.5 13379.2 14212 14122.5 -9999 -9999 -9999 -9999 -9999 -9999 -9999 3498.88 3150.91 2341.62 1643.88 1566.03 2039.64 2817.6 3918.89 4878.89 5838.89 6798.89 6860.3 5903.97 4943.97 3983.97 2863.97 1904.56 995.326 378.813 242.541 455.967 734.268 1218.57 1826.36 1755.58 900.946 295.935 732.681 1513.3 2205.44 2805.79 3523.07 3850.18 3664.28 2994.16 1895.45 955.776 292.518 553.2 889.82 370.825 176.095 317.623 340.395 290.693 840.516 605.737 739.035 1641.79 2415.71 2973.77 3445.75 3668.2 3937.42 3673.56 2663.55 1775.99 994.573 357.769
-9999 -9999 -9999 -9999 -9999 -9999 -9999 -9999 -9999 -9999 -9999 -9999 -9999 -9999 -9999 -9999 -9999 -9999 3090.32 2738.77 1880.64 877.992 718.719 1459.96 2401.51 3521.25 4481.25 5441.25 6401.25 6880.45 6028.23 5068.23 4108.23 2988.23 2031.16 1189.56 726.246 419.545 287.397 432.31 877.901 1578.14 1774.99 1269.61 418.547 504.543 1446.47 2391.8 3284.72 4171.76 4446.17 3783.71 2843.74 1723.74 772.239 317.498 884.107 1029.76 379.092 194.428 206.101 352.042 231.637 630.077 337.103 652.565 1474.66 1894.26 2253.96 2574.06 2714 3101.35 3480.9 3107.95 2294.45 1423.09 513.26
