public/models/data/input/map/ntb/1000/mapdroad.asc
NCOLS 388
NROWS 274
XLLCORNER 370313.940441
YLLCORNER 9267024.452423
CELLSIZE 1000.000000
NODATA_VALUE       -9999
[rows 204 to 237 of 274, columns 154 to 230 of 388]
350.272 930.818 471.795 310.703 457.939 431.501 564.877 219.209 166.061 420.07 691.749 357.965 154.768 143.398 88.2565 186.561 255.455 235.289 119.622 145.371 152.26 58.8911 58.5064 158.97 153.423 130.384 218.609 159.669 345.493 379.565 168.264 252.329 130.015 177.991 537.497 821.388 754.877 301.403 164.084 229.566 158.76 350.406 893.533 1723.7 2275.29 2093.19 -9999 -9999 -9999 -9999 -9999 -9999 -9999 -9999 -9999 -9999 -9999 -9999 -9999 -9999 -9999 -9999 -9999 -9999 -9999 -9999 -9999 -9999 -9999 -9999 -9999 -9999 -9999 -9999 -9999 -9999 -9999
659.447 1247.83 881.803 843.039 1173.84 1259.29 1177.62 842.309 638.898 1014.39 1418.24 877.962 315.318 213.918 130.839 117.129 180.341 182.015 167.727 213.765 195.766 104.922 42.337 167.573 213.827 266.707 498.891 320.762 307.743 609.548 178.542 208.111 172.753 138.72 177.867 289.701 362.725 233.678 211.577 718.272 268.372 706.208 1526.77 2112.92 2572.66 2690.69 -9999 -9999 -9999 -9999 -9999 -9999 -9999 -9999 -9999 -9999 -9999 -9999 -9999 -9999 -9999 -9999 -9999 -9999 -9999 -9999 -9999 -9999 -9999 -9999 -9999 -9999 -9999 -9999 -9999 -9999 -9999
1470.62 1898.14 1736.21 1760.94 2111.71 2215.98 2087.85 1772.18 1551.6 1781.89 1992.12 1217.23 406.344 165.94 172.107 137.14 127.479 223.289 452.385 337.287 168.784 155.243 54.2805 129.155 322.265 376.632 298.226 166.011 206.287 406.145 169.412 150.495 178.11 223.048 504.161 602.611 506.742 242.007 292.517 491.038 227.182 606.622 1487.33 1832.05 1957.76 2047.82 -9999 -9999 -9999 -9999 -9999 -9999 -9999 -9999 -9999 -9999 -9999 -9999 -9999 -9999 -9999 -9999 -9999 -9999 -9999 -9999 -9999 -9999 -9999 -9999 -9999 -9999 -9999 -9999 -9999 -9999 -9999
2366.79 2800.63 2695.04 2720.48 3071.25 3175.98 3046.84 2729.5 2511.16 2718.58 2480.45 1561.57 667.661 295.124 429.564 133.426 100.783 324.95 577.656 264.043 135.556 242.793 104.211 214.68 240.343 291.19 255.821 128.896 151.62 169.397 141.885 202.223 156.294 413.785 985.145 735.068 322.877 179.665 179.178 285.884 239.236 311.785 903.028 940.85 964.574 1247.69 -9999 -9999 -9999 -9999 -9999 -9999 -9999 -9999 -9999 -9999 -9999 -9999 -9999 -9999 -9999 -9999 -9999 -9999 -9999 -9999 -9999 -9999 -9999 -9999 -9999 -9999 -9999 -9999 -9999 -9999 -9999
3177.94 3217.41 3338.6 3563.01 3972.27 4230.37 4162.57 3830.25 3591.66 3601.49 2853.19 1993.74 1270.31 993.284 473.586 109.034 126.415 140.99 204.285 155.73 149.177 77.6015 110.392 142.591 257.682 297.468 107.808 198.838 252.304 114.198 149.618 261.017 178.209 216.191 375.816 280.942 251.323 125.736 224.048 790.774 943.805 477.602 236.3 171.397 427.054 1033.86 -9999 -9999 -9999 -9999 -9999 -9999 -9999 -9999 -9999 -9999 -9999 -9999 -9999 -9999 -9999 -9999 -9999 -9999 -9999 -9999 -9999 -9999 -9999 -9999 -9999 -9999 -9999 -9999 -9999 -9999 -9999
2716.22 2354.26 2566.98 3019.39 3702.17 4542.78 4817.95 4264.74 3855.49 3434.86 2552.54 1795.99 1247.44 916.848 362.471 157.47 265.67 184.052 110.749 144.209 134.883 90.4226 150.458 114.794 215.564 182.103 131.439 170.434 122.636 116.444 184.426 128.85 115.569 161.859 187.045 645.23 620.578 196.77 526.487 1338.79 1514.62 941.677 203.76 194.013 458.099 656.625 -9999 -9999 -9999 -9999 -9999 -9999 -9999 -9999 -9999 -9999 -9999 -9999 -9999 -9999 -9999 -9999 -9999 -9999 -9999 -9999 -9999 -9999 -9999 -9999 -9999 -9999 -9999 -9999 -9999 -9999 -9999
1859.16 1398.77 1651.35 2344.53 3256.64 4215.92 4610.55 3813.24 3107.76 2628.39 1984.58 1212.4 534.23 311.503 272.598 225.334 161.705 109.084 110.463 203.61 187.108 140.746 181.446 114.575 173.538 115.821 108.081 130.421 110.089 172.258 395.956 169.625 182.05 134.034 191.629 679.655 646.222 197.26 833.3 1522.72 1371 674.038 253.759 284.854 560.403 1298.73 -9999 -9999 -9999 -9999 -9999 -9999 -9999 -9999 -9999 -9999 -9999 -9999 -9999 -9999 -9999 -9999 -9999 -9999 -9999 -9999 -9999 -9999 -9999 -9999 -9999 -9999 -9999 -9999 -9999 -9999 -9999
1264.07 536.871 988.511 1915.41 2874.97 3788.69 3880.56 3324.02 2446.96 1732.11 1212.97 692.38 230.124 127.358 233.6 216.36 151.208 104.594 104.631 229.873 156.325 102.965 57.5286 24.8382 59.4728 76.3461 169.942 232.683 244.992 184.922 502.614 176.641 295.209 184.535 162.837 538.937 818.601 293.641 608.094 1002.48 824.32 299.764 605.469 418.556 545.936 1149.9 -9999 -9999 -9999 -9999 -9999 -9999 -9999 -9999 -9999 -9999 -9999 -9999 -9999 -9999 -9999 -9999 -9999 -9999 -9999 -9999 -9999 -9999 -9999 -9999 -9999 -9999 -9999 -9999 -9999 -9999 -9999
1107.54 314.305 683.781 1643.57 2578.57 3093.95 2805.59 2535.33 1898.39 1044.74 344.378 148.357 125.626 159.07 180.862 121.746 168.057 197.588 214.365 264.288 185.123 142.073 67.2857 27.3064 68.9411 126.975 256.712 544.843 391.694 152.942 156.398 141.669 284.139 233.648 290.576 308.153 490 340.603 132.729 196.342 175.178 346.446 1022.08 713.117 336.818 885.278 -9999 341.421 274.853 659.232 -9999 1515.69 1479.5 1612.74 2300.06 2351.05 2386.93 2251.57 -9999 -9999 -9999 -9999 -9999 -9999 -9999 -9999 -9999 -9999 -9999 -9999 -9999 -9999 -9999 -9999 -9999 -9999 -9999
773.995 307.03 704.316 1656.42 2382.77 2287.4 1857.93 1702.78 1283.75 770.568 312.139 170.727 150.279 261.075 202.765 104.583 154.063 100.809 254.848 606.331 762.14 335.417 171.751 158.747 140.145 103.238 170.872 317.516 429.777 190.543 109.482 219.491 290.548 265.159 236.894 223.173 325.737 326.476 200.324 218.986 122.155 249.785 869.443 517.259 270.763 264.369 94.9091 197.755 318.32 665.744 210.065 932.199 1247.14 1382.67 1264.39 1535.51 1921.2 2038.71 -9999 -9999 -9999 -9999 -9999 -9999 -9999 -9999 -9999 -9999 -9999 -9999 -9999 -9999 -9999 -9999 -9999 -9999 -9999
303.462 210.343 538.527 1405.16 1823.53 1522.49 916.567 810.707 546.171 260.379 180.598 178.875 193.582 149.866 131.839 107.471 103.819 123.298 565.445 1239.62 1440.13 905.228 393.572 254.809 202.894 90.6625 117.34 242.289 226.103 154.107 132.011 137.478 197.758 171.706 262.976 250.615 368.436 362.809 351.522 260.254 131.988 163.718 516.096 283.252 250.361 79.2745 101.577 175.768 399.208 639.409 251.821 492.867 534.132 609.158 709.325 721.729 1247.1 1719.41 -9999 -9999 -9999 -9999 -9999 -9999 -9999 -9999 -9999 -9999 -9999 -9999 -9999 -9999 -9999 -9999 -9999 -9999 -9999
246.546 161.657 319.491 903.508 966.116 759.712 253.901 192.267 296.846 537.961 385.361 359.745 322.012 185.354 159.883 170.978 247.278 268.534 1094.71 1861.71 1988.56 1359.28 429.177 153.125 236.582 105.894 94.3904 220.902 239.398 160.275 139.755 135.54 213.734 131.389 136.288 201.349 197.155 248.378 196.032 184.046 166.707 139.681 173.711 155.913 147.425 239.051 184.284 271.112 211.928 213.32 157.441 204.068 361.808 354.363 281.616 232.831 744.395 1621.54 -9999 -9999 -9999 -9999 -9999 -9999 -9999 -9999 -9999 -9999 -9999 -9999 -9999 -9999 -9999 -9999 -9999 -9999 -9999
592.95 192.102 145.626 261.977 249.613 128.055 239.597 466.518 689.171 404.33 275.966 297.929 242.762 219.65 428.536 350.938 162.405 312.652 1292.72 1900.27 1568.5 960.039 282.01 127.618 246.98 193.59 407.518 150.214 176.275 366.79 219.379 263.987 283.133 246.062 216.083 147.279 146.159 270.884 475.752 346.855 503.025 336.806 235.323 114.041 137.93 503.882 252.452 648.147 789.634 540.814 531.235 823.613 1191.16 1247.42 748.13 243.963 476.837 1002.56 1647.71 1909.76 -9999 -9999 -9999 -9999 -9999 -9999 -9999 -9999 -9999 -9999 -9999 -9999 -9999 -9999 -9999 -9999 -9999
408.287 295.332 249.233 588.063 651.802 259.974 344.754 605.367 879.094 437.027 642.439 918.715 628.197 460.387 376.445 229.622 173.05 335.871 1240.76 1404.59 869.577 358.357 125.869 347.408 485.269 241.453 393.198 125.399 218.813 604.437 327.425 247.307 228.968 412.255 422.196 160.445 188.531 581.834 538.42 174.03 232.413 151.141 179.575 158.594 125.409 300.373 214.05 339.908 799.414 1017.76 1222.18 1379.35 1610.92 1587.48 896.502 281.668 209.751 387.573 946.296 1417.13 -9999 -9999 -9999 -9999 -9999 -9999 -9999 -9999 -9999 -9999 -9999 -9999 -9999 -9999 -9999 -9999 -9999
243.148 316.322 367.154 659.553 472.712 278.529 872.961 1368.69 1523.78 1192.22 1247.68 982.374 479.109 338.568 277.868 426.111 566.849 763.724 1258.04 789.671 315.905 172.717 142.446 370.295 384.842 131.074 165.355 210.231 230.653 501.015 219.455 162.089 322.47 215.801 175.728 194.654 242.798 281.4 341.056 228.432 155.998 128.795 179.061 145.961 107.482 271.341 201.993 269.104 301.837 626.44 880.071 820.681 892.01 862.571 509.46 329.986 588.431 453.889 469.54 1059.76 -9999 -9999 -9999 -9999 -9999 -9999 -9999 -9999 -9999 -9999 -9999 -9999 -9999 -9999 -9999 -9999 -9999
242.773 407.87 382.049 306.845 367.541 787.598 1435.57 2148.42 2421.39 2135.33 1772.56 954.081 569.379 822.105 1018.61 1253.78 1467.96 1628.75 1435.55 661.021 252.971 180.511 117.596 150.796 130.955 90.8973 235.369 486.283 380.744 165.748 124.937 132.76 202.266 169.438 341.556 222.991 202.147 165.411 421.328 270.545 199.247 159.09 158.696 134.65 160.954 240.745 113.54 186.428 150.735 231.881 247.855 306.24 281.707 272.584 356.315 536.725 713.555 661.332 365.458 1012.13 -9999 -9999 -9999 -9999 -9999 -9999 -9999 -9999 -9999 -9999 -9999 -9999 -9999 -9999 -9999 -9999 -9999
195.089 339.639 465.222 429.388 725.886 1501.63 2333.25 2916.93 3331.1 3047.55 2261.36 1645.78 1445 1622.44 1818.68 1969.87 1832.05 1502.44 1575.61 1240.46 651.154 277.597 153.355 153.635 140.035 140.618 175.393 486.236 475.43 244.701 139.136 249.824 165.737 235.755 336.966 204.518 325.526 461.39 189.977 239.082 338.489 189.085 96.8261 121.202 155.386 96.9676 119.885 160.951 301.89 198.339 154.202 396.801 598.695 757.736 219.874 126.151 176.879 175.143 554.564 1701.2 2739.93 3437.19 -9999 -9999 -9999 -9999 -9999 -9999 -9999 -9999 -9999 -9999 -9999 -9999 -9999 -9999 -9999
913.85 1172.72 1398.23 1347.67 1550.7 2064.4 2979.46 3607.27 3555.67 2830.2 2075.02 1640.05 1302.38 1088.57 1159.62 1297.11 1114.68 653.354 972.311 1344.18 973.737 372.971 159.708 141.449 149.24 200.764 147.632 172.449 449.255 415.765 277.374 521.223 282.274 206.496 174.832 111.564 111.529 213.884 158.869 210.35 172.457 188.473 195.548 255.848 184.873 164.273 185.379 230.533 232.072 177.809 229.62 170.413 322.931 779.813 408.485 179.638 261.437 146.694 785.451 1731.85 2675.46 3319.33 -9999 -9999 -9999 -9999 -9999 -9999 -9999 -9999 -9999 -9999 -9999 -9999 -9999 -9999 -9999
1826.76 2129.27 2355.3 2307.67 2503.38 2895.1 3523.29 3915.53 3321.83 2371.24 1350.46 759.03 459.521 378.659 393.686 437.445 430.183 225.371 641.888 890.594 487.138 172.861 85.8105 172.377 183.303 168.7 118.451 149.734 264.369 183.604 451.754 473.724 194.577 133.192 152.122 170.456 198.835 331.132 175.893 259.19 198.165 255.719 252.309 380.224 225.946 401.426 488.904 487.241 196.148 152.399 311.698 311.222 144.528 661.824 688.345 218.752 231.798 103.626 -9999 -9999 -9999 -9999 -9999 -9999 -9999 -9999 -9999 -9999 -9999 -9999 -9999 -9999 -9999 -9999 -9999 -9999 -9999
2240.85 2967.97 3315.3 3267.67 3463.38 3812.41 3949.77 3702.38 3028.98 2120.99 1014.09 354.926 420.413 715.477 570.771 219.498 211.36 376.241 916.36 725.435 201.452 93.1582 212.031 249.471 229.829 206.946 196.211 169.803 186.421 114.31 279.19 203.347 115.013 118.103 189.638 356.625 550.86 710.511 125.89 209.251 442.795 557.525 258.007 737.711 809.054 983.393 847.777 333.355 118.51 81.4422 223.668 340.472 116.645 443.91 636.987 280.783 390.3 171.184 185.355 -9999 -9999 -9999 -9999 -9999 -9999 -9999 -9999 -9999 -9999 -9999 -9999 -9999 -9999 -9999 -9999 -9999 -9999
2566.73 3525.51 4334.92 4374.67 4366.32 3885.13 3155.94 2733.91 2504.28 2274.47 1481.13 1119.38 1319.16 1595.27 1062.17 461.14 201.91 286.109 864.74 452.721 159.307 226.379 367.6 387.192 268.802 144.507 214.782 139.594 229.594 188.696 192 131.537 132.239 126.033 182.245 450.428 1044.14 850.088 162.705 468.957 1033.73 657.597 603.559 1257.31 1698.98 1389.75 532.827 101.301 92.352 156.737 382.158 151.712 100.985 97.2801 163.874 247.262 354.883 248.242 377.165 1591.01 1778.98 -9999 -9999 -9999 -9999 -9999 -9999 -9999 -9999 -9999 -9999 -9999 -9999 -9999 -9999 -9999 -9999
2860.7 3816.7 4842.24 5024.29 4415.99 3502.33 2442.55 1810.08 1573.52 1804.08 1633.64 1482.45 1646.95 1396.03 780.882 439.619 192.119 209.569 430.544 195.662 192.512 395.529 201.211 311.545 643.079 526.989 151.715 157.379 307.781 288.974 130.287 71.2261 130.447 458.325 296.714 278.265 679.284 741.545 172.16 605.739 1308.71 1397.79 1519.18 1950.33 2051.69 1315.31 344.816 191.447 198.162 293.699 338.286 147.99 97.8255 80.2137 209.165 196.032 325.49 272.11 652.268 1086.65 -9999 -9999 -9999 -9999 -9999 -9999 -9999 -9999 -9999 -9999 -9999 -9999 -9999 -9999 -9999 -9999 -9999
2764.63 3724.29 4790.13 4953.4 4083.32 3123.32 2005.88 1115.74 666.839 910.29 913.548 763.508 941.354 642.167 216.165 219.756 420.513 466.652 309.577 142.446 125.234 363.367 173.015 440.333 953.149 748.341 161.191 355.339 636.174 486.385 109.7 100.272 182.885 738.669 942.78 754.741 893.479 1000.7 258.863 373.506 1158.75 1901.37 2451.19 2725.94 2350.36 1450.33 539.198 495.911 413.97 520.296 213.417 152.313 141.656 191.398 130.713 354.964 835.071 674.639 569.731 628.944 -9999 -9999 -9999 -9999 -9999 -9999 -9999 -9999 -9999 -9999 -9999 -9999 -9999 -9999 -9999 -9999 -9999
2664.17 3624.17 4703.46 4941.99 4104.03 3144.03 2024.47 1109.43 481.391 292.509 387.955 217.765 249.302 346.666 407.494 729.199 1210 1279.88 586.682 144.192 165.492 194.498 267.397 861.214 903.822 453.195 430.719 971.909 1287.07 783.937 285.783 113.92 205.506 855.669 1692.92 1701.24 1634.48 1160.69 274.101 417.665 1161.41 2102.88 3147.25 3440.58 2716.63 1831.79 1227.53 1102.43 895.981 820.859 235.496 149.368 131.662 193.601 108.872 261.212 838.016 1083.5 376.2 158.141 -9999 -9999 -9999 -9999 -9999 -9999 -9999 -9999 -9999 -9999 2240.85 2213.04 2171.32 -9999 -9999 -9999 -9999
2906.35 3856.12 4896.13 5131.86 4409.36 3539.69 2512.97 1843.93 1317.99 797.592 291.456 188.31 280.176 782.48 961.395 720.577 1004.37 1387.26 818.205 234.683 163.601 374.726 827.856 1181.42 747.406 262.342 734.323 1644.3 2010.85 1615.74 965.655 316.37 261.693 860.964 1702.16 2211.17 2282.53 1623.37 957.345 1160.32 1765.76 2554.76 3627.89 3968.96 3257.12 2585.35 1744.59 918.562 414.69 503.508 460.454 611.544 636.237 657.306 264.256 72.8822 319.92 882.763 452.632 109.383 339.505 258.088 -9999 -9999 -9999 -9999 -9999 -9999 -9999 196.987 1209.3 1695.34 1214.49 929.253 1252.89 1488.89 -9999
3161.66 3929.57 4753.53 4642.15 4011.64 3405.64 2748.09 2285.76 1864.53 1536.45 752.621 286.121 191.877 430.576 555.808 219.29 353.045 791.896 545.082 204.163 173.912 361.048 1226.41 1749.93 1417.99 990.647 1263.38 2047.23 2670.64 2393.98 1465.97 843.301 421.259 391.363 961.287 1623.3 2253.27 2283.28 1913.22 2053.46 2524.98 3123.4 4014.64 4231.98 3458.05 2591.14 1556.64 657.832 417.207 919.197 1299.65 1441.34 1028.23 454.584 153.067 112.373 179.35 335.454 255.122 191.815 231.567 164.853 -9999 -9999 -9999 -9999 1814.07 1745.67 -9999 160.352 846.346 1283.92 810.017 338.02 959.494 1389.9 1310.66
2760.03 3446.14 4216.3 3831.99 3288.72 2654.61 2058.03 1663.87 1387.73 1504.79 1290.12 738.906 382.767 232.039 220.006 177.496 203.607 344.173 220.425 188.744 211.768 380.881 1245.21 2054.52 2239.63 1945.93 2130.24 2630.53 3040.42 2696.45 1992.04 1561.72 915.094 256.357 382.699 1048.15 1950.62 2716.72 2890.03 3010.82 3409.56 3876.2 4321.68 3992.83 3122.71 2220.81 1395.83 903.13 914.28 1476.9 1875.45 2001.11 1492.55 923.048 323.157 178.867 200.307 317.781 542.116 415.677 189.635 90.0667 -9999 -9999 -9999 -9999 1701.86 1494.96 -9999 90.6586 440.107 679.151 496.541 144.222 770.566 1241.42 1169.2
2089.45 2993.51 3656.64 3104.81 2469.35 1951.01 1201.98 790.657 531.376 930.046 1243.14 738.705 364.444 226.226 184.596 174.386 157.581 245.517 348.554 419.031 628.227 515.98 1194.41 2140.76 2886.09 2891.63 3082.57 3330.47 2943.67 2185.88 1633.48 1468.37 1070.11 290.037 170.21 778.232 1722.19 2588.07 3428.33 3936.17 4365.03 4672.96 4181.3 3394.12 2663.55 1764.56 800.62 740.577 1273.32 1286.14 1342.68 1851.04 1889.92 1352.23 438.631 109.186 163.161 325.714 988.73 608.656 185.393 152.509 927.74 1297.49 -9999 67.6777 378.094 1042.76 654.314 235.834 321.086 199.798 325.599 212.874 620.38 962.327 1028.51
1664.16 2601.74 2834.76 2274.61 1624.5 974.795 522.75 213.057 280.888 549.69 387.419 295.203 416.728 436.973 237.016 160.259 168.691 152.386 256.932 338.979 702.821 1245.42 1856.99 2588.38 3499.91 3930.12 4003.97 3492.18 2552.86 1592.86 671.865 537.97 597.753 199.665 394.939 892.715 1386.07 2075.03 3161.49 4117.68 4942.39 4782.67 3724.34 2770.19 1947.19 1272.01 421.771 399.515 663.388 428.557 660.724 1393.08 1234.78 700.897 220.191 104.778 132.119 313.588 536.9 270.717 165.008 238.3 593.817 908.323 1023.3 435.956 302.733 757.73 435.564 195.377 305.921 696.287 922.838 514.821 184.531 555.349 754.587
1849.99 2546.34 2088.32 1486.23 918.869 382.439 330.49 260.986 190.546 220.302 302.704 462.087 588.119 504.699 266.132 347.354 323.33 264.111 591.885 616.992 834.057 1555.82 2565.99 3224.19 3955.03 4637.6 4229.63 3293.39 2333.39 1373.39 365.536 150.727 196.977 114.769 157.512 388.185 838.078 1726.23 2845.33 3805.33 4664.31 4462.45 3388.82 2428.82 1475.41 694.659 327.184 321.149 386.448 534.808 1080.8 1468.21 896.941 245.815 105.796 101.621 86.1629 149.081 318.172 319.279 221.794 333.065 422.797 712.69 733.83 623.513 203.064 279.428 158.35 188.823 588.608 1043.99 794.591 225.763 221.386 232.401 318.598
2016.91 2138.65 1462.17 751.533 356.692 447.88 607.725 338.084 343.586 583.467 539.573 284.414 240.718 117.081 239.218 463.147 430.741 678.071 1292.57 1516.33 1696.17 2147.37 3043.69 3911.28 4581.83 4992.8 4177.63 3217.63 2257.63 1297.63 307.83 112.609 86.9588 78.9655 97.6113 168.636 658.307 1559.53 2678.73 3638.73 4540.29 4502.97 3463.38 2503.38 1571.06 858.972 746.753 1013.48 1159.85 1428.07 1882.49 1851.29 1106.78 635.41 368.847 238.093 101.251 121.854 396.032 300.6 279.862 401.901 353.626 365.231 315.989 291.081 185.082 261.242 176.061 190.586 272.917 502.696 296.672 89.7624 212.135 190.893 176.586
1507.26 1405.69 764.91 356.653 586.523 916.572 380.989 295.191 498.453 457.129 276.247 148.096 276.397 235.645 121.026 192.3 223.341 743.795 1756.5 2364.4 2653.97 3025.8 3600.14 4401.33 5231.23 5156.91 4126.07 3166.07 2206.07 1246.07 263.337 114.752 98.5418 60.6251 98.944 98.646 524.696 1424.28 2544.17 3504.17 4459.33 4798.99 3848.6 2913.2 2187.37 1733.91 1677.04 1942.79 2119.85 2387.19 2742.03 2414.88 1832.37 1446.32 906.272 487.545 250.897 384.47 212.722 336.673 436.703 437.031 509.228 520.594 431.291 161.619 148.982 222.142 170.691 206.788 157.778 173.997 142.627 147.105 125.895 148.776 206.859
541.145 584.648 244.771 546.158 1062.72 862.65 169.176 198.072 151.477 217.747 505.999 376.195 210.12 317.889 366.559 180.491 397.459 910.57 1922.02 2842.11 3560.18 4089.02 4607.62 5088.94 5648.38 5265.58 4168.7 3208.7 2248.7 1288.7 320.408 107.725 85.6541 125.757 143.092 370.435 932.747 1745.49 2845.51 3805.51 4765.51 5226.42 4355.87 3670.6 3236.05 2850.83 2796.63 3061.54 3239.85 3507.19 3715.78 3192.85 2464.61 1561.05 570.272 316.063 724.356 1018.37 386.986 299.509 681.024 913.327 417.069 206.537 206.604 294.224 119.768 180.264 206.514 216.82 225.603 143.285 180.069 122.017 123.245 153.373 402.351
173.48 213.28 216.061 601.12 704.956 482.538 222.779 677.647 581.752 267.068 277.667 339.415 601.839 676.6 260.901 210.4 266.268 639.668 1699.06 2659.06 3618.34 4536.7 5406.85 5921.87 5994.68 5281.14 4164.56 3204.56 2244.56 1284.56 319.121 117.998 196.312 388.132 761.449 1160.27 1668.62 2289.98 3253.41 4203.16 5163.16 5648.67 5028.25 4593.7 4196.05 3810.83 3756.63 4021.54 4199.85 4467.19 4474.4 3646.61 2688.94 1753.55 979.445 1017.3 1390.74 1137.48 461.688 327.177 243.797 363.165 281.995 242.277 227.327 217.902 211.549 137.639 280.95 200.088 235.849 174.184 173.586 138.009 157.303 153.544 190.122
