public/models/data/input/map/ntb/1000/mapdagr.asc
NCOLS 388
NROWS 274
XLLCORNER 370313.940441
YLLCORNER 9267024.452423
CELLSIZE 1000.000000
NODATA_VALUE       -9999
[rows 238 to 271 of 274, columns 77 to 153 of 388]
-9999 -9999 -9999 -9999 -9999 -9999 -9999 -9999 -9999 -9999 -9999 -9999 -9999 -9999 -9999 -9999 -9999 -9999 -9999 -9999 -9999 -9999 -9999 -9999 -9999 -9999 -9999 -9999 -9999 -9999 -9999 836.406 650.488 650.648 1183.56 1616.11 1172.78 919.64 752.35 570.471 652.653 538.986 305.075 112.129 264.854 317.822 698.789 1735.3 2695.3 3655.3 4615.3 5735.3 6695.3 7655.3 8615.3 9459.04 8873.21 7913.21 6953.21 5833.21 4873.21 3913.21 2953.21 1842.23 961.095 349.744 163.238 718.48 1382.32 1707.54 1366.59 765.849 536.83 297.473 151.044 47.8005 54.1296
-9999 -9999 -9999 -9999 -9999 -9999 -9999 -9999 -9999 -9999 -9999 -9999 -9999 -9999 -9999 -9999 -9999 -9999 -9999 -9999 -9999 -9999 -9999 -9999 -9999 -9999 -9999 -9999 -9999 -9999 -9999 1003.98 822.218 998.258 1497.73 1625.95 1776.26 1834.18 1684.08 1495.03 1527.58 1342.32 1012.37 508.241 539.86 672.845 988.038 1903.64 2863.06 3823.06 4783.06 5903.06 6863.06 7823.06 8783.05 9358.51 8541.84 7581.84 6621.84 5501.84 4541.84 3581.84 2621.84 1502.75 604.695 90.3616 69.1123 557.439 1446.63 2224.15 2127.6 1633.19 1349.06 957.7 806.178 346.863 219.577
-9999 -9999 -9999 -9999 -9999 -9999 -9999 -9999 -9999 -9999 -9999 -9999 -9999 -9999 -9999 -9999 -9999 -9999 -9999 -9999 -9999 -9999 -9999 -9999 -9999 -9999 -9999 -9999 2045.97 1881.04 1331.27 135.908 127.95 302.799 674.804 717.396 1370.3 2201.78 2641 2613.58 2639.53 2430.39 1970.91 1488.11 1541.14 1735.07 2019.03 2555.05 3338.14 4279.8 5239.73 6359.73 7319.73 8279.73 9239.72 9698.77 8806.93 7846.93 6886.93 5766.93 4806.93 3846.93 2886.93 1794.61 1011.81 590.312 660.42 1254.51 1940.41 2742.78 2730.41 2129.58 1807.24 1697.58 1508.89 684.257 190.179
5709.02 5295.81 5227.82 -9999 -9999 -9999 -9999 -9999 -9999 -9999 -9999 -9999 -9999 -9999 -9999 -9999 -9999 -9999 -9999 -9999 -9999 -9999 -9999 -9999 -9999 -9999 -9999 -9999 1737.48 1393.97 493.886 23.5498 18.7377 23.9701 159.347 240.373 924.923 1837.05 2770.07 3419.63 3583.48 3311.5 2860.75 2448.11 2500.33 2694.26 2979.03 3440.73 3935.76 4701.68 5637.44 6757.37 7717.37 8677.37 9637.37 10096.4 9204.58 8244.58 7284.58 6164.58 5204.58 4244.58 3300.98 2369.46 1830.93 1534.2 1588.05 2060.67 2538.37 2828.25 2400.53 1433.09 972.271 1155.65 1549.15 1041.9 606.94
5522.19 5063.72 5000.56 -9999 -9999 -9999 -9999 -9999 -9999 -9999 -9999 -9999 -9999 -9999 -9999 -9999 -9999 -9999 -9999 -9999 -9999 -9999 -9999 -9999 -9999 -9999 -9999 3014.58 2205.97 1327.98 399.599 17.3317 17.1201 92.9149 373.529 300.905 877.091 1810.38 2770.18 3857.05 4409.91 4220.48 3814.04 3408.11 3460.33 3654.26 3939.03 4396.88 4799.65 5293.41 6053.43 7155.02 8115.02 9075.01 10035 10494.1 9602.22 8642.22 7682.22 6562.22 5602.22 4660.68 3840.09 3186.67 2773.8 2494.2 2547.77 2758.11 2580.33 2235.75 1842.35 956.937 356.337 617.243 1463.16 1852.32 1436.36
4419.06 4282.97 4411.24 -9999 -9999 -9999 -9999 -9999 -9999 -9999 -9999 -9999 -9999 -9999 -9999 -9999 -9999 -9999 -9999 -9999 -9999 -9999 -9999 -9999 -9999 -9999 3217.77 2636.78 2091.1 1493.45 780.249 164.314 16.3928 147.411 588.095 944.163 1414.84 2186.27 3124.46 4243.85 5058.12 5152.45 4774.04 4368.11 4420.33 4614.26 4899.03 5356.88 5754.53 6156.02 6627.99 7553.25 8512.66 9472.66 10432.7 10891.7 9999.86 9039.87 8079.87 6959.87 6016.27 5197.74 4622.02 4126.62 3718.34 3445.36 3256.2 2653.24 1952.8 1345.81 1087.99 571.051 156.736 573.95 1461.6 2388.3 2300.99
3161.19 3238.25 4101.45 2980.71 2886.41 3085.3 4152.69 4748.55 -9999 -9999 -9999 -9999 -9999 -9999 -9999 -9999 -9999 -9999 -9999 -9999 -9999 -9999 -9999 -9999 -9999 -9999 0 1456.17 1202.11 788.376 701.69 365.689 40.5541 42.0885 248.915 1202.61 2089.63 2816.99 3614.34 4708.38 5651.7 6136.16 5893.35 5488.11 5540.33 5734.26 6019.03 6476.88 6874.53 7272.17 7669.82 8211.9 8995 9936.65 10896.6 11355.6 10463.8 9503.79 8543.79 7451.47 6668.67 6128.24 5709.68 5245.53 4801.55 3903.78 3024.36 2023.98 1225.64 526.154 214.497 630.341 887.914 1304.18 1921.54 2929.1 3324.81
2178.03 2083.24 2342.82 2537.88 2605.15 2891.94 3895.01 4704.71 5232.13 -9999 -9999 -9999 -9999 -9999 -9999 -9999 -9999 -9999 -9999 -9999 -9999 -9999 -9999 -9999 114.313 97.2155 7.80159 184.08 538.151 306.022 124.428 310.414 88.6888 85.295 242.012 1167.87 2111.26 3039.03 3905.69 4981.58 5941.21 6733.94 6817.26 6448.11 6500.33 6694.26 6979.03 7436.88 7834.53 8232.17 8629.82 9097.58 9592.61 10358.5 11294.3 11753.3 10861.4 9901.43 8957.83 8026.31 7480.98 6990.49 6391.09 5512.81 4771.67 3749.01 2651.01 1548.41 708.3 161.576 81.8694 731.733 1572.29 2206.74 2660.46 3411.08 4052.2
1254.58 987.418 1062.07 1417.8 1773.05 2480.8 3372.98 4652.09 5232.13 -9999 -9999 -9999 -9999 -9999 -9999 -9999 -9999 -9999 -9999 -9999 -9999 -9999 -9999 1529.68 688.125 326.178 107.824 116.449 336.425 491.392 136.245 309.185 202.064 148.281 168.051 845.773 1775.78 2735.04 3695.04 4815.04 5775.04 6723.09 7413.08 7405.96 7460.33 7654.26 7939.03 8396.88 8794.53 9192.17 9589.82 10053.7 10456.5 10950.3 11710.3 12150.9 11259.1 10317.5 9496.95 8838.12 8313.67 7547.01 6627.3 5509.61 4549.35 3589.13 2629.53 1521.21 730.702 429.599 582.275 1206.11 2054.29 2918.17 3572.51 4110.49 4614.51
577.391 174.972 356.457 523.434 1089.47 1945.49 2743.31 -9999 -9999 -9999 -9999 -9999 -9999 -9999 -9999 -9999 -9999 -9999 -9999 -9999 -9999 -9999 -9999 1975.57 1400.08 1059.59 725.08 616.74 703.504 611.531 106.046 270.639 374.097 252.424 283.648 670.393 1594.26 2554.26 3514.26 4634.26 5594.26 6554.26 7503.71 8245 8420.33 8614.26 8899.03 9356.88 9754.52 10152.2 10549.8 11013.7 11411.4 11812.9 12284.8 12549.1 11673.1 10854.6 10278.9 9695.02 8890.89 7945.73 6985.76 5865.76 4905.76 3945.76 2985.76 2004.73 1474.35 1287.5 1492.82 1941.61 2563.76 3409.89 4284.14 4662.1 4489.09
516.091 72.3098 5.81326 79.0243 631.572 1306.84 1490.57 -9999 -9999 -9999 -9999 -9999 -9999 -9999 -9999 -9999 -9999 -9999 -9999 -9999 -9999 -9999 -9999 2436 2294.49 2062.5 1782.87 1665.18 1396.91 711.1 284.079 519.007 1021.01 1087.64 1184.46 1425.08 2045.74 2935.08 3891.2 5011.2 5971.2 6931.2 7891.2 8960.69 9514.54 9733.95 10019 10476.9 10874.5 11272.2 11669.8 12133.7 12531.4 12929 13319.5 13094.9 12325.5 11779.7 11278.9 10329.5 9369.67 8409.67 7449.68 6329.68 5369.68 4421.28 3588.65 2972.63 2577.17 2406.3 2612.16 3028.36 3443.94 4001.3 4274.56 3859.57 3458.06
1117.28 326.118 21.2719 16.263 285.722 1073.93 1258.73 -9999 -9999 -9999 -9999 -9999 -9999 -9999 -9999 -9999 -9999 -9999 -9999 -9999 -9999 -9999 2687.01 2457.29 1960.87 1966.66 2048.52 2268.65 1982.66 1357.68 1117.44 1217.75 1723.11 2022.94 2141.84 2364.28 2792.41 3415.28 4292.73 5408.84 6368.84 7328.84 8288.84 9406.7 10248.3 10668.3 10979 11436.9 11834.5 12232.2 12629.8 13093.7 13491.4 13889 14197 13683.2 13137.4 12612.5 11832.4 10727.3 9767.32 8807.32 7847.32 6727.32 5782.79 4967.45 4409.7 3928.6 3537.17 3366.3 3572.16 3985.95 4328.45 4376 3813.55 2980.66 2503.86
1320.7 199.598 7.36944 8.53553 42.6777 -9999 -9999 -9999 -9999 -9999 -9999 -9999 -9999 -9999 -9999 -9999 -9999 -9999 -9999 -9999 -9999 -9999 2528.1 1842.53 1211.67 967.473 1295.3 2084.01 2498.48 2265.65 2076.3 2142.27 2553.96 2941.76 3101.84 3324.09 3721.99 4150.05 4761.03 5806.49 6766.49 7726.49 8686.49 9806.48 10750.8 11492.4 11935.9 12396.9 12794.5 13192.2 13589.8 14053.7 14451.4 14849 14993.3 14495 13970.1 13185.2 12244.9 11125 10165 9204.96 8244.97 7136.57 6325.09 5771.4 5353.02 4888.6 4497.17 4310.54 4400.84 4608.67 4574.6 4098.82 3342.07 2347.25 1630.01
-9999 0 0 -9999 -9999 -9999 -9999 -9999 -9999 -9999 -9999 -9999 -9999 -9999 -9999 -9999 -9999 -9999 -9999 -9999 -9999 -9999 2313.49 1394.03 561.23 221.279 679.302 1733.2 2630.25 3065.95 3035.44 3101.25 3497.92 3888.8 4061.84 4284.09 4681.74 5079.57 5498.01 6235.22 7164.13 8124.13 9084.13 10204.1 11164 12099.1 12837.7 13356.9 13754.5 14152.2 14549.8 15013.7 15411.4 15805.6 15861.1 15262.8 14444.2 13499 12539 11419 10459.1 9499.05 8539.06 7478.99 6866.68 6323.86 5808.64 5247.37 4848.66 4491.12 4175.66 4119.77 3997.66 3376.64 2780.84 1843.11 999.53
-9999 -9999 -9999 -9999 -9999 -9999 -9999 -9999 -9999 -9999 -9999 -9999 -9999 -9999 -9999 -9999 -9999 -9999 -9999 -9999 -9999 -9999 -9999 -9999 441.046 393.089 806.015 1853.41 2811.8 3684.21 4057.51 4219.06 4617.77 5008.65 5181.84 5404.09 5801.74 6199.38 6597.03 7081.93 7702.6 8591.94 9548.05 10668 11628 12588 13544.8 14420.9 14872.6 15272.2 15667.1 16071 16319.2 16499.6 16166.1 15108.4 14148.4 13188.4 12228.4 11108.4 10148.4 9188.39 8228.4 7114.4 6282.59 5678.64 5053.22 4402.47 3911.8 3499.18 3101.25 3014.26 3000.31 2525.64 1891.51 1205.25 504.992
-9999 -9999 -9999 -9999 -9999 -9999 -9999 -9999 -9999 -9999 -9999 -9999 -9999 -9999 -9999 -9999 -9999 -9999 -9999 -9999 -9999 -9999 -9999 2317.3 1805.51 1341.76 1491.8 2218.06 3002.5 3687.07 4255.37 4931.83 5502.31 5960.43 6141.84 6364.09 6761.74 7159.38 7557.03 8021.14 8449.26 9072.13 9949.58 11065.7 12025.7 12985.7 13945.7 15036.4 15738.5 16122.8 16286.1 16206.9 15923.8 15796.1 15672.7 14710.7 13750.7 12790.7 11830.7 10710.7 9750.75 8790.75 7830.75 6710.75 5759.76 4936.09 4320.99 3603.27 3043.78 2558.28 2141.54 2056.9 2050.15 1692.7 1256.85 523.526 231.719
-9999 -9999 -9999 -9999 -9999 -9999 -9999 -9999 -9999 -9999 -9999 -9999 -9999 -9999 -9999 -9999 -9999 -9999 -9999 -9999 -9999 -9999 -9999 2481.36 2374.92 2096.01 2011.55 2060.19 2464.25 2984.98 3764.56 4862.56 5764.57 6557.36 7023.08 7324.09 7721.74 8119.38 8517.03 8980.94 9378.85 9806.9 10417.9 11463.3 12423.3 13383.2 14312.1 15234 15883.7 16083.8 15802.2 15345.8 14968.8 14838.6 14993.8 14313.1 13353.1 12393.1 11433.1 10313.1 9353.1 8393.11 7433.11 6313.11 5353.11 4402.11 3567.3 2860.56 2251.41 1686.17 1196.52 1114.82 1167.61 774.568 583.028 124.085 54.7543
-9999 -9999 -9999 -9999 -9999 -9999 -9999 -9999 -9999 -9999 -9999 -9999 -9999 -9999 -9999 -9999 -9999 -9999 -9999 -9999 -9999 -9999 -9999 2142.63 2031.39 1755.3 1442.32 1204.06 1616.94 2406.91 3349.92 4469.78 5429.78 6387.51 7283.56 8080.23 8543.93 8983.76 9454.92 9941.31 10338.6 10736.4 11154.9 11890.5 12770.3 13509.1 14061.9 14684.3 15178.1 15210.4 14849.7 14385.8 14008.8 13878.6 14118.7 13896.6 12955.5 11995.5 11035.5 9915.46 8955.46 7995.46 7035.46 5915.46 4955.46 3995.46 3041.47 2080.29 1503.28 895.117 392.593 301.32 479.758 159.128 63.3777 10.2659 8.12316
-9999 -9999 -9999 -9999 -9999 -9999 -9999 -9999 -9999 -9999 -9999 -9999 -9999 -9999 -9999 -9999 -9999 -9999 -9999 -9999 -9999 2282.11 1668.42 1360.95 1008.93 707.772 419.852 376.991 1105.58 2058.41 3018.41 4138.17 5088.03 6000.21 6902.18 7504.8 7957.88 8371.69 10664.6 11223.2 11268.7 11328.4 11390.3 11811.4 12218.1 12626.3 13108 13708.4 14086.6 14094.4 13729.7 13265.8 12888.8 12758.6 13004.1 13220.7 12522 11568.8 10608.8 9488.82 8528.82 7568.82 6608.82 5488.82 4528.82 3568.82 2608.82 1494.97 683.045 284.555 84.538 9.06066 42.2531 21.0711 0 4.0625 15.6875
-9999 -9999 -9999 -9999 -9999 -9999 -9999 -9999 -9999 -9999 -9999 -9999 -9999 -9999 -9999 -9999 -9999 -9999 -9999 -9999 -9999 2155.35 1469.02 652.538 315.454 112.132 79.8956 650.72 1445.62 2339.01 3289.52 4292.95 5033.19 5614.08 6156.44 6494.56 6923.89 7221.33 7285.96 11402.1 10959.8 10554.3 10454.9 10860.8 11272.1 11754.8 12266.7 12772 13187 13153.5 12769.7 12305.8 11928.8 11798.6 12044.1 12446.5 12321.3 11566 10617.1 9497.11 8537.11 7577.11 6617.11 5497.11 4537.11 3577.11 2617.11 1510.36 679.021 201.099 40.3352 0 0 0 0.5 2.4375 7.3125
-9999 -9999 -9999 -9999 -9999 -9999 -9999 -9999 -9999 -9999 -9999 -9999 -9999 -9999 -9999 -9999 -9999 -9999 -9999 -9999 -9999 2018.69 1694.53 157.772 216.31 248.406 389.146 1159.08 1981.35 2742.55 3452.39 3911.94 4433.99 4719.63 5043.26 5580.12 6249.99 6883.03 7211.3 8998.16 9253.28 9597.09 9494.91 9911.07 10397.2 10903.9 11334.6 11917.9 12322.1 12204.8 11809.7 11345.8 10968.8 10838.6 11084.1 11536.4 11824.7 11574.1 10909.7 9881.56 8922.32 7962.33 7002.33 5882.33 4922.33 3962.33 3004.08 2006.18 1283.79 708.116 304.607 23.3033 0 0 21.4246 29.4908 5.0625
-9999 -9999 -9999 -9999 -9999 -9999 -9999 -9999 -9999 -9999 -9999 -9999 -9999 -9999 -9999 -9999 -9999 -9999 -9999 -9999 -9999 2054.33 1936.55 45.3344 257.065 356.289 702.896 1460.06 1969.55 2524.69 2897.18 2913.68 3241.08 3706.75 4115.62 4901.96 5584.51 6159.71 6580.87 7016.19 7741.69 8477.42 8532.14 9035.04 9551.46 9976.92 10478 11088.6 11456.8 11247 10849.7 10385.8 10008.8 9878.57 10124.1 10576.9 10911.1 10835 10492.7 9920.81 9215.95 8305.54 7380.6 6279.97 5319.97 4361.73 3494.28 2633.99 1995.95 1357.17 641.73 71.1231 0 0 6.97487 15.5803 0.9375
-9999 -9999 -9999 -9999 -9999 -9999 -9999 -9999 -9999 -9999 -9999 -9999 -9999 -9999 -9999 -9999 -9999 -9999 -9999 -9999 -9999 -9999 551.235 333.563 66.182 50.1048 437.206 858.167 1112.42 1805.87 1875.72 1824.56 2171.62 2638.56 3318.04 4146.52 4745.72 5087.11 5465.76 5929.68 6327.37 6820.23 7432.59 8051.57 8472.78 8976.39 9511.84 10258.5 10492.1 10127.3 9729.67 9265.75 8888.82 8758.57 9004.1 9456.88 9791.14 9717.2 9410.69 8969.53 8559.38 7967.18 7128.28 6318.55 5607.82 4818.72 4046.86 3047.95 2121.98 1178.78 321.147 12.4623 9.71231 0 0 6.0625 3.4375
-9999 -9999 -9999 -9999 -9999 -9999 -9999 -9999 -9999 -9999 -9999 -9999 -9999 -9999 -9999 -9999 -9999 -9999 -9999 -9999 -9999 -9999 551.235 126.931 0 138.597 647.486 362.642 774.923 1273.35 970.323 877.36 1291.71 1951.82 2689 3594.09 3864.87 4127.11 4505.76 4971.14 5419.62 6021.25 6604.15 7115.14 7615.78 8163.67 8845.11 9684.85 9564.75 9167.32 8769.67 8305.76 7928.82 7798.57 8044.1 8496.88 8831.15 8757.2 8450.69 8009.53 7615.22 7267.51 6662.8 5657.99 5031.7 4485.4 3857.21 2886.27 1938 1060.11 399.078 52.0208 45.1599 0 0 6.9375 7.0625
-9999 -9999 -9999 -9999 -9999 -9999 -9999 -9999 -9999 -9999 -9999 -9999 -9999 -9999 -9999 -9999 -9999 -9999 -9999 -9999 -9999 -9999 -9999 -9999 0 192.812 623.151 342.75 1428.29 1135.99 446.868 227.974 617.334 1338.49 2196.7 2892.36 2910.42 3167.11 3545.76 4052.56 4663.72 5239.42 5677.71 6261.1 6806.03 7496.84 8392.71 8949.87 8604.96 8207.32 7809.68 7345.76 6968.82 6838.57 7084.1 7536.88 7871.15 7797.2 7490.69 7049.53 6655.22 6399.68 6172.49 5183.41 4312.16 3674.06 3138.74 2400.57 1560.95 660.327 301.668 49.8352 41.7849 0.5625 3.9375 7.5 3.5
-9999 -9999 -9999 -9999 -9999 -9999 -9999 -9999 -9999 -9999 -9999 -9999 -9999 -9999 -9999 -9999 -9999 -9999 -9999 -9999 -9999 -9999 -9999 -9999 -9999 -9999 -9999 405.837 1687.87 1291.69 556.179 54.8566 296.73 997.642 1601.54 1973.59 1950.42 2207.11 2597.47 3311.26 3888.9 4320.07 4821.17 5438.91 6129.83 7035.35 7984.66 8073.68 7644.97 7247.32 6849.68 6385.76 6008.82 5878.57 6124.1 6576.88 6911.15 6837.2 6530.69 6089.53 5695.22 5449.8 5546.76 4781.15 3825.76 2942.7 2314.84 1689.15 1124.1 555.489 139.613 13.7338 8.58731 25.5012 9.7504 0.5 0
-9999 -9999 -9999 -9999 -9999 -9999 -9999 -9999 -9999 -9999 -9999 -9999 -9999 -9999 -9999 -9999 -9999 -9999 -9999 -9999 -9999 -9999 -9999 -9999 -9999 -9999 -9999 -9999 1485.21 1121.84 299.913 20.8891 107.523 367.22 605.119 907 844.469 1131.76 1731.9 2394.71 2815.93 3319.54 3854.99 4671.93 5608.5 6568.5 7518.13 7348.62 6602.88 6131.42 5729.68 5265.76 4888.82 4758.57 5004.1 5456.88 5791.15 5717.2 5410.69 4969.53 4575.22 4329.8 4555.5 4257.49 3356 2398.44 1475.35 750.886 398.659 508.092 505.169 62.1099 0 -9999 -9999 -9999 -9999
-9999 -9999 -9999 -9999 -9999 -9999 -9999 -9999 -9999 -9999 -9999 -9999 -9999 -9999 -9999 -9999 -9999 -9999 -9999 -9999 -9999 -9999 -9999 -9999 -9999 -9999 -9999 -9999 -9999 -9999 241.421 2.5 5.92105 17.7105 65.602 281.396 161.28 463.159 980.924 1458.29 1958.95 2506.82 3188.26 4250.85 5210.85 6170.85 7116.46 6911.44 5998.95 5257.53 4773.78 4305.76 3928.82 3798.57 4044.1 4496.88 4831.15 4757.2 4450.69 4009.53 3615.22 3369.8 3597.26 3514.25 2944.09 2110.88 1154.7 280.819 91.096 98.8602 196.113 94.8104 -9999 -9999 -9999 -9999 -9999
-9999 -9999 -9999 -9999 -9999 -9999 -9999 -9999 -9999 -9999 -9999 -9999 -9999 -9999 -9999 -9999 -9999 -9999 -9999 -9999 -9999 -9999 -9999 -9999 -9999 -9999 -9999 -9999 -9999 -9999 -9999 -9999 0 0 0 64.1653 7.61144 90.3395 253.115 632.328 1151.06 1839.99 2736.14 3855.78 4828.22 5790.29 6732.85 6482.4 5552.36 4641.3 3887.59 3345.76 2968.82 2838.57 3084.1 3538.18 3878.03 3800.2 3490.69 3049.53 2655.22 2409.8 2637.26 2589.99 2390.13 2110.22 1380.76 760.522 433.123 201.395 155.485 -9999 -9999 -9999 -9999 -9999 -9999
-9999 -9999 -9999 -9999 -9999 -9999 -9999 -9999 -9999 -9999 -9999 -9999 -9999 -9999 -9999 -9999 -9999 -9999 -9999 -9999 -9999 -9999 -9999 -9999 -9999 -9999 -9999 -9999 -9999 -9999 -9999 -9999 -9999 -9999 -9999 -9999 0 1.49289 10.9775 117.732 584.408 1461.34 2418.41 3478.96 4409.45 5302.15 6714.67 6052.08 5124.75 4196.15 3275.68 2418.56 2008.82 1878.57 2124.1 2605.04 2985.42 2847.67 2530.69 2096.22 1715.28 1449.8 1693.66 1632.19 1527.79 1714.59 1656.56 1504.82 1192.8 812.658 239.638 -9999 -9999 -9999 -9999 -9999 -9999
-9999 -9999 -9999 -9999 -9999 -9999 -9999 -9999 -9999 -9999 -9999 -9999 -9999 -9999 -9999 -9999 -9999 -9999 -9999 -9999 -9999 -9999 -9999 -9999 -9999 -9999 -9999 -9999 -9999 -9999 -9999 -9999 -9999 -9999 -9999 -9999 -9999 -9999 -9999 61.3909 619.585 1580.1 2481.39 -9999 -9999 -9999 -9999 4998.01 4619.82 3693.63 2768.96 1694.6 976.154 774.27 1035.77 1729.3 2106.92 1738.91 1426.09 1005 714.073 470.473 940.729 702.975 470.572 680.593 759.519 999.48 1555.48 1650.02 -9999 -9999 -9999 -9999 -9999 -9999 -9999
-9999 -9999 -9999 -9999 -9999 -9999 -9999 -9999 -9999 -9999 -9999 -9999 -9999 -9999 -9999 -9999 -9999 -9999 -9999 -9999 -9999 -9999 -9999 -9999 -9999 -9999 -9999 -9999 -9999 -9999 -9999 -9999 -9999 -9999 -9999 -9999 -9999 -9999 -9999 -9999 -9999 -9999 -9999 -9999 -9999 -9999 -9999 -9999 3659.07 3256.57 2341.62 1268.94 464.376 125.766 360.036 1253.27 1546.78 918.151 543.883 251.855 136.375 241.759 831.293 450.787 87.7492 98.672 106.451 319.398 -9999 -9999 -9999 -9999 -9999 -9999 -9999 -9999 -9999
-9999 -9999 -9999 -9999 -9999 -9999 -9999 -9999 -9999 -9999 -9999 -9999 -9999 -9999 -9999 -9999 -9999 -9999 -9999 -9999 -9999 -9999 -9999 -9999 -9999 -9999 -9999 -9999 -9999 -9999 -9999 -9999 -9999 -9999 -9999 -9999 -9999 -9999 -9999 -9999 -9999 -9999 -9999 -9999 -9999 -9999 -9999 -9999 3346.02 3022.5 1881.54 1013.35 301.861 49.8505 90.7432 808.82 1199.06 518.55 103.041 52.8142 128.828 583.955 1196.78 900.576 489.512 279.099 183.298 376.336 -9999 -9999 -9999 -9999 -9999 -9999 -9999 -9999 -9999
-9999 -9999 -9999 -9999 -9999 -9999 -9999 -9999 -9999 -9999 -9999 -9999 -9999 -9999 -9999 -9999 -9999 -9999 -9999 -9999 -9999 -9999 -9999 -9999 -9999 -9999 -9999 -9999 -9999 -9999 -9999 -9999 -9999 -9999 -9999 -9999 -9999 -9999 -9999 -9999 -9999 -9999 -9999 -9999 -9999 -9999 -9999 -9999 -9999 -9999 1663.14 914.223 578.786 176.783 55.0128 705.056 1181.15 528.008 64.6152 260.761 435.306 1144.23 1763.57 1536.05 868.549 760.529 303.204 447.303 -9999 -9999 -9999 -9999 -9999 -9999 -9999 -9999 -9999
