public/models/data/input/map/ntb/1000/mapdset.asc
NCOLS 388
NROWS 274
XLLCORNER 370313.940441
YLLCORNER 9267024.452423
CELLSIZE 1000.000000
NODATA_VALUE       -9999
[rows 204 to 237 of 274, columns 231 to 307 of 388]
-9999 -9999 -9999 -9999 -9999 -9999 -9999 -9999 -9999 -9999 -9999 -9999 -9999 -9999 -9999 -9999 -9999 -9999 -9999 15760 15963.9 16217.9 15366 14130.2 13153.9 12034.5 11127 10321.7 9530.14 8846.46 8337.41 7717.67 6841.67 5782.94 5116.71 4673.52 4274.04 3860.86 3929.21 4323.75 4722.86 5297.2 6102.84 7058.45 8018.45 9134.96 9736.82 9469.2 9046.9 8465.38 7745.65 6884.27 5959.04 4842.67 3882.67 2922.67 1965.6 1001.92 885.331 1606.18 2521.54 3205.45 3365.01 3740.9 4146.75 4797.67 5261.87 4783.16 4255.77 3782.91 3434.97 3442.25 3393.38 3139.57 3020.26 2587.06 2116.11
-9999 -9999 -9999 -9999 -9999 -9999 -9999 -9999 -9999 -9999 -9999 -9999 -9999 -9999 -9999 -9999 -9999 -9999 -9999 16359.4 16784.7 17009 15548 13600.5 12754.1 11636.2 10677.1 9775.47 8964.02 8069.24 7487.06 6981.83 6360.03 5331.75 4439.26 3768.76 3315.87 2900.86 2969.21 3365.94 3844.43 4745.2 5700.8 6660.8 7620.8 8736.44 9260.1 8718.33 8111.56 7624.13 7218.35 6737 6104.08 5185.3 4278.93 3324.71 2465.46 1836.85 1762.73 2160.93 2554.51 2406.66 2405.01 2793.21 3338.47 4329.73 4858.37 4241.71 3425.52 2824.09 2474.97 2482.25 2433.38 2182.02 2069.09 1668.49 1245.6
-9999 -9999 -9999 -9999 -9999 -9999 -9999 -9999 -9999 -9999 -9999 -9999 -9999 -9999 -9999 -9999 -9999 -9999 -9999 -9999 17138 17373.4 -9999 12822.6 12323.4 11238.6 10278.6 9319.47 8411.74 7475.83 6720.88 6129.42 5622.12 4879.51 3975.24 3081.62 2401.42 1940.86 2011.41 2495.79 3246.66 4343.16 5303.16 6263.16 7223.16 8338.79 8860.26 8230.84 7351.68 6668.53 6266.49 5868.84 5469.02 4950.56 4452.52 3814.75 3255.41 2787.08 2566.12 2434.82 1951.63 1446.66 1457.31 1993.13 2824.84 3932.09 4460.73 3837.47 2883.33 1957.67 1516.29 1532 1492.01 1244 1189.75 741.507 436.185
-9999 -9999 -9999 -9999 -9999 -9999 -9999 -9999 -9999 -9999 -9999 -9999 -9999 -9999 -9999 -9999 -9999 -9999 -9999 -9999 -9999 -9999 -9999 12590.5 11821.5 10842.6 9880.94 8920.94 7961.53 6905.82 6118.18 5353.95 4773.53 4168.23 3521.86 2616.46 1710.01 996.972 1132.24 1889.02 2825.88 3945.51 4905.51 5865.51 6825.51 7941.15 8462.62 7831 6872.46 5862.88 5310.88 4908.84 4511.2 4077.18 3904.84 3857.48 3606.65 3056.2 2530.41 1898.94 1299.48 553.348 671.011 1492.05 2443.26 3558.47 4077.16 3443.97 2483.97 1381.69 656.383 648.569 784.417 431.971 650.965 312.748 370.74
-9999 -9999 -9999 -9999 -9999 -9999 -9999 -9999 -9999 -9999 -9999 -9999 -9999 -9999 -9999 -9999 -9999 -9999 -9999 -9999 -9999 -9999 -9999 -9999 -9999 10366.1 9402.4 8457.06 7495.19 6377.61 5470.17 4664.81 3873.29 3189.61 2680.56 2065.91 1235.53 376.67 721.173 1654.81 2614.26 3734.26 4694.26 5654.26 6614.26 7711.97 8096.52 7367.08 6407.08 5288.54 4410.11 3812.35 3391.56 2957.34 2811.78 2860.73 2668.93 2229.91 1706.91 1093.82 473.057 343.618 872.176 1683.9 2625.82 3701.8 3977.79 3245.7 2334.65 1349.35 643.471 267.987 467.996 422.623 999.953 1050.39 1287
-9999 -9999 -9999 -9999 -9999 -9999 -9999 -9999 -9999 -9999 -9999 -9999 -9999 -9999 -9999 -9999 -9999 -9999 -9999 -9999 -9999 -9999 -9999 -9999 -9999 -9999 8741.31 8192.08 7018.74 5979.38 5020.26 4118.62 3307.16 2412.39 1830.35 1344.11 1026.61 806.135 1241.98 2038.95 2975.17 4094.63 5054.63 6014.63 6974.63 7980.27 7887.48 6969.43 6009.43 4889.43 3931.63 3061.47 2454.7 1997.34 1851.78 1904.35 1712.06 1333.03 942.306 444.395 184.398 814.175 1554.98 2232.2 3041.55 3966.61 3679.06 2791.92 1928.13 1009.86 616.029 481.113 670.672 814.82 1547.08 1946.95 2216.96
-9999 -9999 -9999 -9999 -9999 -9999 -9999 -9999 -9999 -9999 -9999 -9999 -9999 -9999 -9999 -9999 -9999 -9999 -9999 -9999 -9999 -9999 -9999 -9999 -9999 -9999 -9999 -9999 6636.25 5577.24 4621.74 3662.62 2754.88 1818.97 1069.14 543.272 600.129 1361.31 1988.43 2598.32 3391.87 4492.27 5452.27 6412.27 7372.27 8144.36 7531.29 6571.79 5611.79 4491.79 3531.79 2573.98 1694.82 1042.26 894.454 959.085 798.123 438.415 277.527 90.3103 275.023 1233.56 2130.95 2909.01 3585.47 4046.17 3290.37 2334.58 1429.82 552.685 450.463 1049.73 1482.71 1650.95 2171.23 2753.14 3077.59
-9999 -9999 -9999 -9999 -9999 -9999 -9999 -9999 -9999 -9999 -9999 -9999 -9999 -9999 -9999 -9999 -9999 -9999 -9999 -9999 -9999 -9999 -9999 -9999 -9999 -9999 -9999 -9999 -9999 5167.27 4232.38 3271.75 2312.75 1256.46 519.119 227.701 596.414 1614.86 2539.27 3314.19 3936.71 4894.25 5849.92 6809.92 7769.92 8112.8 7208.7 6248.7 5288.7 4168.7 3208.7 2248.7 1290.17 348.518 168.354 240.363 233.879 257.946 374.117 451.456 718.171 1599.85 2555.94 3488.56 4250.55 3947.77 3004.56 2044.56 1087.47 344.889 797.857 1547.23 2305.12 2601.29 3007.27 3301.89 3150.54
-9999 -9999 -9999 -9999 -9999 -9999 -9999 -9999 -9999 -9999 -9999 -9999 -9999 -9999 -9999 -9999 -9999 -9999 -9999 -9999 -9999 -9999 -9999 -9999 -9999 -9999 -9999 -9999 -9999 5213.58 4391.64 3709.96 2216.27 1268.26 93.2741 342.789 1033.53 2010.94 2963.8 3920.36 4741.55 5507.66 6333.43 7274.38 8233.84 8416.34 7465.51 6505.51 5545.51 4425.51 3465.56 2503.42 1587.6 870.357 696.185 560.607 614.977 1118.67 1385.54 1501.48 1751.9 2268.8 3041.51 3980.01 4825.9 4266.93 3306.93 2353.09 1487.4 1047.63 1509.86 2222.64 2982.92 3678.34 3828.02 3265.54 2381.07
-9999 -9999 -9999 -9999 -9999 -9999 -9999 -9999 -9999 -9999 -9999 -9999 -9999 -9999 -9999 -9999 -9999 -9999 -9999 -9999 -9999 -9999 -9999 -9999 -9999 -9999 -9999 -9999 -9999 5458.12 5026.55 4778.56 -9999 -9999 0 428.22 1151.24 2217.11 3177.11 4137.11 5096.86 6133.36 6875.98 7695.8 8632.02 8813.99 7863.16 6903.16 5943.16 4824.62 3933.55 3019.84 2172.72 1791 1330.18 645.568 655.836 1579.86 2220.25 2459.07 2711.9 3153.58 3606.39 4291.39 4989.27 4633.68 3712.78 2869.65 2301.54 1998.41 2327.05 2878.44 3580.29 4262.21 3850.04 2914.39 1954.39
-9999 -9999 -9999 -9999 -9999 -9999 -9999 -9999 -9999 -9999 -9999 -9999 -9999 -9999 -9999 -9999 -9999 -9999 -9999 -9999 -9999 -9999 -9999 -9999 -9999 -9999 -9999 -9999 -9999 5531.45 5398.41 5198.85 -9999 -9999 -9999 907.107 1862.98 2639.23 3562.33 4522.33 5482.33 6597.53 7482.14 8233.62 9048.72 9211.63 8260.8 7300.8 6340.8 5266.64 4671.33 4529.23 2510.45 2529.51 1892.42 1335.53 1376.21 2046.59 2844.91 3375.75 3605.3 3711.98 3678.53 3936.31 4366.74 4591.83 4198.46 3663.57 3248.36 2958.41 3273.21 3684.69 4225.15 4644.5 3849.53 2889.53 1929.53
-9999 -9999 -9999 -9999 -9999 -9999 -9999 -9999 -9999 -9999 -9999 -9999 -9999 -9999 -9999 -9999 -9999 -9999 -9999 -9999 -9999 -9999 -9999 -9999 -9999 -9999 -9999 -9999 -9999 -9999 -9999 -9999 -9999 -9999 -9999 -9999 2861.2 3277.01 3988.24 4921.79 5879.97 6999.97 7955.18 8847.85 9580.33 9611.31 8658.45 7698.45 6750.16 5944.88 5548.94 5401.89 -9999 2810.55 2503.1 2270.82 2318.85 2788.55 3397.36 3847.45 3579.13 3155.35 2865.33 3014.45 3410.02 4017.46 4605.31 4585.65 4208.36 3918.41 4233.21 4630.85 5037.73 5103.11 4205.76 3245.76 2332.39
-9999 -9999 -9999 -9999 -9999 -9999 -9999 -9999 -9999 -9999 -9999 -9999 -9999 -9999 -9999 -9999 -9999 -9999 -9999 -9999 -9999 -9999 -9999 -9999 -9999 -9999 -9999 -9999 -9999 -9999 -9999 -9999 -9999 -9999 -9999 -9999 -9999 -9999 5178.41 5539.67 6362.14 7463.89 8423.89 9383.89 10298.4 10082.4 9123.83 8208.21 7528.8 7031.34 6735.05 7332.97 7762.78 -9999 3286.03 3279.32 3438.36 3870.24 4122.11 3751.73 2867.96 2073.49 1745.77 1907.63 2449.06 3468.6 4427.01 5192 5276.2 5038.41 5353.21 5750.85 6117.78 5629.3 4675.51 3795.91 3134.1
-9999 -9999 -9999 -9999 -9999 -9999 -9999 -9999 -9999 -9999 -9999 -9999 -9999 -9999 -9999 -9999 -9999 -9999 -9999 -9999 -9999 -9999 -9999 -9999 -9999 -9999 -9999 -9999 -9999 -9999 -9999 -9999 -9999 -9999 -9999 -9999 -9999 -9999 5991.17 6407.99 6939.85 7867.39 8821.53 9781.53 10725.4 10481.5 9576.24 8901.38 8455.7 7990.95 7622 7574.34 7691.86 -9999 4458.93 4325.49 4398.7 4676.79 4297.99 3413.8 2453.8 1385.95 851.409 1124.6 1963.32 3077.17 4037.17 4995.38 5760.57 5980.95 6313.21 6710.71 6883.72 6033.15 5162.77 4431.35 3602.46
-9999 -9999 -9999 -9999 -9999 -9999 -9999 -9999 -9999 -9999 -9999 -9999 -9999 -9999 -9999 -9999 -9999 -9999 -9999 -9999 -9999 -9999 -9999 -9999 -9999 -9999 -9999 -9999 -9999 -9999 -9999 -9999 -9999 -9999 -9999 -9999 -9999 -9999 -9999 7584.6 7816.69 8409.58 9225.77 10179.2 11123 10923.5 10259 9813.49 9415.26 8942.14 8460.49 7794.26 -9999 -9999 4878.16 5007.13 5217.81 5037.07 4145.95 3185.95 2225.95 1108.68 414.549 763.659 1701.45 2821.45 3781.45 4741.45 5699.87 6630.33 7228.9 7646 7456.93 6479.95 5686.99 4839.11 3891.81
-9999 -9999 -9999 -9999 -9999 -9999 -9999 -9999 -9999 -9999 -9999 -9999 -9999 -9999 -9999 -9999 -9999 -9999 -9999 -9999 -9999 -9999 -9999 -9999 -9999 -9999 -9999 -9999 -9999 -9999 -9999 -9999 -9999 -9999 -9999 -9999 -9999 -9999 -9999 7949.24 8796.64 9239.83 9767.22 10582.7 11525.7 11601.7 11171 10772.9 10373.7 9840.1 8929.35 -9999 -9999 -9999 -9999 5257.67 5443.79 5192.45 4375.02 3417.85 2457.85 1371.44 809.815 1062.44 1891.13 3005.13 3965.13 4925.13 5885.13 7001.8 7908.43 8427.33 7947.38 6908.71 5980.64 5027.25 4067.25
-9999 -9999 -9999 -9999 -9999 -9999 -9999 -9999 -9999 -9999 -9999 -9999 -9999 -9999 -9999 -9999 -9999 -9999 -9999 -9999 -9999 -9999 -9999 -9999 -9999 -9999 -9999 -9999 -9999 -9999 -9999 -9999 -9999 -9999 -9999 -9999 -9999 13474 13474 10742.8 10023.2 10350.9 10749.7 11240.9 12018.5 12624.4 12290.5 11892.9 11537.6 12526.1 -9999 -9999 -9999 -9999 -9999 7579.32 6754.69 5894.71 4826.93 3878.74 2951.84 2173.21 1865.33 2015.77 2509.9 3465.73 4419.73 5379.73 6339.73 7459.73 8419.73 9010.34 8483.76 7374.04 6414.04 5454.04 4494.04
-9999 -9999 -9999 -9999 -9999 -9999 -9999 -9999 -9999 -9999 -9999 -9999 -9999 -9999 -9999 -9999 -9999 -9999 -9999 -9999 -9999 -9999 -9999 -9999 -9999 -9999 -9999 -9999 -9999 -9999 -9999 -9999 -9999 -9999 -9999 -9999 -9999 13377.4 13209.5 11406 10974 11310.9 11708.5 12107.5 12598.6 13331.2 13248.5 12852.9 12538.3 13806.8 16203.4 16723.3 16943.8 -9999 -9999 7775.15 7281.03 6195.95 5236.54 4324.42 3631.25 3121.49 2825.33 2974.45 3371.34 3991.74 4826.38 5777.37 6737.37 7857.37 8817.37 9427.88 8888.33 7771.69 6811.69 5851.69 4891.69
-9999 -9999 -9999 -9999 -9999 -9999 -9999 -9999 -9999 -9999 -9999 -9999 -9999 -9999 -9999 -9999 -9999 15873.8 16000.4 16451.1 16625 17567.2 18392.9 19095.1 19776.4 20847.9 21945.1 22359.1 -9999 -9999 -9999 -9999 -9999 -9999 19330.2 19326.3 16838.1 15237 12925.8 12323.8 11940.9 12270.9 12668.5 13066.2 13465 14006.5 14166.1 13812.9 13496.5 14952.3 15915.5 16595.4 16818.1 -9999 -9999 8280.97 7699.07 6594.04 5682.07 4999.29 4546.88 4081.49 3785.33 3934.45 4330.02 4807.52 5360.55 6184.02 7135.02 8255.02 9215.01 9825.53 9285.97 8169.33 7209.33 6249.33 5313.93
-9999 -9999 -9999 -9999 -9999 -9999 -9999 -9999 -9999 -9999 -9999 -9999 -9999 -9999 -9999 -9999 13987.4 14816.8 15682.4 16164.4 16460.7 17171.8 17931 18783.5 19690.2 20775.5 21788.1 22737.8 23354.4 -9999 -9999 -9999 -9999 19374.8 19175.2 18945.7 16656.9 15356.6 13903 13176.3 12899.5 13230.9 13628.5 14026.2 14423.8 14885.7 15072.5 14772.9 14458.1 14876.2 15359.7 16510.2 16734.2 -9999 9551.13 9021.14 8108.69 7024.78 6346.54 5904.52 5505.41 5041.49 4745.33 4894.45 5290.02 5754.05 6165.17 6707.03 7538.67 8652.66 9612.66 10223.2 9683.61 8566.98 7606.98 6671.58 5965.81
-9999 -9999 -9999 -9999 -9999 -9999 -9999 -9999 -9999 -9999 -9999 -9999 10508.7 11129.3 11714.5 12359.6 13245.5 14249 14745.3 15150.4 15614.2 16418.2 17346.4 18306.4 19266.4 20386.4 21346.4 22306.4 23177.9 23767.4 22919.6 21926.6 20681.2 19299.1 18602.4 17690.4 16580.2 15460.7 14743.3 14292.9 14019.5 14350.9 14748.5 15146.2 15543.8 16002.8 16185.6 15892.9 15578.1 15843.4 16176.6 18297.7 19080.3 19863.2 9501.05 9236.17 8584.05 7830.06 7420.7 7023.06 6625.41 6161.49 5865.33 6014.45 6410.02 6873.94 7271.59 7670.55 8166.75 9122.58 10076.6 10685 10143.6 9027.28 8095.32 7345.43 6698.33
-9999 -9999 -9999 -9999 -9999 -9999 -9999 -9999 -9999 -9999 -9999 -9999 10275.2 10402.9 11024.4 11888.7 12742.2 13387.7 13794.7 14268.1 14935.5 15988.8 16948.8 17908.8 18868.8 19988.8 20948.8 21908.8 22868.8 23625.2 22977.5 21997.7 20960.2 19830.6 18865.8 17905.6 16962 16100.9 15650.5 15252.9 14979.5 15310.9 15708.5 16106.2 16503.8 16962.8 17145.6 16852.9 16538.1 16829.9 17311.4 18070.6 18979.9 19702.2 -9999 9525.97 9252.62 8778.35 8380.7 7983.06 7585.41 7121.49 6825.33 6974.45 7370.02 7833.94 8231.58 8629.23 9028.19 9648.59 10478.2 10958.4 10336.5 9219.57 8294.46 7398.04 6450.85
-9999 -9999 -9999 -9999 -9999 -9999 -9999 -9999 -9999 -9999 -9999 8359.66 9094.01 9659.06 10531.1 11374 11948.8 12435.1 12910.5 13586.9 14475.1 15591.2 16551.2 17511.2 18471.2 19591.2 20551.2 21511.2 22471.2 23444.5 23240 22303.2 21343.2 20223.2 19263.2 18321.7 17562.6 17008.2 16610.5 16212.9 15939.5 16270.9 16668.5 17066.2 17463.8 17922.8 18106 17769.7 17357.2 17775.2 18142.8 18504.1 19016.9 19654.5 11328.9 10770.7 10217.5 9738.34 9340.7 8943.05 8545.41 8081.49 7785.33 7934.45 8330.02 8793.94 9191.58 9589.23 9986.87 10464.4 10942.6 10890.9 10053.2 8933.21 7973.21 7013.21 6053.21
-9999 -9999 -9999 -9999 -9999 -9999 -9999 -9999 -9999 -9999 7211.13 7561.75 8169.02 9174.01 10026.9 10591.1 11005.2 11541.3 12220.2 13117.5 14073.5 15193.5 16153.5 17113.5 18073.5 19193.5 20153.5 21113.5 22073.5 23160.4 23473.3 22700.9 21740.9 20620.9 19677.3 18920.3 18436.5 17968.2 17570.5 17172.9 16899.5 17230.9 17628.5 18026.2 18423.8 18882.8 19066.7 18721.6 17583.2 18765.6 18889.2 18649.6 18740.2 -9999 11793.6 11576.1 11163 10698.3 10300.7 9903.05 9505.41 9041.49 8745.33 8894.44 9290.02 9753.93 10151.6 10549.2 10946.9 11320.4 11176.3 10620.5 9735.54 8618.41 7658.41 6698.41 5738.41
-9999 -9999 -9999 -9999 -9999 -9999 -9999 -9999 -9999 5347.45 5995.91 6717.91 7590.1 8570.65 9088.46 9493.57 9957.37 10761.3 11689.6 12649.6 13609.6 14729.6 15689.6 16649.6 17609.6 18729.6 19689.6 20649.6 21609.6 22729.5 23457.2 23142.7 22204.8 21117.6 20400.1 19949.8 19552.1 19088.2 18690.5 18292.9 18019.5 18350.9 18748.5 19146.2 19543.8 19926.4 19850 19820.6 -9999 -9999 -9999 -9999 -9999 -9999 12607.4 12566.4 12281.7 11818.3 11420.7 11023 10625.4 10161.5 9865.33 10014.4 10410 10873.9 11271.6 11666.7 11960.6 11511.2 10601.9 9908.16 9424.94 8704.01 7881.93 6976.24 6028
9701.83 -9999 -9999 -9999 -9999 -9999 -9999 -9999 3778.92 4671.74 5367.61 6231.88 7085.35 7730.82 8137.88 8611.3 9278.66 10332 11292 12252 13212 14332 15291.9 16251.9 17211.9 18331.9 19291.9 20251.9 21211.9 22331.9 23239.8 23401.9 22618.8 21757.8 21307.4 20909.8 20512.1 20048.2 19650.5 19252.9 18979.5 19310.9 19708.5 20106.2 20503.8 20850.4 -9999 -9999 -9999 -9999 -9999 -9999 -9999 -9999 -9999 13462.4 13233.3 12778.3 12380.7 11983 11585.4 11121.5 10825.3 10974.4 11370 11833.9 12228.3 12480.2 12163.4 11129.1 10169.1 9248.67 8550.52 8029.66 7590.59 7017.88 6294.1
9262.59 9315.73 9487.49 -9999 -9999 -9999 -9999 2314.21 3196.96 3987.95 4874.23 5717.17 6291.95 6778.28 7253.66 7930.04 8818.29 9934.32 10894.3 11854.3 12814.3 13934.3 14894.3 15854.3 16814.3 17934.3 18894.3 19854.3 20814.3 21934.3 22891.9 23512.3 23207 22665.1 22267.4 21869.8 21472.1 21008.2 20610.5 20212.9 19939.5 20270.9 20668.5 21066.2 21452.5 21622.6 -9999 -9999 -9999 -9999 -9999 -9999 -9999 -9999 -9999 14463 14201.4 13738.3 13340.7 12943 12545.4 12081.5 11785.3 11934.4 12330 12791.4 13042.6 12703.7 11849.5 10731.5 9771.48 8811.48 7886.63 7095.84 6673.6 6275.73 5854.08
8521.81 8800.02 9187.49 -9999 -9999 -9999 1358.29 1773.67 2486.89 3517.16 4370.06 4934.3 5348.37 5884.44 6563.38 7460.65 8416.68 9536.68 10496.7 11456.7 12416.7 13536.7 14496.7 15456.7 16416.7 17536.7 18496.7 19456.7 20416.7 21536.7 22496.7 23416 23917.2 23625.1 23227.4 22829.8 22432.1 21968.2 21570.5 21172.9 20899.5 21228.1 21592.3 21979.4 22326.6 21861.5 -9999 -9999 -9999 -9999 -9999 -9999 -9999 -9999 16013.5 15638.2 15164.4 14698.3 14300.7 13903 13505.4 13041.5 12745.3 12894.4 13290 13647.7 13288.1 12411.9 11453.8 10333.8 9373.84 8413.84 7453.84 6390.08 5738.2 5315.95 4918.31
7391.45 7720.16 8308.94 -9999 -9999 330.404 475.695 1067.07 1945.43 2917.7 3431.61 3836.72 4300.52 5104.47 6032.76 6992.76 7952.76 9072.76 10032.8 10992.8 11952.8 13072.7 14032.7 14992.7 15952.7 17072.7 18032.7 18992.7 19952.7 21072.7 22032.7 22992.7 23950 24570.3 24339.4 23949.8 23552.1 23088.2 22690.5 22294.5 21940.4 21937.4 21961 -9999 -9999 -9999 -9999 -9999 -9999 -9999 -9999 -9999 -9999 17170.4 17053.7 16679.9 16282.2 15818.3 15420.7 15023 14625.4 14161.5 13865.3 14012 14303.8 13854.3 12909.9 11949.9 10989.9 9869.92 8909.92 7949.92 6989.92 5869.92 4945.07 4251.31 3800.36
6445.21 6053.85 4864.44 4765.88 2505.64 1085.64 437.484 877.358 1629.11 2095.02 2481.03 2954.45 3621.81 4675.12 5635.12 6595.12 7555.12 8675.12 9635.11 10595.1 11555.1 12675.1 13635.1 14595.1 15555.1 16675.1 17635.1 18595.1 19555.1 20675.1 21635.1 22595.1 23555.1 24625.3 25078.7 24899.1 24512.1 24048.2 23650.5 23270 22524.2 -9999 -9999 -9999 -9999 -9999 -9999 -9999 -9999 -9999 -9999 -9999 -9999 18635.8 18040 17639.9 17242.2 16778.3 16380.7 15983 15585.4 15121.5 14822 14825.5 14506.6 13472.3 12512.3 11552.3 10592.3 9472.27 8512.27 7552.28 6592.28 5472.28 4512.28 3591.82 2893.66
5606.04 4925.36 4469.24 3987.65 2689.49 1645.04 1190.2 1249.13 1153.29 1145.28 1596.8 2273.19 3161.44 4277.47 5237.47 6197.47 7157.47 8277.47 9237.47 10197.5 11157.5 12277.5 13237.5 14197.5 15157.5 16277.5 17237.5 18197.5 19157.5 20277.5 21237.5 22197.5 23157.5 24277.1 25172.3 25641.1 25464.1 25008.2 24610.5 24260.3 24159.3 -9999 -9999 -9999 -9999 -9999 -9999 -9999 -9999 -9999 -9999 -9999 -9999 19405.4 18997.5 18599.9 18202.2 17738.3 17340.7 16943 16545.4 16071.6 15615 15048.2 14192.7 13074.6 12114.6 11154.6 10194.6 9074.63 8114.63 7154.63 6194.63 5074.63 4114.63 3154.63 2229.78
5076.87 4091.01 3569.32 3169.29 2693.66 2303.38 1840.99 1364.06 567.097 329.273 910.663 1807.93 2763.97 3883.97 4843.97 5803.97 6763.97 7883.97 8843.97 9803.97 10764 11884 12844 13804 14764 15884 16844 17804 18764 19884 20844 21804 22764 23884 24843.6 25754.2 26260.3 25968.2 25570.5 25226.9 25130.3 -9999 -9999 -9999 -9999 -9999 -9999 -9999 -9999 -9999 22765.1 22403.1 21302.7 20367 19957.5 19559.9 19162.2 18698.3 18300.7 17903 17440.2 16610 15735.7 14804.9 13846.7 12726.7 11766.7 10806.7 9846.69 8726.69 7766.69 6806.69 5846.69 4726.69 3766.69 2806.69 1846.69
4610.02 3492.95 2635.17 2067.5 1764.7 1878.99 1305.63 840.968 694.625 480.016 907.491 1806.97 2763.97 3883.97 4843.97 5803.97 6763.97 7883.97 8843.97 9803.97 10764 11884 12844 13804 14764 15884 16844 17804 18764 19884 20844 21804 22764 23884 24844 25804 26753 26980.5 26321.9 26012.5 -9999 -9999 -9999 -9999 -9999 -9999 -9999 -9999 -9999 24209.3 23551.7 22652.1 21972.6 21475.2 21077.5 20679.9 20282.2 19818.3 19411.2 18892.6 18079.3 16966.9 16006.9 15046.9 14086.9 12966.9 12006.9 11046.9 10086.9 8966.93 8006.93 7046.93 6086.93 4966.93 4006.93 3046.93 2096.16
4214.45 3094.45 2138.84 1289.99 831.329 1204.01 1043.33 513.536 931.014 1360.98 1627.5 2272.16 3160.47 4277.47 5237.47 6197.47 7157.47 8277.47 9237.47 10197.5 11157.5 12277.5 13237.5 14197.5 15157.5 16277.5 17237.5 18197.5 19157.5 20277.5 21237.5 22197.5 23157.5 24277.5 25237.5 26196.7 27093.6 27489.9 -9999 -9999 -9999 -9999 -9999 -9999 -9999 -9999 -9999 -9999 -9999 24511.7 23958.4 23345.2 22899.5 22435.2 22037.5 21639.9 21242.2 20768.9 20238.1 19433.2 18484.6 17364.6 16404.6 15444.6 14484.6 13364.6 12404.6 11444.6 10484.6 9364.58 8404.58 7444.58 6484.58 5364.58 4404.58 3458.42 2648.38
