public/models/data/input/map/ntb/1000/mapdriver.asc
NCOLS 388
NROWS 274
XLLCORNER 370313.940441
YLLCORNER 9267024.452423
CELLSIZE 1000.000000
NODATA_VALUE       -9999
[rows 204 to 237 of 274, columns 154 to 230 of 388]
977.547 223.513 682.925 1461.99 1275.87 504.359 420.893 1034.92 734.002 266.393 851.618 749.212 387.142 1065.57 1313.43 528.452 402.19 778.6 203.107 117.274 82.2425 121.064 859.4 1771.04 2617.6 2498.07 1451.6 558.233 140.696 327.822 180.301 130.249 367.005 1155.4 2100.18 1866.34 1117.03 509.418 442.539 3314.63 2910.72 2879.58 3404.48 4086.97 4719.96 5207.36 4169.02 3038.68 2556.14 2463.75 2831.04 -9999 -9999 -9999 -9999 -9999 -9999 -9999 -9999 -9999 -9999 -9999 -9999 -9999 -9999 -9999 -9999 -9999 -9999 -9999 -9999 -9999 -9999 -9999 -9999 -9999 -9999
897.202 180.151 631.165 1378.23 1103.31 303.846 694.874 1001.37 413.807 532.386 1176.39 629.013 450.514 1140.74 827.581 354.311 700.088 719.474 250.914 348.235 153.432 108.727 562.933 1386.8 2325.68 2591.01 1621.13 705.577 170.418 131.358 180.372 141.486 279.732 932.973 1727.69 1276.39 610.305 324.457 452.927 379.534 1448.9 1981.69 2729.33 3362.21 3873.34 5027.41 4473.53 3914.61 3513.21 3413.8 3631.39 -9999 -9999 -9999 -9999 -9999 -9999 -9999 -9999 -9999 -9999 -9999 -9999 -9999 -9999 -9999 -9999 -9999 -9999 -9999 -9999 -9999 -9999 -9999 -9999 -9999 -9999
954.064 199.79 711.29 1493.88 1269.23 392.772 673.703 804.457 320.812 820.224 993.93 422.642 518.899 818.663 365.21 473.106 764.716 357.226 537.298 781.441 310.845 163.035 279.694 1091.76 2051.1 2400.14 1452.36 608.807 167.925 202.086 118.972 158.6 177.408 621.678 1348.01 777.102 405.115 362.965 241.835 314.686 621.653 1283.19 2002.11 2548.09 2980.62 5471.04 5376.93 4870.85 4473.21 4363.78 4444.43 -9999 -9999 -9999 -9999 -9999 -9999 -9999 -9999 -9999 -9999 -9999 -9999 -9999 -9999 -9999 -9999 -9999 -9999 -9999 -9999 -9999 -9999 -9999 -9999 -9999 -9999
983.321 248.834 916.408 1701.87 1483.07 757.907 869.849 567.319 430.008 989.261 543.531 315.729 511.942 305.849 234.805 670.48 471.089 334.976 1049.89 1236.63 598.366 139.451 312.062 1121.89 2051.72 2401.82 1703.59 992.912 339.74 159.878 79.6947 85.0838 78.7143 355.617 956.447 613.213 248.705 187.416 294.893 402.67 266.968 572.664 1227.74 1655.38 2067.8 4360.37 6230.92 5830.66 5435.9 5370.35 5907.78 -9999 -9999 -9999 -9999 -9999 -9999 -9999 -9999 -9999 -9999 -9999 -9999 -9999 -9999 -9999 -9999 -9999 -9999 -9999 -9999 -9999 -9999 -9999 -9999 -9999 -9999
927.23 245.176 951.924 1848.31 2095.66 1747.3 1418.02 749.491 693.742 536.627 261.772 435.86 293.773 281.703 301.275 446.855 372.239 910.077 1213.36 848.432 591.588 178.781 704.029 1503.98 1834.42 1619.61 1779.21 1361.29 612.747 212.528 185.862 68.9191 72.0312 272.905 508.512 612.714 305.154 221.089 567.471 1022.69 669.093 290.097 361.251 784.503 1654.4 2440.02 7116.74 6905.77 6381.44 6245.45 6607.04 -9999 -9999 -9999 -9999 -9999 -9999 -9999 -9999 -9999 -9999 -9999 -9999 -9999 -9999 -9999 -9999 -9999 -9999 -9999 -9999 -9999 -9999 -9999 -9999 -9999 -9999
626.342 250.357 1080.14 1987.27 2574.26 2278.08 1469.91 816.928 437.458 334.598 384.266 208.85 210.535 231.706 286.143 409.943 774.821 1102.66 696.856 267.499 197.264 278.188 998.941 1619.07 1317.56 742.213 1149.75 1528 1252.78 705.954 119.581 87.4237 82.1415 330.528 1058.48 1286.56 797.694 248.475 899.172 1564.31 1372.94 789.998 322.207 572.843 1482.01 1787.06 7862.57 7897.7 7985.53 -9999 -9999 -9999 -9999 -9999 -9999 -9999 -9999 -9999 -9999 -9999 -9999 -9999 -9999 -9999 -9999 -9999 -9999 -9999 -9999 -9999 -9999 -9999 -9999 -9999 -9999 -9999 -9999
453.813 221.074 944.336 1689.25 2213.6 1977.35 982.499 379.982 460.31 829.4 456.91 214.819 334.862 315.902 494.936 708.986 703.164 540.944 234.176 259.787 203.671 551.687 1316.21 1330.01 919.124 396.642 687.672 1247.08 1131.75 627.413 174.398 251.407 129.128 415.294 1410.19 1709 940.271 274.634 1039.85 1727.68 1487.02 750.405 301.504 875.164 1702.69 2001.23 8131.98 8131.98 -9999 -9999 -9999 -9999 -9999 -9999 -9999 -9999 -9999 -9999 -9999 -9999 -9999 -9999 -9999 -9999 -9999 -9999 -9999 -9999 -9999 -9999 -9999 -9999 -9999 -9999 -9999 -9999 -9999
360.68 213.866 407.399 974.978 1359.75 1476.01 745.903 511.716 897.791 1205.09 979.93 786.667 741.581 518.613 356.38 275.075 185.362 196.973 246.512 312.185 272.644 888.355 1199.95 709.547 330.353 321.23 502.313 538.536 360.329 162.427 463.004 447.539 145.569 618.159 1649.57 1909.39 1079.88 360.458 1050.02 1534.36 951.272 311.106 646.6 1299.65 1482.94 1492.27 -9999 -9999 -9999 -9999 -9999 -9999 -9999 -9999 -9999 -9999 -9999 -9999 -9999 -9999 -9999 -9999 -9999 -9999 -9999 -9999 -9999 -9999 -9999 -9999 -9999 -9999 -9999 -9999 -9999 -9999 -9999
251.942 704.266 411.228 234.234 413.028 825.419 628.903 295.328 365.291 547.361 975.681 821.655 385.177 233.151 349.017 570.102 597.247 235.114 336.488 361.223 929.454 1462.93 1150.61 724.752 483.581 208.207 217.531 230.947 364.804 702.903 1025.46 558.426 147.375 658.646 1737.84 2192.72 1613.13 1146.61 1510.84 1613.3 851.077 645.654 1215.91 1327.3 676.027 686.595 -9999 624.264 708.406 1345.45 -9999 6002.69 6059.01 6760.88 7638.12 7638.4 7598.2 7462.84 -9999 -9999 -9999 -9999 -9999 -9999 -9999 -9999 -9999 -9999 -9999 -9999 -9999 -9999 -9999 -9999 -9999 -9999 -9999
550.691 1234.62 798.848 262.564 326.511 787.727 872.115 482.244 245.738 175.451 293.957 302.444 300.567 662.262 758.681 689.204 430.326 246.344 244.023 758.926 1539.41 1846.3 967.154 400.39 315.474 174.415 481.506 767.167 1140.69 1595.05 1501.28 670.239 222.722 728.334 1778 2402.57 2336.39 2086.42 2138.62 1889.52 1385.67 1317.08 1247.2 941.37 366.373 161.547 200.592 447.769 783.971 1506.04 2822.32 4812.11 5836.23 6570.98 6828.03 6904.03 7080.04 7171.14 -9999 -9999 -9999 -9999 -9999 -9999 -9999 -9999 -9999 -9999 -9999 -9999 -9999 -9999 -9999 -9999 -9999 -9999 -9999
814.133 1570.11 1201.42 609.375 470.624 723.856 391.086 327.44 183.165 136.887 277.891 466.303 450.856 515.379 333.367 347.359 391.619 217.124 425.694 1274.9 2097.8 2217.22 1442.7 988.197 559.943 208.988 235.053 650.166 1451.58 2182.7 1727.7 786.187 257.966 649.124 1513.61 2024.28 2414.9 2444.82 2017.66 1404.65 1015.65 1047.43 621.106 388.493 254.658 124.686 536.945 620.978 1214.76 1980.17 3044.18 4136.72 5288.3 6134.81 6283.72 6028.54 6287.83 6733.59 -9999 -9999 -9999 -9999 -9999 -9999 -9999 -9999 -9999 -9999 -9999 -9999 -9999 -9999 -9999 -9999 -9999 -9999 -9999
549.559 1233.46 1650.5 1422.23 1044.64 551.573 255.631 323.509 192.309 341.452 330.267 292.306 327.598 405.882 480.255 758.166 593.896 234.972 808.221 1677.33 2598.83 2783.44 2273.4 1619.99 816.936 569.521 313.827 454.4 1337.97 2273.93 2049.68 1108.06 342.519 257.658 769.178 1177.46 1772.43 1767.05 1436.29 708.485 335.52 405.855 196.032 155.391 160.977 126.175 496.999 1174.51 1870.75 2563.75 3472.97 4420.4 5385.02 6034.43 5434.37 5150.63 5719.34 3548.53 -9999 -9999 -9999 -9999 -9999 -9999 -9999 -9999 -9999 -9999 -9999 -9999 -9999 -9999 -9999 -9999 -9999 -9999 -9999
323.287 514.384 1405.3 1652.39 929.028 268.037 416.771 186.849 238.071 248.202 388.137 498.734 703.194 693.355 419.405 333.475 205.525 218.841 1089.31 2014.68 2882.99 2807.26 2072.62 1618.54 1245.69 1017.06 328.413 339.006 1122.51 2074.13 2226.64 1353.17 567.582 311.871 184.25 537.377 1109.46 799.3 642.339 439.205 497.873 352.379 269.997 118.288 194.047 152.057 306.123 1194.58 2129.42 3005.96 3825.78 4574.99 5337.39 5715.95 4812.19 3933.7 3284.32 2990.79 2790.93 2925.41 -9999 -9999 -9999 -9999 -9999 -9999 -9999 -9999 -9999 -9999 -9999 -9999 -9999 -9999 -9999 -9999 -9999
784.837 316.785 774.516 1039.38 545.571 375.111 786.423 421.311 427.492 496.444 364.766 254.927 236.622 254.1 386.312 429.875 289.086 249.049 1149.91 2097.97 2676.59 2336.41 1403.45 792.692 561.556 482.959 178.138 260.385 833.74 1710.92 1784.19 1260.03 634.528 370.778 173.143 287.694 614.091 512.387 211.104 246.276 323.128 200.556 196.646 163.101 195.249 108.853 428.379 1165.71 1875.66 2513.23 3286.97 4001.74 4804.03 5306 4404.73 3446.43 2615.55 2075.99 1856.96 2094.57 -9999 -9999 -9999 -9999 -9999 -9999 -9999 -9999 -9999 -9999 -9999 -9999 -9999 -9999 -9999 -9999 -9999
1350.24 641.15 429.281 521.964 366.012 720.711 832.792 464.947 314.394 314.325 282.144 251.427 409.246 656.583 672.72 372.277 185.186 447.308 1362.15 2162.61 2196.03 1631.16 907.449 356.173 170.415 173.49 200.292 177.151 600.503 1210.97 944.724 704.261 337.717 139.168 131.06 156.6 240.452 352.998 252.914 158.79 131.918 91.802 180.291 117.625 126.132 94.0568 307.859 652.513 1172.49 1816.05 2638.69 3447.96 4358.53 4899.36 3987.2 3048.8 2096.63 1259.65 981.459 1512.09 -9999 -9999 -9999 -9999 -9999 -9999 -9999 -9999 -9999 -9999 -9999 -9999 -9999 -9999 -9999 -9999 -9999
1884.75 1344.29 850.861 388.57 567.733 847.839 330.781 347.163 511.727 304.11 230.349 300.837 412.124 414.771 294.248 238.935 346.581 933.588 1730.56 1899.06 1633.15 911.008 308.688 323.389 500.248 559.153 218.588 155.96 225.835 574.593 599.229 232.398 254.249 171.195 183.987 173.706 240.42 199.824 394.15 230.749 367.307 381.669 177.508 78.8552 79.4067 69.1307 126.857 213.025 505.238 1153.36 2084.72 3012.94 3939.42 4446.07 3743.03 2800.96 1879.49 945.172 453.394 1436.4 -9999 -9999 -9999 -9999 -9999 -9999 -9999 -9999 -9999 -9999 -9999 -9999 -9999 -9999 -9999 -9999 -9999
1367.93 1680.81 1515.7 748.102 504.153 533.495 341.105 361.89 315.731 302.52 251.643 229.46 182.075 313.681 485.255 306.814 560.179 1307.8 1243.55 888.815 910.333 742.742 526.975 665.029 543.445 290.348 323.257 453.132 178.238 181.764 707.922 805.621 585.503 154.166 139.256 152.722 167.776 128.079 120.789 143.465 339.766 212.592 87.3866 224.98 554.807 547.74 183.248 283.339 189.598 584.666 1637.71 2562.61 3405.45 3571.37 3357.83 2443 1578.1 872.857 295.145 742.218 1638.44 2347.03 -9999 -9999 -9999 -9999 -9999 -9999 -9999 -9999 -9999 -9999 -9999 -9999 -9999 -9999 -9999
608.289 1263.17 1717.31 902.234 340.836 304.324 349.296 344.129 523.761 632.859 669.699 423.778 330.782 466.474 453.652 336.07 767.211 1100.59 601.545 310.313 366.153 539.319 534.479 272.057 146.71 78.5516 559.481 518.629 280.034 151.779 822.239 1331.11 840.029 175.907 144.619 236.326 293.527 125.57 103.825 131.63 139.775 151.525 90.7757 355.992 990.544 1041.73 372.372 483.28 239.516 471.33 1472.41 2194.36 2496.08 2565.25 2730.79 2089.82 1178.04 429.142 113.012 570.654 1499.42 2199.89 -9999 -9999 -9999 -9999 -9999 -9999 -9999 -9999 -9999 -9999 -9999 -9999 -9999 -9999 -9999
635.546 1302.23 1495.55 904.318 350.018 423.667 490.189 350.645 403.611 553.766 498.96 354.163 290.203 385.655 399.971 424.51 372.698 452.76 622.376 682.973 642.482 431.965 205.919 133.945 172.748 104.23 452.236 411.384 287.832 189.28 738.199 1116.13 964.951 260.636 183.676 549.015 474.317 143.01 147.11 200.419 140.721 144.339 164.397 270.198 819.654 1305.12 1020.35 840.139 296.573 257.76 1004.61 1506.42 1564.59 1608.76 1882.49 1671.77 1062.83 306.554 -9999 -9999 -9999 -9999 -9999 -9999 -9999 -9999 -9999 -9999 -9999 -9999 -9999 -9999 -9999 -9999 -9999 -9999 -9999
1330.88 1445.91 837.658 795.059 471.087 315.732 367.661 334.391 392.406 395.617 431.847 504.936 758.772 907.317 452.861 226.87 199.291 575.919 1197.67 1382.54 1027.65 459.146 142.118 138.31 373.673 222.586 260.728 365.822 309.981 148.334 260.97 603.174 931.89 333.26 364.983 908.24 699.228 177.157 128.175 229.001 387.733 240.212 349.783 470.129 665.201 1464.54 1313.5 592.745 177.618 102.99 432.746 696.398 618.619 670.874 948.832 963.592 1069.05 624.301 403.553 -9999 -9999 -9999 -9999 -9999 -9999 -9999 -9999 -9999 -9999 -9999 -9999 -9999 -9999 -9999 -9999 -9999 -9999
1178 968.618 369.797 461.635 423.104 276.886 192.285 218.714 217.076 537.331 755.669 969.342 910.601 654.917 460.247 418.65 253.691 737.48 1617.58 1378.7 544.328 201.684 403.186 266.81 435.719 232.927 440.726 370.932 237.338 399.663 128.798 370.194 1004.17 884.24 276.854 608.175 1009.56 521.306 92.4033 452.362 1069.67 823.115 248.961 540.393 1064.26 1579.52 940.428 327.274 610.955 781.844 289.418 108.909 123.981 73.5072 141.096 281.446 719.115 904.977 786.631 587.212 779.828 -9999 -9999 -9999 -9999 -9999 -9999 -9999 -9999 -9999 -9999 -9999 -9999 -9999 -9999 -9999 -9999
734.72 400.324 193.281 272.445 218.674 228.142 315.404 460.52 287.45 222.153 250.763 525.383 417.879 314.68 190.688 193.584 146.637 453.497 1226.37 1042.64 308.452 428.42 881.312 844.507 806.288 301.391 614.99 470.272 389.078 711.501 184.828 286.062 945.056 1254.47 454.591 363.469 968.962 698.358 137.303 540.416 1285.45 1317.38 494.71 296.08 972.94 1176.19 497.083 348.699 935.257 1168.06 501.011 136.938 158.113 140.538 84.3589 87.1555 150.416 312.876 266.121 111.563 -9999 -9999 -9999 -9999 -9999 -9999 -9999 -9999 -9999 -9999 -9999 -9999 -9999 -9999 -9999 -9999 -9999
718.115 251.784 185.425 178.65 240.721 223.907 371.213 734.886 484.987 542.623 210.336 231.61 414.8 344.12 199.972 211.111 209.261 204.528 907.841 957.49 286.157 504.004 1401.91 1585.96 1052.98 313.421 423.14 344.917 608.355 535.373 217.281 307.119 661.011 1318.51 773.811 327.011 721.54 966.87 274.701 306.228 1092.14 1600.56 774.367 488.569 1108.77 853.014 249.079 747.584 1338.83 1024.36 247.934 222.589 211.58 347.399 138.508 64.9928 67.184 70.4539 90.0332 109.921 -9999 -9999 -9999 -9999 -9999 -9999 -9999 -9999 -9999 -9999 -9999 -9999 -9999 -9999 -9999 -9999 -9999
542.086 302.382 280.366 371.257 370.333 298.882 320.075 637.912 334.366 712.964 538.809 161.344 180.482 246.36 304.734 494.509 414.495 293.506 1065.18 1038.59 313.486 619.819 1669.34 1998.88 1271.28 658.152 344.013 338.021 880.488 548.3 331.952 365.197 648.293 1511.24 1226.02 490.314 322.355 637.379 451.882 513.198 1229.83 1616.55 1056.33 1002.25 1281.92 696.473 370.43 1222.73 1674.49 1152.22 588.364 620.165 279.108 225.963 128.776 86.2857 196.249 257.099 196.284 278.823 -9999 -9999 -9999 -9999 -9999 -9999 -9999 -9999 -9999 -9999 2847.95 2895.29 2966.3 -9999 -9999 -9999 -9999
475.76 342.674 222.809 309.547 638.311 790.644 276.755 666.191 352.573 399.295 443.302 740.061 751.056 932.306 652.501 366.75 402.773 249.825 1067.17 1241.09 482.562 588.56 1622.43 2239.99 1855.73 1014.18 194.892 307.231 767.955 903.745 699.357 378.535 563.256 1280.48 834.312 360.163 289.22 282.352 977.945 1295.32 1404.38 1031.25 449.692 827.324 1428.54 1056.2 943.866 1604.39 1586.36 795.538 630.011 1051.09 1013.17 985.742 640.03 227.92 133.359 161.418 179.713 168.432 306.236 432.669 -9999 -9999 -9999 -9999 -9999 -9999 -9999 858.973 1860.24 2311.67 1973.47 1617.93 1707.37 1576.54 -9999
698.24 256.116 202.812 177.586 656.304 964.136 296.853 474.702 293.892 277.606 449.627 962.399 795.671 925.455 767.45 369.624 205.214 426.93 1320.84 1556.44 1001.38 951.444 1797.43 2437.17 1979.52 1023.06 243.195 365.726 527.636 989.705 543.014 273.975 439.342 1039.7 515.738 490.2 629.825 272.684 996.266 1368.46 798.185 371.471 382.892 1036.39 1727.53 1845.69 1845.99 2130.54 1704.88 823.021 255.753 787.489 1500.59 1833.19 1202.6 446.08 190.48 439.416 560.612 393.071 466.088 582.444 -9999 -9999 -9999 -9999 0 0 -9999 638.72 1331.88 1844.86 1315.07 770.856 1094.05 1468.77 886.396
939.189 514.064 368.413 149.513 445.037 1003.98 391.2 377.342 297.049 315.06 695.922 600.352 330.972 690.48 1159.77 533.642 202.18 526.049 1029.88 1439.81 1664.8 1827.9 2367.49 2779.27 2208.47 1251.05 357.983 359.546 372.853 565.774 238.861 311.499 406.891 1122.09 1101.53 1194.41 948.564 270.461 688.64 1137.37 643.886 240.555 384.939 927.212 1524.45 1971.49 2328.07 2601.45 1997.57 1089.96 256.864 588.311 1519.55 2166.51 1391.8 545.685 203.838 565.474 1183.23 1080.26 1144.43 1145.13 -9999 -9999 -9999 -9999 0 0 -9999 547.147 1308.46 1684.15 948.356 273.841 777.104 1307.11 741.399
452.523 376.398 578.382 157.61 407.606 1081.97 549.118 273.549 231.089 551.087 403.357 268.539 239.58 572.056 1114.07 523.397 196.46 225.274 333.607 919.842 1796.85 2561.48 3210.39 3322.21 2606.38 1661.66 628.58 296.319 262.219 241.946 439.051 413.074 616.914 1483.86 1975.15 1657.38 868.446 232.608 546.847 1278.23 1287.11 823.113 372.668 367.347 834.973 1196.17 1911.45 2420.62 1861.19 919.695 245.988 860.93 1728.36 2069.21 1141.23 406.313 451.856 859.653 1683.68 1994.11 1826.36 1166 473.261 586.641 -9999 860.14 502.769 189.011 444.494 898.376 1715.96 1900.51 1066.87 303.368 202.639 630.973 692.563
349.205 747.759 307.775 218.592 498.026 761.681 406.062 151.594 235.479 526.649 320.013 297.405 350.469 286.708 585.082 232.911 402.797 725.831 591.848 1088.22 1999.83 2916 3589.62 3350.87 2818.55 2050.84 1023.71 462.584 464.341 903.09 817.759 369.505 801.441 1738.96 2534.16 1878.55 933.179 243.145 790.683 1648.99 2079.08 1711.81 809.068 257.614 226.443 426.626 1326.97 1895.38 1449.47 552.814 332.063 1149.48 2059.18 2017.73 977.439 336.711 752.395 1547.34 2313.54 2837.57 2491.83 1784.73 1224.59 874.415 120.624 422.859 457.689 258.716 758.528 1400.79 2013.67 2217.14 1583.26 780.973 429.463 958.009 942.174
344.047 657.751 247.397 285.921 378.706 277.424 365.926 304.139 278.209 349.806 537.88 715.143 490.363 304.863 228.73 378.557 1069.8 1586.93 1463.71 1680.47 2183.47 2724.28 2792.38 2437.11 2174.53 1994.52 1628.89 1349.47 1339.74 1619.4 1055.51 789.285 1292.25 2107.1 2837.82 2125.83 1170.79 333.221 517.929 1338.18 2154.78 1988.28 957.06 307.054 324.362 265.781 870.682 1534.95 1251.26 434.046 700.988 1568.65 2430.44 2300.07 1242.59 435.03 526.105 1398.46 2503.05 3215.61 3058.68 2418.73 1524.12 749.61 162.27 241.034 401.021 275.736 614.037 836.436 1368.09 1933.11 2018.21 1588.66 1191.95 1320.73 1120.31
301.967 686.14 199.281 219.934 209.159 342.158 1019.34 1094.72 968.613 1103.7 1400.12 1403.91 1115.22 692.399 176.544 661.355 1530.9 1996.11 1731.81 1604.03 1615.64 1840.21 1842.47 1481.45 1216.78 1242.16 1751.04 1983.15 2166.63 2300.75 1838.49 1705.56 2072.2 2640.13 3121.65 2440.34 1530.19 696.628 253.113 941.98 1846.73 1792.02 818.912 359.778 710.072 409.144 467.009 1179.05 1409.23 1000.16 1308.42 2029.65 2811.78 2577.22 1512.93 782.527 807.01 1539.47 2640.91 3347.68 3147.09 2468.63 1477.22 646.751 368.601 301.419 258.18 294.815 408.591 308.755 658.315 1479.53 2263.64 2460.54 2057.28 1638.3 875.168
388.086 529.768 129.664 134.884 263.822 776.805 1631.34 1997 1832.51 1726.11 1631.1 1202.8 749.278 425.229 316.333 1077.91 1704.11 1540.36 971.754 722.868 669.037 881.051 900.406 562.11 333.242 514.598 1098.44 1526.71 1915.14 2214.59 2428.57 2573.36 2885.35 2953.47 2707.57 2330.01 1779.59 948.29 255.175 956.547 1752.2 1457.07 482.158 477.214 1118.33 770.312 243.252 862.815 1621.7 1865.64 2174.48 2666.07 3254.93 2949.82 2024.8 1584.62 1633.18 2094.65 2992.56 3325.16 2638.51 1935.59 1422.32 1169.4 908.19 478.861 244.103 295.622 797.245 654.73 337.079 1161.95 2118.15 2768.01 2187.92 1438.47 766.071
180.038 157.033 139.861 259.34 846.142 1543.37 2279.52 2289.12 1551.19 965.408 743.259 521.543 233.221 392.222 914.253 1269.69 1050.66 661.284 251.972 251.606 211.877 274.619 313.972 347.92 394.063 270.319 266.918 569.16 881.798 1189.29 1666.92 2303.66 2586.09 2133.84 1625.52 1323.58 1119.47 707.739 284.214 1063.21 1647.97 1104.31 298.361 722.65 1451.09 1068.45 318.973 504.259 1411.53 2344.48 3192.93 3677.61 3974.85 3592.91 3044.34 2698.47 2748.11 3112.66 3355.89 2841.03 2053.59 1194.22 563.198 672.112 572.168 180.944 233.196 637.099 1332.09 1307.86 956.566 1483.42 2353.15 2594.29 1643.66 816.389 296.302
168.529 338.842 227.342 506.617 1332.17 2183.63 2667.44 2008.74 1072.79 330.141 213.125 326.826 659.897 987.487 1042.25 806.624 376.028 244.828 615.56 968.313 986.081 1057.82 1117.96 1234.62 1124.27 669.219 207.332 374.587 349.703 406.637 976.822 1818.68 1935.95 1357.99 725.409 472.768 386.535 309.344 612.475 1444.98 1767.92 1049.45 268.162 836.357 1641.09 1390.43 463.978 548.156 1480.31 2440.31 3546.69 4354.7 4725.4 4471.8 4003.77 3628.49 3520.89 3572.41 3204.95 2363.18 1491.23 758.031 272.528 175.321 200.809 305.062 423.544 875.939 1744.12 2102.62 1898.41 2239.57 2765.02 2522.17 1460.09 664.551 511.852
