public/models/data/input/map/ntb/1000/mapdplant.asc
NCOLS 388
NROWS 274
XLLCORNER 370313.940441
YLLCORNER 9267024.452423
CELLSIZE 1000.000000
NODATA_VALUE       -9999
[rows 170 to 203 of 274, columns 231 to 307 of 388]
47260.9 46809.4 46736.8 47129.5 50393.1 53138.6 53447.5 53162.4 52598.2 49935.6 46481.2 45621.7 44770.3 44028.2 42130.9 40788 40546.7 39826.5 39437.5 39039.9 38642.2 38178.3 37780.7 37383 37010.5 37119.6 -9999 -9999 -9999 -9999 -9999 -9999 -9999 -9999 -9999 -9999 -9999 -9999 -9999 -9999 -9999 -9999 -9999 -9999 -9999 -9999 -9999 -9999 -9999 -9999 -9999 -9999 -9999 -9999 -9999 -9999 -9999 -9999 -9999 -9999 -9999 -9999 -9999 -9999 -9999 -9999 -9999 -9999 -9999 -9999 -9999 -9999 -9999 -9999 -9999 -9999 -9999
46300.9 45849.4 45727.1 46045.7 46165 53398.5 53692.3 53390.7 53168.9 47097.8 46821.8 46098.9 45733.8 40861.8 40540.8 40308.3 39442.6 38874.7 38477.5 38079.9 37682.2 37218.3 36820.7 36423 36051.8 36871.6 -9999 -9999 -9999 -9999 -9999 -9999 -9999 -9999 -9999 -9999 -9999 -9999 -9999 -9999 -9999 -9999 -9999 -9999 -9999 -9999 -9999 -9999 -9999 -9999 -9999 -9999 -9999 -9999 -9999 -9999 -9999 -9999 -9999 -9999 -9999 -9999 -9999 -9999 -9999 -9999 -9999 -9999 -9999 -9999 -9999 -9999 -9999 -9999 -9999 -9999 -9999
45180.9 44729.4 44605.1 44845.6 44914.7 -9999 -9999 -9999 -9999 -9999 -9999 46432.5 45155.8 39442.6 39010 38605.1 38216.5 37755.2 37357.5 36959.9 36562.2 36098.3 35700.7 35303 34905.8 34511.3 -9999 -9999 -9999 -9999 -9999 -9999 -9999 -9999 -9999 -9999 -9999 -9999 -9999 -9999 -9999 -9999 -9999 -9999 -9999 -9999 -9999 -9999 -9999 -9999 -9999 -9999 -9999 -9999 -9999 -9999 -9999 -9999 -9999 -9999 -9999 -9999 -9999 -9999 -9999 -9999 -9999 -9999 -9999 -9999 -9999 -9999 -9999 -9999 -9999 -9999 -9999
44220.9 43769.4 43645.1 43929.4 44027.8 -9999 -9999 -9999 -9999 -9999 -9999 -9999 -9999 38505.5 38053 37656.7 37259.1 36795.2 36397.5 35999.9 35602.2 35138.3 34740.7 34343 33945.4 33423.8 32748.4 -9999 -9999 -9999 -9999 -9999 -9999 -9999 -9999 -9999 -9999 -9999 -9999 -9999 -9999 -9999 -9999 -9999 -9999 -9999 -9999 -9999 -9999 -9999 -9999 -9999 -9999 -9999 -9999 -9999 -9999 -9999 -9999 -9999 -9999 -9999 -9999 -9999 -9999 -9999 -9999 -9999 -9999 -9999 -9999 -9999 -9999 -9999 -9999 -9999 -9999
43260.9 42809.4 42688.5 43123.2 43318.5 -9999 -9999 -9999 -9999 -9999 -9999 -9999 -9999 37698.5 37116.3 36696.7 36299.1 35835.2 35437.5 35039.9 34642.2 34178.3 33780.7 33383 32985.4 32535 32325.1 -9999 -9999 -9999 -9999 -9999 -9999 -9999 -9999 -9999 -9999 -9999 -9999 -9999 -9999 -9999 -9999 -9999 -9999 -9999 -9999 -9999 -9999 -9999 -9999 -9999 -9999 -9999 -9999 -9999 -9999 -9999 -9999 -9999 -9999 -9999 -9999 -9999 -9999 -9999 -9999 -9999 -9999 -9999 -9999 -9999 -9999 -9999 -9999 -9999 -9999
42300.9 41849.4 41737.1 42198.1 42684.4 -9999 -9999 -9999 -9999 -9999 -9999 -9999 36424.9 37360.4 36256.4 35744.1 35339.1 34875.2 34477.5 34079.9 33682.2 33218.3 32820.7 32423 32025.4 31571.7 31347.6 -9999 -9999 -9999 -9999 -9999 -9999 -9999 -9999 -9999 -9999 -9999 -9999 -9999 -9999 -9999 -9999 -9999 -9999 -9999 -9999 -9999 -9999 -9999 -9999 -9999 -9999 -9999 -9999 -9999 -9999 -9999 -9999 -9999 -9999 -9999 -9999 -9999 -9999 -9999 -9999 -9999 -9999 -9999 -9999 -9999 -9999 -9999 -9999 -9999 -9999
41180.9 40727.6 40729.5 41066.3 42914 -9999 -9999 -9999 -9999 35931.7 36140.6 36267.9 35968.5 35468.9 35239.5 34605.8 34219.1 33755.2 33357.5 32959.9 32562.2 32098.3 31700.7 31303 30905.4 30444.1 30018.1 29761.3 -9999 -9999 -9999 -9999 -9999 -9999 -9999 -9999 -9999 -9999 -9999 -9999 -9999 -9999 -9999 -9999 -9999 -9999 -9999 -9999 -9999 -9999 -9999 -9999 -9999 -9999 -9999 -9999 -9999 -9999 -9999 -9999 -9999 -9999 -9999 -9999 -9999 -9999 -9999 -9999 -9999 -9999 -9999 -9999 -9999 -9999 -9999 -9999 -9999
40220.9 39768.1 39651.8 39807.9 -9999 -9999 -9999 -9999 -9999 35888.1 35746.8 35397 35133.6 34464.3 34053.9 33656.7 33259.1 32795.2 32397.5 31999.9 31602.2 31138.3 30740.7 30343 29945.4 29481.5 29117 28967.9 -9999 -9999 -9999 -9999 -9999 -9999 -9999 -9999 -9999 -9999 -9999 -9999 -9999 -9999 -9999 -9999 -9999 -9999 -9999 -9999 -9999 -9999 -9999 -9999 -9999 -9999 -9999 -9999 -9999 -9999 -9999 42571 42778.3 -9999 45312.2 45625.1 45833.8 -9999 -9999 -9999 -9999 -9999 -9999 -9999 -9999 -9999 -9999 -9999 -9999
39260.9 38802 38677.2 38857.8 -9999 -9999 -9999 -9999 -9999 35822.7 34951.5 34303.1 33983 33485.5 33094.4 32696.7 32299.1 31835.2 31437.5 31039.9 30642.2 30178.3 29780.7 29383 28985.4 28521.5 28177.5 27940.6 27780.6 -9999 -9999 -9999 -9999 -9999 -9999 -9999 -9999 -9999 -9999 -9999 -9999 -9999 -9999 -9999 -9999 -9999 -9999 -9999 -9999 -9999 -9999 -9999 -9999 -9999 -9999 -9999 -9999 -9999 -9999 42232.3 42560.9 43415.6 44608.2 45476.5 46036 -9999 -9999 -9999 -9999 -9999 -9999 -9999 -9999 -9999 -9999 -9999 -9999
38300.9 37837.9 37502.6 37025.7 36720.7 -9999 -9999 -9999 -9999 33690.3 33622.2 33372.7 32992.2 32525.7 32134.4 31736.7 31339.1 30875.2 30477.5 30079.9 29682.2 29218.3 28820.7 28423 28025.4 27561.5 27226 27154.1 27346.9 -9999 -9999 -9999 -9999 -9999 -9999 -9999 -9999 -9999 -9999 -9999 -9999 -9999 -9999 -9999 -9999 -9999 -9999 -9999 -9999 -9999 -9999 -9999 -9999 -9999 -9999 -9999 -9999 40283.2 40509.6 41280.8 42093.1 43186.1 44155.1 45114.5 46007 46979.7 47584.1 -9999 -9999 -9999 -9999 -9999 -9999 -9999 -9999 -9999 -9999
37205.2 36717 36319.3 35922 35416.3 34903.4 -9999 -9999 -9999 31739.5 32302.1 32273 31876 31412 31014.4 30616.7 30219.1 29755.2 29357.5 28959.9 28562.2 28098.3 27700.7 27303 26905.4 26441.5 26106 26035.3 26297.4 26519.3 26663.4 26783 26860.6 -9999 -9999 -9999 -9999 -9999 -9999 -9999 -9999 -9999 -9999 -9999 -9999 -9999 -9999 -9999 -9999 -9999 -9999 -9999 -9999 -9999 -9999 -9999 -9999 39187.1 39845.8 40657 41611.1 42731.1 43691.1 44651.1 45611.1 46731.1 47684.9 48634.8 49587.8 50707.7 51637 52204 53457.4 53353.7 52116.7 51735 51650.9
36456.9 35767.2 35359.3 34961.7 34684 34673.1 -9999 -9999 -9999 31529.9 31521.3 31312 30916 30452 30054.4 29656.7 29259.1 28795.2 28397.5 27999.9 27602.2 27138.3 26740.7 26343 25945.4 25481.5 25146 25075.3 25339.1 25796.4 26181.9 26514.3 26476.3 -9999 -9999 -9999 -9999 -9999 -9999 -9999 -9999 -9999 -9999 -9999 -9999 -9999 -9999 -9999 -9999 -9999 -9999 -9999 -9999 -9999 -9999 36815.5 37303.3 38530 39300 40253.4 41213.4 42333.4 43293.4 44253.4 45213.4 46333.4 47293.4 48253.4 49213.4 50333.4 51293.4 52236.8 52801.1 52463.6 51915.2 51522 50847.5
35987.6 34980.2 34410.9 34001.7 33728.6 33968.1 -9999 -9999 -9999 30961.4 30717.3 30353.6 29956 29492 29094.4 28696.7 28299.1 27835.2 27437.5 27039.9 26642.2 26178.3 25780.7 25383 24985.4 24521.5 24186 24115.3 24379.1 24836.9 25234.5 25631.8 25967.7 -9999 -9999 -9999 -9999 -9999 -9999 -9999 -9999 -9999 -9999 -9999 -9999 -9999 -9999 -9999 -9999 -9999 -9999 -9999 -9999 35475.3 35638.6 36320.2 36964.2 37939.9 38895.8 39855.8 40815.8 41935.8 42895.8 43855.8 44815.8 45935.8 46895.8 47855.8 48815.8 49935.8 50895.8 51775.9 51951.1 51530.5 51132.9 50730.2 50252.3
35589.6 34475.9 33622.6 33051.9 32767 32480.7 32675.4 -9999 30097.9 30434.8 29818.2 29393.6 28996 28532 28134.4 27736.7 27339.1 26875.2 26477.5 26079.9 25682.2 25218.3 24820.7 24423 24025.4 23561.5 23226 23155.3 23419.1 23876.9 24274.5 24672.2 25069 25188.5 -9999 -9999 -9999 -9999 -9999 -9999 -9999 -9999 -9999 -9999 -9999 -9999 -9999 -9999 -9999 -9999 -9999 -9999 -9999 34427.6 35103.2 35620.2 36430.6 37538.1 38498.1 39458.1 40418.1 41538.1 42498.1 43458.1 44418.1 45538.1 46498.1 47458.1 48418.1 49538.1 50496.9 51156 51029.9 50570.5 50172.9 49775.2 49377.3
35125.7 34005.7 33046 32157.7 31591.6 31079 30270.5 29825 29521 28878 28588.2 28273.6 27876 27412 27014.4 26616.7 26219.1 25755.2 25357.5 24959.9 24562.2 24098.3 23700.7 23303 22905.4 22441.5 22106 22035.3 22299.1 22756.9 23154.5 23552.2 23949.8 24253.7 -9999 -9999 -9999 -9999 -9999 -9999 -9999 -9999 -9999 -9999 -9999 -9999 -9999 -9999 -9999 -9999 -9999 32825.4 33090 33600 34155.1 34997.2 35954.2 37074.2 38034.2 38994.2 39954.2 41074.2 42034.2 42994.2 43954.2 45074.2 46034.2 46994.2 47954.2 49074.2 49967.9 50247.1 49914.5 49450.5 49052.9 48655.2 48257.6
34728 33608 32648 31688.4 30793.5 29939 29296.9 28927.7 28566.1 28108.8 27711 27313.6 26916 26452 26054.4 25656.7 25259.1 24795.2 24397.5 23999.9 23602.2 23138.3 22740.7 22343 21945.4 21481.5 21146 21075.3 21339.1 21796.9 22194.5 22592.2 22989.8 23284 22743.8 -9999 -9999 -9999 -9999 -9999 -9999 -9999 -9999 -9999 -9999 -9999 -9999 -9999 -9999 -9999 -9999 31954.7 32179.5 32797.5 33639.9 34596.6 35556.6 36676.6 37636.6 38596.6 39556.6 40676.6 41636.6 42596.6 43556.6 44676.6 45636.6 46596.6 47556.6 48673.2 49394.8 49346.6 48954.5 48490.5 48092.9 47695.2 47297.6
34330.4 33210.4 32250.4 31290.4 30330.7 29280.6 28547.6 28022.2 27612.8 27148.9 26751.3 26353.6 25956 25492 25094.4 24696.7 24299.1 23835.2 23437.5 23039.9 22642.2 22178.3 21780.7 21383 20985.4 20521.5 20186 20115.3 20379.1 20836.9 21234.5 21632.2 22029.8 22435.6 22501.2 -9999 -9999 -9999 -9999 -9999 -9999 -9999 -9999 -9999 -9999 -9999 -9999 -9999 -9999 -9999 -9999 30985 31334.4 32281.9 33238.9 34198.9 35158.9 36278.9 37238.9 38198.9 39158.9 40278.9 41238.9 42198.9 43158.9 44278.9 45238.9 46198.9 47158.9 48244.9 48685.6 48392.1 47994.5 47530.5 47132.9 46735.2 46337.6
33932.7 32812.7 31852.7 30892.7 29932.7 28817.2 27922.9 27181.7 26661 26188.9 25791.3 25393.6 24996 24532 24134.4 23736.7 23339.1 22875.2 22477.5 22079.9 21682.2 21218.3 20820.7 20423 20025.4 19561.5 19226 19155.3 19419.1 19876.9 20274.5 20672.2 21069.8 21526 21707.4 21608.8 -9999 -9999 23277 23277 -9999 -9999 -9999 -9999 -9999 -9999 -9999 -9999 -9999 28510 28772 29828.1 30774.8 31881.3 32841.3 33801.3 34761.3 35881.3 36841.3 37801.3 38761.3 39881.3 40841.3 41801.3 42761.3 43881.3 44841.3 45801.3 46761.3 47760.2 47820.8 47432.1 47034.5 46570.5 46172.9 45775.2 45377.6
33468.8 32348.8 31388.8 30428.8 29468.8 28348.8 27389.1 26478.9 25695.6 25077.1 24671.3 24273.6 23876 23412 23014.4 22616.7 22219.1 21755.2 21357.5 20959.9 20562.2 20098.3 19700.7 19303 18905.4 18441.5 18106 18035.3 18299.1 18756.9 19154.5 19552.2 19949.8 20413.7 20810.4 21134.1 21070.5 22131.1 22456.6 22641.8 -9999 -9999 -9999 -9999 -9999 24755.9 25098.1 25256.8 26800.5 27495.6 28377.8 29337.3 30297.3 31417.3 32377.3 33337.4 34297.4 35417.4 36377.4 37337.4 38297.4 39417.4 40377.4 41337.4 42297.4 43417.4 44377.4 45337.4 46297.3 47007.2 46709.8 46312.1 45914.5 45450.5 45052.9 44655.2 44257.6
33071.2 31951.2 30991.2 30031.2 29071.2 27951.2 26991.2 26031.5 25121.3 24240.1 23723.5 23313.6 22916 22452 22054.4 21656.7 21259.1 20795.2 20397.5 19999.9 19602.2 19138.3 18740.7 18343 17945.4 17481.5 17146 17075.3 17339.1 17796.9 18194.5 18592.2 18989.8 19453.7 19851.4 20248.5 20575.8 21081.1 21489.9 21661.3 -9999 -9999 -9999 -9999 -9999 24461.7 24803.6 25108 25953.7 27020.1 27979.7 28939.7 29899.7 31019.7 31979.7 32939.7 33899.7 35019.7 35979.7 36939.7 37899.7 39019.7 39979.7 40939.7 41899.7 43019.7 43979.7 44939.7 45878.7 46141.7 45749.8 45352.1 44954.5 44490.5 44092.9 43695.2 43297.6
32673.5 31553.5 30593.5 29633.5 28673.5 27553.5 26593.5 25633.5 24673.8 23623.7 22891.2 22365.8 21956 21492 21094.4 20696.7 20299.1 19835.2 19437.5 19039.9 18642.2 18178.3 17780.7 17383 16985.4 16521.5 16186 16115.3 16379.1 16836.9 17234.5 17632.2 18029.8 18493.7 18891.4 19289 19686.6 20150.6 20495.9 20696.6 20760.2 -9999 -9999 -9999 22590.3 23597.8 23931.9 24607.3 25505.3 26622.1 27582.1 28542.1 29502.1 30622.1 31582.1 32542.1 33502.1 34622.1 35582.1 36542.1 37502.1 38622.1 39582.1 40542.1 41502.1 42622.1 43582.1 44542.1 45331.6 45187.4 44789.8 44392.1 43994.5 43530.5 43132.9 42735.2 42337.6
32275.9 31155.9 30195.9 29235.9 28275.9 27155.9 26195.9 25235.9 24275.9 23160.3 22266.1 21524.8 21004.1 20532 20134.4 19736.7 19339.1 18875.2 18477.5 18079.9 17682.2 17218.3 16820.7 16423 16025.4 15561.5 15226 15155.3 15419.1 15876.9 16274.5 16672.2 17069.8 17533.7 17931.4 18329 18726.6 19190.6 19570.5 20000.3 20305.6 20541.6 20811.1 21182.7 21945.1 22560.7 23238.9 24147 25104.4 26224.4 27184.4 28144.4 29104.4 30224.4 31184.4 32144.4 33104.4 34224.4 35184.4 36144.4 37104.4 38224.4 39184.4 40144.4 41104.4 42224.4 43184.4 44135 44582.2 44227.4 43829.8 43432.1 43034.5 42570.5 42172.9 41775.2 41377.6
31811.9 30691.9 29731.9 28771.9 27811.9 26691.9 25731.9 24771.9 23811.9 22691.9 21732.2 20822.1 20038.7 19420.2 19014.4 18616.7 18219.1 17755.2 17357.5 16959.9 16562.2 16098.3 15700.7 15303 14905.4 14441.5 14106 14035.3 14299.1 14756.9 15154.5 15552.2 15949.8 16413.7 16811.4 17209 17606.6 18070.6 18468.2 18865.9 19263.5 19729.8 20134.6 20537.1 20974.7 21781 22720.5 23680.5 24640.5 25760.5 26720.5 27680.5 28640.5 29760.5 30720.5 31680.5 32640.5 33760.5 34720.5 35680.5 36640.5 37760.5 38720.5 39680.5 40640.5 41760.5 42720.3 43525.7 43552.6 43107.4 42709.8 42312.1 41914.5 41450.5 41052.9 40655.2 40257.6
31414.3 30294.3 29334.3 28374.3 27414.3 26294.3 25334.3 24374.3 23414.3 22294.3 21334.3 20374.6 19464.4 18583.2 18066.6 17656.7 17259.1 16795.2 16397.5 15999.9 15602.2 15138.3 14740.7 14343 13945.4 13481.5 13146 13075.3 13339.1 13796.9 14194.5 14592.2 14989.8 15453.7 15851.4 16249 16646.6 17110.6 17508.2 17905.9 18305.3 18776.9 19180 19631.8 20297.3 21362.8 22322.8 23282.8 24242.8 25362.8 26322.8 27282.8 28242.8 29362.8 30322.8 31282.8 32242.8 33362.8 34322.8 35282.8 36242.8 37362.8 38322.8 39282.8 40242.8 41362.8 42307.3 42829.6 42610.7 42147.4 41749.8 41352.1 40954.5 40490.5 40092.9 39695.2 39297.6
31016.6 29896.6 28936.6 27976.6 27016.6 25896.6 24936.6 23976.6 23016.6 21896.6 20936.6 19976.6 19016.9 17966.8 17234.3 16709 16299.1 15835.2 15437.5 15039.9 14642.2 14178.3 13780.7 13383 12985.4 12521.5 12186 12115.3 12379.1 12836.9 13247.3 13644.9 14036.4 14493.7 14891.4 15289 15686.6 16150.6 16548.2 16947.9 17352.2 17821.8 18274.1 18949.3 19847.7 20965.2 21925.2 22885.2 23845.2 24965.2 25925.2 26885.2 27845.2 28965.2 29925.2 30885.2 31845.2 32965.2 33925.2 34885.2 35845.2 36965.2 37925.2 38885.2 39845.2 40965.2 41820.6 42007.3 41651.3 41187.4 40789.8 40392.1 39994.5 39530.5 39132.9 38735.2 38337.6
30619 29499 28539 27579 26619 25499 24539 23579 22619 21499 20539 19579 18619 17503.4 16609.2 15867.9 15347.3 14875.2 14477.5 14079.9 13682.2 13218.3 12820.7 12423 12025.4 11561.5 11226 11155.3 11419.1 11896 12425.5 12762.2 13161.9 13533.7 13931.4 14329 14726.7 15190.6 15590 15994.6 16396.2 16901.8 17582 18490.1 19447.5 20567.5 21527.5 22487.5 23447.5 24567.5 25527.5 26487.5 27447.5 28567.5 29527.5 30487.5 31447.5 32567.5 33527.5 34487.5 35447.5 36567.5 37527.5 38487.5 39447.5 40562 41220.8 41086.7 40691.3 40227.4 39829.8 39432.1 39034.5 38570.5 38172.9 37775.2 37377.6
30155.1 29035.1 28075.1 27115.1 26155.1 25035.1 24075.1 23115.1 22155.1 21035.1 20075.1 19115.1 18155.1 17035.1 16075.4 15165.2 14381.8 13763.3 13357.5 12959.9 12562.3 12098.3 11700.7 11303 10905.4 10441.5 10106 10035.3 10299.1 10807.3 11452.9 11693 11944 12413.7 12811.4 13209 13606.7 14072.9 14477.7 14880.3 15317.8 16124.1 17063.6 18023.6 18983.6 20103.6 21063.6 22023.6 22983.6 24103.6 25063.6 26023.6 26983.6 28103.6 29063.6 30023.6 30983.6 32103.6 33063.6 34023.6 34983.6 36103.6 37063.6 38023.6 38983.6 40040.2 40326.5 39969 39571.3 39107.4 38709.8 38312.1 37914.5 37450.5 37052.9 36655.2 36257.6
29766 28637.4 27677.4 26717.4 25757.4 24637.4 23677.4 22717.4 21757.4 20637.4 19677.4 18717.4 17757.4 16637.4 15677.4 14717.8 13807.6 12926.4 12409.8 11999.9 11602.3 11138.3 10740.7 10343 9945.41 9481.49 9145.98 9075.28 9339.1 9779.33 10257.7 10708 10989.8 11453.7 11851.4 12249 12648.5 13120.1 13523.1 13974.9 14640.5 15706 16666 17626 18586 19706 20666 21626 22586 23706 24666 25626 26586 27706 28666 29626 30586 31706 32666 33626 34586 35706 36666 37626 38586 39500.2 39406.1 39009 38611.3 38147.4 37749.8 37352.1 36954.5 36490.5 36092.9 35695.2 35297.6
29188.5 28274.9 27267.8 26317.7 25359.8 24239.8 23279.8 22319.8 21359.8 20239.8 19279.8 18319.8 17359.8 16239.8 15279.8 14319.8 13360.1 12310 11577.5 11052.1 10642.3 10178.3 9780.7 9383.05 8985.41 8521.49 8185.98 8115.28 8379.1 8829.88 9231.46 9650.11 10029.8 10493.7 10891.4 11291.1 11695.4 12165 12617.3 13292.5 14190.9 15308.3 16268.3 17228.3 18188.3 19308.3 20268.3 21228.3 22188.3 23308.3 24268.3 25228.3 26188.3 27308.3 28268.3 29228.3 30188.3 31308.3 32268.3 33228.3 34188.3 35308.3 36268.3 37228.3 38188.3 38788 38446.6 38049 37651.3 37187.4 36789.8 36392.1 35994.5 35530.5 35132.9 34735.2 34337.6
28862.2 28165.8 26514.1 25823.6 24952.2 23842.2 22882.2 21922.2 20962.2 19842.2 18882.2 17922.2 16962.2 15842.2 14882.2 13922.2 12962.2 11846.6 10952.4 10211.1 9690.42 9218.34 8820.7 8423.06 8025.41 7561.49 7225.98 7155.28 7419.1 7876.76 8273.9 8671.92 9069.82 9533.73 9933.2 10337.8 10739.4 11244.9 11925.2 12833.2 13790.7 14910.7 15870.7 16830.7 17790.7 18910.7 19870.7 20830.7 21790.7 22910.7 23870.7 24830.7 25790.7 26910.7 27870.7 28830.7 29790.7 30910.7 31870.7 32830.7 33790.7 34910.7 35870.7 36830.7 37790.7 38068.6 37495.4 37089 36691.3 36227.4 35829.8 35432.1 35034.5 34570.5 34172.9 33775.2 33377.6
-9999 -9999 -9999 -9999 24407.3 23475.9 22548.7 21590.8 20630.8 19511.1 18557.1 17578 16613.6 15494.8 14590 13553.6 12586.9 11398.6 10407.1 9508.36 8725 8106.51 7700.7 7303.06 6905.41 6441.49 6105.98 6035.28 6299.1 6756.88 7154.53 7552.17 7949.82 8416.08 8820.87 9223.45 9661 10467.3 11406.8 12366.8 13326.8 14446.8 15406.8 16366.7 17326.7 18446.7 19406.7 20366.7 21326.7 22446.7 23406.7 24366.7 25326.7 26446.7 27406.7 28366.7 29326.7 30446.7 31406.7 32366.7 33326.7 34446.8 35406.7 36366.7 37326.7 37516.5 36630 36000.8 35572.1 35107.4 34709.8 34312.1 33914.5 33450.5 33052.9 32655.2 32257.6
-9999 -9999 -9999 -9999 -9999 23444 22737.1 21860.7 20925.3 19772.2 18958.8 17667.7 16685.8 15571.9 15091.6 -9999 -9999 10380.1 9926.63 9052.08 8150.72 7269.53 6752.94 6343.06 5945.41 5481.49 5145.98 5075.28 5339.1 5796.88 6194.53 6592.17 6991.64 7463.22 7866.28 8318.08 8983.64 10049.1 11009.1 11969.1 12929.1 14049.1 15009.1 15969.1 16929.1 18049.1 19009.1 19969.1 20929.1 22049.1 23009.1 23969.1 24929.1 26049.1 27009.1 27969.1 28929.1 30049.1 31009.1 31969.1 32929.1 34049.1 35009.1 35969.1 36929.1 37118.3 36169 35279.8 34643.1 34147.4 33749.8 33352.1 32954.5 32490.5 32092.9 31695.2 31297.6
-9999 -9999 -9999 -9999 -9999 23015.4 22821.2 22054.4 21155.8 19950.7 19548 -9999 -9999 -9999 -9999 -9999 -9999 -9999 8924.36 8575.52 7703.25 6653.16 5920.64 5395.29 4985.41 4521.49 4185.98 4115.28 4379.1 4836.88 5234.53 5634.22 6038.56 6508.16 6960.43 7635.63 8534.05 9651.48 10611.5 11571.5 12531.5 13651.5 14611.5 15571.5 16531.5 17651.5 18611.5 19571.5 20531.5 21651.5 22611.5 23571.5 24531.5 25651.5 26611.5 27571.5 28531.5 29651.5 30611.5 31571.5 32531.5 33651.5 34611.5 35571.5 36531.5 36720.6 35770.5 34811.4 33914.7 33196.2 32789.8 32392.1 31994.5 31530.5 31132.9 30735.2 30337.6
-9999 -9999 -9999 -9999 -9999 -9999 -9999 -9999 -9999 -9999 -9999 -9999 -9999 -9999 -9999 -9999 -9999 -9999 8515.8 8163.22 7301.88 6189.75 5295.52 4554.24 4033.57 3561.49 3225.98 3155.28 3419.1 3876.88 4276.35 4680.91 5082.52 5588.07 6268.35 7176.4 8133.84 9253.84 10213.8 11173.8 12133.8 13253.8 14213.8 15173.8 16133.8 17253.8 18213.8 19173.8 20133.8 21253.8 22213.8 23173.8 24133.8 25253.8 26213.8 27173.8 28133.8 29253.8 30213.8 31173.8 32133.8 33253.8 34213.8 35173.8 36133.8 36323 35372.9 34412.9 33453.4 32423.1 31838.6 31432.1 31034.5 30570.5 30172.9 29775.2 29377.6
