public/models/data/input/map/ntb/1000/mapdplant.asc
NCOLS 388
NROWS 274
XLLCORNER 370313.940441
YLLCORNER 9267024.452423
CELLSIZE 1000.000000
NODATA_VALUE       -9999
[rows 204 to 237 of 274, columns 231 to 307 of 388]
-9999 -9999 -9999 -9999 -9999 -9999 -9999 -9999 -9999 -9999 -9999 -9999 -9999 -9999 -9999 -9999 -9999 -9999 -9999 7561.98 7135.71 6124.9 5039.7 3847.77 3065.92 2449.65 2105.98 2035.28 2299.1 2764.51 3164.01 3566.6 4004.15 4810.42 5749.92 6709.92 7669.92 8789.92 9749.92 10709.9 11669.9 12789.9 13749.9 14709.9 15669.9 16789.9 17749.9 18709.9 19669.9 20789.9 21749.9 22709.9 23669.9 24789.9 25749.9 26709.9 27669.9 28789.9 29749.9 30709.9 31669.9 32789.9 33749.9 34709.9 35669.9 35859 34908.9 33948.9 32988.9 31869.5 30973.1 30343.9 29915.2 29450.5 29052.9 28655.2 28257.6
-9999 -9999 -9999 -9999 -9999 -9999 -9999 -9999 -9999 -9999 -9999 -9999 -9999 -9999 -9999 -9999 -9999 -9999 -9999 7773.17 7416.25 6797.32 5173.71 3174.13 2457.59 1612.16 1158.22 1075.28 1357.01 1886.56 2209.43 2661.22 3326.79 4392.28 5352.28 6312.28 7272.28 8392.27 9352.27 10312.3 11272.3 12392.3 13352.3 14312.3 15272.3 16392.3 17352.3 18312.3 19272.3 20392.3 21352.3 22312.3 23272.3 24392.3 25352.3 26312.3 27272.3 28392.3 29352.3 30312.3 31272.3 32392.3 33352.3 34312.3 35272.3 35461.4 34511.3 33551.3 32591.3 31471.3 30512.2 29622.9 28986.2 28490.5 28092.9 27695.2 27297.6
-9999 -9999 -9999 -9999 -9999 -9999 -9999 -9999 -9999 -9999 -9999 -9999 -9999 -9999 -9999 -9999 -9999 -9999 -9999 -9999 7478.97 7207.94 -9999 2311.54 1870.18 977.694 384.925 259.554 591.762 1065.67 1303.58 1978.77 2877.19 3994.63 4954.63 5914.63 6874.63 7994.63 8954.63 9914.63 10874.6 11994.6 12954.6 13914.6 14874.6 15994.6 16954.6 17914.6 18874.6 19994.6 20954.6 21914.6 22874.6 23994.6 24954.6 25914.6 26874.6 27994.6 28954.6 29914.6 30874.6 31994.6 32954.6 33914.6 34874.6 35063.7 34113.6 33153.6 32193.6 31073.6 30113.6 29154.5 28257.8 27539.3 27132.9 26735.2 26337.6
-9999 -9999 -9999 -9999 -9999 -9999 -9999 -9999 -9999 -9999 -9999 -9999 -9999 -9999 -9999 -9999 -9999 -9999 -9999 -9999 -9999 -9999 -9999 2067.99 1306.89 456.931 55.5461 8.14721 111.71 266.857 648.305 1548.54 2505.98 3625.98 4585.98 5545.98 6505.98 7625.98 8585.98 9545.98 10506 11626 12586 13546 14506 15626 16586 17546 18506 19626 20586 21546 22506 23626 24586 25546 26506 27626 28586 29546 30506 31626 32586 33546 34506 34668.3 33716 32756 31796 30676 29716 28756 27796.6 26766.2 26181.7 25775.2 25377.6
-9999 -9999 -9999 -9999 -9999 -9999 -9999 -9999 -9999 -9999 -9999 -9999 -9999 -9999 -9999 -9999 -9999 -9999 -9999 -9999 -9999 -9999 -9999 -9999 -9999 256.517 165.476 19.6585 0.148148 82.4607 646.891 1586.49 2546.27 3666.27 4626.27 5586.27 6546.27 7666.27 8626.27 9586.27 10546.3 11666.3 12626.3 13586.3 14546.3 15666.3 16626.3 17586.3 18546.3 19666.3 20626.3 21586.3 22546.3 23666.3 24626.3 25586.3 26546.3 27666.3 28626.3 29586.3 30546.3 31666.3 32626.3 33586.3 34503.3 34212.1 33252.1 32292.1 31332.1 30212.1 29252.1 28292.1 27332.1 26212.6 25316.2 24687 24258.3
-9999 -9999 -9999 -9999 -9999 -9999 -9999 -9999 -9999 -9999 -9999 -9999 -9999 -9999 -9999 -9999 -9999 -9999 -9999 -9999 -9999 -9999 -9999 -9999 -9999 -9999 79.8202 34.1503 65.8591 351.463 1060.85 1909.68 2850.59 3970.37 4930.37 5890.37 6850.37 7970.37 8930.36 9890.36 10850.4 11970.4 12930.4 13890.4 14850.4 15970.4 16930.4 17890.4 18850.4 19970.4 20930.4 21890.4 22850.4 23970.4 24930.4 25890.4 26850.4 27970.4 28930.4 29890.4 30850.4 31970.4 32930.4 33890.3 34547.7 33814.4 32854.4 31894.4 30934.4 29814.4 28854.4 27894.4 26934.4 25814.4 24855.3 23966 23329.4
-9999 -9999 -9999 -9999 -9999 -9999 -9999 -9999 -9999 -9999 -9999 -9999 -9999 -9999 -9999 -9999 -9999 -9999 -9999 -9999 -9999 -9999 -9999 -9999 -9999 -9999 -9999 -9999 187.956 1004.38 1652.65 2418.49 3263.05 4368.01 5328.01 6288.01 7248.01 8368.01 9328.01 10288 11248 12368 13328 14288 15248 16368 17328 18288 19248 20368 21328 22288 23248 24368 25328 26288 27248 28368 29328 30288 31248 32368 33328 34256.5 34406.6 33416.8 32456.8 31496.8 30536.8 29416.8 28456.8 27496.8 26536.8 25416.8 24456.8 23497.6 22600.9
-9999 -9999 -9999 -9999 -9999 -9999 -9999 -9999 -9999 -9999 -9999 -9999 -9999 -9999 -9999 -9999 -9999 -9999 -9999 -9999 -9999 -9999 -9999 -9999 -9999 -9999 -9999 -9999 -9999 1908.65 2359.96 3010.6 3769.88 4765.23 5724.41 6685.66 7645.66 8765.65 9725.65 10685.6 11645.6 12765.6 13725.6 14685.6 15645.6 16765.6 17725.6 18685.6 19645.6 20765.6 21725.6 22685.6 23645.6 24765.6 25725.6 26685.6 27645.6 28765.6 29725.6 30685.6 31645.6 32765.6 33725.6 34468.7 34112.1 33019.1 32059.1 31099.1 30139.1 29019.1 28059.1 27099.1 26139.1 25019.1 24059.1 23099.1 22139.7
-9999 -9999 -9999 -9999 -9999 -9999 -9999 -9999 -9999 -9999 -9999 -9999 -9999 -9999 -9999 -9999 -9999 -9999 -9999 -9999 -9999 -9999 -9999 -9999 -9999 -9999 -9999 -9999 -9999 3127.62 3416.31 3634.11 4367.38 4992.63 6309.15 7173.01 8111.58 9229.57 10189.6 11149.6 12109.6 13229.6 14189.6 15149.6 16109.6 17229.6 18189.6 19149.6 20109.6 21229.6 22189.1 23149.2 24109.7 25229.6 26189.6 27149.6 28109.6 29229.6 30189.6 31149.6 32109.6 33229.6 34161 34428.4 33675.2 32555.2 31595.2 30635.2 29675.2 28555.2 27595.2 26635.2 25675.2 24555.2 23595.2 22635.2 21675.2
-9999 -9999 -9999 -9999 -9999 -9999 -9999 -9999 -9999 -9999 -9999 -9999 -9999 -9999 -9999 -9999 -9999 -9999 -9999 -9999 -9999 -9999 -9999 -9999 -9999 -9999 -9999 -9999 -9999 3811.2 4331.18 4501.79 -9999 -9999 7120.17 7750.6 8559.98 9627.22 10587.2 11547.2 12507.2 13627.2 14587.2 15547.2 16507.2 17627.2 18587.2 19547.2 20507.2 21627.2 22545.3 23328.5 24572.7 25629.8 26587.2 27547.2 28507.2 29627.2 30587.2 31547.2 32507.2 33627.2 34456.1 34333.7 33423.3 32303.3 31343.3 30383.3 29423.3 28303.3 27343.3 26383.3 25423.3 24303.3 23343.3 22383.3 21423.3
-9999 -9999 -9999 -9999 -9999 -9999 -9999 -9999 -9999 -9999 -9999 -9999 -9999 -9999 -9999 -9999 -9999 -9999 -9999 -9999 -9999 -9999 -9999 -9999 -9999 -9999 -9999 -9999 -9999 4654.08 4759.01 4916.41 -9999 -9999 -9999 8329.65 9285.52 10061.8 10984.9 11944.9 12904.8 14024.8 14984.8 15944.8 16904.8 18024.8 18984.8 19944.8 20904.8 22024.8 22928.8 23324.7 24942.4 26176.1 26991.4 27944.8 28904.8 30024.8 30984.8 31944.8 32904.8 34024.2 34716.2 34333.1 33382.8 32262.8 31302.8 30342.8 29382.8 28262.8 27302.8 26342.8 25382.8 24262.8 23302.8 22342.8 21382.8
-9999 -9999 -9999 -9999 -9999 -9999 -9999 -9999 -9999 -9999 -9999 -9999 -9999 -9999 -9999 -9999 -9999 -9999 -9999 -9999 -9999 -9999 -9999 -9999 -9999 -9999 -9999 -9999 -9999 -9999 -9999 -9999 -9999 -9999 -9999 -9999 10283.7 10699.5 11410.8 12344.3 13302.5 14422.5 15382.5 16342.5 17302.5 18422.5 19382.5 20342.5 21302.5 22422.5 23324.5 23717.6 -9999 26823 27379.1 28352.6 29302.5 30422.5 31382.5 32342.5 33302.5 34397.7 34769.7 34037.2 33077.6 31957.6 30997.6 30037.6 29077.6 27957.6 26997.6 26037.6 25077.6 23957.6 22997.6 22037.6 21077.6
-9999 -9999 -9999 -9999 -9999 -9999 -9999 -9999 -9999 -9999 -9999 -9999 -9999 -9999 -9999 -9999 -9999 -9999 -9999 -9999 -9999 -9999 -9999 -9999 -9999 -9999 -9999 -9999 -9999 -9999 -9999 -9999 -9999 -9999 -9999 -9999 -9999 -9999 12600.9 12962.2 13784.7 14886.4 15846.4 16806.4 17766.4 18886.4 19846.4 20806.4 21766.4 22886.4 23818.8 24922 25365.2 -9999 28638.4 28990.3 29791.2 30886.4 31846.4 32806.4 33766.4 34737.1 34518.6 33573.7 32613.7 31493.7 30533.7 29573.7 28613.7 27493.7 26533.7 25573.7 24613.7 23493.7 22533.7 21573.7 20613.7
-9999 -9999 -9999 -9999 -9999 -9999 -9999 -9999 -9999 -9999 -9999 -9999 -9999 -9999 -9999 -9999 -9999 -9999 -9999 -9999 -9999 -9999 -9999 -9999 -9999 -9999 -9999 -9999 -9999 -9999 -9999 -9999 -9999 -9999 -9999 -9999 -9999 -9999 13413.7 13830.5 14362.4 15289.9 16244 17204 18164 19284 20244 21204 22164 23283.1 24167.4 24897 25294.3 -9999 30124.1 30093.5 30402 31294.3 32244.1 33204.1 34164.1 34844.4 34136 33176 32216 31096 30136 29176 28216 27096 26136 25176 24216 23096 22136 21176 20216
-9999 -9999 -9999 -9999 -9999 -9999 -9999 -9999 -9999 -9999 -9999 -9999 -9999 -9999 -9999 -9999 -9999 -9999 -9999 -9999 -9999 -9999 -9999 -9999 -9999 -9999 -9999 -9999 -9999 -9999 -9999 -9999 -9999 -9999 -9999 -9999 -9999 -9999 -9999 15007.1 15239.2 15832.1 16648.3 17601.7 18561.7 19681.7 20641.7 21601.7 22561.7 23659.5 24257.7 24528.2 -9999 -9999 30543.3 30815.4 31155.8 31865.6 32653.3 33601.7 34554.7 34666.1 33738.4 32778.4 31818.4 30698.4 29738.4 28778.4 27818.4 26698.4 25738.4 24778.4 23818.4 22698.4 21738.4 20778.4 19818.4
-9999 -9999 -9999 -9999 -9999 -9999 -9999 -9999 -9999 -9999 -9999 -9999 -9999 -9999 -9999 -9999 -9999 -9999 -9999 -9999 -9999 -9999 -9999 -9999 -9999 -9999 -9999 -9999 -9999 -9999 -9999 -9999 -9999 -9999 -9999 -9999 -9999 -9999 -9999 15371.8 16219.2 16662.3 17189.7 18005.2 18959.3 20079.3 21039.3 21999.3 22955.6 23648.3 24235.3 -9999 -9999 -9999 -9999 31111 31385.7 32649.6 33221.4 34009.6 34825.4 34300.6 33340.7 32380.7 31420.7 30300.7 29340.7 28380.7 27420.7 26300.7 25340.7 24380.7 23420.7 22300.7 21340.7 20380.7 19420.7
-9999 -9999 -9999 -9999 -9999 -9999 -9999 -9999 -9999 -9999 -9999 -9999 -9999 -9999 -9999 -9999 -9999 -9999 -9999 -9999 -9999 -9999 -9999 -9999 -9999 -9999 -9999 -9999 -9999 -9999 -9999 -9999 -9999 -9999 -9999 -9999 -9999 20896.6 20896.6 18165.3 17445.7 17773.4 18172.2 18663.5 19441 20543.3 21503.3 22463.3 23370.4 24381.2 -9999 -9999 -9999 -9999 -9999 36241.6 35416.9 34639.8 34248.5 34672 34793.8 33836.8 32876.8 31916.8 30956.8 29836.8 28876.8 27916.8 26956.8 25836.8 24876.8 23916.8 22956.8 21836.8 20876.8 19916.8 18956.8
-9999 -9999 -9999 -9999 -9999 -9999 -9999 -9999 -9999 -9999 -9999 -9999 -9999 -9999 -9999 -9999 -9999 -9999 -9999 -9999 -9999 -9999 -9999 -9999 -9999 -9999 -9999 -9999 -9999 -9999 -9999 -9999 -9999 -9999 -9999 -9999 -9999 20799.9 20632.1 18828.5 18396.6 18733.4 19131.1 19530 20021.1 20946.8 21900.9 22860.9 23813.7 25324.7 27238.4 27758.3 27978.9 -9999 -9999 36437.4 35978.4 35253.6 35172.5 35183 34540.5 33439.2 32479.2 31519.2 30559.2 29439.2 28479.2 27519.2 26559.2 25439.2 24479.2 23519.2 22559.2 21439.2 20479.2 19519.2 18559.2
-9999 -9999 -9999 -9999 -9999 -9999 -9999 -9999 -9999 -9999 -9999 -9999 -9999 -9999 -9999 -9999 -9999 43257.9 43100.2 42464.9 42199 40264.1 39326.2 38275.6 37692.3 36434.7 35285.1 34850.9 -9999 -9999 -9999 -9999 -9999 -9999 26752.7 26748.9 24260.6 22659.6 20348.3 19746.3 19363.5 19693.4 20091.1 20488.7 20887.5 21489 22305.2 23258.6 24216 26037.4 26950.5 27630.4 27853.1 -9999 -9999 37063.3 36673.5 36158.5 35761.5 35096.6 34161.5 33041.5 32081.5 31121.5 30161.5 29041.5 28081.5 27121.5 26161.5 25041.5 24081.5 23121.5 22161.5 21041.5 20081.5 19121.5 18161.5
-9999 -9999 -9999 -9999 -9999 -9999 -9999 -9999 -9999 -9999 -9999 -9999 -9999 -9999 -9999 -9999 44775.3 43768.6 42970.2 42078.1 41058.8 40011.2 39086.7 38041.2 37148.3 36047.1 35020.2 34077.3 33420.5 -9999 -9999 -9999 -9999 26797.4 26597.8 26368.2 24079.5 22779.2 21325.5 20598.9 20322 20653.4 21051.1 21448.7 21846.4 22319.2 22846.6 23662.1 24616.2 25758.1 26379.2 27545.2 27769.3 -9999 38469.7 38059.1 37435.9 36552.4 35668.1 34723.9 33763.9 32643.9 31683.9 30723.9 29763.9 28643.9 27683.9 26723.9 25763.9 24643.9 23683.9 22723.9 21763.9 20643.9 19683.9 18723.9 17763.9
-9999 -9999 -9999 -9999 -9999 -9999 -9999 -9999 -9999 -9999 -9999 -9999 47971.8 47026.1 46450.6 45583.4 44631.2 43508.2 42551.2 41591.2 40631.2 39511.2 38551.2 37591.2 36631.2 35511.2 34551.2 33591.6 32695.6 31778.7 30342.2 29349.2 28103.7 26721.7 26025 25113 24002.8 22883.3 22165.8 21715.4 21442 21773.4 22171.1 22568.7 22966.4 23430.3 23829.1 24320.3 25097.9 26149.8 26746.3 28805.1 29588.2 30371 38615.3 38131.5 37286.1 36180 35220 34260 33300 32180 31220 30260 29300 28180 27220 26260 25300 24180 23220 22260 21300 20180 19220 18260 17300
-9999 -9999 -9999 -9999 -9999 -9999 -9999 -9999 -9999 -9999 -9999 -9999 48074.7 47333.5 46380.9 45421.3 44461.3 43341.3 42381.3 41421.3 40461.3 39341.3 38381.3 37421.3 36461.3 35341.3 34381.3 33421.3 32461.3 31343.4 30400.1 29420.3 28382.8 27253.2 26288.4 25328.1 24384.5 23523.5 23073.1 22675.4 22402 22733.4 23131.1 23528.7 23926.4 24390.3 24787.9 25186.9 25678 26603.4 27562.8 28545.6 29487.5 30210.1 -9999 37304.4 36850.9 35782.3 34822.3 33862.3 32902.3 31782.3 30822.3 29862.3 28902.3 27782.3 26822.3 25862.3 24902.3 23782.3 22822.3 21862.3 20902.3 19782.3 18822.3 17862.3 16902.3
-9999 -9999 -9999 -9999 -9999 -9999 -9999 -9999 -9999 -9999 -9999 49511.8 48662.4 47645.8 46685.8 45725.8 44765.8 43645.8 42685.8 41725.8 40765.8 39645.8 38685.8 37725.8 36765.8 35645.8 34685.8 33725.8 32765.8 31645.8 30685.8 29725.8 28765.8 27645.8 26685.8 25744.2 24985.2 24430.7 24033.1 23635.4 23362 23693.4 24091.1 24488.7 24886.4 25350.3 25747.6 26069.8 26394.5 27133 27926.8 28835.9 29524.2 30162.3 37695.3 37212.3 36492.5 35403.3 34443.3 33483.3 32523.3 31403.3 30443.3 29483.3 28523.3 27403.3 26443.3 25483.3 24523.3 23403.3 22443.3 21483.3 20523.3 19403.3 18443.3 17483.3 16523.3
-9999 -9999 -9999 -9999 -9999 -9999 -9999 -9999 -9999 -9999 50581.9 50070.7 49162.5 48043.4 47083.4 46123.4 45163.4 44043.4 43083.4 42123.4 41163.4 40043.4 39083.4 38123.4 37163.4 36043.4 35083.4 34123.4 33163.4 32043.4 31083.4 30123.4 29163.4 28043.4 27099.8 26342.8 25859.1 25390.7 24993.1 24595.4 24322 24653.4 25051.1 25448.7 25846.4 26310.3 26690.2 26753.2 26613.4 27993.6 28226.1 28917.2 29248 -9999 37929.8 37482.3 36544 35424 34464 33504 32544 31424 30464 29504 28544 27424 26464 25504 24544 23424 22464 21504 20544 19424 18464 17504 16544
-9999 -9999 -9999 -9999 -9999 -9999 -9999 -9999 -9999 52252.3 51559.2 50586.4 49627.4 48507.4 47547.4 46587.4 45627.4 44507.4 43547.4 42587.4 41627.4 40507.4 39547.4 38587.4 37627.4 36507.4 35547.4 34587.4 33627.4 32507.4 31547.4 30587.4 29627.4 28540.2 27822.7 27372.3 26974.7 26510.7 26113.1 25715.4 25442 25773.4 26171.1 26568.7 26966.4 27353.1 27401.1 27527.8 -9999 -9999 -9999 -9999 -9999 -9999 38081.9 37774.1 36975.5 35856.9 34896.9 33936.9 32976.9 31856.9 30896.9 29936.9 28976.9 27856.9 26896.9 25936.9 24976.9 23856.9 22896.9 21936.9 20976.9 19856.9 18896.9 17936.9 16976.9
67178.1 -9999 -9999 -9999 -9999 -9999 -9999 -9999 54169.8 52780.7 51943.9 50985 50025 48905 47945 46985 46025 44905 43945 42985 42025 40905 39945 38985 38025 36905 35945 34985 34025 32905 31945 30985 30041.4 29180.3 28730 28332.3 27934.7 27470.7 27073.1 26675.4 26402 26733.4 27131.1 27528.7 27926.4 28272.9 -9999 -9999 -9999 -9999 -9999 -9999 -9999 -9999 -9999 37907.7 37353.2 36254.5 35294.5 34334.5 33374.5 32254.5 31294.5 30334.5 29374.5 28254.5 27294.5 26334.5 25374.5 24254.5 23294.5 22334.5 21374.5 20254.5 19294.5 18334.5 17374.5
66881.7 67545.9 67734.3 -9999 -9999 -9999 -9999 55738.7 54466.3 53287 52342.7 51382.7 50422.7 49302.7 48342.7 47382.7 46422.7 45302.7 44342.7 43382.7 42422.7 41302.7 40342.7 39382.7 38422.7 37302.7 36342.7 35382.7 34422.7 33302.7 32342.7 31401.1 30642 30087.6 29690 29292.3 28894.7 28430.7 28033.1 27635.4 27362 27693.4 28091.1 28488.7 28875 29045.1 -9999 -9999 -9999 -9999 -9999 -9999 -9999 -9999 -9999 38293.1 37748.3 36652.2 35692.2 34732.2 33772.2 32652.2 31692.2 30732.2 29772.2 28652.2 27692.2 26732.2 25772.2 24652.2 23692.2 22732.2 21772.2 20652.2 19692.2 18732.2 17772.2
66417 67150.3 67557.3 -9999 -9999 -9999 56231.3 55812.2 54838.1 53700.3 52740.3 51780.3 50820.3 49700.3 48740.3 47780.3 46820.3 45700.3 44740.3 43780.3 42820.3 41700.3 40740.3 39780.3 38820.3 37700.3 36740.3 35780.3 34820.3 33700.3 32756.7 31999.7 31515.9 31047.6 30650 30252.3 29854.7 29390.7 28993.1 28595.4 28322 28650.6 29014.8 29401.9 29749.1 29284 -9999 -9999 -9999 -9999 -9999 -9999 -9999 -9999 39661 39098.7 38167.6 37049.8 36089.8 35129.8 34169.8 33049.8 32089.8 31129.8 30169.8 29049.8 28089.8 27129.8 26169.8 25049.8 24089.8 23129.8 22169.8 21049.8 20089.8 19129.8 18169.8
65581.4 66537.9 67119.5 -9999 -9999 57356.2 57097.8 56238.6 55284.2 54164.2 53204.2 52244.2 51284.2 50164.2 49204.2 48244.2 47284.2 46164.2 45204.2 44244.2 43284.2 42164.2 41204.2 40244.2 39284.2 38164.2 37204.2 36244.2 35284.2 34197 33479.6 33029.2 32631.5 32167.6 31770 31372.3 30974.7 30510.7 30113.1 29717 29362.9 29359.9 29383.5 -9999 -9999 -9999 -9999 -9999 -9999 -9999 -9999 -9999 -9999 40679.1 40437 39593.7 38633.7 37513.7 36553.7 35593.7 34633.7 33513.7 32553.7 31593.7 30633.7 29513.7 28553.7 27593.7 26633.7 25513.7 24553.7 23593.7 22633.7 21513.7 20553.7 19593.7 18633.7
65128.3 65051 63240.6 62997 59948.5 58522.4 57560.3 56641.9 55681.9 54561.9 53601.9 52641.9 51681.9 50561.9 49601.9 48641.9 47681.9 46561.9 45601.9 44641.9 43681.9 42561.9 41601.9 40641.9 39681.9 38561.9 37601.9 36641.9 35698.3 34837.2 34386.8 33989.2 33591.5 33127.6 32730 32332.3 31934.7 31470.7 31073.1 30692.5 29946.8 -9999 -9999 -9999 -9999 -9999 -9999 -9999 -9999 -9999 -9999 -9999 -9999 41701 40947.3 39991.4 39031.4 37911.4 36951.4 35991.4 35031.4 33911.4 32951.4 31991.4 31031.4 29911.4 28951.4 27991.4 27031.4 25911.4 24951.4 23991.4 23031.4 21911.4 20951.4 19991.4 19031.4
64632.8 63957.7 63004.5 62265.7 60235.2 58964 57993.2 57039.5 56079.5 54959.5 53999.5 53039.5 52079.5 50959.5 49999.5 49039.5 48079.5 46959.5 45999.5 45039.5 44079.5 42959.5 41999.5 41039.5 40079.5 38959.5 37999.5 37058 36298.9 35744.5 35346.8 34949.2 34551.5 34087.6 33690 33292.3 32894.7 32430.7 32033.1 31682.8 31581.8 -9999 -9999 -9999 -9999 -9999 -9999 -9999 -9999 -9999 -9999 -9999 -9999 42166.5 41349 40389 39429 38309 37349 36389 35429 34309 33349 32389 31429 30309 29349 28389 27429 26309 25349 24389 23429 22309 21349 20389 19429
64393.5 63580.9 62623 61720.1 60533.7 59357.2 58397.2 57437.2 56477.2 55357.2 54397.2 53437.2 52477.2 51357.2 50397.2 49437.2 48477.2 47357.2 46397.2 45437.2 44477.2 43357.2 42397.2 41437.2 40477.2 39357.2 38413.6 37656.6 37172.8 36704.5 36306.8 35909.2 35511.5 35047.6 34650 34252.3 33854.7 33390.7 32993.1 32649.4 32552.9 -9999 -9999 -9999 -9999 -9999 -9999 -9999 -9999 -9999 45409.4 45047.5 43932.4 42690.8 41746.6 40786.6 39826.6 38706.6 37746.6 36786.6 35826.6 34706.6 33746.6 32786.6 31826.6 30706.6 29746.6 28786.6 27826.6 26706.6 25746.6 24786.6 23826.6 22706.6 21746.6 20786.6 19826.6
64711.1 63821.1 62861.1 61901.1 60941.1 59821.1 58861.1 57901.1 56941.1 55821.1 54861.1 53901.1 52941.1 51821.1 50861.1 49901.1 48941.1 47821.1 46861.1 45901.1 44941.1 43821.1 42861.1 41901.1 40941.1 39853.9 39136.4 38686.1 38288.4 37824.5 37426.8 37029.2 36631.5 36167.6 35770 35372.3 34973.3 34420.8 33744.5 33435 -9999 -9999 -9999 -9999 -9999 -9999 -9999 -9999 -9999 46853.6 46194.6 45250.6 44290.6 43170.6 42210.6 41250.6 40290.6 39170.6 38210.6 37250.6 36290.6 35170.6 34210.6 33250.6 32290.6 31170.6 30210.6 29250.6 28290.6 27170.6 26210.6 25250.6 24290.6 23170.6 22210.6 21250.6 20290.6
65108.8 64218.8 63258.8 62298.8 61338.8 60218.8 59258.8 58298.8 57338.8 56218.8 55258.8 54298.8 53338.8 52218.8 51258.8 50298.8 49338.8 48218.8 47258.8 46298.8 45338.8 44218.8 43258.8 42298.8 41355.2 40494.1 40043.7 39646.1 39248.4 38784.5 38386.8 37989.2 37591.5 37127.6 36730 36332.6 35913.6 35012 -9999 -9999 -9999 -9999 -9999 -9999 -9999 -9999 -9999 -9999 -9999 47147.4 46533.3 45648.2 44688.2 43568.2 42608.2 41648.2 40688.2 39568.2 38608.2 37648.2 36688.2 35568.2 34608.2 33648.2 32688.2 31568.2 30608.2 29648.2 28688.2 27568.2 26608.2 25648.2 24688.2 23568.2 22608.2 21648.2 20688.2
