public/models/data/input/map/ntb/1000/mapdset.asc
NCOLS 388
NROWS 274
XLLCORNER 370313.940441
YLLCORNER 9267024.452423
CELLSIZE 1000.000000
NODATA_VALUE       -9999
[rows 170 to 203 of 274, columns 231 to 307 of 388]
7731.53 8308.11 9183.17 10265 10835.8 11776.2 12345 13163.4 13991.8 16290.4 18930.8 18938.6 19295.3 19645.2 20536.3 21622.2 22514.5 24486.9 24251.3 23853.6 23456 22992 22594.4 22196.7 21824.2 21933.3 -9999 -9999 -9999 -9999 -9999 -9999 -9999 -9999 -9999 -9999 -9999 -9999 -9999 -9999 -9999 -9999 -9999 -9999 -9999 -9999 -9999 -9999 -9999 -9999 -9999 -9999 -9999 -9999 -9999 -9999 -9999 -9999 -9999 -9999 -9999 -9999 -9999 -9999 -9999 -9999 -9999 -9999 -9999 -9999 -9999 -9999 -9999 -9999 -9999 -9999 -9999
8691.24 9161.42 9672.88 10455.8 10755.7 12031.5 12491.4 13226.3 13530.1 19845.2 19785 19881.5 20312.7 24807.6 23723.2 22653.8 23130 23829.4 23328.2 22893.6 22496 22032 21634.4 21236.7 20865.5 21685.3 -9999 -9999 -9999 -9999 -9999 -9999 -9999 -9999 -9999 -9999 -9999 -9999 -9999 -9999 -9999 -9999 -9999 -9999 -9999 -9999 -9999 -9999 -9999 -9999 -9999 -9999 -9999 -9999 -9999 -9999 -9999 -9999 -9999 -9999 -9999 -9999 -9999 -9999 -9999 -9999 -9999 -9999 -9999 -9999 -9999 -9999 -9999 -9999 -9999 -9999 -9999
9811.24 10275.2 10673.1 11126.8 11296.5 -9999 -9999 -9999 -9999 -9999 -9999 20663.8 22203.5 26170.4 25232.4 24404.5 24013.5 23494.6 22570.8 21844.9 21379 20912 20514.4 20116.7 19719.5 19325 -9999 -9999 -9999 -9999 -9999 -9999 -9999 -9999 -9999 -9999 -9999 -9999 -9999 -9999 -9999 -9999 -9999 -9999 -9999 -9999 -9999 -9999 -9999 -9999 -9999 -9999 -9999 -9999 -9999 -9999 -9999 -9999 -9999 -9999 -9999 -9999 -9999 -9999 -9999 -9999 -9999 -9999 -9999 -9999 -9999 -9999 -9999 -9999 -9999 -9999 -9999
10771.2 11235.2 11632.8 12035.3 12171.1 -9999 -9999 -9999 -9999 -9999 -9999 -9999 -9999 26485.5 25647.7 24929.8 24183.9 23108.5 22148.5 21216.2 20487.3 19952 19554.4 19156.7 18759.1 18237.5 17562.1 -9999 -9999 -9999 -9999 -9999 -9999 -9999 -9999 -9999 -9999 -9999 -9999 -9999 -9999 -9999 -9999 -9999 -9999 -9999 -9999 -9999 -9999 -9999 -9999 -9999 -9999 -9999 -9999 -9999 -9999 -9999 -9999 -9999 -9999 -9999 -9999 -9999 -9999 -9999 -9999 -9999 -9999 -9999 -9999 -9999 -9999 -9999 -9999 -9999 -9999
11731.2 12195.1 12589.8 12959.8 13076.9 -9999 -9999 -9999 -9999 -9999 -9999 -9999 -9999 26580.7 25719.2 24788.9 23830.9 22710.9 21750.9 20790.9 19855.5 19028.9 18594.4 18196.7 17799.1 17348.7 17138.8 -9999 -9999 -9999 -9999 -9999 -9999 -9999 -9999 -9999 -9999 -9999 -9999 -9999 -9999 -9999 -9999 -9999 -9999 -9999 -9999 -9999 -9999 -9999 -9999 -9999 -9999 -9999 -9999 -9999 -9999 -9999 -9999 -9999 -9999 -9999 -9999 -9999 -9999 -9999 -9999 -9999 -9999 -9999 -9999 -9999 -9999 -9999 -9999 -9999 -9999
12691.2 13155.1 13550.7 14030.4 14869.3 -9999 -9999 -9999 -9999 -9999 -9999 -9999 26997.4 26488.1 25318.5 24395.3 23433.2 22313.2 21353.2 20393.2 19433.2 18356.6 17671.3 17236.7 16839.1 16385.4 16161.3 -9999 -9999 -9999 -9999 -9999 -9999 -9999 -9999 -9999 -9999 -9999 -9999 -9999 -9999 -9999 -9999 -9999 -9999 -9999 -9999 -9999 -9999 -9999 -9999 -9999 -9999 -9999 -9999 -9999 -9999 -9999 -9999 -9999 -9999 -9999 -9999 -9999 -9999 -9999 -9999 -9999 -9999 -9999 -9999 -9999 -9999 -9999 -9999 -9999 -9999
13811.2 14273.2 14578.3 14650.4 15213.7 -9999 -9999 -9999 -9999 24941 25149.9 25655 26278.2 25873.9 24986.7 23914.8 22969.3 21849.3 20889.3 19929.3 18969.3 17849.3 16913.9 16188.1 15722.2 15257.8 14831.8 14575 -9999 -9999 -9999 -9999 -9999 -9999 -9999 -9999 -9999 -9999 -9999 -9999 -9999 -9999 -9999 -9999 -9999 -9999 -9999 -9999 -9999 -9999 -9999 -9999 -9999 -9999 -9999 -9999 -9999 -9999 -9999 -9999 -9999 -9999 -9999 -9999 -9999 -9999 -9999 -9999 -9999 -9999 -9999 -9999 -9999 -9999 -9999 -9999 -9999
14771.2 15233.9 15638.3 15854.3 -9999 -9999 -9999 -9999 -9999 24897.4 24756.1 24458.5 24907 25090.3 24481.8 23531.6 22571.6 21451.6 20491.6 19531.6 18571.6 17451.6 16491.6 15559.3 14830.4 14295.2 13909.9 13729.6 -9999 -9999 -9999 -9999 -9999 -9999 -9999 -9999 -9999 -9999 -9999 -9999 -9999 -9999 -9999 -9999 -9999 -9999 -9999 -9999 -9999 -9999 -9999 -9999 -9999 -9999 -9999 -9999 -9999 -9999 -9999 10216.8 10412.4 -9999 12765.1 13078 13286.7 -9999 -9999 -9999 -9999 -9999 -9999 -9999 -9999 -9999 -9999 -9999 -9999
15722.1 16194.1 16602 16822.5 -9999 -9999 -9999 -9999 -9999 24832 23813.3 23346.9 23666 24176.8 23996 23134 22174 21054 20094 19134 18174 17054 16094 15134 14198.6 13372.1 12933.1 12422.6 11707 -9999 -9999 -9999 -9999 -9999 -9999 -9999 -9999 -9999 -9999 -9999 -9999 -9999 -9999 -9999 -9999 -9999 -9999 -9999 -9999 -9999 -9999 -9999 -9999 -9999 -9999 -9999 -9999 -9999 -9999 9875.89 10143.5 10869.1 12061.1 12929.4 13488.9 -9999 -9999 -9999 -9999 -9999 -9999 -9999 -9999 -9999 -9999 -9999 -9999
16220.8 17053.4 17685.4 18736.6 19268 -9999 -9999 -9999 -9999 22202.6 22181.6 22349.6 22722.5 23203.6 23357.1 22733.6 21776.4 20656.4 19696.4 18736.4 17776.4 16656.4 15696.4 14736.4 13776.4 12699.7 12014.4 11579.5 11179.2 -9999 -9999 -9999 -9999 -9999 -9999 -9999 -9999 -9999 -9999 -9999 -9999 -9999 -9999 -9999 -9999 -9999 -9999 -9999 -9999 -9999 -9999 -9999 -9999 -9999 -9999 -9999 -9999 7929.06 8153.97 8861.61 9577.09 10639.2 11608 12567.4 13459.9 14261.9 14201.5 -9999 -9999 -9999 -9999 -9999 -9999 -9999 -9999 -9999 -9999
15877 16997 17949.8 18895.9 19549.3 19850.5 -9999 -9999 -9999 19920.4 20809.1 21244.8 21622.6 22086.5 22431.5 22192 21312.4 20192.4 19232.4 18272.4 17312.4 16192.4 15232.4 14272.4 13312.4 12192.4 11257.1 10531.2 10067 9407.13 9082.92 8166.41 8060.43 -9999 -9999 -9999 -9999 -9999 -9999 -9999 -9999 -9999 -9999 -9999 -9999 -9999 -9999 -9999 -9999 -9999 -9999 -9999 -9999 -9999 -9999 -9999 -9999 6825.89 7421.22 8133.29 9064.16 10184 11144 12104 13064 13993.4 13570.3 12602.2 11625.9 10504.4 9564.54 8857.94 7227.34 6805 5168.28 4379.43 4201.65
15479.4 16599.4 17559.4 18519.2 19354.7 19620.2 -9999 -9999 -9999 19710.8 19853 20265 20662.6 21126.5 21520.9 21604.2 20909.9 19794.8 18834.8 17874.8 16914.8 15794.8 14834.8 13874.8 12914.8 11794.8 10834.8 9902.49 9173.58 8637.79 8230.29 7844.93 7176.7 -9999 -9999 -9999 -9999 -9999 -9999 -9999 -9999 -9999 -9999 -9999 -9999 -9999 -9999 -9999 -9999 -9999 -9999 -9999 -9999 -9999 -9999 4519.95 5000.43 6103.25 6779.18 7706.58 8666.39 9786.38 10746.4 11706.4 12666.4 13595.7 13170.8 12210.8 11250.8 10130.8 9170.85 8208.68 7241.65 6138.07 5089.78 4233.56 3303.09
15081.7 16201.7 17161.7 18096.1 18589 18915.2 -9999 -9999 -9999 19142.3 19047.3 19304.9 19702.6 20166.5 20564.1 20876.4 20476.1 19397.1 18437.1 17477.1 16517.1 15397.1 14437.1 13477.2 12517.2 11397.2 10437.2 9477.17 8541.77 7715.25 7280.7 6882.91 6465.07 -9999 -9999 -9999 -9999 -9999 -9999 -9999 -9999 -9999 -9999 -9999 -9999 -9999 -9999 -9999 -9999 -9999 -9999 -9999 -9999 3179.7 3343.02 4020.68 4582.71 5416.99 6348.94 7308.74 8268.74 9388.74 10348.7 11308.7 12268.7 13198.1 12773.2 11813.2 10853.2 9733.21 8773.21 7813.21 6853.21 5733.21 4773.21 3814.29 2846.68
14684.1 15804.1 16764.1 17559.9 17696.9 17511.1 17722.4 -9999 16756.6 18615.7 18148.2 18344.9 18742.6 19206.5 19604.1 19995.6 19981.2 18999.5 18039.5 17079.5 16119.5 14999.5 14039.5 13079.5 12119.5 10999.5 10039.5 9079.52 8119.53 7042.87 6357.61 5923.06 5525.81 5047.85 -9999 -9999 -9999 -9999 -9999 -9999 -9999 -9999 -9999 -9999 -9999 -9999 -9999 -9999 -9999 -9999 -9999 -9999 -9999 2132.05 2804.7 3238.72 3919.62 4991.23 5951.1 6911.1 7871.1 8991.09 9951.09 10911.1 11871.1 12822.3 12476.6 11517.7 10557.7 9437.7 8477.7 7517.7 6557.7 5437.7 4477.7 3517.7 2557.99
14506 15622.5 16477.9 16770.3 16517.5 16192.4 15695.3 15579.4 16007.5 16215.9 16808.2 17224.9 17622.6 18086.5 18484.1 18881.8 19200.4 18535.3 17575.6 16615.6 15655.6 14535.6 13575.6 12615.6 11655.6 10535.6 9575.6 8615.6 7655.61 6535.61 5600.21 4874.38 4408.49 4036.9 -9999 -9999 -9999 -9999 -9999 -9999 -9999 -9999 -9999 -9999 -9999 -9999 -9999 -9999 -9999 -9999 -9999 1687.18 1453.03 1356.52 1760.03 2476.44 3407.31 4527.18 5487.18 6447.18 7407.18 8527.18 9487.17 10447.2 11407.2 12472.2 12649.5 11805.5 10845.5 9725.51 8765.51 7805.51 6845.51 5725.51 4765.51 3805.51 2845.51
14874.6 15886.7 16182.1 15908.3 15513.9 15059.7 14608.4 14619 15012.2 15469.5 15866.8 16264.9 16662.6 17126.5 17524.1 17921.8 18316.6 18108.8 17178 16217.9 15257.9 14137.9 13177.9 12217.9 11258 10138 9177.96 8217.96 7257.96 6137.96 5177.96 4245.64 3516.73 2976.66 2031.37 -9999 -9999 -9999 -9999 -9999 -9999 -9999 -9999 -9999 -9999 -9999 -9999 -9999 -9999 -9999 -9999 1315.19 793.724 534.001 1147.4 2074.58 3034.39 4154.39 5114.39 6074.39 7034.39 8154.39 9114.38 10074.4 11034.4 12148.5 12728.6 12199.4 11243.1 10123.2 9163.16 8203.16 7243.16 6123.16 5163.16 4203.16 3259.56
15231 15633.3 15345.9 14948.7 14551.1 14087.2 13713.9 13689 14045.8 14509.7 14907.3 15304.9 15702.6 16166.5 16564.1 16961.8 17359.4 17538.2 16780.3 15820.3 14860.3 13740.3 12780.3 11820.3 10860.3 9740.31 8780.31 7820.31 6860.32 5740.32 4780.32 3820.32 2884.92 2054.38 1726.55 -9999 -9999 -9999 -9999 -9999 -9999 -9999 -9999 -9999 -9999 -9999 -9999 -9999 -9999 -9999 -9999 1356.57 884.664 586.616 1143.87 2049.75 3009.53 4129.53 5089.53 6049.53 7009.53 8129.53 9089.53 10049.5 11009.5 12129.5 12881.2 12587.9 11640.8 10520.8 9560.8 8600.8 7640.8 6520.8 5560.8 4619.26 3860.18
15081.6 14783.7 14386.4 13988.7 13591.1 13127.2 12754.4 12729.5 13085.8 13549.7 13947.3 14344.9 14742.6 15206.5 15604.2 16001.8 16399.4 16768.1 16367.6 15422.7 14462.7 13342.7 12382.7 11422.7 10462.7 9342.67 8382.67 7422.67 6462.67 5342.67 4382.67 3422.67 2462.67 1390.27 649.681 219.363 -9999 -9999 3727.82 3727.82 -9999 -9999 -9999 -9999 -9999 -9999 -9999 -9999 -9999 3519.85 3233.96 2274.25 1693.71 1453.41 1792.65 2454.01 3365.9 4485.76 5445.76 6405.76 7365.76 8485.76 9445.75 10405.8 11365.8 12485.8 13251.6 12983.2 12038.4 10918.4 9958.44 8998.45 8038.45 6918.45 5974.85 5217.83 4734.07
14127.6 13664 13266.4 12868.7 12471.1 12007.2 11634.4 11609.5 11965.8 12429.7 12827.3 13224.9 13622.6 14086.5 14484.2 14881.8 15279.4 15748 15937.5 15337.3 14384 13264 12304 11344 10384 9263.97 8303.97 7343.97 6383.97 5263.97 4303.97 3343.97 2383.97 1287.22 624.853 824.272 1520.2 3308.67 3131.08 3092.58 -9999 -9999 -9999 -9999 -9999 6625.53 6967.69 7126.44 5495.99 4546.63 3729.89 3205.95 2804.09 2572.13 2870.37 3283.39 3901.44 4949.82 5909.68 6869.68 7829.68 8949.67 9909.67 10869.7 11829.7 12949.7 13715.5 13447.1 12502.4 11382.4 10422.4 9462.36 8502.37 7415.17 6697.69 6247.32 5849.68
13167.9 12704 12306.4 11908.7 11511.1 11047.2 10674.4 10649.5 11005.8 11469.7 11867.3 12265 12662.6 13126.5 13524.2 13921.8 14322.4 14951.1 15685.3 15650.4 14777.5 13657.5 12697.5 11737.5 10777.5 9657.47 8697.47 7737.47 6777.47 5657.47 4697.47 3737.47 2787.21 1884.99 1470.12 1570.84 2147.51 2408.09 2164.39 2112.11 -9999 -9999 -9999 -9999 -9999 6331.3 6679.58 6945.26 6103.33 5087.54 4564.12 4161.74 3764.09 3532.13 3830.37 4228.01 4641.03 5395.58 6307.54 7267.32 8227.32 9347.32 10307.3 11267.3 12227.3 13347.3 14113.1 13844.7 12900 11780 10820 9860.01 8916.41 8055.33 7604.97 7207.32 6809.68
12207.9 11744 11346.4 10948.7 10551.1 10087.2 9714.38 9689.53 10045.8 10509.7 10907.3 11305 11702.6 12166.5 12564.2 12965.1 13480.3 14435.5 15380.6 15817.6 15172.3 14055.1 13095.1 12135.1 11175.1 10055.1 9095.11 8135.12 7175.12 6055.12 5095.12 4146.07 3350.7 2765.49 2428.82 2483.38 2516.92 1763.11 1167.35 1230.89 1452.94 -9999 -9999 -9999 3874.13 5472.13 5870.58 6555.43 6498.35 5921.24 5519.38 5121.74 4724.09 4492.13 4790.37 5188.01 5585.66 6091.86 6759.12 7665.19 8624.96 9744.96 10705 11665 12625 13744.6 14507.2 14239.8 13297.6 12177.6 11217.6 10276.1 9517.03 8962.61 8564.97 8167.32 7769.68
11247.9 10784 10386.4 9988.74 9591.09 9127.17 8754.38 8729.53 9085.75 9549.67 9947.32 10345 10742.6 11206.5 11607.1 12122.7 12927.6 14034.9 14994.9 15796.2 15532.3 14452.7 13492.7 12532.7 11572.8 10452.8 9492.76 8532.76 7572.76 6452.76 5502.5 4708.35 4196 3724.34 3384.52 3145.78 2493.49 1395.92 552.312 626.461 896.97 576.6 1136.53 2065.22 3263.23 4441.79 5301.54 6241.01 6966.54 6877.03 6479.38 6081.74 5684.09 5452.13 5750.37 6148.01 6545.66 7010.86 7449.51 8110.87 9022.76 10142.6 11102.6 12062.6 13009.2 13932.1 14465.6 14451.6 13691.7 12575.3 11631.7 10874.7 10390.9 9922.61 9524.96 9127.32 8729.67
10141.9 9664.03 9266.38 8868.74 8471.1 8007.18 7634.39 7609.53 7965.76 8429.68 8827.32 9224.96 9622.61 10099.2 10651.9 11494 12451 13571 14531 15486.6 15841.1 14916.7 13956.7 12996.7 12036.7 10916.7 9956.68 8996.68 8036.68 6939.94 6184.2 5707.05 5308.26 4842.7 4407.91 3731.74 2804.09 1697.17 879.048 483.005 528.352 328.041 992.194 1937.7 2897.7 4017.7 4977.7 5937.7 6897.7 7747.49 7597.8 7201.74 6804.09 6572.13 6870.37 7268.01 7665.66 8128.26 8518.34 8927.9 9545.95 10563.7 11412.4 12108.9 12605.3 13076.5 13474.1 13870.5 13945 13072 12354.5 11904.2 11506.5 11042.6 10645 10247.3 9849.67
9339.07 8708.13 8306.39 7908.74 7511.1 7047.18 6674.39 6649.53 7005.76 7469.68 7867.32 8264.97 8665.54 9294.28 10136.7 11093.4 12053.4 13173.4 14133.4 15093.4 15882.4 15314.3 14354.3 13394.3 12434.3 11314.3 10354.3 9394.32 8444.06 7541.85 7064.84 6665.9 6268.26 5755.98 5074.37 4161.62 3207.14 2135.58 1251.93 579.483 856.078 1071.12 1455.43 2249.36 3191.79 4311.79 5271.79 6231.79 7191.79 8245.36 8516.37 8161.74 7764.09 7532.13 7830.37 8227.39 8586.59 8836.31 8999.13 9349.12 9762.14 10386.6 10853.3 11254.9 11652.5 12116.5 12526.4 13064.2 13800.5 13664.9 13223.5 12852.2 12466.4 12002.6 11605 11207.3 10809.7
8821.27 7868.29 7351 6948.74 6551.1 6087.18 5714.39 5689.53 6045.76 6509.68 6907.32 7308.26 7823.5 8778.68 9735.74 10695.7 11655.7 12775.7 13735.7 14695.7 15640.8 15691.5 14752 13792 12832 11712 10752 9802.92 9007.55 8422.34 8023.54 7625.9 7208.59 6437.22 5519.27 4565.46 3642.35 2565.81 1750.51 1306.79 1523.51 1979.69 2298.57 2813.08 3602.61 4709.43 5669.43 6629.43 7589.43 8697.31 9301.31 9121.51 8724.09 8489.29 8722.4 8860.31 8786.79 8488.58 8333.61 8638.06 9035.7 9499.62 9897.27 10294.9 10692.6 11165.7 11706.6 12526.4 13465.3 13734.2 13375.4 13244.5 13061.3 12685 12363 11965.4 11567.7
8419.52 7313.51 6510.65 5992.84 5591.1 5127.18 4754.39 4729.53 5085.76 5549.68 5950.25 6465.86 7270.77 8378.1 9338.1 10298.1 11258.1 12378.1 13338.1 14298.1 15258.1 15902.7 15149.6 14189.6 13229.6 12109.6 11159.3 10365.2 9852.84 9377 8970.99 8589.41 7913.37 6876.95 5922.43 4999.99 4071.75 3082.97 2567.29 2253.61 2424.03 2877.98 3250.37 3654.16 4146.12 5107.08 6067.08 7027.08 7987.08 9106.72 9869.03 9796.53 9357.02 8965.99 8708.57 8383.61 8000.78 7543.44 7373.61 7678.06 8075.71 8539.63 8937.27 9334.91 9732.56 10323.7 11165.7 12116.5 12969.3 12902.9 12555 12561.4 12510.3 12221.8 11986.9 11589.2 11191.6
7955.61 6835.61 5879.71 5039.87 4485.08 4007.18 3634.39 3609.53 3965.76 4442.34 4995.08 5837.11 6794.18 7914.18 8874.18 9834.18 10794.2 11914.2 12874.2 13834.2 14794.2 15780.1 15589.7 14653.5 13693.5 12596.8 11841 11363.9 10965.1 10501.7 10039.6 9399.03 8471.31 7349.31 6427.92 5507.37 4666.89 4075.71 3678.06 3373.61 3543.44 3989.78 4370.37 4768.01 5165.66 5730.04 6544.18 7491 8451 9555.87 10016.8 9377.29 8622.5 8074.67 7676.44 7278.79 6881.15 6423.44 6253.61 6558.06 6955.71 7419.63 7817.27 8224.14 8739.82 9732.56 10692.6 11642.6 12130.5 11782.9 11435 11442.3 11393.4 11112.2 10886.5 10488.8 10091.2
7566.57 6437.96 5477.96 4522.57 3682.22 3051.28 2674.39 2649.53 3008.69 3637.43 4479.83 5436.54 6396.54 7516.54 8476.54 9436.54 10396.5 11516.5 12476.5 13436.5 14396.5 15483.5 15807.2 15051.2 14100.9 13198.7 12721.7 12322.7 11925.1 11493.4 10889.8 9770.17 8863.99 7785.57 6867.91 6049.72 5508.85 5035.71 4638.06 4333.61 4503.44 4949.78 5330.37 5728.01 6125.66 6595.73 7112.29 7906.22 8848.64 9873.87 9860.56 8960.89 8019.65 7173.85 6717.32 6318.79 5921.15 5463.44 5293.61 5598.06 5995.71 6459.63 6869.57 7407.37 8224.14 9334.91 10294.9 11144.7 11254.7 10822.9 10475 10482.3 10433.4 10152.2 9926.48 9528.84 9131.2
6989.07 6075.46 5068.32 4118.22 3164.42 2211.44 1719 1692.83 2166.65 3121.82 4078.89 5038.89 5998.89 7118.89 8078.89 9038.89 9998.89 11118.9 12078.9 13038.9 13998.9 15116.8 15803.9 15443.1 14664.4 14079.2 13680.4 13276.9 12825.2 12147.4 11295.3 10219.2 9299.2 8222.66 7407.37 6869.57 6459.63 5995.71 5598.06 5293.61 5463.44 5909.78 6290.37 6688.01 7085.66 7549.58 7955.42 8469.93 9259.46 10067.8 9521.27 8562.96 7603.21 6526.95 5823.13 5359.67 4961.15 4503.44 4333.61 4638.06 5035.71 5508.85 6049.72 6869.57 7817.27 8937.27 9890.98 10490.8 10323.8 9862.91 9514.97 9522.25 9473.38 9192.2 8966.49 8568.84 8171.2
6662.74 5966.33 4314.6 3624.14 2752.76 1656.66 881.575 854.525 1613.92 2721.25 3681.25 4641.25 5601.25 6721.25 7681.25 8641.25 9601.25 10721.2 11681.2 12641.2 13601.2 14721.2 15621.9 15864.3 15456.4 14936.7 14478.1 13791.5 12960 12121 11458.8 10644.7 9728.6 8739.82 8224.14 7817.27 7419.63 6955.71 6558.06 6253.61 6423.44 6869.78 7250.37 7648.01 8045.66 8509.58 8907.22 9311.01 9802.97 10010.8 9125.31 8165.31 7205.31 6087.13 5169.3 4458.56 4001.73 3543.44 3373.61 3678.06 4075.71 4666.89 5508.85 6459.63 7419.63 8539.62 9430.63 9702.01 9366.83 8902.91 8554.97 8562.25 8513.38 8232.2 8006.49 7608.84 7211.2
-9999 -9999 -9999 -9999 2207.84 1491.74 724.351 726.582 1537.09 2650.05 3595.14 4565.38 5513.66 6611.55 7497.45 8501.06 9449.44 10635.9 11625.2 12570.9 13530.8 14650.8 15564.8 15817.1 15187 14503.3 13994.2 13374.5 12498.5 11439.8 10773.6 10322.1 9825.06 9285.21 8887.56 8489.92 8092.27 7652.57 7429.95 7289.21 7493.09 7941.33 8323.63 8721.27 9120.38 9617.13 10027.1 10397.1 10471.3 9621.39 8661.39 7701.39 6741.39 5621.39 4661.65 3720.44 2965.64 2424.03 2253.61 2567.29 3082.97 4075.71 5035.71 5995.71 6955.71 8063.76 8733.84 8643.54 8246.83 7782.91 7434.97 7442.25 7393.38 7112.2 6886.49 6488.84 6091.2
-9999 -9999 -9999 -9999 -9999 1687 1435.26 1476.04 1974.26 2946.1 3669.28 4796.24 5697.66 6707.1 7173.53 -9999 -9999 11660.5 12112.2 12973.3 13916.1 15034 15724.5 15415.2 14620.9 13726.1 13143.9 12638.7 12016.9 10988.6 10096.1 9425.61 8972.72 8506.98 8109.33 7711.69 7314.04 6900.86 6964.79 7308.82 7671.56 8130.65 8523.18 8923.02 9401.5 10203.3 10816.5 10961.3 10325.7 9223.74 8263.75 7303.75 6343.75 5223.75 4263.75 3304.04 2362.8 1523.21 1306.79 1750.51 2567.29 3678.06 4638.06 5598.06 6555.47 7515.9 7893.93 7684.48 7286.83 6822.91 6474.97 6482.25 6433.38 6152.25 5926.49 5528.84 5131.2
-9999 -9999 -9999 -9999 -9999 1869.73 1834.19 1919.39 2214.55 3015.9 3379.9 -9999 -9999 -9999 -9999 -9999 -9999 -9999 13346.6 13596.8 14332.1 15401.2 15728.8 14976.3 14068.6 13132.7 12377.7 11786.3 11279 10536.4 9632.09 8738.47 8058.28 7546.98 7149.33 6751.69 6354.04 5940.86 6009.21 6403.75 6801.39 7265.31 7665.15 8152.64 8903.52 9999.34 10858.8 10830.3 9949.21 8829.21 7869.21 6909.21 5949.21 4829.21 3869.21 2909.21 1949.47 888.505 578.703 1276.14 2223.84 3343.83 4303.82 5241.5 6050.85 6678.98 6937.86 6724.48 6326.83 5862.91 5514.97 5522.25 5473.38 5199.13 4985.54 4568.84 4171.2
-9999 -9999 -9999 -9999 -9999 -9999 -9999 -9999 -9999 -9999 -9999 -9999 -9999 -9999 -9999 -9999 -9999 -9999 14094.4 14371.5 14903.9 15699.2 15513.3 14577.8 13618.4 12562.7 11775 11010.8 10430.4 9825.08 9178.71 8273.31 7366.86 6601.62 6189.33 5791.69 5394.04 4980.86 5049.21 5443.75 5841.39 6306.78 6785.99 7545.87 8482.73 9602.36 10417.7 10426.5 9711.61 8620.03 7660.03 6700.03 5740.03 4620.03 3660.03 2700.03 1740.03 662.929 432.785 1271.14 2231.14 3342.14 4176.25 4780.42 5248.76 5728.73 5997.82 5765.65 5366.83 4902.91 4554.97 4562.25 4513.38 4255.96 4093.3 3627.05 3211.2
