public/models/data/input/map/ntb/1000/mapdroad.asc
NCOLS 388
NROWS 274
XLLCORNER 370313.940441
YLLCORNER 9267024.452423
CELLSIZE 1000.000000
NODATA_VALUE       -9999
[rows 204 to 237 of 274, columns 308 to 384 of 388]
190.053 314.054 341.21 424.568 449.994 98.2489 33.3333 -9999 -9999 90.5898 116.514 119.539 112.124 124.788 112.202 189.641 82.4192 126.744 98.173 73.2815 84.0323 113.89 199.823 167.482 154.675 152.61 290.619 329.671 516.556 970.562 1685.16 2533.78 3136.32 3297.11 3674.43 3596.51 2610.12 1650.12 742.953 360.719 1122.45 1870.78 2146.9 1854.28 961.94 251.697 280.31 639.392 -9999 -9999 -9999 -9999 -9999 -9999 -9999 -9999 -9999 -9999 -9999 -9999 -9999 -9999 -9999 -9999 -9999 -9999 -9999 -9999 -9999 -9999 -9999 -9999 -9999 -9999 -9999 -9999 -9999
152.536 273.059 364.742 202.225 157.463 87.5 -9999 -9999 -9999 26.8183 83.3987 112.811 150.86 204.291 149.985 122.009 127.232 110.802 86.7359 125.789 98.9281 139.882 169.17 160.51 332.305 230.797 367.187 563.71 399.945 551.125 1244.7 1782.51 2192.34 2337.11 2742.54 3179.54 2545.92 1585.92 638.521 166.122 586.65 1173.66 1752.11 1913.67 1014.01 339.652 329.319 784.765 -9999 -9999 -9999 -9999 -9999 -9999 -9999 -9999 -9999 -9999 -9999 -9999 -9999 -9999 -9999 -9999 -9999 -9999 -9999 -9999 -9999 -9999 -9999 -9999 -9999 -9999 -9999 -9999 -9999
106.675 267.348 428.853 389.629 116.068 -9999 -9999 -9999 0 34.3609 115.018 163.972 143.101 157.474 165.418 113.122 171.178 276.014 158.688 147.862 113.456 112.412 161.973 159.029 292.057 173.156 176.429 429.826 393.925 379.104 673.389 938.518 1319.41 1397.32 1971.45 2802.34 2763.66 1818.14 877.903 227.914 183.648 483.005 1052.95 1499.2 1138.61 379.074 132.075 133.796 -9999 -9999 -9999 -9999 -9999 -9999 -9999 -9999 -9999 -9999 -9999 -9999 -9999 -9999 -9999 -9999 -9999 -9999 -9999 -9999 -9999 -9999 -9999 -9999 -9999 -9999 -9999 -9999 -9999
331.072 290.326 272.111 218.561 83.2843 -9999 -9999 -9999 364.592 137.925 173.245 158.554 183.693 112.311 93.8079 124.791 145.645 188.744 172.413 106.617 98.1352 315.232 389.43 200.569 95.8468 162.631 231.367 178.158 93.2717 100.52 212.514 644.868 588.78 636.786 1476.14 2370.76 2911.2 2180.08 1247.44 486.648 124.931 167.62 368.184 664.204 916.128 522.226 343.042 1029.97 -9999 -9999 -9999 -9999 -9999 -9999 -9999 -9999 -9999 -9999 -9999 -9999 -9999 -9999 -9999 -9999 -9999 -9999 -9999 -9999 -9999 -9999 -9999 -9999 -9999 -9999 -9999 -9999 -9999
656.698 955.791 667.647 234.049 215.936 70.0682 75.8283 135.625 148.895 234.242 341.013 287.916 135.105 140.34 216.597 197.135 287.686 344.393 555.274 213.423 376.47 738.412 461.028 133.28 105.583 182.745 107.23 67.5799 78.5756 83.1311 404.133 751.102 234.047 348.232 977.756 1777.04 2505.89 2404.6 1821.29 1184.18 421.925 159.623 160.233 101.527 246.807 264.049 503.887 1171.64 -9999 -9999 -9999 -9999 -9999 -9999 -9999 -9999 -9999 -9999 -9999 -9999 -9999 -9999 -9999 -9999 -9999 -9999 -9999 -9999 -9999 -9999 -9999 -9999 -9999 -9999 -9999 -9999 -9999
326.269 587.747 368.77 291.545 404.739 284.099 363.526 261.15 250.229 478.304 421.741 209.002 123.475 149.377 228.683 134.95 231.656 328.334 414.987 349.733 260.716 650.904 469.499 148.031 83.8767 95.7651 99.5928 92.6556 167.205 183.377 599.955 478.906 314.124 386.945 531.966 1320.51 1662.18 1834.29 1698.92 1176.43 496.662 130.691 112.054 58.9671 128.884 156.205 319.981 403.553 -9999 -9999 -9999 -9999 -9999 -9999 -9999 -9999 -9999 -9999 -9999 -9999 -9999 -9999 -9999 -9999 -9999 -9999 -9999 -9999 -9999 -9999 -9999 -9999 -9999 -9999 -9999 -9999 -9999
191.61 147.826 165.431 368.205 -9999 -9999 702.704 274.083 209.447 498.39 438.729 285.288 161.362 264.033 452.248 321.255 176.533 229.479 248.616 313.675 144.791 585.385 569.099 147.52 96.69 122.942 181.652 114.164 304.5 475.245 774.787 348.617 355.374 558.949 342.753 795.785 752.176 987.012 1061.55 552.495 523.266 329.738 217.349 442.1 220.711 200 -9999 -9999 -9999 -9999 -9999 -9999 -9999 -9999 -9999 -9999 -9999 -9999 -9999 -9999 -9999 -9999 -9999 -9999 -9999 -9999 -9999 -9999 -9999 -9999 -9999 -9999 -9999 -9999 -9999 -9999 -9999
564.344 133.345 190.331 415.057 -9999 -9999 211.855 328.177 195.535 391.014 411.167 625.114 382.853 430.78 561.541 319.05 173.586 339.195 342.413 199.61 108.214 431.642 457.048 185.044 181.241 177.738 250.467 119.512 625.367 1128.68 926.313 238.021 180.037 535.603 456.193 345.919 404.989 351.552 690.682 536.193 293.758 355.853 367.533 988.745 1564.21 -9999 -9999 -9999 -9999 -9999 -9999 -9999 -9999 -9999 -9999 -9999 -9999 -9999 -9999 -9999 -9999 -9999 -9999 -9999 -9999 -9999 -9999 -9999 -9999 -9999 -9999 -9999 -9999 -9999 -9999 -9999 -9999
387.729 174.875 47.525 61.5628 501.619 292.148 150.834 274.233 312.293 832.465 575.623 339.549 264.137 256.423 438.492 221.6 93.6565 112.9 146.783 135.63 81.8819 162.892 215.96 158.684 136.331 142.138 96.4537 258.252 903.145 1245.24 799.821 191.296 130.854 160.86 202.221 115.491 154.181 274.839 219.353 284.16 110.704 129.131 326.781 658.006 1295.63 -9999 -9999 -9999 -9999 -9999 -9999 -9999 -9999 -9999 -9999 -9999 -9999 -9999 -9999 -9999 -9999 -9999 -9999 -9999 -9999 -9999 -9999 -9999 -9999 -9999 -9999 -9999 -9999 -9999 -9999 -9999 -9999
150.104 135.49 175.768 165.468 156.933 142.27 227.914 354.867 282.395 785.911 496.378 208.324 521.008 329.339 236.939 186.151 94.9347 106.7 59.4191 69.9274 58.4395 63.3056 90.9558 106.248 107.946 73.8045 70.151 114.418 448.736 597.429 508.235 216.845 68.0878 72.4591 120.817 79.1996 78.0812 116.323 119.315 89.6245 153.514 365.742 456.031 315.193 1197.34 -9999 -9999 -9999 -9999 -9999 -9999 -9999 -9999 -9999 -9999 -9999 -9999 -9999 -9999 -9999 -9999 -9999 -9999 -9999 -9999 -9999 -9999 -9999 -9999 -9999 -9999 -9999 -9999 -9999 -9999 -9999 -9999
181.916 199.393 275.92 262 136.577 151.987 221.375 263.987 292.737 676.952 406.217 186.779 350.152 383.408 356.585 164.816 100.575 63.6084 64.1066 76.7206 53.7308 77.7909 65.5367 66.0707 61.4746 70.7512 81.0072 138.077 202.418 208.346 143.205 127.68 103.147 112.28 123.875 107.543 166.285 141.935 136.819 97.17 141.134 315.497 421.906 275.811 42.6777 121.877 240.676 -9999 -9999 -9999 -9999 -9999 -9999 -9999 -9999 -9999 -9999 -9999 -9999 -9999 -9999 -9999 -9999 -9999 -9999 -9999 -9999 -9999 -9999 -9999 -9999 -9999 -9999 -9999 -9999 -9999 -9999
137.172 180.313 215.762 284.407 205.906 321.949 156.954 132.954 232.44 365.948 275.628 456.285 930.656 1033.72 764.343 152.347 73.6507 73.5079 111.446 101.211 102.429 99.0972 76.6271 58.7512 112.498 161.671 130.275 110.39 192.303 184.496 203.271 178.416 194.043 213.32 113.604 140.714 131.574 129.031 230.38 468.055 392.284 466.554 315.527 180.201 590.053 121.877 240.676 -9999 -9999 -9999 -9999 -9999 -9999 -9999 -9999 -9999 -9999 -9999 -9999 -9999 -9999 -9999 -9999 -9999 -9999 -9999 -9999 -9999 -9999 -9999 -9999 -9999 -9999 -9999 -9999 -9999 -9999
244.441 169.952 124.861 104.999 199.073 252.36 272.738 258.82 91.4744 205.147 657.225 1285.33 1738.74 1401.91 691.216 255.888 103.008 212.591 130.958 158.119 106.161 119.382 91.8531 98.6949 477.128 340.134 291.013 322.77 248.547 443.581 368.105 179.154 161.62 307.441 325.728 281.17 170.477 192.388 186.455 423.144 1020.3 1160.97 547.477 136.256 468.446 878.395 1318.35 -9999 -9999 -9999 -9999 -9999 -9999 -9999 -9999 -9999 -9999 2886.49 2755.88 2668.81 1424.26 1424.26 -9999 -9999 -9999 -9999 -9999 -9999 -9999 -9999 -9999 -9999 -9999 -9999 -9999 -9999 -9999
734.881 504.988 274.397 131.645 360.461 402.433 167.428 178.017 204.465 237.496 517.372 1149.91 1711.52 1233.11 425.015 195.044 97.8319 148.852 193.755 284.574 167.366 117.893 151.347 390.067 883.992 654.659 732.629 741.901 597.868 1060.57 1004.32 566.291 425.726 930.002 1076.18 628.204 113.478 195.962 213.321 166.712 601.409 1091.16 662.596 333.975 517.411 874.229 1127.57 -9999 -9999 -9999 -9999 -9999 3994.11 3914.14 3794.18 2759.62 2672.17 2886.49 2755.88 1445.88 977.114 1251.06 1777.11 2157.11 -9999 -9999 -9999 -9999 -9999 -9999 -9999 -9999 -9999 -9999 -9999 -9999 -9999
906.868 510.847 324.424 171.297 304.486 303.344 368.006 224.062 231.212 396.541 269.627 587.169 1026.83 979.535 557.352 360.574 146.223 417.107 478.642 280.732 209.007 533.39 634.372 1042.84 1570.51 1491.6 1609.45 1591.23 1459.58 1804.93 1664.91 1137.72 841.079 1072.31 1212.91 845.426 211.644 302.161 365.853 459.617 253.728 609.171 556.205 220.139 357.555 482.723 723.276 -9999 -9999 -9999 -9999 -9999 4018.97 3962.98 3878.99 2638.32 2392.35 2303.71 -9999 878.112 539.163 965.774 1845.95 2280.61 -9999 -9999 -9999 -9999 -9999 -9999 -9999 -9999 -9999 -9999 -9999 -9999 -9999
438.8 226.183 237.833 378.59 484.237 416.759 701.489 472.095 240.172 481.527 284.954 217.234 277.047 312.797 259.07 343.036 174.741 412.594 311.498 205.134 403.282 1140.34 1499.33 1833.21 2392.1 2449.47 2566.9 2549.32 2386.97 2327.92 1610.88 765.403 330.79 367.97 457.161 422.565 274.226 789.579 1107.27 809.251 172.653 204.75 299.104 98.2173 98.5013 245.481 435.18 -9999 -9999 -9999 -9999 -9999 4035.53 3995.53 3935.53 2557.45 2243.12 2303.71 -9999 805.33 336.626 879.501 1891.85 2362.94 -9999 -9999 -9999 -9999 -9999 -9999 -9999 -9999 -9999 -9999 -9999 -9999 -9999
734.659 842.037 1079.69 1193.77 603.796 517.158 357.021 149.413 163.544 202.441 238.566 193.954 202.973 304.804 530.694 276.045 144.339 218.891 562.398 889.463 1202.55 1776.13 2235.56 2248.04 2509.02 2898.7 3281.44 3495.56 3264.06 2503.88 1553.2 720.273 681.592 693.85 424.005 181.265 672.974 1341.54 1705.18 1360.88 679.552 183.415 107.439 308.68 177.24 226.397 -9999 -9999 -9999 -9999 -9999 -9999 258.137 135 84.9019 222.631 302.492 140.533 140.533 -9999 -9999 -9999 -9999 -9999 -9999 -9999 -9999 -9999 -9999 -9999 -9999 -9999 -9999 -9999 -9999 -9999 -9999
1681.81 1800.39 2019.43 1884.45 1292.88 874.725 363.625 195.219 398.443 577.839 395.825 196.027 127.954 161.29 256.561 243.898 277.566 544.419 1166.57 1766.29 2128.14 2272.81 1887.59 1395.6 1605.46 2129.87 2677.42 3336.23 3459.31 2768.14 2055.08 1538.78 1525.72 1456.13 871.369 275.687 741.568 924.859 1083.26 1137.32 706.12 178.62 119.093 409.854 566.61 141.738 0 -9999 -9999 -9999 -9999 391.421 197.324 142.099 199.011 385.748 456.062 372.312 424.403 804.738 -9999 -9999 -9999 -9999 -9999 -9999 -9999 -9999 -9999 -9999 -9999 -9999 -9999 -9999 -9999 -9999 -9999
2641.81 2760.39 2923 2672.45 1921.5 1101.56 426.662 154.128 513.464 1161.32 1082.58 520.1 224.258 178.739 225.882 234.363 260.977 567.739 1295.2 2170.96 2778.46 2310.22 1399.91 607.914 851.935 1319.77 1989.1 2722.81 2720.14 2349.04 2106.77 1780.65 1524.21 1326.88 832.838 243.832 297.911 308.129 344.551 362.853 294.222 135.439 321.199 710.248 916.162 248.547 60.0244 39.0369 -9999 -9999 183.603 220.513 150.964 329.203 767.352 1096.58 1067.09 876.055 911.557 1794.76 2845.47 -9999 -9999 -9999 -9999 -9999 -9999 -9999 -9999 -9999 -9999 -9999 -9999 -9999 -9999 -9999 -9999
3593.4 3622.57 3504.71 2915.98 1856.83 945.409 365.054 114.159 484.424 1309.33 1577.65 1140.68 359.445 208.156 577.513 774.15 391.23 398.295 1237.15 2186.25 2845.69 2201.69 1270.74 369.667 327.261 652.78 1420.57 2137.6 1808.41 1425.98 1354.99 1056.92 649.575 487.704 320.25 304.071 716.167 783.88 706.421 638.515 572.309 470.396 753.387 1312.22 872.541 339.513 415.797 235.899 221.662 145.365 148.64 149.473 410.499 958.525 1525.68 2022.25 1989.59 1753.52 1759.51 2120.02 2760.47 -9999 -9999 -9999 1524.26 1490.83 1339.3 1271.71 -9999 -9999 -9999 -9999 -9999 -9999 -9999 -9999 -9999
3740.76 3178.76 2751.1 2448.74 1849.11 958.207 429.293 163.266 304.007 692.642 1292.06 1637.2 1213.21 994.209 1258.16 1265.85 431.461 346.896 1047.47 1765.24 2300.77 1777.28 1182.44 448.912 124.939 406.877 1179.34 1496.18 873.446 444.686 374.433 307.389 281.911 415.809 285.609 444.548 1073.37 1551.8 1748.41 1718.65 1645.56 1521.78 1743.37 1764.71 840.085 321.014 509.333 725.508 704.212 462.991 525.202 328.004 880.51 1729.01 2416.71 2999.14 3107.3 2872.1 2877.74 3298.89 -9999 -9999 -9999 -9999 967.386 872.349 676.82 620.845 1162.13 -9999 -9999 -9999 -9999 -9999 -9999 -9999 -9999
2924.39 2413.05 1833.71 1542.57 1490.67 779.514 257.133 315.496 383.739 571.977 1238.83 1809.07 1810.54 1561.22 1497.87 1131.18 496.01 321.571 520.892 1065.31 1563.76 1260.91 598.875 229.24 238.662 573.948 1355.69 1235.71 393.905 275.486 160.338 113.785 540.842 781.166 603.619 203.425 495.105 1349.89 2158.89 2573.13 2605.56 2481.78 2631.54 2265.35 1396.48 830.348 441.39 336.388 339.957 475.813 1017.36 1133.52 1524.43 2243 3083.71 3774.35 4049.86 3832.1 3838.47 4108.94 -9999 -9999 -9999 -9999 1350.2 623.481 289.265 504.1 1162.13 -9999 -9999 -9999 -9999 -9999 -9999 -9999 -9999
1999.49 1724.98 1140.39 652.352 799.403 445.663 371.101 867.609 1204.58 1326.92 1439.56 1216.87 1334.62 1078.69 829.863 490.75 195.796 322.029 229.231 388.78 753.977 794.64 405.313 122.859 279.718 716.408 1107.8 755.908 407.701 289.107 132.537 117.859 211.232 284.816 322.673 238.37 309.331 1052.52 2011.9 2905.95 3484.62 3406.01 3294.76 2796.81 2152.05 1672.22 1165.49 615.627 257.645 734.655 1551.33 1984.18 2390.68 2891.28 3600.64 4444.3 4975.67 4792.1 4799.31 5110.39 -9999 -9999 -9999 -9999 1393.58 1232.45 805.384 717.501 -9999 -9999 -9999 -9999 -9999 -9999 -9999 -9999 -9999
1093.68 980.3 815.554 249.639 196.058 213.503 573.505 1314.37 1849.47 1543.92 1170.51 501.824 568.688 371.022 230.821 128.62 94.523 153.596 153.381 133.529 276.411 298.807 197.149 83.06 390.119 591.822 591.474 254.578 160.422 94.6257 66.9873 96.3562 259.332 394.626 257.66 381.082 694.735 1225.4 2148.5 3108.5 4058.54 3865.98 3128.57 2565.72 2139.15 2124.25 1897.09 1328.05 467.926 563.732 1376.8 1927.03 2603.2 3267.67 3972.17 4722.76 5599.05 5739.99 5759.47 6077.25 7067.59 7755.06 -9999 -9999 1538.17 1889.34 1994.69 934.619 -9999 -9999 -9999 -9999 -9999 -9999 -9999 -9999 -9999
516.919 222.762 269.248 375.739 765.466 557.26 363.229 873.792 1384.49 877.3 456.303 179.648 128.244 181.409 59.9351 702.548 567.773 323.019 116.365 91.41 306.782 291.606 141.629 156.314 118.952 150.891 172.312 323.966 681.067 1639.99 -9999 -9999 -9999 870.942 453.909 407.269 1172.76 1856.86 2617.83 3547.67 4250.59 3540.07 2580.07 1690.37 1126.86 1398.94 1979.74 1703.18 681.487 290.826 564.002 1114.94 1950.54 2698.62 3450.92 4288.17 5399.06 6245.66 6753.69 7185.22 7661.75 7956.66 -9999 -9999 -9999 -9999 -9999 -9999 -9999 -9999 -9999 -9999 -9999 -9999 -9999 -9999 -9999
311.026 299.284 656.619 1102.34 1218.64 704.428 248.857 398.883 1177.59 900.87 322.44 121.334 232.59 367.094 -9999 -9999 770.979 270.904 123.302 86.1771 64.7256 111.323 403.453 676.683 355.454 277.073 262.763 377.877 998.284 1639.99 -9999 -9999 -9999 -9999 206.308 297.392 1048.66 1996.05 2930.06 3872.68 4141.61 3216.98 2256.98 1296.98 441.88 803.767 1544.94 1872.85 1165.47 564.96 271.736 532.345 1343.28 2101.95 2934.63 3882.33 5002.33 5960.14 6815.16 7632.67 8230.11 8159.8 -9999 -9999 -9999 -9999 -9999 -9999 -9999 -9999 -9999 -9999 -9999 -9999 -9999 -9999 -9999
678.598 1009.44 1430.85 1372.83 719.25 359.669 370.239 699.609 1302.91 1247.68 752.333 277.661 171.798 617.851 -9999 -9999 -9999 -9999 -9999 -9999 -9999 303.607 673.555 919.659 631.805 250.911 311.916 707.466 926.517 -9999 -9999 -9999 -9999 -9999 -9999 919.91 1505.04 2308.17 3256.64 4216.64 4200.7 3241.84 2281.84 1322.28 382.225 378.955 1034.16 1872.54 1878.21 1322.04 680.688 251.173 752.112 1586.3 2534 3494 4614 5572.07 6452.66 7210.48 8175 -9999 -9999 -9999 -9999 -9999 -9999 -9999 -9999 -9999 -9999 -9999 -9999 -9999 -9999 -9999 -9999
1523.32 1899.32 1869.72 1154.89 244.269 123.99 286.771 647.297 805.616 915.039 609.304 177.275 237.516 -9999 -9999 -9999 -9999 -9999 -9999 -9999 -9999 -9999 -9999 -9999 645.337 325.229 320.465 879.636 -9999 -9999 -9999 -9999 -9999 -9999 -9999 1173.08 2208.33 2882.24 3664.54 4614.29 4541.49 3581.49 2621.93 1697.08 699.606 494.144 1152.17 2051.6 2623.99 2014.7 1177.6 465.068 510.38 1443.82 2407.67 3367.67 4487.67 5446.78 6392.96 7339.13 8232.66 -9999 -9999 -9999 -9999 -9999 -9999 -9999 -9999 -9999 -9999 -9999 -9999 -9999 -9999 -9999 -9999
2078.11 2357.13 1643.45 836.405 361.659 266.06 285.224 155.754 279.031 218.239 194.205 111.569 -9999 -9999 -9999 -9999 -9999 -9999 -9999 -9999 -9999 -9999 -9999 -9999 -9999 -9999 -9999 -9999 -9999 -9999 -9999 -9999 -9999 -9999 -9999 -9999 3448.84 3738.56 4355.08 5101.99 5003.44 4043.15 3108.33 2227.53 1425.15 1215.25 1715.44 2560.59 3247.1 2615.07 1833.32 1165.82 1171.54 1825.8 2823.05 3767.64 4833.24 5509.46 5795.67 -9999 -9999 -9999 -9999 -9999 -9999 -9999 -9999 -9999 -9999 -9999 -9999 -9999 -9999 -9999 -9999 -9999 -9999
1648.12 2034.96 1528.73 655.023 246.749 608.896 1292.77 1777.57 921.895 53.8092 21.5237 0 -9999 -9999 -9999 -9999 -9999 -9999 -9999 -9999 -9999 -9999 -9999 -9999 -9999 -9999 -9999 -9999 -9999 -9999 -9999 -9999 -9999 -9999 -9999 -9999 -9999 4984.11 5172.08 5535.93 5367.17 4297.72 3332.46 2571.12 1953.86 -9999 -9999 3032.72 3508.86 2972.88 2398.77 1974.61 2055.22 2223.44 3836.94 4315.94 5193.17 5598.64 -9999 -9999 -9999 -9999 -9999 -9999 -9999 -9999 -9999 -9999 -9999 -9999 -9999 -9999 -9999 -9999 -9999 -9999 -9999
945.461 1539.35 1758.37 1176.02 615.794 1039.56 1826.48 2414.54 2923.37 3721.58 4681.09 5461.68 -9999 -9999 -9999 -9999 -9999 -9999 -9999 -9999 -9999 -9999 -9999 -9999 -9999 -9999 -9999 -9999 -9999 -9999 -9999 -9999 -9999 -9999 -9999 -9999 -9999 5367.19 5542.85 5684.93 5566.91 -9999 -9999 -9999 -9999 -9999 -9999 -9999 -9999 2928.43 2928.43 2373.12 2526.92 2672.79 4076.35 5052.43 5489.53 5681.98 -9999 -9999 -9999 -9999 -9999 -9999 -9999 -9999 -9999 -9999 -9999 -9999 -9999 -9999 -9999 -9999 -9999 -9999 -9999
443.458 1202.42 1969.5 1880.13 1494.43 1740.72 2359.87 3044.76 3501.41 4060.01 4882.05 5457.07 2554.96 2204.61 1679.07 625 664.314 983.256 1291.81 614.935 223.417 389.925 792.904 990.685 -9999 50 69.856 62.7726 103.481 472.44 1396.97 2360.4 -9999 -9999 -9999 -9999 -9999 -9999 -9999 -9999 -9999 -9999 -9999 -9999 -9999 -9999 -9999 -9999 -9999 -9999 -9999 -9999 -9999 -9999 -9999 5383.76 5574.44 -9999 -9999 -9999 -9999 -9999 -9999 -9999 -9999 -9999 -9999 -9999 -9999 -9999 -9999 -9999 -9999 -9999 -9999 -9999 -9999
1215.25 1683.91 2486.96 2874.69 2613.55 2828.94 3235.38 3813.54 4561.67 4969.83 5011.15 4605.68 3004.51 2073.22 1110.26 282.531 253.04 804.418 1368.51 837.813 165.785 282.675 646.902 277.406 621.714 516.006 205.956 364.601 288.901 878.123 1723.15 2663.82 3822.78 -9999 -9999 -9999 -9999 -9999 -9999 -9999 -9999 -9999 -9999 -9999 -9999 -9999 -9999 -9999 -9999 -9999 -9999 -9999 -9999 -9999 -9999 -9999 -9999 -9999 -9999 -9999 -9999 -9999 -9999 -9999 -9999 -9999 -9999 -9999 -9999 -9999 -9999 -9999 -9999 -9999 -9999 -9999 -9999
2170.12 2520.9 3053.09 3657.32 3573.55 3788.94 4186.59 4593.02 5269.65 5628.62 5050.34 4125.19 2981.42 2022.13 1062.61 262.055 377.585 1075.71 1448.03 830.396 214.557 614.678 922.862 438.768 685.329 574.774 203.512 291.065 740.38 1493.89 2237.24 3080.79 4062.64 5407.85 6649.88 6943.75 -9999 -9999 -9999 -9999 -9999 -9999 -9999 -9999 -9999 -9999 -9999 -9999 -9999 -9999 -9999 -9999 -9999 -9999 -9999 -9999 -9999 -9999 -9999 -9999 -9999 -9999 -9999 -9999 -9999 -9999 -9999 -9999 -9999 -9999 -9999 -9999 -9999 -9999 -9999 -9999 -9999
