public/models/data/input/map/ntb/1000/mapdroad.asc
NCOLS 388
NROWS 274
XLLCORNER 370313.940441
YLLCORNER 9267024.452423
CELLSIZE 1000.000000
NODATA_VALUE       -9999
[rows 204 to 237 of 274, columns 231 to 307 of 388]
-9999 -9999 -9999 -9999 -9999 -9999 -9999 -9999 -9999 -9999 -9999 -9999 -9999 -9999 -9999 -9999 -9999 -9999 -9999 2755.23 2330.07 1318.36 465.987 199.975 254.812 156.894 272.628 258.219 793.456 1792.43 2472.62 2937.22 3248.16 2857.8 2451.08 2068.32 1519.79 559.697 102.891 32.5185 55.6273 102.328 85.8563 66.8388 107.323 114.57 150.966 173.407 166.142 652.582 1548.55 2500.22 2679.09 1702.7 948.714 385.914 153.25 146.678 139.785 153.802 126.029 84.7202 188.463 146.273 136.091 262.062 145.101 247.011 113.859 211.908 244.925 464.288 185.435 218.692 182.642 330.535 226.603
-9999 -9999 -9999 -9999 -9999 -9999 -9999 -9999 -9999 -9999 -9999 -9999 -9999 -9999 -9999 -9999 -9999 -9999 -9999 2971.95 2615.03 1996.1 860.01 111.41 170.447 189.394 238.962 254.325 657.075 1167.48 1587.49 2157.86 2370.54 2066.28 2259.36 2206.81 1522.43 560.531 122.509 70.5911 49.0577 77.5671 148.859 116.92 126.341 146.779 480.133 610.844 559.718 919.64 1673.88 2571.38 2571.92 1541.18 665.032 246.875 177.041 138.437 127.212 97.789 111.294 122.046 155.408 195.78 579.588 715.32 279.497 155.122 78.39 369.372 261.885 227.398 155.454 220.849 341.902 245.284 172.396
-9999 -9999 -9999 -9999 -9999 -9999 -9999 -9999 -9999 -9999 -9999 -9999 -9999 -9999 -9999 -9999 -9999 -9999 -9999 -9999 2677.75 2406.72 -9999 81.4399 124.393 173.464 229.064 216.874 275.226 426.357 851.979 1650.73 1628.93 1117.23 1441.22 1634.58 1050.13 353.657 106.189 80.9413 75.2268 151.429 114.9 112.894 133.703 217.262 853.503 1230.56 1349.34 1791 2284.98 2903.69 2782.22 1746.63 832.409 269.812 230.438 197.779 202.4 84.8437 154.199 143.661 119.736 361.574 842.266 1241.07 863.803 352.542 112.999 177.484 137.781 148.115 191.663 289.186 408.986 412.979 153.116
-9999 -9999 -9999 -9999 -9999 -9999 -9999 -9999 -9999 -9999 -9999 -9999 -9999 -9999 -9999 -9999 -9999 -9999 -9999 -9999 -9999 -9999 -9999 79.1667 200.596 65.0361 124.511 190.186 194.789 274.39 592.454 1341.63 1157.8 424.278 927.841 1117.11 518.664 124.886 70.6092 82.7645 83.0752 135.319 135.271 152.223 210.427 154.964 462.326 939.91 1670.18 2514.73 2740.48 2654.38 2467.19 1577.82 689.484 248.852 259.01 222.784 104.738 76.8851 217.161 114.317 104.623 168.203 434.896 1196.7 852.079 370.097 131.128 171.783 81.6777 163.678 149.704 175.716 207.331 239.427 175.454
-9999 -9999 -9999 -9999 -9999 -9999 -9999 -9999 -9999 -9999 -9999 -9999 -9999 -9999 -9999 -9999 -9999 -9999 -9999 -9999 -9999 -9999 -9999 -9999 -9999 124.129 84.783 145.67 159.253 120.352 379.699 595.331 445.791 202.132 582.871 779.852 239.767 64.9635 62.2815 133.327 210.805 195.078 80.3223 83.6385 81.7279 129.906 116.497 567.948 1472.76 2070.1 1905.42 1611.54 1479.34 1077.69 465.78 97.3249 84.6925 218.417 157.785 153.218 337.071 122.983 149.561 321.504 508.044 972.418 412.758 170.894 121.639 345.614 450.005 236.654 281.938 275.469 485.155 221.374 139.276
-9999 -9999 -9999 -9999 -9999 -9999 -9999 -9999 -9999 -9999 -9999 -9999 -9999 -9999 -9999 -9999 -9999 -9999 -9999 -9999 -9999 -9999 -9999 -9999 -9999 -9999 113.005 85.3904 143.041 64.9062 69.3685 247.249 401.726 186.853 235.684 435.703 146.776 140.766 132.115 134.772 300.347 216.664 92.2175 150.759 107.329 370.507 165.595 476.345 1153.97 1175.95 972.458 702.808 576.066 389.186 232.042 96.4588 73.9949 153.7 228.08 90.8364 110.766 107.871 303.165 923.632 1277.14 911.152 252.069 175.578 205.1 601.41 414.045 352.422 467.22 383.402 258.561 137.486 143.395
-9999 -9999 -9999 -9999 -9999 -9999 -9999 -9999 -9999 -9999 -9999 -9999 -9999 -9999 -9999 -9999 -9999 -9999 -9999 -9999 -9999 -9999 -9999 -9999 -9999 -9999 -9999 -9999 231.272 491.168 463.297 751.003 881.607 533.529 219.734 226.172 112.029 163.109 162.504 170.956 156.453 140.887 292.843 558.941 247.488 495.877 209.624 306.994 475.598 386.8 322.133 296.758 361.899 122.531 90.7717 91.4096 76.8208 82.6204 93.284 43.9968 199.47 357.388 385.009 1158.29 1788.09 1113.32 422.774 171.04 210.19 368.461 421.898 976.261 1331.28 925.031 383.557 263.63 211.555
-9999 -9999 -9999 -9999 -9999 -9999 -9999 -9999 -9999 -9999 -9999 -9999 -9999 -9999 -9999 -9999 -9999 -9999 -9999 -9999 -9999 -9999 -9999 -9999 -9999 -9999 -9999 -9999 -9999 1377.25 1188.03 815.802 548.445 371.113 246.845 241.986 104.763 311.522 365.224 584.035 320.509 246.641 805.35 1148.51 689.268 468.613 202.083 187.415 292.68 174.608 198.193 197.654 241.033 103.944 69.4077 98.7809 69.5959 240.137 203.86 79.664 148.028 438.195 378.109 1039.45 1723.55 1621.92 822.489 226.025 134.675 258.78 866.309 1676.76 1891.22 1004.01 421.903 725.553 842.166
-9999 -9999 -9999 -9999 -9999 -9999 -9999 -9999 -9999 -9999 -9999 -9999 -9999 -9999 -9999 -9999 -9999 -9999 -9999 -9999 -9999 -9999 -9999 -9999 -9999 -9999 -9999 -9999 -9999 2434.21 1875.09 1227.12 242.59 43.1263 74.6304 171.09 235.599 798.614 928.901 954.869 354.3 730.786 1546.85 1935.49 1685.83 1286.59 962.045 457.719 329.719 643.858 448.479 242.65 213.53 586.127 507.979 399.025 244.428 263.553 194.725 161.834 293.218 140.88 177.137 512.184 1311.78 1339.11 614.358 255.953 210.047 338.311 1045.97 1514.74 1759.61 1447.24 1235.91 1411.94 1026.2
-9999 -9999 -9999 -9999 -9999 -9999 -9999 -9999 -9999 -9999 -9999 -9999 -9999 -9999 -9999 -9999 -9999 -9999 -9999 -9999 -9999 -9999 -9999 -9999 -9999 -9999 -9999 -9999 -9999 2914.38 2543.7 2295.72 -9999 -9999 33.3333 80.4143 205.492 386.267 421.09 432.973 228.739 1030.94 1975.47 2675.79 2607.39 2042.44 1343.64 508.543 210.394 405.403 314.07 312.822 417.188 989.476 1043.37 413.794 452.495 648.704 282.046 139.669 163.474 139.824 126.244 536.198 1401.81 1189.67 549.8 415.156 185.561 221.126 428.188 633.143 920.006 1353.12 1534.97 1469.56 841.348
-9999 -9999 -9999 -9999 -9999 -9999 -9999 -9999 -9999 -9999 -9999 -9999 -9999 -9999 -9999 -9999 -9999 -9999 -9999 -9999 -9999 -9999 -9999 -9999 -9999 -9999 -9999 -9999 -9999 3048.6 2915.56 2716 -9999 -9999 -9999 0 507.023 440.611 293.836 264.792 314.974 1231.87 2186.1 3090.64 3146.26 2216.04 1263.82 418.199 205.273 150.883 248.379 414.36 703.142 1443.52 1036.6 355.389 459.305 490.4 231.161 148.143 222.132 315.324 126.227 536.612 1432.42 1640.79 1126.26 608.473 173.396 251.081 327.358 186.635 439.989 581.016 931.379 864.567 502.155
-9999 -9999 -9999 -9999 -9999 -9999 -9999 -9999 -9999 -9999 -9999 -9999 -9999 -9999 -9999 -9999 -9999 -9999 -9999 -9999 -9999 -9999 -9999 -9999 -9999 -9999 -9999 -9999 -9999 -9999 -9999 -9999 -9999 -9999 -9999 -9999 1424.45 1156.42 820.293 358.998 448.544 1317.17 2182.84 3126.38 3267.83 2265.59 1305.89 474.116 143.824 103.771 247.731 429.063 -9999 1678.29 1012.18 306.346 227.251 407.479 197.016 253.401 250.775 184.775 119.96 487.836 1356.92 1593.54 955.438 357.246 147.407 587.084 810.972 356.412 217.791 280.252 399.899 278.505 138.62
-9999 -9999 -9999 -9999 -9999 -9999 -9999 -9999 -9999 -9999 -9999 -9999 -9999 -9999 -9999 -9999 -9999 -9999 -9999 -9999 -9999 -9999 -9999 -9999 -9999 -9999 -9999 -9999 -9999 -9999 -9999 -9999 -9999 -9999 -9999 -9999 -9999 -9999 503.553 306.002 187.79 924.815 1881.7 2836.71 3447.18 2633.34 1735.04 1122.81 684.129 258.012 228.632 905.156 1248.28 -9999 405.278 236.127 596.556 787.924 340.45 440.265 653.534 460.174 202.615 438.664 1277.86 1225.49 471.133 234.39 330.212 1108.34 1130.78 396.596 296.482 159.169 383.703 335.464 129.176
-9999 -9999 -9999 -9999 -9999 -9999 -9999 -9999 -9999 -9999 -9999 -9999 -9999 -9999 -9999 -9999 -9999 -9999 -9999 -9999 -9999 -9999 -9999 -9999 -9999 -9999 -9999 -9999 -9999 -9999 -9999 -9999 -9999 -9999 -9999 -9999 -9999 -9999 200 221.166 242.063 1133.91 2010.74 2821.39 3400.07 2729.72 1811.17 1014.31 430.228 294.434 244.528 743.98 1241.42 -9999 96.6387 165.876 522.317 571.067 505.342 616.284 350.445 258.089 131.006 423.971 1233.95 1559.66 953.601 450.502 324.87 905.994 837.398 337.822 429.129 238.54 801.745 726.409 307.132
-9999 -9999 3017.77 2716.11 1923.56 1273.88 1183.94 1139.95 -9999 -9999 -9999 -9999 -9999 -9999 -9999 -9999 -9999 -9999 -9999 -9999 -9999 -9999 -9999 -9999 -9999 -9999 -9999 -9999 -9999 -9999 -9999 -9999 -9999 -9999 -9999 -9999 -9999 -9999 -9999 137.273 317.253 1067.97 1686.58 2254.09 2664.96 2423.06 1514.32 596.067 331.232 360.779 122.896 109.344 -9999 -9999 52.0135 137.369 206.195 176.953 229.732 279.758 164.665 145.727 167.633 335.247 1094.31 1889.18 1540.39 1008.14 796.415 1112.13 944.998 740.624 679.085 312.154 1061.23 1199.42 841.066
-9999 -9999 3017.77 2243.62 1594.55 750.34 843.79 1130.68 -9999 -9999 -9999 -9999 -9999 -9999 -9999 -9999 -9999 -9999 -9999 -9999 -9999 -9999 -9999 -9999 -9999 -9999 -9999 -9999 -9999 -9999 -9999 -9999 -9999 -9999 -9999 -9999 -9999 -9999 -9999 8.33333 156.631 468.905 1069.88 1405.02 1723.1 1952.85 1526.03 655.631 216.839 88.2926 34.5333 -9999 -9999 -9999 1502.08 1103.92 58.8388 162.175 123.994 132.636 133.526 216.213 217.016 357.274 1073.08 2069.91 2237.93 1931.41 1745.99 1934.19 1737.24 1560.04 1089.97 722.351 1390.55 1750.09 1187.33
-9999 -9999 -9999 2113.91 1614.46 578.231 254.292 310.661 727.091 1148.46 -9999 -9999 -9999 -9999 -9999 -9999 -9999 -9999 -9999 -9999 -9999 -9999 -9999 -9999 -9999 -9999 -9999 -9999 -9999 -9999 1055.23 985.97 939.797 87.7654 -9999 -9999 -9999 2537.28 2537.28 495.711 135.663 301.776 406.988 419.488 699.491 943.202 927.706 432.958 281.137 320.711 -9999 -9999 -9999 -9999 -9999 600.058 286.69 135.34 138.834 124.669 299.703 387.764 171.676 185.753 732.501 1747.32 2596.95 2936.5 2861.9 3048.23 2840.48 2454.22 2000.19 1746.84 2126.53 2150.88 1396.21
-9999 -9999 -9999 -9999 -9999 1028.94 812.174 273.542 354.102 997.487 -9999 -9999 -9999 -9999 -9999 -9999 -9999 -9999 -9999 -9999 -9999 -9999 -9999 -9999 -9999 -9999 -9999 -9999 -9999 340.237 662.319 796.328 437.017 117.568 -9999 -9999 -9999 2398.06 2236.18 788.877 238.807 214.549 147.099 203.518 304.029 297.318 248.808 166.853 237.89 410.933 744.792 1328.03 1565.69 -9999 -9999 479.591 246.672 133.678 145.563 236.325 220.068 102.223 255.636 338.148 450.898 1443.52 2403.21 3282.46 3728.61 4006.58 3772.4 3351.33 2946.93 2706.69 2975.33 2710.16 2075.61
-9999 -9999 -9999 -9999 3200.75 2382.62 1409.9 508.806 223.402 -9999 -9999 -9999 -9999 -9999 -9999 -9999 -9999 41.6667 25 169.706 282.843 234.35 306.446 266.93 546.066 199.46 77.6286 16.6667 -9999 183.558 216.183 279.957 187.718 168.61 1984.25 1888.26 897.401 1016.71 1601.3 891.896 184.98 175.713 213.315 257.785 296.984 206.061 137.595 347.007 239.79 297.738 563.763 1223.87 1439.91 -9999 -9999 192.937 177.878 108.648 137.947 190.14 165.607 144.027 518.374 778.716 769.076 1554.77 2475.91 3400.67 4290.8 4913.01 4708.61 4304.58 3906.93 3663.27 3800.37 3438.7 2991.24
-9999 -9999 -9999 -9999 3603.7 2763.48 1995.36 841.08 194.229 367.218 -9999 -9999 -9999 -9999 -9999 -9999 323.497 205.709 189.207 226.531 93.6269 172.861 157.491 127.314 218.678 127.395 132.792 159.992 54.8883 79.1053 75.9232 125.352 122.074 280.713 1213.84 1433.06 612.972 275.053 446.429 476.208 149.777 298.66 722.481 794.844 618.714 206.076 334.255 768.873 347.624 238.129 206.946 1154.44 1356.07 -9999 904.149 459.427 136.304 271.604 308.792 127.199 106.6 177.334 256.675 600.563 1032.97 1646.22 2333.92 3245.27 4203.85 5228.63 5560.82 5264.58 4866.93 4615.14 4690.55 4348.89 3949.78
-9999 -9999 -9999 4827.85 4349.06 3599.14 1432.84 962.789 362.356 325.784 -9999 -9999 141.149 151.054 164.123 130.045 128.365 140.308 332.677 591.487 447.953 336.622 365.912 458.328 426.821 409.309 448.957 344.237 173.616 129.427 59.0551 73.8368 250.877 370.873 568.142 288.464 213.94 338.837 171.7 336.964 456.481 290.635 985.187 1546.15 1356.75 834.267 1029.06 992.52 340.981 205.797 91.6344 1223.87 2007.05 2792.56 602.369 335.285 115.158 138.682 276.891 307.991 234.238 115.597 144.878 133.592 339.646 956.082 1864.43 2824.43 3782.09 4832.62 5508.93 5810.08 5813 5550.96 5190.28 4719.26 4315.46
-9999 -9999 -9999 4789.78 4600.71 2086.4 1690.27 1097.82 355.867 334.808 500 -9999 202.349 104.463 122.084 130.36 217.457 254.381 485.295 688.782 1117.32 1057.97 1124.8 1312.5 1338.95 1241.94 1091.27 880.617 769.553 492.469 261.082 168.727 240.715 176.257 386.381 371.642 673.933 604.867 467.746 1020.68 1068.87 350.982 571.916 1359.48 1702.76 1513.5 1204.58 643.935 207.38 124.21 266.064 916.404 1846.28 2576.83 -9999 212.398 174.298 249.174 219.572 371.728 374.047 251.649 527.816 294.589 114.806 728.949 1681.02 2623.89 3468.11 4174.55 4610.57 5066.01 5646.22 5542.92 4678.31 3906.41 3403.03
-9999 -9999 -9999 -9999 -9999 2281.33 2046.96 1295.48 700.158 780.576 500 99.6489 286.634 403.917 337.702 293.166 173.73 344.49 1010.94 1403.71 1862.14 2016.98 2081.48 2269.52 2298.95 2190.46 1995.31 1789.62 1712.87 1361.08 973.207 721.936 679.91 273.552 796.092 1116.75 1374.93 1286.02 1226.38 1693.49 1577.08 703.404 368.475 840.591 1175.89 1217.58 789.373 227.611 218.045 325.747 560.27 1189.29 1823.99 2462.13 817.453 389.547 200.133 654.674 424.113 322.786 214.983 555.273 1029.51 657.108 312.041 732.633 1571.83 2235.19 2760.03 3252.76 3708.36 4301.02 4898 4851.79 4193.13 3320.67 2536.17
-9999 -9999 -9999 -9999 -9999 2586.65 2453.93 1799.5 1366.35 1452.84 28.2833 59.9157 158.867 276.961 308.954 618.944 600.24 700.251 1394.52 2191.78 2724.02 2976.98 3041.48 3229.52 3258.95 3149.5 2952.28 2749.47 2672.19 2285.25 1845.69 1593.56 1171.77 344.003 584.762 1326.94 1826.56 1986.4 2056.55 2344.88 1954.91 921.599 275.335 280.39 327.355 397.48 359.58 112.213 259.94 1043.03 1105.47 1294.4 1547.79 -9999 400.535 355.626 257.851 967.32 804.003 332.807 155.599 436.942 1129.72 1336.34 1079.44 1100.78 1155.37 1431.61 1830.62 2336.1 2942.91 3547.65 4163.43 4014.7 3494.14 2842.74 1957.18
-9999 -9999 -9999 -9999 -9999 -9999 -9999 1048.72 709.156 23.459 66.4853 128.973 121.173 558.212 826.558 951.336 1123.34 1584.47 2106.5 2835.01 3669.85 4093.74 4161.48 4349.52 4378.95 4269.5 4072.28 3869.16 3766.72 3266.36 2713.47 2189.33 1559.65 657.671 303.283 596.091 996.244 1274.63 1491.24 1815.14 1997.64 1251.65 476.609 395.684 717.273 610.852 55.5882 25 -9999 -9999 -9999 -9999 -9999 -9999 332.935 202.294 377.491 740.225 431.994 191.89 167.755 649.973 1364.66 2095.98 1950.49 1019.36 391.911 490.208 785.892 1462.18 2072.8 2701.06 3240.44 3026.55 2513.69 2010.83 1421.92
1310.66 -9999 -9999 -9999 -9999 -9999 1478.33 1116.7 596.144 45.0365 92.7616 103.229 140.33 568.581 608.721 427.848 723.171 1725.2 2522.84 3259.71 4120.73 4935.99 5117.98 5309.52 5338.52 5219.29 5003.4 4736.42 4358.18 3455.69 2517.42 1647.26 1081.08 969.987 539.656 207.009 332.503 447.31 593.196 930.401 1535.76 1572.69 775.202 383.35 1026.25 1480.05 -9999 -9999 -9999 -9999 -9999 -9999 -9999 -9999 -9999 119.002 183.287 198.09 125.2 239.895 635.8 1298.42 1972.11 2614.34 2331.96 1355.78 705.727 399.116 308.512 731.597 1337.8 1901.04 2453.74 2285.39 1672.59 1155.62 684.164
724.046 804.095 1049.26 -9999 -9999 -9999 1478.33 943.386 446.139 110.636 135.995 121.672 124.726 224.937 310.92 248.461 647.869 1459.89 2232.4 3152.05 4094.11 5164.93 5824.97 6143.79 6028.59 5551.19 5199.66 4812.75 4191.97 3128.88 2168.88 1211.07 435.885 704.919 451.366 181.263 146.746 213.204 354.743 384.53 938.412 1163.15 616.722 360.606 1043.85 1697.08 -9999 -9999 -9999 -9999 -9999 -9999 -9999 -9999 -9999 59.47 172.131 247.51 151.488 543.968 1288.73 2059.71 2661.29 3170.43 2825.03 2023.28 1531.37 1147.77 666.338 302.867 587.03 1112.22 1917.93 1777.96 940.379 437.384 353.277
335.567 425.759 940.643 1145.71 -9999 -9999 251.184 343.809 296.395 146.661 159.067 138.585 202.205 129.554 170.343 128.145 284.807 908.352 1824.36 2783.26 3743.26 4863.03 5738.44 5979.68 5644.94 5000.62 4414.76 4000.41 3569 2917.54 2032.81 1073.75 268.135 229.024 347.46 613.541 639.404 205.118 240.019 166.023 377.755 389.857 276.384 579.913 1201.09 1681.07 -9999 -9999 -9999 -9999 -9999 -9999 -9999 -9999 452.702 239.023 102.879 316.669 186.106 750.488 1670.01 2710.51 3416.17 3822.97 3466.96 2873.72 2451.83 1980.25 1372.97 615.151 267.968 633.094 1533.47 1551.86 634.597 377.359 885.254
269.813 499.922 935.902 1381.8 1974.26 613.513 396.761 332.016 161.721 242.108 197.749 243.584 552.353 147.167 97.4851 90.8183 156.096 994.834 1945.37 2905.37 3865.37 4983.37 5627.06 5223.07 4586.74 4072.25 3508.36 2920 2485.37 2102.2 1575.61 822.401 276.305 376.97 1055.07 1497.04 1306.83 509.067 372.237 459.594 201.146 185.532 282.843 -9999 -9999 -9999 -9999 -9999 -9999 -9999 -9999 -9999 -9999 1321.91 1131.79 498.031 118.878 251.531 530.811 1161.32 2066.25 3178.81 4095.44 4636.59 4432.39 3872.95 3302.18 2702.68 2057.96 1227.5 472.286 393.113 1133.45 1252.48 567.11 412.453 1159.69
212.327 662.941 1300.68 1806.87 1128.54 730.777 426.383 296.698 221.735 371.98 355.359 249.785 384.739 143.991 144.515 229.327 427.614 1249.97 2199.72 3159.72 4119.72 5207.77 5534.59 4776.54 3869.26 3146.42 2706.46 2152.88 1564.96 1194.71 847.803 385.896 179.538 713.262 1388.87 1449.26 1248.22 523.112 290.728 637.772 433.244 -9999 -9999 -9999 -9999 -9999 -9999 -9999 -9999 -9999 -9999 -9999 -9999 665.337 850.688 641.009 210.523 364.254 569.092 1098.88 2001.56 3120.5 4080 4934.94 4919.6 3996.88 3080.36 2345.35 1812.86 1184.49 543.681 311.765 648.849 504.271 310.459 306.426 771.528
181.504 575.853 1046.71 791.256 637.083 430.379 694.307 554.461 175.215 176.208 161.094 214.381 332.432 259.461 221.43 614.419 1192.73 1802.72 2591.02 3539.48 4499.48 5484.98 5308.82 4378.89 3418.89 2389.4 1792.79 1426.36 871.719 400.646 290.846 168.494 369.469 821.448 980.801 619.23 523.796 305.035 292.542 818.224 1046.9 -9999 -9999 -9999 -9999 -9999 -9999 -9999 -9999 -9999 -9999 -9999 -9999 275.267 336.012 336.709 367.286 569.89 610.052 1105.91 2002.35 3121.25 4081.25 4904.11 4681.69 3608.94 2649.09 1722.72 977.746 447.783 247.459 243.296 346.133 519.023 709.762 450.252 410.677
269.116 242.29 446.824 397.16 429.55 357.217 508.398 580.542 227.344 83.4182 170.908 205.788 194.329 221.542 453.927 1079.21 1884.33 2645.03 3160.37 3947.38 4897.13 5623.65 4940.94 3981.25 3021.25 1905.64 1033.82 565.383 421.932 168.241 108.461 109.841 161.404 271.773 302.25 357.392 305.542 241.501 776.878 1433.32 1648.31 -9999 -9999 -9999 -9999 -9999 -9999 -9999 -9999 -9999 1012.81 714.892 139.595 356.374 800.914 826.401 1002.08 1437.83 1468.65 1768.14 2410.94 3485.76 4445.76 5072.44 4556.65 3443.26 2483.26 1523.37 659.034 208.138 496.74 813.34 989.424 1365.81 1433.51 765.413 267.923
491.477 146.183 113.553 224.516 306.763 218.575 171.672 159.206 89.9758 114.838 66.8636 67.3618 75.5438 329.76 964.148 1737.34 2523.42 3467.72 4123.6 4635.71 5385.39 5820.27 4934.83 3974.83 3014.83 1895.02 982.265 434.751 209.861 157.551 389.157 607.137 673.005 772.426 841.945 1051.1 740.095 374.788 1230.05 1534.58 -9999 -9999 -9999 -9999 -9999 -9999 -9999 -9999 -9999 559.547 586.721 266.532 165.903 676.976 1508.62 1872.77 2072.74 2480.96 2587.92 2853.8 3257.3 3994.86 4898.6 5301 4624.68 3505.3 2545.3 1600.68 872.111 239.018 572.79 1286.23 1837.22 2334.5 2147.4 1502.45 1110.57
123.308 237.737 161.051 316.696 448.657 256.293 181.126 167.98 150.67 173.019 66.735 72.9868 191.311 746.261 1367.18 2196.56 3072.56 4017.57 4817.89 5459.94 5970.58 6005.92 5068.26 4108.26 3148.26 2028.39 1086.18 388.002 320.353 615.958 827.564 1385.19 1608.71 1732.43 1798.8 1793.34 1313.85 341.421 -9999 -9999 -9999 -9999 -9999 -9999 -9999 -9999 -9999 -9999 -9999 338.033 216.662 154.451 421.275 1021.59 1854.32 2606.07 3023.62 3430.27 3547.92 3813.8 4211.44 4709.7 5285.15 5227.68 4354.41 3234.41 2274.41 1314.63 436.875 178.186 268.538 790.49 1503.38 2477.47 2740.71 2413.47 2069.41
