public/models/data/input/map/ntb/1000/mapdplant.asc
NCOLS 388
NROWS 274
XLLCORNER 370313.940441
YLLCORNER 9267024.452423
CELLSIZE 1000.000000
NODATA_VALUE       -9999
[rows 204 to 237 of 274, columns 154 to 230 of 388]
30319.1 29357.5 28238 27278 26318 25358 24238 23278 22318 21358 20238.4 19280.9 18319.6 17358 16238 15278 14318 13358 12238 11278 10318 9374.8 8494.02 8025.22 7620.11 7222.47 6758.55 6360.9 6025.39 6149.65 6601.15 6998.79 7396.44 7796.43 8493.63 9395.93 10353.7 11312.4 11971.9 18486.9 18083 18051.4 18563.8 19306.2 20246.8 21017.8 -9999 -9999 -9999 -9999 -9999 -9999 -9999 -9999 -9999 -9999 -9999 -9999 -9999 -9999 -9999 -9999 -9999 -9999 -9999 -9999 -9999 -9999 -9999 -9999 -9999 -9999 -9999 -9999 -9999 -9999 -9999
30718.8 29755.6 28635.6 27675.6 26715.6 25755.6 24635.6 23675.6 22715.6 21755.6 20677.5 19708.2 18720.3 17755.6 16635.6 15675.6 14715.6 13755.6 12635.6 11675.6 10740.8 9966.17 9382.86 8977.76 8580.11 8182.47 7718.55 7320.9 6985.39 7109.65 7561.15 7958.79 8356.44 8754.08 9243.33 9872.07 10754.3 11711.4 12775.5 14623.7 16492.5 17138.2 17948.6 18893.2 19798.2 20081.5 -9999 -9999 -9999 -9999 -9999 -9999 -9999 -9999 -9999 -9999 -9999 -9999 -9999 -9999 -9999 -9999 -9999 -9999 -9999 -9999 -9999 -9999 -9999 -9999 -9999 -9999 -9999 -9999 -9999 -9999 -9999
31113.3 30153.3 29033.3 28073.3 27113.3 26153.3 25033.3 24073.3 23113.3 22178.8 21141.4 20097 19113.2 18153.3 17033.3 16073.3 15113.3 14153.3 13033.3 12098.5 11334.4 10815.4 10335.4 9937.75 9540.11 9142.47 8678.55 8280.9 7945.39 8069.65 8521.15 8918.79 9316.43 9714.08 10178.3 10608.4 11229.7 12111.2 13286.9 14508.9 15568.8 16499.9 17572.8 18532.8 19403.9 19664.7 -9999 -9999 -9999 -9999 -9999 -9999 -9999 -9999 -9999 -9999 -9999 -9999 -9999 -9999 -9999 -9999 -9999 -9999 -9999 -9999 -9999 -9999 -9999 -9999 -9999 -9999 -9999 -9999 -9999 -9999 -9999
31510.9 30550.9 29430.9 28470.9 27510.9 26550.9 25430.9 24470.9 23510.9 22559.4 21453.4 20470.9 19510.9 18550.9 17430.9 16470.9 15510.9 14550.9 13447.7 12681.5 12173 11759.9 11295.4 10897.8 10500.1 10102.5 9638.54 9240.9 8905.39 9029.65 9481.14 9878.79 10276.4 10674.1 11138 11535.9 11958.6 12566.6 13631.2 14608.8 15568.9 16527.9 17647.4 18607.4 19381.9 20683.9 -9999 -9999 -9999 -9999 -9999 -9999 -9999 -9999 -9999 -9999 -9999 -9999 -9999 -9999 -9999 -9999 -9999 -9999 -9999 -9999 -9999 -9999 -9999 -9999 -9999 -9999 -9999 -9999 -9999 -9999 -9999
31974.8 31014.8 29894.8 28934.8 27974.8 27014.8 25894.8 24934.8 23974.8 23014.8 21894.8 20934.8 19974.8 19014.8 17894.8 16934.8 15974.8 15031.6 14150.9 13682.1 13277 12879.3 12415.4 12017.7 11620.1 11222.5 10758.5 10360.9 10025.4 10149.7 10601.1 10998.8 11396.4 11794.1 12258 12655.6 13053.3 13453.3 14150.5 15052.8 16010.6 16970.6 18090.6 19050.6 20019 20756.2 -9999 -9999 -9999 -9999 -9999 -9999 -9999 -9999 -9999 -9999 -9999 -9999 -9999 -9999 -9999 -9999 -9999 -9999 -9999 -9999 -9999 -9999 -9999 -9999 -9999 -9999 -9999 -9999 -9999 -9999 -9999
32372.5 31412.5 30292.5 29332.5 28372.5 27412.5 26292.5 25332.5 24372.5 23412.5 22292.5 21332.5 20372.1 19412.4 18292.5 17332.5 16397.7 15623 15039.7 14634.6 14236.9 13839.3 13375.4 12977.4 12579.8 12182.5 11718.5 11320.9 10985.4 11109.7 11561.1 11958.8 12356.4 12754.1 13218 13615.6 14013.3 14410.9 14900.2 15528.9 16411.1 17368.2 18488.2 19448 20367.2 20660.3 -9999 -9999 -9999 -9999 -9999 -9999 -9999 -9999 -9999 -9999 -9999 -9999 -9999 -9999 -9999 -9999 -9999 -9999 -9999 -9999 -9999 -9999 -9999 -9999 -9999 -9999 -9999 -9999 -9999 -9999 -9999
32770.1 31810.1 30690.1 29730.1 28770.1 27810.1 26690.1 25730.1 24770.1 23810.1 22690.1 21730.1 20770.2 19810.2 18690.1 17755.3 16991.2 16472.2 15992.2 15594.6 15196.9 14799.3 14331.9 13920.9 13532.7 13142.1 12678.5 12280.9 11945.4 12069.7 12521.1 12918.8 13316.4 13714.1 14178 14575.6 14973.3 15370.9 15835.1 16265.3 16886.6 17768.1 18885.9 19845.6 20807.7 21674.6 -9999 -9999 -9999 -9999 -9999 -9999 -9999 -9999 -9999 -9999 -9999 -9999 -9999 -9999 -9999 -9999 -9999 -9999 -9999 -9999 -9999 -9999 -9999 -9999 -9999 -9999 -9999 -9999 -9999 -9999 -9999
33167.8 32207.8 31087.8 30127.8 29167.8 28207.8 27087.8 26127.8 25167.8 24207.8 23088.7 22130.5 21167.9 20212.4 19138.6 18338.3 17829.8 17416.8 16952.2 16554.6 16156.9 15765.4 15515.5 14638.6 14346.9 14099.5 13638.5 13240.9 12905.4 13029.7 13481.1 13878.8 14276.4 14674.1 15138 15535.6 15933.3 16330.9 16794.8 17192.8 17615.5 18223.4 19283.5 20243.5 21201.7 21951.6 -9999 -9999 -9999 -9999 -9999 -9999 -9999 -9999 -9999 -9999 -9999 -9999 -9999 -9999 -9999 -9999 -9999 -9999 -9999 -9999 -9999 -9999 -9999 -9999 -9999 -9999 -9999 -9999 -9999 -9999 -9999
33631.7 32671.7 31551.7 30591.7 29631.7 28671.7 27551.7 26591.7 25631.7 24671.7 23565.7 22633 21631 20688.5 19807.7 19338.9 18933.8 18536.2 18072.2 17674.6 17276.9 16904.5 17212.2 17045.8 15853.3 15221.8 14758.5 14360.9 14025.4 14149.7 14601.1 14998.8 15396.4 15794.1 16258 16655.6 17053.3 17450.9 17914.8 18312.5 18710.1 19110.1 19807.3 20709.6 21655.8 22426.9 -9999 29435.8 29100.7 28971.5 -9999 32913 32932 33405 35713.7 35788.2 36000.2 36334.3 -9999 -9999 -9999 -9999 -9999 -9999 -9999 -9999 -9999 -9999 -9999 -9999 -9999 -9999 -9999 -9999 -9999 -9999 -9999
34029.3 33069.3 31949.3 30989.3 30029.3 29069.3 27949.3 26989.3 26029.3 25069.3 23949.3 22989.3 22054.6 21279.9 20696.6 20291.4 19893.8 19496.2 19032.2 18634.6 18236.9 17864.1 17871.9 17327 16633.6 16182.9 15718.5 15320.9 14985.4 15109.7 15561.1 15958.8 16356.4 16754.1 17218 17615.6 18013.3 18410.9 18874.8 19272.5 19670.1 20067.8 20557 21185.8 22039.2 22337.1 26759.6 27932.9 28626.8 28932.4 29968.7 31900.4 32713.5 33206.1 34238.4 35195.3 35974.7 36203.7 -9999 -9999 -9999 -9999 -9999 -9999 -9999 -9999 -9999 -9999 -9999 -9999 -9999 -9999 -9999 -9999 -9999 -9999 -9999
34427 33467 32347 31387 30427 29467 28347 27387 26427 25467 24347 23412.2 22648.1 22129.1 21649.1 21251.4 20853.8 20456.2 19992.2 19594.6 19196.9 18824.1 18572.3 17986.2 17540.7 17142.5 16678.5 16280.9 15945.4 16069.7 16521.1 16918.8 17316.4 17714.1 18178 18575.6 18973.3 19370.9 19834.8 20232.5 20630.1 21027.8 21492 21922.2 22541.9 23286.8 25926.5 26787.2 27715.8 28674.9 29810.4 30964.7 31901.6 32688.6 33791.2 34735.1 35493.6 36007.7 -9999 -9999 -9999 -9999 -9999 -9999 -9999 -9999 -9999 -9999 -9999 -9999 -9999 -9999 -9999 -9999 -9999 -9999 -9999
34824.6 33864.6 32744.6 31784.6 30824.6 29864.6 28744.6 27784.6 26824.6 25864.6 24761.4 23995.2 23486.7 23073.6 22609.1 22211.4 21813.8 21416.2 20952.2 20554.6 20156.9 19770.8 19324.9 18898.2 18500.1 18102.5 17638.5 17240.9 16905.4 17029.7 17481.1 17878.8 18276.4 18674.1 19138 19535.6 19933.3 20330.9 20794.8 21192.5 21590.1 21987.8 22451.7 22849.6 23272 23968.8 25438.4 26365.9 27325.5 28285.5 29414 30390.2 31324.8 32285.5 33400.8 34139.6 35019.5 37516.3 -9999 -9999 -9999 -9999 -9999 -9999 -9999 -9999 -9999 -9999 -9999 -9999 -9999 -9999 -9999 -9999 -9999 -9999 -9999
35288.6 34328.6 33208.6 32248.6 31288.6 30328.6 29208.6 28248.6 27288.6 26345.4 25464.6 24995.8 24599.3 24214.6 23718.9 23331.4 22933.8 22536.2 22072.2 21674.6 21276.9 20879.3 20415.4 20017.7 19620.1 19222.5 18758.5 18360.9 18025.4 18149.7 18601.1 18998.8 19396.4 19794.1 20258 20655.6 21053.3 21450.9 21914.8 22312.5 22710.1 23107.8 23571.7 23969.3 24367 24776.4 25555 26481.9 27441.5 28401.5 29521.5 30481.5 31447 32404.8 33518.5 34410.3 35840.6 37033.9 38049.3 38464.7 -9999 -9999 -9999 -9999 -9999 -9999 -9999 -9999 -9999 -9999 -9999 -9999 -9999 -9999 -9999 -9999 -9999
35686.2 34726.2 33606.2 32646.2 31686.2 30726.2 29606.2 28646.2 27711.4 26936.8 26353.4 25948.3 25581.5 25236.5 24689.5 24291.4 23893.8 23496.2 23032.2 22634.6 22236.9 21839.3 21375.4 20977.7 20580.1 20182.5 19718.5 19320.9 18985.4 19109.7 19561.1 19958.8 20356.4 20754.1 21218 21615.6 22013.3 22410.9 22874.8 23272.5 23670.1 24067.8 24531.7 24929.3 25327 25724.6 26234.4 26927.6 27839.7 28799.1 29919.1 30876.3 31922.8 32915.9 33981.4 34891.4 35890.4 36862.7 37969.6 38565.2 -9999 -9999 -9999 -9999 -9999 -9999 -9999 -9999 -9999 -9999 -9999 -9999 -9999 -9999 -9999 -9999 -9999
36083.9 35123.9 34003.9 33043.9 32083.9 31123.9 30003.9 29069.1 28305 27785.9 27306 26908.3 26513.8 26114.3 25649.1 25251.4 24853.8 24456.2 23992.2 23594.6 23196.9 22799.3 22335.4 21937.7 21540.1 21142.5 20678.5 20280.9 19945.4 20069.7 20521.1 20918.8 21316.4 21714.1 22178 22575.6 22973.3 23370.9 23834.8 24232.5 24630.1 25027.8 25491.7 25889.3 26287 26684.6 27150 27602.5 28285.2 29197.2 30316.8 31276.1 32386 33590.8 34746.6 35364 36239 37196.8 38262.8 38880.6 -9999 -9999 -9999 -9999 -9999 -9999 -9999 -9999 -9999 -9999 -9999 -9999 -9999 -9999 -9999 -9999 -9999
36481.5 35521.5 34401.5 33441.5 32481.5 31521.5 30418.3 29652 29143.6 28730.5 28266 27868.3 27470.7 27073 26609.1 26211.4 25813.8 25416.2 24952.2 24554.6 24156.9 23759.3 23295.4 22897.7 22500.1 22102.5 21638.5 21240.9 20905.4 21029.7 21481.1 21878.8 22276.4 22674.1 23138 23535.6 23933.3 24330.9 24794.8 25192.5 25590.1 25987.8 26451.7 26849.3 27247 27644.6 28108.6 28507.7 28949.7 29628 30714.4 31675.1 32657.4 33736.2 34886.7 35741.1 36643.8 37594.4 38545.6 38972.4 -9999 -9999 -9999 -9999 -9999 -9999 -9999 -9999 -9999 -9999 -9999 -9999 -9999 -9999 -9999 -9999 -9999
36945.4 35985.4 34865.4 33905.4 32945.4 32002.3 31121.5 30652.7 30247.6 29849.9 29386 28988.3 28590.7 28193 27729.1 27331.4 26933.8 26536.2 26072.2 25674.6 25276.9 24879.3 24415.4 24017.7 23620.1 23222.5 22758.5 22360.9 22025.4 22149.7 22601.1 22998.8 23396.4 23794.1 24258 24655.6 25053.3 25450.9 25914.8 26312.5 26710.1 27107.8 27571.7 27969.3 28367 28764.6 29228.6 29626.2 30023.9 30433.2 31211.9 32128 33008.9 34402.8 35218.9 36138.4 37098.3 38042 39159.7 40324.4 41362.7 42060 -9999 -9999 -9999 -9999 -9999 -9999 -9999 -9999 -9999 -9999 -9999 -9999 -9999 -9999 -9999
37343.1 36383.1 35263.1 34303.1 33368.3 32593.6 32010.3 31605.2 31207.6 30809.9 30346 29948.3 29550.7 29153 28689.1 28291.4 27893.8 27496.2 27032.2 26634.6 26236.9 25839.3 25375.4 24977.7 24580.1 24182.5 23718.5 23320.9 22985.4 23109.7 23561.1 23958.8 24356.4 24754.1 25218 25615.6 26013.3 26410.9 26874.8 27272.5 27670.1 28067.8 28531.7 28929.3 29327 29724.6 30188.6 30586.2 30983.9 31381.5 31891.3 32584.5 33497 34487.1 35599.8 36536.3 37496 38375.1 39385.9 40356.8 41298.2 41942.1 -9999 -9999 -9999 -9999 -9999 -9999 -9999 -9999 -9999 -9999 -9999 -9999 -9999 -9999 -9999
37740.7 36780.7 35660.7 34725.9 33961.8 33442.8 32962.9 32565.2 32167.6 31769.9 31306 30908.3 30512.5 30154.1 29649.1 29251.4 28853.8 28456.2 27992.2 27594.6 27196.9 26799.3 26335.4 25937.7 25540.1 25142.5 24678.5 24280.9 23945.4 24069.7 24521.1 24918.8 25316.4 25714.1 26178 26575.6 26973.3 27370.9 27834.8 28232.5 28630.1 29027.8 29491.7 29889.3 30287 30684.6 31148.6 31546.2 31943.9 32341.5 32806.9 33259.3 33942.1 34854.1 35973.6 36933.6 37893.6 38782.8 -9999 -9999 -9999 -9999 -9999 -9999 -9999 -9999 -9999 -9999 -9999 -9999 -9999 -9999 -9999 -9999 -9999 -9999 -9999
38138.4 37178.4 36075.2 35308.9 34800.5 34387.4 33922.9 33525.2 33127.6 32729.9 32266 31868.3 31478.5 31151 30609.1 30211.4 29813.8 29416.2 28952.2 28554.6 28156.9 27759.3 27295.4 26897.7 26500.1 26102.5 25638.5 25240.9 24905.4 25029.7 25481.1 25878.8 26276.4 26674.1 27138 27535.6 27933.3 28330.9 28794.8 29192.5 29590.1 29987.8 30451.7 30849.3 31247 31644.6 32108.6 32506.2 32903.9 33301.5 33765.4 34164.6 34606.6 35284.8 36371.3 37331.3 38291.3 39222.3 40010.4 -9999 -9999 -9999 -9999 -9999 -9999 -9999 -9999 -9999 -9999 -9999 -9999 -9999 -9999 -9999 -9999 -9999 -9999
38602.3 37659.1 36778.3 36309.5 35904.4 35506.8 35042.9 34645.2 34247.6 33849.9 33386 32988.3 32601.1 32216.6 31729.1 31331.4 30933.8 30536.2 30072.2 29674.6 29276.9 28879.3 28415.4 28017.7 27620.1 27222.5 26758.5 26360.9 26025.4 26149.7 26601.1 26998.8 27396.4 27794.1 28258 28655.6 29053.3 29450.9 29914.8 30312.5 30710.1 31107.8 31571.7 31969.3 32367 32764.6 33228.6 33626.2 34023.9 34421.5 34885.4 35283.1 35680.7 36090.1 36868.7 37795.7 38755.2 39719.3 41023.7 41600.8 -9999 -9999 -9999 -9999 -9999 -9999 -9999 -9999 -9999 -9999 -9999 -9999 -9999 -9999 -9999 -9999 -9999
39025.2 38250.5 37667.2 37262.1 36864.4 36466.8 36002.9 35605.2 35207.6 34809.9 34346 33948.3 33550.7 33153 32689.1 32291.4 31893.8 31496.2 31032.2 30634.6 30236.9 29839.3 29375.4 28977.7 28580.1 28182.5 27718.5 27320.9 26985.4 27109.7 27561.1 27958.8 28356.4 28754.1 29218 29615.6 30013.3 30410.9 30874.8 31272.5 31670.1 32067.8 32531.7 32929.3 33327 33724.6 34188.6 34586.2 34983.9 35381.5 35845.4 36243.1 36640.7 37038.4 37548.2 38241.3 39153.4 40112.9 41196.2 41696.9 -9999 -9999 -9999 -9999 -9999 -9999 -9999 -9999 -9999 -9999 -9999 -9999 -9999 -9999 -9999 -9999 -9999
39618.7 39099.7 38619.7 38222.1 37824.4 37426.8 36962.9 36565.2 36167.6 35769.9 35306 34908.3 34510.7 34113 33649.1 33251.4 32853.8 32456.2 31992.2 31594.6 31196.9 30799.3 30335.4 29937.7 29540.1 29142.5 28678.5 28280.9 27945.4 28069.7 28521.1 28918.8 29316.4 29714.1 30178 30575.6 30973.3 31370.9 31834.8 32232.5 32630.1 33053.9 33500.4 33988.4 34293 34684.6 35148.6 35546.2 35943.9 36341.5 36805.4 37203.1 37600.7 37998.4 38463.8 38916.2 39599 40511 41571.3 41974.3 -9999 -9999 -9999 -9999 -9999 -9999 -9999 -9999 -9999 -9999 -9999 -9999 -9999 -9999 -9999 -9999 -9999
40457.3 40044.3 39579.7 39182.1 38784.4 38386.8 37922.9 37525.2 37127.6 36729.9 36266 35868.3 35470.7 35073 34609.1 34211.4 33813.8 33416.2 32952.2 32554.6 32156.9 31759.3 31295.4 30897.7 30500.1 30102.5 29638.5 29240.9 28905.4 29029.7 29481.1 29878.8 30276.4 30674.1 31138 31535.6 31933.3 32330.9 32794.8 33192.5 33590.1 34001.9 34769.5 35270.7 35282.7 35644.6 36108.6 36506.2 36903.9 37301.5 37765.4 38163.1 38560.7 38958.4 39422.3 39821.4 40263.5 40941.7 41967.3 42364.1 -9999 -9999 -9999 -9999 -9999 -9999 -9999 -9999 -9999 -9999 62427 62464.5 62520.8 -9999 -9999 -9999 -9999
41561.3 41163.6 40699.7 40302.1 39904.4 39506.8 39042.9 38645.2 38247.6 37849.9 37386 36988.3 36590.7 36193 35729.1 35331.4 34933.8 34536.1 34072.2 33674.6 33276.9 32879.3 32415.4 32017.7 31620.1 31222.5 30758.5 30360.9 30025.4 30149.7 30601.1 30998.8 31396.4 31794.1 32258 32655.6 33053.3 33451 33915.4 34311.9 34710.1 35107.8 35615.2 36118.6 36403.5 36764.6 37228.6 37626.2 38023.9 38421.5 38885.4 39283.1 39680.7 40078.4 40542.3 40940 41337.6 41747 42479.7 43209.8 45634.3 45717.1 -9999 -9999 -9999 -9999 -9999 -9999 -9999 60445.9 61379.2 61833.6 62393.7 63211 64054.5 64423.2 -9999
42521.3 42123.6 41659.7 41262.1 40864.4 40466.8 40002.9 39605.2 39207.6 38809.9 38346 37948.3 37550.7 37153 36689.1 36291.4 35893.8 35496.2 35032.2 34634.6 34236.9 33839.3 33375.4 32977.7 32580.1 32182.5 31718.5 31320.9 30985.4 31109.7 31561.1 31958.8 32356.4 32754.1 33218 33615.6 34013.3 34411.3 34916.3 35280 35670.1 36067.8 36532.8 36943.2 37337.6 37724.6 38188.6 38586.2 38983.9 39381.5 39845.4 40243.1 40640.7 41038.4 41502.3 41900 42297.6 42695.3 43182.1 44194.8 45420.9 45538.4 -9999 -9999 -9999 -9999 -9999 -9999 -9999 60136.9 60490.9 61041.9 61867.3 62825.6 63865.4 64324.3 67178.1
43481.3 43083.6 42619.7 42222.1 41824.4 41426.8 40962.9 40565.2 40167.6 39769.9 39306 38908.3 38510.7 38113 37649.1 37251.4 36853.8 36456.2 35992.2 35594.6 35196.9 34799.3 34335.4 33937.7 33540.1 33142.5 32678.5 32280.9 31945.4 32069.7 32521.1 32918.8 33316.4 33714.1 34178 34575.6 34973.3 35371.1 35926.3 36252.6 36630.1 37027.8 37491.7 37889.3 38287 38684.6 39148.6 39546.2 39943.9 40341.5 40805.4 41203.1 41600.7 41998.4 42462.3 42860 43257.6 43655.3 44126.3 44654.3 45372.6 46181.5 -9999 -9999 -9999 -9999 -9999 -9999 -9999 59134.6 59672.7 60509.7 61462 62263.6 63641.9 64175.8 66877.1
44441.3 44043.6 43579.7 43182.1 42784.4 42386.8 41922.9 41525.2 41127.6 40729.9 40266 39868.3 39470.7 39073 38609.1 38211.4 37813.8 37416.1 36952.2 36554.6 36156.9 35759.3 35295.4 34897.7 34500.1 34102.5 33638.5 33240.9 32905.4 33029.7 33481.1 33878.8 34276.4 34674.1 35138 35535.6 35933.3 36330.9 36812.6 37197.6 37590.1 37987.8 38451.7 38849.3 39247 39644.6 40108.6 40506.2 40903.9 41301.5 41765.4 42163.1 42560.7 42958.4 43422.3 43820 44217.6 44615.3 45079.2 45483 45975.3 46719 47873.4 48305 -9999 54871.7 55252 56005 56932.2 58117.4 59149.4 60104.3 61064.3 61924.5 -9999 65451.8 65815.2
45561.3 45163.6 44699.7 44302.1 43904.4 43506.8 43042.9 42645.2 42247.6 41849.9 41386 40988.3 40590.7 40193 39729.1 39331.4 38933.8 38536.2 38072.2 37674.6 37276.9 36879.3 36415.4 36017.7 35620.1 35222.5 34758.5 34360.9 34025.4 34149.7 34601.1 34998.8 35396.4 35794.1 36258 36655.6 37053.3 37450.9 37914.8 38312.5 38710.1 39107.8 39571.7 39969.3 40367 40764.6 41228.6 41626.2 42023.9 42421.5 42885.4 43283.1 43680.7 44078.4 44542.3 44940 45337.6 45735.3 46199.2 46596.8 46994.5 47441.4 48330.7 48933.1 53115.8 54151.2 54751.6 55643 56600.4 57560.4 58680.4 59640.4 60600.4 61558.4 62706.1 64159.2 64867.9
46521.3 46123.6 45659.7 45262.1 44864.4 44466.8 44002.9 43605.2 43207.6 42809.9 42346 41948.3 41550.7 41153 40689.1 40291.4 39893.8 39496.2 39032.2 38634.6 38236.9 37839.3 37375.4 36977.7 36580.1 36182.5 35718.5 35320.9 34985.4 35109.7 35561.1 35958.8 36356.4 36754.1 37218 37615.6 38013.3 38410.9 38874.8 39272.5 39670.1 40067.8 40531.7 40929.3 41327 41724.6 42188.6 42586.2 42983.9 43381.5 43845.4 44243.1 44640.7 45038.4 45502.3 45900 46297.6 46695.3 47159.2 47556.8 47954.5 48352.1 48911.2 49871.3 52613.2 53277.7 54282.7 55242.7 56202.7 57162.7 58282.7 59242.7 60202.7 61162.7 62267.7 63235 64240.2
47481.3 47083.6 46619.7 46222.1 45824.4 45426.8 44962.9 44565.2 44167.6 43769.9 43306 42908.3 42510.7 42113 41649.1 41251.4 40853.8 40456.2 39992.2 39594.6 39196.9 38799.3 38335.4 37937.7 37540.1 37142.5 36678.5 36280.9 35945.4 36069.7 36521.1 36918.8 37316.4 37714.1 38178 38575.6 38973.3 39370.9 39834.8 40232.5 40630.1 41027.8 41491.7 41889.3 42287 42684.6 43148.6 43546.2 43943.9 44341.5 44805.4 45203.1 45600.7 45998.4 46462.3 46860 47257.6 47655.3 48119.2 48516.8 48914.5 49312.1 49780.4 50634.5 51903.4 52780.6 53891.3 54851.3 55811.3 56771.3 57891.3 58851.3 59811.3 60771.3 61891.3 62851.3 63811.3
48441.3 48043.6 47579.7 47182.1 46784.4 46386.8 45922.9 45525.2 45127.6 44729.9 44266 43868.3 43470.7 43073 42609.1 42211.4 41813.8 41416.2 40952.2 40554.6 40156.9 39759.3 39295.4 38897.7 38500.1 38102.5 37638.5 37240.9 36905.4 37029.7 37481.1 37878.8 38276.4 38674.1 39138 39535.6 39933.3 40330.9 40794.8 41192.5 41590.1 41987.8 42451.7 42849.3 43247 43644.6 44108.6 44506.2 44903.9 45301.5 45765.4 46163.1 46560.7 46958.4 47422.3 47820 48217.6 48615.3 49079.2 49476.8 49874.5 50272.1 50736 51189.9 51847.7 52734.6 53854 54814 55774 56734 57854 58814 59774 60734 61854 62814 63774
49561.3 49163.6 48699.7 48302.1 47904.4 47506.8 47042.9 46645.2 46247.6 45849.9 45386 44988.3 44590.7 44193 43729.1 43331.4 42933.8 42536.2 42072.2 41674.6 41276.9 40879.3 40415.4 40017.7 39620.1 39222.5 38758.5 38360.9 38025.4 38149.7 38601.1 38998.8 39396.4 39794.1 40258 40655.6 41053.3 41450.9 41914.8 42312.5 42710.1 43107.8 43571.7 43969.3 44367 44764.6 45228.6 45626.2 46023.9 46421.5 46885.4 47283.1 47680.7 48078.4 48542.3 48940 49337.6 49735.3 50199.2 50596.8 50994.5 51392.1 51856.1 52253.7 52660.2 53244.7 54275 55234.5 56194.5 57154.5 58274.5 59234.5 60194.5 61154.5 62274.5 63234.5 64194.5
50521.3 50123.6 49659.7 49262.1 48864.4 48466.8 48002.9 47605.2 47207.6 46809.9 46346 45948.3 45550.7 45153 44689.1 44291.4 43893.8 43496.2 43032.2 42634.6 42236.9 41839.3 41375.4 40977.7 40580.1 40182.5 39718.5 39320.9 38985.4 39109.7 39561.1 39958.8 40356.4 40754.1 41218 41615.6 42013.3 42410.9 42874.8 43272.5 43670.1 44067.8 44531.7 44929.3 45327 45724.6 46188.6 46586.2 46983.9 47381.5 47845.4 48243.1 48640.7 49038.4 49502.3 49900 50297.6 50695.3 51159.2 51556.8 51954.5 52352.1 52816.1 53213.7 53611.4 54017.8 54736.3 55633 56592.1 57552.1 58672.1 59632.1 60592.1 61552.1 62672.1 63632.1 64592.1
