public/models/data/input/map/ntb/1000/mapdem.asc
NCOLS 388
NROWS 274
XLLCORNER 370313.940441
YLLCORNER 9267024.452423
CELLSIZE 1000.000000
NODATA_VALUE       -9999
[rows 204 to 237 of 274, columns 308 to 384 of 388]
87.5056 83.6669 51.4731 30.5919 10.4023 5.54719 3.2 -9999 -9999 36.4778 129.249 159.965 117.448 59.8519 56.4881 73.9331 43.3856 57.3969 62.2719 98.6781 206.727 277.643 339.941 384.671 391.453 413.552 454.667 512.703 658.983 807.466 977.219 1097.66 1084.39 1187.62 1046.81 819.58 751.46 647.444 511.862 438.314 314.107 213.987 176.857 122.905 133.731 120.227 64.1182 25.9868 -9999 -9999 -9999 -9999 -9999 -9999 -9999 -9999 -9999 -9999 -9999 -9999 -9999 -9999 -9999 -9999 -9999 -9999 -9999 -9999 -9999 -9999 -9999 -9999 -9999 -9999 -9999 -9999 -9999
37.0756 40.9319 25.8794 11.4206 4.43987 2.28684 -9999 -9999 -9999 20.02 65.3361 187.386 215.457 168.083 154.856 128.042 88.7881 69.4994 69.5931 93.0219 124.848 181.1 270.776 349.492 355.646 396.071 451.547 572.803 788.511 928.516 1016.14 1114.83 1160.48 1132.21 1099.74 937.984 719.698 523.204 398.644 384.015 350.212 288.856 225.657 157.356 82.3506 80.1169 51.5828 12.4144 -9999 -9999 -9999 -9999 -9999 -9999 -9999 -9999 -9999 -9999 -9999 -9999 -9999 -9999 -9999 -9999 -9999 -9999 -9999 -9999 -9999 -9999 -9999 -9999 -9999 -9999 -9999 -9999 -9999
16.1806 12.6344 8.21313 5.84438 2.22958 0.336842 -9999 -9999 -9999 18.976 43.1273 147.698 202.268 219.945 243.235 178.457 137.816 132.968 90.7956 99.3181 160.441 167.83 255.499 333.418 328.145 398.652 453.746 551.992 708.654 866.622 1025.48 1136.52 1142.45 993.25 969.085 883.77 707.907 480.341 320.201 238.22 255.264 241.082 223.085 171.18 115.412 45.3352 30.654 21.1689 -9999 -9999 -9999 -9999 -9999 -9999 -9999 -9999 -9999 -9999 -9999 -9999 -9999 -9999 -9999 -9999 -9999 -9999 -9999 -9999 -9999 -9999 -9999 -9999 -9999 -9999 -9999 -9999 -9999
12.3856 9.40938 5.84688 4.68062 2.57874 0 -9999 -9999 7.736 27.6332 98.5652 184.636 181.849 231.915 246.913 197.689 161.331 164.536 121.414 87.8969 138.7 132.319 268.438 372.112 393.076 426.063 470.462 536.894 644.667 777.387 889.958 962.683 1011.48 900.944 812.451 676.951 536.86 369.201 278.19 204.375 160.152 168.881 144.019 113.565 116.261 59.483 29.4862 9.26336 -9999 -9999 -9999 -9999 -9999 -9999 -9999 -9999 -9999 -9999 -9999 -9999 -9999 -9999 -9999 -9999 -9999 -9999 -9999 -9999 -9999 -9999 -9999 -9999 -9999 -9999 -9999 -9999 -9999
11.6656 7.22312 5.84312 5.87063 3.9506 6.03073 22.7492 20.5425 18.4168 62.045 105.879 115.026 155.51 220.187 220.712 156.135 157.072 111.581 141.811 155.474 165.034 176.747 262.164 407.08 399.122 420.226 465.138 517.792 606.753 653.631 696.263 767.011 817.219 748.956 657.038 499.672 446.025 339.761 223.455 164.486 162.517 95.9981 96.7725 48.2425 57.6232 33.8142 10.2566 5.63095 -9999 -9999 -9999 -9999 -9999 -9999 -9999 -9999 -9999 -9999 -9999 -9999 -9999 -9999 -9999 -9999 -9999 -9999 -9999 -9999 -9999 -9999 -9999 -9999 -9999 -9999 -9999 -9999 -9999
11.7469 8.61687 8.52687 4.89687 1.97317 0.836903 8.05428 32.4163 64.2838 143.744 188.444 146.334 165.787 178.746 106.598 61.8675 112.346 177.274 223.547 250.306 340.371 306.66 246.706 314.775 382.034 419.781 466.41 519.208 562.963 566.001 551.828 633.216 653.813 613.407 501.671 375.349 376.622 326.794 239.918 166.729 125.722 50.9981 32.04 22.651 12.7927 12.5646 5.37736 1 -9999 -9999 -9999 -9999 -9999 -9999 -9999 -9999 -9999 -9999 -9999 -9999 -9999 -9999 -9999 -9999 -9999 -9999 -9999 -9999 -9999 -9999 -9999 -9999 -9999 -9999 -9999 -9999 -9999
44.2106 24.0894 14.5381 5.00526 3.15124 3.17055 3.0168 6.85875 52.505 85.69 96.5894 66.7231 86.7806 61.8469 36.1594 35.6231 149.743 261.662 333.962 330.571 477.976 478.948 373.586 258.417 317.008 405.6 448.168 492.869 516.887 512.488 468.249 512.731 495.416 495.98 434.142 318.081 263.379 250.679 195.836 154.766 117.702 66.075 24.2288 6.44832 7.54545 1 -9999 -9999 -9999 -9999 -9999 -9999 -9999 -9999 -9999 -9999 -9999 -9999 -9999 -9999 -9999 -9999 -9999 -9999 -9999 -9999 -9999 0 -9999 -9999 -9999 -9999 -9999 -9999 -9999 -9999 -9999
36.8819 9.17562 5.68437 3.36925 3.59805 4.00838 3.58463 4.49125 11.4563 14.4312 16.1581 12.9669 16.6594 21.1756 34.6981 95.5319 151.223 224.626 275.198 413.633 595.984 673.894 535.922 359.969 266.294 383.171 433.667 460.533 476.542 463.716 393.283 449.329 412.181 383.617 345.544 278.198 191.221 174.247 132.864 97.5462 80.7838 54.0238 29.8888 18.7254 0 -9999 -9999 -9999 -9999 -9999 -9999 -9999 -9999 -9999 -9999 -9999 -9999 -9999 -9999 -9999 7 7 -9999 -9999 -9999 -9999 -9999 0 0 -9999 -9999 -9999 -9999 -9999 -9999 -9999 -9999
33.2212 21.0575 5.20437 4.13913 3.61687 3.45062 4.20437 5.39063 5.22875 5.60875 6.78813 15.3269 73.4772 117.685 191.28 318.914 252.654 405.391 428.784 367.261 464.654 662.45 669.47 491.824 293.094 382.912 403.451 419.383 447.36 414.087 372.35 332.835 333.939 272.045 272.086 201.331 181.857 111.564 99.1644 55.1906 26.5275 50.425 56.4119 24.068 18.4472 0 16.2837 27.4514 -9999 -9999 -9999 -9999 -9999 -9999 -9999 -9999 -9999 -9999 -9999 9.2 5.98601 4.69091 0 -9999 -9999 -9999 -9999 -9999 0 0 0 0 -9999 -9999 -9999 -9999 -9999
23.8213 6.96 5.12813 4.34062 4.15812 3.37438 4.07562 4.96938 6.14 5.9225 6.97062 42.5294 204.57 259.171 322.024 394.551 282.395 410.878 496.52 455.027 460.444 638.59 619.225 443.604 294.232 349.479 380.391 405.821 379.237 285.774 312.042 220.976 187.417 136.253 122.512 101.964 93.4538 59.3887 38.0044 27.0556 13.8175 12.075 6.91313 3.83901 9.25714 1.35417 21.8069 31.5999 -9999 -9999 -9999 -9999 -9999 -9999 -9999 -9999 -9999 16.6 23.99 16.2552 6.13619 5.75833 6.63333 4.83333 -9999 -9999 -9999 -9999 -9999 -9999 -9999 -9999 -9999 -9999 -9999 -9999 -9999
16.6269 8.94938 6.4425 5.65125 6.28813 4.39813 4.44688 5.41937 7.51062 7.33063 12.8731 77.8131 236.098 264.818 318.786 394.557 346.003 408.223 556.865 642.093 541.601 679.06 563.508 409.786 324.698 408.986 413.151 425.343 344.707 223.906 199.915 170.322 161.803 182.544 166.468 114.917 105.748 70.7194 63.8081 25.4919 12.9438 7.01625 4.27313 2.41217 0.705882 4.18303 16.9354 35.0581 -9999 -9999 -9999 -9999 -9999 -9999 -9999 -9999 -9999 20.9617 30.7118 27.1119 8.98409 5.75833 7.94872 13.1846 -9999 -9999 -9999 -9999 -9999 -9999 -9999 -9999 -9999 -9999 -9999 -9999 -9999
22.8181 11.8056 8.7775 9.67875 9.46688 7.29688 10.0156 11.5581 9.85812 14.9306 40.0931 58.2656 197.559 269.005 353.408 452.188 504.439 531.619 697.819 783.761 647.649 638.232 462.522 355.821 360.906 483.543 522.338 458.338 328.21 229.375 224.543 240.088 256.03 335.055 310.885 265.082 154.594 71.9881 27.8356 8.85437 7.68375 5.08125 4.87687 2.86737 1.70963 1.34545 8.02448 24.3709 -9999 -9999 -9999 -9999 -9999 -9999 -9999 -9999 -9999 20.7358 32.5859 23.6486 7.34167 -9999 19.1011 13.1107 -9999 -9999 -9999 -9999 -9999 -9999 -9999 -9999 -9999 -9999 -9999 -9999 -9999
42.7875 32.3662 19.4513 17.4325 13.1763 14.2925 40.0062 41.73 14.515 40.8037 81.7763 51.6375 79.7219 140.901 288.967 428.177 657.216 793.963 894.429 961.188 867.914 718.561 482.834 384.849 439.052 572.094 472.869 335.755 266.525 245.184 296.638 378.043 417.446 396.682 348.503 337.149 240.615 109.927 30.8188 9.13125 4.68687 6.39937 6.86438 6.36688 9.75714 6.57563 0.392857 0 -9999 -9999 -9999 -9999 -9999 24.1304 12.8188 1.85556 8.55627 11.3825 26.71 43.0561 58.6973 39.0824 23.1769 1 -9999 -9999 -9999 -9999 -9999 -9999 -9999 -9999 -9999 -9999 -9999 -9999 -9999
154.839 117.406 59.7988 30.2725 17.3325 17.6087 21.1038 15.69 14.0375 37.8988 91.835 89.6413 97.6156 188.299 352.84 451.793 663.731 812.97 862.961 983.328 841.191 620.747 479.753 508.337 562.056 514.992 405.935 372.201 369.931 325.033 375.456 472.896 499.906 360.797 289.075 277.339 303.938 163.375 114.661 29.92 7.31437 8.38188 7.62063 19.3806 57.8814 13.4693 3.25 -9999 -9999 -9999 -9999 -9999 -9999 23.3567 15.3587 17.9253 18.8487 58.4512 71.5704 77.6988 67.2688 41.6619 11.6065 6.5 -9999 -9999 -9999 -9999 -9999 -9999 -9999 -9999 -9999 -9999 -9999 -9999 -9999
301.718 149.608 69.7344 37.0469 27.06 48.6362 68.1231 65.2931 25.6663 14.4987 33.3575 125.802 179.574 202.454 343.955 402.726 548.784 562.127 608.316 791.056 804.636 621.261 577.927 644.009 550.606 457.181 449.902 526.159 491.263 502.341 461.391 408.797 379.78 303.451 244.742 283.661 329.696 269.105 199.059 95.7044 24.6581 11.2356 9.96813 38.2656 90.6181 20.4454 9.05263 -9999 -9999 -9999 -9999 -9999 -9999 14.9264 22.5178 49.1107 42.0716 101.725 131.959 75.8419 29.6563 29.5077 12.5464 6.6 -9999 -9999 -9999 -9999 -9999 -9999 -9999 -9999 -9999 -9999 -9999 -9999 -9999
212.837 93.9755 51.8956 48.0531 53.4738 120.104 204.421 154.457 57.0013 13.4137 18.0413 67.7438 95.9212 102.804 148.091 257.482 406.706 328.373 478.369 697.244 819.992 757.059 715.594 608.347 559.283 631.896 576.122 654.317 657.929 584.56 482.23 297.283 230.899 200.007 180.128 214.869 242.647 315.955 313.766 225.579 74.4906 14.3731 12.8094 21.2644 57.1805 11.5401 3.68421 -9999 -9999 -9999 -9999 -9999 -9999 4.416 10.8495 39.6398 80.6787 124.715 129.791 88.4156 25.0094 12.6497 11.1304 6.66667 -9999 -9999 -9999 -9999 -9999 -9999 -9999 -9999 -9999 -9999 -9999 -9999 -9999
221.41 123.389 118.989 246.172 194.9 177.799 131.573 40.7337 20.595 28.4287 39.2925 29.6437 44.1656 46.3619 126.443 265.287 272.356 231.36 368.58 625.424 795.285 876.782 808.72 717.205 708.536 760.909 714.147 728.206 614.679 447.97 368.517 283.815 292.255 215.785 161.494 127.447 232.662 318.715 262.406 320.272 178.513 29.8131 21.8219 83.1169 89.6241 27.4953 -9999 -9999 -9999 -9999 -9999 -9999 15.04 5.92 2.92 9.53038 28.3737 73.1563 45.9777 19.481 23.3363 12.9884 4.85939 -9999 -9999 -9999 -9999 -9999 -9999 -9999 -9999 -9999 -9999 -9999 -9999 -9999 -9999
512.557 273.731 202.036 434.567 361.109 267.229 98.0738 31.8662 28.2 85.0512 147.672 69.971 113.064 120.291 96.6394 136.335 198.963 216.313 319.261 450.728 613.235 855.235 876.333 834.245 792.422 767.793 756.554 780.603 580.904 505.138 464.414 460.689 430.93 288.746 221.608 136.931 159.651 219.793 142.178 188.659 160.848 49.9331 47.0831 134.931 128.238 24.6616 8.5 -9999 -9999 -9999 -9999 1 14.5618 10.1396 10.5075 11.3903 19.3509 44.4412 26.4556 13.5969 20.2172 19.5333 11.9333 -9999 -9999 -9999 -9999 -9999 -9999 -9999 -9999 -9999 -9999 -9999 -9999 -9999 -9999
676.442 380.766 237.462 450.929 461.402 267.052 112.253 34.6525 63.4739 226.727 318.121 197.936 219.113 229.485 155.338 164.992 266.337 325.633 350.962 442.046 619.119 750.64 736.232 708.009 697.2 676.284 728.529 793.295 704.449 686.654 613.419 526.77 398.448 290.16 212.644 133.336 125.639 134.764 101.708 96.8781 99.3856 54.1144 131.286 259.584 152.499 22.4102 9.33246 9.85 -9999 -9999 10.375 7.02717 18.1678 31.8813 50.6711 69.9419 69.735 54.8325 18.8798 12.3218 11.1545 -9999 -9999 -9999 -9999 -9999 -9999 -9999 -9999 -9999 -9999 -9999 -9999 -9999 -9999 -9999 -9999
666.771 389.442 297.56 486.893 537.304 471.006 311.538 87.2525 90.3166 316.57 391.141 357.011 330.772 316.182 280.447 233.152 241.352 442.218 548.855 581.818 531.089 590.24 531.065 536.576 610.285 598.456 625.385 710.106 664.993 579.538 543.03 356.831 240.481 181.941 144.524 171.439 279.498 299.894 221.383 193.771 170.954 141.154 173.809 336.833 227.512 41.9339 14.5334 17.8349 53.9816 32.3382 23.9273 16.021 64.7425 120.414 146.182 164.914 163.182 104.122 37.4601 22.5025 13.7667 -9999 -9999 -9999 5 3.9 3.47647 4.29412 -9999 -9999 -9999 -9999 -9999 -9999 -9999 -9999 -9999
521.518 497.354 528.797 619.706 618.077 519.922 319.355 108.661 50.0056 171.957 294.921 348.918 393.772 467.385 504.004 448.218 386.274 458.224 509.316 428.456 410.043 510.969 386.72 322.216 479.022 525.364 502.416 516.102 460.651 353.407 346.334 273.945 235.936 224.421 198.73 172.714 334.176 423.589 435.205 486.693 460.513 341.138 276.758 341.405 164.083 64.4056 74.5644 103.882 120.08 52.3944 63.485 74.9925 146.202 264.553 294.924 301.65 258.773 157.428 57.6955 18.3813 -9999 -9999 -9999 -9999 30.9111 26.5141 27.8562 15.6184 3.75 -9999 -9999 -9999 -9999 -9999 -9999 -9999 -9999
611.469 534.037 446.092 443.461 389.822 375.937 183.496 56.195 103.41 206.345 274.831 265.414 318.47 419.229 376.261 239 210.973 270.526 301.431 213.918 393.366 466.256 321.812 151.119 291.782 490.74 550.554 409.825 297.483 213.561 193.298 165.728 215.337 204.731 188.501 125.926 169.266 279.957 458.646 532.959 452.414 437.23 403.365 397.028 245.973 136.323 141.922 165.047 201.533 152.701 181.229 222.984 288.189 428.363 486.946 574.604 496.413 316.001 93.4698 16.8962 -9999 -9999 -9999 -9999 10.1752 25.3007 58.8744 34.0781 2.65455 6.7 -9999 -9999 -9999 -9999 -9999 -9999 -9999
506.107 427.419 312.019 238.348 204.262 155.264 75.3631 91.7169 255.371 373.655 294.844 196.445 268.154 298.451 179.051 62.2244 40.7663 109.649 175.952 137.954 275.993 292.626 209.623 98.8519 147.426 305.904 316.566 268.84 194.012 78.9775 56.6231 40.1539 52.1695 44.0625 67.0556 90.8881 82.0631 189.518 330.16 392.049 336.822 355.63 304.687 277.791 284.071 276.02 327.164 285.317 242.631 258.664 336.159 309.614 363.866 598.621 726.042 723.881 600.71 441.571 188.89 37.3961 -9999 -9999 -9999 -9999 14.3547 36.0546 53.9407 22.0665 1.34 6.7 -9999 -9999 -9999 -9999 -9999 -9999 -9999
315.706 326.968 285.511 135.002 79.6286 55.9494 73.4581 178.354 385.402 362.594 181.002 88.9586 171.488 123.923 55.7671 22.6767 8.61875 46.4738 76.05 54.14 128.201 105.654 69.4819 48.8781 76.7981 213.467 158.318 60.02 38.5271 19.9026 10.0676 5.59819 15.108 8.58674 10.1628 27.2506 43.6231 123.288 234.392 296.578 270.949 339.496 263.716 181.644 180.835 217.481 333.152 300.584 178.867 173.558 235.066 198.421 275.874 418.558 637.727 720.593 592.024 474.905 310.716 146.826 18.5559 2.83333 -9999 -9999 25.1111 15.2257 12.26 12.4 -9999 -9999 -9999 -9999 -9999 -9999 -9999 -9999 -9999
149.689 164.923 168.359 97.1956 75.0673 78.8607 113.416 228.526 371.686 389.599 208.112 68.6356 42.9012 58.9328 8.26751 2.65263 31.8502 65.6958 17.0986 11.3525 84.1255 68.6807 63.1266 20.6656 36.2919 101.371 86.7288 18.4913 4.82467 5.16667 -9999 -9999 -9999 5.4 5.43964 7.26966 36.0288 115.536 155.146 155.374 208.34 307.386 278.412 142.12 100.585 93.0775 189.016 240.818 151.561 82.81 78.8219 78.4694 245.194 222.447 464.891 668.821 573.469 469.978 393.341 202.703 26.7773 16.1 -9999 4.2 -9999 -9999 -9999 -9999 -9999 -9999 -9999 -9999 -9999 -9999 -9999 -9999 -9999
112.569 119.181 215.153 249.334 176.689 148.759 103.242 156.897 263.379 197.276 87.3994 29.9281 7.71054 6.1339 0.886364 0 17.1813 15.879 1.84276 6.3125 36.5523 20.8949 14.8502 7.05071 39.1182 140.388 132.556 63.0363 24.7147 5.16667 -9999 -9999 -9999 -9999 6.24138 7.70281 37.6138 73.3487 98.3369 89.4856 153.069 230.733 235.923 117.672 46.8462 75.5462 150.706 137.834 184.494 149.117 84.3344 39.9019 103.439 140.577 356.578 480.907 332.144 177.448 99.9692 99.1326 45.6667 5 -9999 0 -9999 -9999 -9999 -9999 -9999 -9999 -9999 -9999 -9999 -9999 -9999 -9999 -9999
182.204 199.266 310.051 300.8 158.166 106.666 136.262 179.286 204.204 144.652 102.63 39.3088 2.2024 0.950943 0 0 4.19429 4.19429 -9999 -9999 -9999 2.76923 3.00769 4.55333 36.0232 92.2065 107.335 69.3947 20.3576 -9999 -9999 -9999 -9999 -9999 -9999 7.8439 28.417 57.4225 95.86 72.2712 132.113 183.541 239.523 125.818 59.705 58.7463 110.393 76.6081 149.885 236.538 171.355 45.465 55.4331 138.636 339 349.966 167.548 175.721 127.329 95.6318 52.9091 -9999 -9999 0 -9999 -9999 -9999 -9999 -9999 -9999 -9999 -9999 -9999 -9999 -9999 -9999 -9999
247.684 288.53 290.8 167.544 55.7777 31.5744 68.105 118.536 68.2387 115.02 108.923 43.6572 10.401 4 -9999 -9999 4.8 4.8 -9999 -9999 -9999 -9999 -9999 -9999 17.8175 28.6592 38.0223 45.0036 3 -9999 -9999 -9999 -9999 -9999 -9999 6.66667 31.1238 55.4017 104.268 77.0387 164.935 246.293 295.96 255.809 132.685 28.49 48.0781 58.3556 121.393 222.898 197.379 76.1988 27.2911 84.7233 287.576 359.674 260.959 282.672 211.384 124.985 46.7318 -9999 -9999 -9999 -9999 -9999 -9999 -9999 -9999 -9999 -9999 -9999 -9999 -9999 -9999 -9999 -9999
333.978 350.3 255.223 131.225 41.575 9.835 6.58375 12.9738 6.09472 38.2043 51.9494 33.0209 13.0588 13.1686 13.3333 -9999 -9999 3.875 3.875 -9999 -9999 12.375 8.85 6.5 -9999 -9999 -9999 -9999 -9999 -9999 -9999 -9999 -9999 -9999 -9999 -9999 31.7 39.1551 79.6249 58.572 139.762 187.354 193.487 176.843 78.979 29.1305 21.5425 22.7102 75.5593 162.115 218.933 176.317 40.4503 21.6643 153.64 211.402 113.419 66.5934 28.6667 -9999 -9999 -9999 -9999 -9999 -9999 -9999 -9999 -9999 -9999 -9999 -9999 -9999 -9999 -9999 -9999 -9999 -9999
254.685 251.93 203.383 92.2575 21.5763 6.89625 4.2825 3.52996 2.49547 9.92159 13.4091 6.5 -9999 -9999 -9999 -9999 -9999 -9999 -9999 -9999 -9999 -9999 -9999 -9999 -9999 -9999 -9999 -9999 -9999 -9999 -9999 -9999 -9999 -9999 -9999 -9999 -9999 25.8892 39.9416 33.7802 53.1068 86.3961 52.3227 61.0908 10.6667 0 -9999 4 31.0007 54.3969 61.4116 111.816 97.704 33.5618 89.4348 152.794 84.0805 34.6914 -9999 -9999 -9999 -9999 -9999 -9999 -9999 -9999 -9999 -9999 -9999 -9999 -9999 -9999 -9999 -9999 -9999 -9999 -9999
158.512 103.141 88.3044 54.0019 9.16562 6.65063 6.72 5.78371 4.20742 6.48864 25.48 23.285 -9999 -9999 -9999 -9999 -9999 -9999 -9999 -9999 -9999 -9999 -9999 -9999 -9999 -9999 -9999 -9999 -9999 -9999 -9999 -9999 -9999 -9999 -9999 -9999 -9999 13.8 14.1644 4.74815 5.33333 -9999 0 0 -9999 -9999 -9999 -9999 0 0 3.84 35.8234 33.4648 17.8421 7 57.5137 65.1284 38.4286 -9999 -9999 -9999 -9999 -9999 -9999 -9999 -9999 -9999 -9999 -9999 -9999 -9999 -9999 -9999 -9999 -9999 -9999 -9999
54.52 34.3488 24.4881 16.8531 11.8181 20.8531 29.0637 29.0675 11.5222 18.3852 60.5235 38.9145 7.6 7.08308 6.30769 8 19.3975 14.9718 6.60326 4.248 7.85455 6.48727 6.16 6 -9999 12 16.2 14.5273 7.13397 6.99429 6.41143 1.02857 -9999 -9999 -9999 -9999 -9999 -9999 -9999 -9999 -9999 -9999 -9999 -9999 -9999 -9999 -9999 -9999 -9999 -9999 -9999 6 2.75 -9999 -9999 21.5 33.5 -9999 -9999 -9999 -9999 -9999 -9999 -9999 -9999 -9999 -9999 -9999 -9999 -9999 -9999 -9999 -9999 -9999 -9999 -9999 -9999
58.5681 36.1844 28.12 44.095 82.8272 127.078 100.705 73.3163 45.7456 29.9894 55.2081 30.5641 14.0475 33.52 39.0562 29.0838 100.125 80.0963 90.8381 107.893 98.54 107.327 96.1826 51.4317 64.3224 87.397 102.592 92.7231 24.745 39.975 51.1425 30.0527 7.0625 -9999 -9999 -9999 -9999 -9999 0 0 -9999 -9999 -9999 -9999 -9999 -9999 -9999 -9999 -9999 -9999 -9999 -9999 -9999 -9999 -9999 -9999 -9999 -9999 -9999 -9999 -9999 -9999 -9999 -9999 -9999 -9999 -9999 -9999 -9999 -9999 -9999 -9999 -9999 -9999 -9999 -9999 -9999
111.498 67.1119 55.9762 79.5212 163.065 218.277 211.054 190.462 165.756 71.9603 72.2219 34.1949 33.0092 36.8662 51.9956 77.0456 114.315 151.355 261.64 301.254 299.293 304.698 312.321 251.737 257.848 256.067 212.164 145.806 101.271 119.181 101.871 51.5962 17.7951 7.56667 8.66667 9.33333 -9999 -9999 0 0 -9999 -9999 -9999 -9999 -9999 -9999 -9999 -9999 -9999 -9999 -9999 -9999 -9999 -9999 -9999 -9999 -9999 -9999 -9999 -9999 -9999 -9999 -9999 -9999 -9999 -9999 -9999 -9999 -9999 -9999 -9999 -9999 -9999 -9999 -9999 -9999 -9999
