public/models/data/input/map/ntb/1000/mapdriver.asc
NCOLS 388
NROWS 274
XLLCORNER 370313.940441
YLLCORNER 9267024.452423
CELLSIZE 1000.000000
NODATA_VALUE       -9999
[rows 204 to 237 of 274, columns 231 to 307 of 388]
-9999 -9999 -9999 -9999 -9999 -9999 -9999 -9999 -9999 -9999 -9999 -9999 -9999 -9999 -9999 -9999 -9999 -9999 -9999 2255.23 1830.07 866.213 728.418 1514.92 2376.64 3483.97 4443.97 5403.97 6361.83 6806.85 6193.57 5418.67 4537.32 3452.34 2647.48 2131.87 1795.51 1307.51 847.502 477.022 301.421 665.35 971.012 911.494 417.398 394.907 1286.37 2245.26 3186.17 4181.23 4354.2 3525.01 2565.01 1450.64 578.56 387.946 1135.07 1312.74 453.139 187.721 197.413 242.635 223.711 311.845 455.603 1050.89 1051.25 852.378 1156.77 1475.73 1603.7 2110.98 2860.7 2903.54 2135.05 1382.22 643.043
-9999 -9999 -9999 -9999 -9999 -9999 -9999 -9999 -9999 -9999 -9999 -9999 -9999 -9999 -9999 -9999 -9999 -9999 -9999 2471.95 2115.03 1496.1 1334.79 2414.01 2930.16 3880.4 4837.47 5797.47 6687.2 6385.11 5568.89 5013.49 4484.14 3728.96 3253.54 2864.61 2470.59 1960.29 1595.24 1161.08 550.964 235.425 573.582 675.169 225.502 496.041 1386.83 2221.38 2915.35 3608.03 3974.95 3398.85 2445.66 1328.1 490.337 382.146 1101.37 1342.45 493.957 136.236 212 112.927 93.5805 348.524 1007.66 1533.75 870.449 361.439 401.262 595.89 797.876 1551.03 2194.19 2159.11 1546.61 807.604 391.579
-9999 -9999 -9999 -9999 -9999 -9999 -9999 -9999 -9999 -9999 -9999 -9999 -9999 -9999 -9999 -9999 -9999 -9999 -9999 -9999 2177.75 1906.72 -9999 3590.29 3785.48 4396.01 5238.41 6194.94 6774.86 5978.79 5031.09 4211.24 3670.37 3202.68 2955.32 2648.22 2104.66 1648.03 1372.39 1280.12 897.423 273.388 517.396 606.375 224.571 473.671 1211.41 1707.15 2160.29 3016.63 3655.26 3408.57 2682 1593.07 681.78 306.812 967.317 1431.6 589.001 132.073 196.137 151.37 134.549 502.801 1365.39 1989.67 1397.05 706.79 217.354 303.347 382.585 1016.42 1350.51 1369.03 944.893 390.127 150.785
-9999 -9999 -9999 -9999 -9999 -9999 -9999 -9999 -9999 -9999 -9999 -9999 -9999 -9999 -9999 -9999 -9999 -9999 -9999 -9999 -9999 -9999 -9999 3929.91 4730.87 5196.92 5753.66 6552.58 6598.28 5581.15 4621.15 3670.37 2828.41 2243.44 2065.02 1990.21 1331.66 711.164 482.722 751.011 893.006 401.867 227.798 277.701 348.271 193.598 529.145 834.815 1518.98 2567.82 2989.34 2722.66 2441.21 1594.61 669.008 338.434 898.228 1253.83 626.727 163.393 247.705 143.995 222.708 689.232 1625.8 2407.13 1796.16 879.161 248.531 667.943 391.733 450.13 491.574 503.367 490.003 195.396 90.9817
-9999 -9999 -9999 -9999 -9999 -9999 -9999 -9999 -9999 -9999 -9999 -9999 -9999 -9999 -9999 -9999 -9999 -9999 -9999 -9999 -9999 -9999 -9999 -9999 -9999 5955.82 6592.07 6829.74 6228.55 5121.37 4161.37 3201.37 2241.37 1255.03 984.045 1203.3 761.516 231.773 407.003 372.325 290.323 228.463 180.084 323.017 353.618 289.612 385.204 652.046 1385.83 2203.27 1985.83 1611.35 1479.34 1176.57 755.754 230.887 489.896 510.896 245.016 167.959 206.85 136.461 269.879 954.447 1905.98 2682.62 2005.36 1075.44 339.319 511.234 548.094 292.431 322.668 127.585 122.699 231.386 307.378
-9999 -9999 -9999 -9999 -9999 -9999 -9999 -9999 -9999 -9999 -9999 -9999 -9999 -9999 -9999 -9999 -9999 -9999 -9999 -9999 -9999 -9999 -9999 -9999 -9999 -9999 7226.85 6835.02 5888.59 4888.35 3928.35 2968.35 2008.35 903.581 379.984 518.708 323.045 514.996 803.99 633.264 795.438 620.014 543.743 611.198 604.999 990.201 1268.72 1504.58 1934.96 1954.16 1208.46 708.352 569.776 371.784 323.949 200.791 285.697 443.736 140.539 182.926 212.207 158.781 358.449 1147.23 2092.9 2954.75 2434.8 1614.4 864.367 330.501 285.298 234.177 149.492 219.156 500.838 730.34 695.05
-9999 -9999 -9999 -9999 -9999 -9999 -9999 -9999 -9999 -9999 -9999 -9999 -9999 -9999 -9999 -9999 -9999 -9999 -9999 -9999 -9999 -9999 -9999 -9999 -9999 -9999 -9999 -9999 5715.25 4963.46 4007.96 3047.96 2087.96 969.861 309.154 206.851 178.07 928.001 1496.35 1563.52 1701.72 1400.58 1424.39 1533.03 1550.81 1902.58 2209.17 2453.89 2454.54 1627.61 719.483 219.32 128.418 187.54 312.751 140.122 281.313 441.305 112.43 124.499 221.065 132.064 361.152 1175.55 2132.13 3105.69 2941.91 2152 1396.33 644.637 236.107 323.155 507.287 548.514 1046.57 1490.19 1165.02
-9999 -9999 -9999 -9999 -9999 -9999 -9999 -9999 -9999 -9999 -9999 -9999 -9999 -9999 -9999 -9999 -9999 -9999 -9999 -9999 -9999 -9999 -9999 -9999 -9999 -9999 -9999 -9999 -9999 5114.04 4180.8 3220.18 2260.59 1144.08 372.005 198.334 276.871 1203.97 2048.43 2485.08 2643.36 2354.65 2380.51 2489.37 2510.81 2857.55 3163.65 3317.76 2834.12 1751.4 849.257 285.011 105.892 183.071 236.011 84.5749 176.316 142.868 100.986 250.625 275.709 147.851 370.7 1148.64 2108.64 3083.23 2930.1 2138.77 1231.77 383.569 393.333 967.665 1353.92 1358.58 1745.53 2115.75 1636.2
-9999 -9999 -9999 -9999 -9999 -9999 -9999 -9999 -9999 -9999 -9999 -9999 -9999 -9999 -9999 -9999 -9999 -9999 -9999 -9999 -9999 -9999 -9999 -9999 -9999 -9999 -9999 -9999 -9999 5355 4533.07 3851.38 2357.69 1397.76 203.064 239.256 384.337 1374.69 2334.56 3234.87 3721.58 3474.65 3500.51 3609.37 3630.81 3969.5 4133.18 3710.03 2819.98 1733.31 1019.95 657.377 302.629 87.9041 122.684 206.146 119.167 139.535 149.647 422.096 915.901 347.797 256.525 972.32 1929.45 2744.14 2244.99 1534.07 770.389 196.817 721.654 1335.27 1912.5 2362.17 2759.71 2776.63 2016.19
-9999 -9999 -9999 -9999 -9999 -9999 -9999 -9999 -9999 -9999 -9999 -9999 -9999 -9999 -9999 -9999 -9999 -9999 -9999 -9999 -9999 -9999 -9999 -9999 -9999 -9999 -9999 -9999 -9999 5599.54 5167.97 4919.98 -9999 -9999 133.333 230.901 724.628 1721.54 2671.98 3631.79 4464.41 4434.65 4460.51 4569.37 4590.81 4780.11 4340.8 3435.27 2475.27 1356.7 507.025 190.461 94.1563 201.504 171.134 133.908 71.2543 178.262 146.558 597.142 1245.64 586.03 220.889 829.618 1784.1 2387.98 1670.43 890.765 343.547 233.876 343.812 712.698 1441.29 2389.17 3048.29 3059.85 2282.38
-9999 -9999 -9999 -9999 -9999 -9999 -9999 -9999 -9999 -9999 -9999 -9999 -9999 -9999 -9999 -9999 -9999 -9999 -9999 -9999 -9999 -9999 -9999 -9999 -9999 -9999 -9999 -9999 -9999 5672.87 5539.83 5340.27 -9999 -9999 -9999 524.264 1473.15 2202.79 3080.28 4029.63 4937.25 5290.47 5399.84 5510.61 5417.04 5167.78 4371.72 3422.62 2462.62 1343.82 470.607 113.599 59.8907 237.798 162.048 139.624 86.7735 112.864 227.909 849.743 1507.03 765.048 296.948 868.938 1816.26 1962.35 1179.42 430.045 389.523 829.184 516.02 348.97 920.175 1814.3 2435.99 2959.85 2601.77
-9999 -9999 -9999 -9999 -9999 -9999 -9999 -9999 -9999 -9999 -9999 -9999 -9999 -9999 -9999 -9999 -9999 -9999 -9999 -9999 -9999 -9999 -9999 -9999 -9999 -9999 -9999 -9999 -9999 -9999 -9999 -9999 -9999 -9999 -9999 -9999 2478.36 2884.63 3551.07 4350.29 4723.24 5116.02 5467.15 5721.5 5321.95 4696.64 4199.3 3529.7 2642.79 1525.89 610.984 196.23 -9999 146.761 77.8888 116.147 320.47 487.266 723.115 1268.77 1748.3 911.236 322.31 830.316 1739.69 1419.7 643.656 304.576 857.132 1526.9 956.948 293.899 447.465 1069.04 1788.2 2659.55 2622.74
-9999 -9999 -9999 -9999 -9999 -9999 -9999 -9999 -9999 -9999 -9999 -9999 -9999 -9999 -9999 -9999 -9999 -9999 -9999 -9999 -9999 -9999 -9999 -9999 -9999 -9999 -9999 -9999 -9999 -9999 -9999 -9999 -9999 -9999 -9999 -9999 -9999 -9999 4298.57 4034.72 3718.32 4049.78 4448.15 4868.77 4748.29 3799.56 3225.01 2807.65 2378.45 1479.68 607.287 129.463 59.6339 -9999 42.7778 191.81 859.575 1427.12 1726.63 2089.94 1825.93 796.34 279.109 812.261 1565.75 923.871 344.847 720.575 1441.31 2066.01 1395.37 767.267 310.848 470.136 1403.85 2363.72 2813.29
-9999 -9999 -9999 -9999 -9999 -9999 -9999 -9999 -9999 -9999 -9999 -9999 -9999 -9999 -9999 -9999 -9999 -9999 -9999 -9999 -9999 -9999 -9999 -9999 -9999 -9999 -9999 -9999 -9999 -9999 -9999 -9999 -9999 -9999 -9999 -9999 -9999 -9999 3655.64 3123.89 2760.8 3090.51 3530.77 4178.4 4314.58 3327.59 2464.98 1873.25 1594.47 1137.29 431.404 128.259 98.1694 -9999 33.9958 254.203 791.605 1371.94 1935.33 2314.92 1739.48 659.431 194.096 622.008 1244.2 714.885 381.11 1132.16 1972.92 2561.11 2082.12 1460.14 623.334 390.307 1297.13 2257.13 2982.47
-9999 -9999 2934.92 2633.27 1814.36 1070.25 947.696 898.528 -9999 -9999 -9999 -9999 -9999 -9999 -9999 -9999 -9999 -9999 -9999 -9999 -9999 -9999 -9999 -9999 -9999 -9999 -9999 -9999 -9999 -9999 -9999 -9999 -9999 -9999 -9999 -9999 -9999 -9999 -9999 1896.52 1789.86 2164.12 2824.93 3719.34 3920.91 2932.31 1977.44 1113.55 667.63 491.56 173.886 42.6777 -9999 -9999 39.1561 164.507 257.72 636.19 1333.65 1915.01 1542.34 521.494 153.724 259.398 594.956 578.684 484.409 1278.54 2235.02 3054.82 2585.23 1698.68 746.242 307.407 1134.74 2092.67 2890.64
-9999 -9999 2934.92 2182.71 1521.35 611.086 616.203 889.256 -9999 -9999 -9999 -9999 -9999 -9999 -9999 -9999 -9999 -9999 -9999 -9999 -9999 -9999 -9999 -9999 -9999 -9999 -9999 -9999 -9999 -9999 -9999 -9999 -9999 -9999 -9999 -9999 -9999 -9999 -9999 1531.88 844.645 1449.27 2365.19 3323.36 3785.61 2890.18 1930.18 997.024 348.596 114.317 98.8663 -9999 -9999 -9999 0 10.8644 55.0383 165.963 721.212 1566.69 1597.27 699.15 264.584 184.099 324.322 598.923 1054.13 1663.83 2560.27 3419.14 2850.48 1890.48 939.131 280.948 1002.03 1959.03 2638.69
-9999 -9999 -9999 2113.91 1614.46 713.176 956.355 1596.64 779.061 428.172 -9999 -9999 -9999 -9999 -9999 -9999 -9999 -9999 -9999 -9999 -9999 -9999 -9999 -9999 -9999 -9999 -9999 -9999 -9999 -9999 -9999 -9999 -9999 -9999 -9999 -9999 -9999 1937.28 1937.28 38.511 256.22 1192.67 2151.04 3110.7 3773.19 2979.03 2019.03 1059.22 248.376 100 -9999 -9999 -9999 -9999 -9999 157.81 76.734 251.765 664.505 1338.66 1519.67 1216.11 716.934 569.376 1016.66 1437.46 1969.31 2507.45 3102.4 3460.07 2826.48 2004.45 1083.97 268.957 795.432 1748.05 2364.56
-9999 -9999 -9999 -9999 -9999 1359.64 1692.83 1442.44 743.918 78.033 -9999 -9999 -9999 -9999 -9999 -9999 -9999 -9999 -9999 -9999 -9999 -9999 -9999 -9999 -9999 -9999 -9999 -9999 -9999 -9999 -9999 -9999 2234.19 -9999 -9999 -9999 -9999 1840.64 1673.02 282.963 405.916 1358.9 2293.83 3246.32 3945.19 3225.36 2265.36 1309.28 419.898 104.501 387.084 611.936 724.264 -9999 -9999 133.636 223.237 697.279 779.947 726.577 653.545 678.174 937.4 1249.57 1748.79 2328.4 2794.14 3313.51 3521.16 2959.56 2213.24 1590.37 874.89 249.167 770.071 1710.77 2417.58
-9999 -9999 -9999 -9999 4066.44 3290.21 2405.1 1513.46 890.029 -9999 -9999 -9999 -9999 -9999 -9999 -9999 -9999 1621.68 1742.42 1648.82 1465.69 911.468 2056.88 2807.43 3488.74 4554.33 5562.68 5878.57 -9999 -9999 -9999 -9999 2105.22 1397 1382.89 1490.83 3297.65 3234.15 1356.2 610.452 323.197 1098.68 2018.57 2956.46 3852.46 3594.91 2636.81 1680.16 747.731 148.035 352.746 651.161 786.617 -9999 -9999 80.819 409.534 679.645 357.377 321.602 406.652 331.031 471.913 1148.22 1853.43 2580.64 3335.64 3789.98 3349.26 2397.02 1604.8 858.159 362.743 405.812 1135.77 2030.07 2758.06
-9999 -9999 -9999 -9999 4495.93 3735.4 2917.93 1337.98 351.182 205.178 -9999 -9999 -9999 -9999 -9999 -9999 544.061 527.587 1459.12 1364.55 469.513 619.158 1600.92 2495.78 3402.51 4485.8 5356.55 5160.24 4532.79 -9999 -9999 -9999 2019.24 1094.54 598.426 1281.23 3027.82 3160.84 1869.47 985.419 268.72 736.197 1599.71 2549.17 3468.42 3861.5 3022.91 2065.63 1134.23 332.531 126.586 677.311 828.185 -9999 522.246 264.831 202.419 274.588 413.764 872.088 1159.49 734.714 262.213 598.861 1212.53 2192.81 3144.94 3613.62 2969.48 1872.98 1045.32 387.636 441.796 1073.87 1669.45 2489.34 3209.98
-9999 -9999 -9999 5785.93 5352.43 4623.4 1675.58 1208.07 719.743 607.335 -9999 -9999 2509.46 2627.81 2436.61 1633.41 693.512 346.991 1191.16 1479.86 802.513 344.635 1194.04 2153.85 3113.85 4233.83 4983.18 4689.41 3807.87 2890.94 1454.01 512.456 38.4071 200.211 370.373 1216.55 2276.32 3039.2 2393.7 1486.65 683.075 327.302 1150.71 2042.23 2907.15 3813.79 3427.51 2476.45 1521.47 497.165 138.497 109.792 576.872 1356.44 582.843 448.17 540.577 531.044 1103 1760.75 1974.09 1135.99 615.263 409.958 849.698 1921.21 2857.8 3279.66 2635.09 1520.5 653.477 453.506 1018.7 1920.67 2506.48 2910.27 3193.17
-9999 -9999 -9999 5814.05 5624.97 1903.55 1722.47 1288.94 570.563 449.944 600 -9999 2254.04 2226.27 1961.99 1584.93 974.034 429.518 1049.04 1595.07 1084.95 684.246 1378.19 2307.78 3267.52 4387.41 5020.2 4532.19 3573.61 2455.69 1517.23 663.741 311.916 310.647 809.791 1548.03 2468.26 3348.01 2848.48 1996.54 1109.74 309.214 728.666 1564.52 2494.78 3553.13 3702.57 2856.17 1933.13 1057.86 608.83 580.008 973.299 1481.23 -9999 1365.55 1462.83 1441.51 1831.78 2450.56 2519.08 1909.09 1544.95 1248.14 1420.92 2188.09 2784.45 3092.31 2805.87 1847.14 1220.79 1213.33 1712.33 2450.61 2711.43 2439.22 2283.26
-9999 -9999 -9999 -9999 -9999 1956.27 1766.77 990.839 266.388 385.464 600 821.895 1259.31 1283.83 1029.16 913.57 1091.82 1140.02 1502.25 2007.98 1791.54 1558.15 2001.07 2735.84 3665.36 4784.99 5381.79 4838.06 3878.06 2761.91 1898.68 1271.89 668.243 336.74 1184.8 2002.22 2870.3 3769.08 3353.79 2457.53 1526.1 641.822 617.057 1390.16 2345.33 3455.11 3927.97 3293.9 2406.94 1892.07 1505.32 1334.7 1327.97 1534.92 3342.9 2859.66 2471.18 2398.4 2733.25 3177.79 3277.78 2860.26 2500.5 2161.67 2008.56 1965 2038.09 2274.09 2563.69 2404.4 2131.05 2141.25 2534.27 2833.72 2251.06 1552.14 1325.68
-9999 -9999 -9999 -9999 -9999 2157.58 2027.99 1051.36 464.666 576.69 175.691 260.607 351.556 383.425 295.911 381.58 955.771 1850.1 2353.99 2754.19 2703.51 2514.26 2878.52 3346.82 4083.8 5182.64 5779.44 5235.71 4275.71 3233.36 2597.95 1863.71 968.657 571.174 1334.06 2279.93 3174.79 3929.16 3742.06 2883.33 2057.75 1407.93 1281.8 1786.64 2644.42 3758.07 4362.26 4061.42 2556.89 2707.8 2436.98 1551.19 1538.17 -9999 2923.33 2714.88 2468.13 2658.69 3047.07 3465.65 3806.27 3713.19 3115.09 2427.16 1687.38 1106.28 1079.8 1325.66 1728.35 2192.33 2591.85 2928.67 3301.21 2791.47 1855 928.734 513.227
-9999 -9999 -9999 -9999 -9999 -9999 -9999 697.114 365.697 1244.55 1125.93 739.765 661.3 654.765 925.267 1210 1573.14 2426.27 3272.53 3827.17 3816.01 3634.26 3994.63 4392.28 4821.01 5667.54 6243.55 5703.47 4816.84 4070.52 3303.28 2385.7 1673.53 1357.28 1697.8 2186.52 2589.87 3051.06 3419.19 3399.8 2976.24 2508.23 2383.97 2721.24 3242.49 4170.81 4872.88 5119.42 -9999 -9999 -9999 -9999 -9999 -9999 1915.03 1665.31 1434.99 1690.03 2111.7 2583.31 3297.36 3601.76 2720.96 1873.68 1067.44 289.578 244.618 396.777 689.691 1319.64 1864.18 2392.31 2884.79 2707.26 1958.69 1076.19 351.789
886.396 -9999 -9999 -9999 -9999 -9999 1061.07 739.341 319.302 1002.94 1027 825.983 1196.04 1577.21 1882.77 2169.59 2500.34 3039.06 3791.45 4601.63 4760.01 4594.26 4954.63 5352.28 5749.92 6287.94 6670.53 6139.86 5387.13 4482.85 3534.94 2626.32 1763.97 1037.85 1073.27 1327.61 1635.43 2132.06 2799.03 3573.83 3820.04 3468.23 3343.97 3679.48 4078.89 4537.91 -9999 -9999 -9999 -9999 -9999 -9999 -9999 -9999 -9999 591.785 527.698 777.689 1238.73 1951.5 2875.33 3201.91 2276.85 1367.63 544.369 285.036 377.413 231.828 193.274 555.401 1050.43 1551.88 2003.72 1923 1538.24 1014.5 478.53
393.973 457.862 416.421 -9999 -9999 -9999 1061.07 972.789 614.693 645.955 406.344 509.715 1266.66 2251.45 2816.89 3129.59 3460.34 3925.25 4409 5143.65 5633.15 5554.26 5914.63 6312.28 6709.92 7159.58 7177.83 6444.45 5533.13 4420.95 3460.95 2500.95 1540.95 537.504 348.54 486.967 723.042 1435.78 2347.74 3306.88 4148.3 4392.24 4303.97 4639.48 5025.81 5195.9 -9999 -9999 -9999 -9999 -9999 -9999 -9999 -9999 -9999 96.7024 189.409 273.882 807.507 1689.09 2515.71 2831.28 2057.4 1105.2 346.037 264.576 337.109 398.884 349.441 306.478 379.316 826.246 1184.97 983.002 686.87 382.091 345.923
186.75 261.111 123.881 87.5 -9999 -9999 1216.67 1208.54 872.749 371.292 472.467 1006.75 1663.14 2698.88 3567.71 4074.68 4420.33 4881.15 5282.89 5754.35 6376.29 6514.26 6874.63 7272.28 7669.92 8046.13 7659.63 6722.85 5762.85 4642.85 3682.85 2722.85 1763.43 824.196 425.223 366.294 416.942 1255.71 2214.97 3174.97 4123.25 4957.7 5212.99 5552.72 5899.92 5434.8 -9999 -9999 -9999 -9999 -9999 -9999 -9999 -9999 79.3734 259.678 543.307 484.392 1146.06 1752.5 1926.38 2203.53 1891.62 983.183 330.087 619.739 950.643 1145.55 1131.08 773.885 335.221 414.991 411.196 270.646 214.211 497.083 861.9
355.962 133.612 28.9399 31.0383 0 104.484 346.459 566.617 269.514 321.159 899.847 1634.38 2259.98 3010.13 3734.82 4285.71 4891.48 5748.88 6313.97 6775.42 7214.32 7618.51 7986.55 8384.2 8781.84 8935.88 8138.31 7178.31 6218.31 5098.31 4138.38 3195.75 2390.69 1747.32 1417.7 1335.95 1316.16 1759.75 2467.66 3167.78 3746.17 4702.66 5242.64 -9999 -9999 -9999 -9999 -9999 -9999 -9999 -9999 -9999 -9999 80.711 71.2121 112.116 490.092 876.459 1120 1072.94 865.138 1198.43 1585.71 1376.86 983.091 1289.44 1831.5 2198.68 2167.1 1549.27 723.572 259.198 369.428 846.594 734.126 1004.62 717.521
374.341 143.223 145.669 39.9599 98.4403 47.1732 110.25 130.698 179.507 343.81 529.338 1175.44 1792.55 2442.31 2954.35 3578.85 4457.86 5574.65 6507.96 7240.32 7645.05 8075.5 8465.79 8863.44 9261.08 9333.1 8534.23 7575.95 6615.95 5496.02 4558.96 3763.99 3188.88 2680.07 2376.13 2246.68 1986.09 1828.04 1935.02 2375.06 3083.8 -9999 -9999 -9999 -9999 -9999 -9999 -9999 -9999 -9999 -9999 -9999 -9999 399.256 255.61 150.501 130.108 281.185 386.305 376.609 332.969 471.63 1085.11 1420.62 916.042 856.283 1692.01 2560.66 2863 2013.64 1238.9 915.316 1081.31 1593.09 1569.53 1208.65 502.167
243.124 184.677 158.446 96.2546 122.408 127.87 149.872 128.369 162.189 390.085 320.547 507.389 1036.04 1589.53 2221.2 3101.13 4057.47 5177.47 6131.18 6743.43 6965.83 7395.46 7793.11 8190.75 8588.4 8971.29 8779.22 7973.6 7013.6 5911.04 5121.63 4550.14 4107.4 3633.62 3197.97 2647.83 1836.41 1023.74 1057.8 1759.71 2033.69 -9999 -9999 -9999 -9999 -9999 -9999 -9999 -9999 -9999 -9999 -9999 -9999 941.722 820.549 364.739 151.865 515.033 611.421 706.943 827.994 353.84 494.689 1069.52 930.534 907.716 1720.98 2674.39 3251.72 2586.92 2081.49 1864.59 2031.51 2344.86 1999.9 1173.95 330.941
315.497 217.875 181.137 190.348 158.531 155.932 132.842 136.738 186.267 195.176 207.507 167.675 321.59 851.56 1750.86 2708.11 3668.11 4788.11 5676.41 5955.25 6008.82 6435.46 6833.11 7230.75 7628.4 8150.07 8671.56 8349.75 7411.83 6463.63 5904.17 5465.04 5052.92 4350.79 3496.06 2571.47 1613.85 582.171 524.852 1389.4 1695.37 -9999 -9999 -9999 -9999 -9999 -9999 -9999 -9999 -9999 420.338 293.318 497.58 1120.2 1254.05 816.677 504.305 1082.83 1524.44 1637.24 1498.26 642.806 308.595 935.476 1544.76 1710.18 2237.58 3053.04 3753.37 3436.57 3033.8 2810.05 2680.93 2306.87 1753.32 1021.62 414.823
161.283 169.48 190.221 197.903 163.902 183.84 277.829 358.229 516.171 777.701 742.15 632.13 683.808 1047.25 1842.19 2716.49 3517.9 4480.47 5040.53 4897.11 4888.82 5315.46 5713.11 6112.95 6568.29 7455.01 8383.31 8650.73 8046.4 7404.17 6973.94 6491.02 5733.59 4630.83 3670.83 2710.83 1767.01 768.94 436.997 795.833 -9999 -9999 -9999 -9999 -9999 -9999 -9999 -9999 -9999 690.713 329.811 142.861 124.892 548.638 1348.99 1717.3 1534.75 1872.3 2409.15 2411.21 1680.79 631.736 419.083 1225.62 2145.57 2789.94 3219.51 3711.2 4427.47 4436.91 3977.03 3303.11 2418.08 1442.3 894.366 410.415 318.614
337.922 274.859 192.985 317.552 305.976 283.31 423.096 432.288 1124.82 1689.08 1686.28 1498.38 1327.35 1362.94 1775.23 2328.58 3039.5 3827.35 4123.5 3937.11 3928.82 4355.46 4756.04 5231.45 5960.35 7055.02 8014.88 8773.73 8796.45 8331.58 7835.92 7074.49 6136.05 5016.05 4056.05 3122.72 2345.18 1365.69 -9999 -9999 -9999 -9999 -9999 -9999 -9999 -9999 -9999 -9999 -9999 857.865 279.089 277.382 526.107 1018.44 1692.34 2401.22 2480.83 2778.79 2943.98 2401.34 1461.57 476.6 532.358 1414.2 2374.06 3443.94 4085.88 4383.22 4521.02 4336.51 3956.79 3113.74 2154.97 1057.02 442.526 447.112 838.67
