public/models/data/input/map/ntb/1000/mapdcenter.asc
NCOLS 388
NROWS 274
XLLCORNER 370313.940441
YLLCORNER 9267024.452423
CELLSIZE 1000.000000
NODATA_VALUE       -9999
[rows 204 to 237 of 274, columns 154 to 230 of 388]
13976 12980.1 11861.5 10901.5 9941.5 8981.5 7861.5 6901.5 5943.22 4992.55 3879.84 3023.41 2458.42 2226.69 2603.87 3156.6 3998.64 4955.71 5213.35 4481.56 4010.1 3608.36 3318.41 3633.21 4034.7 4506.67 5431.93 6391.34 7351.34 8311.34 9431.34 10391.3 11351.3 12311.3 13431.3 14391.3 15351.3 16304.1 16912.4 21597.5 21190.3 21152.9 21645.2 22406.7 23338.2 24106.8 -9999 -9999 -9999 -9999 -9999 -9999 -9999 -9999 -9999 -9999 -9999 -9999 -9999 -9999 -9999 -9999 -9999 -9999 -9999 -9999 -9999 -9999 -9999 -9999 -9999 -9999 -9999 -9999 -9999 -9999 -9999
13728.2 12738.7 11619.4 10659.4 9699.37 8739.37 7619.37 6659.37 5704.74 4818.15 3794.9 2469.13 1590.53 1273.72 1798.95 2641.36 3598.06 4558.06 4798.13 3880.06 3136.21 2652.46 2358.41 2678.33 3172.08 3932.11 5033.7 5993.7 6953.7 7913.7 9033.69 9993.69 10953.7 11913.7 13033.7 13993.7 14953.7 15913.7 16757.2 17771.6 19571.7 20238.5 21049.1 21993.7 22857.9 23114 -9999 -9999 -9999 -9999 -9999 -9999 -9999 -9999 -9999 -9999 -9999 -9999 -9999 -9999 -9999 -9999 -9999 -9999 -9999 -9999 -9999 -9999 -9999 -9999 -9999 -9999 -9999 -9999 -9999 -9999 -9999
13354.6 12394.6 11274.6 10314.6 9354.63 8394.63 7274.63 6314.63 5354.85 4440.7 3421.52 1987.75 1062.22 598.69 1376.54 2333.61 3293.61 4253.17 4405.78 3456.05 2522.41 1766.27 1402.25 1814.44 2580.36 3516.12 4636.05 5596.05 6556.05 7516.05 8636.05 9596.05 10556 11516 12636 13596 14556 15516 16608.7 17596.6 18619.7 19564.7 20636.1 21596.1 22437.3 22678.2 -9999 -9999 -9999 -9999 -9999 -9999 -9999 -9999 -9999 -9999 -9999 -9999 -9999 -9999 -9999 -9999 -9999 -9999 -9999 -9999 -9999 -9999 -9999 -9999 -9999 -9999 -9999 -9999 -9999 -9999 -9999
13255.2 12295.2 11175.2 10215.2 9255.22 8295.22 7175.22 6215.22 5255.22 4295.37 3178.88 2166.37 1324.33 963.145 1576.25 2503.44 3463.44 4369.26 4041.91 3083.26 2123.26 1180.83 574.229 1241.67 2183.33 3143.26 4263.26 5223.26 6183.26 7143.26 8263.26 9223.26 10183.3 11143.3 12263.3 13223.3 14183.3 15143.3 16263.3 17226.5 18185.1 19144.1 20263.3 21223.3 21996.7 23092.8 -9999 -9999 -9999 -9999 -9999 -9999 -9999 -9999 -9999 -9999 -9999 -9999 -9999 -9999 -9999 -9999 -9999 -9999 -9999 -9999 -9999 -9999 -9999 -9999 -9999 -9999 -9999 -9999 -9999 -9999 -9999
13661.1 12701.1 11581.1 10621.1 9661.14 8701.15 7581.15 6621.15 5661.15 4701.15 3593.82 2788.9 2273.29 2046.69 2428.77 3039.06 3925.25 4774.46 4225.51 3265.51 2309.36 1423.68 956.566 1483.42 2369.61 3325.51 4445.51 5405.51 6365.51 7325.51 8445.51 9405.51 10365.5 11325.5 12445.5 13405.5 14365.5 15325.5 16445.5 17405.5 18365.5 19325.5 20445.5 21405.5 22375.8 23115.4 -9999 -9999 -9999 -9999 -9999 -9999 -9999 -9999 -9999 -9999 -9999 -9999 -9999 -9999 -9999 -9999 -9999 -9999 -9999 -9999 -9999 -9999 -9999 -9999 -9999 -9999 -9999 -9999 -9999 -9999 -9999
14058.8 13098.8 11978.8 11018.8 10058.8 9098.79 7978.79 7018.79 6058.79 5101.72 4146.55 3631.31 3229.43 3006.38 3371.2 3795.2 4409 5176.2 4623.16 3668.28 2804.39 2206.77 1898.41 2237.33 2851.14 3727.26 4843.16 5803.16 6763.16 7723.16 8843.16 9803.15 10763.2 11723.1 12843.2 13803.2 14763.1 15723.1 16843.2 17803.2 18763.2 19723.2 20843.2 21798.2 22707.1 22997.9 -9999 -9999 -9999 -9999 -9999 -9999 -9999 -9999 -9999 -9999 -9999 -9999 -9999 -9999 -9999 -9999 -9999 -9999 -9999 -9999 -9999 -9999 -9999 -9999 -9999 -9999 -9999 -9999 -9999 -9999 -9999
14456.4 13496.4 12376.4 11416.4 10456.4 9496.43 8376.44 7416.44 6459.73 5617.33 4988.59 4588.01 4198.74 3969.48 4331.2 4728.84 5152.85 5646.57 5024.65 4162.03 3570.31 3148.43 2844.73 3208.03 3680.25 4201.11 5240.8 6200.8 7160.8 8120.8 9240.8 10200.8 11160.8 12120.8 13240.8 14200.8 15160.8 16120.8 17240.8 18200.8 19160.8 20120.8 21240.8 22195.8 23162.2 24019.9 -9999 -9999 -9999 -9999 -9999 -9999 -9999 -9999 -9999 -9999 -9999 -9999 -9999 -9999 -9999 -9999 -9999 -9999 -9999 -9999 -9999 -9999 -9999 -9999 -9999 -9999 -9999 -9999 -9999 -9999 -9999
14854.1 13894.1 12774.1 11814.1 10854.1 9894.08 8774.08 7817.01 6974.98 6422.24 5942.97 5539.95 5153.47 4927.73 5245.65 5688.84 6086.49 6279.95 5496.61 4922.06 4506.07 4104.44 3651.96 3946.49 4559.93 4945.95 5671.25 6598.45 7558.45 8518.45 9638.44 10598.4 11558.4 12518.4 13638.4 14598.4 15558.4 16518.4 17638.4 18598.4 19558.4 20518.4 21638.4 22598.4 23540.6 24246.2 -9999 -9999 -9999 -9999 -9999 -9999 -9999 -9999 -9999 -9999 -9999 -9999 -9999 -9999 -9999 -9999 -9999 -9999 -9999 -9999 -9999 -9999 -9999 -9999 -9999 -9999 -9999 -9999 -9999 -9999 -9999
15318 14358 13238 12278 11318 10358 9250.67 8445.76 7930.15 7529.58 7079.52 6708.11 6268.87 6046.69 6426.03 6808.84 7178.42 7009.23 6421.88 6023.65 5626 5256.87 5621.16 6295.06 6373.51 6110.4 6529.99 7140.28 8026.47 8982.37 10102.4 11062.4 12022.4 12982.4 14102.3 15062.3 16022.3 16982.3 18102.3 19062.3 20022.3 20982.3 22102.3 23062.3 23989.9 24689.8 -9999 30257.1 29880.1 29618.3 -9999 33558.6 33568.1 34047.4 36365 36431.3 36623.9 36934.9 -9999 -9999 -9999 -9999 -9999 -9999 -9999 -9999 -9999 -9999 -9999 -9999 -9999 -9999 -9999 -9999 -9999 -9999 -9999
15715.6 14755.6 13635.6 12675.6 11715.6 10758.6 9803.4 9288.16 8887.22 8489.57 8025.66 7628.01 7230.37 7006.69 7371.2 7768.84 8061.92 7848.54 7381.29 6983.65 6586 6213.21 6413.45 6943.56 7072.42 7052.43 7472.42 7896.42 8510.22 9384.11 10500 11460 12420 13380 14500 15460 16420 17380 18500 19460 20420 21380 22500 23458.9 24314.7 24566.4 28120.3 28996.1 29418 29582.7 30566.5 32505.1 33355.1 33852.4 34889.5 35876.8 36603.6 36836.8 -9999 -9999 -9999 -9999 -9999 -9999 -9999 -9999 -9999 -9999 -9999 -9999 -9999 -9999 -9999 -9999 -9999 -9999 -9999
16113.3 15153.3 14033.3 13073.3 12116.6 11274.2 10645.4 10244.9 9847.21 9449.57 8985.65 8588.01 8190.36 7966.69 8331.2 8728.84 9004.28 8802.22 8341.29 7943.65 7546 7173.21 7355.54 7765.12 7945.08 8011.99 8432.42 8830.06 9254.07 9855.56 10897.6 11857.6 12817.6 13777.6 14897.6 15857.6 16817.6 17777.6 18897.6 19857.6 20817.6 21777.6 22897.6 23856.5 24775.4 25604.2 27197.1 27816.5 28438.9 29324.4 30411.9 31508 32548.7 33337.1 34424.3 35376.6 36147.6 36689.6 -9999 -9999 -9999 -9999 -9999 -9999 -9999 -9999 -9999 -9999 -9999 -9999 -9999 -9999 -9999 -9999 -9999 -9999 -9999
16510.9 15550.9 14430.9 13473.9 12631.8 12079.1 11602.5 11204.9 10807.2 10409.6 9945.65 9548.01 9150.36 8926.69 9291.2 9688.84 9964.28 9762.22 9301.29 8903.64 8506 8133.21 8315.46 8713.11 8893.29 8971.99 9392.41 9790.06 10187.7 10602.9 11328.1 12255.3 13215.3 14175.3 15295.3 16255.3 17215.3 18175.3 19295.3 20255.3 21215.3 22175.3 23295.3 24250.4 25128.8 25726 26466.6 27080.7 27966.9 28922.8 30043 31002.1 31962 32922.9 34028.1 34732.1 35651.1 37030.1 -9999 -9999 -9999 -9999 -9999 -9999 -9999 -9999 -9999 -9999 -9999 -9999 -9999 -9999 -9999 -9999 -9999 -9999 -9999
16974.8 16014.8 14907.5 14102.6 13587 13186.4 12722.5 12324.9 11927.2 11529.6 11065.6 10668 10277.6 10112 10414.2 10808.8 11084.3 10882.2 10421.3 10023.6 9626 9253.21 9435.46 9833.1 10013.3 10092 10512.4 10910.1 11307.7 11705.3 12186.8 12797.1 13683.3 14639.2 15759.2 16719.2 17679.2 18639.2 19759.2 20718.6 21663.3 22563.4 23480.1 24046.5 24471.3 24886.5 25611.7 26538.9 27498.9 28458.9 29578.9 30538.9 31532.6 32518 33626.1 34381.9 35429 36500.4 37515.6 37902.7 -9999 -9999 -9999 -9999 -9999 -9999 -9999 -9999 -9999 -9999 -9999 -9999 -9999 -9999 -9999 -9999 -9999
17372.5 16415.4 15460.2 14945 14544.1 14146.4 13682.5 13284.8 12887.2 12489.6 12025.6 11628 11283.9 11441 11421.3 11768.8 12044.3 11842.2 11381.3 10983.6 10586 10213.2 10395.5 10793.1 10973.3 11052 11472.4 11870.1 12267.7 12665.3 13129.3 13553.3 14167.1 15040.9 16156.8 17116.8 18076.8 19036.8 20127 20959.4 21668.2 22224 22716 23113.6 23537.6 24139.1 25181.2 26141.2 27101.2 28061.2 29181.2 30138.2 31495 32555.6 33680.2 34251.7 35104.5 36063.5 37155.5 37698.1 -9999 -9999 -9999 -9999 -9999 -9999 -9999 -9999 -9999 -9999 -9999 -9999 -9999 -9999 -9999 -9999 -9999
17773.4 16931 16302.3 15901.7 15504.1 15106.4 14642.5 14244.8 13847.2 13449.6 12985.6 12588 12227.6 12296.2 12380.9 12728.8 13004.3 12802.2 12341.3 11943.6 11546 11173.2 11355.5 11753.1 11933.3 12012 12432.4 12830.1 13227.7 13625.3 14089.3 14486.9 14910.9 15512.4 16554.5 17513.9 18440.1 19243.6 19979.9 20476.6 20894.1 21292 21756 22180 22793.8 23667.7 24783.6 25743.6 26703.6 27663.6 28783.6 29723.3 30987.4 32074.5 33145.4 33772.8 34703.6 35663.6 36723.9 37595.5 -9999 -9999 -9999 -9999 -9999 -9999 -9999 -9999 -9999 -9999 -9999 -9999 -9999 -9999 -9999 -9999 -9999
18288.7 17735.9 17259.3 16861.7 16464 16066.4 15602.5 15204.8 14807.2 14409.6 13945.6 13548 13187.6 13253.9 13340.9 13688.8 13964.3 13762.2 13301.3 12903.6 12506 12133.2 12315.5 12713.1 12893.3 12972 13392.4 13787.4 14167.8 14556.6 15020.5 15418.1 15815.8 16231 16929.5 17648.1 18202.4 18661.9 19139.1 19536.7 19934.4 20332 20813.5 21423.8 22310 23265.9 24385.9 25345.9 26305.9 27265.9 28385.9 29340.1 30275.4 31330.1 32405 33345.9 34305.9 35265.9 36151.7 37629.7 -9999 -9999 -9999 -9999 -9999 -9999 -9999 -9999 -9999 -9999 -9999 -9999 -9999 -9999 -9999 -9999 -9999
19243.8 18843.3 18379.3 17981.7 17584 17186.4 16722.5 16324.8 15927.2 15529.6 15065.6 14668 14307.6 14373.9 14460.9 14808.8 15084.3 14882.2 14421.3 14023.6 13626 13253.2 13435.4 13825.4 13980.5 14001.8 14181.3 14072.4 13958.9 14241.5 14705.4 15103 15500.7 15898.3 16362.2 16759.9 17157.5 17555.2 18019.1 18416.7 18814.4 19229.6 19954.8 20882 21842 22802 23922 24882 25842 26802 27922 28863.6 29818.2 30953.4 31927.8 32882 33842 34793.3 35843.7 36982.4 38028.7 38729.9 -9999 -9999 -9999 -9999 -9999 -9999 -9999 -9999 -9999 -9999 -9999 -9999 -9999 -9999 -9999
20200.9 19803.3 19339.3 18941.7 18544 18146.4 17682.5 17284.8 16887.2 16489.6 16025.6 15628 15267.6 15333.9 15420.9 15768.8 16040 15834.5 15373.5 14975.8 14578.2 14203.4 14275.2 14397.3 14274.7 13990.9 13571.4 13173.8 12999.8 13281.5 13745.4 14143 14540.7 14938.3 15402.2 15799.9 16197.5 16595.2 17059.1 17456.7 17880.7 18482.3 19524.3 20484.3 21444.3 22404.3 23524.3 24484.3 25444.3 26404.3 27524.3 28484.3 29425.7 30402.6 31524.3 32484.3 33444.3 34300.1 35888.6 37011.5 37909.2 38601.3 -9999 -9999 -9999 -9999 -9999 -9999 -9999 -9999 -9999 -9999 -9999 -9999 -9999 -9999 -9999
21160.9 20763.3 20299.3 19901.7 19504 19106.4 18642.5 18244.8 17847.2 17449.6 16985.6 16588 16227.2 16362.6 16380.9 16669 16593 16171.9 15699.8 15302.1 14904.5 14514.7 14198.9 13866.8 13473 13075.3 12611.4 12213.8 12039.8 12321.5 12785.4 13183 13580.7 13978.3 14442.2 14839.9 15237.5 15635.2 16099.1 16523.1 17136.9 18010.8 19126.7 20086.7 21046.7 22006.7 23126.7 24086.7 25046.7 26006.7 27126.7 28086.7 29046.7 30006.7 31126.7 32086.7 33046.7 33821.6 -9999 -9999 -9999 -9999 -9999 -9999 -9999 -9999 -9999 -9999 -9999 -9999 -9999 -9999 -9999 -9999 -9999 -9999 -9999
22120.9 21723.3 21259.3 20861.7 20464 20066.4 19602.5 19204.9 18807.2 18409.6 17945.6 17548 17190.5 17305.4 17301 17150.8 16387.4 15556.3 14965.1 14567.5 14169.8 13772.2 13308.3 12910.6 12513 12115.3 11651.4 11253.8 11079.8 11361.5 11825.4 12223 12620.7 13018.3 13482.2 13879.9 14277.5 14675.2 15156.7 15767 16653.1 17609 18729 19689 20649 21609 22729 23689 24649 25609 26729 27689 28649 29609 30729 31689 32649 33538.4 34069.9 -9999 -9999 -9999 -9999 -9999 -9999 -9999 -9999 -9999 -9999 -9999 -9999 -9999 -9999 -9999 -9999 -9999 -9999
23240.9 22843.3 22379.3 21981.7 21584.1 21186.4 20722.5 20324.9 19927.2 19529.6 19065.6 18668 18305.4 18281.1 17784.7 16885.1 15925.1 14965.1 13972.4 13456.7 13049.8 12652.2 12188.3 11790.6 11393 10995.4 10531.4 10133.8 9959.83 10241.5 10705.4 11103 11500.7 11898.3 12362.3 12759.9 13157.5 13572.8 14297.9 15225.1 16185.1 17145.1 18265.1 19225.1 20185.1 21145.1 22265.1 23225.1 24185.1 25145.1 26265.1 27225.1 28185.1 29145.1 30265.1 31225.1 32185.1 33123.4 34072.3 34252 -9999 -9999 -9999 -9999 -9999 -9999 -9999 -9999 -9999 -9999 -9999 -9999 -9999 -9999 -9999 -9999 -9999
24200.9 23803.3 23339.3 22941.7 22544.1 22146.4 21682.5 21284.9 20887.2 20489.6 20023.7 19589.6 19076.1 18491.5 17447.5 16487.5 15527.5 14567.5 13456.7 12639.9 12102.2 11692.2 11228.3 10830.6 10433 10035.4 9571.44 9173.79 8999.83 9281.49 9745.41 10143.1 10540.7 10938.3 11402.3 11799.9 12223.9 12825.4 13867.5 14827.5 15787.5 16747.5 17867.5 18827.5 19787.5 20747.5 21867.5 22827.5 23787.5 24747.5 25867.5 26827.5 27787.5 28747.5 29867.5 30827.5 31787.5 32747.5 33781.6 34178.1 -9999 -9999 -9999 -9999 -9999 -9999 -9999 -9999 -9999 -9999 -9999 -9999 -9999 -9999 -9999 -9999 -9999
25160.9 24763.3 24299.3 23901.7 23504.1 23106.4 22642.5 22244.9 21846.9 21413.4 20731.7 19979.1 19112.6 18169.6 17049.8 16089.8 15129.8 14169.8 13049.8 12102.2 11282.3 10741.4 10268.3 9870.65 9473 9075.36 8611.44 8213.8 8039.83 8321.49 8785.41 9183.05 9580.7 9978.34 10442.3 10866.3 11480.1 12353.9 13469.8 14429.8 15389.8 16333.3 17557.5 18491.1 19423.5 20349.9 21469.8 22429.8 23389.8 24349.8 25469.8 26429.8 27389.8 28349.8 29469.8 30429.8 31389.8 32349.8 33404.9 33785.2 -9999 -9999 -9999 -9999 -9999 -9999 -9999 -9999 -9999 -9999 -9999 -9999 -9999 -9999 -9999 -9999 -9999
26120.9 25723.3 25259.3 24861.7 24464.1 24066.4 23600.4 23147.8 22517.4 21705.2 20645.9 19692.2 18732.2 17772.2 16652.2 15692.2 14732.2 13772.2 12652.2 11692.2 10741.4 9899.47 9308.29 8910.65 8513.01 8115.36 7651.44 7253.8 7079.83 7361.49 7825.41 8223.06 8620.7 9018.35 9499.84 10110.1 10996.3 11952.2 13072.2 14032.2 14992.2 15941.6 17072.7 18039.1 19012.1 19952.2 21072.2 22032.2 22992.2 23952.2 25072.2 26032.2 26992.2 27952.2 29072.2 30032.2 30992.2 31952.2 33017.2 33437.1 -9999 -9999 -9999 -9999 -9999 -9999 -9999 -9999 -9999 -9999 47303.5 47330.8 47371.7 -9999 -9999 -9999 -9999
27240.9 26843.3 26379.1 25971.4 25523.3 24997 24148.7 23228.1 22268.3 21308.3 20188.3 19228.3 18268.3 17308.3 16188.3 15228.3 14268.3 13308.3 12188.3 11228.3 10268.3 9308.29 8315.56 7799.88 7393.01 6995.36 6531.44 6133.8 5959.83 6241.49 6705.41 7103.06 7500.7 7915.92 8641.1 9568.29 10528.3 11483.9 12644.2 13602 14532.5 15488.3 16608.3 17568.3 18528.3 19488.3 20608.3 21568.3 22528.3 23488.3 24608.3 25568.3 26528.3 27488.3 28608.3 29568.3 30528.3 31488.3 32557.9 33134.6 34284.2 34361.2 -9999 -9999 -9999 -9999 -9999 -9999 -9999 45184.1 46180.7 46664.2 47164 48015.7 48897.3 49264.4 -9999
28200.9 27793.4 27218.8 26594.3 25820.8 24908.5 23790.6 22830.6 21870.6 20910.6 19790.6 18830.6 17870.6 16910.6 15790.6 14830.6 13870.6 12910.6 11790.6 10830.6 9870.65 8910.65 7799.88 6983.1 6445.31 6035.36 5571.44 5173.8 4999.83 5281.49 5745.41 6143.06 6567.06 7168.56 8210.65 9170.65 10130.6 11071 12299.5 13296.4 14143.4 15090.6 16210.6 17170.6 18130.6 19090.6 20210.6 21170.6 22130.6 23090.6 24210.6 25170.6 26130.6 27090.6 28210.6 29170.6 30130.6 31090.6 32172.3 33156.4 34066.2 34175.5 -9999 -9999 -9999 -9999 -9999 -9999 -9999 44922.7 45341.8 45892.8 46718.3 47674 48736 49169.3 52029
29010.4 28327.8 27364.2 26432.5 25473 24513 23393 22433 21473 20513 19393 18433 17473 16513 15393 14433 13473 12513 11393 10433 9473 8513.01 7393.01 6445.31 5625.46 5084.59 4611.44 4213.8 4039.83 4321.49 4785.41 5209.42 5823.22 6697.11 7813.01 8773 9733 10686.5 11777.6 12797.5 13733 14693 15813 16773 17733 18693 19813 20773 21733 22693 23813 24773 25733 26693 27813 28773 29733 30693 31806.6 32761.9 33627.2 34269 -9999 -9999 -9999 -9999 -9999 -9999 -9999 44035.9 44523.6 45360.6 46312.9 47126.4 48545 49026.7 51734.6
29053.3 28114.1 26995.3 26035.3 25075.3 24115.3 22995.3 22035.3 21075.3 20115.3 18995.3 18035.3 17075.3 16115.3 14995.3 14035.3 13075.3 12115.3 10995.4 10035.4 9075.36 8115.36 6995.36 6035.36 5084.59 4242.62 3651.44 3253.8 3079.83 3361.49 3842.99 4453.27 5339.46 6295.36 7415.36 8375.36 9335.36 10295.4 11409.9 12375.3 13335.3 14295.3 15415.3 16375.3 17335.3 18295.3 19415.3 20375.3 21335.3 22295.3 23415.3 24375.3 25335.3 26295.3 27415.3 28375.3 29335.3 30295.3 31415.3 32375.3 33325.8 34234.5 35245.5 35630.8 -9999 39744.8 40075.2 40770.4 41784.8 42975.7 44000.4 44955.3 45915.3 46733.3 -9999 50267.7 50653.2
28611.4 27651.4 26531.4 25571.4 24611.4 23651.4 22531.4 21571.4 20611.4 19651.4 18531.4 17571.4 16611.4 15651.4 14531.4 13571.4 12611.4 11651.4 10531.4 9571.44 8611.44 7651.44 6531.44 5571.44 4611.44 3651.44 2658.7 2143.02 1959.83 2259.07 2984.25 3911.44 4871.44 5831.44 6951.44 7911.44 8871.44 9831.44 10951.4 11911.4 12871.4 13831.4 14951.4 15911.4 16871.4 17831.4 18951.4 19911.4 20871.4 21831.4 22951.4 23911.4 24871.4 25831.4 26951.4 27911.4 28871.4 29831.4 30951.4 31911.4 32871.4 33831.4 34924 35454.5 37907.8 38998.4 39599.2 40484.1 41451.4 42411.4 43531.4 44491.4 45451.4 46401.6 47456.5 48716.3 49715.7
28213.8 27253.8 26133.8 25173.8 24213.8 23253.8 22133.8 21173.8 20213.8 19253.8 18133.8 17173.8 16213.8 15253.8 14133.8 13173.8 12213.8 11253.8 10133.8 9173.79 8213.8 7253.8 6133.8 5173.8 4213.8 3253.8 2143.02 1326.25 1038.49 1511.71 2553.8 3513.8 4473.8 5433.8 6553.8 7513.8 8473.8 9433.79 10553.8 11513.8 12473.8 13433.8 14553.8 15513.8 16473.8 17433.8 18553.8 19513.8 20473.8 21433.8 22553.8 23513.8 24473.8 25433.8 26553.8 27513.8 28473.8 29433.8 30553.8 31513.8 32473.8 33433.8 34547.3 35462.9 37444.2 38122.6 39133.7 40093.7 41053.7 42013.7 43133.7 44093.7 45053.7 46013.7 47115.3 48068.4 49083.7
28039.8 27079.8 25959.8 24999.8 24039.8 23079.8 21959.8 20999.8 20039.8 19079.8 17959.8 16999.8 16039.8 15079.8 13959.8 12999.8 12039.8 11079.8 9959.83 8999.83 8039.83 7079.83 5959.83 4999.83 4039.83 3079.83 1959.83 1038.49 658.469 1273.15 2379.83 3339.83 4299.83 5259.83 6379.83 7339.83 8299.83 9259.83 10379.8 11339.8 12299.8 13259.8 14379.8 15339.8 16299.8 17259.8 18379.8 19339.8 20299.8 21259.8 22379.8 23339.8 24299.8 25259.8 26379.8 27339.8 28299.8 29259.8 30379.8 31339.8 32299.8 33259.8 34373.9 35523.3 36752.5 37633.5 38742.3 39702.3 40662.3 41622.3 42742.3 43702.3 44662.3 45622.3 46742.3 47702.3 48662.3
28321.5 27361.5 26241.5 25281.5 24321.5 23361.5 22241.5 21281.5 20321.5 19361.5 18241.5 17281.5 16321.5 15361.5 14241.5 13281.5 12321.5 11361.5 10241.5 9281.49 8321.49 7361.49 6241.49 5281.49 4321.49 3361.49 2259.07 1511.71 1273.15 1668.76 2661.49 3621.49 4581.49 5541.49 6661.49 7621.49 8581.49 9541.49 10661.5 11621.5 12581.5 13541.5 14661.5 15621.5 16581.5 17541.5 18661.5 19621.5 20581.5 21541.5 22661.5 23621.5 24581.5 25541.5 26661.5 27621.5 28581.5 29541.5 30661.5 31621.5 32581.5 33541.5 34660.5 35643.1 36632.1 37585 38705 39665 40625 41585 42705 43665 44625 45585 46705 47665 48625
28785.4 27825.4 26705.4 25745.4 24785.4 23825.4 22705.4 21745.4 20785.4 19825.4 18705.4 17745.4 16785.4 15825.4 14705.4 13745.4 12785.4 11825.4 10705.4 9745.41 8785.41 7825.41 6705.41 5745.41 4785.41 3842.99 2984.25 2553.8 2379.83 2661.49 3252.67 4094.64 5045.41 6005.41 7125.41 8085.41 9045.41 10005.4 11125.4 12085.4 13045.4 14005.4 15125.4 16085.4 17045.4 18005.4 19125.4 20085.4 21045.4 22005.4 23125.4 24085.4 25045.4 26005.4 27125.4 28085.4 29045.4 30005.4 31125.4 32085.4 33045.4 34005.4 35125.4 36085.4 37045.4 38005.4 39125.4 40085.4 41045.4 42005.4 43125.4 44085.4 45045.4 46005.4 47125.4 48085.4 49045.4
29183 28223 27103 26143 25183 24223 23103 22143 21183 20223 19103 18143 17183 16223 15103 14143 13183 12223 11103 10143.1 9183.05 8223.06 7103.06 6143.06 5209.42 4453.27 3911.44 3513.8 3339.83 3621.49 4094.64 4635.51 5455.36 6403.06 7523.06 8483.06 9443.05 10403 11523 12483 13443 14403 15523 16483 17443 18403 19523 20483 21443 22403 23523 24483 25443 26403 27523 28483 29443 30403 31523 32483 33443 34403 35523 36483 37443 38403 39523 40483 41443 42403 43523 44483 45443 46403 47523 48483 49443
