public/models/data/input/map/ntb/1000/mapdroad.asc
NCOLS 388
NROWS 274
XLLCORNER 370313.940441
YLLCORNER 9267024.452423
CELLSIZE 1000.000000
NODATA_VALUE       -9999
[rows 204 to 237 of 274, columns 77 to 153 of 388]
496.173 184.087 83.242 99.34 126.547 77.6499 66.5945 168.593 74.498 70.617 106.819 97.406 139.733 186.839 111.805 88.0223 113.807 -9999 -9999 -9999 -9999 -9999 -9999 -9999 -9999 -9999 -9999 -9999 -9999 -9999 -9999 -9999 -9999 -9999 -9999 -9999 -9999 -9999 -9999 -9999 -9999 -9999 -9999 -9999 -9999 -9999 -9999 -9999 1235.32 501.63 311.256 144.864 86.9056 82.464 307.831 142.255 147.187 87.0942 279.724 700.758 833.623 973.597 1405.04 2389.86 3250.26 3218.66 2334.26 1219.79 465.592 600.67 1421.94 2510.06 3171.19 2754.79 1841.29 1036.3 432.665
164.27 117.182 59.9246 53.053 81.0095 76.4162 54.0397 108.447 83.7317 86.8737 102.977 67.7284 115.48 142.429 68.1654 99.0287 68.4913 -9999 -9999 -9999 -9999 -9999 -9999 -9999 -9999 -9999 -9999 -9999 -9999 -9999 -9999 -9999 -9999 -9999 -9999 85.3553 197.782 366.421 -9999 -9999 -9999 -9999 -9999 -9999 -9999 -9999 -9999 -9999 913.699 411.116 133.582 132.725 223.289 91.1974 362.995 225.791 435.382 186.552 73.6089 519.196 1341.54 1848.93 2238.9 2889.73 3610.06 3452.29 2528.94 1480.26 975.194 1217.62 1916.86 2902.92 3211.14 2439.83 1479.96 514.942 352.769
65.6418 62.5485 92.9747 65.3767 114.151 87.8542 87.7887 94.0151 72.6748 87.8457 70.6444 101.604 149.864 111.38 56.2298 72.9997 96.4166 120.711 -9999 -9999 -9999 -9999 -9999 -9999 -9999 -9999 -9999 -9999 -9999 -9999 -9999 -9999 -9999 -9999 -9999 786.786 366.603 488.921 -9999 -9999 -9999 -9999 -9999 -9999 -9999 -9999 -9999 100.592 195.07 182.371 228.394 262.257 153.786 104.996 235.89 242.552 489.037 319.486 140.765 551.223 1470.69 2368.47 3106.7 3679.7 4118.32 3853.78 2963.49 2206.1 1899.83 2081.49 2568 3349.32 3426.56 2539.24 1594.62 847.355 1022.19
54.9886 53.229 98.0442 63.9627 72.4154 67.8835 75.3871 106.128 87.126 69.4588 67.0534 140.686 129.928 70.9473 55.3673 59.6302 49.2902 120.711 -9999 -9999 -9999 -9999 -9999 -9999 -9999 -9999 -9999 -9999 -9999 -9999 -9999 -9999 296.377 422.909 507.263 1085.39 854.104 860.392 -9999 -9999 -9999 -9999 -9999 -9999 173.151 80.5106 123.75 230.257 211.628 135.993 146.719 156.402 87.4729 123.681 226.798 686.887 921.419 917.05 784.106 1106.92 1813.9 2740.07 3686.87 4575.88 4829.92 4313.65 3648.76 3141.49 2859.83 3033.8 3436.57 3950.39 3845.37 2943.98 2204.38 1743.52 1917.1
55.9635 61.2668 45.9871 100.457 82.1611 66.532 50.9232 81.5458 91.3579 99.6024 124.328 137.536 113.92 96.2562 84.8772 68.8439 -9999 -9999 -9999 -9999 -9999 -9999 -9999 -9999 -9999 -9999 -9999 -9999 -9999 -9999 -9999 -9999 67.6777 98.1898 182.736 -9999 -9999 -9999 98.5396 217.38 288.975 352.683 117.554 129.966 154.295 127.069 107.769 117.466 126.936 171.09 365.503 122.266 79.407 153.542 136.599 687.02 1549.5 1921.01 1889.64 2163.11 2603.15 3268.02 4166.81 5252.87 5614.38 5147.66 4725.41 4261.49 3979.83 4153.8 4551.44 4879.46 4391.54 3698.52 3252.77 2856.48 2956.27
52.4442 66.7898 51.4672 129.232 116.842 105.065 94.0381 63.3822 95.9505 132.313 163.357 102.812 84.0753 83.2798 108.411 50 -9999 -9999 -9999 -9999 -9999 -9999 -9999 -9999 -9999 -9999 -9999 -9999 -9999 -9999 -9999 -9999 -9999 70.831 72.2275 8.88889 44.4444 48.6111 189.398 380.75 283.719 262.833 126.599 192.316 289.508 203.543 121.227 178.441 120.284 120.204 285.499 352.057 190.512 174.328 115.247 650.907 1595.23 2396.46 2760.17 3122.67 3520.97 3965.74 4625.67 5670.34 6271.23 6082.44 5685.41 5221.49 4939.83 5113.8 5494.8 5581.56 5029.28 4585.27 4172.96 3577.08 3127.64
64.361 57.4047 49.5067 133.823 269.308 145.813 124.581 86.3316 84.3154 129.059 164.554 145.804 115.904 161.996 128.101 428.033 -9999 -9999 -9999 -9999 -9999 -9999 -9999 -9999 -9999 -9999 -9999 -9999 -9999 -9999 -9999 -9999 -9999 52.3361 107.1 102.672 111.642 71.3784 300.875 542.958 171.257 155.41 366.852 605.816 498.53 176.232 79.3626 241.037 105.198 142.267 376.303 329.066 130.09 128.917 116.383 581.268 1443.75 2224.84 3016.82 3848.19 4407.53 4871.39 5318.44 6112.85 6899.81 7012.71 6644.54 6164.48 5853.1 5845.92 5830.38 5525.46 5148.01 4793.74 4408.12 3550.41 2623.54
218.627 122.804 76.8722 131.047 183.892 112.007 92.2683 265.196 115.832 73.6329 159.455 143.471 152.706 291.121 320.041 373.393 -9999 -9999 -9999 -9999 -9999 -9999 -9999 -9999 -9999 -9999 -9999 -9999 -9999 -9999 -9999 -9999 -9999 -9999 60 289.577 212.558 145.89 179.046 218.979 76.3212 143.433 258.877 810.271 707.804 160.759 157.716 196.645 175.308 164.931 414.538 306.22 443.843 236.747 91.0586 281.8 930.488 1744.16 2684.32 3716.12 4557.24 5410.33 6124.13 6756.06 7230.57 7226.57 7023.74 6397.52 5840.05 5487.56 5116.79 4664.52 4335.67 3998.08 3665.27 3133.75 2204.19
207.501 169.879 82.2979 123.375 109.543 79.7369 102.672 215.423 247.776 139.619 84.9833 66.2893 84.9358 135.146 136.13 105.958 111.473 -9999 -9999 -9999 -9999 -9999 -9999 -9999 -9999 -9999 -9999 -9999 -9999 -9999 -9999 -9999 -9999 147.782 74.5879 196.144 207.284 76.0046 72.4209 188.225 113.007 141.437 217.298 943.438 802.792 221.266 149.662 128.922 368.809 535.31 722.971 1197.44 1097.32 431.957 235.644 139.168 508.838 1371.21 2164.69 3169.19 4128.6 5088.6 6048.6 6840.56 6599.48 6251.54 6104.04 5635.4 5012.92 4426.38 3999.04 3544.52 3215.67 2878.08 2550.45 2383.09 1851.38
117.094 142.733 100.813 188.447 158.325 118.995 193.12 219.979 347.706 188.977 97.5099 56.5718 106.843 118.974 98.0457 135.95 141.421 -9999 -9999 -9999 -9999 -9999 -9999 -9999 -9999 -9999 -9999 -9999 -9999 -9999 -9999 -9999 103.649 207.049 232.118 168.265 178.069 158.281 145.384 599.357 429.585 381.992 634.797 1213.27 780.705 314.759 629.554 481.016 705.773 1283.65 1608.81 1985.49 1618.25 1044.38 907.036 461.267 360.165 879.197 1671.35 2774.09 3734.09 4694.09 5643.78 6020.84 5639.48 5291.54 5273.13 4773.23 4262.89 3652.59 3068.73 2584.57 2255.82 1918.12 1590.46 1558.92 1184.87
212.624 134.406 95.0091 91.8763 102.709 145.751 218.697 274.488 117.55 84.1196 63.8252 61.7952 86.7213 103.395 143.016 221.105 -9999 -9999 -9999 -9999 -9999 -9999 -9999 -9999 -9999 -9999 -9999 -9999 -9999 -9999 325.939 129.968 85.8209 151.103 231.591 168.496 281.878 415.995 521.153 876.546 830.422 789.266 1052.12 1530.13 970.403 747.961 1255.95 1308.04 1410.76 1993.74 2533.84 2788.39 2367.86 1976.16 1763.92 1098.89 463.282 478.171 1286.4 2404.59 3364.59 4324.59 5153.74 5077.13 4679.48 4331.54 4412.84 4082.42 3423.12 2905.25 2297.63 1633.7 1298.54 960.356 662.363 773.98 720.987
174.441 187.43 94.5808 169.318 150.809 95.2236 121.402 116.914 92.6648 62.4428 105.529 68.5734 150.876 177.871 141.484 -9999 -9999 -9999 -9999 -9999 -9999 -9999 -9999 -9999 -9999 -9999 -9999 -9999 -9999 292.685 309.022 110.356 97.5552 248.194 196.001 173.835 488.313 541.716 775.795 612.008 318.439 340.658 781.046 1689.21 1750.59 1633.67 1975.08 2239.18 2329.94 2755.38 3331.39 3678.75 3299.59 2923.4 2476.08 1599.33 739.622 403.685 1105.98 2225.53 3185.53 4144.24 4558.59 4117.13 3719.48 3371.54 3461.25 3363.11 2777.32 2058.2 1575.88 863.406 409.634 297.49 290.488 455.218 684.42
94.284 131.354 153.02 89.8387 145.644 130.291 132.812 100.496 83.5968 75.7273 68.2206 170.316 191.508 160.948 -9999 -9999 -9999 -9999 -9999 -9999 -9999 -9999 -9999 -9999 -9999 -9999 -9999 -9999 326.308 214.583 136.784 194.311 183.096 289.337 343.909 284.258 610.889 314.064 707.701 709.795 176.304 253.097 634.522 1643.52 2412.72 2728.06 3061.49 3337.55 3449.21 3841.54 4210.58 4561.49 4152.26 3366.07 2434.41 1323.55 499.651 462.983 1276.88 2370.34 3217.69 3934.29 4029.61 3149.64 2611.99 2251.54 2341.25 2333.54 2095.07 1324.48 642.735 320.8 154.679 311.309 846.267 1088.06 1101.52
77.9215 148.023 195.015 124.8 168.834 146.882 113.818 133.594 120.384 73.3278 79.9277 365.376 300 -9999 -9999 -9999 -9999 -9999 -9999 -9999 -9999 -9999 -9999 -9999 -9999 -9999 -9999 -9999 83.5753 101.403 198.347 308.4 158.588 153.533 390.257 191.992 286.651 257.489 624.92 532.88 267.01 656 1077.75 1894.97 2812.52 3548.96 4017.77 4291.21 4329.59 4502.8 4492.99 4400.19 4140.11 3317.67 2362.22 1247.26 452.281 505.573 1323.22 2164.82 2679.39 3334.05 3599.99 2648.59 1816.15 1308.22 1393.46 1413.95 1418.09 833.595 351.951 143.293 314.116 536.613 773.89 925.776 578.195
121.029 106.252 93.6061 119.657 130.66 112.107 116.301 177.939 162.864 107.211 99.39 262.9 -9999 -9999 -9999 -9999 -9999 -9999 -9999 -9999 -9999 -9999 -9999 -9999 -9999 -9999 -9999 25.7583 55.2793 162.877 327.185 239.929 154.675 141.422 225.737 197.876 187.138 301.617 637.821 312.035 597.429 1359.09 1949.63 2526.78 3255.65 4159.24 4896.24 4876.21 4412.23 4089.07 3705.48 3520.88 3755.01 3467.61 2636.25 1523.03 629.056 379.11 878.782 1315.5 1976.4 2874.67 3205.62 2248.74 1298.89 552.521 646.126 528.932 753.424 504.935 241.293 149.271 177.924 276.957 315.423 545.729 176.985
129.627 165.617 71.0209 82.66 143.748 137.853 134.151 138.435 150.799 123.949 143.016 254.205 -9999 -9999 -9999 -9999 -9999 -9999 -9999 -9999 -9999 -9999 -9999 -9999 -9999 -9999 -9999 47.3531 223.397 255.584 297.077 129.936 123.734 150.134 171.217 244.866 402.79 200.568 276.629 198.251 808.516 1745.22 2611.3 3384.07 3884.43 4610.23 5320.26 4688.09 3799.57 3167.76 2745.51 2563.26 2890.18 3100.65 2691.51 1616.17 677.575 205.678 233.002 646.892 1562.23 2521.13 2908.56 1966.67 1006.95 276.869 212.859 164.379 219.574 333.859 131.853 112.414 114.068 187.534 152.602 266.928 235.29
104.33 127.21 110.264 92.5905 166.015 165.247 143.865 107.741 165.445 92.2063 330.627 -9999 -9999 -9999 -9999 -9999 -9999 -9999 -9999 -9999 -9999 -9999 -9999 -9999 -9999 -9999 -9999 73.7236 91.579 224.173 614.272 225.241 186.778 368.457 221.217 198.958 276.503 187.158 282.973 763.753 1259.65 2077.85 3025.55 4122.35 4814.62 5162.5 5137.05 4221.41 3264.34 2341.24 1668.86 1448.49 1785.61 2100.2 2270.33 1667.49 821.053 244.915 168.876 789.845 1687.11 2603.66 2697.94 1692.83 757.679 209.309 104.802 133.476 112.02 85.4678 132.576 139.698 170.009 214.109 609.183 566.09 322.675
138.136 175.769 132.196 151.245 126.218 102.66 90.704 98.9175 99.7028 204.756 447.009 -9999 -9999 -9999 -9999 -9999 -9999 -9999 -9999 -9999 -9999 -9999 -9999 -9999 -9999 -9999 120.711 138.268 78.3814 223.453 757.833 717.389 382.331 289.893 205.607 500.87 308.53 166.754 495.087 1302.14 1792.5 2480.05 3388.6 4473.46 4964.07 4759.54 4370.86 3727.64 2893.03 1937.76 1014.66 596.696 911.476 1189.44 1373.7 1463.62 1295.15 754.132 606.791 1360.57 2155.81 2768.94 2378.49 1329.45 475.513 110.146 153.029 150.091 104.204 118.253 123.84 128.371 181.847 364.888 782.11 1138.07 953.473
52.2128 62.4765 142.419 206.347 190.26 159.414 121.573 86.2507 113.125 227.204 333.122 -9999 -9999 -9999 -9999 -9999 -9999 -9999 -9999 -9999 -9999 -9999 -9999 -9999 -9999 -9999 106.879 176.352 128.63 175.62 523.484 947.205 769.653 290.001 146.051 427.71 272.489 182.55 319.925 843.39 1539.59 2435.38 3379.97 4407.39 4448.8 3846.35 3412.73 2978.96 2647.15 1882.25 926.048 193.224 259.118 408.253 477.892 844.841 1499.08 1495.22 1412.72 1973.98 2655.02 2718.83 1949.37 909.692 242.677 78.4324 134.889 203.417 174.197 183.625 242.58 181.65 94.8195 150.399 319.231 824.754 1424.57
60.8074 83.6392 185.599 93.0436 195.676 316.739 143.59 60.0412 181.466 266.444 -9999 -9999 -9999 -9999 -9999 -9999 -9999 -9999 -9999 -9999 -9999 -9999 -9999 -9999 -9999 23.1694 61.2684 246.885 245.666 322.906 347.932 425.238 652.881 284.909 127.409 378.108 206.223 320.002 240.637 419.216 1249.47 2208.7 3168.7 4101.64 3899.4 3105.04 2476.98 2061.96 2150.75 1948.67 1152.74 261.816 124.735 107.079 197.596 491.179 1382.53 2087.77 2351.97 2761.74 2863.25 2365.45 1519.07 490.01 100.089 96.4361 186.569 160.237 352.545 227.29 232.223 100.227 181.34 240.091 287.054 447.654 1351.39
90.0649 91.2 158.763 150.197 78.6456 144.516 330.572 270.168 -9999 -9999 -9999 -9999 -9999 -9999 -9999 -9999 -9999 -9999 -9999 -9999 -9999 -9999 -9999 -9999 320.176 224.904 182.586 209.401 406.618 205.899 146.956 600.579 643.829 251.888 247.145 181.885 619.017 702.996 287.649 872.393 1564.22 2428.71 3175.43 3435.13 3098.54 2491.38 1636.01 978.198 1183.29 1222.05 705.361 282.136 524.023 337.75 636.822 1166.22 1766.27 2642.63 3346.04 3360.19 2541.24 1659.83 939.823 181.72 83.1389 81.9983 133.641 119.803 146.789 188.863 178.509 168.444 119.956 134.245 591.839 958.396 1640.52
95.8933 105.385 119.669 193.53 151.85 167.466 323.178 624.264 -9999 -9999 -9999 -9999 -9999 -9999 -9999 -9999 -9999 -9999 -9999 -9999 -9999 -9999 -9999 -9999 -9999 325.824 213.942 181.348 354.08 461.213 676.546 1025.84 634.29 209.63 279.787 280.954 614.602 823.047 352.215 610.564 1401.44 1960.3 2392.43 2482.1 2251.69 1910.98 1136.97 384.077 678.725 593.894 331.884 700.924 1050 867.429 1238.79 2013.71 2519.84 3136.21 3835.19 3220.48 2260.48 1301.86 447.03 105.396 147.636 280.653 318.895 135.067 202.837 214.521 122.666 187.24 155.651 161.911 526.479 1261.15 1976.51
121.476 126.42 118.772 153.163 154.719 248.084 485.348 -9999 -9999 -9999 -9999 -9999 -9999 -9999 -9999 -9999 -9999 -9999 -9999 -9999 -9999 -9999 -9999 -9999 -9999 -9999 -9999 265.595 365.314 652.564 1031.74 991.336 553.636 269.12 574.744 437.936 385.072 922.315 506.313 411.731 857.246 1078.37 1636.5 1536.16 1305.79 1119.08 696.998 274.39 508.161 334.108 734.981 1466.16 1827.9 1791.54 2048.33 2694.3 3361.29 3877.48 4220.57 3394.45 2434.51 1481.85 603.209 138.764 258.694 441.813 374.667 260.869 255.864 132.358 143.995 191.56 238.889 255.404 215.701 868.354 1805.45
100.635 91.1481 156.423 325.685 326.529 204.868 471.077 -9999 -9999 -9999 -9999 -9999 -9999 -9999 -9999 -9999 -9999 -9999 -9999 -9999 -9999 -9999 -9999 -9999 -9999 -9999 -9999 216.458 177.198 253.139 716.826 629.723 244.909 253.226 790.911 465.926 448.306 952.612 443.949 362.682 310.319 571.525 1052.4 680.014 391.198 304.517 286.946 187.393 285.182 611.107 1324.08 2193.97 2691.31 2750.51 3000.07 3484.47 4051.94 4724.61 4774.17 3790.06 2836.48 1906.13 1009.35 302.347 208.36 311.111 265.704 310.574 345.405 186.464 479.566 681.033 484.224 208.013 106.235 744.319 1704.17
109.339 130.495 183.204 306.089 251.611 222.853 220.833 -9999 -9999 -9999 -9999 -9999 -9999 -9999 -9999 -9999 -9999 -9999 -9999 -9999 -9999 -9999 -9999 -9999 -9999 -9999 -9999 546.082 435.98 222.425 316.511 547.463 279.47 315.025 846.28 491.806 338.684 798.367 399.163 142.23 344.701 894.964 624.016 136.848 109.08 178.521 228.917 170.055 391.602 968.633 1583.62 2565.31 3372.2 3774.15 4114.97 4583.99 4989.9 5489.03 5307.39 4262.7 3337.07 2455.95 1749.6 1143.65 981.268 907.71 606.187 451.474 280.684 323.557 318.067 1110.03 1197.85 928.947 579.954 1031.75 1947.49
111.2 165.05 170.977 130.853 176.58 353.458 -9999 -9999 -9999 -9999 -9999 -9999 -9999 -9999 -9999 -9999 -9999 -9999 -9999 -9999 -9999 -9999 -9999 -9999 -9999 -9999 -9999 -9999 74.3525 291.041 671.08 568.101 275.131 270.182 814.671 536.009 313.506 525.086 282.628 178.188 389.118 739.424 381.851 126.84 121.502 356.025 814.123 721.891 369.145 515.895 1190.82 2292.25 3250.71 4141.17 4881.37 5531.5 5941.64 6219.5 5750.14 4694.71 3821.67 3096.74 2461.85 1726.5 1178.76 647.576 326.956 372.86 548.12 730.681 266.074 989.075 1703.49 1777.27 1493.66 1725.66 2353.23
127.065 162.777 163.446 98.6426 166.111 -9999 -9999 -9999 -9999 -9999 -9999 -9999 -9999 -9999 -9999 -9999 -9999 -9999 -9999 -9999 -9999 -9999 -9999 -9999 -9999 -9999 -9999 1253.06 85.4769 381.47 691.756 427.548 424.263 257.775 692.043 642.777 326.38 624.657 575.214 139.065 136.279 274.199 186.8 152.682 285.948 811.568 1478.07 1463.92 1005.77 884.588 1374.5 2416.52 3376.52 4336.52 5295.59 6307.18 6853.65 6886.91 6200.86 5168.15 4395.07 3589.98 2735.8 1651.05 770.383 239.18 392.576 312.97 604.981 607.298 341.215 1156.75 1784.87 1970.34 2051.22 2017.56 2243.72
125.459 169.295 243.857 151.569 200 -9999 -9999 -9999 -9999 -9999 -9999 -9999 -9999 -9999 -9999 -9999 -9999 -9999 -9999 -9999 -9999 -9999 -9999 -9999 -9999 -9999 1772.79 1089.99 344.791 457.029 345.429 140.998 163.529 175.878 423.118 541.59 317.857 582.892 362.194 162.816 196.294 182.01 140.48 204.534 426.183 901.224 1404.45 2069.33 1946.76 1814.41 2117.65 2842.83 3770.02 4730.02 5690.02 6729.02 6998.3 6753.12 6417.35 5758.35 4889.95 3940.4 2980.72 1873.23 1039.65 394.237 255.055 265.208 700.257 597.846 362.451 1182.09 1215.55 1199.85 1556.66 1290 1425.23
129.907 93.8279 88.3089 173.95 -9999 -9999 -9999 -9999 -9999 -9999 -9999 -9999 -9999 -9999 -9999 -9999 -9999 -9999 -9999 -9999 -9999 -9999 -9999 -9999 -9999 -9999 1499.57 903.528 254.331 276.887 131.711 84.6215 137.417 146.023 129.45 68.0197 76.343 129.808 138.09 158.208 207.218 275.278 220.67 133.935 220.064 331.634 986.607 2086 2759.88 2921.16 3220.07 3701.56 4311.85 5197.17 6078.27 6398.01 6033.8 5711.33 5633.76 5846.13 5317.27 4402.48 3455.08 2464.18 1658.66 755.357 211.661 375.973 869.656 425.757 475.321 1092.03 604.079 408.311 901.102 440.335 735.359
191.148 104.974 92.0992 173.151 -9999 -9999 -9999 -9999 -9999 -9999 -9999 -9999 -9999 -9999 -9999 -9999 -9999 -9999 -9999 -9999 -9999 -9999 -9999 -9999 -9999 -9999 -9999 1178.61 379.689 230.102 95.0342 121.903 126.742 119.368 81.0701 131.981 111.273 91.5242 131.969 478.856 504.346 457.051 428.757 537.829 497.239 413.41 1043.72 2143.58 3062.67 3727.4 4175.37 4643.99 5060.25 5553.94 5816.58 5471.44 5073.8 4751.33 4673.76 5063.54 5228.36 4756.77 3933.51 2958.42 2028.65 1100.3 296.375 661.732 1114.32 595.684 346.198 663.506 575.915 278.284 360.16 295.962 903.876
97.5942 114.954 94.1005 -9999 -9999 -9999 -9999 -9999 -9999 -9999 -9999 -9999 -9999 -9999 -9999 -9999 -9999 -9999 -9999 -9999 -9999 -9999 -9999 -9999 -9999 -9999 -9999 668.545 542.222 342.201 174.103 171.354 131.724 98.5473 119.649 132.382 231.735 181.235 254.666 935.109 1179.75 1164.04 1135.73 1384.93 1291.08 1072.65 1431.42 2395.66 3355.22 4291.17 5055.9 5597.72 5795.41 5464.96 4984.67 4511.44 4113.8 3791.33 3713.76 4112.62 4499.04 4710.35 4213.59 3138.44 2178.47 1237.13 381.598 584.053 1108.1 1029.96 456.524 179.541 229.903 152.194 132.092 562.881 1285.36
66.1494 92.0584 182.13 -9999 -9999 -9999 -9999 -9999 -9999 -9999 -9999 -9999 -9999 -9999 -9999 -9999 -9999 -9999 -9999 -9999 -9999 -9999 -9999 -9999 -9999 -9999 -9999 636.505 502.819 185.296 141.267 154.343 174.237 150.811 452.293 478.813 337.186 199.122 201.956 587.522 902.92 873.329 922.429 1592.17 1671.86 1802.24 2228.51 2888.64 3753.3 4712.86 5656.83 6374.21 5936.83 5039.51 4174.4 3551.44 3153.8 2831.33 2753.76 3153.21 3610.81 4186.66 3987.06 2928.73 1968.73 1018 291.954 187.571 525.701 699.682 556.603 114.646 166.168 172.902 122.244 609.417 1169.26
52.0493 -9999 -9999 -9999 -9999 -9999 -9999 -9999 -9999 -9999 -9999 -9999 -9999 -9999 -9999 -9999 -9999 -9999 -9999 -9999 -9999 -9999 -9999 -9999 -9999 -9999 -9999 915.685 928.88 948.672 -9999 502.365 232.104 312.965 1042.82 953.077 377.162 154.728 161.533 194.28 172.889 170.341 501.962 934.162 829.102 1426.1 2350.95 3400.22 4208.78 5127.03 6086.75 6435.63 5530.02 4570.02 3610.02 2590.48 2046.98 1711.4 1634.37 2110.47 2741.66 3291.42 3701.39 3042.71 2089.94 1187.5 474.331 260.529 292.998 294.789 255.546 226.542 167.462 118.877 175.587 643.079 455.15
-9999 -9999 -9999 -9999 -9999 -9999 -9999 -9999 -9999 -9999 -9999 -9999 -9999 -9999 -9999 -9999 -9999 -9999 -9999 -9999 -9999 -9999 -9999 -9999 -9999 -9999 -9999 -9999 -9999 -9999 -9999 864.686 369.868 627.091 1359.31 831.799 448.96 477.902 378.408 166.042 227.742 173.2 267.238 309.27 496.438 1295.86 2251.54 3371.54 4331.54 5291.54 6223.12 6092.67 5134.45 4174.45 3214.45 2100.6 1259.51 792.401 744.928 1385.47 1938.22 2513.47 3273.67 2980.88 2079.18 1228.3 428.938 461.201 972.803 1077.29 961.484 658.518 240.034 123.709 114.976 333.798 254.347
