public/models/data/input/map/ntb/1000/mapdriver.asc
NCOLS 388
NROWS 274
XLLCORNER 370313.940441
YLLCORNER 9267024.452423
CELLSIZE 1000.000000
NODATA_VALUE       -9999
[rows 204 to 237 of 274, columns 77 to 153 of 388]
2575.52 1762.77 810.116 180.343 346.284 394.616 939.045 1741.22 1620.99 1804.11 2259.53 2625.35 2530.28 1752.46 870.999 296.275 116.667 -9999 -9999 -9999 -9999 -9999 -9999 -9999 -9999 -9999 -9999 -9999 -9999 -9999 -9999 -9999 -9999 -9999 -9999 -9999 -9999 331.658 189.745 565.808 -9999 -9999 -9999 -9999 -9999 -9999 -9999 -9999 325.112 356.111 332.134 178.049 164.795 1275.88 894.379 233.026 376.735 234.598 357.796 833.861 846.772 1395.23 1966.56 1188.81 398.284 556.096 1401.03 2384.41 3313.6 4264.01 4828.67 4981.31 5245.96 4892.75 4002.93 2882.93 1925.72
2051.95 1647.31 732.007 98.5131 80.1381 173.663 824.302 1229.38 743.213 919.768 1367.09 1680.14 1779.53 1357.75 641.929 155.52 355.702 -9999 -9999 -9999 -9999 -9999 -9999 -9999 -9999 -9999 -9999 -9999 -9999 -9999 -9999 -9999 -9999 -9999 -9999 -9999 -9999 453.08 270.824 476.565 -9999 -9999 -9999 -9999 -9999 -9999 -9999 -9999 230.371 298.12 150.699 229.035 364.769 535.142 727.09 273.738 518.385 311.832 450.039 1267.21 1744.54 2045.4 1927.53 986.671 360.263 687.322 1608.71 2721.37 3667.1 4625.9 5490.88 5899.2 5743.51 4894.38 3934.38 2814.38 1854.25
1408.96 1514.51 773.498 91.3412 62.068 179.725 870.678 1198.53 537.589 349.058 490.97 724.739 876.441 626.552 350 402.883 785.448 1169.24 -9999 -9999 -9999 -9999 -9999 -9999 -9999 -9999 -9999 -9999 -9999 -9999 -9999 -9999 -9999 -9999 -9999 -9999 -9999 635.212 508.563 342.7 -9999 -9999 -9999 -9999 -9999 -9999 -9999 320.465 291.745 227.185 187.076 250.18 396.492 375.657 757.529 404.487 357.815 287.153 657.757 1631.4 2393.94 2438.8 1680.19 627.868 342.508 1014.47 1949.41 3068.82 4028.82 4988.82 5945.11 6549.62 5905.56 4952.56 3992.56 2872.56 1912.56
753.344 1210.88 859.57 221.601 67.1188 107.916 656.687 1390.04 1194.65 790.142 518.555 361.362 256.105 269.958 539.205 1060 1186.59 1169.24 -9999 -9999 -9999 -9999 -9999 -9999 -9999 -9999 -9999 -9999 -9999 -9999 -9999 -9999 8921.04 8740.64 8620.38 -9999 -9999 -9999 605.33 -9999 -9999 -9999 -9999 -9999 76.011 189.347 252.981 231.47 231.462 176.504 141.068 164.933 459.706 695.711 1142.29 956.012 385.592 194.241 549.987 1600.9 2452.95 2388.44 1491.1 469.121 491.885 1367.88 2306.21 3425.1 4385.1 5345.1 6294.72 6734.44 5942.77 4983.21 4023.21 2903.21 1943.21
348.327 832.7 422.313 236.804 78.4718 85.5669 228.879 889.067 1336.78 1578.53 1478 1221.08 829.536 339.474 248.909 748.977 -9999 -9999 -9999 -9999 -9999 -9999 -9999 -9999 -9999 -9999 -9999 -9999 -9999 -9999 -9999 -9999 8494.92 8103.95 7958.06 -9999 -9999 -9999 1870.5 981.83 306.098 666.127 1630.41 1225.63 627.381 243.445 313.77 206.639 130.883 189.855 231.208 229.708 122.25 204.245 663.673 1136.62 828.903 312.325 420.513 1415.64 2282.33 2317.01 1452.96 442.413 523.621 1442.99 2402.99 3522.99 4482.71 5372.04 5845.6 6011.69 5721.42 4910.43 3953.26 2833.26 1874.13
180.814 496.226 469.101 90.4414 80.4148 109.2 84.8619 238.457 628.8 1209.86 1573.92 1436.3 1122.62 585.37 258.633 214.992 -9999 -9999 -9999 -9999 -9999 -9999 -9999 -9999 -9999 -9999 -9999 -9999 -9999 -9999 -9999 -9999 -9999 7169.88 6726.93 4995.22 4827.72 2513.76 1974.24 1012.78 418.088 811.98 1719.49 1838.76 1093.64 374.118 362.846 160.244 122.305 152.519 129.117 260.068 151.716 118.897 223.734 772.005 1191.37 660.682 335.425 1143.97 1991.69 2302.3 1578.2 582.03 619.674 1502 2460.98 3580.7 4478.34 4940.43 4947.51 5062.78 4974.06 4489.53 3605.62 2488.82 1531.14
119.487 196.338 392.279 191.623 113.344 71.9162 83.4318 70.0746 166.333 547.512 798.63 618.504 548.368 351.05 243.456 12.5 -9999 -9999 -9999 -9999 -9999 -9999 -9999 -9999 -9999 -9999 -9999 -9999 -9999 -9999 -9999 -9999 -9999 6821.5 6276.11 5219.87 4540.64 3185.46 2330.62 1360.71 1020.33 1399.28 2106.46 2321.23 1420.17 590.522 237.821 144.859 80.3212 139.157 342.819 298.627 284.132 168.682 180.821 712.326 1243.9 985.942 387.507 784.359 1710.38 2362.87 1908.44 1172.01 1231.19 1907.64 2817.41 3888.97 4351.74 4177.59 3992.84 4102.78 4056.93 3817.08 3254.73 2271.55 1351
88.9874 157.08 463.359 476.284 155.949 66.8178 70.9088 60.6536 79.0442 147.411 182.746 276.683 293.629 147.21 110.42 96.535 -9999 -9999 -9999 -9999 -9999 -9999 -9999 -9999 -9999 -9999 -9999 -9999 -9999 -9999 -9999 -9999 -9999 -9999 6265.9 5632.1 4675.33 3713 2821.51 2168.92 1949.55 2230.74 2744.54 2669.84 1750.1 845.075 226.341 183.345 109.672 113.32 507.391 891.398 869.728 472.147 163.871 296.13 775.174 1216.61 1002.16 1117.34 1874.7 2647.28 2548.18 2095.04 2134.15 2572.48 3250.42 3889.48 3618.07 3228.94 3032.84 3142.78 3097.78 2906.82 2537.33 1893.44 1096.86
79.2809 91.4684 149.69 256.181 308.627 186.262 146.385 139.285 122.769 139.607 241.788 171.255 185.624 167.313 286.598 423.212 502.015 -9999 -9999 -9999 -9999 -9999 -9999 -9999 -9999 -9999 -9999 -9999 -9999 -9999 -9999 -9999 -9999 7589.41 7065.91 6013.3 5060.03 4186.91 3621.39 3150.82 2925.65 3172.2 3494.83 2842.32 1882.81 924.096 197.928 121.638 79.4747 109.038 138.953 464.997 393.087 249.501 520.183 509.32 394.25 787.193 731.782 877.992 1643.88 2592.49 3289.22 3211.8 3252.31 3640.05 3932.4 3438.89 2631.36 2117.73 1912.84 2022.78 1977.78 1789.53 1490.21 973.315 486.558
76.7772 72.0364 133.596 168.021 153.358 305.157 227.346 237.693 178.805 71.1196 88.8718 214.946 320.062 307.215 335.701 196.143 524.264 -9999 -9999 -9999 -9999 -9999 -9999 -9999 -9999 -9999 -9999 -9999 -9999 -9999 -9999 -9999 7496.08 7545.18 6859.79 5828.88 4885.04 4039.08 3439.87 2954.11 2671.97 2834.45 3207.5 2924.22 2004.94 1049.79 271.704 167.205 118.177 125.535 140.298 152.404 200.501 648.851 1113.18 810.91 331.148 296.865 351.334 718.719 1566.03 2520.54 3477.93 4104.82 4207.39 4434.57 4079.44 3033.8 2086.1 1286.02 962.78 1062.78 1018.12 837.302 630.615 312.724 195.478
60.1118 77.7014 80.1622 110.471 117.665 165.018 150.847 206.518 162.657 79.0856 81.698 251.015 564.544 490.631 420.567 28.4518 -9999 -9999 -9999 -9999 -9999 -9999 -9999 -9999 -9999 -9999 -9999 -9999 -9999 -9999 7776.67 7933.14 7396.38 7118.44 6423.13 5430.22 4471.55 3527.84 2676.86 2002.84 1714.41 1880.35 2304.03 2452.23 1782.27 830.667 295.85 564.412 367.894 201.509 153.744 207.851 288.837 928.614 1683.76 1346.97 694.438 263.303 549.369 1127.48 1926.15 2854.16 3768.93 4523.7 4814.29 4749.88 3961.97 2843.67 1890.84 971.851 402.463 351.986 361.64 368.515 430.481 386.331 270.83
61.9225 60.0608 99.6239 148.601 137.5 138.735 123.435 90.7598 201.913 355.998 150.049 224.365 293.807 183.201 345.397 -9999 -9999 -9999 -9999 -9999 -9999 -9999 -9999 -9999 -9999 -9999 -9999 -9999 -9999 6809.3 7237.81 7595.97 7133.55 6343.04 5787.02 5011.06 4072.58 3113.59 2167.02 1194.14 764.185 966.953 1412.87 1650.85 1488.74 704.168 330.329 1077.44 1054.59 618.975 362.939 516.375 841.365 1294.26 2102.55 2042.53 1211 523.282 339.139 1044.83 1981.17 2879.15 3421.47 3908.35 4300.13 4435.51 3820.89 2716.7 1790.96 1082.21 795.734 771.791 849.581 975.215 950.467 523.933 182.247
74.2339 54.7771 62.0516 183.814 172.435 122.557 154.777 217.095 184.763 316.908 404.443 192.23 202.392 0 -9999 -9999 -9999 -9999 -9999 -9999 -9999 -9999 -9999 -9999 -9999 -9999 -9999 -9999 5709.99 5837.19 6187.08 6630.11 6562.31 5722.78 4862.87 4202.33 3549.42 2659.48 1716.36 646.566 180.953 285.806 488.077 611.01 857.016 727.048 331.544 1163.46 1781.92 1559.38 1313.7 1429.7 1849.73 2174.37 2468.65 2396.27 1890.25 1441.18 1172.26 1533.22 2158.57 2449.76 2405.88 2795.54 3226.54 3449.7 3144.74 2341.85 1444.51 569.784 594.068 1475.27 1799.07 1484.84 669.088 247.823 420.557
72.9373 53.9199 55.3806 72.2365 88.1182 84.4914 101.602 102.401 197.388 244.224 334.372 136.062 0 -9999 -9999 -9999 -9999 -9999 -9999 -9999 -9999 -9999 -9999 -9999 -9999 -9999 -9999 -9999 4664.67 4843.05 5228.25 5812.33 6061.26 5311.12 4365.13 3402.69 2840.12 2224.62 1412.68 461.338 344.834 536.312 475.264 375.871 414.856 822.268 809.663 1432.69 2197.41 2380.44 2264.42 2372.89 2585.34 2327.39 1888.04 1796.17 2107.42 2220.85 2028.54 1816.81 1667.47 1545.69 1446.57 1913.33 2368.52 2508.33 2226.85 1937.73 1515.39 668.198 358.388 1199.53 1729.75 1414.82 634.31 763.771 1187.34
72.822 99.1409 67.2331 57.253 89.6504 93.336 120.072 153.09 137.996 264.089 368.795 519.237 -9999 -9999 -9999 -9999 -9999 -9999 -9999 -9999 -9999 -9999 -9999 -9999 -9999 -9999 -9999 3054.49 3368.03 3862.6 4361.83 5270.14 5657.03 4910.27 3953.12 2860.25 2056.42 1484.61 895.478 269.817 640.307 1211.15 1356.41 926.663 391.177 844.48 1496.17 1883.94 2098.83 2395 2695.18 3066.39 2733.96 1859.68 1047.44 907.639 1584.8 2308.95 2212.12 1289.64 794.363 668.691 611.787 1223.97 1478.84 1642.92 1322.9 1101.41 1122.38 710.832 314.829 578.849 983.852 1163.36 1127.07 1463.95 1815.75
91.484 80.7221 103.759 90.9684 101.938 101.241 112.421 173.845 194.083 213.753 415.336 868.239 -9999 -9999 -9999 -9999 -9999 -9999 -9999 -9999 -9999 -9999 -9999 -9999 -9999 -9999 -9999 1956.26 2515.87 3004.04 3781.71 4866.64 5259.38 4512.62 3552.62 2436.58 1504 701.348 302.051 463.166 1184.09 1886.15 2153.28 1373.98 796.373 876.561 1406.76 1528.43 1271.04 1598.06 2220.39 3051.64 2704.85 1748.11 807.034 344.707 1058.09 1898.74 1916.87 900.447 351.056 287.063 521.394 583.792 581.396 893.5 747.462 401.405 617.112 335.412 385.929 320.27 280.616 435.981 937.598 1829.6 2244.31
207.07 174.422 85.2898 136.905 178.051 275.244 329.095 243.599 210.729 356.351 295.413 -9999 -9999 -9999 -9999 -9999 -9999 -9999 -9999 -9999 -9999 -9999 -9999 -9999 -9999 -9999 -9999 1083.47 1530.47 2345.93 3300.07 4404.93 4821.07 4096.16 3136.16 2016.16 1068.79 338.63 398.431 1107.78 1833.4 2257.78 2171.94 1818.74 1033.11 434.94 953.952 1014.98 432.316 792.732 1661.47 2734.25 2972.67 2169.58 1255.89 367.277 579.113 1478.33 1591.71 667.206 192.825 360.246 819.007 374.089 378.103 402.667 514.621 318.176 448.642 494.124 330.097 275.614 312.52 222.625 637.177 1530.69 1556.11
240.973 204.286 237.621 135.809 223.599 315.895 640.404 752.938 558.582 293.295 394.744 -9999 -9999 -9999 -9999 -9999 -9999 -9999 -9999 -9999 -9999 -9999 -9999 -9999 -9999 -9999 807.107 498.316 1143.63 2091.54 3051.54 4162.77 4646.83 3987.25 3039.23 1924.68 964.804 336.285 749.197 1699.24 2100.64 1700.82 1267.49 1456.12 956.445 366.368 892.943 1177.42 440.355 521.624 1399.99 2515.86 3105.89 2593.47 1655.12 611.479 406.557 1100.08 1055.98 408.846 420.317 991.824 1098.45 341.701 606.529 585.592 328.403 441.786 294.202 223.295 504.803 720.392 468.207 262.109 813.33 1167.68 736.115
115.845 195.383 231.257 124.897 243.062 374.963 308.782 748.11 1111.54 790.723 291.19 -9999 -9999 -9999 -9999 -9999 -9999 -9999 -9999 -9999 -9999 -9999 -9999 -9999 -9999 -9999 1258.59 981.28 1473.95 2320.71 3275.22 4347.54 4572.03 3756.5 2835.25 1851.11 966.328 333.034 800.537 1834.46 2038.21 1199.32 516.383 1049.4 1068.8 371.305 683.542 1169.34 465.065 532.993 1418.79 2538.74 3282.06 2977.92 2033.45 946.615 365.735 695.405 483.641 403.831 976.181 1518.83 1187.81 323.033 497.162 546.912 458.919 301.17 469.46 384.314 277.473 692.247 660.543 330.581 506.67 513.458 339.226
155.497 253.162 194.654 166.173 141.275 242.723 326.916 683.127 1308.45 1503.24 -9999 -9999 -9999 -9999 -9999 -9999 -9999 -9999 -9999 -9999 -9999 -9999 -9999 -9999 -9999 2931.08 2284.79 1918.66 2251.92 2821.45 3676.53 4623.72 4318.11 3371.2 2420.12 1418.6 672.855 350.475 946.33 1931.88 1875.41 956.248 276.738 945.484 1060.34 350.001 512.541 696.097 316.203 571.75 1464.96 2584.81 3383.69 3199.39 2312.03 1279.82 491.053 381.61 239.877 837.058 1366.5 1310.02 878.38 268.035 446.307 372.609 328.105 374.126 419.777 830.256 589.482 312.175 268.476 190.383 296.726 291.854 791.749
294.298 305.894 265.911 156.791 191.661 142.334 149.667 445.693 -9999 -9999 -9999 -9999 -9999 -9999 -9999 -9999 -9999 -9999 -9999 -9999 -9999 -9999 -9999 -9999 3802.3 3636.7 3309.15 3027.78 3325.25 3685.61 4201.89 4682.1 3884.41 2924.41 1964.41 863.015 315.835 705.089 1501.59 2210.46 1671.07 762.618 304.161 1138.17 1307.16 524.993 276.28 148.532 369.557 1087.1 1893.53 2959.17 3470.48 2862.64 1934.81 968.684 439.135 210.698 282.321 767.178 696.959 416.09 276.597 472.33 587.437 323.53 328.51 304.915 302.911 580.802 1094.98 1048.43 790.456 625.386 235.339 277.942 992.974
639.478 411.261 269.958 175.735 190.387 113.574 99.9094 0 -9999 -9999 -9999 -9999 -9999 -9999 -9999 -9999 -9999 -9999 -9999 -9999 -9999 -9999 -9999 -9999 -9999 3991.62 3869.01 3540.11 3681.09 3769.08 4122.6 4343.11 3661.93 2709.85 1749.85 666.571 385.81 1083.29 1869.75 2125.91 1294.21 489.086 405.012 1332.67 1526.7 743.376 208.798 191.561 660.884 1560.97 2430.28 3278.29 3377.74 2526.19 1566.19 543.565 270.787 461.116 338.886 315.497 227.898 286.468 394.152 450.189 381.985 213.459 268.739 229.64 332.511 216.793 595.254 1228.71 1438.39 980.06 258.347 428.347 1027.75
328.696 329.201 211.898 126.693 108.791 113.071 94.0607 -9999 -9999 -9999 -9999 -9999 -9999 -9999 -9999 -9999 -9999 -9999 -9999 -9999 -9999 -9999 -9999 -9999 -9999 -9999 -9999 3232.16 2938.74 2868.82 3204.34 3679.12 3680.94 2865.09 1905.09 809.492 334.956 832.93 1700.61 1666.94 895.44 301.13 526.367 1138.73 1190.57 773.29 308.732 271.041 1028.48 1944.33 2742.94 3055.08 3045.84 2327.44 1412.48 420.58 499.215 789.131 416.09 509.535 428.084 368.815 401.412 428.24 320.332 353.045 245.58 234.044 454.578 271.699 214.361 805.284 1158.25 819.319 253.854 830.812 1303.31
673.648 739.805 422.795 269.499 244.633 133.838 80.6071 -9999 -9999 -9999 -9999 -9999 -9999 -9999 -9999 -9999 -9999 -9999 -9999 -9999 -9999 -9999 -9999 -9999 -9999 -9999 -9999 2606.07 1996.4 1908.82 2268.35 3082.59 3690.84 3233.24 2278.83 1254.91 724.721 913.977 1576.1 1102.85 415.925 146.797 249.52 488.598 389.247 322.128 252.303 254.946 981.087 1757.17 2227.69 2182.48 2332.14 1928.78 1105.44 302.467 422.007 403.718 296.077 583.592 1044.69 1075.65 1164.83 1042.63 550.661 704.254 501.336 293.659 776.519 447.397 214.158 260.055 403.572 383.178 263.309 951.827 1192.66
1426.98 1569.78 895.022 203.851 269 338.898 423.376 -9999 -9999 -9999 -9999 -9999 -9999 -9999 -9999 -9999 -9999 -9999 -9999 -9999 -9999 -9999 -9999 -9999 -9999 -9999 -9999 1108.56 937.417 874.471 1511.74 2586.13 3258.48 3269.83 2706.75 1870.94 1353.41 1338.22 1401.49 559.721 186.864 451.527 433.342 101.315 77.3748 119.862 183.51 184.012 455.439 922.854 1149.82 1063.6 1272.23 1192.08 552.359 145.029 254.802 451.912 964.753 1399.6 1861.32 2090.73 2093.97 1640.15 1105.51 882.894 413.334 461.908 1058.5 1050.46 847.574 685.508 532.636 398.792 292.323 333.592 848.281
1769.23 1900.97 1210.9 322.612 315.483 420.389 -9999 -9999 -9999 -9999 -9999 -9999 -9999 -9999 -9999 -9999 -9999 -9999 -9999 -9999 -9999 -9999 -9999 -9999 -9999 -9999 -9999 -9999 284.38 500.484 1276.65 2153.56 2404.05 2478.67 2400.41 1644.18 811.181 589.056 864.964 317.33 188.757 496.274 329.524 73.5427 101.069 273.264 750.023 655.804 320.634 300.481 387.381 327.401 432.718 470.369 277.882 385.398 507.651 922.488 1598.87 2277.8 2541.21 2237.73 1726.79 1255.77 738.872 362.487 279.868 340.777 896.832 1093.98 560.883 605.214 985.477 1139.46 727.536 246.784 828.026
1537.49 1584.75 926.028 296.395 59.5368 -9999 -9999 -9999 -9999 -9999 -9999 -9999 -9999 -9999 -9999 -9999 -9999 -9999 -9999 -9999 -9999 -9999 -9999 -9999 -9999 -9999 -9999 2687.78 712.842 864.223 1311.04 1486.45 1448.82 1518.67 1536.48 1328.69 581.209 283.563 570.271 229.24 132.714 195.041 137.207 142.179 214.088 446.525 1144.41 1388.74 989.344 682.51 531.585 569.614 445.129 275.607 352.183 690.739 506.964 776.359 1582.18 2575.29 2663.81 1817.6 957.066 445.873 380.043 219.012 364.077 262.597 893.45 1200.88 746.221 319.204 668.395 1232.83 860.527 273.32 906.592
909.138 1222.5 655.804 200.244 0 -9999 -9999 -9999 -9999 -9999 -9999 -9999 -9999 -9999 -9999 -9999 -9999 -9999 -9999 -9999 -9999 -9999 -9999 -9999 -9999 -9999 3211.27 2572.01 1762.2 1210.45 818.47 561.964 496.218 567.207 599.568 718.909 491.953 336.645 309.229 123.74 55.2324 53.5315 99.2766 219.597 438.766 968.057 1537.85 2204.92 1943.56 1607.5 1420.13 1464.19 1203.72 673.261 240.095 266.379 303.785 764.962 1643.13 2678.38 2695.85 1775.04 888.948 544.789 410.384 244.703 211.726 236.172 856.571 1588.51 1431.57 595.579 313.69 802.398 876.314 242.224 614.258
371.336 965.669 1032.25 939.764 -9999 -9999 -9999 -9999 -9999 -9999 -9999 -9999 -9999 -9999 -9999 -9999 -9999 -9999 -9999 -9999 -9999 -9999 -9999 -9999 -9999 -9999 2896.63 2257.23 1291.67 665.217 210.768 171.539 138.128 126.3 91.8256 67.4517 97.9548 113.932 106.437 135.45 126.072 177.832 194.558 180.762 816.369 1707.3 2401.38 3011.84 3053.78 2704.52 2385.97 1811.47 1123.66 600.171 231.395 282.486 340.68 900.994 1831.42 2846.91 2960.27 2296.69 1769.97 1556.6 1258.09 894.253 411.811 284.091 1089.35 1560.62 1133.15 842.274 491.604 365.588 886.314 344.447 183.251
362.915 564.615 543.687 661.641 -9999 -9999 -9999 -9999 -9999 -9999 -9999 -9999 -9999 -9999 -9999 -9999 -9999 -9999 -9999 -9999 -9999 -9999 -9999 -9999 -9999 -9999 -9999 2395.01 694.213 187.683 117.62 201.39 229.974 195.24 104.127 89.1567 111.092 109.118 146.265 426.125 428.064 425.378 429.15 586.697 1218.33 2078.99 2898.28 3502.5 3670.97 3237.15 2428.56 1340.6 556.111 273.019 300.36 844.427 1116.6 1501.56 2205.61 2672.41 2534.65 2555.95 2526.83 2119.78 1337.19 596.667 214.298 512.128 1204.02 1176.54 605.777 438.347 514.902 232.18 803.253 507.064 210.494
483.677 274.035 354.11 -9999 -9999 -9999 -9999 -9999 -9999 -9999 -9999 -9999 -9999 -9999 -9999 -9999 -9999 -9999 -9999 -9999 -9999 -9999 -9999 -9999 -9999 -9999 -9999 855.922 652.404 417.669 410.992 503.043 173.144 102.097 163.514 309.329 161.415 136.452 286.557 461.96 441.814 790.784 1114.38 1365.19 1785.39 2145.75 2488.55 2959.78 3341.12 3078.23 2258.11 1232.49 560.723 701.391 785.32 1382.18 1993.92 2322.74 2350.12 1857.7 1609.8 1894.76 2513.34 2356.94 1451.85 801.56 310.504 518.95 922.498 573.929 473.622 241.77 328.062 258.154 640.246 721.637 350.343
646.933 529.746 147.091 -9999 -9999 -9999 -9999 -9999 -9999 -9999 -9999 -9999 -9999 -9999 -9999 -9999 -9999 -9999 -9999 -9999 -9999 -9999 -9999 -9999 -9999 -9999 -9999 1480.63 1405.45 1047.4 530.017 422.935 175.482 162.769 449.141 823.434 273.208 105.538 261.891 252.87 319.53 770.004 931.79 1212.13 1503.09 1453.27 1562.21 2084.29 2767.22 2708.27 1879.19 1198.82 1104.66 1453.36 1669.69 2077 2463.1 2457.01 1978.48 1099.48 702.957 1196.61 2103.12 2651.88 2098.4 1521.96 744.517 265.584 460.991 312.715 485.679 291.539 194.616 185.494 287.99 867.507 578.883
362.373 -9999 -9999 -9999 -9999 -9999 -9999 -9999 -9999 -9999 -9999 -9999 -9999 -9999 -9999 -9999 -9999 -9999 -9999 -9999 -9999 -9999 -9999 -9999 -9999 -9999 -9999 2115.69 2128.88 2148.67 -9999 153.638 108.346 234.27 769.327 1195.66 423.768 94.6092 93.1989 83.194 140.55 165.52 199.691 491.442 546.985 442.017 573.279 1414.38 2228.22 2225.46 1366.16 482.396 878 1811.19 2391.76 2104.59 1761.7 1520.93 1106.59 486.387 390.014 1144.94 2094.37 3082.22 2985.01 2203.6 1491.27 716.23 340.052 317.514 269.127 310.252 324.22 196.198 232.975 971.93 606.286
-9999 -9999 -9999 -9999 -9999 -9999 -9999 -9999 -9999 -9999 -9999 -9999 -9999 -9999 -9999 -9999 -9999 -9999 -9999 -9999 -9999 -9999 -9999 -9999 -9999 -9999 -9999 -9999 -9999 -9999 -9999 281.087 208.3 651.232 1291.22 1475.21 633.638 344.477 505.339 264.393 236.357 240.915 236.831 201.42 227.217 268.414 331.056 950.997 1733.07 1848.89 1082.76 303.159 888.104 1841.71 2219 1372.36 835.536 689.721 392.165 349.824 826.87 1597 2481.35 3487.89 3538.73 2847.24 2167.53 1469.63 1202.95 1141.79 959.918 831.772 558.393 262.541 168.428 541.876 421.754
