public/models/data/input/map/ntb/1000/mapdagr.asc
NCOLS 388
NROWS 274
XLLCORNER 370313.940441
YLLCORNER 9267024.452423
CELLSIZE 1000.000000
NODATA_VALUE       -9999
[rows 170 to 203 of 274, columns 231 to 307 of 388]
6782.85 7238.31 7733.32 8488.25 7332.1 6731.03 6716.76 7001.84 7152.31 8125.87 9606.55 9614.37 9971.02 10321 11211.8 12293.6 13180.3 15354.1 16130.7 16855.9 17436.3 18132.5 18974.5 19799.4 20074.7 20284.8 -9999 -9999 -9999 -9999 -9999 -9999 -9999 -9999 -9999 -9999 -9999 -9999 -9999 -9999 -9999 -9999 -9999 -9999 -9999 -9999 -9999 -9999 -9999 -9999 -9999 -9999 -9999 -9999 -9999 -9999 -9999 -9999 -9999 -9999 -9999 -9999 -9999 -9999 -9999 -9999 -9999 -9999 -9999 -9999 -9999 -9999 -9999 -9999 -9999 -9999 -9999
7742.85 8198.31 8605.46 9081.64 9257.04 6982.66 6973.79 7205.33 7269.35 10520.9 10460.7 10557.3 10988.4 15483.4 14398.9 13329.3 13804.6 14918.4 15870.7 16825.1 17745.7 18728.2 19347.5 19487.2 19214 20036.8 -9999 -9999 -9999 -9999 -9999 -9999 -9999 -9999 -9999 -9999 -9999 -9999 -9999 -9999 -9999 -9999 -9999 -9999 -9999 -9999 -9999 -9999 -9999 -9999 -9999 -9999 -9999 -9999 -9999 -9999 -9999 -9999 -9999 -9999 -9999 -9999 -9999 -9999 -9999 -9999 -9999 -9999 -9999 -9999 -9999 -9999 -9999 -9999 -9999 -9999 -9999
8862.85 9318.3 9715.95 10150.3 10307.4 -9999 -9999 -9999 -9999 -9999 -9999 11339.5 12879.3 16846.2 15908.1 15087.8 14796.7 15342.5 16208.2 17162.1 18117 18932.5 18859.4 18468.2 18071 17676.5 -9999 -9999 -9999 -9999 -9999 -9999 -9999 -9999 -9999 -9999 -9999 -9999 -9999 -9999 -9999 -9999 -9999 -9999 -9999 -9999 -9999 -9999 -9999 -9999 -9999 -9999 -9999 -9999 -9999 -9999 -9999 -9999 -9999 -9999 -9999 -9999 -9999 -9999 -9999 -9999 -9999 -9999 -9999 -9999 -9999 -9999 -9999 -9999 -9999 -9999 -9999
9822.85 10278.3 10675.9 11078.5 11214.3 -9999 -9999 -9999 -9999 -9999 -9999 -9999 -9999 17177.1 16431.8 15924.2 15754.1 16156.7 16724.8 17567.9 18403.7 18321.6 17905.9 17508.2 17110.6 16589 15913.6 -9999 -9999 -9999 -9999 -9999 -9999 -9999 -9999 -9999 -9999 -9999 -9999 -9999 -9999 -9999 -9999 -9999 -9999 -9999 -9999 -9999 -9999 -9999 -9999 -9999 -9999 -9999 -9999 -9999 -9999 -9999 -9999 -9999 -9999 -9999 -9999 -9999 -9999 -9999 -9999 -9999 -9999 -9999 -9999 -9999 -9999 -9999 -9999 -9999 -9999
10782.8 11238.3 11632.9 12002.9 12120.1 -9999 -9999 -9999 -9999 -9999 -9999 -9999 -9999 17736.8 17272.3 16879.8 16714.1 17103.5 17518.7 18072 18405.9 17602.3 16973.5 16548.2 16150.6 15700.2 15490.3 -9999 -9999 -9999 -9999 -9999 -9999 -9999 -9999 -9999 -9999 -9999 -9999 -9999 -9999 -9999 -9999 -9999 -9999 -9999 -9999 -9999 -9999 -9999 -9999 -9999 -9999 -9999 -9999 -9999 -9999 -9999 -9999 -9999 -9999 -9999 -9999 -9999 -9999 -9999 -9999 -9999 -9999 -9999 -9999 -9999 -9999 -9999 -9999 -9999 -9999
11609.6 12194.8 12593.8 13073.5 13912.4 -9999 -9999 -9999 -9999 -9999 -9999 -9999 22185 18606.9 18281.8 17838.8 17674.1 18063.5 18414.6 18402.4 17997.7 17132.4 16244.6 15612.8 15190.6 14736.9 14512.8 -9999 -9999 -9999 -9999 -9999 -9999 -9999 -9999 -9999 -9999 -9999 -9999 -9999 -9999 -9999 -9999 -9999 -9999 -9999 -9999 -9999 -9999 -9999 -9999 -9999 -9999 -9999 -9999 -9999 -9999 -9999 -9999 -9999 -9999 -9999 -9999 -9999 -9999 -9999 -9999 -9999 -9999 -9999 -9999 -9999 -9999 -9999 -9999 -9999 -9999
11468.6 12567.3 13272.5 13484.4 14256.8 -9999 -9999 -9999 -9999 21290.8 21499.6 21781.3 21889.4 20926.2 19543.7 18966.2 18794.1 19077.2 18821.7 18004 17180.5 16435 15680.2 14785.8 14113.9 13609.3 13183.3 12926.4 -9999 -9999 -9999 -9999 -9999 -9999 -9999 -9999 -9999 -9999 -9999 -9999 -9999 -9999 -9999 -9999 -9999 -9999 -9999 -9999 -9999 -9999 -9999 -9999 -9999 -9999 -9999 -9999 -9999 -9999 -9999 -9999 -9999 -9999 -9999 -9999 -9999 -9999 -9999 -9999 -9999 -9999 -9999 -9999 -9999 -9999 -9999 -9999 -9999
11070.5 12189.7 13074.8 13447.1 -9999 -9999 -9999 -9999 -9999 21247.2 21105.8 20808.2 21091.5 20939.4 20352.4 19920 19693.1 19368.6 18497 17554 16646.3 15711.9 15067.3 14314.5 13428.2 12671.3 12261.4 12081.1 -9999 -9999 -9999 -9999 -9999 -9999 -9999 -9999 -9999 -9999 -9999 -9999 -9999 -9999 -9999 -9999 -9999 -9999 -9999 -9999 -9999 -9999 -9999 -9999 -9999 -9999 -9999 -9999 -9999 -9999 -9999 1724.61 1290.13 -9999 0 0 0 -9999 -9999 -9999 -9999 -9999 -9999 -9999 -9999 -9999 -9999 -9999 -9999
10672.9 11780 12608.4 12968.2 -9999 -9999 -9999 -9999 -9999 21181.7 20163 19696.7 20015.7 20517 20612.7 20414.3 19993 19058.2 18098.2 17139.3 16195 15147.3 14361.1 13709.7 12964.9 11945.4 11312.3 10774.1 10058.5 -9999 -9999 -9999 -9999 -9999 -9999 -9999 -9999 -9999 -9999 -9999 -9999 -9999 -9999 -9999 -9999 -9999 -9999 -9999 -9999 -9999 -9999 -9999 -9999 -9999 -9999 -9999 -9999 -9999 -9999 1737.41 1201.45 180.959 6.5342 0 0 -9999 -9999 -9999 -9999 -9999 -9999 -9999 -9999 -9999 -9999 -9999 -9999
10275.3 11243.2 11771.4 12091.7 12152.9 -9999 -9999 -9999 -9999 18552.3 18531.3 18699.4 19072.3 19556.6 19880.7 19784.1 19374.7 18632.9 17700.5 16740.5 15781.3 14682 13789.6 12996.6 12362.1 11475.6 10587.8 9955.54 9530.66 -9999 -9999 -9999 -9999 -9999 -9999 -9999 -9999 -9999 -9999 -9999 -9999 -9999 -9999 -9999 -9999 -9999 -9999 -9999 -9999 -9999 -9999 -9999 -9999 -9999 -9999 -9999 -9999 1530.78 1760.48 1967.16 1265.68 292.77 53.8685 2.5 0 0 0 -9999 -9999 -9999 -9999 -9999 -9999 -9999 -9999 -9999 -9999
9659.78 10261.7 10774.5 11490.3 12068.7 12113.2 -9999 -9999 -9999 16270.2 17158.8 17594.5 17972.3 18443.9 18786.1 18668.3 18275.2 17790.8 17166.2 16273.1 15316.6 14197.4 13253.5 12347.1 11523.7 10778.2 10023.4 9128.97 8458.74 7758.61 7434.4 6517.89 6411.9 -9999 -9999 -9999 -9999 -9999 -9999 -9999 -9999 -9999 -9999 -9999 -9999 -9999 -9999 -9999 -9999 -9999 -9999 -9999 -9999 -9999 -9999 -9999 -9999 463.916 1152.98 1867.1 1632.23 602.292 97.1992 36.0674 0 2.25 0 2.21783 10.5855 34.7538 28.3699 0.240385 0 0 0 0 0
8823.53 9416.88 10139.2 11014.1 11711.6 11882.9 -9999 -9999 -9999 16060.6 16202.7 16614.7 17013.5 17592.7 17967.3 17712.9 17315.2 16851.3 16423.1 15796.5 14915.5 13799 12840.1 11897.2 10989.5 10055 9410.5 8657.65 7771.32 7013.87 6581.76 6196.4 5528.17 -9999 -9999 -9999 -9999 -9999 -9999 -9999 -9999 -9999 -9999 -9999 -9999 -9999 -9999 -9999 -9999 -9999 -9999 -9999 -9999 -9999 -9999 0 10.3033 203.948 833.271 1722.05 1687.57 679.594 149.713 50.7279 0.625 46.9654 19.955 14.7748 153.983 268.494 138.81 26.5711 11.4963 16.5533 11.0355 1.10355 0
7955.57 8777.25 9656.49 10347.4 10804.1 11177.9 -9999 -9999 -9999 15492 15397.1 15656 16147.1 16977.8 17129.2 16752.9 16355.2 15891.3 15493.6 15065.5 14450.9 13401.3 12441.3 11482.5 10538.2 9490.45 8704.25 8052.86 7308.08 6288.59 5659.85 5234.38 4816.54 -9999 -9999 -9999 -9999 -9999 -9999 -9999 -9999 -9999 -9999 -9999 -9999 -9999 -9999 -9999 -9999 -9999 -9999 -9999 -9999 0 0 82.3518 85.689 478.257 1161.9 1922.73 1737.95 792.063 355.781 138.504 72.664 325.622 381.456 310.692 525.85 583.334 229.284 305.856 293.007 354.41 274.493 73.4767 1.125
7279.09 8312.86 9000.51 9446.14 9844.22 10188.1 10482.2 -9999 12286.2 14965.4 14499.2 14789.4 15567 16379.1 16190.3 15792.9 15395.2 14931.3 14533.7 14136 13733.4 13002.7 12043.7 11083.7 10124.5 9025.15 8132.81 7339.75 6705.27 5818.73 4930.95 4299.13 3877.28 3399.32 -9999 -9999 -9999 -9999 -9999 -9999 -9999 -9999 -9999 -9999 -9999 -9999 -9999 -9999 -9999 -9999 -9999 -9999 -9999 10.2635 74.0269 238.907 351.489 366.761 1130.37 2005.19 2096.24 1503.82 1061.71 729.522 511.285 760.862 1154.81 1142.88 1251.53 930.109 703.168 991.699 1098.29 1136.69 681.136 146.969 36.6783
6729.02 7518.51 7930.26 8327.91 8689.1 9174.04 9864.74 10535.7 11446.1 12112.3 13275.5 14131.2 15059.9 15380.5 15070.5 14672.9 14275.2 13811.3 13413.7 13016 12643.3 12431 11579.8 10619.8 9659.76 8540.54 7596.63 6690.29 5866.84 5121.35 4366.52 3472.11 2800.23 2388.37 -9999 -9999 -9999 -9999 -9999 -9999 -9999 -9999 -9999 -9999 -9999 -9999 -9999 -9999 -9999 -9999 -9999 1.25 34.4099 212.123 349.122 748.464 979.668 614.738 1141.48 2043.81 2798.5 2551.47 2114.89 1816.84 1559.91 1673.83 2079.98 2260.09 2254.68 1867.85 1745.66 2030.62 2201.86 1839.52 959.3 448.891 362.276
6066.35 6572.62 6970.26 7367.91 7773.35 8238.89 8836.59 9752.75 10718.8 11807.5 12767.2 13727.7 14483 14421.5 14110.5 13712.9 13315.2 12851.3 12453.7 12056 11683.3 11720.8 11175.3 10222.1 9262.12 8142.12 7183.28 6240.36 5332.65 4398.19 3753.65 3000.8 2114.47 1356.09 382.843 -9999 -9999 -9999 -9999 -9999 -9999 -9999 -9999 -9999 -9999 -9999 -9999 -9999 -9999 -9999 -9999 3.75 86.9871 425.132 715.446 1309.38 1726.19 1544.67 1866.65 2510.65 3363.14 3468.87 3074.45 2776.84 2519.91 2622.67 2999.01 3212.6 3197.54 2827.85 2705.65 2989.24 3070.53 2306.36 1585.41 1300.08 1086.14
5181.93 5612.62 6010.26 6407.91 6809.95 7493.1 8372.05 9329.85 10290.1 11410.1 12370 13309.8 13709.8 13461.5 13150.5 12752.9 12355.2 11891.3 11493.7 11096 10723.3 10864.1 10700 9824.47 8864.48 7744.48 6784.48 5825.64 4881.34 3833.6 3047.39 2396.18 1674.81 682.441 211.395 -9999 -9999 -9999 -9999 -9999 -9999 -9999 -9999 -9999 -9999 -9999 -9999 -9999 -9999 -9999 -9999 0 35.4853 212.409 650.83 1537.26 2344.65 2504.56 2790.51 3224.29 3855.96 4373.42 4034.45 3736.84 3479.91 3582.67 3958.71 4172.3 4157.54 3787.85 3665.66 3935.59 3710.65 2935.59 2471.06 2108.75 1519.47
4236.8 4652.62 5050.26 5452.3 6004.3 7013.88 7972.42 8932.42 9892.41 11012.4 11972.2 12781.6 12823.7 12501.5 12190.5 11792.9 11395.3 10931.3 10533.7 10136 9763.26 9941.33 10075 9425.24 8466.83 7346.83 6386.83 5426.83 4467.61 3368.3 2475.96 1682.96 1067.21 434.433 48.8419 44.4444 -9999 -9999 2383.45 2383.45 -9999 -9999 -9999 -9999 -9999 -9999 -9999 -9999 -9999 0 0 9.1652 100.793 243.215 967.525 1820.16 2757.18 3432.73 3750.37 4148.12 4570.15 5126.05 4994.45 4696.84 4439.91 4542.67 4918.71 5132.3 5117.54 4747.85 4625.65 4769.46 4371.92 3750.76 3070.31 2238.75 1326.3
3117.22 3532.99 3953.77 4551.53 5429.96 6548.5 7508.5 8468.5 9428.5 10548.3 11443 11903.1 11718.3 11381.5 11070.5 10672.9 10275.3 9811.34 9413.69 9016.05 8643.26 8825.51 9161.58 8892.96 8002.91 6882.91 5922.91 4962.91 4002.91 2883.69 1939.77 1034.51 284.7 20.2426 4 13.5833 16.5895 1250.47 1699.77 2007.39 -9999 -9999 -9999 -9999 -9999 333.391 42.9327 51.0432 164 108.953 325.809 557.18 666.907 390.774 1168.05 2120.07 3079.17 4152.68 4818.75 5266.09 5665.66 6096.14 6102.24 5816.84 5559.91 5662.67 6038.71 6252.3 6237.54 5867.85 5731.55 5665.05 5050.09 3992.84 3032.84 2072.84 1114.31
2158.06 2596.12 3202.9 4073.05 5030.85 6150.85 7110.85 8070.85 9030.85 10143.4 10856.1 10997.3 10758.3 10422.4 10110.7 9712.9 9315.26 8851.34 8453.7 8056.05 7683.26 7865.51 8258.36 8331.4 7643.14 6530.83 5570.83 4610.83 3650.83 2530.83 1571.99 639.952 71.2976 0 0 0.75 8.58333 419.643 1014.69 1224.18 -9999 -9999 -9999 -9999 -9999 484.727 194.537 97.5365 434.204 552.26 1060.31 1462.87 1372.3 1121.15 1641.83 2482.43 3433.21 4552.91 5469.78 6165.35 6623.74 7054.69 7059.63 6776.84 6519.91 6622.67 6998.71 7212.3 7197.54 6788.87 6471.41 6080.62 5289.77 4208.94 3248.94 2291.14 1411.88
1203.78 1836.24 2715.41 3673.21 4633.21 5753.21 6713.21 7673.21 8631.45 9695.32 10134.3 10041.9 9798.3 9484.44 9174.7 8753.1 8355.26 7891.34 7493.7 7096.05 6723.26 6905.51 7303.16 7638.84 7456.58 6459.38 5499.38 4539.38 3579.38 2459.38 1499.38 593.99 178.475 2.25 0 0 0 208.745 313.401 154.786 0 -9999 -9999 -9999 559.913 662.219 545.679 205.64 524.362 1310.08 1834.16 2314.88 2283.19 2066.76 2433.67 2999.47 3837.77 4950.85 5910.45 6827.43 7533.86 8014.69 8019.63 7736.84 7479.91 7582.67 7958.71 8159.33 7950.76 7149.66 6387.16 5733.21 5117.1 4383.38 3598.77 2713.98 1908.18
458.277 1410.88 2369.41 3329.41 4289.41 5409.41 6369.41 7312.08 8218.92 9144.57 9259.59 9081.88 8838.31 8558.29 8308.14 7814.49 7395.39 6931.34 6533.7 6136.05 5763.26 5945.51 6343.16 6740.08 7063.47 6726.44 5799.69 4839.69 3879.69 2759.69 1834.83 1131.2 544.876 13.75 0 0 4 94.8192 23.8932 8.72222 0 0 0 0 140.952 199.758 400.901 302.782 800.691 1843.12 2630.63 3154.68 3220.78 3026.69 3374.7 3786.74 4333.46 5348.5 6308.5 7268.2 8198.71 8959.33 8979.63 8696.84 8439.91 8542.67 8876.41 8708.09 7944.59 6843.93 5895.53 5051.99 4384.5 3767.75 3306.66 2682.58 1825.21
744.804 1665.7 2605.62 3553.61 4471.84 5493.9 6204.41 6859.45 7598.36 8141.81 8145.93 7961.89 7718.31 7484.05 7401.21 6825.19 6304.46 5811.47 5413.7 5016.05 4643.26 4825.51 5223.16 5620.8 6022.45 6492.96 6220.6 5302.54 4342.57 3277.43 2583.06 1894.64 1024.42 331.724 191.777 61.6492 1.4375 0 3.74632 25.8548 68.5428 29.2023 51.3733 57.5819 9.02925 88.2081 335.924 746.458 1337.99 2331.64 3259.51 4084.13 4318.51 4146.69 4494.63 4892.28 5290.51 5917.38 6779.07 7719.86 8625.65 9525.51 9792.41 9702.11 9516.52 9352.91 9080.77 8417.9 7498.7 6379.97 5419.97 4460.41 3590.14 2800.58 2275.68 1910.8 1559.1
1434.89 2158.31 2874.97 3611.73 4290.34 4946.06 5516.61 6217.17 6746.02 7181.81 7185.93 7001.89 6758.31 6551.78 6680.35 6147.12 5467.54 4872.92 4453.89 4056.05 3683.26 3865.51 4263.16 4666.81 5165.21 5941.13 6224.24 5676.72 4775.36 3940.7 3246.56 2397.21 1692.12 1118.91 728.374 343.056 187.366 84.6201 126.955 122.985 29.7298 11.2756 175.025 198.821 19.2076 40.2716 219.29 652.991 1374.25 2444.79 3382.65 4335.73 4998.09 5104.41 5454.63 5852.28 6249.92 6719.3 7188.82 7771.17 8327.95 8828.25 9224.95 9592.56 9776.46 9112.21 8328.28 7759.49 7060.26 5982.33 5022.33 4062.33 3102.76 2110.43 1448.38 977.892 752.014
1812.96 2028.66 2449.92 2974.61 3492 4154.74 4867.6 5385.62 5794.29 6221.81 6225.93 6041.89 5798.31 5594.26 5887.76 5613.88 4789.4 4011.17 3517.85 3096.24 2723.26 2905.51 3309.16 3817.16 4495.84 5180.27 5827.14 5978.56 5422.75 4609.55 3754.85 3054.84 2537.29 1990.7 1506.14 1160.74 891.638 623.045 468.139 135.171 10.8088 67.6767 182.013 87.0044 5.40793 0 61.1725 437.527 1239.77 2352.9 3312.9 4272.9 5219.97 5989.4 6414.63 6792.41 7037.41 7152.24 7019.25 7053.4 7404.34 7868.25 8265.9 8663.54 8989.63 8569.91 7759.67 6970.63 6405.72 5574.21 4637.11 3677.11 2717.11 1608.74 778.487 263.776 187.806
1230.01 1158.6 1615.39 2134.36 2676.26 3598.56 4090.97 4436.64 4834.29 5261.81 5265.93 5081.89 4838.31 4634.26 4989.07 5045.14 4324.46 3293.93 2653.53 2157.63 1763.39 1949.51 2449.92 3138.2 3710.68 4507.48 5431.75 6204.64 6067.16 5091.04 4393.63 3898.44 3420.26 2851.05 2434.23 2118.75 1761.99 1043.4 358.607 123.175 350.284 222.475 180.959 92.7538 2.61872 0 37.2583 424.008 1275.76 2393.55 3353.55 4313.55 5273.55 6361.66 7005.74 7022.51 6747.66 6504.05 6148.17 6098.47 6444.34 6908.26 7305.9 7703.55 8031.59 7750.9 7213.63 6399.56 5588.46 4974.69 4401.67 3619.44 2683.97 1565.62 682.922 145.337 49.0956
291.415 352.542 782.489 1232.85 2049.75 2779.92 2997.73 3316.64 3716.5 4179.76 4154.63 3961.89 3718.31 3514.26 3874.63 4129.19 3752.09 2741.52 1847.83 1169.57 688.341 958.475 1658.13 2238.71 2923.56 4010.02 4970.02 5929.2 6410.64 5933.81 5435.73 4941.44 4450.45 3951.44 3550.07 3109.56 2352.57 1298.91 779.905 914.874 1215.3 739.66 243.291 23.4095 34.8163 1.48928 12.1749 371.134 1240.71 2360.71 3320.71 4280.71 5240.71 6252.08 6428.25 6057.47 5663.97 5385.22 5028.17 4978.47 5324.34 5788.26 6186.85 6611.44 6954.69 6641.49 6299.95 5837.02 4965.49 4004.7 3512.74 3080.23 2453.78 1431.52 567.704 79.3354 28.2855
88.281 327.215 374.395 856.751 1419.37 1833.63 2038.13 2359.97 2822.23 3392.71 3199.24 3001.89 2758.31 2554.26 2917.29 3178.25 2955.1 2284.59 1466.11 626.638 123.186 414.328 915.296 1584.99 2496.96 3616.52 4576.48 5517.1 6311.08 6734.63 6455.81 5782.85 5362.93 4887.75 4420.99 3691.63 2795.46 2004.67 1713.91 1865.74 1950.5 1107.82 338.164 79.0938 168.068 93.3645 78.0753 418.28 1266.96 2384.56 3344.56 4298.9 5214.84 5779.27 5495.12 5097.47 4703.97 4425.22 4068.17 4018.47 4364.34 4829.21 5260.75 5831.88 6072.16 5681.49 5383.14 5215.82 4553.92 3461.19 2671.66 2157.15 1845.53 1120.28 434.644 67.4138 0
176.802 450.206 223.085 508.258 585.544 945.49 1082.69 1470.99 2153.58 2608.61 2239.24 2058.33 1805.55 1596.46 2018.53 2276.31 2012.91 1568.96 1138.68 526.853 49.9506 112.501 471.69 1346 2305.42 3411.41 4274.33 5008.5 5785.21 6611.46 6796.43 6443.96 5789.01 5121.84 4653.69 4002.05 3358.64 2864.24 2546.17 2435.84 2086.96 1321.54 702.015 507.409 764.998 671.963 605.525 892.105 1616.26 2681.72 3529.92 4270.33 4964.65 4999.23 4535.45 4137.47 3743.97 3465.22 3108.17 3058.47 3404.34 3896.78 4504.06 5174.54 5168.28 4721.49 4425.33 4392.95 4084.2 3050.37 2107.94 1314.01 993.756 730.544 148.721 5.26777 0
282.843 441.723 248.147 170.451 69.5921 203.917 277.038 809.603 1504.47 1784.25 1312.19 1150.91 982.915 696.504 1365.93 1542.14 1081.83 772.18 449.461 235.404 15.7175 21.8122 356.846 1195.27 2113.78 3090.98 3712.8 4432.88 5194.07 5765.31 6108.5 6063.99 5464.04 4493.6 3937.71 3512.32 3105.95 2776.69 2325.42 1931.16 1471.15 832.079 590.553 718.178 1194.97 1240.52 1189.23 1379.05 1909.21 2568.74 3092.56 3669.85 4399.76 4371.25 3642.24 3177.77 2783.97 2508.93 2148.17 2098.47 2451.95 3127.74 3985.31 4475.96 4226.54 3761.49 3465.33 3450.68 3516 2739.71 1779.71 832.886 268.834 238.538 116.074 0 0
-9999 -9999 -9999 -9999 0 0 34.5711 276.27 581.701 1033.35 482.088 217.083 303.928 239.264 951.215 1122.05 352.601 104.16 68.3878 81.9411 10.8284 2.35355 134.633 729.75 1524.97 2243.88 2972.9 3711.35 4181.51 4647.45 4995.75 5020.89 4859.06 3916.34 3040.54 2441.46 2031.35 1800.18 1385.08 885.985 505.415 140.981 59.9277 212.898 566.537 446.912 433.78 739.658 1128.18 1615.24 2200.58 2960.07 3887.62 3842.5 2929.02 2163.32 1669.82 1473.27 1082.41 1010.39 1543.82 2561.49 3494.5 3740.35 3188.12 2643.4 2345.33 2330.77 2550.95 2662.75 1955.52 1063.81 302.991 25.7013 34.58 0 0
-9999 -9999 -9999 -9999 -9999 0 0 54.5372 142.064 677.703 434.947 5.83333 19.1667 89.379 366.421 -9999 -9999 0 0 0 0 0 27.2316 297.892 793.283 1627.68 2443.19 2875.44 3222.91 3698.2 4055.73 4066.19 4152.28 3516.42 2559.72 1691.76 1096.24 882.817 658.125 225.955 49.4159 0 0 98.9614 150.48 11.199 34.3396 241.389 353.724 847.668 1608.26 2534.07 3418.72 3308.27 2482.7 1572.58 813.889 602.493 394.473 353.13 1081.72 2192.55 3118.67 3295.12 2539.06 1742.05 1388.42 1371 1600.29 2054.95 1874.94 1340.94 718.229 130.895 19.398 0 0
-9999 -9999 -9999 -9999 -9999 0 0 12.5758 32.9297 609.134 865.685 -9999 -9999 -9999 -9999 -9999 -9999 -9999 0 0 0 0 1.25 45.5744 300.392 1191.91 1714.23 1940.43 2276 2777.94 3107.35 3106.37 3261.86 3136.99 2255.3 1298.38 453.411 170.272 131.85 23.5888 0 0 0 1.875 20.7819 0 0.25 14.4246 29.1746 519.369 1397.2 2235.44 2719.69 2543.48 1992.95 1144.53 363.653 89.8327 56.7965 181.106 929.564 1997.63 2708.37 2835.84 2086.94 1052.03 518.544 461.396 742.803 1270.18 1040.93 808.66 511.051 98.7163 2.25 0 0
-9999 -9999 -9999 -9999 -9999 -9999 -9999 -9999 -9999 -9999 -9999 -9999 -9999 -9999 -9999 -9999 -9999 -9999 0 0 0 0 0 3.87316 120.306 638.358 806.311 1000.17 1379.5 1850.2 2147.52 2146.37 2305.13 2674.07 2373.03 1475.06 687.018 79.3492 0.8125 0.25 0 0 0 0 0 0 0 0 4 408.259 1185.23 1727.66 1821.24 1634.19 1405.68 731.692 121.064 8.43382 8.1875 227.703 955.415 1591.32 1926.13 2191.22 1669.04 639.813 94.2752 34.9517 243.373 510.476 214.633 112.888 63.8777 2.35355 0 0 0
