public/models/data/input/map/ntb/1000/mapdcenter.asc
NCOLS 388
NROWS 274
XLLCORNER 370313.940441
YLLCORNER 9267024.452423
CELLSIZE 1000.000000
NODATA_VALUE       -9999
[rows 204 to 237 of 274, columns 77 to 153 of 388]
19788.8 19733.4 19510.4 19067.2 18773.1 18622.4 18713.1 19132.6 19530.3 19927.9 20325.5 20789.4 21187.1 21584.7 21982.4 22505.1 23097.1 -9999 -9999 -9999 -9999 -9999 -9999 -9999 -9999 -9999 -9999 -9999 -9999 -9999 -9999 -9999 -9999 -9999 -9999 -9999 -9999 -9999 -9999 -9999 -9999 -9999 -9999 -9999 -9999 -9999 -9999 -9999 29083.9 29111.5 30699.7 30788.4 30775.8 31860.9 32047.6 32491.9 32889.5 33241.7 32975.3 31928.8 30968.8 30008.8 29048.8 27928.8 26968.8 26008.8 25048.8 23928.8 22968.8 22008.8 21048.8 19928.8 18968.8 18008.8 17048.8 15928.8 14980.6
18828.8 18773.4 18550.4 18107.8 17814.9 17662.4 17753.1 18172.6 18570.3 18967.9 19365.5 19829.4 20227.1 20624.7 21022.4 21344.6 21018.6 -9999 -9999 -9999 -9999 -9999 -9999 -9999 -9999 -9999 -9999 -9999 -9999 -9999 -9999 -9999 -9999 -9999 -9999 -9999 -9999 -9999 -9999 -9999 -9999 -9999 -9999 -9999 -9999 -9999 -9999 -9999 28786.7 28881.3 29279.1 29820.5 29850.6 30645.5 31088.5 31531.9 31929.5 32327.2 32514.8 31672.3 30712.3 29752.3 28792.3 27672.3 26712.3 25752.3 24792.3 23672.3 22712.3 21752.3 20792.3 19672.3 18712.3 17752.3 16792.3 15672.3 14722
17868.8 17813.4 17590.4 17149.6 16884.8 16727 16793.1 17212.6 17610.3 18007.9 18405.5 18869.4 19267.1 19664.7 20062.4 20514.4 20843.8 21062.8 -9999 -9999 -9999 -9999 -9999 -9999 -9999 -9999 -9999 -9999 -9999 -9999 -9999 -9999 -9999 -9999 -9999 -9999 -9999 -9999 -9999 -9999 -9999 -9999 -9999 -9999 -9999 -9999 -9999 27483.4 27689.9 28061.9 28451.1 28903.1 29206.2 29648.2 30110.9 30571.9 30969.5 31367.2 31733.6 31272.2 30314.6 29354.6 28394.6 27274.6 26314.6 25354.6 24394.6 23274.6 22314.6 21354.6 20394.6 19274.6 18314.6 17354.6 16394.6 15274.6 14314.6
16908.8 16853.4 16630.4 16172.1 15763.3 15658 15833.1 16252.6 16650.3 17047.9 17445.5 17909.4 18307.1 18704.7 19102.4 19573.6 19999.2 21062.8 -9999 -9999 -9999 -9999 -9999 -9999 -9999 -9999 -9999 -9999 -9999 -9999 -9999 -9999 -9999 -9999 -9999 -9999 -9999 -9999 -9999 -9999 -9999 -9999 -9999 -9999 24862.4 24964.3 25385.2 26888.1 26907.9 27110.7 27491.1 27953.7 28342.1 28743.8 29148 29611.9 30009.5 30407.2 30804.4 30934.5 30213.7 29255.2 28295.2 27175.2 26215.2 25255.2 24295.2 23175.2 22215.2 21255.2 20295.2 19175.2 18215.2 17255.2 16295.2 15175.2 14215.2
15788.8 15733.4 15510.4 15048.6 14663.4 14568.6 14713.1 15132.6 15530.3 15927.9 16325.5 16789.4 17187.1 17584.7 17987.3 18423 -9999 -9999 -9999 -9999 -9999 -9999 -9999 -9999 -9999 -9999 -9999 -9999 -9999 -9999 -9999 -9999 -9999 -9999 -9999 -9999 -9999 -9999 25437.6 25166.6 24774.5 24256.4 23862.2 23666.7 23883.7 24297.7 24706 25176.9 25571 25972.4 26371.1 26835 27232.7 27630.3 28028 28491.9 28889.5 29287.2 29684.8 30137.1 30238.8 29629.9 28701 27581.1 26621.1 25661.1 24701.1 23581.1 22621.1 21661.1 20701.1 19581.1 18621.1 17661.1 16701.1 15581.1 14621.1
14828.8 14773.4 14550.4 14088.6 13703.4 13608.6 13753.1 14172.6 14570.3 14967.9 15365.5 15829.5 16227.1 16624.7 17013.8 17884.7 -9999 -9999 -9999 -9999 -9999 -9999 -9999 -9999 -9999 -9999 -9999 -9999 -9999 -9999 -9999 -9999 -9999 -9999 -9999 25734.8 25670.8 24942.1 25187.3 24890.2 24495.8 24025.9 23630.4 23242.9 23086.7 23356.6 23754.3 24218.2 24615.8 25013.5 25411.1 25875 26272.7 26670.3 27068 27531.9 27929.5 28327.2 28724.8 29188.8 29568.9 29648.9 29067.5 27978.8 27018.8 26058.8 25098.8 23978.8 23018.8 22058.8 21098.8 19978.8 19018.8 18058.8 17098.8 15978.8 15018.8
13868.8 13813.4 13590.4 13128.6 12743.4 12648.6 12793.1 13212.6 13610.3 14007.9 14405.5 14869.5 15267.1 15664.7 16039.1 15814 -9999 -9999 -9999 -9999 -9999 -9999 -9999 -9999 -9999 -9999 -9999 -9999 -9999 -9999 -9999 -9999 -9999 -9999 25566.5 25480.6 25111.2 24610.8 24434.1 23995.5 23597.8 23200.2 22802.6 22340.7 22129.5 22396.6 22794.3 23258.2 23655.8 24053.5 24451.1 24915 25312.7 25710.3 26108 26571.9 26969.5 27367.2 27764.8 28228.8 28626.4 29006.5 29114.1 28375 27416.4 26456.4 25496.4 24376.4 23416.4 22456.4 21496.4 20376.4 19416.4 18456.4 17496.4 16376.4 15416.4
12908.8 12853.4 12630.4 12168.6 11783.4 11688.6 11833.1 12252.6 12650.3 13047.9 13445.5 13909.5 14307.1 14704.7 15102.4 15318.9 -9999 -9999 -9999 -9999 -9999 -9999 -9999 -9999 -9999 -9999 -9999 -9999 -9999 -9999 -9999 -9999 -9999 -9999 25069.6 24688.1 24285.2 23885.3 23498 23035.5 22637.8 22240.2 21842.6 21380.7 21169.5 21436.6 21834.3 22298.2 22695.8 23093.5 23491.1 23955 24352.7 24750.3 25148 25611.9 26009.5 26407.2 26804.8 27268.8 27666.4 28064.1 28450 28533.7 27812.6 26854.1 25894.1 24774.1 23814.1 22854.1 21894.1 20774.1 19814.1 18854.1 17894.1 16774.1 15814.1
11788.8 11733.4 11510.4 11048.6 10663.4 10568.6 10713.1 11132.6 11530.3 11927.9 12325.5 12789.5 13187.1 13584.7 13982.4 14442.4 14667.1 -9999 -9999 -9999 -9999 -9999 -9999 -9999 -9999 -9999 -9999 -9999 -9999 -9999 -9999 -9999 -9999 24033.4 23813.5 23572.3 23174.7 22777 22379.4 21915.5 21517.8 21120.2 20722.6 20260.7 20049.5 20316.6 20714.3 21178.2 21575.8 21973.5 22371.1 22835 23232.7 23630.3 24028 24491.9 24889.5 25287.2 25684.8 26148.8 26546.4 26944.1 27341.7 27811.2 27965.9 27314.3 26358 25238 24278 23318 22358 21238 20278 19318 18358 17238 16278
10828.8 10773.4 10550.4 10088.6 9703.38 9608.58 9753.08 10172.6 10570.3 10967.9 11365.5 11829.5 12227.1 12624.8 13036.9 13630.1 14276.4 -9999 -9999 -9999 -9999 -9999 -9999 -9999 -9999 -9999 -9999 -9999 -9999 -9999 -9999 -9999 22839.2 23218.2 23036 22612.3 22214.7 21817 21419.4 20955.5 20557.8 20160.2 19762.6 19300.7 19089.5 19356.6 19754.3 20218.2 20615.8 21013.5 21411.1 21875 22272.7 22670.3 23068 23531.9 23929.5 24327.2 24724.8 25188.8 25586.4 25984.1 26387.6 27045.8 27771.3 27652.7 26755.6 25635.6 24675.6 23715.6 22755.6 21635.6 20675.6 19715.6 18755.6 17635.6 16675.6
9868.82 9813.45 9590.38 9128.6 8743.38 8648.58 8793.08 9212.62 9610.26 10007.9 10405.5 10869.5 11267.1 11681.3 12217.5 13176.8 -9999 -9999 -9999 -9999 -9999 -9999 -9999 -9999 -9999 -9999 -9999 -9999 -9999 -9999 22947.9 22702.4 22519.7 22416.2 22035.9 21652.3 21254.7 20857 20459.4 19995.5 19597.8 19200.2 18802.6 18340.7 18129.5 18396.6 18794.3 19258.2 19655.8 20053.5 20451.1 20915 21312.7 21710.3 22108 22571.9 22969.5 23367.2 23764.8 24228.8 24626.4 25030.7 25572.1 26554.6 27493.3 27850 27152.2 26033.3 25073.3 24113.3 23153.3 22033.3 21073.3 20113.3 19153.3 18033.3 17073.3
8908.82 8853.45 8630.39 8168.6 7783.38 7688.58 7833.08 8252.62 8650.26 9047.91 9445.55 9909.47 10321.8 10832.8 11499 -9999 -9999 -9999 -9999 -9999 -9999 -9999 -9999 -9999 -9999 -9999 -9999 -9999 -9999 22680.1 22652.4 22291.8 21920.1 21549.4 21147.6 20692.3 20294.7 19897 19499.4 19035.5 18637.8 18240.2 17842.6 17380.7 17169.5 17436.6 17834.3 18298.2 18695.8 19093.5 19491.1 19955 20352.7 20750.3 21148 21611.9 22009.5 22407.2 22804.8 23268.8 23672.3 24214.5 25044.7 26155.8 27115.6 27867.2 27522.4 26430.9 25470.9 24510.9 23550.9 22430.9 21470.9 20510.9 19550.9 18430.9 17470.9
7788.82 7733.45 7510.39 7048.6 6663.38 6568.58 6713.08 7132.62 7530.27 7927.91 8325.55 8811.35 9363.03 9770.49 -9999 -9999 -9999 -9999 -9999 -9999 -9999 -9999 -9999 -9999 -9999 -9999 -9999 -9999 22132.1 22027.9 21693.2 21229.2 20831.5 20433.9 20036.3 19572.3 19174.7 18777 18379.4 17915.5 17517.8 17120.2 16722.6 16260.7 16049.5 16316.6 16714.3 17178.2 17575.8 17973.5 18371.1 18835 19232.7 19630.3 20028 20491.9 20889.5 21287.2 21684.8 22166.5 22746.6 23613 24571.8 25691.8 26651.8 27600.5 27854.5 26894.8 25934.8 24974.8 24014.8 22894.8 21934.8 20974.8 20014.8 18894.8 17934.8
6828.82 6773.45 6550.39 6088.6 5703.38 5608.58 5753.08 6172.62 6570.27 6967.91 7365.56 7851.88 8619.6 -9999 -9999 -9999 -9999 -9999 -9999 -9999 -9999 -9999 -9999 -9999 -9999 -9999 -9999 -9999 21417 21201.9 20745.5 20269.2 19871.5 19473.9 19076.3 18612.3 18214.7 17817 17419.4 16955.5 16557.8 16160.2 15762.6 15300.7 15089.5 15356.6 15754.3 16218.2 16615.8 17013.5 17411.1 17875 18272.7 18670.3 19068 19531.9 19929.5 20327.2 20730.7 21388.9 22255.5 23214.2 24174.2 25294.2 26254.2 27214.2 27945.2 27292.5 26332.5 25372.5 24412.5 23292.5 22332.5 21372.5 20412.5 19292.5 18332.5
5868.82 5813.45 5590.39 5128.6 4743.38 4648.58 4793.08 5212.62 5610.27 6007.91 6442.46 6882.49 -9999 -9999 -9999 -9999 -9999 -9999 -9999 -9999 -9999 -9999 -9999 -9999 -9999 -9999 -9999 21582.5 21346.6 20723.3 19927.3 19309.6 18911.5 18513.9 18116.3 17652.3 17254.7 16857 16459.4 15995.5 15597.8 15200.2 14802.6 14340.7 14129.5 14396.6 14794.3 15258.2 15655.8 16053.5 16451.1 16915 17312.7 17710.3 18108 18571.9 18969.5 19373.8 19915.2 20897.7 21856.6 22816.6 23776.6 24896.6 25856.6 26816.6 27749.7 27680.6 26730.1 25770.1 24810.1 23690.1 22730.1 21770.1 20810.1 19690.1 18730.1
4908.82 4864.52 4634.08 4168.6 3783.38 3688.58 3833.08 4252.62 4650.27 5084.81 5756.92 6452.24 -9999 -9999 -9999 -9999 -9999 -9999 -9999 -9999 -9999 -9999 -9999 -9999 -9999 -9999 -9999 21862.5 21265.4 20357.1 19404 18445 17952 17553.9 17156.3 16692.3 16294.7 15897 15499.4 15035.5 14637.8 14240.2 13842.6 13380.7 13169.5 13436.6 13834.3 14298.2 14695.8 15093.5 15491.1 15955 16352.7 16750.3 17148 17611.9 18015.4 18557.6 19387.8 20498.9 21458.9 22418.9 23378.9 24498.9 25458.9 26418.9 27378.9 27936.4 27127.8 26167.8 25207.8 24087.8 23127.8 22167.8 21207.8 20087.8 19130.7
3788.82 3840.47 3667.15 3060.9 2663.38 2568.58 2713.08 3135.7 3601.58 4324.22 5174.79 -9999 -9999 -9999 -9999 -9999 -9999 -9999 -9999 -9999 -9999 -9999 -9999 -9999 -9999 -9999 -9999 21637.7 20855 19895 18935 17820.1 16985.7 16446.2 16036.3 15572.3 15174.7 14777 14379.4 13915.5 13517.8 13120.2 12722.6 12260.7 12049.5 12316.6 12714.3 13178.2 13575.8 13973.5 14371.1 14835 15232.7 15630.3 16028 16509.6 17089.7 17956.1 18915 20035 20995 21955 22915 24035 24995 25955 26915 27870.3 27577.6 26631.7 25671.7 24551.7 23591.7 22631.7 21671.7 20564.4 19759.4
2828.82 2903.38 3050.34 2281.62 1721.83 1608.8 1753.15 2243.94 2972.33 3859.41 4730.32 -9999 -9999 -9999 -9999 -9999 -9999 -9999 -9999 -9999 -9999 -9999 -9999 -9999 -9999 -9999 21725 21291.4 20457.3 19497.3 18537.3 17417.3 16465 15639.6 15088.6 14612.3 14214.7 13817.1 13419.4 12955.5 12557.8 12160.2 11762.6 11300.7 11089.5 11356.6 11754.3 12218.2 12615.8 13013.5 13411.1 13875 14272.7 14670.3 15073.8 15732.1 16598.6 17557.3 18517.3 19637.3 20597.3 21557.3 22517.3 23637.3 24597.3 25557.3 26517.3 27591.8 27833.7 27029.3 26069.3 24949.3 23989.3 23029.3 22072.3 21117.1 20601.9
1868.82 1946.68 2377.67 1809.47 972.025 725.669 845.58 1612.13 2513.08 3292.57 3877.81 -9999 -9999 -9999 -9999 -9999 -9999 -9999 -9999 -9999 -9999 -9999 -9999 -9999 -9999 -9999 21640.5 21006.4 20059.7 19099.7 18139.7 17019.7 16059.7 15107.4 14270.4 13652.8 13254.7 12857.1 12459.4 11995.5 11597.8 11200.2 10802.6 10340.7 10129.5 10396.6 10794.3 11258.2 11655.8 12053.5 12451.1 12915 13312.7 13716.9 14258.4 15240.9 16199.7 17159.7 18119.7 19239.7 20199.7 21159.7 22119.7 23239.7 24199.7 25159.7 26119.7 27235.4 27869 27418.1 26467 25347 24387 23430.3 22587.9 21959.1 21558.6
964.472 1104.27 1883.98 1822.19 987.757 654.087 633.597 1470.95 2226.92 2503.87 -9999 -9999 -9999 -9999 -9999 -9999 -9999 -9999 -9999 -9999 -9999 -9999 -9999 -9999 -9999 22046 21596 20622 19662 18702 17742 16622 15662 14702 13747.2 12788.1 12295.1 11897.1 11499.4 11035.5 10637.9 10240.2 9842.56 9380.72 9169.47 9436.64 9834.28 10298.2 10695.8 11093.5 11491.1 11955 12358.5 12900.7 13731 14842 15802 16762 17722 18842 19802 20762 21722 22842 23802 24762 25722 26842 27713.6 27727.2 26864.6 25744.6 24787.6 23945.5 23392.8 22916.2 22518.6
754.401 913.971 1772.51 2324.53 1885.14 1638.58 1554.51 1685.72 -9999 -9999 -9999 -9999 -9999 -9999 -9999 -9999 -9999 -9999 -9999 -9999 -9999 -9999 -9999 -9999 22715.7 22174.1 21290.8 20177 19198.1 18238.1 17278.1 16158.1 15198.1 14238.1 13278.1 12163.3 11328.8 10789.4 10379.5 9915.5 9517.86 9120.21 8722.57 8260.72 8049.47 8316.64 8714.28 9178.2 9575.85 9973.49 10371.1 10852.8 11432.9 12299.3 13258.1 14378.1 15338.1 16298.1 17258.1 18378.1 19338.1 20298.1 21258.1 22378.1 23338.1 24298.1 25258.1 26378.1 27336.8 27885.6 27321.4 26221.2 25416.3 24900.7 24500.1 24036.2 23638.6
1572.12 1661.83 2247.98 3009.11 2843.28 2598.58 2455.91 2031.37 -9999 -9999 -9999 -9999 -9999 -9999 -9999 -9999 -9999 -9999 -9999 -9999 -9999 -9999 -9999 -9999 -9999 21558.8 21090.6 19657.7 18797.4 17840.5 16880.5 15760.5 14800.5 13840.5 12880.5 11760.5 10808.2 9982.73 9431.76 8955.5 8557.86 8160.21 7762.57 7300.72 7089.47 7356.64 7754.28 8218.2 8615.85 9013.49 9416.99 10075.2 10941.8 11900.5 12860.5 13980.5 14940.5 15900.5 16860.5 17980.5 18940.5 19900.5 20860.5 21980.5 22940.5 23900.5 24860.5 25980.5 26940.5 27794.3 27664.6 26774 26258.7 25857.8 25460.1 24996.2 24598.6
2470.22 2587.1 2990.53 3636.16 3779.87 3558.58 3350.37 -9999 -9999 -9999 -9999 -9999 -9999 -9999 -9999 -9999 -9999 -9999 -9999 -9999 -9999 -9999 -9999 -9999 -9999 -9999 -9999 19087.5 18387.9 17442.8 16482.8 15362.8 14402.8 13442.8 12482.8 11362.8 10402.8 9450.54 8613.56 7995.94 7597.86 7200.21 6802.57 6340.72 6129.47 6396.64 6794.29 7258.2 7655.85 8060.08 8601.54 9584.02 10542.8 11502.8 12462.8 13582.8 14542.8 15502.8 16462.8 17582.8 18542.8 19502.8 20462.8 21582.8 22542.8 23502.8 24462.8 25582.8 26542.8 27495.4 27995.1 27616 27215.4 26817.8 26420.1 25956.2 25558.6
2401.12 2673.7 3139.76 4030.38 4562.47 4565.08 4132.53 -9999 -9999 -9999 -9999 -9999 -9999 -9999 -9999 -9999 -9999 -9999 -9999 -9999 -9999 -9999 -9999 -9999 -9999 -9999 -9999 18626.5 17931.3 17045.2 16085.2 14965.2 14005.2 13045.2 12085.2 10965.2 10005.2 9045.21 8090.34 7131.28 6638.3 6240.21 5842.57 5380.72 5169.47 5436.64 5834.29 6298.2 6701.71 7243.9 8074.14 9185.21 10145.2 11105.2 12065.2 13185.2 14145.2 15105.2 16065.2 17185.2 18145.2 19105.2 20065.2 21185.2 22145.2 23105.2 24065.2 25185.2 26145.2 27105.2 28021.7 28497.7 28175.4 27777.8 27380.1 26916.2 26518.6
1363.5 1782.83 2591.12 3702.91 4635.34 5236.46 5371.87 -9999 -9999 -9999 -9999 -9999 -9999 -9999 -9999 -9999 -9999 -9999 -9999 -9999 -9999 -9999 -9999 -9999 -9999 -9999 -9999 17693.5 17401.8 16577.5 15621.3 14501.3 13541.3 12581.3 11621.3 10501.3 9541.29 8581.29 7621.29 6506.42 5672 5132.55 4722.61 4260.72 4049.47 4316.64 4714.29 5195.92 5776.04 6642.46 7601.29 8721.29 9681.29 10641.3 11601.3 12721.3 13681.3 14641.3 15601.3 16721.3 17681.3 18641.3 19601.3 20721.3 21681.3 22641.3 23601.3 24721.3 25681.3 26641.3 27601.3 28676.7 29112.8 28888.4 28500.1 28036.2 27638.6
680.865 1326.02 2272.25 3377.53 4190.59 4770.42 -9999 -9999 -9999 -9999 -9999 -9999 -9999 -9999 -9999 -9999 -9999 -9999 -9999 -9999 -9999 -9999 -9999 -9999 -9999 -9999 -9999 -9999 16517.6 16125.2 15223.6 14103.6 13143.6 12183.6 11223.6 10103.6 9143.64 8183.65 7223.65 6103.65 5151.33 4325.88 3774.91 3300.72 3089.47 3356.64 3760.14 4418.4 5284.96 6243.65 7203.65 8323.65 9283.64 10243.6 11203.6 12323.6 13283.6 14243.6 15203.6 16323.6 17283.6 18243.6 19203.6 20323.6 21283.6 22243.6 23203.6 24323.6 25283.6 26243.6 27203.6 28323.6 29216.9 29645.7 29450.7 28996.2 28598.6
953.406 1499.71 2397.62 3406.71 3785.93 -9999 -9999 -9999 -9999 -9999 -9999 -9999 -9999 -9999 -9999 -9999 -9999 -9999 -9999 -9999 -9999 -9999 -9999 -9999 -9999 -9999 -9999 17448.8 16042.9 15696.7 14826 13706 12746 11786 10826 9706 8746 7786 6826 5706 4746 3793.69 2956.7 2341.16 2129.47 2403.23 2944.69 3927.17 4886 5846 6806 7926 8886 9846 10806 11926 12886 13846 14806 15926 16886 17846 18806 19926 20886 21846 22806 23926 24886 25846 26806 27926 28885.9 29779.3 30237.5 29956 29537
1854.35 2192.4 2835.2 3594.94 3789.95 -9999 -9999 -9999 -9999 -9999 -9999 -9999 -9999 -9999 -9999 -9999 -9999 -9999 -9999 -9999 -9999 -9999 -9999 -9999 -9999 -9999 17955.6 17232.7 16254.4 15374.3 14428.4 13308.4 12348.4 11388.4 10428.4 9308.35 8348.35 7388.36 6428.36 5308.36 4348.36 3388.36 2433.48 1476.5 1175.77 1587.04 2417.29 3528.36 4488.36 5448.36 6408.36 7528.36 8488.35 9448.35 10408.4 11528.4 12488.4 13448.4 14408.4 15528.4 16488.4 17448.4 18408.4 19528.4 20488.4 21448.4 22408.4 23528.4 24488.4 25448.4 26408.4 27528.4 28488.4 29448.3 30363.8 30680 29940.8
2973.61 3278.06 3680.31 4095.55 -9999 -9999 -9999 -9999 -9999 -9999 -9999 -9999 -9999 -9999 -9999 -9999 -9999 -9999 -9999 -9999 -9999 -9999 -9999 -9999 -9999 -9999 17677.1 17034.7 16016.1 15116.5 14144.5 13018.4 12058.4 11098.4 10138.4 9018.41 8058.41 7098.41 6138.41 5018.41 4058.41 3098.41 2138.41 1043.32 577.769 1171.92 2118.44 3238.41 4198.41 5158.41 6118.41 7238.41 8198.41 9158.41 10118.4 11238.4 12198.4 13158.4 14118.4 15238.4 16198.4 17158.4 18118.4 19238.4 20198.4 21158.4 22118.4 23238.4 24198.4 25158.4 26118.4 27238.4 28198.4 29158.4 30117.3 30474.5 29571.4
3933.61 4236.18 4539.14 4429.32 -9999 -9999 -9999 -9999 -9999 -9999 -9999 -9999 -9999 -9999 -9999 -9999 -9999 -9999 -9999 -9999 -9999 -9999 -9999 -9999 -9999 -9999 -9999 17219.6 16055.8 15470.4 14472.1 13333.2 12373.2 11413.2 10453.2 9333.21 8373.21 7413.21 6453.21 5333.21 4373.21 3413.21 2459.07 1535.47 1238.48 1638.88 2445.55 3553.21 4513.21 5473.21 6433.21 7553.21 8513.21 9473.21 10433.2 11553.2 12513.2 13473.2 14433.2 15553.2 16513.2 17473.2 18433.2 19553.2 20513.2 21473.2 22433.2 23553.2 24513.2 25473.2 26433.2 27553.2 28513.2 29473.2 30378 30132.1 29173.8
4893.61 5143.63 5027.01 -9999 -9999 -9999 -9999 -9999 -9999 -9999 -9999 -9999 -9999 -9999 -9999 -9999 -9999 -9999 -9999 -9999 -9999 -9999 -9999 -9999 -9999 -9999 -9999 16970.9 16614.6 15813.8 14851.4 13730.8 12770.8 11810.8 10850.8 9730.85 8770.85 7810.85 6850.85 5730.85 4770.85 3817.44 3001.25 2401.89 2189.47 2464.33 2984.99 3951.29 4910.85 5870.85 6830.85 7950.85 8910.85 9870.85 10830.8 11950.8 12910.8 13870.8 14830.8 15950.8 16910.8 17870.8 18830.8 19950.8 20910.8 21870.8 22830.8 23950.8 24910.8 25870.8 26830.8 27950.8 28910.8 29870.9 30632.9 29959.8 28999.8
5727.8 5707.77 5504.65 -9999 -9999 -9999 -9999 -9999 -9999 -9999 -9999 -9999 -9999 -9999 -9999 -9999 -9999 -9999 -9999 -9999 -9999 -9999 -9999 -9999 -9999 -9999 -9999 17219 17031.2 16126 15204.6 14093.2 13168.5 12208.5 11248.5 10128.5 9168.5 8208.5 7248.5 6128.5 5174.36 4358.9 3831.5 3360.72 3149.47 3416.64 3819.41 4444.28 5308.94 6268.5 7228.5 8348.5 9308.5 10268.5 11228.5 12348.5 13308.5 14268.5 15228.5 16348.5 17308.5 18268.5 19228.5 20348.5 21308.5 22268.5 23228.5 24348.5 25308.5 26268.5 27228.5 28348.5 29308.5 30268.5 30985 30241.5 29281.5
6929.11 -9999 -9999 -9999 -9999 -9999 -9999 -9999 -9999 -9999 -9999 -9999 -9999 -9999 -9999 -9999 -9999 -9999 -9999 -9999 -9999 -9999 -9999 -9999 -9999 -9999 -9999 17441.2 17448.9 17460.6 -9999 14363.8 13621.7 12672.4 11712.4 10592.4 9632.41 8672.42 7712.42 6610.14 5832.61 5341.39 4942.57 4480.72 4269.47 4536.64 4934.29 5403.33 5926.55 6744.76 7692.46 8812.42 9772.41 10732.4 11692.4 12812.4 13772.4 14732.4 15692.4 16812.4 17772.4 18732.4 19692.4 20812.4 21772.4 22732.4 23692.4 24812.4 25772.4 26732.4 27692.4 28812.4 29772.4 30732.4 31448.9 30705.4 29745.4
-9999 -9999 -9999 -9999 -9999 -9999 -9999 -9999 -9999 -9999 -9999 -9999 -9999 -9999 -9999 -9999 -9999 -9999 -9999 -9999 -9999 -9999 -9999 -9999 -9999 -9999 -9999 -9999 -9999 -9999 -9999 14787.5 14097.5 13070 12110.1 10990.1 10030.1 9070.06 8115.92 7190.26 6699.18 6300.21 5902.57 5440.72 5229.47 5496.64 5894.29 6358.2 6763.54 7295.73 8102.4 9210.06 10170.1 11130.1 12090.1 13210 14170 15130 16090 17210 18170 19130 20090 21210 22170 23130 24090 25210 26170 27130 28090 29210 30170 31130 31846.6 31103.1 30143
