public/models/data/input/map/ntb/1000/mapdplant.asc
NCOLS 388
NROWS 274
XLLCORNER 370313.940441
YLLCORNER 9267024.452423
CELLSIZE 1000.000000
NODATA_VALUE       -9999
[rows 204 to 237 of 274, columns 0 to 76 of 388]
-9999 -9999 -9999 -9999 -9999 -9999 -9999 -9999 -9999 -9999 -9999 -9999 -9999 -9999 -9999 -9999 -9999 -9999 -9999 -9999 -9999 -9999 -9999 35208.4 34359.9 33399.9 32439.9 31479.9 30359.9 29399.9 28439.9 27479.9 26359.9 25399.9 24439.9 23479.9 22359.9 21399.9 20439.9 19479.9 18359.9 17399.9 16439.9 15479.9 14359.9 13399.9 12439.9 11479.9 10359.9 9399.87 8439.87 7479.87 6365 5530.57 4991.13 4581.18 4121.37 3930.83 4216.64 4614.29 5102.55 5711.88 6600.16 7559.87 8679.87 9639.87 10599.9 11559.9 12679.9 13639.9 14599.9 15559.9 16679.9 17639.9 18599.9 19559.9 20679.9
-9999 -9999 -9999 -9999 -9999 -9999 -9999 -9999 -9999 -9999 -9999 -9999 -9999 -9999 -9999 -9999 -9999 -9999 -9999 -9999 -9999 -9999 -9999 34711.4 33981.6 33002.1 32042.2 31082.2 29962.2 29002.2 28042.2 27082.2 25962.2 25002.2 24042.2 23082.2 21962.2 21002.2 20042.2 19082.2 17962.2 17002.2 16042.2 15082.2 13962.2 13002.2 12042.2 11082.2 9962.22 9002.22 8042.22 7082.23 5962.23 5009.91 4184.46 3633.49 3161.37 2970.83 3256.64 3664.54 4354.24 5242.55 6202.22 7162.22 8282.22 9242.22 10202.2 11162.2 12282.2 13242.2 14202.2 15162.2 16282.2 17243.8 18216 19169.6 20282.2
-9999 -9999 -9999 -9999 -9999 -9999 -9999 -9999 -9999 -9999 -9999 -9999 -9999 -9999 -9999 -9999 -9999 -9999 -9999 -9999 -9999 -9999 -9999 34601.2 33710.2 32546.3 31642.6 30684.6 29564.6 28604.6 27644.6 26684.6 25564.6 24604.6 23644.6 22684.6 21564.6 20604.6 19644.6 18684.6 17564.6 16604.6 15644.6 14684.6 13564.6 12604.6 11644.6 10684.6 9564.58 8604.58 7644.58 6684.58 5564.58 4604.58 3652.27 2815.28 2201.81 2010.83 2308.17 2877.53 3884.87 4844.58 5804.58 6764.58 7884.58 8844.58 9804.57 10764.6 11884.6 12844.6 13804.6 14764.6 15884.6 16824.4 17848.6 18791 19884.6
-9999 -9999 -9999 -9999 -9999 -9999 -9999 -9999 -9999 -9999 -9999 -9999 -9999 -9999 -9999 -9999 -9999 -9999 -9999 -9999 -9999 -9999 -9999 -9999 33642.4 31878.2 31216.5 30286.9 29166.9 28206.9 27246.9 26286.9 25166.9 24206.9 23246.9 22286.9 21166.9 20206.9 19246.9 18286.9 17166.9 16206.9 15246.9 14286.9 13166.9 12206.9 11246.9 10286.9 9166.93 8206.93 7246.93 6286.93 5166.93 4206.93 3246.93 2292.06 1337.15 1061.52 1519.88 2373.2 3486.93 4446.93 5406.93 6366.93 7486.93 8446.93 9406.93 10366.9 11486.9 12446.9 13406.9 14366.9 15486.9 16439.4 17416.7 18373.3 19486.9
-9999 -9999 -9999 -9999 -9999 -9999 -9999 -9999 -9999 -9999 -9999 -9999 -9999 -9999 -9999 -9999 -9999 -9999 -9999 -9999 -9999 -9999 -9999 -9999 -9999 -9999 30478.2 29907.3 28804.6 27844.6 26884.6 25924.6 24804.6 23844.6 22884.6 21924.6 20804.6 19844.6 18884.6 17924.6 16804.6 15844.6 14884.6 13924.6 12804.6 11844.6 10884.6 9924.56 8804.56 7844.56 6884.56 5924.56 4804.56 3844.56 2884.56 1924.56 835.244 465.569 1171.38 2126.75 3246.69 4206.69 5166.69 6126.69 7246.69 8206.69 9166.69 10126.7 11246.7 12206.7 13166.7 14126.7 15246.7 16206.7 17166.7 18126.7 19246.7
-9999 -9999 -9999 -9999 -9999 -9999 -9999 -9999 -9999 -9999 -9999 -9999 -9999 -9999 -9999 -9999 -9999 -9999 -9999 -9999 -9999 -9999 -9999 -9999 -9999 -9999 30473.4 30069.8 29008.9 28048.9 27088.9 26128.9 25008.9 24048.9 23088.9 22128.9 21008.9 20048.9 19088.9 18128.9 17008.9 16048.9 15088.9 14128.9 13008.9 12048.9 11088.9 10128.9 9008.94 8048.94 7088.94 6128.94 5008.94 4048.94 3088.94 2131.87 1189.56 993.808 1585.67 2431.62 3667.08 4701.03 5549.01 6474.63 7594.63 8554.63 9514.63 10474.6 11594.6 12554.6 13514.6 14474.6 15594.6 16554.6 17514.6 18474.6 19594.6
-9999 -9999 -9999 -9999 -9999 -9999 -9999 -9999 -9999 -9999 -9999 -9999 -9999 -9999 -9999 -9999 -9999 -9999 -9999 -9999 -9999 -9999 -9999 -9999 -9999 -9999 30729.6 30439.2 29406.6 28446.6 27486.6 26526.6 25406.6 24446.6 23486.6 22526.6 21406.6 20446.6 19486.6 18526.6 17406.6 16446.6 15486.6 14526.6 13406.6 12446.6 11486.6 10526.6 9406.58 8446.59 7486.59 6526.59 5406.59 4446.59 3489.88 2647.48 2031.16 1904.56 2299.12 2606.38 4624.4 5985.68 6132.09 6881.5 7992.27 8952.27 9912.27 10872.3 11992.3 12952.3 13912.3 14872.3 15992.3 16952.3 17912.3 18872.3 19992.3
-9999 -9999 -9999 -9999 -9999 -9999 -9999 -9999 -9999 -9999 -9999 -9999 -9999 -9999 -9999 -9999 -9999 -9999 -9999 -9999 -9999 -9999 -9999 -9999 -9999 -9999 30804.2 30765 29804.2 28844.2 27884.2 26924.2 25804.2 24844.2 23884.2 22924.2 21804.2 20844.2 19884.2 18924.2 17804.2 16844.2 15884.2 14924.2 13804.2 12844.2 11884.2 10924.2 9804.23 8844.23 7884.23 6924.23 5804.23 4847.16 4005.13 3452.39 2988.23 2863.97 3135.94 3226.13 7568.33 7023.36 6929.74 7397.18 8389.92 9349.92 10309.9 11269.9 12389.9 13349.9 14309.9 15269.9 16389.9 17349.9 18309.9 19269.9 20389.9
-9999 -9999 -9999 -9999 -9999 -9999 -9999 -9999 -9999 -9999 -9999 -9999 -9999 -9999 -9999 -9999 -9999 -9999 -9999 -9999 -9999 -9999 -9999 -9999 -9999 -9999 -9999 31165.1 30268.1 29308.1 28348.1 27388.1 26268.1 25308.1 24348.1 23388.1 22268.1 21308.1 20348.1 19388.1 18268.1 17308.1 16348.1 15388.1 14268.1 13308.1 12348.1 11388.1 10268.1 9308.15 8348.15 7388.15 6280.82 5475.91 4960.3 4559.73 4118.13 3949.26 3959.64 9382.14 8447.46 8058.55 8033.7 8389.92 8981.1 9823.06 10773.8 11733.8 12853.8 13813.8 14773.8 15733.8 16853.8 17813.8 18773.8 19733.8 20853.8
-9999 -9999 -9999 -9999 -9999 -9999 -9999 -9999 -9999 -9999 -9999 -9999 -9999 -9999 -9999 -9999 -9999 -9999 -9999 -9999 -9999 -9999 -9999 -9999 -9999 -9999 -9999 31496.8 30665.8 29705.8 28745.8 27785.8 26665.8 25705.8 24745.8 23785.8 22665.8 21705.8 20745.8 19785.8 18665.8 17705.8 16745.8 15785.8 14665.8 13705.8 12745.8 11785.8 10665.8 9705.79 8745.8 7788.73 6833.55 6318.31 5917.37 5519.73 5069.62 4981.18 6294.49 9142.49 9267.76 9017.58 8993.69 9349.92 9823.06 10363.9 11183.8 12131.5 13251.5 14211.5 15171.5 16131.5 17251.5 18211.5 19171.5 20131.5 21251.5
-9999 -9999 -9999 -9999 -9999 -9999 -9999 -9999 -9999 -9999 -9999 -9999 -9999 -9999 -9999 -9999 -9999 -9999 -9999 -9999 -9999 -9999 -9999 -9999 -9999 -9999 -9999 31961.7 31063.4 30103.4 29143.4 28183.4 27063.4 26103.4 25143.4 24183.4 23063.4 22103.4 21143.4 20183.4 19063.4 18103.4 17143.4 16183.4 15063.4 14103.4 13143.4 12183.4 11063.4 10103.4 9146.74 8304.34 7675.59 7275.02 6877.37 6479.73 6030.09 5963.68 7225.65 8549.78 9489.67 9840.53 9953.19 10309.9 10773.8 11183.8 11721.6 12538.3 13649.1 14609.1 15569.1 16529.1 17649.1 18609.1 19569.1 20529.1 21649.1
-9999 -9999 -9999 -9999 -9999 -9999 -9999 -9999 -9999 -9999 -9999 -9999 -9999 -9999 -9999 -9999 -9999 -9999 -9999 -9999 -9999 -9999 -9999 -9999 -9999 -9999 -9999 32338 31461.1 30501.1 29541.1 28581.1 27461.1 26501.1 25541.1 24581.1 23461.1 22501.1 21541.1 20581.1 19461.1 18501.1 17541.1 16581.1 15461.1 14501.1 13541.1 12581.1 11461.1 10504 9661.98 9109.25 8632.66 8235.02 7837.37 7439.73 6996.8 6944.08 7538.18 8430.08 9543.67 10385.7 10884.9 11269.9 11733.8 12131.5 12538.3 13054 14046.8 15006.8 15966.7 16926.7 18046.7 19006.7 19966.7 20926.7 22046.7
-9999 -9999 -9999 -9999 -9999 -9999 -9999 -9999 -9999 -9999 -9999 -9999 -9999 -9999 -9999 -9999 -9999 -9999 -9999 -9999 -9999 -9999 -9999 -9999 -9999 -9999 -9999 32670 31925 30965 30005 29045 27925 26965 26005 25045 23925 22965 22005 21045 19925 18965 18005 17045 15925 14965 14005 13045 11937.7 11132.8 10617.1 10216.6 9752.66 9355.01 8957.37 8559.73 8116.52 8041.96 8406.72 8958.72 9968.29 10925.7 11792.1 12372.2 12853.8 13251.5 13649.1 14046.8 14637.9 15479.9 16430.7 17390.7 18510.7 19470.7 20430.7 21390.7 22510.7
-9999 -9999 -9999 -9999 -9999 -9999 -9999 -9999 -9999 -9999 -9999 -9999 -9999 -9999 -9999 -9999 -9999 -9999 -9999 -9999 -9999 -9999 -9999 -9999 -9999 -9999 -9999 33033.5 32322.6 31362.6 30402.6 29442.6 28322.6 27362.6 26402.6 25442.6 24322.6 23362.6 22402.6 21442.6 20322.6 19362.6 18402.6 17442.6 16322.6 15362.6 14402.6 13445.6 12490.4 11975.2 11574.2 11176.6 10712.7 10315 9917.37 9519.72 9076.52 9001.96 9362.32 9764.36 10447.5 11326.7 12283.1 13149.7 13808 14211.5 14609.1 15006.8 15479.9 16020.8 16840.6 17788.3 18908.3 19868.3 20828.3 21788.3 22908.3
-9999 -9999 -9999 -9999 -9999 -9999 -9999 -9999 -9999 -9999 -9999 -9999 -9999 -9999 -9999 -9999 -9999 -9999 -9999 -9999 -9999 -9999 -9999 -9999 -9999 -9999 -9999 33386.1 32720.3 31760.3 30800.3 29840.3 28720.3 27760.3 26800.3 25840.3 24720.3 23760.3 22800.3 21840.3 20720.3 19760.3 18800.3 17840.3 16720.3 15760.3 14803.6 13961.2 13332.4 12931.9 12534.2 12136.6 11672.7 11275 10877.4 10479.7 10036.5 9961.96 10322.3 10720 11207.4 11814.2 12684.3 13640.9 14623.4 15164.9 15569.1 15966.8 16430.7 16840.6 17378.4 18195.2 19306 20266 21226 22186 23306
-9999 -9999 -9999 -9999 -9999 -9999 -9999 -9999 -9999 -9999 -9999 -9999 -9999 -9999 -9999 -9999 -9999 -9999 -9999 -9999 -9999 -9999 -9999 -9999 -9999 -9999 -9999 33777.9 33117.9 32157.9 31197.9 30237.9 29117.9 28157.9 27197.9 26237.9 25117.9 24157.9 23197.9 22237.9 21117.9 20157.9 19197.9 18237.9 17117.9 16160.8 15318.8 14766.1 14289.5 13891.9 13494.2 13096.6 12632.6 12235 11837.4 11439.7 10996.5 10922 11282.3 11680 12144.2 12565 13162.8 14041.2 15150.8 15981.1 16523.3 16926.8 17390.7 17788.3 18195.2 18710.9 19703.6 20663.6 21623.6 22583.6 23703.6
-9999 -9999 -9999 -9999 -9999 -9999 -9999 -9999 -9999 -9999 -9999 -9999 -9999 -9999 -9999 -9999 -9999 -9999 -9999 -9999 -9999 -9999 -9999 -9999 -9999 -9999 -9999 34339.6 33581.8 32621.8 31661.8 30701.8 29581.8 28621.8 27661.8 26701.8 25581.8 24621.8 23661.8 22701.8 21581.8 20621.8 19661.8 18701.8 17594.5 16789.6 16274 15873.4 15409.5 15011.8 14614.2 14216.6 13752.6 13355 12957.4 12559.7 12116.5 12042 12402.3 12800 13263.9 13661.5 14063.6 14615.6 15625.1 16582.5 17448.9 18029 18510.7 18908.3 19306 19703.6 20294.8 21136.8 22087.5 23047.5 24167.5
-9999 -9999 -9999 -9999 -9999 -9999 -9999 -9999 -9999 -9999 -9999 -9999 -9999 -9999 -9999 -9999 -9999 -9999 -9999 -9999 -9999 -9999 -9999 -9999 -9999 -9999 -9999 34872.4 33979.5 33019.5 32059.5 31099.5 29979.5 29019.5 28059.5 27099.5 25979.5 25019.5 24059.5 23099.5 21979.5 21019.5 20059.5 19102.4 18147.2 17632 17231.1 16833.4 16369.5 15971.8 15574.2 15176.6 14712.6 14315 13917.4 13519.7 13076.5 13002 13362.3 13760 14223.9 14621.5 15019.2 15421.2 16104.3 16983.5 17940 18806.6 19464.8 19868.3 20266 20663.6 21136.8 21677.6 22497.5 23445.2 24565.2
-9999 -9999 -9999 -9999 -9999 -9999 -9999 -9999 -9999 -9999 -9999 -9999 -9999 -9999 -9999 -9999 -9999 -9999 -9999 -9999 -9999 -9999 -9999 -9999 -9999 -9999 -9999 35319.8 34377.1 33417.1 32457.1 31497.1 30377.1 29417.1 28457.1 27497.1 26377.1 25417.1 24457.1 23497.1 22377.1 21417.1 20460.4 19618 18989.3 18588.7 18191.1 17793.4 17329.5 16931.8 16534.2 16136.6 15672.6 15275 14877.4 14479.7 14036.5 13962 14322.3 14720 15183.9 15581.5 15979.2 16376.8 16864.2 17471 18341.2 19297.8 20280.3 20821.7 21226 21623.6 22087.5 22497.5 23035.3 23852.1 24962.8
-9999 -9999 -9999 -9999 -9999 -9999 -9999 -9999 -9999 -9999 -9999 -9999 -9999 -9999 -9999 -9999 -9999 -9999 -9999 -9999 -9999 -9999 -9999 -9999 -9999 -9999 -9999 35731 34774.8 33814.8 32854.8 31894.8 30774.8 29814.8 28854.8 27894.8 26774.8 25814.8 24854.8 23894.8 22774.8 21817.7 20975.7 20422.9 19946.3 19548.7 19151.1 18753.4 18289.5 17891.8 17494.2 17096.6 16632.6 16235 15837.4 15439.7 14996.5 14922 15282.3 15680 16143.9 16541.5 16939.2 17336.8 17801.1 18221.9 18819.6 19698.1 20807.7 21637.9 22180.1 22583.6 23047.5 23445.2 23852.1 24367.7 25360.5
-9999 -9999 -9999 -9999 -9999 -9999 -9999 -9999 -9999 -9999 -9999 -9999 -9999 -9999 -9999 -9999 -9999 -9999 -9999 -9999 -9999 -9999 -9999 -9999 -9999 -9999 -9999 36125.3 35238.7 34278.7 33318.7 32358.7 31238.7 30278.7 29318.7 28358.7 27238.7 26278.7 25318.7 24358.7 23251.4 22446.5 21930.9 21530.3 21066.3 20668.7 20271.1 19873.4 19409.5 19011.8 18614.2 18216.6 17752.6 17355 16957.4 16559.7 16116.5 16042 16402.3 16800 17263.9 17661.5 18059.2 18456.8 18920.7 19318.4 19720.4 20272.4 21282 22239.4 23105.8 23685.9 24167.5 24565.2 24962.8 25360.5 25951.7
-9999 -9999 -9999 -9999 -9999 -9999 -9999 -9999 -9999 -9999 -9999 -9999 -9999 -9999 -9999 -9999 -9999 -9999 -9999 -9999 -9999 -9999 -9999 -9999 -9999 -9999 37265.9 36640.8 35636.4 34676.4 33716.4 32756.4 31636.4 30676.4 29716.4 28756.4 27636.4 26676.4 25716.4 24759.3 23804.1 23288.9 22887.9 22490.3 22026.3 21628.7 21231.1 20833.4 20369.5 19971.8 19574.2 19176.6 18712.6 18315 17917.4 17519.7 17076.5 17002 17362.3 17760 18223.9 18621.5 19019.2 19416.8 19880.7 20278.4 20676 21078.1 21761.2 22640.4 23596.9 24463.4 25121.7 25525.2 25922.8 26320.5 26793.6
-9999 -9999 -9999 -9999 -9999 -9999 -9999 -9999 -9999 -9999 -9999 -9999 -9999 -9999 -9999 -9999 -9999 -9999 -9999 -9999 -9999 -9999 -9999 -9999 -9999 -9999 37506.4 37096.5 36034 35074 34114 33154 32034 31074 30114 29154 28034 27074 26117.3 25274.9 24646.2 24245.6 23847.9 23450.3 22986.3 22588.7 22191.1 21793.4 21329.5 20931.8 20534.2 20136.6 19672.6 19275 18877.4 18479.7 18036.5 17962 18322.3 18720 19183.9 19581.5 19979.2 20376.8 20840.7 21238.4 21636 22033.7 22521.1 23127.9 23998 24954.7 25937.1 26478.6 26882.8 27280.5 27744.4
-9999 -9999 -9999 -9999 -9999 -9999 -9999 -9999 -9999 -9999 -9999 -9999 -9999 -9999 -9999 -9999 -9999 -9999 -9999 -9999 -9999 -9999 -9999 -9999 -9999 -9999 38070.6 37527.4 36431.7 35471.7 34511.7 33551.7 32431.7 31471.7 30511.7 29551.7 28431.7 27474.6 26632.6 26079.8 25603.2 25205.6 24807.9 24410.3 23946.3 23548.7 23151.1 22753.4 22289.5 21891.8 21494.2 21096.6 20632.6 20235 19837.4 19439.7 18996.5 18922 19282.3 19680 20143.9 20541.5 20939.2 21336.8 21800.7 22198.4 22596 22993.7 23458 23878.7 24476.5 25354.9 26464.5 27294.8 27837 28240.5 28704.4
-9999 -9999 -9999 -9999 -9999 -9999 -9999 -9999 -9999 -9999 -9999 -9999 -9999 -9999 -9999 -9999 -9999 -9999 -9999 -9999 -9999 -9999 -9999 -9999 -9999 39495 38728.9 38009.8 36895.6 35935.6 34975.6 34015.6 32895.6 31935.6 30975.6 30015.6 28908.3 28103.3 27587.7 27187.2 26723.2 26325.6 25927.9 25530.3 25066.3 24668.7 24271.1 23873.4 23409.5 23011.8 22614.2 22216.6 21752.6 21355 20957.4 20559.7 20116.5 20042 20402.3 20800 21263.9 21661.5 22059.2 22456.8 22920.7 23318.4 23716 24113.7 24577.6 24975.2 25377.3 25929.3 26938.9 27896.2 28762.6 29342.8 29824.4
-9999 -9999 -9999 -9999 -9999 -9999 -9999 -9999 -9999 -9999 -9999 -9999 -9999 -9999 -9999 -9999 -9999 -9999 -9999 -9999 -9999 -9999 -9999 -9999 -9999 39605.6 39273 38412.9 37293.2 36333.2 35373.2 34413.2 33293.2 32333.2 31373.2 30416.2 29461 28945.7 28544.8 28147.2 27683.2 27285.6 26887.9 26490.3 26026.3 25628.7 25231.1 24833.4 24369.5 23971.8 23574.2 23176.6 22712.6 22315 21917.4 21519.7 21076.5 21002 21362.3 21760 22223.9 22621.5 23019.2 23416.8 23880.7 24278.4 24676 25073.7 25537.6 25935.2 26332.9 26734.9 27418.1 28297.3 29253.7 30120.3 30778.6
-9999 -9999 69811.1 69789.4 69125.1 69004.9 -9999 -9999 -9999 -9999 -9999 -9999 -9999 -9999 -9999 -9999 -9999 -9999 -9999 -9999 -9999 -9999 50819.9 50839.2 50873.5 40084.7 39704.4 38810.9 37690.9 36730.9 35770.9 34810.9 33690.9 32730.9 31774.2 30931.8 30303 29902.4 29504.8 29107.2 28643.2 28245.6 27847.9 27450.3 26986.3 26588.7 26191.1 25793.4 25329.5 24931.8 24534.2 24136.6 23672.6 23275 22877.4 22479.7 22036.5 21962 22322.3 22720 23183.9 23581.5 23979.2 24376.8 24840.7 25238.4 25636 26033.7 26497.6 26895.2 27292.9 27690.5 28178 28784.7 29654.9 30611.5 31594
-9999 69656.5 69450.7 69239.9 68684.7 68371.9 -9999 -9999 -9999 -9999 -9999 -9999 -9999 -9999 -9999 55748.3 55101.9 54186.7 53242.1 53107.5 -9999 -9999 50411.3 50295.4 50485.1 40720.7 40197.4 39170 38066.5 37128.2 36168.5 35208.5 34088.5 33131.5 32289.4 31736.7 31260.1 30862.4 30464.8 30067.2 29603.2 29205.6 28807.9 28410.3 27946.3 27548.7 27151.1 26753.4 26289.5 25891.8 25494.2 25096.6 24632.6 24235 23837.4 23439.7 22996.5 22922 23282.3 23680 24143.9 24541.5 24939.2 25336.8 25800.7 26198.4 26596 26993.7 27457.6 27855.2 28252.9 28650.5 29114.8 29535.6 30133.4 31011.8 32121.4
69738.1 69392.6 68841.9 68083.7 67182.8 67121.9 -9999 -9999 64397.1 -9999 -9999 -9999 -9999 57399.4 56764.2 55591.7 54788 53827.3 52847.3 51921 51024.6 49097.6 49277.2 49189.9 49335.1 41611.5 40635.1 39655.6 38550.5 37592.5 36632.5 35672.5 34565.1 33760.2 33244.6 32844 32380.1 31982.4 31584.8 31187.2 30723.2 30325.6 29927.9 29530.3 29066.3 28668.7 28271.1 27873.4 27409.5 27011.8 26614.2 26216.6 25752.6 25355 24957.4 24559.7 24116.5 24042 24402.3 24800 25263.9 25661.5 26059.2 26456.8 26920.7 27318.4 27716 28113.7 28577.6 28975.2 29372.9 29770.5 30234.5 30632.1 31034.2 31586.2 32595.7
70034.7 69365.8 68451.2 67490.9 66424.2 65737.3 64792 63614.6 64201.4 -9999 -9999 -9999 58244.9 57869 56735 55540.5 54387 53487.1 52438.7 51500.1 50636.9 49155.5 48675.8 48250 48443.2 41434.1 40744.3 40040.2 38950.1 37990.1 37030.1 36073 35117.9 34602.6 34201.7 33804 33340.1 32942.4 32544.8 32147.2 31683.2 31285.6 30887.9 30490.3 30026.3 29628.7 29231.1 28833.4 28369.5 27971.8 27574.2 27176.6 26712.6 26315 25917.4 25519.7 25076.5 25002 25362.3 25760 26223.9 26621.5 27019.2 27416.8 27880.7 28278.4 28676 29073.7 29537.6 29935.2 30332.9 30730.5 31194.5 31592.1 31989.8 32391.8 33075
69920.6 69013.9 68053.9 67093.9 65976.5 65081.7 64439.3 63294.2 63305.9 -9999 -9999 -9999 57946.5 57828.2 56475.2 55125.9 53946.5 53029.7 52048.7 51093.9 49973.5 49004.9 48080.3 47334 47234.8 41500.8 41262.7 40467 39347.8 38387.8 37431.1 36588.7 35959.9 35559.3 35161.7 34764 34300.1 33902.4 33504.8 33107.1 32643.2 32245.6 31847.9 31450.3 30986.3 30588.7 30191.1 29793.4 29329.5 28931.8 28534.2 28136.6 27672.6 27275 26877.4 26479.7 26036.5 25962 26322.3 26720 27183.9 27581.5 27979.2 28376.8 28840.7 29238.4 29636 30033.7 30497.6 30895.2 31292.9 31690.5 32154.5 32552.1 32949.8 33347.4 33834.8
69507.5 68616.3 67656.3 66696.3 65576.3 64618.8 63708.1 62714.2 61919.3 61411.1 58908.3 58710.7 57740.7 56763.3 55749.4 54696.2 53576.3 52616.3 51656.3 50696.3 49576.3 48616.3 47656.3 46713.8 45779 44682.3 42473.2 40839.6 39745.4 38788.3 37946.3 37393.6 36917 36519.3 36121.7 35724 35260.1 34862.4 34464.8 34067.1 33603.2 33205.6 32807.9 32410.3 31946.3 31548.7 31151.1 30753.4 30289.5 29891.8 29494.2 29096.6 28632.6 28235 27837.4 27439.7 26996.5 26922 27282.3 27680 28143.9 28541.5 28939.2 29336.8 29800.7 30198.4 30596 30993.7 31457.6 31855.2 32252.9 32650.5 33114.5 33512.1 33909.8 34307.4 34755.3
68918.7 68147.4 67192.3 66232.3 65112.3 64152.3 63192.3 62232.3 61115.8 60180.9 59152.7 58270.1 57235.7 56152.3 55192.3 54232.3 53112.3 52152.3 51192.3 50232.3 49112.3 48152.3 47192.3 46232.3 45117.5 44341.8 42669.6 41277.4 40222 39417.1 38901.5 38500.9 38037 37639.3 37241.7 36844 36380.1 35982.4 35584.8 35187.1 34723.2 34325.6 33927.9 33530.3 33066.4 32668.7 32271.1 31873.4 31409.5 31011.8 30614.2 30216.6 29752.6 29355 28957.4 28559.7 28116.5 28042 28402.3 28800 29263.9 29661.5 30059.2 30456.8 30920.7 31318.4 31716 32113.7 32577.6 32975.2 33372.9 33770.5 34234.5 34632.1 35029.6 35380.3 36315.7
68155.3 67849.5 66910.7 65950.7 64830.7 63870.7 62910.7 61950.7 60830.7 59870.7 58910.7 57950.7 56830.7 55870.7 54910.7 53950.7 52830.7 51870.7 50910.7 49950.7 48830.7 47870.7 46910.7 45950.7 44830.7 43880 42824.8 41742.2 40774.7 40259.5 39858.6 39460.9 38997 38599.3 38201.7 37804 37340.1 36942.4 36544.8 36147.1 35683.2 35285.6 34887.9 34490.3 34026.4 33628.7 33231.1 32833.4 32369.5 31971.8 31574.2 31176.6 30712.6 30315 29917.4 29519.7 29076.5 29002 29362.3 29760 30223.9 30621.5 31019.2 31416.8 31880.7 32278.4 32676 33073.7 33537.6 33935.2 34332.9 34730.5 35194.5 35592.1 36003.6 35999.6 -9999
