public/models/data/input/map/ntb/1000/mapdem.asc
NCOLS 388
NROWS 274
XLLCORNER 370313.940441
YLLCORNER 9267024.452423
CELLSIZE 1000.000000
NODATA_VALUE       -9999
[rows 204 to 237 of 274, columns 154 to 230 of 388]
229.295 122.921 247.695 297.221 280.038 289.975 258.188 277.149 243.557 154.313 182.428 147.706 150.684 169.745 137.402 89.6481 61.6844 52.7306 17.3269 10.9431 8.03875 9.31125 18.6612 37.8662 26.005 20.2175 52.2956 36.1531 10.0569 4.42938 4.01563 6.06812 14.185 27.3337 73.9556 133.473 106.933 38.9712 3.088 5.61538 7.67792 21.2231 65.1825 98.4488 67.4305 13.2992 16.0368 28.5902 84.3606 56.6149 9.77333 -9999 8 43.9219 66.8613 54.8747 21.4523 -9999 2 -9999 -9999 -9999 -9999 -9999 -9999 -9999 -9999 -9999 -9999 -9999 -9999 -9999 -9999 -9999 -9999 -9999 -9999
242.865 137.918 291.742 345.006 355.197 367.547 363.883 343.886 255.427 226.044 254.106 197.09 191.042 199.484 132.674 85.9631 97.9031 77.0444 43.6144 34.6531 15.6462 9.32625 17.7313 40.3037 22.9375 25.2975 94.8769 66.8544 11.6694 4.68437 5.98438 6.45687 10.5763 18.645 50.2944 96.1944 100.186 66.9075 9.83572 2.82051 22.7822 50.0568 96.1425 68.8213 32.0636 11.2563 14.7128 41.5599 120.151 87.2694 11.8431 -9999 8.4 31.7626 125.412 98.2567 44.6604 4.33333 2 -9999 -9999 -9999 -9999 -9999 -9999 -9999 -9999 -9999 -9999 -9999 -9999 -9999 -9999 -9999 -9999 -9999 -9999
286.762 176.423 339.364 411.786 451.823 491.559 508.278 416.327 294.253 317.513 312.18 241.267 219.47 211.892 126.313 130.594 133.269 89.4419 87.8156 67.9231 35.1406 13.9106 18.2356 42.6869 33.5838 32.5537 45.1688 32.2962 10.5856 4.96938 5.49687 6.25063 7.05688 21.0431 125.519 101.249 61.7375 56.0962 6.62773 2.7348 12.0739 51.2094 67.5263 25.0588 13.8983 13.0385 27.9159 56.8675 152.736 88.9795 9.67308 -9999 9 21.2448 114.501 135.623 58.2261 5.11906 0 -9999 -9999 -9999 -9999 -9999 -9999 -9999 -9999 -9999 -9999 -9999 -9999 -9999 -9999 -9999 -9999 -9999 -9999
353.677 216.052 307.482 431.706 551.213 641.034 671.957 446.402 380.207 423.277 331.303 260.744 270.596 201.023 144.734 193.288 147.821 117.431 121.318 89.9806 67.9719 24.8094 29.5044 61.9556 46.8338 40.8963 34.4663 37.2738 15.8256 6.34438 5.20563 6.63188 7.42688 33.8731 113.448 73.6106 34.7363 12.4475 4.0425 3.60053 8.70294 47.8833 60.8162 28.8937 4.85661 8.58005 58.1112 52.3375 74.8065 45.2598 31.2147 -9999 -9999 9.5 49.0887 68.6981 22.6149 4.43784 0 -9999 -9999 -9999 -9999 -9999 -9999 -9999 -9999 -9999 -9999 -9999 -9999 -9999 -9999 -9999 -9999 -9999 -9999
299.845 210.147 324.02 433.575 561.979 756.954 713.304 551.959 512.454 411.866 306.634 366.842 298.157 242.471 196.654 200.357 155.146 169.601 146.684 115.701 77.9444 36.9606 40.5144 77.7881 67.0406 54.6194 47.2738 33.0013 12.8844 7.59062 7.19875 6.405 12.3787 19.4225 44.9044 30.8906 17.8744 8.26563 13.5238 27.18 28.6238 13.405 31.6225 29.7025 17.4536 4.7315 25.1562 15.8682 13.2174 44.8975 53.3929 0 0 17.6 73.1716 62.5956 18.5798 8.73939 -9999 -9999 -9999 -9999 -9999 -9999 -9999 -9999 -9999 -9999 -9999 -9999 -9999 -9999 -9999 -9999 -9999 -9999 -9999
274.612 240.593 375.656 531.069 692.056 907.021 822.049 651.341 511.442 405.011 403.459 342.262 286.544 259.329 244.956 210.806 208.019 200.189 154.22 91.7575 64.6469 41.5156 80.9019 92.3856 81.4431 66.5219 53.8262 45.2813 21.4744 9.94312 7.62875 6.4675 12.7188 18.56 34.5356 65.6069 53.6181 20.3244 49.5537 95.0925 81.54 40.5062 36.1437 44.8916 35.8238 7.70759 16.2455 13.6039 7 -9999 -9999 0 0 -9999 96.7559 121.647 49.0406 17.6484 -9999 -9999 -9999 -9999 -9999 -9999 -9999 -9999 -9999 -9999 -9999 -9999 -9999 -9999 -9999 -9999 -9999 -9999 -9999
288.673 267.151 483.628 567.134 713.058 925.372 880.898 661.89 584.715 556.393 451.619 345.22 323.882 320.711 286.492 270.857 232.644 180.59 115.46 94.6413 70.5344 71.7519 114.607 100.827 81.3119 53.8619 39.5519 38.3981 20.8913 7.06125 10.6794 16.9694 15.2556 11.6356 26.8031 83.4944 84.4094 40.2631 86.3037 154.084 151.079 81.8594 54.9388 48.9341 29.8528 18.6754 6.75 6.75 -9999 -9999 -9999 -9999 0 0 32.3832 71.435 69.534 56.1836 27.0431 15.4125 15.4125 8 -9999 -9999 -9999 -9999 -9999 -9999 -9999 -9999 -9999 -9999 -9999 -9999 -9999 -9999 -9999
267.577 306.379 408.583 529.679 678.592 872.013 950.523 746.528 710.074 634.506 503.33 404.715 404.865 367.89 280.935 226.705 169.616 139.69 138.721 128.6 94.5069 128.874 122.767 97.7694 71.2644 42.0269 27.2931 22.2394 16.1625 8.8275 15.2406 18.9106 9.54688 6.89187 18.5394 72.0356 92.0231 46.0519 100.404 179.898 158.105 79.8219 88.38 31.9775 42.6275 36.0686 -9999 -9999 -9999 -9999 -9999 -9999 0 0 8.23529 25.1694 35.3907 81.6038 50.8772 32.9095 20.7638 10.5 11.3886 19.4457 5.2 -9999 -9999 -9999 -9999 -9999 -9999 -9999 -9999 -9999 -9999 -9999 -9999
334.275 427.263 470.193 492.123 601.756 745.302 898.063 742.801 631.882 645.322 542.455 444.511 354.099 275.064 247.576 263.429 260.72 175.893 176.927 105.978 126.241 130.996 107.846 85.8356 56.8706 30.3806 25.2006 21.7456 22.4037 16.83 33.915 29.76 10.3181 21.1294 25.0344 54.9881 94.8337 62.0238 76.01 130.841 102.054 110.384 115.323 59.6738 37.0238 11.692 1.40664 0.221808 1.41062 1.29412 -9999 2 7.48889 2.31852 6.08466 10.1353 12.4122 87.8791 100.144 98.1972 41.8151 22.8431 31.2755 20.3 5 10.0938 10.2382 6.28571 -9999 -9999 -9999 -9999 -9999 -9999 -9999 -9999 -9999
440.165 558.74 626.437 525.247 593.263 710.389 873.177 741.481 594.652 488.052 438.279 364.22 327.219 348.033 341.853 306.657 252.22 198.943 137.212 141.583 165.863 116.55 65.8044 58.6319 36.1956 26.9506 34.3694 46.4244 50.4725 34.9338 38.375 19.9825 11.6931 19.4769 65.2019 83.1256 115.471 93.0813 94.403 141.073 89.3981 52.9731 76.9437 54.4875 14.3962 3.18845 1.2465 2.80749 8.60887 32.0967 24.4926 2.22917 6.4572 13.8824 15.5952 25.7321 17.8513 29.4171 59.5849 73.0405 63.9778 11 -9999 -9999 -9999 20.4 8.92987 6.28571 -9999 -9999 -9999 -9999 -9999 -9999 -9999 -9999 -9999
563.838 660.761 731.733 606.397 633.536 718.487 742.385 646.006 547.777 470.427 422.461 429.969 422.133 395.442 325.542 287.989 271.707 190.196 154.627 230.661 269.767 164.25 71.9881 58.2719 39.2837 32.8213 32.6669 40.1506 56.7762 56.3688 46.3812 20.0425 12.6362 21.95 103.686 126.826 127.942 112.021 92.7061 101.508 58.2319 37.9206 9.44563 8.35688 5.46938 3.03063 2.41875 4.69875 25.1081 84.8844 32.2387 5.21212 6.82067 48.3 53.785 32.3006 14.8381 7.89744 7.72321 19.1875 -9999 -9999 -9999 -9999 -9999 -9999 7.356 40.5413 49.1833 -9999 -9999 -9999 -9999 -9999 -9999 -9999 -9999
652.907 757.702 786.372 680.248 730.078 774.739 763.63 674.981 577.307 551.197 523.628 470.017 427.397 382.678 366.947 343.711 276.766 174.434 251.757 409.186 365.849 168.974 131.22 61.9081 44.4725 41.71 36.1181 35.3444 49.1425 93.5125 59.1688 25.735 11.4925 16.5438 44.9375 77.76 71.6456 81.3419 66.1994 67.3981 71.5981 64.1444 18.6806 6.38938 7.01563 5.92188 15.4012 11.6438 13.0594 47.1056 18.9505 8.13682 29.0789 118.481 63.9263 14.3658 3.77795 0.705882 -9999 -9999 -9999 -9999 -9999 -9999 -9999 -9999 29.045 60.6966 73.92 -9999 -9999 -9999 -9999 -9999 -9999 -9999 -9999
747.551 867.801 910.302 830.656 894.221 909.121 849.431 728.23 662.222 611.799 565.743 528.441 490.352 453.364 400.166 344.63 242.735 203.861 280.14 416.189 456.297 310.429 145.669 66.6544 54.2325 50.1925 40.2431 41.7681 97.0098 118.865 101.989 47.455 19.0075 17.1437 20.2669 30.8056 42.365 37.3325 40.195 50.0013 89.9744 86.8319 11.4681 6.74687 5.31437 3.47062 22.9988 55.8925 32.9481 25.4156 44.1525 47.8 112.78 223.62 119.928 31.0292 3.66979 43.8872 30.6595 12.8727 -9999 -9999 -9999 -9999 -9999 -9999 17.2308 12.6052 7.05455 -9999 -9999 -9999 -9999 -9999 -9999 -9999 -9999
878.708 919.671 1031.22 1007.61 1062.56 1025.79 905.718 810.616 746.664 692.685 594.821 528.148 487.599 423.437 375.119 355.273 277.285 222.462 321.494 446.25 407.78 216.881 99.4731 69.5519 67.0113 58.3138 43.5906 42.5681 63.465 83.8138 110 48.9338 29.3025 25.2188 21.7569 30.8581 34.7788 29.8962 36.735 44.0363 73.4981 49.3081 10.0881 7.99937 7.68437 5.50812 12.7475 42.8937 75.0069 47.7469 49.45 85.5075 205.2 306.07 107.792 17.2806 16.2512 48.1488 40.976 10.9117 0.25 -9999 -9999 -9999 -9999 -9999 -9999 1.1 0.6875 0 0 0 0 -9999 -9999 -9999 -9999
934.172 1063.81 1133.71 1199.52 1202.98 1133.75 972.7 869.124 790.198 716.696 629.716 559.29 525.907 506.906 447.696 338.084 255.618 282.829 348.976 312.149 198.174 131.954 95.0594 67.6394 61.8981 53.9281 48.82 50.505 49.7794 67.5481 77.8644 51.9319 34.3819 34.0669 29.8081 28.7506 27.8619 28.2894 34.4925 39.4463 40.2881 26.7406 11.2319 12.3606 11.6069 7.72813 13.6812 19.895 50.9506 84.5381 45.8556 63.2644 189.566 255.674 92.2481 21.4806 39.3119 71.0744 14.1713 8.56842 0.25 -9999 -9999 -9999 -9999 -9999 -9999 2.75 1.1 0 0 0 0 -9999 -9999 -9999 -9999
1079.36 1180.59 1329.1 1368.49 1348.69 1214.57 1022.12 900.343 814.464 722.542 647.333 606.889 561.071 497.142 391.922 325.371 342.813 409.963 491.521 312.269 171.043 105.641 80.0244 80.0969 101.701 74.5131 49.0238 51.9813 52.0619 63.8556 71.4169 52.9794 39.2881 39.8306 31.1731 33.9656 35.8144 29.5969 29.72 40.3387 43.5619 21.9719 15.4244 14.1106 11.8419 9.81563 14.8 15.9663 15.5294 46.4594 49.9719 62.0631 99.6888 141.136 148.998 74.9019 69.7569 156.229 21.3513 9.66667 -9999 -9999 -9999 -9999 -9999 -9999 -9999 -9999 -9999 -9999 -9999 -9999 -9999 -9999 -9999 -9999 -9999
1099.55 1191.77 1415.78 1557.85 1455.79 1239.91 1096.98 967.173 848.579 763.418 660.591 591.101 518.138 486.533 465.644 399.457 443.939 560.684 654.733 421.749 218.438 129.986 157.222 153.503 91.0731 62.6544 55.1125 63.7287 57.4306 56.9931 64.5444 59.5594 60.0412 43.06 35.2369 41.8806 38.0575 32.1325 34.605 42.305 39.9069 30.4056 23.6994 23.0756 37.8937 27.5613 20.9662 17.2663 16.9381 18.6319 34.8681 81.5594 99.2462 110.006 66.7288 45.1662 31.4581 44.2244 10.3602 11.938 15.0257 15.7103 -9999 -9999 -9999 -9999 -9999 -9999 -9999 -9999 -9999 -9999 -9999 -9999 -9999 -9999 -9999
990.386 1113.06 1368.21 1501.92 1438.77 1316.6 1130.88 1000.28 888.573 788.412 700.314 632.874 584.664 552.996 486.689 450.492 592.696 712.213 591.889 342.397 239.54 178.244 155.212 105.983 78.4881 63.4344 69.6338 73.8575 72.6744 63.1444 82.5181 108.933 99.59 56.9888 46.2319 60.7931 58.1325 40.525 36.1925 41.14 46.9244 33.8256 26.6294 39.4981 56.1912 55.2562 63.7687 62.5938 35.6894 32.8356 55.7269 55.5131 85.62 130.91 93.9313 26.8538 6.69187 4.59062 9.09827 18.9723 23.4976 25.2077 -9999 -9999 -9999 -9999 -9999 -9999 -9999 -9999 -9999 -9999 -9999 -9999 -9999 -9999 -9999
978.911 1115.62 1298.37 1332.39 1283.77 1212.76 1098.55 1012.59 921.628 827.571 718.777 661.199 609.569 562.137 512.324 468.286 482.92 548.985 543.143 386.695 208.672 132.197 106.162 89.3781 79.4219 75.4681 79.1381 80.1631 83.6094 88.3369 167.617 166.994 113.923 66.0488 64.0856 111.673 103.14 52.3037 41.2887 43.8213 54.9381 61.8719 54.4281 50.6056 73.9306 110.481 142.373 157.652 63.8931 47.4156 89.4525 82.2787 51.0225 117.451 127.955 58.4063 19.9125 4.77625 4.12144 1.73684 0 -9999 -9999 -9999 -9999 -9999 -9999 -9999 -9999 -9999 -9999 -9999 -9999 -9999 -9999 -9999 -9999
915.256 1046.43 1169.76 1130.97 1097.89 1051.45 993.207 930.499 881.523 816.301 735.531 669.393 626.452 585.442 513.012 447.876 435.81 564.052 572.962 334.313 180.638 122.342 101.849 96.9256 98.2494 94.4656 86.9381 87.3631 86.1181 85.4981 128.501 152.478 93.0912 64.5925 89.3306 179.233 158.874 80.1417 51.3713 61.7313 87.3681 86.4044 97.9556 99.4731 79.9619 160.899 212.894 131.82 54.0294 30.4669 41.7875 44.9738 27.2138 78.71 102.647 73.9063 63.4475 16.2237 3.3827 2.66446 1.33913 1.73333 -9999 -9999 -9999 -9999 -9999 -9999 -9999 -9999 0 -9999 -9999 0 -9999 -9999 -9999
940.872 967.175 1002.37 970.721 939.909 944.329 898.838 858.602 810.601 770.959 723.643 668.513 605.034 551.048 517.352 445.43 405.671 451.057 362.212 246.962 163.051 128.302 157.624 156.61 191.022 154.195 136.411 115.773 100.841 100.858 98.9812 130.021 114.151 101.231 82.1131 151.956 270.214 184.567 67.1944 88.9444 147.107 125.144 114.173 140.932 216.614 290.246 149.892 60.0019 42.9581 44.8906 24.785 18.0025 17.4756 14.1644 29.7469 50.9144 67.0338 13.1175 4.13312 4.37953 4.47538 3 -9999 -9999 -9999 -9999 -9999 -9999 -9999 -9999 -9999 -9999 -9999 -9999 -9999 -9999 -9999
919.179 889.236 874.832 865.188 844.074 857.816 839.641 805.299 746.883 701.012 669.886 653.236 602.733 552.542 483.681 422.779 375.703 349.407 265.469 202.759 168.684 171.333 232.644 263.353 341.716 259.747 211.883 162.211 137.067 165.451 123.308 116.342 161.357 272.677 126.788 162.896 342.716 288.023 87.0544 115.559 217.632 211.235 227.841 181.564 308.878 269.929 119.327 93.6269 79.4256 78.4831 41.91 26.265 24.8306 15.5969 9.41687 20.0294 28.015 9.99125 4.58813 4.38233 3.97336 4.875 -9999 -9999 -9999 -9999 -9999 -9999 -9999 -9999 -9999 -9999 -9999 -9999 -9999 -9999 -9999
830.956 782.684 783.143 791.81 783.971 755.799 755.052 761.338 708.693 680.859 605.919 590.671 580.73 532.253 468.981 409.26 369.165 337.109 292.881 213.731 187.262 211.842 314.043 443.287 479.034 334.073 250.418 209.008 214.59 236.323 156.536 138.565 185.802 372.579 266.897 204.115 329.901 357.579 132.538 95.7256 239.733 350.437 398.388 317.371 404.128 220.519 113.981 130.574 121.294 92.3506 58.0406 63.3319 24.5588 13.7388 8.25625 8.54125 8.46625 7.83125 5.0625 4.62367 3.65617 3.45 -9999 -9999 -9999 -9999 -9999 -9999 5 5 -9999 -9999 -9999 -9999 -9999 -9999 -9999
705.23 718.407 696.854 733.561 740.834 691.698 657.299 722.436 662.416 640.792 603.648 550.51 513.198 490.487 474.22 454.141 405.354 375.34 397.362 284.517 203.876 223.172 377.316 562.256 510.283 369.772 314.973 294.215 308.349 299.801 232.575 170.826 197.359 405.267 428.186 299.06 249.68 312.466 183.566 108.758 231.191 388.259 437.997 457.221 426.242 236.433 145.285 167.928 165.619 130.576 60.7769 85.9881 35.65 19.315 16.365 10.09 7.3825 6.7625 5.83625 5.55125 3.1535 2.66 -9999 -9999 -9999 -9999 -9999 -9999 5 5 6 6.8 8 -9999 -9999 -9999 -9999
649.537 628.969 586.853 632.046 676.466 696.305 576.069 658.517 611.539 579.028 583.454 593.232 580.281 562.57 528.808 506.423 419.089 310.584 398.136 354.865 246.493 246.258 382.463 526.553 539.967 433.419 403.702 439.111 521.474 520.811 315.73 194.622 301.966 482.736 458.177 315.081 267.156 284.467 301.521 128.048 208.818 363.046 332.194 406.399 490.476 311.995 286.473 288.353 204.006 126.95 75.1056 106.867 111.404 117.521 68.395 19.1838 9.11687 8.03687 5.75875 5.3875 7.70717 8.62236 -9999 -9999 -9999 -9999 4.73333 2.6 1 4.8 23.1414 68.5959 47.6538 55.1289 29.5569 7.35556 -9999
615.525 557.109 538.601 549.848 614.162 647.724 551.749 564.752 521.734 523.508 581.117 624.797 604.073 588.771 487.821 401.908 332.548 329.033 409.306 376.531 316.374 294.824 384.116 513.788 608.007 533.232 511.757 597.613 646.766 588.451 345.469 214.864 280.622 432.893 383.031 372.167 343.496 267.309 294.274 178.467 132.006 225.869 236.095 383.394 584.758 484.934 384.934 213.005 197.074 228.431 122.899 153.943 164.672 89.8731 38.5612 19.17 16.4419 17.5744 8.79375 7.44 13.1388 7.8478 4 3.6 3 2 4.84056 2.54591 1.22727 6.40496 78.979 188.76 131.039 83.9481 50.0663 17.0667 -9999
501.559 484.351 506.705 489.051 547.696 579.656 552.021 508.489 474.015 511.508 584.394 580.941 561.921 556.399 443.854 337.557 274.637 330.248 382.916 399.157 392.161 386.744 457.713 554.787 651.149 677.001 696.352 743.003 661.11 486.763 305.748 294.523 321.122 441.193 445.459 411.652 314.784 258.179 289.166 215.299 175.791 132.951 173.035 281.944 434.922 541.51 401.834 201.33 223.913 339.409 173.266 175.176 150.574 81.5725 43.7475 22.5075 25.8037 43.3913 48.105 11.1862 7.65517 4.31547 4.81975 4.75818 4.58978 3.14256 5.96056 4.31216 3.21358 6.96799 64.9175 135.415 98.9181 33.1638 25.0886 11.5 33.8205
392.516 386.724 508.641 454.175 495.746 494.506 508.668 427.82 413.383 517.122 510.409 499.686 502.926 502.579 389.205 292.835 251.454 294.891 329.434 366.791 383.112 399.975 500.278 625.042 641.323 695.713 774.989 735.589 569.445 380.675 365.66 410.541 472.266 570.518 532.551 474.783 391.622 286.011 305.893 293.867 274.331 198.781 195.639 186.098 277.934 318.215 243.383 246.74 313.939 307.945 150.917 222.482 164.768 117.601 98.2213 40.8988 35.6675 44.9825 60.7675 19.8713 11.2875 6.09875 3.81331 5.15221 6.0839 4.65288 5.3625 5.82125 4.40938 4.67688 13.42 28.3575 60.2494 35.1505 6.8381 9.8 22.5484
377.597 464.693 476.499 447.068 463.709 416.464 405.987 350.337 364.884 438.714 456.37 449.892 429.656 384.617 317.249 256.41 305.921 351.223 321.288 342.153 383.465 451.999 592.759 689.343 680.815 709.846 652.434 606.636 580.688 508.329 470.336 459.151 511.989 577.984 638.025 565.805 491.156 332.025 440.08 483.367 421.875 367.99 379.018 208.386 180.17 181.873 223.354 206.451 265.529 177.666 162.478 244.735 185.72 170.434 92.8619 55.3081 57.0875 59.545 49.9712 35.16 17.4937 9.2 5.4 5.155 5.32375 5.68375 4.37437 5.60187 5.975 9.13875 29.9875 27.95 100.368 82.2494 7.80449 17.3806 53.4853
423.238 548.937 452.857 438.183 432.316 338.139 333.888 346.935 368.711 440.959 456.085 446.65 398.858 320.29 259.141 271.614 374.836 385.799 375.623 433.481 485.529 554.097 686.052 698.514 626.758 597.739 670.83 750.355 745.324 622.463 506.089 503.404 550.68 576.693 658.289 633.224 521.836 340.447 414.859 592.231 574.861 502.881 457.493 260.827 199.89 187.066 230.337 172.405 163.788 135.505 181.352 233.376 265.127 220.528 109.341 91.6819 76.9013 69.2738 49.5525 34.3262 20.3425 9.68875 7.445 5.13 4.8375 5.415 5.18437 4.91187 5.15 14.8237 66.115 56.095 106.219 63.2506 25.31 18.045 28.4494
294.678 467.567 383.656 378.202 341.842 307.364 433.353 509.734 497.535 511.504 474.574 402.556 391.878 318.177 228.967 280.847 391.828 443.628 479.371 438.509 490.226 615.359 632.866 575.563 454.16 405.266 528.013 748.268 806.766 684.34 569.811 583.813 571.661 577.315 633.52 688.244 575.123 408.821 342.754 549.778 639.311 608.498 532.774 348.283 265.179 188.2 205.082 197.064 153.968 147.574 265.219 326.326 375.744 355.134 225.573 157.299 107.357 82.4981 53.3344 35.8319 22.9675 14.9838 9.6725 5.3625 5.7225 6.405 5.26687 4.67562 4.77875 10.1663 41.935 66.9925 78.5856 59.0769 44.7706 26.8219 17.8875
265.716 377.649 294.539 298.096 282.53 371.721 561.713 577.424 532.682 472.041 432.461 349.252 313.981 270.395 229.121 312.519 392.936 455.729 383.516 333.764 367.841 482.269 513.307 443.191 361.693 371.179 474.773 625.376 739.404 713.44 641.302 605.829 580.11 610.984 645.821 708.193 627.446 481.573 374.017 605.894 715.141 699.833 498.462 382.662 313.239 234.099 208.2 217.166 207.058 212.164 317.176 450.871 511.61 479.05 331.881 227.651 174.854 116.993 47.7294 36.0094 27.8213 19.4275 12.435 7.745 6.98375 6.68375 6.04688 6.46812 10.9288 15.6287 20.9125 39.3125 59.8569 73.7831 85.9481 40.2744 16.4225
243.73 253.87 255.858 269.626 353.73 525.444 576.926 529.934 498.286 429.022 315.892 294.981 241.928 255.114 261.058 311.277 357.225 336.833 260.523 257.45 280.353 315.817 356.806 371.167 368.932 357.173 400.058 480.621 621.399 735.609 700.868 655.197 614.333 652.692 724.838 709.927 683.941 541.709 405.561 652.964 798.296 712.822 500.534 486.693 400.256 347.282 252.749 257.584 295.655 314.51 398.172 575.936 699.188 633.031 444.131 385.146 317.514 209.947 91.5394 45.7956 28.4538 18.9963 13.9119 7.54812 5.82125 8.55375 10.2581 24.5594 39.0944 40.9181 25.06 21.4063 67.6981 106.461 85.5212 42.7575 17.385
221.959 257.067 284.213 317.384 429.192 562.876 574.405 488.677 362.762 266.975 241.773 265.019 287.478 321.529 260.644 280.741 248.233 230.871 294.805 350.723 359.184 474.466 555.352 519.148 484.281 454.237 419.586 492.176 537.018 627.958 759.979 750.506 728.564 727.166 654.686 595.934 545.9 496.57 487.811 568.979 779.189 767.173 572.037 575.923 555.538 544.022 344.129 306.906 389.826 417.519 566.682 828.554 892.776 802.67 637.948 523.308 363.209 222.207 115.192 73.4706 31.6225 17.95 13.5294 10.5506 9.34875 8.32625 8.12813 11.2444 15.5381 17.8094 28.8088 28.3825 45.6044 95.4944 67.1837 33.065 21.3538
