public/models/data/input/map/ntb/1000/mapdagr.asc
NCOLS 388
NROWS 274
XLLCORNER 370313.940441
YLLCORNER 9267024.452423
CELLSIZE 1000.000000
NODATA_VALUE       -9999
[rows 204 to 237 of 274, columns 308 to 384 of 388]
0 0 0 0 0 0 0 -9999 -9999 995.39 667.991 152.969 111.708 80.6778 38.2394 8.6705 38.6121 10.1838 0 2.25 3.69194 1.01516 61.1673 444.964 1430.34 1822.2 1542.04 1589.37 2154.18 2811.45 3311.86 3847.7 4314.15 4697.1 4716.61 4138.61 3248.46 2650.61 2126.87 1711.76 1285.97 631.55 127.418 13.2489 0 0 0 0 -9999 -9999 -9999 -9999 -9999 -9999 -9999 -9999 -9999 -9999 -9999 -9999 -9999 -9999 -9999 -9999 -9999 -9999 -9999 -9999 -9999 -9999 -9999 -9999 -9999 -9999 -9999 -9999 -9999
4.70711 1.5 0 0 0 0 -9999 -9999 -9999 446.743 421.958 374.055 174.572 223.943 215.661 89.9557 78.1427 40.2083 18.5282 6.75 18.8221 12.2918 3.75 272.594 1172.78 1178.3 651.902 760.531 1473.43 1960.12 2513.38 3124.31 3776.83 4344.81 4106.55 3474.73 2661.02 1901.83 1310.8 1202.52 1033.81 492.079 122.751 28.9916 0 0 0 0 -9999 -9999 -9999 -9999 -9999 -9999 -9999 -9999 -9999 -9999 -9999 -9999 -9999 -9999 -9999 -9999 -9999 -9999 -9999 -9999 -9999 -9999 -9999 -9999 -9999 -9999 -9999 -9999 -9999
56.8045 4.3125 0 0 0 -9999 -9999 -9999 0 11.5551 96.8916 295.157 139.325 199.84 368.403 284.72 72.156 100.799 56.0327 12.8033 145.087 131.292 153.874 399.697 918.479 647.567 180.748 308.436 659.358 1155.74 1759.29 2306.75 3211.99 3931.23 3600.48 2745.88 2002.84 1306.86 584.832 384.124 409.669 123.81 28.833 0.676777 0 0 0 0 -9999 -9999 -9999 -9999 -9999 -9999 -9999 -9999 -9999 -9999 -9999 -9999 -9999 -9999 -9999 -9999 -9999 -9999 -9999 -9999 -9999 -9999 -9999 -9999 -9999 -9999 -9999 -9999 -9999
31.4013 10.5588 0 0 0 -9999 -9999 -9999 7.28729 31.4461 81.3013 99.2887 188.894 85.9038 101.043 78.3596 59.3904 146.616 136.162 61.3449 125.99 188.484 511.242 304.812 264.55 124.541 34.6843 43.0703 130.548 473.59 954.792 1707.96 2804.09 3533.59 3198.44 2248.44 1256.48 670.353 246.209 57.528 48.2909 10.54 0.375 0 0 0 0 0 -9999 -9999 -9999 -9999 -9999 -9999 -9999 -9999 -9999 -9999 -9999 -9999 -9999 -9999 -9999 -9999 -9999 -9999 -9999 -9999 -9999 -9999 -9999 -9999 -9999 -9999 -9999 -9999 -9999
0 0 0.1875 0.5625 0 0 0 0 6.76777 32.5459 88.1571 127.653 400.491 373.642 182.671 26.4324 22.5041 124.013 433.698 631.296 514.677 483.277 562.768 177.45 100.777 0 0 0 0.75 49.3869 528.036 1441.29 2547.8 3156.34 2749.73 1900.53 920.131 280.564 61.5867 33.7102 0 0 0 0 0 0 0 0 -9999 -9999 -9999 -9999 -9999 -9999 -9999 -9999 -9999 -9999 -9999 -9999 -9999 -9999 -9999 -9999 -9999 -9999 -9999 -9999 -9999 -9999 -9999 -9999 -9999 -9999 -9999 -9999 -9999
0 0 8.15349 8.13204 0 0 429.648 85.9296 0 0 5.71599 111.324 483.738 660.287 365.639 99.9217 234.994 619.174 1015.13 1461.23 1460.59 1283.96 1001.19 541.225 173.251 9.40165 0 0 0 86.6577 672.172 1615.24 2577.47 2637.4 2165.04 1446.76 758.507 388.966 50.7509 0 0 0 9.24632 3.08211 0 0 0 0 -9999 -9999 -9999 -9999 -9999 -9999 -9999 -9999 -9999 -9999 -9999 -9999 -9999 -9999 -9999 -9999 -9999 -9999 -9999 -9999 -9999 -9999 -9999 -9999 -9999 -9999 -9999 -9999 -9999
10.3713 0 7.59099 6.44454 -9999 -9999 858.349 260.374 8.71599 15.6213 22.3658 135.436 250.457 187.685 61.8198 45.4277 630.537 1358.39 1893.88 2285.67 2104.65 1610.09 1021.23 417.761 247.63 60.323 0 0 2.82583 118.496 728.89 1639.46 2212.5 1752.5 1333.62 837.708 205.504 111.842 18.4853 0 0 0.375 12.4338 4.01961 0 0 -9999 -9999 -9999 -9999 -9999 -9999 -9999 -9999 -9999 -9999 -9999 -9999 -9999 -9999 -9999 -9999 -9999 -9999 -9999 -9999 -9999 -9999 -9999 -9999 -9999 -9999 -9999 -9999 -9999 -9999 -9999
17.8713 0 0 0 -9999 -9999 142.9 93.4758 6.31954 16.3284 27.9479 15.9605 12.7256 4.13833 20.3033 126.691 913.417 1849.51 2639.4 2659.42 1815.96 1104.49 461.641 70.8002 203.478 112.876 0 0 86.7029 523.206 1010.07 1323.1 1497.48 1010.47 478.027 182.915 16.3051 3.49816 0 0 0 0.125 1.0625 0.3125 0 -9999 -9999 -9999 -9999 -9999 -9999 -9999 -9999 -9999 -9999 -9999 -9999 -9999 -9999 -9999 -9999 -9999 -9999 -9999 -9999 -9999 -9999 -9999 -9999 -9999 -9999 -9999 -9999 -9999 -9999 -9999 -9999
4.66421 0 0 0 0 0 0 4.25 13.5178 1.03033 43.1925 130.827 140.441 127.471 381.507 887.074 1486.28 2300.56 2900.33 2384.62 1278.06 442.459 48.9374 0.25 80.9704 101.764 0.75 0 350.758 1043.07 850.278 422.499 496.039 375.576 93.4975 1 0 0 1.39017 3.6705 0 0 0 0 0 -9999 -9999 -9999 -9999 -9999 -9999 -9999 -9999 -9999 -9999 -9999 -9999 -9999 -9999 -9999 -9999 -9999 -9999 -9999 -9999 -9999 -9999 -9999 -9999 -9999 -9999 -9999 -9999 -9999 -9999 -9999 -9999
12.0444 3.15533 0 0 0 0 0 3.75 9.31066 24.1192 248.022 400.23 340.275 441.21 862.305 1533.62 2276.26 2853.85 3020.22 2271.1 1153.59 336.522 23.1458 0.25 143.255 332.236 134.179 17.023 302.019 850.033 700.193 140.217 53.2043 121.046 75.4093 73.5232 11.523 19.273 52.7201 91.1781 14.1213 0 0 0 0 -9999 -9999 -9999 -9999 -9999 -9999 -9999 -9999 -9999 -9999 -9999 -9999 -9999 -9999 -9999 -9999 -9999 -9999 -9999 -9999 -9999 -9999 -9999 -9999 -9999 -9999 -9999 -9999 -9999 -9999 -9999 -9999
1.05178 3.15533 0 0 0 0 0 0 8.25 28.9298 148.131 112.286 70.7691 186.939 727.488 1624.02 2672.48 3425.83 3405.9 2553.8 1482.87 766.359 289.368 110.385 235.929 812.422 632.979 113.629 56.2573 403.08 598.048 242.948 300.904 514.699 612.832 576.933 298.679 257.454 205.411 106.756 19.3713 0 0 0 -9999 -9999 -9999 -9999 -9999 -9999 -9999 -9999 -9999 -9999 -9999 -9999 -9999 -9999 -9999 -9999 -9999 -9999 -9999 -9999 -9999 -9999 -9999 -9999 -9999 -9999 -9999 -9999 -9999 -9999 -9999 -9999 -9999
0 0 0 0 0 5.62132 72.851 29.4099 17.75 6.63388 24.5773 18.1631 15.1454 169.808 778.245 1659.19 2764.21 3673.99 3786.33 2971.36 2105.91 1496.41 1015.42 585.025 255.258 979.584 887.789 229.917 259.481 489.056 292.411 466.874 1065.45 1380.02 1544.21 1468.06 958.641 359.736 67.2798 9.6132 1.75 0 0 0 0 -9999 -9999 -9999 -9999 -9999 -9999 -9999 -9999 -9999 -9999 -9999 -9999 -9999 -9999 -9999 -9999 -9999 -9999 -9999 -9999 -9999 -9999 -9999 -9999 -9999 -9999 -9999 -9999 -9999 -9999 -9999 -9999
122.949 77.3515 17.2504 0.588388 8.41421 68.9286 371.335 387.38 66.9779 0 8.12132 8.70711 7.60432 153.287 571.853 1332.79 2442.08 3401.12 3997.51 3678.44 2986.91 2469.23 1935.62 1181.21 784.584 1329.67 1407.79 1062.63 1193.55 1166.07 668.623 945.653 1911.59 2472.35 2591.05 2163.46 1140.99 360.567 56.7595 8.36948 0 0 0 0 0 0 0 -9999 -9999 -9999 -9999 -9999 -9999 -9999 -9999 -9999 -9999 -9999 -9999 -9999 -9999 -9999 -9999 -9999 -9999 -9999 -9999 -9999 -9999 -9999 -9999 -9999 -9999 -9999 -9999 -9999 -9999
785.094 458.428 153.95 21.1898 0 5.34099 76.5956 114.817 0.75 0 2.03033 0.676777 1.25444 35.7486 320.044 1075.57 2184.44 3144.44 4056.67 4335 3826.87 3281.87 2558.01 1967.03 1707.46 2080.15 2243.28 2019.71 2110.64 1939.16 1546.83 1683.61 2421.16 3195.08 3211.02 2387.08 1323.77 666.589 308.961 66.6041 0 0 0 0 0 0 0 -9999 -9999 -9999 -9999 -9999 -9999 -9999 -9999 -9999 -9999 -9999 -9999 -9999 -9999 -9999 -9999 -9999 -9999 -9999 -9999 -9999 -9999 -9999 -9999 -9999 -9999 -9999 -9999 -9999 -9999
971.344 402.875 116.63 31.58 10.4812 95.7596 121.628 115.806 11.3033 1.125 10.1383 3.00444 0.426777 85.9678 510.477 1246.81 2312.73 3229.27 4141.21 4880.24 4541.24 3869.52 3290.79 2867.3 2656.04 3008.73 3177.58 2979.71 3050.41 2842.34 2503.97 2628.23 3121.89 3709.51 3661.98 2794.27 1791.97 1019.14 398.43 178.839 75.7224 3.9375 0 0 0 0 0 -9999 -9999 -9999 -9999 -9999 -9999 -9999 -9999 -9999 -9999 -9999 -9999 -9999 -9999 -9999 -9999 -9999 -9999 -9999 -9999 -9999 -9999 -9999 -9999 -9999 -9999 -9999 -9999 -9999 -9999
408.115 100.951 15.5784 142.702 132.505 437.488 595.441 377.997 15.0104 0.375 6.76333 15.3721 2.85355 152.377 752.958 1578.79 2362.22 3051.18 3958.25 4816.85 4377.22 3698.06 3239.26 2841.1 2802.79 3192.32 3591.38 3814.81 3996.47 3799.48 3463.97 3588.23 4037.16 4385.2 4100.79 3207.25 2112.9 1207.84 656.537 732.376 342.056 15.4871 0 3 0 0 0 -9999 -9999 -9999 -9999 -9999 -9999 -9999 -9999 -9999 -9999 -9999 -9999 -9999 -9999 -9999 -9999 -9999 -9999 -9999 -9999 -9999 -9999 -9999 -9999 -9999 -9999 -9999 -9999 -9999 -9999
376.91 120.061 213.707 801.955 979.057 876.844 387.883 50.7491 0.993719 59.1116 95.3758 32.7564 64.664 58.4303 444.12 949.157 1629.93 2540.72 3500.72 4364.06 3842.79 2952.32 2272.38 1805.27 1806.95 2286.62 2878.86 3389.7 4062.12 4139.47 4008.1 3852.53 3901.25 4279.47 4217.73 3428.04 2341.51 1664.43 1390.54 1425.85 778.971 141.25 2.74816 105.357 20.435 4.01629 -9999 -9999 -9999 -9999 -9999 -9999 309.203 153.64 0 0 0 1936.55 1936.55 -9999 -9999 -9999 -9999 -9999 -9999 -9999 -9999 -9999 -9999 -9999 -9999 -9999 -9999 -9999 -9999 -9999 -9999
986.052 587.932 482.976 1240.07 1567.52 841.729 241.309 29.7993 41.1138 345.317 550.007 192.217 468.768 297.386 203.829 447.942 1370.35 2329.47 3289.47 4070.94 3440.94 2487.14 1600.09 916.068 935.884 1525.39 2045.84 2713.9 3409.95 3219.06 3163.32 2936.4 2941.25 3341.82 3607.71 3063.63 1963.32 1126.61 792.04 872.808 574.167 121.835 47.8312 202.17 292.771 360.132 897.344 -9999 -9999 -9999 -9999 503.553 408.285 171.765 9.68198 0 8.39275 1123.07 1844.59 1997.62 -9999 -9999 -9999 -9999 -9999 -9999 -9999 -9999 -9999 -9999 -9999 -9999 -9999 -9999 -9999 -9999 -9999
1799.59 1195.97 1041.24 1594.02 1816.69 902.12 274.208 78.4528 202.259 890.81 1150.2 728.646 984.773 854.759 481.549 743.717 1673.27 2597.63 3550.08 3958.73 3061.9 2101.94 1148.13 323.87 426.074 755.038 1366.39 2259.29 2567.81 2259.06 2203.96 1976.61 1983.45 2459.59 3066.41 2822.82 1752.13 805.282 231.871 203.482 181.591 62.1078 271.418 738.755 1013.39 878.507 727.314 569.199 -9999 -9999 0 225.784 603.053 504.677 151.197 30.3529 168.087 661.545 1634.2 2486.62 3462.63 -9999 -9999 -9999 -9999 -9999 -9999 -9999 -9999 -9999 -9999 -9999 -9999 -9999 -9999 -9999 -9999
2519.09 2063.08 1958.29 2222.47 2084.66 1429.37 933.958 399.3 290.38 1072.08 1655.79 1598.19 1771.67 1651.72 1357.6 1520.8 2177.55 3017.81 3682.96 3746.17 3015.63 2074.96 1134.63 406.196 413.332 453.581 1125.89 1923.28 1682.08 1299.06 1287.79 1042.94 1081.15 1830.85 2562.8 2620.11 1955.51 1053.25 484.711 512.612 465.19 312.939 661.484 1396.92 1328.3 641.862 273.674 188.319 0 0 1.63043 36.2708 607.596 1053.23 697.581 350.069 776.702 1196.78 1813.57 2612.26 3377.62 -9999 -9999 -9999 -9999 -9999 -9999 -9999 -9999 -9999 -9999 -9999 -9999 -9999 -9999 -9999 -9999
3125.2 2574.65 2196.25 1804.56 1406.13 1439.21 1064.22 371.765 115.05 639.671 1498.65 2238.68 2338.5 1806.75 1543.18 1787.27 2261.89 2692.6 2891.6 2795.69 2502.64 1902.16 996.205 361.224 184.105 431.923 1199.34 1414.71 786.472 396.681 371.601 279.352 586.909 1450.73 1747.89 1635.62 1679.68 1616.79 1429.22 1573.94 1502.19 1316.63 1573.09 1979.58 1350.84 475.841 50.6241 1.3125 5.46155 8.29366 127.663 509.964 1172.23 1762.22 1670.3 1339.69 1674.6 2212.37 2658.84 3157.78 -9999 -9999 -9999 -9999 -9999 -9999 -9999 -9999 -9999 -9999 -9999 -9999 -9999 -9999 -9999 -9999 -9999
2648.18 1896.97 1320.8 919.948 512.081 667.696 502.159 129.992 308 728.833 1387.24 1779.2 1865.56 1109.11 663.679 897.212 1345.9 1849.32 1995.87 1835.77 1636.39 1507.37 783.33 140.368 395.543 628.921 1016.54 971.13 347.708 360.504 341.234 285.879 757.3 1301.05 1010.49 702.838 906.138 1383.55 1743.93 2191.47 2348.02 2269.8 2501.58 2466.99 1504.08 647.464 236.153 142.797 227.979 261.456 347.224 873.62 1807.15 2460.7 2574.13 2298.41 2591.07 3043.18 3562.51 3960.74 -9999 -9999 -9999 -9999 -9999 -9999 -9999 -9999 -9999 -9999 -9999 -9999 -9999 -9999 -9999 -9999 -9999
1903.77 1371.91 593.66 249.339 52.9636 148.593 169.15 384.474 1023.66 1232.38 1032.79 897.736 1196.56 742.221 219.044 198.966 635.368 1260.97 1184.48 899.71 720.795 840.462 499.77 85.2159 280.01 530.959 358.044 344.679 270.969 245.862 222.55 182.937 514.87 828.433 491.585 137.25 282.44 604.894 1167.3 1782.6 2417.82 2912.54 3305.83 2901.63 1874.23 1244.94 970.964 820.734 986.591 1074.44 1092.17 1364.31 2112.68 2794.62 3240.01 3235.84 3548.36 3949.62 4400.66 4889.78 -9999 -9999 -9999 -9999 -9999 -9999 -9999 -9999 -9999 -9999 -9999 -9999 -9999 -9999 -9999 -9999 -9999
1014.14 804.378 219.112 16.9435 4.20083 33.8148 351.502 976.022 1603.27 1217.69 445.52 174.796 540.703 294.8 169.646 235.455 805.298 908.503 483.203 187.105 106.169 187.256 94.8624 20.4908 102.159 430.145 203.741 32.1048 109.538 303.561 43.4518 14.5118 274.733 196.69 139.18 46.5556 37.3022 170.872 473.054 1017.29 1890.25 2721.71 3286.7 3218.64 2577.4 2163.81 1928.35 1775.21 1862.86 1567.4 1117.92 1109.16 1652.69 2346.57 3150.73 3874.05 4495.68 4906 5306.36 5727.73 6741.61 7432.02 -9999 -9999 -9999 -9999 -9999 -9999 -9999 -9999 -9999 -9999 -9999 -9999 -9999 -9999 -9999
188.52 301.405 87.9237 54.8496 143.743 102.058 191.925 710.576 1276.46 907.909 420.308 78.9096 53.2691 66.5071 3.47018 1675.98 1483.93 641.228 81.8455 8 2.60355 29.1244 28.8137 16.3284 124.638 649.49 778.696 385.155 956.867 2512.78 -9999 -9999 -9999 195.508 90.6069 6.93198 0 0 26.614 383.947 1286.6 1880.2 2356.87 3082.19 3549.12 3279.95 3041.73 2778.47 2079.22 1156.47 406.199 243.53 889.038 1735.8 2681.75 3641.49 4753.99 5613.05 6270.38 6791.64 7311.17 7633.62 -9999 -9999 -9999 -9999 -9999 -9999 -9999 -9999 -9999 -9999 -9999 -9999 -9999 -9999 -9999
280.386 558.971 428.41 491.092 646.513 297.172 101.956 244.089 653.246 280.336 94.0937 10.9982 1.01517 5.07583 -9999 -9999 1500.85 823.065 153.137 0 0 0 0 0 192.899 927.571 1422.26 1361.73 1861.53 2512.78 -9999 -9999 -9999 -9999 0 0 4.00888 12.5267 0.5 143.826 597.08 1019.82 1745.89 2675.41 3718.68 4076.49 3883.8 3200.39 2098.57 1179.98 420.203 52.9384 458.747 1369.64 2327.4 3287.4 4407.4 5362.84 6248.39 7186.68 7860.21 7836.75 -9999 -9999 -9999 -9999 -9999 -9999 -9999 -9999 -9999 -9999 -9999 -9999 -9999 -9999 -9999
690.295 1058.76 808.104 520.543 508.632 312.937 348.561 316.607 290.133 185.507 248.164 97.062 0 0 -9999 -9999 -9999 -9999 -9999 -9999 -9999 0 0 0 624.552 1336.68 2065.02 2213.97 1986.44 -9999 -9999 -9999 -9999 -9999 -9999 0 39.451 115.971 15.6176 30.8995 116.417 574.751 1470.12 2429.8 3548.34 4394.44 4430.14 3602.26 2518.06 1706.89 866.822 184.757 261.559 1096.15 2054.2 3014.2 4134.2 5089.79 5981.6 6769.77 7775 -9999 -9999 -9999 -9999 -9999 -9999 -9999 -9999 -9999 -9999 -9999 -9999 -9999 -9999 -9999 -9999
1268.57 1247.81 521.574 92.8872 73.7942 107.916 287.427 348.92 84.9661 480.164 854.66 504.595 680.359 -9999 -9999 -9999 -9999 -9999 -9999 -9999 -9999 -9999 -9999 -9999 1723.63 1808.4 2079.13 2473.45 -9999 -9999 -9999 -9999 -9999 -9999 -9999 0 360.096 464.02 144.094 170.005 465.038 944.176 1718.19 2659.73 3779.69 4697.73 4829.9 4011.69 3073.74 2214.16 1358.69 646.538 400.351 1131.88 2085.33 3045.33 4165.33 5124.44 6070.63 7017.44 7894.8 -9999 -9999 -9999 -9999 -9999 -9999 -9999 -9999 -9999 -9999 -9999 -9999 -9999 -9999 -9999 -9999
1820.14 1245.48 371.699 21.5818 49.0571 347.089 542.112 297.202 157.27 783.884 1498.49 1665.87 -9999 -9999 -9999 -9999 -9999 -9999 -9999 -9999 -9999 -9999 -9999 -9999 -9999 -9999 -9999 -9999 -9999 -9999 -9999 -9999 -9999 -9999 -9999 -9999 921.472 950.388 1000.57 1130.6 1465.33 1894.78 2404.73 3143.07 4140.78 5084.22 5230.43 4548.85 3630.71 2810 2109.31 1531.68 1364.66 1742.94 2547.31 3491.9 4557.51 5233.73 5519.93 -9999 -9999 -9999 -9999 -9999 -9999 -9999 -9999 -9999 -9999 -9999 -9999 -9999 -9999 -9999 -9999 -9999 -9999
1819.22 1389.11 607.9 75.3143 87.0994 617.144 1309.43 1786.89 -9999 1467.85 1683.83 1827.82 -9999 -9999 -9999 -9999 -9999 -9999 -9999 -9999 -9999 -9999 -9999 -9999 -9999 -9999 -9999 -9999 -9999 -9999 -9999 -9999 -9999 -9999 -9999 -9999 -9999 1798.97 1865.66 1929.13 2227.29 2433.3 2913.91 3443.42 3998.4 -9999 -9999 4484.8 3849.07 3227.53 2739.65 2356.74 2289.22 2440.59 3561.2 4040.2 4917.43 5322.9 -9999 -9999 -9999 -9999 -9999 -9999 -9999 -9999 -9999 -9999 -9999 -9999 -9999 -9999 -9999 -9999 -9999 -9999 -9999
990.925 985.786 739.731 220.867 434.616 986.831 1633.01 1254.53 248.73 49.7109 1.11111 0 -9999 -9999 -9999 -9999 -9999 -9999 -9999 -9999 -9999 -9999 -9999 -9999 -9999 -9999 -9999 -9999 -9999 -9999 -9999 -9999 -9999 -9999 -9999 -9999 -9999 2104.04 2220.99 2172.93 2507.11 -9999 -9999 -9999 -9999 -9999 -9999 -9999 -9999 3252.69 3252.69 2755.96 2761.34 2889.95 3800.61 4776.69 5213.8 5406.24 -9999 -9999 -9999 -9999 -9999 -9999 -9999 -9999 -9999 -9999 -9999 -9999 -9999 -9999 -9999 -9999 -9999 -9999 -9999
178.806 251.076 529.93 561.202 1035.91 1670.77 1991.52 1436.68 684.535 196.987 6.92933 0 0 0 0 0 0 1.66667 1.66667 0 0 20 20 0 -9999 492.606 676.745 953.483 245.104 0 0 0 -9999 -9999 -9999 -9999 -9999 -9999 -9999 -9999 -9999 -9999 -9999 -9999 -9999 -9999 -9999 -9999 -9999 -9999 -9999 -9999 -9999 -9999 -9999 5108.02 5298.71 -9999 -9999 -9999 -9999 -9999 -9999 -9999 -9999 -9999 -9999 -9999 -9999 -9999 -9999 -9999 -9999 -9999 -9999 -9999 -9999
4.35355 54.4025 244.236 540.444 1451.47 2082.55 2358.74 1997.43 1045.43 280.58 19.449 58.9052 210.836 58.4077 19.7593 8.80438 2.00444 67.6977 158.438 124.531 88.6242 258.845 188.061 57.5649 45.6685 58.9666 180.997 570.334 601.796 112.079 11.9712 0 0 -9999 -9999 -9999 -9999 -9999 -9999 -9999 -9999 -9999 -9999 -9999 -9999 -9999 -9999 -9999 -9999 -9999 -9999 -9999 -9999 -9999 -9999 -9999 -9999 -9999 -9999 -9999 -9999 -9999 -9999 -9999 -9999 -9999 -9999 -9999 -9999 -9999 -9999 -9999 -9999 -9999 -9999 -9999 -9999
59.5741 90.7371 118.243 345.667 1034.66 1306.95 1806.58 1793.15 790.551 124.164 39.3929 421.985 822.676 561.455 298.178 148.012 77.513 170.597 567.526 765.867 674.26 968.131 854.57 590.298 488.732 331.787 72.022 306.059 919.668 581.401 132.343 3.45711 0 0 0 0 -9999 -9999 -9999 -9999 -9999 -9999 -9999 -9999 -9999 -9999 -9999 -9999 -9999 -9999 -9999 -9999 -9999 -9999 -9999 -9999 -9999 -9999 -9999 -9999 -9999 -9999 -9999 -9999 -9999 -9999 -9999 -9999 -9999 -9999 -9999 -9999 -9999 -9999 -9999 -9999 -9999
