public/models/data/input/map/ntb/1000/mapdcenter.asc
NCOLS 388
NROWS 274
XLLCORNER 370313.940441
YLLCORNER 9267024.452423
CELLSIZE 1000.000000
NODATA_VALUE       -9999
[rows 204 to 237 of 274, columns 308 to 384 of 388]
18046.7 19006.7 19966.7 20921.2 21975.8 22735 23143.8 -9999 -9999 21992.3 22004.8 22278.2 22491.8 21757.4 20797.9 19837.9 18717.9 17757.9 16797.9 15843.8 14997.4 14555.7 14156.9 13759.3 13295.4 12897.7 12500.1 12102.5 11638.5 11240.9 10880.5 10955.1 11398.3 11795.9 12193.6 12591.2 13055.1 13452.8 13850.4 14248.1 14720.9 15248.3 16063.8 17017.9 18137.9 19097.9 20036.9 20477.4 -9999 -9999 -9999 -9999 -9999 -9999 -9999 -9999 -9999 -9999 -9999 -9999 -9999 -9999 -9999 -9999 -9999 -9999 -9999 -9999 -9999 -9999 -9999 -9999 -9999 -9999 -9999 -9999 -9999
18394.4 19339.2 20210.4 20968.7 21678.2 22378.7 -9999 -9999 -9999 20938.4 21007.2 21318.2 21698.1 21332.6 20400.3 19440.3 18320.3 17360.3 16400.3 15440.3 14354.6 13657.8 13198.4 12799.3 12335.4 11937.7 11540.1 11142.5 10678.5 10280.9 9920.54 9995.09 10438.3 10835.9 11233.6 11631.2 12095.1 12492.8 12890.4 13289.3 13890.7 14706.9 15660.3 16620.3 17740.3 18700.3 19612.5 20426.5 -9999 -9999 -9999 -9999 -9999 -9999 -9999 -9999 -9999 -9999 -9999 -9999 -9999 -9999 -9999 -9999 -9999 -9999 -9999 -9999 -9999 -9999 -9999 -9999 -9999 -9999 -9999 -9999 -9999
18712 19308.5 19835.8 20291.1 20746.4 -9999 -9999 -9999 19005.4 19402.3 19959.7 20358.2 20803.9 20790.7 20002.6 19042.6 17922.6 16962.6 16002.6 15042.6 13923.4 13006 12300.1 11840.4 11375.4 10977.8 10580.1 10182.5 9718.54 9320.9 8960.54 9035.09 9478.3 9875.94 10273.6 10671.2 11135.2 11532.8 11931.8 12422.8 13348.5 14302.6 15262.6 16222.6 17342.6 18292.1 19230.1 19546 -9999 -9999 -9999 -9999 -9999 -9999 -9999 -9999 -9999 -9999 -9999 -9999 -9999 -9999 -9999 -9999 -9999 -9999 -9999 -9999 -9999 -9999 -9999 -9999 -9999 -9999 -9999 -9999 -9999
18469.4 18537.2 18917.7 19257.7 19434.8 -9999 -9999 -9999 18017.3 18568.2 18998.4 19398.2 19861.3 20093.9 19591.2 18645 17525 16565 15605 14645 13525 12565.7 11639.3 10924.5 10415.4 10017.8 9620.11 9222.46 8758.55 8360.9 8000.54 8075.1 8518.3 8915.95 9313.59 9711.24 10175.2 10574 11065.2 11842.7 12945 13905 14865 15825 16945 17901.5 18866.3 19548.9 -9999 -9999 -9999 -9999 -9999 -9999 -9999 -9999 -9999 -9999 -9999 -9999 -9999 -9999 -9999 -9999 -9999 -9999 -9999 -9999 -9999 -9999 -9999 -9999 -9999 -9999 -9999 -9999 -9999
17439.4 17418.7 17798.2 18227.6 18932.9 18680.4 17228.3 16776.1 17082.6 17482.9 17880.6 18278.2 18742.1 19117.3 19004.4 18180.7 17061.1 16101.1 15141.1 14181.1 13061.1 12101.1 11141.1 10186.9 9340.58 8898.86 8500.11 8102.47 7638.55 7240.9 6880.54 6955.1 7398.31 7795.95 8193.6 8591.24 9064.09 9591.49 10406.9 11361.1 12481.1 13441.1 14401.1 15361.1 16487.4 17453.4 18351.8 19297.9 -9999 -9999 -9999 -9999 -9999 -9999 -9999 -9999 -9999 -9999 -9999 -9999 -9999 -9999 -9999 -9999 -9999 -9999 -9999 -9999 -9999 -9999 -9999 -9999 -9999 -9999 -9999 -9999 -9999
16479.4 16459.3 16886.2 17536.4 18738.7 19199.2 16023.8 15912.5 16125.3 16522.9 16920.6 17318.2 17782.1 18179.6 18366.6 17770.5 16663.4 15703.4 14743.4 13783.4 12663.4 11703.4 10743.4 9783.44 8697.79 8000.95 7541.58 7142.47 6678.55 6280.9 5920.54 5995.1 6438.31 6835.95 7233.6 7632.41 8233.84 9050.03 10003.4 10963.4 12083.4 13043.4 14003.4 14946 16114.3 17246.8 17964.1 18147.4 -9999 -9999 -9999 -9999 -9999 -9999 -9999 -9999 -9999 -9999 -9999 -9999 -9999 -9999 -9999 -9999 -9999 -9999 -9999 -9999 -9999 -9999 -9999 -9999 -9999 -9999 -9999 -9999 -9999
15520.7 15559.6 16232.5 17009.6 -9999 -9999 14953.2 14864.9 15165.3 15562.9 15960.6 16358.2 16822.1 17219.8 17577 17316.9 16265.8 15305.8 14345.8 13385.8 12265.8 11305.8 10345.8 9385.8 8266.53 7349.15 6643.31 6183.57 5718.55 5320.9 4960.54 5035.1 5478.31 5875.95 6274.91 6765.99 7691.66 8645.8 9605.79 10565.8 11685.8 12645.8 13605.8 14415.2 15914.2 17233.8 -9999 -9999 -9999 -9999 -9999 -9999 -9999 -9999 -9999 -9999 -9999 -9999 -9999 -9999 -9999 -9999 -9999 -9999 -9999 -9999 -9999 -9999 -9999 -9999 -9999 -9999 -9999 -9999 -9999 -9999 -9999
14539.8 14470.4 16070.4 16826.8 -9999 -9999 13453.2 13739 14205.3 14602.9 15000.6 15398.2 15862.1 16259.8 16656.1 16777.4 15868.1 14908.1 13948.1 12988.1 11868.1 10908.1 9948.15 8988.15 7868.15 6908.89 5982.5 5267.65 4758.55 4360.9 4000.54 4075.1 4518.31 4917.12 5408.35 6185.87 7288.15 8248.15 9208.15 10168.1 11288.1 12248.1 13208.1 14062.6 14629 -9999 -9999 -9999 -9999 -9999 -9999 -9999 -9999 -9999 -9999 -9999 -9999 -9999 -9999 -9999 -9999 -9999 -9999 -9999 -9999 -9999 -9999 -9999 -9999 -9999 -9999 -9999 -9999 -9999 -9999 -9999 -9999
13408.4 12975.4 12476 11826.9 11462 11594.2 12145.9 12608.4 13085.3 13482.9 13880.6 14278.2 14742.1 15139.8 15537.4 15908.6 15404 14444.2 13484.2 12524.2 11404.2 10444.2 9484.23 8524.23 7404.23 6444.23 5484.23 4530.09 3683.73 3242 2880.54 2955.1 3407.24 3934.64 4750.09 5704.23 6824.23 7784.23 8744.23 9704.23 10824.2 11784.2 12744.2 13688.5 14650.5 -9999 -9999 -9999 -9999 -9999 -9999 -9999 -9999 -9999 -9999 -9999 -9999 -9999 -9999 -9999 -9999 -9999 -9999 -9999 -9999 -9999 -9999 -9999 -9999 -9999 -9999 -9999 -9999 -9999 -9999 -9999 -9999
12448.4 12050.7 11643 11114.2 10780.8 10860.4 11262 11661.4 12125.3 12522.9 12920.6 13318.2 13782.1 14179.8 14581.8 15080.2 15005.4 14046.6 13086.6 12126.6 11006.6 10046.6 9086.59 8126.59 7006.59 6046.59 5086.59 4126.59 3040.93 2344.1 1922 1996.27 2576.99 3393.18 4346.59 5306.59 6426.59 7386.59 8346.59 9306.59 10426.6 11386.6 12346.6 13120.9 14654.5 -9999 -9999 -9999 -9999 -9999 -9999 -9999 -9999 -9999 -9999 -9999 -9999 -9999 -9999 -9999 -9999 -9999 -9999 -9999 -9999 -9999 -9999 -9999 -9999 -9999 -9999 -9999 -9999 -9999 -9999 -9999 -9999
11488.4 11090.7 10693.1 10295.5 9875.03 9912.31 10303.7 10701.4 11165.3 11562.9 11960.6 12358.2 12822.2 13224.2 13733 14512.6 14607.6 13648.9 12688.9 11728.9 10608.9 9648.94 8688.94 7728.94 6608.94 5648.94 4688.94 3728.94 2609.68 1692.29 1025.05 1130.95 2034.8 2988.94 3948.94 4908.94 6028.94 6988.94 7948.94 8908.94 10028.9 10988.9 11928.5 12704.2 -9999 -9999 -9999 -9999 -9999 -9999 -9999 -9999 -9999 -9999 -9999 -9999 -9999 -9999 -9999 -9999 -9999 -9999 -9999 -9999 -9999 -9999 -9999 -9999 -9999 -9999 -9999 -9999 -9999 -9999 -9999 -9999 -9999
10528.4 10130.7 9733.1 9335.46 8915.03 8952.31 9343.74 9741.39 10205.3 10602.9 11000.6 11398.2 11865.1 12364.9 13154.9 14097.9 14404 13483.3 12523.3 11563.3 10443.3 9483.26 8523.26 7563.26 6443.26 5483.26 4523.26 3563.26 2443.26 1485.16 689.631 826.869 1863.26 2823.26 3783.26 4743.26 5863.26 6823.26 7783.26 8743.26 9863.26 10823.3 11770.9 12490.5 15428.4 -9999 -9999 -9999 -9999 -9999 -9999 -9999 -9999 -9999 -9999 -9999 -9999 -9999 -9999 -9999 -9999 -9999 -9999 -9999 -9999 -9999 -9999 -9999 -9999 -9999 -9999 -9999 -9999 -9999 -9999 -9999 -9999
9408.39 9010.75 8613.11 8215.46 7795.04 7832.31 8223.75 8621.39 9085.31 9482.95 9880.6 10281.2 10879.2 11715.6 12673.9 13633.9 14449.3 13870.9 12912.6 11952.6 10832.6 9872.62 8912.62 7952.62 6832.62 5872.62 4912.62 3952.62 2841.55 2011.3 1506.4 1580.95 2297.8 3213.72 4172.62 5132.62 6252.62 7212.62 8172.62 9132.62 10252.6 11212.6 12172.6 13105.8 14581.1 15075.3 15780.4 -9999 -9999 -9999 -9999 -9999 -9999 -9999 -9999 -9999 -9999 -9999 -9999 -9999 -9999 -9999 -9999 -9999 -9999 -9999 -9999 -9999 -9999 -9999 -9999 -9999 -9999 -9999 -9999 -9999 -9999
8448.4 8050.75 7653.11 7255.46 6835.04 6872.31 7263.75 7661.39 8125.31 8522.96 8924.99 9423.39 10358 11316.2 12276.2 13236.2 14256.3 14215.6 13310.3 12350.3 11230.3 10270.3 9310.26 8350.26 7230.26 6270.27 5310.27 4351.44 3368.95 2827.49 2460.54 2535.1 3012.65 3673.46 4571.73 5530.27 6650.27 7610.26 8570.26 9530.26 10650.3 11610.3 12570.3 13530.3 14643.4 15492.5 15847.2 -9999 -9999 -9999 -9999 -9999 -9999 -9999 -9999 -9999 -9999 -9999 -9999 -9999 -9999 -9999 -9999 -9999 -9999 -9999 -9999 -9999 -9999 -9999 -9999 -9999 -9999 -9999 -9999 -9999 -9999
7488.4 7090.75 6693.11 6295.46 5875.04 5912.31 6303.75 6701.39 7165.31 7567.35 8076.15 8855.72 9958.59 10918.6 11878.6 12838.6 13939.5 14376.9 13707.7 12747.9 11627.9 10667.9 9707.91 8747.91 7627.91 6667.91 5709.23 4842.66 4184.41 3780.9 3420.54 3495.1 3939.04 4379.3 5031.1 5929.01 7047.91 8007.91 8967.91 9927.9 11047.9 12007.9 12967.9 13927.9 15042.3 15884.7 16221.5 -9999 -9999 -9999 -9999 -9999 -9999 -9999 -9999 -9999 -9999 -9999 -9999 -9999 -9999 -9999 -9999 -9999 -9999 -9999 -9999 -9999 -9999 -9999 -9999 -9999 -9999 -9999 -9999 -9999 -9999
6577.6 6130.75 5733.11 5335.46 4915.04 4952.31 5343.75 5741.39 6208.24 6708.11 7498.08 8441.09 9560.94 10520.9 11480.9 12440.9 13560.3 14322.7 14075.4 13145.5 12025.5 11065.5 10105.5 9145.55 8025.56 7066.73 6200.31 5620.19 5138.55 4740.9 4380.54 4455.1 4898.31 5296.68 5727.94 6370.73 7445.56 8405.55 9365.55 10325.5 11445.5 12405.5 13365.5 14325.5 15425.2 16168.7 16446.3 -9999 -9999 -9999 -9999 -9999 -9999 -9999 -9999 -9999 -9999 -9999 -9999 -9999 -9999 -9999 -9999 -9999 -9999 -9999 -9999 -9999 -9999 -9999 -9999 -9999 -9999 -9999 -9999 -9999 -9999
5889.33 5110.04 4619.26 4215.46 3795.04 3832.31 4223.75 4624.32 5222.39 6058.78 7017.03 7977.03 9097.02 10057 11017 11977 13097 14036.1 14340.2 13608.3 12489.5 11529.5 10569.5 9609.47 8498.41 7668.16 7125.97 6722.47 6258.55 5860.9 5500.54 5575.1 6018.31 6415.95 6813.6 7217.1 7954.65 8870.57 9829.47 10789.5 11909.5 12869.5 13829.5 14789.5 15886.2 16433.3 -9999 -9999 -9999 -9999 -9999 -9999 26391.1 26939.5 28087.2 28956.9 29707.5 31897.1 31897.1 -9999 -9999 -9999 -9999 -9999 -9999 -9999 -9999 -9999 -9999 -9999 -9999 -9999 -9999 -9999 -9999 -9999 -9999
5479.38 4537.83 3764.99 3261.61 2835.04 2872.31 3268.14 3766.54 4701.14 5659.38 6619.38 7579.38 8699.38 9659.38 10619.4 11579.4 12699.4 13659.4 14369.7 13982.3 12887.1 11927.1 10967.1 10008.3 9025.8 8484.35 8080.11 7682.47 7218.55 6820.9 6460.54 6535.1 6978.31 7375.95 7773.6 8171.24 8669.5 9330.31 10228.6 11187.1 12307.1 13267.1 14227.1 15187.1 16290.4 17047.1 17734.8 -9999 -9999 -9999 -9999 25014.3 26166 26858.4 27937.1 28842.1 29717.2 31128.2 31785.1 31907.3 -9999 -9999 -9999 -9999 -9999 -9999 -9999 -9999 -9999 -9999 -9999 -9999 -9999 -9999 -9999 -9999 -9999
5081.74 4121.74 3180.19 2394.75 1875.04 1916.71 2419.29 3198.87 4301.74 5261.74 6221.74 7181.74 8301.74 9261.73 10221.7 11181.7 12301.7 13261.7 14180.6 14288.7 13284.7 12324.8 11366.1 10499.5 9841.26 9437.75 9040.11 8642.47 8178.55 7780.9 7420.54 7495.1 7938.3 8335.95 8733.59 9131.24 9595.89 10036.1 10687.9 11585.9 12704.8 13664.7 14624.7 15584.7 16703.1 17624.2 18511.5 19018.4 -9999 -9999 23825.2 24590.3 25606.5 26545.9 27512 28471.2 29561.7 30504.9 31487.4 32200.6 33049 -9999 -9999 -9999 -9999 -9999 -9999 -9999 -9999 -9999 -9999 -9999 -9999 -9999 -9999 -9999 -9999
4684.09 3724.09 2764.09 1816.39 967.171 1057.46 1841.23 2784.24 3904.09 4864.09 5824.09 6784.09 7904.09 8864.09 9824.09 10784.1 11904.1 12864.1 13823.3 14455.8 13682.4 12723.6 11857.1 11277 10795.4 10397.8 10000.1 9602.46 9138.55 8740.9 8380.54 8455.1 8898.3 9295.95 9693.59 10091.2 10555.2 10953.5 11384.8 12027.6 13102.4 14062.4 15022.4 15982.4 17102.4 18061.7 19014.7 19997.6 21229.3 22186.6 23246 24162.8 25276.4 26236.4 27196.4 28156.4 29274.7 30232 31181 32077.7 32899.6 -9999 -9999 -9999 -9999 -9999 -9999 -9999 -9999 -9999 -9999 -9999 -9999 -9999 -9999 -9999 -9999
4568.11 3608.11 2648.11 1691.04 760.98 855.373 1714.26 2668.11 3788.11 4748.11 5708.11 6668.11 7788.11 8748.11 9708.11 10668.1 11788.1 12748.1 13708.1 14601.6 14155.2 13325 12782.8 12379.3 11915.4 11517.7 11120.1 10722.5 10258.5 9860.9 9500.54 9575.09 10018.3 10415.9 10813.6 11211.2 11675.1 12072.8 12470.4 12873.9 13611.5 14527.4 15486.3 16446.3 17566.3 18526.3 19486.3 20446.3 21566.3 22526.3 23486.3 24446.3 25566.3 26526.3 27486.3 28446.3 29566.3 30526.3 31440.8 32060.5 -9999 -9999 -9999 -9999 -9999 -9999 -9999 -9999 -9999 -9999 -9999 -9999 -9999 -9999 -9999 -9999 -9999
4957.47 3997.47 3041.87 2182.62 1576.79 1630.77 2209.36 3063.62 4177.47 5137.47 6097.47 7057.47 8177.47 9137.47 10097.5 11057.5 12177.5 13137.5 14097.5 14994.6 14682.6 14141.2 13737 13339.3 12875.4 12477.7 12080.1 11682.5 11218.5 10820.9 10460.5 10535.1 10978.3 11375.9 11773.6 12171.2 12635.1 13032.8 13430.4 13828.1 14326.3 14987.1 15885.4 16843.9 17963.9 18923.9 19883.9 20843.9 21963.9 22923.9 23883.9 24843.9 25963.9 26923.9 27883.9 28843.9 29963.9 30923.9 31874 32579 -9999 -9999 -9999 -9999 -9999 -9999 -9999 -9999 -9999 -9999 -9999 -9999 -9999 -9999 -9999 -9999 -9999
5355.12 4399.51 3550.66 2972.6 2535.04 2572.31 2982.2 3554.41 4575.12 5535.12 6495.12 7455.12 8575.12 9535.11 10495.1 11434.6 12576.7 13535.1 14495.1 15425.1 15497.9 15094.6 14696.9 14299.3 13835.4 13437.7 13040.1 12642.5 12178.1 11745.1 11280 11332.9 11913.3 12335.9 12733.6 13131.2 13595.1 13992.8 14390.4 14788.1 15252.7 15693 16344.8 17242.7 18361.6 19321.6 20281.6 21241.6 22361.6 23321.6 24281.6 25241.6 26361.6 27321.6 28281.6 29241.6 30361.6 31321.6 32278.7 33058 -9999 -9999 -9999 -9999 -9999 -9999 -9999 -9999 -9999 -9999 -9999 -9999 -9999 -9999 -9999 -9999 -9999
5755.69 4897.91 4330.24 3915.61 3495.04 3532.31 3923.75 4333.69 5021.97 5932.76 6892.76 7852.76 8972.76 9932.76 10854.4 11620.3 13181.6 13937.1 14892.7 15850.9 16409.8 16054.6 15656.9 15259.3 14795.4 14397.7 14000.1 13602.5 13061.8 12538.4 11506.4 11544.7 12651.8 13233.6 13692.5 14091.2 14555.1 14952.8 15350.4 15748.1 16212 16610.4 17041.6 17684.4 18759.2 19719.2 20679.2 21639.2 22759.2 23719.2 24679.2 25639.2 26759.2 27719.2 28679.2 29639.2 30759.2 31719.2 32679.2 33599.7 34782 35505.5 -9999 -9999 -9999 -9999 -9999 -9999 -9999 -9999 -9999 -9999 -9999 -9999 -9999 -9999 -9999
6353.76 5832.51 5433.11 5035.46 4615.04 4652.31 5043.75 5441.39 5917.61 6495.97 7362.83 8316.68 9432.94 10281.1 10995.1 13682.4 14196.7 14568.8 15347.6 16308.1 17217.2 17134.8 16772 16379.3 15915.4 15517.7 15120.1 14737.7 15028.4 16998.4 -9999 -9999 -9999 14463.6 14769.4 15208.5 15675.1 16072.8 16470.4 16868.1 17332 17729.6 18127.3 18530.8 19268.3 20184.3 21143.2 22103.2 23223.2 24183.2 25143.2 26103.2 27223.2 28183.2 29143.2 30103.2 31223.2 32182.5 33131.6 34094.3 35089.8 35698.1 -9999 -9999 -9999 -9999 -9999 -9999 -9999 -9999 -9999 -9999 -9999 -9999 -9999 -9999 -9999
7190.16 6790.75 6393.11 5995.46 5575.04 5612.31 6003.75 6401.39 6865.31 7281.41 7866.21 8720.48 9757.97 10258 -9999 -9999 14807.5 14983.9 15619.8 16538.3 17443.3 17728.9 17633.4 17255.3 16870.8 16477.7 16080.1 15870.1 16333.1 16998.4 -9999 -9999 -9999 -9999 15518.4 16140.4 16635.1 17032.8 17430.4 17828.1 18292 18689.6 19087.3 19484.9 19983.2 20644 21542.3 22500.8 23620.8 24580.8 25540.8 26500.8 27620.8 28580.8 29540.8 30500.8 31620.8 32567 33475.9 34284 35316.3 35891.9 -9999 -9999 -9999 -9999 -9999 -9999 -9999 -9999 -9999 -9999 -9999 -9999 -9999 -9999 -9999
8148.4 7750.75 7353.11 6955.46 6535.04 6572.31 6963.75 7361.39 7825.31 8222.96 8639.05 9166.87 9782.6 10272.4 -9999 -9999 -9999 -9999 -9999 -9999 -9999 18153.6 17995.1 17609.4 17715.2 17427.4 17006.1 16717.8 16444.9 -9999 -9999 -9999 -9999 -9999 -9999 17094.1 17552.3 17992.8 18390.4 18788.1 19252 19649.6 20047.3 20444.9 20909.6 21349.9 22001.7 22899.6 24018.5 24978.5 25938.5 26898.5 28018.5 28978.5 29938.5 30898.5 32018.5 32966.5 33905 34926.7 35910.6 -9999 -9999 -9999 -9999 -9999 -9999 -9999 -9999 -9999 -9999 -9999 -9999 -9999 -9999 -9999 -9999
9108.4 8710.75 8313.11 7915.46 7495.04 7532.31 7923.75 8321.39 8785.31 9182.95 9571.27 9834.02 10272 -9999 -9999 -9999 -9999 -9999 -9999 -9999 -9999 -9999 -9999 -9999 18731.7 18287 17814 16972 -9999 -9999 -9999 -9999 -9999 -9999 -9999 17351.5 18348.8 18952.7 19350.4 19748.1 20212 20609.6 21007.3 21404.9 21868.9 22267.2 22698.5 23341.3 24416.1 25376.1 26336.1 27296.1 28407.2 29364.5 30336.1 31296.1 32416.1 33369.9 34287.4 35222.5 36068.3 -9999 -9999 -9999 -9999 -9999 -9999 -9999 -9999 -9999 -9999 -9999 -9999 -9999 -9999 -9999 -9999
10228.4 9830.75 9433.1 9035.46 8615.03 8643.31 8850.52 9141.6 9634.71 10174.6 10569.6 10645.8 -9999 -9999 -9999 -9999 -9999 -9999 -9999 -9999 -9999 -9999 -9999 -9999 -9999 -9999 -9999 -9999 -9999 -9999 -9999 -9999 -9999 -9999 -9999 -9999 19633.8 19922.7 20469.6 20863.5 21318.5 21694 22097.3 22495 22851.3 23130.7 23525 24099.8 24913.3 25837.6 26797 27759.5 28826.3 29717.4 30870.6 31778.3 32836.6 33514.1 33805.9 -9999 -9999 -9999 -9999 -9999 -9999 -9999 -9999 -9999 -9999 -9999 -9999 -9999 -9999 -9999 -9999 -9999 -9999
11188.4 10790.7 10393.1 9995.46 9575.03 9592.09 10152.3 10815.6 -9999 10909 10980.5 11028.2 -9999 -9999 -9999 -9999 -9999 -9999 -9999 -9999 -9999 -9999 -9999 -9999 -9999 -9999 -9999 -9999 -9999 -9999 -9999 -9999 -9999 -9999 -9999 -9999 -9999 21170.8 21340.7 21634 22068.8 22191.5 22617.3 23015.1 23159 -9999 -9999 24641.6 25282.3 26204.1 26959.9 28226.8 29213.6 29611.8 31851.8 32321.7 33192.9 33629.1 -9999 -9999 -9999 -9999 -9999 -9999 -9999 -9999 -9999 -9999 -9999 -9999 -9999 -9999 -9999 -9999 -9999 -9999 -9999
12148.4 11750.7 11353.1 10955.5 10535 10579.1 11029.9 11843.6 13073.4 14129.5 15142.5 15874.9 -9999 -9999 -9999 -9999 -9999 -9999 -9999 -9999 -9999 -9999 -9999 -9999 -9999 -9999 -9999 -9999 -9999 -9999 -9999 -9999 -9999 -9999 -9999 -9999 -9999 21545.6 21680.6 21857.6 22376.4 -9999 -9999 -9999 -9999 -9999 -9999 -9999 -9999 26621.5 26621.5 28609.5 29402.1 29780.9 32086.6 33054.6 33475.5 33692.3 -9999 -9999 -9999 -9999 -9999 -9999 -9999 -9999 -9999 -9999 -9999 -9999 -9999 -9999 -9999 -9999 -9999 -9999 -9999
13108.4 12710.7 12313.1 11915.5 11495 11532.3 11927.6 12401.7 13327.7 14306.3 15276.9 16027.7 19984 20120.7 20325.6 22575.2 23101.6 23992.8 24948.1 26018.2 27113.4 27973.1 28796.6 29016.6 -9999 32881.3 33162.6 33972.8 35096.6 36120.6 36956.7 37798.4 -9999 -9999 -9999 -9999 -9999 -9999 -9999 -9999 -9999 -9999 -9999 -9999 -9999 -9999 -9999 -9999 -9999 -9999 -9999 -9999 -9999 -9999 -9999 33390.6 33563.9 -9999 -9999 -9999 -9999 -9999 -9999 -9999 -9999 -9999 -9999 -9999 -9999 -9999 -9999 -9999 -9999 -9999 -9999 -9999 -9999
14228.4 13830.7 13433.1 13035.5 12615 12652.3 13043.7 13441.4 13983.5 14766.6 15708.2 16466.2 18908.3 19754.3 20666.1 21648.7 22774 23734 24694 25654 26774 27734 28662.5 29632.2 30708.2 31715 32696.4 33654 34774 35734 36694 37626.9 38122.5 -9999 -9999 -9999 -9999 -9999 -9999 -9999 -9999 -9999 -9999 -9999 -9999 -9999 -9999 -9999 -9999 -9999 -9999 -9999 -9999 -9999 -9999 -9999 -9999 -9999 -9999 -9999 -9999 -9999 -9999 -9999 -9999 -9999 -9999 -9999 -9999 -9999 -9999 -9999 -9999 -9999 -9999 -9999 -9999
15188.4 14790.7 14393.1 13995.5 13575 13612.3 14003.7 14401.4 14869.1 15364.2 16130.1 16987.5 18487.2 19423.3 20383.3 21343.3 22463.3 23423.3 24383.3 25343.3 26463.3 27423.3 28383.3 29343.3 30463.3 31423.3 32383.3 33343.3 34463.3 35423.3 36383.3 37343.3 38229.9 39457.8 40627.8 40856.2 -9999 -9999 -9999 -9999 -9999 -9999 -9999 -9999 -9999 -9999 -9999 -9999 -9999 -9999 -9999 -9999 -9999 -9999 -9999 -9999 -9999 -9999 -9999 -9999 -9999 -9999 -9999 -9999 -9999 -9999 -9999 -9999 -9999 -9999 -9999 -9999 -9999 -9999 -9999 -9999 -9999
