public/models/data/input/map/ntb/1000/mapdset.asc
NCOLS 388
NROWS 274
XLLCORNER 370313.940441
YLLCORNER 9267024.452423
CELLSIZE 1000.000000
NODATA_VALUE       -9999
[rows 204 to 237 of 274, columns 154 to 230 of 388]
3922.36 3943.85 4376.88 4774.79 5215.74 5909.56 6984 7608.94 7144.46 6216.06 5106.9 4161.87 3362.58 2830 2388.26 2282.73 2090.59 1545.97 1057.76 758.378 324.233 94.071 212.106 959.76 1901.4 2619.95 1943.23 1171.92 893.261 1229.86 2074.4 2791.14 3319.04 3725.1 3380.03 2466.69 1507.13 634.37 487.357 7387.42 6983.51 6951.94 7464.29 8206.72 9147.32 9918.32 -9999 -9999 -9999 -9999 -9999 -9999 -9999 -9999 -9999 -9999 -9999 -9999 -9999 -9999 -9999 -9999 -9999 -9999 -9999 -9999 -9999 -9999 -9999 -9999 -9999 -9999 -9999 -9999 -9999 -9999 -9999
4884.95 4904.1 5336.88 5734.53 6132.46 6573.38 7360.42 7559.47 6764.18 5932.71 5013.78 3849.61 2787.63 2001.07 1435.34 1461.42 1973.51 2277.52 1933.37 1361.12 583.807 117.445 73.0145 656.735 1609.85 2537.03 2512.76 2034.9 1743.24 1639.09 1639.25 2001.2 2401.81 2781.64 3123.57 2673.2 1778.84 1089.81 1306.31 3497.91 5392.99 6038.76 6849.07 7793.7 8698.67 8981.99 -9999 -9999 -9999 -9999 -9999 -9999 -9999 -9999 -9999 -9999 -9999 -9999 -9999 -9999 -9999 -9999 -9999 -9999 -9999 -9999 -9999 -9999 -9999 -9999 -9999 -9999 -9999 -9999 -9999 -9999 -9999
5843.32 5864.03 6296.88 6694.53 7092.17 7490.08 7788.98 7293.01 6347.74 5435.78 4519.29 3357.82 2347.51 1415.27 604.706 758.409 1609.1 2503 2402.72 1498.15 598.034 168.09 64.7857 583.511 1527.89 2487.34 3149.89 2683.4 1968.36 1184.49 750.063 1209.56 1502.99 1877.69 2693.75 2974.9 2453.71 2005.43 2236.91 3400.46 4469.33 5400.45 6473.33 7433.33 8304.44 8565.18 -9999 -9999 -9999 -9999 -9999 -9999 -9999 -9999 -9999 -9999 -9999 -9999 -9999 -9999 -9999 -9999 -9999 -9999 -9999 -9999 -9999 -9999 -9999 -9999 -9999 -9999 -9999 -9999 -9999 -9999 -9999
6803.32 6824.03 7256.88 7654.53 8052.17 8399.68 7944.64 7022.13 6062.13 5102.28 3993.79 3022.13 2062.13 1102.28 273.401 777.586 1723.42 2679.71 2734.95 1795.56 960.53 424.818 199.871 831.456 1757.9 2717.51 3316.27 2532.86 1636.76 838.578 373.787 707.756 647.155 1236.14 2317.98 3127.7 3295.7 2963.97 3058.8 3629.65 4472.37 5428.41 6547.89 7507.89 8282.39 9584.39 -9999 -9999 -9999 -9999 -9999 -9999 -9999 -9999 -9999 -9999 -9999 -9999 -9999 -9999 -9999 -9999 -9999 -9999 -9999 -9999 -9999 -9999 -9999 -9999 -9999 -9999 -9999 -9999 -9999 -9999 -9999
7923.32 7944.03 8376.88 8774.53 9109.02 8847.07 7804.56 6844.56 5884.56 4924.56 3804.56 2844.56 1884.56 928.22 279.875 984.479 1856.81 2388.04 2595.75 1960.79 1050.68 417.989 521.393 1129.98 2043.08 3001.25 3102.98 2154.26 1196.01 419.89 745.249 902.57 566.718 1068.04 2141.25 3101.25 3911.86 4031.26 4162.67 4563.24 5078.85 5883.77 6991.1 7951.1 8919.57 9656.7 -9999 -9999 -9999 -9999 -9999 -9999 -9999 -9999 -9999 -9999 -9999 -9999 -9999 -9999 -9999 -9999 -9999 -9999 -9999 -9999 -9999 -9999 -9999 -9999 -9999 -9999 -9999 -9999 -9999 -9999 -9999
8883.32 8904.03 9336.88 9730.21 9817.25 9124.56 8008.94 7048.94 6088.94 5128.94 4008.94 3048.94 2094.08 1237.42 817.566 1314.67 1578.93 1518.74 1925.91 2038.24 1511.98 1232.21 1430.35 1822.45 2497.43 3400.72 3308.94 2349.52 1430.35 755.86 1038.09 1102.95 515.428 863.727 1945.62 2905.62 3863.84 4629.36 5117.67 5520.32 5921.26 6436.5 7391.67 8348.51 9267.75 9560.82 -9999 -9999 -9999 -9999 -9999 -9999 -9999 -9999 -9999 -9999 -9999 -9999 -9999 -9999 -9999 -9999 -9999 -9999 -9999 -9999 -9999 -9999 -9999 -9999 -9999 -9999 -9999 -9999 -9999 -9999 -9999
9843.32 9864.03 10296.9 10639.4 10402.2 9526.58 8406.59 7446.59 6486.59 5526.59 4406.59 3452.08 2608.12 2026.58 1699.62 1571.72 952.312 633.48 1279.24 1515.54 1281.03 1447.12 2115.69 2718.18 3229.15 3845.97 3707.02 2788 2083.3 1656.7 1758.91 1333.47 727.354 1053.46 2105.04 3065.04 4025.04 4981.29 5940.91 6474.69 6877.96 7278.54 7907.28 8749.32 9684.09 10240.1 -9999 -9999 -9999 -9999 -9999 -9999 -9999 -9999 -9999 -9999 -9999 -9999 -9999 -9999 -9999 -9999 -9999 -9999 -9999 -9999 -9999 -9999 -9999 -9999 -9999 -9999 -9999 -9999 -9999 -9999 -9999
10803.3 10824 11256.2 11448 10875.6 9924.23 8804.23 7844.23 6884.23 5924.23 4807.39 3951.31 3384.34 2967.54 2468.03 1698.45 827.815 587.14 1092.97 747.365 448.66 963.949 2026.58 3115.64 4108.93 4502.9 4132.23 3429.86 2977.06 2614.26 2523.84 1935.95 1557.82 1747.94 2506.26 3445.76 4405.76 5365.76 6469.74 7226.15 7689.33 8088.94 8535.86 8950.97 9494.91 9808.18 -9999 -9999 -9999 -9999 -9999 -9999 -9999 -9999 -9999 -9999 -9999 -9999 -9999 -9999 -9999 -9999 -9999 -9999 -9999 -9999 -9999 -9999 -9999 -9999 -9999 -9999 -9999 -9999 -9999 -9999 -9999
11923.3 11944 12342.6 12213.7 11348.1 10388.1 9268.15 8308.15 7348.15 6391.82 5413.81 4899.36 4480.06 4004.94 3080.3 2226.99 1659.46 1548.45 1112.06 413.728 281.475 760.239 1757.28 2988.37 4374.23 4365.53 3948.9 3789.16 3806.32 3640.59 3393.08 2978.06 2673.61 2843.44 3324.8 3951.07 4787.67 5580.15 6254.33 6668.99 7075.1 7516.79 7870.85 8067.52 8468.71 9048.62 -9999 10251 9898.33 9534.84 -9999 12119.8 12118.6 12076.6 12942.9 12995.3 13033 12897.1 -9999 -9999 -9999 -9999 -9999 -9999 -9999 -9999 -9999 -9999 -9999 -9999 -9999 -9999 -9999 -9999 -9999 -9999 -9999
12883.3 12904 13204.8 12698.2 11745.8 10785.8 9665.79 8705.8 7751.29 6894.39 6242.95 5836.57 5339.26 4574.46 3584.63 3015.28 2609 2307.78 1508.03 1055.53 1071.93 1362.68 2137.81 2853.17 3429.36 3413.56 2995.1 2920.54 3280.07 3649.63 4023.54 3918.71 3633.61 3778.85 4050.08 4158.3 4434.36 4846.67 5311.34 5719.55 6156.35 6581.22 6914.6 7107.52 7466.23 7572.83 8077.6 8990.71 9411.08 9406.25 10181.3 11459.2 11887.4 11847.5 11782.4 12158.7 12529.2 12627.9 -9999 -9999 -9999 -9999 -9999 -9999 -9999 -9999 -9999 -9999 -9999 -9999 -9999 -9999 -9999 -9999 -9999 -9999 -9999
13843.3 13864 13928.7 13103.4 12143.4 11183.4 10063.4 9108.93 8262.18 7682.5 7195.63 6696.9 5926.51 5061.29 4371.64 3963.7 3525.4 2944.87 2293.5 1999.47 2026.85 2123.33 2129.77 2196.48 2533.23 2514.86 2035.1 1960.6 2343.64 2951.26 3955.4 4526.22 4355.03 4068.01 3778.39 3458.46 3508.17 3887.18 4359.81 4798.7 5222.88 5661.47 5986.88 6147.52 6497.76 6566.59 7200.77 7785.98 8262.48 8954.2 10001.1 10697.4 10968.9 11022.9 11162.8 11263.4 11770.3 12224 -9999 -9999 -9999 -9999 -9999 -9999 -9999 -9999 -9999 -9999 -9999 -9999 -9999 -9999 -9999 -9999 -9999 -9999 -9999
14803.3 14817 14449.8 13501.1 12541.1 11581.1 10464.7 9609.68 9040.14 8624.04 8077.88 7289.75 6418.93 5809.66 5321.36 4886.57 4290.08 3729.71 3241.49 2946.69 2749.21 2145.72 1388.2 1251.51 1728.2 1906.83 1145.43 1020.78 1593.61 2471.1 3586.85 4403.19 4266.52 3460.02 2844.34 2498.47 2548.17 2929.14 3443.86 3865.93 4303.96 4932.42 5052.91 5187.52 5585.01 5945.85 6447.18 6900.98 7596.61 8508.57 9561.82 9889.29 9960.88 10062.3 10208.7 10259.7 11223.6 10639.7 -9999 -9999 -9999 -9999 -9999 -9999 -9999 -9999 -9999 -9999 -9999 -9999 -9999 -9999 -9999 -9999 -9999 -9999 -9999
15923.2 15772 14925 13965 13005 12048.7 11065.9 10542.1 10137.2 9661.79 8736.67 7883.84 7321.88 6926.89 6378.56 5784.68 5235.07 4825.33 4303.07 3647.53 2778.28 1821.84 762.492 511.939 1247.11 1613.67 727.443 471.445 1227.28 2181.13 3300.79 4068.74 3820.54 2885.93 1876.85 1391.26 1451.15 1873.02 2353.85 2818.85 3526.35 4143.66 3934.97 4067.52 4465.17 4863.84 5407.28 6146 7082.71 8042.71 8911.98 8803.03 8845.9 8943.47 9094.67 8994.4 9349.23 9931.05 10383.3 10555 -9999 -9999 -9999 -9999 -9999 -9999 -9999 -9999 -9999 -9999 -9999 -9999 -9999 -9999 -9999 -9999 -9999
16865.1 16367.5 15322.6 14362.6 13408.1 12551.2 11899.8 11493.4 10996.1 10231.3 9241.49 8672.13 8293.77 7911.57 7142.77 6594.21 6182.94 5743.25 4930.7 3990.37 3030.37 2080.62 1199.86 1032.34 1580.58 1939.86 1280.57 1124.11 1643.67 2497.94 3600.42 4100.79 3480.57 2521.25 1409.01 650.507 695.316 994.534 1461.21 2175 3048.09 3312.03 2974.97 3107.52 3506.71 3959.42 4788.35 5725.07 6685.07 7642.23 8142.02 7850.23 7911.34 7965.87 8244.33 8182.22 8572.69 8982.23 9461.57 9781.55 -9999 -9999 -9999 -9999 -9999 -9999 -9999 -9999 -9999 -9999 -9999 -9999 -9999 -9999 -9999 -9999 -9999
17658.9 16831.2 15720.3 14765.8 13919 13339.3 12852.5 12353.7 11583.4 10718.1 10028.5 9620.55 9184.25 8590.61 7950.36 7540.59 7095.69 6419.65 5348.01 4388.01 3439.54 2651.25 2088.14 1965.66 2324.42 2579.69 2187.85 2065.66 2416.51 2988.72 3979.81 4285.28 3481.25 2521.25 1416.48 656.403 459.76 327.273 910.528 1830.86 2509.39 2406.75 2014.97 2149.06 2607.88 3297.4 4367.42 5327.42 6287.42 7178.27 7218.26 6859.97 6877.75 6879.57 7079.68 7229.43 7625.07 8022.71 8627.69 9408.32 -9999 -9999 -9999 -9999 -9999 -9999 -9999 -9999 -9999 -9999 -9999 -9999 -9999 -9999 -9999 -9999 -9999
18188.5 17237.9 16121.6 15266.5 14697 14280.9 13734.7 12946.6 12075.8 11466.5 10978.2 10543.4 9946.93 9386.56 8898.27 8458.54 7777.3 6864.02 5745.66 4795.91 4008.9 3502.11 3028.02 2823.01 2856.25 3034.67 3050.97 3023.11 3358.06 3768.01 4424.15 4662.15 3845.76 2886.34 1923.32 1380.18 933.716 563.07 1107.4 1823.48 2008.79 1513.36 1057.03 1244.12 1939.75 2851.72 3969.78 4929.78 5889.66 6532.94 6258.55 5883.13 5876.55 5896.6 5872.14 6267.42 6665.07 7062.71 7575.47 9414.79 -9999 -9999 -9999 -9999 -9999 -9999 -9999 -9999 -9999 -9999 -9999 -9999 -9999 -9999 -9999 -9999 -9999
18661.8 17705.5 16716.2 16147.2 15651.1 15173.7 14346.7 13515.3 12944.7 12536.8 12036 11438.6 10889 10477.5 9939.01 9214.94 8274.6 7314.6 6202.31 5366.95 4679.33 3861.22 2896.95 2370.22 2025.73 2148.43 2688.11 3371.82 3798.81 4118.89 4581.68 4789.32 4290.91 3507.24 2866.72 2359.97 1765.93 1186.28 856.048 1071.74 1371.94 851.911 254.263 653.522 1559.36 2518.41 3638.41 4598.41 5457.2 5573.83 5138.55 4756.4 4893.58 4621.37 4749.78 5147.42 5546.6 5984.88 6816.27 7899.91 8938.2 9635.46 -9999 -9999 -9999 -9999 -9999 -9999 -9999 -9999 -9999 -9999 -9999 -9999 -9999 -9999 -9999
19048.7 18127.5 17247.8 16486.8 15598.2 14813.2 14172.7 13677.4 13268.2 12870.6 12352.1 11836.2 11426.5 11026.2 10279.3 9343.57 8383.57 7423.57 6311.32 5387.33 4438.06 3478.06 2370.22 1561.42 1082.5 1252.06 2100.75 2815.66 2947.53 3199.69 3679.7 4236.78 4593.01 4304.96 3690.33 2916.78 2024.25 1088.72 383.018 568.868 1244.3 1138.63 762.958 1137.33 1870.74 2792.74 3911.79 4863.61 5352.7 4838.03 4184.41 3780.9 3393.65 3370.99 3789.78 4189.47 4651.04 5274.99 6881.29 7932.32 8873.74 9517.6 -9999 -9999 -9999 -9999 -9999 -9999 -9999 -9999 -9999 -9999 -9999 -9999 -9999 -9999 -9999
19128.6 18196.3 17112.2 16152.6 15192.6 14242.8 13348.6 12879.3 12481.3 12083.7 11619.8 11222.1 10830.2 10438.5 9823.61 9050.09 8132.47 7173.61 6053.61 5093.61 4133.61 3173.61 2053.69 1112.65 466.662 770.689 1775.38 2121.58 1993.23 2241.44 2889.73 3748.97 4635.63 4889.39 4046.23 3099.24 2139.24 1211.92 632.37 918.988 1605.95 1891.89 1716.27 2012.65 2494.98 3221.03 4309.43 5180.16 5204.66 4351.44 3368.95 2827.49 2441.9 2414.91 2831.31 3293.4 3998.8 4820.79 -9999 -9999 -9999 -9999 -9999 -9999 -9999 -9999 -9999 -9999 -9999 -9999 -9999 -9999 -9999 -9999 -9999 -9999 -9999
18794.9 17834.9 16714.9 15754.9 14794.9 13834.9 12739.3 11991 11521.6 11123.7 10659.8 10262.1 9877.09 9491.55 8996.02 8581.44 8138.8 7340.68 6223.44 5263.44 4303.44 3343.44 2225.49 1349.77 877.781 1121.31 1766.39 1369.3 1037.91 1405.04 2389.86 3346.93 4306.85 4793.54 3897.7 2937.7 1977.7 1023.7 409.567 1110.35 2001.26 2686.02 2676.27 2967.52 3369.01 3833.36 4712.97 5350.43 4902.91 3952.62 2841.55 2011.3 1487.76 1454.91 1918.03 2632.29 3556.49 4486.46 4976.35 -9999 -9999 -9999 -9999 -9999 -9999 -9999 -9999 -9999 -9999 -9999 -9999 -9999 -9999 -9999 -9999 -9999 -9999
18331 17371 16251 15291 14331 13371 12251 11301.3 10514.3 10009.9 9539.76 9142.12 8744.48 8346.83 7882.91 7541.19 7576.43 7550.08 6678.38 5721.15 4761.15 3803.2 2796.55 2242.79 1962.19 2147.95 1878.32 968.271 498.574 1049.18 2146.69 3106.69 4066.69 4857.84 4208.36 3248.36 2298.46 1460.6 1050.71 1546.23 2413.09 3350.16 3790.26 4087.52 4485.17 4882.81 5368.8 5373.11 4523.26 3563.26 2443.26 1484.94 655.366 467.53 1223.28 2175.04 3135.04 4088.66 5101.67 5614.01 -9999 -9999 -9999 -9999 -9999 -9999 -9999 -9999 -9999 -9999 -9999 -9999 -9999 -9999 -9999 -9999 -9999
17933.4 16973.4 15853.4 14893.4 13933.4 12973.4 11853.4 10893.4 9944.92 9156.63 8580.06 8182.12 7784.48 7386.83 6922.91 6581.19 6630.89 6991.29 6894.93 6114.65 5161.87 4285.05 3600.44 3196.64 2922.19 2986.29 2256.71 1505.84 1219.48 1578.23 2501.95 3454.63 4414.63 5227.18 4606 3659.47 2842.26 2298.46 1998.41 2331.66 2916.46 3770.73 4646.29 5047.04 5445.17 5842.81 6167.45 5642.81 4688.94 3728.94 2609.46 1680.81 912.507 564.592 1272.56 2212.38 3172.31 4132.31 5213.54 5710.16 -9999 -9999 -9999 -9999 -9999 -9999 -9999 -9999 -9999 -9999 -9999 -9999 -9999 -9999 -9999 -9999 -9999
17535.7 16575.7 15455.7 14495.7 13535.7 12575.7 11455.7 10495.7 9535.75 8586 7691.78 7222.45 6824.48 6426.83 5962.91 5621.19 5670.89 6045.76 6445.66 6315.26 5647.41 5043.61 4554.29 4156.64 3874.9 3626.24 2854.48 2375.99 2174.97 2442.12 3046.01 3860.51 4812.27 5624.82 5013.75 4199.9 3659.47 3248.36 2958.41 3273.21 3689.31 4283.23 5256.66 5996.09 6411.22 6802.81 6882.14 6046.59 5086.59 4126.59 3031.77 2267.82 1719.95 1443.07 1876.45 2626.48 3563.81 4523.75 5584.51 5987.57 -9999 -9999 -9999 -9999 -9999 -9999 -9999 -9999 -9999 -9999 -9999 -9999 -9999 -9999 -9999 -9999 -9999
17138.1 16178.1 15058.1 14098.1 13138.1 12178.1 11058.1 10098.1 9138.1 8178.1 7082.45 6334.14 5864.77 5466.83 5002.91 4661.19 4710.89 5085.76 5548.47 5894.32 6098.75 5959.44 5514.29 5116.64 4752.64 4276.59 3732.91 3333.8 3134.97 3400.07 3873.99 4403.65 5217.24 6022.47 5533.53 5013.75 4606 4208.36 3918.41 4233.21 4630.85 5053.51 5929.56 6828.45 7370.34 7753.99 7394.58 6444.23 5484.23 4528.34 3611.71 3073.29 2651.6 2401.84 2753.95 3234.1 3981.63 4921.43 5980.58 6377.31 -9999 -9999 -9999 -9999 -9999 -9999 -9999 -9999 -9999 -9999 15244.4 15193.5 15117.2 -9999 -9999 -9999 -9999
16674.2 15714.2 14594.2 13634.2 12674.2 11714.2 10594.2 9634.18 8674.18 7714.18 6594.18 5644.44 4857.43 4353.09 3882.91 3541.19 3590.89 3965.76 4442.34 4995.08 5837.06 6621.39 6613.83 6215.89 5749.76 5316.7 4851.44 4453.8 4254.97 4520.07 4983.99 5383.69 5877.44 6576.14 6521.1 6123.65 5726 5331.34 5053.88 5352.62 5750.85 6148.5 6657.6 7372.27 8234.41 8675.39 7868.15 6908.67 5973.34 5195.63 4575.54 4168.01 3770.37 3521.84 3860.44 4201.77 4601 5285.39 6097.3 6369.02 6391.92 6474.63 -9999 -9999 -9999 -9999 -9999 -9999 -9999 13705.2 14586.7 14563.4 14095.2 14013.6 14283.3 14236.9 -9999
16276.5 15316.5 14196.5 13236.5 12276.5 11316.5 10196.5 9236.54 8276.54 7316.54 6196.54 5236.54 4288.07 3499.78 2923.21 2581.19 2630.89 3008.69 3637.43 4479.83 5436.54 6396.49 7202.48 7091.31 6675.02 6275.36 5811.44 5413.8 5214.97 5480.07 5943.99 6341.64 6741.59 7231.28 7462.45 7083.65 6686 6307.42 6175.21 6320.69 6710.85 7108.5 7573.52 8033.25 8738.9 9171.97 8266.31 7337.67 6567.03 6014.85 5524.74 5102.22 4651.59 4350.57 4391.02 4319.57 4422.79 4803.38 5255.84 5673.89 6157.18 6271.1 -9999 -9999 -9999 -9999 -9999 -9999 -9999 13396.1 13701.4 13663.8 13227.1 13147.1 13731.8 14137.9 9701.83
15878.9 14918.9 13798.9 12838.9 11878.9 10918.9 9798.89 8838.89 7878.89 6918.89 5798.89 4838.89 3878.89 2929.15 2034.93 1621.52 1674.19 2166.65 3121.82 4078.89 5038.89 5998.89 7090.84 7684.79 7613.79 7235.36 6771.44 6373.8 6174.97 6440.07 6903.99 7301.64 7699.28 8098.98 8380.16 8043.65 7646 7273.38 7292.76 7293.63 7670.85 8068.5 8532.42 8931.53 9390.9 9602.46 8688.63 7924.68 7376.8 6928.67 6276.57 5548.4 4778.98 4235.6 3803.78 3450.18 3475.04 3845.76 4323.99 4918 5702.73 6332.39 -9999 -9999 -9999 -9999 -9999 -9999 -9999 12393.9 12884.7 12990.1 12344.9 12078.2 13455.5 13989.4 9462.98
15481.2 14521.2 13401.2 12441.2 11481.2 10521.2 9401.25 8441.25 7481.25 6521.25 5401.25 4441.25 3481.25 2521.25 1425.6 736.132 832.078 1613.92 2721.25 3681.25 4641.25 5601.25 6721.17 7651.97 8273.31 8182.55 7731.44 7333.8 7134.97 7400.07 7863.99 8261.63 8659.28 9056.92 9329.82 9003.65 8606 8233.21 8229.95 8251.85 8630.85 9028.5 9492.41 9890.06 10271.2 10098 9267.78 8691.38 8073.11 7283.74 6236.19 5286.77 4332.98 3467.3 2844.34 2490.18 2515.04 2886.34 3545 4430.68 5383.35 6298.93 7319.31 7702.59 -9999 9009.67 9347.51 9775.36 10336.8 11386.1 12361.4 12552.9 11716.1 10972.6 -9999 8626.05 8665.14
15444 14484 13364 12404 11444 10484 9363.97 8403.97 7443.97 6483.97 5363.97 4403.97 3443.97 2483.97 1380.91 643.326 719.375 1537.09 2650.83 3610.83 4570.83 5530.83 6650.83 7610.83 8568.72 9153.16 8851.44 8453.8 8254.97 8520.07 8983.99 9381.63 9779.28 10176.9 10449.8 10123.6 9726 9353.21 9342.85 9371.85 9750.85 10148.5 10612.4 11002.5 11178.9 10665.9 9731.5 8821.68 7862.91 6902.91 5782.91 4822.91 3862.91 2902.91 1883.38 1383.44 1413.45 1961.08 3002.91 3962.91 4922.91 5881.02 6872.02 7233.5 7253.72 8279.44 8692.16 9159.61 9886.61 10819.7 11892.4 12088.7 11226.9 10270 9209.42 8354.25 7720.44
15837.5 14877.5 13757.5 12797.5 11837.5 10877.5 9757.47 8797.47 7837.47 6877.47 5757.47 4797.47 3837.47 2883.07 1950.13 1484.01 1492.78 2029 3036.34 3996.05 4956.05 5916.05 7036.05 7996.05 8956.05 9825.45 9811.44 9413.79 9214.97 9480.07 9943.98 10341.6 10739.3 11136.9 11409.8 11083.6 10686 10313.2 10302.9 10331.8 10710.8 11108.5 11571.3 11834 11473.5 10592 9472.25 8512.25 7552.25 6592.25 5472.25 4512.25 3552.25 2592.25 1479.12 711.193 754.905 1563.74 2679.83 3639.83 4589.22 5408.29 6068.89 6241.04 6734.98 7255.74 7804.02 8532.34 9462.02 10422 11494.7 11691.1 10829.2 9869.23 8755.95 7804.04 6935.02
16235.1 15275.1 14155.1 13195.1 12235.1 11275.1 10155.1 9195.11 8235.12 7275.12 6155.12 5195.12 4241.42 3418.86 2808.22 2441.25 2441.25 2816.01 3505.71 4394.03 5353.7 6313.7 7433.7 8393.7 9353.69 10305.7 10623 10296.7 10169.8 10440.1 10904 11301.6 11699.3 12096.9 12369.8 12043.6 11646 11273.2 11262.9 11291.8 11670.8 12068.5 12511.4 12477.9 11676.3 10716.5 9596.51 8636.52 7676.52 6716.52 5596.52 4636.52 3676.52 2716.52 1629.33 955.276 961.207 1677.65 2779.24 3728.63 4420.29 4684.17 5111.53 5464.03 5866.4 6346.46 7171.32 8104.38 9064.38 10024.4 11097.1 11293.4 10431.6 9471.58 8351.58 7391.59 6435.98
16632.7 15672.7 14552.7 13592.7 12632.7 11672.8 10552.8 9592.76 8632.76 7672.76 6552.76 5598.36 4776.5 4240.55 3765.76 3401.25 3401.25 3765.76 4254.02 4863.36 5751.63 6711.34 7831.34 8791.34 9748.86 10448.4 10340.9 10225.5 10495.7 10867 11330.9 11728.6 12126.2 12523.8 12910.1 12894.7 12600.7 12233.2 12222.9 12251.8 12630.8 13028.5 13403.5 13010.3 12070 11110 9990.01 9030.02 8070.02 7110.02 5990.02 5030.02 4070.02 3115.71 2258.89 1836.16 1813.38 2243.92 3162.11 3874.75 3887.58 3762.91 4152.52 4552.09 4990.46 5672.42 6746.73 7706.73 8666.73 9626.73 10699.4 10895.8 10033.9 9073.94 7953.94 6993.94 6033.94
17096.7 16136.7 15016.7 14056.7 13096.7 12136.7 11016.7 10056.7 9096.68 8136.68 7033.62 6249.34 5749.78 5349.68 4885.76 4521.25 4521.25 4885.76 5349.68 5757.57 6328.21 7181.52 8295.05 9220.33 9807.77 9688.28 9255.09 9180.54 9540.9 9938.54 10402.5 10800.1 11197.7 11595.4 12059.8 12482.2 12999.9 13237.1 13342.1 13371.8 13750.8 14148.5 14293.9 13493.9 12533.9 11573.9 10453.9 9493.94 8533.94 7573.94 6453.94 5494.65 4566.75 3842.81 3327.18 2954.39 2929.53 3276.49 3481.39 3216.81 2809.02 2643.26 3035.99 3504.81 4229.76 5162.81 6282.81 7242.81 8202.81 9162.81 10235.5 10431.9 9570.02 8610.02 7490.02 6530.02 5570.02
17494.3 16534.3 15414.3 14454.3 13494.3 12534.3 11414.3 10454.3 9494.32 8539.93 7606.98 7107.73 6707.32 6309.68 5845.76 5481.25 5481.25 5845.76 6309.68 6707.32 7116.5 7685.85 8658.27 9218.79 9120.92 8738.3 8295.1 8220.54 8580.9 8978.55 9442.46 9840.11 10237.8 10635.4 11124.7 11732.7 12600.6 13491.2 14133.6 14322.3 14710.7 15099.9 14833.9 13891.6 12931.6 11971.6 10851.6 9891.58 8931.58 7971.59 6852.3 5932.96 5218.92 4752.87 4287.18 3914.39 3875.63 3966.35 3269.16 2433.79 1867.98 1683.33 2147.16 2875.48 3805.17 4765.17 5885.17 6845.17 7805.17 8765.17 9838.09 10035.7 9174.44 8214.45 7094.45 6134.45 5174.45
