public/models/data/input/map/ntb/1000/mapdem.asc
NCOLS 388
NROWS 274
XLLCORNER 370313.940441
YLLCORNER 9267024.452423
CELLSIZE 1000.000000
NODATA_VALUE       -9999
[rows 204 to 237 of 274, columns 0 to 76 of 388]
-9999 -9999 -9999 -9999 -9999 -9999 -9999 -9999 -9999 -9999 -9999 -9999 -9999 -9999 -9999 -9999 -9999 -9999 -9999 -9999 -9999 -9999 -9999 16.036 64.0612 160.977 250.655 286.524 433.754 262.204 278.386 324.509 481.582 566.063 631.636 660.709 514.417 474.62 584.274 768.246 897.301 1024.12 1121.53 1074.24 886.628 730.873 586.099 558.843 599.103 595.504 633.888 659.555 694.455 738.446 786.525 841.926 903.174 963.671 1016.04 1058.17 1140.86 1204.87 1276.68 1367.66 1354.23 1291.41 1284.93 1269.88 1199.1 1133.34 1096.1 1063.51 1024.71 985.864 950.713 933.173 873.398
-9999 -9999 -9999 -9999 -9999 -9999 -9999 -9999 -9999 -9999 -9999 -9999 -9999 -9999 -9999 -9999 -9999 -9999 -9999 -9999 -9999 -9999 -9999 9.2375 38.6746 87.0555 167.59 223.906 382.794 309.412 217.706 312.488 410.914 443.898 509.032 511.711 457.431 405.734 498.111 614.851 755.309 829.361 872.146 854.376 763.372 624.189 522.945 521.451 554.413 546.434 582.208 603.12 630.984 703.025 757.891 798.508 829.049 873.016 920.138 967.729 1030.71 1077.81 1137.62 1194.39 1176.96 1135.85 1130.02 1116.13 1083.51 1021.41 973.024 936.12 910.831 877.22 849.247 827.742 786.352
-9999 -9999 -9999 -9999 -9999 -9999 -9999 -9999 -9999 -9999 -9999 -9999 -9999 -9999 -9999 -9999 -9999 -9999 -9999 -9999 -9999 -9999 -9999 8 8.70085 29.6465 66.8967 169.859 279.506 291.594 185.611 280.686 298.468 338.65 387.811 368.905 330.954 363.539 467.284 566.906 644.429 682.934 718.756 696.318 646.094 531.996 456.064 446.016 477.219 497.336 529.621 545.786 572.626 649.003 703.481 728.793 760.533 794.862 842.131 886.969 940.044 979.797 1024.16 1054.96 1036.77 1000.51 997.362 986.769 962.988 918.403 871.824 843.557 820.132 792.337 764.696 737.671 702.487
-9999 -9999 -9999 -9999 -9999 -9999 -9999 -9999 -9999 -9999 -9999 -9999 -9999 -9999 -9999 -9999 -9999 -9999 -9999 -9999 -9999 -9999 -9999 -9999 5.8 13.0333 39.4792 97.2356 173.411 183.465 129.93 187.598 218.818 254.858 279.71 272.426 262.386 345.082 430.108 461.839 490.956 551.438 556.008 553.821 498.941 425.062 384.807 390.37 429.872 467.018 491.174 515.069 561.115 603.756 645.451 666.326 695.261 728.969 772.451 814.164 865.247 891.479 916.182 936.547 919.265 889.146 881.284 876.497 874.459 839.982 797.311 760.381 739.504 713.212 685.567 659.497 629.448
-9999 -9999 -9999 -9999 -9999 -9999 -9999 -9999 -9999 -9999 -9999 -9999 -9999 -9999 -9999 -9999 -9999 -9999 -9999 -9999 -9999 -9999 -9999 -9999 -9999 -9999 13.5205 42.3166 59.6606 105.631 52.5156 94.4081 129.433 149.586 169.009 176.875 217.578 304.454 336.29 371.932 382.234 426.512 420.709 419.86 408.861 349.203 331.821 366.448 408.718 440.198 457.231 486.313 519.503 550.602 590.907 609.266 631.926 662.138 707.612 745.617 777.095 790.813 807.007 811.881 819.77 785.111 777.735 765.376 765.326 758.1 734.154 691.399 658.613 636.109 608.228 581.359 558.204
-9999 -9999 -9999 -9999 -9999 -9999 -9999 -9999 -9999 -9999 -9999 -9999 -9999 -9999 -9999 -9999 -9999 -9999 -9999 -9999 -9999 -9999 -9999 -9999 -9999 -9999 11.5947 11.4714 21.1719 38.7469 32.2556 63.0256 85.7381 80.9181 116.856 128.45 167.761 232.635 270.956 301.379 315.791 349.207 331.029 327.75 319.988 295.656 306.505 343.164 390.932 421.034 432.626 450.848 479.582 511.738 544.187 562.131 580.82 613.739 656.153 686.686 709.539 712.919 723.923 722.989 737.893 719.011 711.065 705.714 690.977 679.889 672.732 640.162 609.012 580.196 552.716 518.927 500.166
-9999 -9999 -9999 -9999 -9999 -9999 -9999 -9999 -9999 -9999 -9999 -9999 -9999 -9999 -9999 -9999 -9999 -9999 -9999 -9999 -9999 -9999 -9999 -9999 -9999 -9999 12.25 6.4164 7.77875 15.345 21.5494 35.7069 39.825 47.3688 74.1663 99.02 126.38 176.419 213.379 234.194 247.26 278.073 270.189 256.635 242.581 252.745 288.462 325.181 369.891 392.853 408.967 428.907 457.65 490.215 511.763 525.525 528.984 560.654 597.061 638.112 651.517 652.636 655.292 650.657 665.801 660.007 650.396 656.437 637.795 619.885 615.349 587.913 557.292 538.541 509.857 465.201 438.234
-9999 -9999 -9999 -9999 -9999 -9999 -9999 -9999 -9999 -9999 -9999 -9999 -9999 -9999 -9999 -9999 -9999 -9999 -9999 -9999 -9999 -9999 -9999 -9999 -9999 -9999 -9999 6.01077 7.91375 8.6925 13.6594 17.3194 21.1287 31.6925 39.8262 59.9175 94.6525 135.072 158.803 169.258 183.023 209.923 217.766 204.492 206.701 233.831 267.909 313.846 358.417 365.627 387.632 411.337 431.04 465.005 482.814 488.784 490.258 515.407 558.332 601.153 608.304 605.328 606.268 602.472 604.254 601.053 594.134 606.983 592.181 570.076 554.639 527.501 497.468 486.774 466.142 423.756 384.486
-9999 -9999 -9999 -9999 -9999 -9999 -9999 -9999 -9999 -9999 -9999 -9999 -9999 -9999 -9999 -9999 -9999 -9999 -9999 -9999 -9999 -9999 -9999 -9999 -9999 -9999 -9999 4.2697 6.55 9.17875 11.8131 17.7756 24.0381 31.7081 39.5363 53.675 75.9381 92.9569 108.831 119.867 136.486 151.543 163.249 179.197 205.904 229.826 263.443 301.272 323.044 329.803 354.896 388.209 409.514 424.799 439.235 442.234 459.709 492.061 537.295 549.222 540.722 562.742 554.273 545.344 540.743 540.189 536.516 542.304 535.962 508.377 481.337 459.619 444.253 430.878 411.28 384.297 345.245
-9999 -9999 -9999 -9999 -9999 -9999 -9999 -9999 -9999 -9999 -9999 -9999 -9999 -9999 -9999 -9999 -9999 -9999 -9999 -9999 -9999 -9999 -9999 -9999 -9999 -9999 -9999 6.19558 7.37875 8.8975 11.4644 15.0519 21.2219 31.6819 44.8312 57.3625 70.3669 83.8806 93.7281 105.262 131.724 146.802 165.258 190.196 206.114 225.029 250.543 277.696 280.925 303.719 340.409 364.081 383.293 396.038 405.284 419.948 434.338 460.312 495.17 504.672 512.757 523.064 513.035 513.379 505.537 500.696 501.939 500.986 496.188 469.638 440.851 414.902 405.971 394.616 371.302 348.237 316.546
-9999 -9999 -9999 -9999 -9999 -9999 -9999 -9999 -9999 -9999 -9999 -9999 -9999 -9999 -9999 -9999 -9999 -9999 -9999 -9999 -9999 -9999 -9999 -9999 -9999 -9999 -9999 4.91649 7.53625 9.5875 10.8325 12.2413 19.8137 31.5938 41.5031 50.9444 62.2463 78.9587 91.7425 108.507 133.331 147.974 163.712 178.958 190.083 207.415 230.935 255.273 259.535 283.422 310.487 323.862 349.033 364.891 378.378 394.879 407.58 433.805 457.7 471.642 487.337 496.861 480.346 479.378 470.821 462.057 466.614 463.617 455.831 433.357 414.611 387.687 370.603 361.674 340.965 318.5 290
-9999 -9999 -9999 -9999 -9999 -9999 -9999 -9999 -9999 -9999 -9999 -9999 -9999 -9999 -9999 -9999 -9999 -9999 -9999 -9999 -9999 -9999 -9999 -9999 -9999 -9999 -9999 4.62714 6.7425 10.0837 12.6675 14.5188 21.2213 30.1112 36.3044 42.1931 53.7313 69.0313 83.3112 108.021 126.791 143.869 156.791 167.219 185.408 201.563 220.613 237.671 246.121 270.262 298.487 313.892 337.454 347.847 369.569 386.595 397.318 415.103 436.695 452.397 468.616 474.455 462.099 445.742 437.711 429.615 432.919 432.925 411.704 386.143 380.053 370.069 350.336 331.334 314.57 291.753 267.441
-9999 -9999 -9999 -9999 -9999 -9999 -9999 -9999 -9999 -9999 -9999 -9999 -9999 -9999 -9999 -9999 -9999 -9999 -9999 -9999 -9999 -9999 -9999 -9999 -9999 -9999 -9999 4.912 7.10375 8.44875 9.36 10.2525 14.4438 22.7313 30.7938 38.5938 51.555 61.465 74.665 98.7375 117.109 130.146 138.613 150.559 168.754 182.919 202.789 216.055 236.866 272.426 300.035 315.851 335.067 351.798 369.024 387.801 400.818 419.293 423.356 428.625 427.999 437.826 427.104 408.821 407.034 405.473 408.709 408.052 378.134 349.368 336.361 339.401 333.057 310.881 290.888 274.478 253.45
-9999 -9999 -9999 -9999 -9999 -9999 -9999 -9999 -9999 -9999 -9999 -9999 -9999 -9999 -9999 -9999 -9999 -9999 -9999 -9999 -9999 -9999 -9999 -9999 -9999 -9999 -9999 6.17143 6.605 6.9575 8.165 9.8425 14.6313 19.3337 26.5037 32.1138 47.0425 59.7725 75.7438 89.8988 102.704 116.693 128.434 143.981 161.102 181.197 199.941 212.997 239.587 272.274 305.974 335.853 353.417 361.858 377.835 386.575 398.968 406.891 412.892 402.496 392.551 410.229 411.924 392.311 383.626 386.215 388.15 383.656 358.434 333.848 318.302 310.445 307.033 291.38 274.339 264.006 245.541
-9999 -9999 -9999 -9999 -9999 -9999 -9999 -9999 -9999 -9999 -9999 -9999 -9999 -9999 -9999 -9999 -9999 -9999 -9999 -9999 -9999 -9999 -9999 -9999 -9999 -9999 -9999 5.49643 5.63188 7.00812 8.69375 11.2338 17.5675 21.3325 24.9644 30.8631 44.2881 57.9406 72.7306 83.6531 95.0394 110.963 129.246 146.221 162.803 185.643 202.705 218.3 243.266 271.518 300.317 331.426 351.381 367.731 375.782 379.017 390.898 388.658 391.274 377.66 376.862 379.796 379.725 374.481 368.844 368.609 367.068 360.035 334.283 317.211 305.013 294.084 276.557 262.306 256.959 246.989 230.681
-9999 -9999 -9999 -9999 -9999 -9999 -9999 -9999 -9999 -9999 -9999 -9999 -9999 -9999 -9999 -9999 -9999 -9999 -9999 -9999 -9999 -9999 -9999 -9999 -9999 -9999 -9999 6.175 5.58187 7.01312 9.06625 12.6462 18.5075 20.9725 23.6556 32.0719 45.6594 55.6269 65.4106 72.9506 85.4869 104.143 126.289 143.831 164.189 186.779 205.435 218.352 241.676 273.459 297.257 318.553 343.628 357.886 362.254 382.377 381.343 374.801 368.128 363.349 363.295 355.266 351.494 356.525 357.054 361.641 352.589 339.226 319.599 299.707 287.921 279.228 264.862 242.472 233.142 226.789 210.997
-9999 -9999 -9999 -9999 -9999 -9999 -9999 -9999 -9999 -9999 -9999 -9999 -9999 -9999 -9999 -9999 -9999 -9999 -9999 -9999 -9999 -9999 -9999 -9999 -9999 -9999 -9999 4.59306 6.61375 8.18375 9.0725 11.68 17.9662 21.5462 26.3444 38.1156 50.2412 53.7188 63.7931 67.9694 78.9512 100.374 123.721 137.774 163.928 190.286 208.101 220.548 247.252 265.443 285.763 311.503 343.346 350.456 357.806 377.403 367.819 357.978 350.656 353.628 352.798 350.276 340.046 347.371 356.979 344.456 338.114 329.661 314.118 294.574 278.628 265.762 252.418 231.029 213.588 204.699 195.138
-9999 -9999 -9999 -9999 -9999 -9999 -9999 -9999 -9999 -9999 -9999 -9999 -9999 -9999 -9999 -9999 -9999 -9999 -9999 -9999 -9999 -9999 -9999 -9999 -9999 -9999 -9999 6.56705 8.06875 10.7087 10.7312 14.9263 18.2875 18.565 23.5881 35.1469 48.2575 52.6125 60.0769 62.3906 75.6775 97.5575 124.94 145.745 173.494 184.497 201.813 221.716 241.717 264.09 288.377 306.404 327.998 335.313 347.358 354.616 349.85 339.551 333.831 336.863 352.464 354.477 347.033 347.541 341.234 324.713 318.642 312.706 301.523 284.729 273.391 256.357 242.282 223.202 206.586 193.057 181.713
-9999 -9999 -9999 -9999 -9999 -9999 -9999 -9999 -9999 -9999 -9999 -9999 -9999 -9999 -9999 -9999 -9999 -9999 -9999 -9999 -9999 -9999 -9999 -9999 -9999 -9999 -9999 5.35273 8.2 24.19 22.0863 15.8188 17.7869 16.0131 21.7337 31.1138 40.5644 48.5494 56.3231 57.3881 73.4275 97.8275 117.695 142.482 166.706 176.795 194.701 211.708 228.982 249.255 264.705 285.224 309.852 326.407 324.811 324.408 336.667 326.886 323.055 332.29 351.529 352.836 350.641 342.722 337.408 318.092 306.323 300.402 287.177 276.976 266.155 244.361 225.346 216.186 202.849 186.163 173.563
-9999 -9999 -9999 -9999 -9999 -9999 -9999 -9999 -9999 -9999 -9999 -9999 -9999 -9999 -9999 -9999 -9999 -9999 -9999 -9999 -9999 -9999 -9999 -9999 -9999 -9999 -9999 3.75273 11.3625 54.8375 42.3425 16.6575 16.7019 13.8131 21.6112 28.7062 34.7294 44.8369 52.2319 55.6669 75.5963 94.6438 103.231 129.646 149.633 171.276 183.977 200.679 215.63 234.425 240.84 264.893 295.014 305.244 303.825 314.004 323.762 318.238 321.731 331.576 347.646 343.989 349.451 352.302 341.239 316.124 300.263 293.584 280.668 267.544 254.81 235.149 218.176 205.448 190.383 177.131 166.979
-9999 -9999 -9999 -9999 -9999 -9999 -9999 -9999 -9999 -9999 -9999 -9999 -9999 -9999 -9999 -9999 -9999 -9999 -9999 -9999 -9999 -9999 -9999 -9999 -9999 -9999 -9999 2.25263 10.71 70.97 70.6119 17.3281 14.8269 16.0456 24.0894 27.9431 28.9119 39.2031 48.7188 57.7813 71.9931 83.2919 100.338 114.805 136.364 140.654 175.405 188.55 200.908 214.392 227.757 238.289 265.715 271.999 284.197 307.268 321.314 317.383 324.973 330.816 337.013 345.062 360.086 369.856 354.144 333.39 313.029 297.604 284.022 257.22 243.218 227.049 209.69 194.938 184.027 172.108 161.683
-9999 -9999 -9999 -9999 -9999 -9999 -9999 -9999 -9999 -9999 -9999 -9999 -9999 -9999 -9999 -9999 -9999 -9999 -9999 -9999 -9999 -9999 -9999 -9999 -9999 -9999 7.8 4.62828 11.3212 62.7412 66.6844 21.5131 20.0369 18.2906 24.6019 26.2606 32.9544 43.8556 46.8013 59.4388 73.5206 80.0519 99.5725 115.338 127.55 126.89 155.919 175.109 176.702 177.531 199.884 216.031 242.283 252.158 267.673 287.341 323.158 325.169 327.122 322.951 334.538 343.524 355.519 367.496 362.706 341.962 319.063 287.391 277.676 261.935 239.137 223.474 203.921 190.516 181.473 168.102 154.336
-9999 -9999 -9999 -9999 -9999 -9999 -9999 -9999 -9999 -9999 -9999 -9999 -9999 -9999 -9999 -9999 -9999 -9999 -9999 -9999 -9999 -9999 -9999 -9999 -9999 -9999 9.07385 5.95366 7.77938 11.2256 19.8937 32.3937 20.6987 20.685 30.0281 28.1281 59.8644 78.6369 49.6719 61.3194 78.4556 83.5056 98.155 112.821 119.503 125.664 135.568 155.084 149.561 150.712 165.467 185.502 214.07 228.333 247.445 281.676 307.616 318.882 319.311 311.739 320.416 325.164 333.491 349.766 355.793 340.378 312.383 277.556 263.558 254.201 232.555 221.667 201.028 185.362 173.821 162.359 145.171
-9999 -9999 -9999 -9999 -9999 -9999 -9999 -9999 -9999 -9999 -9999 -9999 -9999 -9999 -9999 -9999 -9999 -9999 -9999 -9999 -9999 -9999 -9999 -9999 -9999 -9999 5.98462 5.62692 7.84937 7.59812 7.3375 21.7525 24.6425 22.1038 29.0131 26.8056 115.449 171.808 87.7981 69.4856 78.2931 84.0181 96.575 105.906 111.626 115.315 120.269 124.662 122.071 134.262 145.627 153.432 172.759 191.973 222.094 259.455 283.668 297.017 300.266 288.236 289.596 292.232 297.784 314.366 335.749 331.167 310.675 278.414 250.609 240.588 224.722 209.629 193.211 180.194 165.369 154.111 137.768
-9999 -9999 -9999 -9999 -9999 -9999 -9999 -9999 -9999 -9999 -9999 -9999 -9999 -9999 -9999 -9999 0 0 -9999 -9999 -9999 -9999 -9999 -9999 -9999 -9999 4.11242 5.07749 7.095 7.25625 10.4381 47.8131 73.0525 46.665 23.0156 20.9994 70.6622 219.778 171.64 85.8337 80.95 88.4812 101.063 109.659 105.991 106.352 115.537 113.978 113.936 123.133 126.146 129.605 140.779 165.913 195.714 225.47 255.072 267.815 268.336 260.093 256.143 249.015 252.384 266.652 282.853 290.286 289.75 278.734 250.648 229.104 219.493 206.554 182.909 169.714 156.865 141.786 121.639
-9999 -9999 -9999 -9999 -9999 -9999 -9999 -9999 -9999 3.33333 2.89333 2.6 -9999 -9999 -9999 -9999 0 0 -9999 -9999 6.30909 5 -9999 -9999 -9999 4.90909 5.23547 7.3995 23.6763 13.4675 39.2694 104.919 85.2825 40.1325 26.0756 30.7069 43.1937 69.6012 95.8775 80.64 84.5713 93.115 101.699 106.688 104.903 109.262 113.827 112.85 107.194 108.477 110.522 124.191 139.714 160.92 184.432 198.709 227.457 242.993 241.331 235.409 227.745 210.85 213.124 227.579 246.251 246.22 249.646 253.578 237.542 206.221 207.091 205.037 183.792 158.734 145.24 131.384 110.014
-9999 -9999 4.16667 12.0533 6.74545 7.72727 -9999 -9999 3.10526 2.17267 1.51733 1.64 -9999 -9999 -9999 1.66667 -9999 -9999 -9999 -9999 5.15764 4.29603 1.81111 4.74127 12.9333 5.00235 4.45156 7.18937 27.325 30.02 105.198 209.844 138.759 105.771 79.4794 85.8806 59.2194 46.8256 68.9956 77.2819 89.555 92.485 90.8988 104.411 112.879 113.233 116.471 113.589 105.869 108.618 106.444 121.107 136.918 154.967 172.202 184.311 205.634 222.186 225.458 214.663 194.079 187.797 192.113 198.678 211.595 209.015 196.091 199.034 197.432 184.924 188.41 188.756 176.157 157.084 135.985 120.966 100.054
-9999 7.35484 22.8462 26.0857 7.69414 7.05134 4.25 3.75 5.92772 4.48754 2.12611 1.16 -9999 -9999 -9999 1.93333 0.542857 6.01818 10.3273 8.18182 4.39 1.54402 7.29556 53.6694 29.2356 2.13873 5.03338 9.43174 13.0754 34.4647 109.957 258.517 230.892 238.309 220.661 200.598 87.6306 53.6469 58.0906 69.4444 80.4987 83.7688 87.2975 98.4 116.539 127.951 127.851 114.766 101.234 112.72 109.849 114.934 126.969 148.766 164.437 180.411 192.691 202.657 203.379 188.539 172.603 175.941 175.438 170.076 176.994 177.352 154.123 144.108 148.581 149.708 157.836 168.842 159.062 146.772 128.253 108.546 90.7188
57.4828 30.8165 46.0529 28.0362 38.7724 17.7497 14.7921 35.2207 7.57143 -9999 13.3138 13.3926 -9999 3.18182 3.56558 2.84166 20.0143 33.9603 28.0248 13.5727 13.4375 18.6774 16.2835 39.2404 29.6247 0.166667 4.71118 33.9224 73.5873 65.7506 143.994 312.989 385.999 379.913 341.564 186.223 101.824 51.0438 52.0037 61.1813 66.7881 73.3281 77.3463 89.475 111.477 120.609 116.439 99.1769 96.7738 103.268 105.131 110.438 124.464 135.048 145.271 167.202 181.22 188.939 176.314 154.974 148.414 160.266 158.56 144.455 137.909 142.878 143.999 136.876 121.516 120.187 123.751 126.779 129.569 126.375 112.804 94.455 76.1988
47.687 58.7026 83.7989 49.3913 33.4183 4.35421 10.3628 15.6124 11.5993 1.71429 9.91691 26.2952 13.2629 10.8152 14.876 29.9221 65.0325 78.8675 108.596 63.7077 22.474 14.5712 34.8413 35.26 31.4685 35.8571 37.6213 80.3409 81.7456 98.2956 153.889 279.329 317.004 414.674 445.838 235.067 102.149 70.3938 55.0788 46.9113 60.3044 67.6544 71.3012 87.4025 99.6469 99.0294 95.3881 101.453 106.564 108.635 109.115 105.191 112.494 121.688 128.731 149.367 158.527 165.231 149.914 133.359 137.576 144.461 145.166 135.476 134.577 137.863 136.277 130.586 116.207 107.061 101.974 95.2562 95.5175 97.6087 88.9987 77.3425 61.4313
80.8807 110.65 156.783 104.908 48.94 14.343 13.9926 7.70571 18.2999 1.71429 3.3039 30.7896 21.9078 19.3106 53.0098 102.622 135.628 149.216 189.198 151.461 117.053 87.3639 82.9356 63.5443 9.51438 13.5489 60.4838 78.6214 36.4175 69.5462 86.7775 172.471 261.825 372.503 484.341 408.424 231.966 118.357 94.255 74.8675 65.7381 60.4056 73.9638 88.7075 89.0775 86.3938 92.2531 102.578 103.92 106.798 111.957 107.257 107.237 109.283 113.749 125.356 135.709 141.629 127.414 123.658 129.501 129.643 130.399 129.158 132.693 137.966 129.028 115.653 105.073 96.9844 91.3012 81.9362 73.8294 64.1344 54.2475 51.1937 37.3112
84.3351 203.876 227.049 176.649 82.7375 29.8862 21.2544 8.11077 24.1291 8.27273 8 15.2261 8.41422 19.3692 74.1069 154.428 229.459 235.811 234.425 213.362 233.63 222.676 168.487 90.6644 16.7628 7.32008 28.3842 35.0976 68.0062 115.183 94.7787 135.615 266.801 328.171 466.922 572.024 338.764 159.784 157.012 124.77 73.0369 48.9744 70.6212 74.0225 72.0837 85.0875 93.1894 101.267 96.8425 98.01 106.489 113.341 119.577 118.793 116.929 117.301 116.496 115.739 113.592 116.293 121.987 118.057 120.567 122.364 123.086 133.633 128.651 114.896 95.5494 91.8031 84.0612 74.2312 69.9094 55.2819 36.9275 20.9263 13.1272
82.7302 217.718 267.724 259.336 80.4831 53.8894 43.77 33.9775 23.2076 24.8574 22.9139 29.0948 29.5669 75.8906 112.21 173.358 222.606 218.321 206.404 224.453 271.578 266.892 169.829 123.434 38.2837 16.58 12.2563 24.685 122.982 199.697 226.994 268.536 274.263 290.262 355.379 440.131 330.63 216.644 178.739 127.918 73.2281 61.3931 66.18 70.0762 70.645 87.485 94.8856 95.4719 95.7194 98.3794 107.149 113.427 123.896 124.404 121.355 119.582 116.034 112.698 108.253 106.745 106.205 109.685 114.234 115.981 114.242 119.918 115.311 97.6038 88.9488 82.04 72.8319 62.5294 56.99 49.6025 27.08 9.77837 3.33333
84.2642 114.307 214.063 271.152 110.641 98.5094 112.105 77.455 47.3169 67.4444 76.1631 58.8611 47.9944 118.163 201.611 246.195 214.595 179.466 205.274 267.588 313.831 294.394 193.31 79.5398 38.3638 49.33 49.5887 24.5275 46.5135 161.288 237.39 285.86 285.504 263.329 281.514 321.804 269.228 193.034 121.563 82.7969 64.3081 67.2381 75.6738 76.9025 77.1062 91.0488 95.7869 96.3406 95.2831 98.3456 110.284 117.408 121.814 116.206 117.136 119.586 115.497 113.096 105.984 104.434 104.14 106.915 109.563 111.478 112.327 98.9356 85.0813 75.6862 76.86 76.1837 64.2044 54.7319 48.47 39.2625 17.865 5.57844 0
