public/models/data/input/map/ntb/1000/mapdcenter.asc
NCOLS 388
NROWS 274
XLLCORNER 370313.940441
YLLCORNER 9267024.452423
CELLSIZE 1000.000000
NODATA_VALUE       -9999
[rows 204 to 237 of 274, columns 231 to 307 of 388]
-9999 -9999 -9999 -9999 -9999 -9999 -9999 -9999 -9999 -9999 -9999 -9999 -9999 -9999 -9999 -9999 -9999 -9999 -9999 23590.5 23172.7 22167.6 21080.2 19839.3 18884 17764 16804 15844 14884 13764 12804 11844 10884 9764.03 8806.96 7964.93 7412.19 6935.61 6537.96 6140.32 5742.67 5701.25 6098.89 6496.54 6894.18 7367.04 7894.43 8709.89 9664.03 10129.2 9266.69 8306.69 7346.69 6226.69 5266.69 4306.69 3346.69 2226.73 1279.03 606.744 970.833 2046.69 3006.69 3966.69 4926.69 6046.69 7006.69 7966.69 8926.69 10046.7 11006.7 11966.7 12926.7 14046.7 15006.7 15966.7 16926.7
-9999 -9999 -9999 -9999 -9999 -9999 -9999 -9999 -9999 -9999 -9999 -9999 -9999 -9999 -9999 -9999 -9999 -9999 -9999 23781.3 23427.5 22838.5 21281.2 19307.9 18477.2 17366.4 16406.4 15446.4 14486.4 13366.4 12406.4 11446.4 10486.4 9366.38 8406.39 7449.68 6607.28 5978.53 5577.96 5180.32 4782.67 4741.25 5138.89 5536.54 5935.36 6536.79 7352.98 8306.39 9266.38 10115.2 9611.64 8654.63 7694.63 6574.63 5614.63 4654.63 3694.63 2586.97 1780.3 1341.3 1556.16 2411.03 3354.63 4314.63 5274.63 6394.63 7354.63 8314.63 9274.63 10394.6 11354.6 12314.6 13274.6 14394.6 15354.6 16314.6 17274.6
-9999 -9999 -9999 -9999 -9999 -9999 -9999 -9999 -9999 -9999 -9999 -9999 -9999 -9999 -9999 -9999 -9999 -9999 -9999 -9999 23470.7 23261.5 -9999 18535.1 18050 16968.7 16008.7 15048.7 14088.7 12968.7 12008.7 11048.7 10088.7 8968.74 8008.74 7048.74 6091.67 5136.5 4621.26 4220.32 3822.67 3781.25 4178.89 4577.86 5068.94 5994.6 6948.74 7908.74 8868.74 9904.65 9939.16 9052.27 8092.27 6972.27 6012.27 5052.28 4092.71 3126.41 2605.75 2293.61 2463.44 3011.65 3770.73 4712.28 5672.27 6792.27 7752.27 8712.27 9672.27 10792.3 11752.3 12712.3 13672.3 14792.3 15752.3 16712.3 17672.3
-9999 -9999 -9999 -9999 -9999 -9999 -9999 -9999 -9999 -9999 -9999 -9999 -9999 -9999 -9999 -9999 -9999 -9999 -9999 -9999 -9999 -9999 -9999 18349.7 17545.1 16568.7 15611.1 14651.1 13691.1 12571.1 11611.1 10651.1 9691.09 8571.1 7611.1 6651.1 5691.1 4583.77 3778.85 3263.24 2862.67 2821.25 3220.07 3711.29 4488.82 5591.1 6551.1 7511.1 8471.1 9579.05 10074.4 9449.81 8489.92 7369.92 6409.92 5450.36 4585.7 3960.83 3558.06 3253.61 3423.44 3885.54 4369.3 5126.32 6069.92 7189.92 8149.92 9109.92 10069.9 11189.9 12149.9 13109.9 14069.9 15189.9 16149.9 17109.9 18046.2
-9999 -9999 -9999 -9999 -9999 -9999 -9999 -9999 -9999 -9999 -9999 -9999 -9999 -9999 -9999 -9999 -9999 -9999 -9999 -9999 -9999 -9999 -9999 -9999 -9999 16057.2 15132 14184.1 13226.1 12107.2 11147.2 10187.2 9227.17 8107.18 7147.18 6187.18 5227.18 4107.18 3150.11 2308.07 1755.34 1710.18 2237.58 3053.04 4007.18 5127.18 6087.18 7047.18 8007.18 9127.17 9955.86 9851.86 8953.84 7833.88 6886.18 6067.98 5544.75 5075.71 4678.06 4373.61 4543.44 5001.15 5398.79 5849.16 6566.64 7653.84 8613.84 9573.83 10533.8 11653.8 12613.8 13573.8 14533.8 15653.8 16610.9 17472.1 17782.3
-9999 -9999 -9999 -9999 -9999 -9999 -9999 -9999 -9999 -9999 -9999 -9999 -9999 -9999 -9999 -9999 -9999 -9999 -9999 -9999 -9999 -9999 -9999 -9999 -9999 -9999 14405.5 13906.8 12745 11734.4 10774.4 9814.38 8854.38 7734.39 6774.39 5814.39 4854.39 3734.39 2774.39 1817.68 976.449 907.716 1720.98 2674.39 3634.39 4754.39 5714.39 6674.39 7634.39 8754.38 9697.19 10052.7 9350.58 8243.82 7437.15 6904.96 6499.63 6035.71 5638.06 5333.61 5503.44 5961.15 6358.79 6756.44 7206.8 8067.89 9011.48 9971.48 10931.5 12051.5 13011.5 13971.5 14931.5 16048.5 16885.7 17181.5 16910.7
-9999 -9999 -9999 -9999 -9999 -9999 -9999 -9999 -9999 -9999 -9999 -9999 -9999 -9999 -9999 -9999 -9999 -9999 -9999 -9999 -9999 -9999 -9999 -9999 -9999 -9999 -9999 -9999 12348.4 11690.1 10749.5 9789.53 8829.53 7709.53 6749.53 5789.53 4829.53 3709.53 2749.53 1790.85 927.213 856.283 1692.83 2649.53 3609.53 4729.53 5689.53 6649.53 7609.53 8729.53 9689.53 10291.3 9746.25 8783.26 8262.6 7857.27 7459.63 6995.71 6598.06 6293.61 6463.44 6921.15 7318.79 7716.44 8114.08 8668.51 9427.58 10369.1 11329.1 12449.1 13409.1 14369.1 15329.1 16347.4 16619.1 16347.8 15952.3
-9999 -9999 -9999 -9999 -9999 -9999 -9999 -9999 -9999 -9999 -9999 -9999 -9999 -9999 -9999 -9999 -9999 -9999 -9999 -9999 -9999 -9999 -9999 -9999 -9999 -9999 -9999 -9999 -9999 11995.7 11105.8 10145.1 9185.52 8065.38 7094.72 6145.76 5185.76 4065.76 3106.93 2240.51 1660.39 1613.92 2166.65 3008.69 3965.76 5085.76 6045.76 7005.76 7965.76 9085.75 10045.8 10670.7 10238.5 9617.68 9214.91 8817.27 8419.63 7955.71 7558.06 7253.61 7423.44 7881.15 8278.79 8676.44 9074.08 9542.39 10026.1 10783.2 11726.8 12846.8 13806.8 14766.8 15703 16095.2 15786 15389.9 14992.3
-9999 -9999 -9999 -9999 -9999 -9999 -9999 -9999 -9999 -9999 -9999 -9999 -9999 -9999 -9999 -9999 -9999 -9999 -9999 -9999 -9999 -9999 -9999 -9999 -9999 -9999 -9999 -9999 -9999 12372.8 11615.4 10915.4 9418.53 8555.71 7235.41 6538.89 5644.16 4538.61 3708.36 3166.17 2762.67 2721.25 3121.82 3637.43 4442.34 5549.68 6509.68 7469.68 8429.67 9549.67 10507.2 11243.5 11187.5 10732.6 10334.9 9937.27 9539.62 9075.7 8678.06 8373.61 8543.44 9001.15 9398.79 9796.43 10194.1 10658 11055.6 11506 12223.5 13310.7 14268.1 15129.4 15439.1 15065.2 14667.6 14269.9 13872.3
-9999 -9999 -9999 -9999 -9999 -9999 -9999 -9999 -9999 -9999 -9999 -9999 -9999 -9999 -9999 -9999 -9999 -9999 -9999 -9999 -9999 -9999 -9999 -9999 -9999 -9999 -9999 -9999 -9999 12619.3 12218.3 11996.8 -9999 -9999 6906.94 6549.57 5986.58 5066.01 4524.55 4120.32 3722.67 3681.25 4078.89 4479.83 4995.08 5950.25 6907.32 7867.32 8827.32 9947.32 10856.5 11542.7 11982.9 11680.2 11294.9 10897.3 10499.6 10035.7 9638.06 9333.61 9503.44 9961.14 10358.8 10756.4 11154.1 11618 12015.6 12413.3 12863.6 13724.7 14609.8 14915.1 14573.7 14105.2 13707.6 13309.9 12912.3
-9999 -9999 -9999 -9999 -9999 -9999 -9999 -9999 -9999 -9999 -9999 -9999 -9999 -9999 -9999 -9999 -9999 -9999 -9999 -9999 -9999 -9999 -9999 -9999 -9999 -9999 -9999 -9999 -9999 12634.6 12527 12365.6 -9999 -9999 -9999 6391.17 6380.03 5881.46 5477.96 5080.32 4682.67 4641.25 5038.89 5436.54 5837.11 6465.86 7308.26 8264.97 9224.96 10345 11224.7 11584.2 12349.3 12548.5 12254.9 11857.3 11459.6 10995.7 10598.1 10293.6 10463.4 10921.1 11318.8 11716.4 12114.1 12578 12975.6 13373.3 13770.9 14324.3 14824.5 14473.1 13708.4 13145.2 12747.6 12349.9 11952.3
-9999 -9999 -9999 -9999 -9999 -9999 -9999 -9999 -9999 -9999 -9999 -9999 -9999 -9999 -9999 -9999 -9999 -9999 -9999 -9999 -9999 -9999 -9999 -9999 -9999 -9999 -9999 -9999 -9999 -9999 -9999 -9999 -9999 -9999 -9999 -9999 7145.72 6740.95 6391.76 6028.88 5642.67 5601.25 5998.89 6396.54 6794.18 7270.77 7823.5 8665.54 9622.61 10742.6 11627.3 11994.3 -9999 13206.2 13035.5 12814.7 12419.6 11955.7 11558.1 11253.6 11423.4 11881.1 12278.8 12676.4 13074.1 13538 13935.6 14333.3 14730.9 15132.9 14921.4 14077.5 13130.1 12234.4 11787.6 11390 10992.3
-9999 -9999 -9999 -9999 -9999 -9999 -9999 -9999 -9999 -9999 -9999 -9999 -9999 -9999 -9999 -9999 -9999 -9999 -9999 -9999 -9999 -9999 -9999 -9999 -9999 -9999 -9999 -9999 -9999 -9999 -9999 -9999 -9999 -9999 -9999 -9999 -9999 -9999 7002.08 7009.68 6760.07 6721.25 7118.89 7516.54 7914.18 8378.1 8778.68 9294.28 10099.2 11206.5 12101.4 13197.4 13673.3 -9999 13851.3 13814.6 13536.7 13075.7 12678.1 12373.6 12543.4 13001.1 13398.8 13796.4 14194.1 14658 15055.6 15452.7 15784.7 15491.2 14573.9 13613.9 12653.9 11546.2 10766.9 10276.1 9872.31
-9999 -9999 -9999 -9999 -9999 -9999 -9999 -9999 -9999 -9999 -9999 -9999 -9999 -9999 -9999 -9999 -9999 -9999 -9999 -9999 -9999 -9999 -9999 -9999 -9999 -9999 -9999 -9999 -9999 -9999 -9999 -9999 -9999 -9999 -9999 -9999 -9999 -9999 7604.16 7822.72 7707.15 7681.25 8078.89 8476.54 8874.18 9338.1 9735.74 10136.7 10651.9 11604.8 12468.9 13169.5 13554.5 -9999 15075.3 14890.8 14500.2 14035.7 13638.1 13333.6 13503.4 13961.1 14358.8 14756.4 15154.1 15618 16014.9 16316.2 16122 15136.2 14176.2 13216.2 12256.2 11136.2 10194.7 9421.84 8918.47
-9999 -9999 -9999 -9999 -9999 -9999 -9999 -9999 -9999 -9999 -9999 -9999 -9999 -9999 -9999 -9999 -9999 -9999 -9999 -9999 -9999 -9999 -9999 -9999 -9999 -9999 -9999 -9999 -9999 -9999 -9999 -9999 -9999 -9999 -9999 -9999 -9999 -9999 -9999 8729.3 8638.98 8641.25 9038.89 9436.54 9834.18 10298.1 10695.7 11093.4 11494 12064.4 12547.2 12844.1 -9999 -9999 15398.8 15513.9 15304.6 14988.8 14598.1 14293.6 14463.4 14921.1 15318.8 15716.4 16114.1 16577.5 16878.5 16657.4 15853.2 14738.6 13778.6 12818.6 11858.6 10738.6 9778.59 8837.04 8051.61
-9999 -9999 -9999 -9999 -9999 -9999 -9999 -9999 -9999 -9999 -9999 -9999 -9999 -9999 -9999 -9999 -9999 -9999 -9999 -9999 -9999 -9999 -9999 -9999 -9999 -9999 -9999 -9999 -9999 -9999 -9999 -9999 -9999 -9999 -9999 -9999 -9999 -9999 -9999 8992.99 9512.33 9601.25 9998.89 10396.5 10794.2 11258.1 11655.7 12053.4 12433.5 12539.9 12503.6 -9999 -9999 -9999 -9999 15744.5 15521.3 15753.7 15544.9 15253.6 15423.4 15881.1 16278.8 16676.4 17074.1 17471.8 17246.7 16415.6 15460.9 14340.9 13380.9 12420.9 11460.9 10340.9 9380.94 8420.95 7473.25
-9999 -9999 -9999 -9999 -9999 -9999 -9999 -9999 -9999 -9999 -9999 -9999 -9999 -9999 -9999 -9999 -9999 -9999 -9999 -9999 -9999 -9999 -9999 -9999 -9999 -9999 -9999 -9999 -9999 -9999 -9999 -9999 -9999 -9999 -9999 -9999 -9999 14298.8 14298.8 11717.1 10746.7 10721.2 11118.9 11516.5 11914.2 12378.1 12775.7 13173.4 13529.4 14693 -9999 -9999 -9999 -9999 -9999 19114.1 18244.1 17446.4 16680.9 16373.6 16543.4 17001.1 17398.8 17795.9 18127.9 17834.3 16917 15957 14997 13877 12917 11957 10997 9877.02 8917.03 7957.03 6997.03
-9999 -9999 -9999 -9999 -9999 -9999 -9999 -9999 -9999 -9999 -9999 -9999 -9999 -9999 -9999 -9999 -9999 -9999 -9999 -9999 -9999 -9999 -9999 -9999 -9999 -9999 -9999 -9999 -9999 -9999 -9999 -9999 -9999 -9999 -9999 -9999 -9999 14189.3 14025.7 12320.6 11731 11681.2 12078.9 12476.5 12874.2 13338.1 13735.7 14133.4 14535.5 16127.7 18332.2 18876.2 19093.1 -9999 -9999 19263.4 18810.8 18060.3 17638.1 17333.6 17503.4 17961.1 18358.1 18659.3 18465.2 17479.4 16519.4 15559.4 14599.4 13479.4 12519.4 11559.4 10599.4 9479.38 8519.38 7559.38 6599.38
-9999 -9999 -9999 -9999 -9999 -9999 -9999 -9999 -9999 -9999 -9999 -9999 -9999 -9999 -9999 -9999 -9999 36690.2 36537.5 35909.7 35643.9 33618.8 32559.7 31664.5 31017.2 29932.3 28810 28284.4 -9999 -9999 -9999 -9999 -9999 -9999 20200.5 20184.3 17701.9 16058.9 13762.6 13182.9 12685.1 12641.2 13038.9 13436.5 13834.2 14298.1 14695.7 15093.4 15492 17157.7 18070 18768.5 18998.1 -9999 -9999 19797.5 19490.6 18995.7 18598.1 18293.6 18463.4 18920.6 19221.7 19000.6 18196.4 17081.7 16121.7 15161.7 14201.7 13081.7 12121.7 11161.7 10201.7 9081.73 8121.74 7161.74 6201.74
-9999 -9999 -9999 -9999 -9999 -9999 -9999 -9999 -9999 -9999 -9999 -9999 -9999 -9999 -9999 -9999 38175.8 37175.4 36395.6 35525.1 34490.8 33405.5 32405.4 31474.9 30578.1 29490.1 28481 27485.2 26810.5 -9999 -9999 -9999 -9999 20159.6 19983.8 19781.1 17506.7 16219.9 14737.1 14036.4 13642.7 13601.2 13998.9 14396.5 14794.2 15258.1 15655.7 16053.4 16451 16999.7 17479.4 18696.8 18934.8 -9999 21244.9 20876.2 20418.6 19955.7 19558.1 19253.6 19423.4 19815 19589.9 18758.8 17804.1 16684.1 15724.1 14764.1 13804.1 12684.1 11724.1 10764.1 9804.09 8684.09 7724.09 6764.09 5804.09
-9999 -9999 -9999 -9999 -9999 -9999 -9999 -9999 -9999 -9999 -9999 -9999 41388.8 40418.7 39832.7 39010.1 38066.5 36931.3 35996 35036 34076 32956 31996 31036 30076 28956 27996 27036.5 26184.5 25222.1 23722.6 22777.7 21549.6 20149.2 19451.1 18582.4 17438.6 16328.2 15610.7 15160.3 14762.7 14721.2 15118.9 15516.5 15914.2 16378.1 16775.7 17173.4 17571 18055.7 18545.1 20570.5 21235.7 21940.5 21528.3 21609.5 21506.1 21075.7 20678.1 20373.6 20542.6 20503.1 19608.1 18648.1 17688.1 16568.1 15608.1 14648.1 13688.1 12568.1 11608.1 10648.1 9688.11 8568.11 7608.11 6648.11 5688.11
-9999 -9999 -9999 -9999 -9999 -9999 -9999 -9999 -9999 -9999 -9999 -9999 41491.2 40765.5 39821.4 38866.2 37906.2 36786.2 35826.2 34866.2 33906.2 32786.2 31826.2 30866.2 29906.2 28786.2 27826.2 26866.2 25906.2 24784.6 23806.3 22855.3 21830.1 20697.3 19731.1 18773 17829.4 16968.3 16517.9 16120.3 15722.7 15681.2 16078.9 16476.5 16874.2 17338.1 17735.7 18133.4 18531 18997.6 19483.6 20240.9 21143.6 21822.3 -9999 22603.4 22459.2 22035.7 21638.1 21333.6 21464.4 20956.3 19997.5 19037.5 18077.5 16957.5 15997.5 15037.5 14077.5 12957.5 11997.5 11037.5 10077.5 8957.47 7997.47 7037.47 6077.47
-9999 -9999 -9999 -9999 -9999 -9999 -9999 -9999 -9999 -9999 -9999 42942.4 42092.2 41090.6 40130.6 39170.6 38210.6 37090.6 36130.6 35170.6 34210.6 33090.6 32130.6 31170.6 30210.6 29090.6 28130.6 27170.6 26210.6 25090.6 24130.6 23170.6 22210.6 21090.6 20130.6 19189.1 18430 17875.6 17477.9 17080.3 16682.7 16641.2 17038.9 17436.5 17834.2 18298.1 18692.3 18988.8 19347.4 19936.2 20296.4 20662.5 21180.5 21821.4 24554.3 24026.1 23478.8 22995.7 22598.1 22293.6 22227.2 21355.1 20395.1 19435.1 18475.1 17355.1 16395.1 15435.1 14475.1 13355.1 12395.1 11435.1 10475.1 9355.11 8395.12 7435.12 6475.12
-9999 -9999 -9999 -9999 -9999 -9999 -9999 -9999 -9999 -9999 43993.4 43502.2 42605.8 41488.3 40528.3 39568.3 38608.3 37488.3 36528.3 35568.3 34608.3 33488.3 32528.3 31568.3 30608.3 29488.3 28528.3 27568.3 26608.3 25488.3 24528.3 23568.3 22608.3 21488.3 20544.7 19787.7 19303.9 18835.6 18437.9 18040.3 17642.7 17601.2 17998.9 18396.5 18794.2 19258.1 19622.3 19654.2 19571.7 20841.1 20980.5 20809.3 20932.1 -9999 25014.9 24819 24420.4 23955.7 23558.1 23231.3 22796.2 21752.7 20792.7 19832.7 18872.7 17752.7 16792.7 15832.7 14872.7 13752.7 12792.7 11832.8 10872.8 9752.76 8792.76 7832.76 6872.76
-9999 -9999 -9999 -9999 -9999 -9999 -9999 -9999 -9999 45638.6 44939.5 44029.9 43072.2 41952.2 40992.2 40032.2 39072.2 37952.2 36992.2 36032.2 35072.2 33952.2 32992.2 32032.2 31072.2 29952.2 28992.2 28032.2 27072.2 25952.2 24992.2 24032.2 23072.2 21985 21267.5 20817.2 20419.5 19955.6 19557.9 19160.3 18762.7 18721.2 19118.9 19516.5 19914.2 20281.1 20313.2 20424.4 -9999 -9999 -9999 -9999 -9999 -9999 25772.5 25785 25537 25075.7 24668.1 24149 23330.4 22216.7 21256.7 20296.7 19336.7 18216.7 17256.7 16296.7 15336.7 14216.7 13256.7 12296.7 11336.7 10216.7 9256.68 8296.68 7339.61
52029 -9999 -9999 -9999 -9999 -9999 -9999 -9999 47611 46219.9 45384.7 44429.9 43469.9 42349.9 41389.9 40429.9 39469.9 38349.9 37389.9 36429.9 35469.9 34349.9 33389.9 32429.9 31469.9 30349.9 29389.9 28429.9 27469.9 26349.9 25389.9 24429.9 23486.3 22625.2 22174.8 21777.2 21379.5 20915.6 20517.9 20120.3 19722.7 19681.2 20078.9 20476.5 20874.2 21190.9 -9999 -9999 -9999 -9999 -9999 -9999 -9999 -9999 -9999 26676.5 26482 26025.8 25491.8 24683.5 23734.3 22614.3 21654.3 20694.3 19734.3 18614.3 17654.3 16694.3 15734.3 14614.3 13654.3 12694.3 11734.3 10614.3 9654.32 8698.72 7839.48
51680.1 52323.2 52523.4 -9999 -9999 -9999 -9999 49183.6 47893.6 46727.6 45787.5 44827.5 43867.5 42747.5 41787.5 40827.5 39867.5 38747.5 37787.5 36827.5 35867.5 34747.5 33787.5 32827.5 31867.5 30747.5 29787.5 28827.5 27867.5 26747.5 25787.5 24846 24086.9 23532.5 23134.8 22737.2 22339.5 21875.6 21477.9 21080.3 20682.7 20641.2 21038.9 21436.5 21802.7 21954.2 -9999 -9999 -9999 -9999 -9999 -9999 -9999 -9999 -9999 27694 27453.3 26861.5 26041.1 25091.9 24131.9 23011.9 22051.9 21091.9 20131.9 19011.9 18051.9 17091.9 16131.9 15011.9 14052 13092 12132 11012 10056.4 9207.52 8629.45
51303.2 51977.9 52395.9 -9999 -9999 -9999 49631.1 49236.5 48276.4 47145.2 46185.2 45225.2 44265.2 43145.2 42185.2 41225.2 40265.2 39145.2 38185.2 37225.2 36265.2 35145.2 34185.2 33225.2 32265.2 31145.2 30185.2 29225.2 28265.2 27145.2 26201.6 25444.5 24960.8 24492.5 24094.8 23697.2 23299.5 22835.6 22437.9 22040.3 21642.7 21593.4 21920.9 22274 22623.2 22190.2 -9999 -9999 -9999 -9999 -9999 -9999 -9999 -9999 29256.8 28887.5 28342.3 27402.4 26449.6 25489.6 24529.6 23409.6 22449.6 21489.6 20529.6 19409.6 18449.6 17489.6 16529.6 15409.6 14449.6 13489.6 12529.6 11412.5 10554.8 9987.09 9572.46
50430.7 51393.7 51970.5 -9999 -9999 50786.6 50529.8 49679.3 48729.1 47609.1 46649.1 45689.1 44729.1 43609.1 42649.1 41689.1 40729.1 39609.1 38649.1 37689.1 36729.1 35609.1 34649.1 33689.1 32729.1 31609.1 30649.1 29689.1 28729.1 27641.9 26924.4 26474 26076.4 25612.5 25214.8 24817.2 24419.5 23955.6 23557.9 23158.7 22697.7 22251.9 22331.4 -9999 -9999 -9999 -9999 -9999 -9999 -9999 -9999 -9999 -9999 30519.6 30356.3 29803 28986.3 27873.5 26913.5 25953.5 24993.5 23873.5 22913.5 21953.5 20993.5 19873.5 18913.5 17953.5 16993.5 15873.5 14913.5 13953.5 12996.5 12010.6 11489.4 11090 10692.3
49981.4 50734.5 51779 52244.1 53393.4 51943.2 50977.8 50086.7 49126.7 48006.7 47046.7 46086.7 45126.7 44006.7 43046.7 42086.7 41126.7 40006.7 39046.7 38086.7 37126.7 36006.7 35046.7 34086.7 33126.7 32006.7 31046.7 30086.7 29143.1 28282.1 27831.7 27434 27036.4 26572.5 26174.8 25777.2 25379.5 24915.6 24517.9 24134.5 23390.2 -9999 -9999 -9999 -9999 -9999 -9999 -9999 -9999 -9999 -9999 -9999 -9999 31944.1 31151.7 30340.3 29391.2 28271.2 27311.2 26351.2 25391.2 24271.2 23311.2 22351.2 21391.2 20271.2 19311.2 18351.2 17391.2 16271.2 15311.2 14355.6 13496.3 12847 12447.6 12050 11652.3
49605.1 50721.3 51643.9 52381.5 53311.6 52405 51436.8 50484.4 49524.4 48404.4 47444.4 46484.4 45524.4 44404.4 43444.4 42484.4 41524.4 40404.4 39444.4 38484.4 37524.4 36404.4 35444.4 34484.4 33524.4 32404.4 31444.4 30502.8 29743.8 29189.3 28791.7 28394 27996.4 27532.5 27134.8 26737.2 26339.5 25875.6 25477.9 25130.1 25030.7 -9999 -9999 -9999 -9999 -9999 -9999 -9999 -9999 -9999 -9999 -9999 -9999 32475.8 31698 30748.8 29788.8 28668.8 27708.8 26748.8 25788.8 24668.8 23708.8 22748.8 21788.8 20668.8 19708.8 18748.8 17788.8 16668.8 15713.2 14864.4 14286.3 13805.2 13407.6 13009.9 12612.3
49585 50705 51661 52587 53459.9 52802 51842 50882 49922 48802 47842 46882 45922 44802 43842 42882 41922 40802 39842 38882 37922 36802 35842 34882 33922 32802 31858.4 31101.4 30617.7 30149.3 29751.7 29354 28956.4 28492.5 28094.8 27697.2 27299.5 26835.6 26437.9 26079.6 25973.2 -9999 -9999 -9999 -9999 -9999 -9999 -9999 -9999 -9999 35710.4 35345.9 34276.7 33039.1 32106.4 31146.4 30186.4 29066.4 28106.4 27146.4 26186.4 25066.4 24106.4 23146.4 22186.4 21066.4 20106.4 19146.4 18186.4 17069.4 16211.6 15643.9 15229.3 14765.2 14367.6 13969.9 13572.3
50005.4 51125.4 52085.4 53045.4 53869.6 53266 52306 51346 50386 49266 48306 47346 46386 45266 44306 43346 42386 41266 40306 39346 38386 37266 36306 35346 34386 33298.8 32581.3 32130.9 31733.3 31269.3 30871.7 30474 30076.4 29612.5 29214.8 28817.2 28417.3 27806.1 27160.9 26919.6 -9999 -9999 -9999 -9999 -9999 -9999 -9999 -9999 -9999 37195 36531.2 35610.4 34650.4 33530.4 32570.4 31610.4 30650.4 29530.4 28570.4 27610.4 26650.4 25530.4 24570.4 23610.4 22650.4 21530.4 20570.4 19610.4 18653.3 17667.4 17146.2 16746.8 16349.1 15885.2 15487.6 15089.9 14692.3
50403 51523 52483 53443 54267.3 53663.6 52703.6 51743.6 50783.6 49663.6 48703.6 47743.6 46783.6 45663.6 44703.6 43743.6 42783.6 41663.6 40703.6 39743.6 38783.6 37663.6 36703.6 35743.6 34800 33938.9 33488.6 33090.9 32693.3 32229.3 31831.7 31434 31036.4 30572.5 30174.8 29776 29346.6 28456.8 -9999 -9999 -9999 -9999 -9999 -9999 -9999 -9999 -9999 -9999 -9999 37505.2 36879.5 36008 35048 33928 32968 32008 31048 29928 28968 28008 27048 25928 24968 24008 23048 21928 20968 20012.4 19153.2 18503.8 18104.4 17706.8 17309.1 16845.2 16447.6 16049.9 15652.3
