public/models/data/input/map/ntb/1000/mapdagr.asc
NCOLS 388
NROWS 274
XLLCORNER 370313.940441
YLLCORNER 9267024.452423
CELLSIZE 1000.000000
NODATA_VALUE       -9999
[rows 204 to 237 of 274, columns 154 to 230 of 388]
4727.99 4436.8 4583.38 4657.94 4431.17 4124.22 3100.54 2146.52 1276.78 487.427 43.9314 223.611 252.121 73.6626 318.482 330.087 35.2487 0 0 0 29.9435 95.2581 105.662 0.75 0 0 0 0 0 0 0 0 0 0 59.6781 201.988 327.061 130.769 0 2290.37 1866.19 1686.98 1914.64 1487.55 1127.3 865.797 -9999 -9999 -9999 -9999 -9999 -9999 -9999 -9999 -9999 -9999 -9999 -9999 -9999 -9999 -9999 -9999 -9999 -9999 -9999 -9999 -9999 -9999 -9999 -9999 -9999 -9999 -9999 -9999 -9999 -9999 -9999
5690.57 5397.06 5543.32 5597.32 5153.34 4428.32 3329.06 2380.83 1457.49 527.576 303.094 981.349 710.301 400.931 286.399 84.8037 0 0 0 0 13.5078 80.744 261.979 10.3713 0 0 0 0 0 0 0 0 0 5.62132 63.8187 304.305 476.885 239.985 9.69947 0 538.344 757.675 1386.37 1758.69 1757.77 1754.83 -9999 -9999 -9999 -9999 -9999 -9999 -9999 -9999 -9999 -9999 -9999 -9999 -9999 -9999 -9999 -9999 -9999 -9999 -9999 -9999 -9999 -9999 -9999 -9999 -9999 -9999 -9999 -9999 -9999 -9999 -9999
6648.94 6356.98 6487.68 6372.22 5557.23 4608.82 3488.82 2528.82 1575.41 764.537 980.322 1832.43 1444.16 926.144 231.62 13.449 0 0 0 0 13.8373 45.4439 222.249 17.8203 5.858 1.95267 0 0 0 0 3 0 0 25.0459 257.376 221.557 245.737 243.883 10.8676 4.74632 49.8995 178.754 777.38 1091.7 1446.79 1600.09 -9999 -9999 -9999 -9999 -9999 -9999 -9999 -9999 -9999 -9999 -9999 -9999 -9999 -9999 -9999 -9999 -9999 -9999 -9999 -9999 -9999 -9999 -9999 -9999 -9999 -9999 -9999 -9999 -9999 -9999 -9999
7608.94 7316.98 7371.36 6894.71 5945.76 4985.76 3865.76 2911.61 2096.16 1572.9 1707.97 2145.83 1682.49 790.968 112.598 1.95267 0 0 0 0 1.5 9.93198 62.2761 3.233 1.95267 0.650888 0 0 0 0 11.4142 2.20711 2.95711 6.72487 102.608 84.9108 70.1659 42.634 0.777369 1.58211 0 16.3388 222.685 334.406 787.788 1800.78 -9999 -9999 -9999 -9999 -9999 -9999 -9999 -9999 -9999 -9999 -9999 -9999 -9999 -9999 -9999 -9999 -9999 -9999 -9999 -9999 -9999 -9999 -9999 -9999 -9999 -9999 -9999 -9999 -9999 -9999 -9999
8728.94 8436.98 8216.75 7369.68 6409.68 5449.68 4347.4 3569.87 3077.27 2671.01 2561.11 2261.06 1506.3 638.554 39.2959 0 0 0 0 0.75 0.9375 15.3051 9.41421 0 0 0 0 0 0 10.5962 0 0.5 1.625 0.375 0.5 10.1857 13.4963 1.60355 4.74632 29.8492 48.687 16.7327 45.0205 259.654 1056.68 1787 -9999 -9999 -9999 -9999 -9999 -9999 -9999 -9999 -9999 -9999 -9999 -9999 -9999 -9999 -9999 -9999 -9999 -9999 -9999 -9999 -9999 -9999 -9999 -9999 -9999 -9999 -9999 -9999 -9999 -9999 -9999
9688.94 9373.92 8719.6 7767.32 6807.32 5853.18 4923.82 4382.74 3830.13 3191.83 2533.63 1749.27 987.444 345.818 12.6746 0 0 0 3.23744 54.0468 52.204 9.74448 1 0 0 0 0 0 0 4.06066 0 0 3.375 1.125 4.84099 73.3256 110.637 23.6924 118.183 341.267 453.543 283.392 105.081 518.953 1390.67 1678.61 -9999 -9999 -9999 -9999 -9999 -9999 -9999 -9999 -9999 -9999 -9999 -9999 -9999 -9999 -9999 -9999 -9999 -9999 -9999 -9999 -9999 -9999 -9999 -9999 -9999 -9999 -9999 -9999 -9999 -9999 -9999
10641.8 10126.8 9122.61 8162.61 7204.8 6322.45 5487.81 4711.31 3826.73 2883.29 1921.58 1199.4 453.985 52.573 0 0 2.25 5.56066 69.646 121.532 107.33 48.3662 1 0 0 0 0 0 0 0 0 0 2.25 0.75 19.7789 258.568 551.326 396.22 635.973 974.774 1065.35 793.962 287.997 849.109 1792.86 2498.05 -9999 -9999 -9999 -9999 -9999 -9999 -9999 -9999 -9999 -9999 -9999 -9999 -9999 -9999 -9999 -9999 -9999 -9999 -9999 -9999 -9999 -9999 -9999 -9999 -9999 -9999 -9999 -9999 -9999 -9999 -9999
11184.2 10310.1 9198.49 8238.5 7279.23 6343.16 5326.24 4421.95 3464.68 2504.68 1402.64 603.325 120.964 3.18295 0 0 0.75 174.523 420.594 254.826 74.6695 16.8935 0 0 0 0 0 0 0 0 0 0 0 0 22.3004 333.495 968.122 1099.04 1217.53 937.652 699.607 983.329 889.132 1240.28 1771.42 2202.52 -9999 -9999 -9999 -9999 -9999 -9999 -9999 -9999 -9999 -9999 -9999 -9999 -9999 -9999 -9999 -9999 -9999 -9999 -9999 -9999 -9999 -9999 -9999 -9999 -9999 -9999 -9999 -9999 -9999 -9999 -9999
10867.1 9907.07 8787.08 7827.08 6867.08 5907.08 4803.25 4005.52 3252.97 2363.78 1341.78 555.594 90.7254 7.09543 0.588388 12.9649 130.124 620.759 1113.09 459.019 59.1714 33.6647 12.7426 0 0 0 0 0.375 0.375 0 0 0 0 0 5.81066 129.504 485.687 561.663 602.196 579.977 274.238 479.383 735.645 697.126 1006.71 1833.02 -9999 965.685 615.625 416.45 -9999 1198.53 1142.32 1189.5 3316.39 3390.93 3602.95 3937 -9999 -9999 -9999 -9999 -9999 -9999 -9999 -9999 -9999 -9999 -9999 -9999 -9999 -9999 -9999 -9999 -9999 -9999 -9999
10469.4 9509.43 8389.43 7429.43 6469.43 5509.43 4389.43 3454.06 2659.68 1907.13 910.103 304.188 72.9404 8.35432 19.3739 58.6855 271.479 839.325 1403.09 782.071 309.836 203.542 44.2154 12.7123 0.75 0 0 13.5319 24.7442 4.23744 0 0 0 0 95.3421 142.328 288.357 142.925 127.987 292.598 86.1193 27.7256 104.856 130.719 376.413 519.028 0 362.132 389.458 465.497 370.077 779.36 924.387 983.006 1841.17 2798.01 3577.38 3806.39 -9999 -9999 -9999 -9999 -9999 -9999 -9999 -9999 -9999 -9999 -9999 -9999 -9999 -9999 -9999 -9999 -9999 -9999 -9999
10071.8 9111.79 7991.79 7031.79 6071.79 5111.79 3991.79 3031.79 2096.41 1294.57 511.624 102.575 95.9096 89.7527 65.9129 65.5187 204.684 641.127 1514.65 1439.84 1018.76 460.618 15.7374 12.7123 0.75 0 0 13.1569 33.5056 55.0789 0 0 0 0 176.51 237.285 236.23 111.981 44.1529 75.2411 29.9612 14.9812 0 3.68443 3.68443 0 0 0 62.4076 483.511 228.158 263.122 269.49 537.536 1526.97 2452.93 3153.33 3610.47 -9999 -9999 -9999 -9999 -9999 -9999 -9999 -9999 -9999 -9999 -9999 -9999 -9999 -9999 -9999 -9999 -9999 -9999 -9999
9798.41 8838.41 7718.41 6758.41 5798.41 4838.41 3718.41 2758.41 1798.41 855.851 229.422 408.894 699.51 673.726 212.404 407.043 734.014 1062.46 1880.93 2231.04 1694.06 892.749 221.43 7.37132 0 0 0 0.25 65.5767 258.46 12.8284 0 0 0 33.5737 51.2357 28.5004 59.9303 0.1875 1.3125 7.48116 34.2364 0 0 0 0 27.5888 44.5386 41.9113 121.79 37.1234 31.1547 206.839 796.517 1636.48 2007.98 2774.14 1607.11 -9999 -9999 -9999 -9999 -9999 -9999 -9999 -9999 -9999 -9999 -9999 -9999 -9999 -9999 -9999 -9999 -9999 -9999 -9999
10129.8 9169.77 8049.78 7089.78 6129.78 5169.78 4049.78 3089.91 2145.6 1341.66 1036.29 1410.73 1762.43 1455.45 786.571 1098.63 1714.16 2079.9 2208.11 1969.9 1460.71 818.777 117.005 5.25 0 0 2.875 8.625 64.9862 173.205 101.762 5.23116 0 0 0 0 0 0 0 0 39.3129 71.6563 0 0 0 0 91.9553 389.752 456.414 436.347 406.405 367.807 692.116 1379.65 1291.46 787.038 612.684 928.783 1495.84 1729.26 -9999 -9999 -9999 -9999 -9999 -9999 -9999 -9999 -9999 -9999 -9999 -9999 -9999 -9999 -9999 -9999 -9999
10527.4 9567.42 8447.42 7487.42 6527.42 5567.42 4447.55 3508.08 2723.1 2211.34 1994.26 2357.51 2629.52 2245.31 1723.7 1906.43 2424.51 2519.3 1710.42 1104.94 653.986 269.907 26.864 0 0 0 4.21599 13.8551 12.7034 51.4994 299.111 168.943 22.6777 0 0 4.10355 4.10355 0 0 0 10.165 8.94899 0 0 0 0 18.8773 221.63 618.398 974.372 1230.68 1250.51 1477.89 1726.07 869.196 248.716 162.163 290.299 686.246 990.298 -9999 -9999 -9999 -9999 -9999 -9999 -9999 -9999 -9999 -9999 -9999 -9999 -9999 -9999 -9999 -9999 -9999
10925.1 9965.06 8845.07 7885.07 6925.07 5965.07 4860.89 4080.74 3570.93 3165.51 2954.26 3310.29 3435.05 3083.37 2678.32 2797.89 2949.77 2409.21 1321.46 503.512 162.861 71.3812 39.0459 0 3.0455 1.01517 114.996 222.743 134.134 36.5715 426.84 606.327 148.595 1.3125 0 4.10355 4.10355 19.5533 0 0 0 0 0 0 0 0 0.125 20.3854 157.943 641.878 1304.21 1603.02 1944.51 1726.1 621.891 133.443 175.008 234.043 186.787 652.215 -9999 -9999 -9999 -9999 -9999 -9999 -9999 -9999 -9999 -9999 -9999 -9999 -9999 -9999 -9999 -9999 -9999
11322.4 10362.7 9242.71 8282.71 7322.71 6363.74 5414.6 4926.63 4523.16 4125.51 3913.89 4156.37 3885.78 3403.47 2952.62 2771.57 2822.41 2506.21 1496.09 648.276 146.621 22.7094 12.8284 22.4246 79.8809 26.9199 260.832 178.423 139.934 225.277 838.483 708.415 135.97 0.9375 0 0 0 6.51777 0 0 0 0 0 0 0 0 0 0 5.99448 157.147 534.281 1003.24 1459.07 1379.64 709.589 494.284 500.666 504.535 139.083 660.876 -9999 -9999 -9999 -9999 -9999 -9999 -9999 -9999 -9999 -9999 -9999 -9999 -9999 -9999 -9999 -9999 -9999
11542.5 10813.9 9706.63 8746.76 7802.45 6998.52 6438.45 6040.8 5643.16 5238.01 4856.61 4393.23 3470.46 2605.8 1987.15 1733.49 1812.67 2023.6 1900.71 1132.02 379.332 109.2 198.343 103.972 5.25 48.3566 97.4693 26.3352 71.9234 220.629 472.968 336.827 56.4041 0.5 0 0 0 0 2.35355 0.75 0 0 31.7353 8.74264 0 5.66421 5.51777 0 0 0 38.9902 231.513 744.464 875.672 213.641 106.286 77.5195 160.075 764.924 1860.21 2898.5 3595.77 -9999 -9999 -9999 -9999 -9999 -9999 -9999 -9999 -9999 -9999 -9999 -9999 -9999 -9999 -9999
11034.2 10980.1 10104.1 9164.94 8379.95 7868.2 7376.22 6918.01 6462.38 5874.24 4969.57 4034.45 3074.45 2114.89 1155.01 785.84 863.182 1103.05 1653.18 1267.57 528.259 250.801 199.59 22.4435 0.75 34.8566 11.5607 0.375 1.875 14.5178 152.416 277.2 72.461 11.3247 0.676777 18.3514 16.3211 0 7.43566 3.375 0 1.5 2.25 13.2426 19.1783 46.1636 79.3523 80.5416 18.1051 33.5015 144.417 93.0738 310.142 720.374 367.207 31.1673 0 37.647 905.064 1892.63 2834.04 3477.9 -9999 -9999 -9999 -9999 -9999 -9999 -9999 -9999 -9999 -9999 -9999 -9999 -9999 -9999 -9999
10110.8 10475.9 10367.5 9736.2 9199.84 8650.74 7818.92 7046.8 6421.57 5758.06 4696.84 3736.84 2781.33 1806.85 739.473 202.769 175.981 508.14 1349.14 1109.34 349.296 30.7978 4.375 1.125 9.09099 3.03033 0 0 2.625 49.3707 254.668 271.316 82.1012 14.5899 19.5201 146.788 89.3532 0.375 0.375 1.125 29.6994 113.343 69.9999 17.5551 57.1677 265.398 448.822 408.546 70.4433 80.2901 259.868 161.566 96.9194 496.059 721.271 207.831 42.5349 25.7775 -9999 -9999 -9999 -9999 -9999 -9999 -9999 -9999 -9999 -9999 -9999 -9999 -9999 -9999 -9999 -9999 -9999 -9999 -9999
9150.85 9548.49 9962.84 10051.2 9541.77 8655.04 7551.03 6599.16 5741.67 5130.5 4440.12 3625.7 2702 1737.14 634.191 68.5013 155.288 718.735 1265.79 720.288 232.256 21.0515 0 0 2.78033 0.926777 0 0 0.75 14.3462 86.9382 133.539 21.5611 1.08839 32.0593 170.31 190.744 53.356 6 35.3492 106.084 133.157 107.36 98.4081 100.58 663.44 788.125 321.99 58.7095 20.0962 47.607 53.4502 21.3532 322.776 585.897 205.72 150.2 48.424 0 -9999 -9999 -9999 -9999 -9999 -9999 -9999 -9999 -9999 -9999 -9999 -9999 -9999 -9999 -9999 -9999 -9999 -9999
8030.85 8428.5 8892.42 9251.77 9065.24 8206.99 7087.08 6127.08 5167.52 4269.46 3571.85 3149.79 2667.03 1991.09 1097.19 556.139 509.443 1089.6 982.295 565.949 312.828 195.554 169.934 17.2793 55.7025 24.3799 0 1 3.25 9.03553 13.0463 91.2736 66.7354 34.8907 8.6927 156.966 590.489 310.283 12.314 85.5747 279.988 216.015 104.051 312.91 559.339 895.303 387.833 24.4523 10.4142 72.0631 6.93198 0 3.5625 27.1048 84.2788 157.292 179.336 13.9283 0 0 -9999 -9999 -9999 -9999 -9999 -9999 -9999 -9999 -9999 -9999 -9999 -9999 -9999 -9999 -9999 -9999 -9999
7070.85 7468.5 7932.42 8329.98 8462.32 7803.16 6689.43 5729.43 4769.43 3809.87 2800.4 2221.82 1838.91 1563.46 1431.75 1336.24 1259.9 1072.86 340.341 349.717 544.365 460.205 402.55 58.9716 149.01 83.3128 0 20.6569 89.2111 184.511 24.5603 10.3392 64.1208 309.941 63.7092 364.211 971.457 681.217 70.5591 175.215 457.687 518.738 545.566 906.267 1384.89 1138.55 345.578 220.283 102.244 167.227 24.5888 1.5 1.6875 8.37316 0.1875 23.4798 42.5882 6.55698 0 0 -9999 -9999 -9999 -9999 -9999 -9999 -9999 -9999 -9999 -9999 -9999 -9999 -9999 -9999 -9999 -9999 -9999
6110.85 6508.5 6973.34 7420.43 7743.57 7334.28 6291.79 5331.79 4371.79 3411.79 2299.95 1453.81 904.38 630.025 909.067 1597.41 1855.06 1258.06 393.417 215.394 219.384 96.1179 130.679 259.245 287.37 70.5816 21.1443 213.938 588.36 494.077 20.5962 0 72.7536 530.41 458.268 797.038 1403.02 1134.08 241.883 37.9421 216.547 711.386 1396.61 1791.09 2075.44 1669.9 1065.29 858.642 415.969 367.655 271.627 102.081 0 0 0 0 0 0 0 0 -9999 -9999 -9999 -9999 -9999 -9999 -9999 -9999 -9999 -9999 -9999 -9999 -9999 -9999 -9999 -9999 -9999
5150.85 5548.5 6051.31 6719.3 7005.05 6603.09 5882.24 4972.62 4013.06 3076.72 1977.02 1025.44 314.243 245.09 777.272 1378.42 1630.03 1479.77 914.119 506.742 131.697 5.06066 107.02 628.689 511.253 66.8138 314.511 812.097 1222.73 851.552 82.8805 1.70711 111.482 715.485 1288.83 1587.57 1989.76 1553.15 608.37 268.851 512.255 1157.59 2106.88 2802.95 2846.35 2454.79 1981.41 1580.69 1113.87 1040.87 975.593 396.839 46.685 14.8713 0 0 0 0 0 0 -9999 -9999 -9999 -9999 -9999 -9999 -9999 -9999 -9999 -9999 2961.76 2883.57 2766.3 -9999 -9999 -9999 -9999
4031.78 4467.39 5283.96 6205.32 6414.36 5695.81 5026.13 4443.52 3580.58 2641.82 1770.58 1132.87 769.797 980.925 788.501 543.636 651.846 756.879 1360.14 869.62 190.778 26.3307 264.623 803.382 642.415 192.955 528.431 1363.07 1833.63 1240.44 383.943 68.5564 379.272 1177.59 2148.01 2654.97 2750.86 2154.66 1538.11 1213.47 1282.06 1901.08 2736.58 3483.8 3840.44 3547.47 3028.97 2579.82 2215.66 2133.31 1765.71 1015.26 544.328 330.842 15.9497 0 0 0 0 44.726 405.708 422.733 -9999 -9999 -9999 -9999 -9999 -9999 -9999 1574.3 2283.41 2295.52 1789.95 1432 1567.27 1571.73 -9999
3125.34 3798.93 4875.12 5758.65 5918.2 5206.18 4232.3 3667.3 3073.82 2236.42 1177.72 623.048 782.533 1224.41 566.536 112.433 105.766 380.939 1300.29 1246.88 627.255 377.638 671.92 1309.84 1264.35 925.334 1219.2 1814.44 2254.2 1714.54 749.211 267.455 697.14 1540.43 2627.95 3314.17 3344.55 2965.3 2616.37 2171.19 2214.39 2614.86 3369.62 4096.79 4618.85 4452.65 3937.43 3538.06 3175.66 2979.69 2269.52 1519.79 785.187 237.468 33.5564 0 0.375 17.7463 0 94.4481 246.632 253.64 -9999 -9999 -9999 -9999 -9999 -9999 -9999 1265.29 1432.18 1460.5 1087.9 626.153 1056.66 1472.74 3352.08
2451.22 3358.87 4474.79 5189.75 5124.37 4634.42 3713.63 2886.48 2310.14 1813.86 1031.16 343.739 412.81 713.338 288.946 59.8405 12.0078 307.208 1207.04 1695.76 1482.09 1252.42 1421.1 1927.43 2090.43 1879.71 2159.9 2579.91 2768.42 2111.61 1161.22 924.46 1348.74 2022.11 2801.46 3051.11 3225.95 3399.75 3475.89 3134.29 3174.39 3547.18 4068.4 4723.16 5370.6 5345.73 4895.71 4496.25 4041.78 3426.99 2405.67 1474.82 551.085 170.711 50.4203 0 3.1875 95.5036 124.649 34.2701 14.1731 0 -9999 -9999 -9999 -9999 -9999 -9999 -9999 370.245 508.591 625.102 445.084 113.862 805.084 1324.26 3051.1
2009.51 2968.11 4074.12 4569.45 4199.74 3774.13 3178.98 2355.98 1517.01 1043.51 785.941 190.74 218.299 286.498 50.7376 14.2256 16.6365 224.857 1116.99 1998.92 2346.86 2212.13 2364.12 2768.37 2978.81 2839.71 3119.83 3487.64 3347.13 2605.51 1984.2 1755.71 1791.26 1978.87 2215.3 2154.97 2353.8 2769.4 3454.37 3917.95 4133.12 4507.18 4973.4 5426.05 6060.38 6263.67 5854.5 5380.56 4633.72 3706.07 2587.63 1638.29 815.4 388.361 22.3284 0 0.9375 25.9191 222.194 228.528 70.4617 7.16421 7.5 0 -9999 0 0 0 0 13.7595 42.6133 78.7585 79.9933 11.9257 -9999 1656.52 1999.87
1942.07 2861.49 3626.79 3799.91 3276.89 2695.25 2199.69 1747 988.086 278.19 298.803 73.659 29.0703 62.7612 3.86688 76.5957 214.503 366.914 1198.34 2148.14 3028.2 3300.37 3483.97 3877.47 4088.36 3946.33 4010.64 3772.44 3235.35 2594.06 1982.83 1382.34 958.082 967.605 1112.85 1041.72 1283.28 1936.12 3002.91 3954.92 4815.41 5478.65 6058.91 6486.07 6914.07 7276.68 6841.01 6044.22 5089.9 4129.9 3014.96 2117.32 1264.89 389.371 2 0 0 0 23.1961 101.374 365.016 531.373 576.557 698.017 0 0 0 0 0 0 0.650888 11.665 106.23 58.1829 105.718 648.654 1003
2251.27 2725.8 2782.28 2978.91 2583.16 1919.33 1276.9 970.128 591.998 180.932 40.2527 51.0952 10.6472 4.57766 9.16498 193.501 665.705 1047.67 1688.5 2547.77 3494.95 4138.94 4443.97 4832.04 4956.05 4543.66 3845 3109.58 2467.84 1877.7 1156.11 662.191 266.155 207.531 289.766 276.032 667.451 1543.6 2661.19 3621.19 4581.19 5539.24 6560.61 7264.32 7814.97 8057.88 7266.57 6310.24 5350.24 4390.24 3270.44 2311.22 1368.71 560.85 68.7962 18.9586 4.5 0 0.75 103.839 664.429 1139.09 1304.01 1273.46 219.53 4.30055 0 0 0 0 64.2569 171.94 124.736 64.9617 189.437 114.807 304.562
2084.73 1937.6 1823.45 2162.72 1967.55 1229.21 508.59 230.5 159.818 37.3385 19.0041 84.7565 42.9905 0.375 0.125 58.0143 420.764 973.861 1869.22 2758.56 3708.4 4610.44 5321.05 5617.8 5232.37 4364.88 3296.45 2494.53 1751.94 1106.39 482.192 134.649 46.4638 5.03921 2.625 54.4825 498.047 1373.67 2491.48 3451.48 4411.48 5371.48 6491.48 7444.06 8322.34 8589.51 7640.9 6680.9 5720.9 4760.9 3640.9 2698.39 1884.43 1177.26 496.286 236.245 44.7716 21.4683 10.4301 220.841 644.45 731.091 1013.95 875.352 345.587 15.2022 0 0 0 0.75 156.813 299.966 73.3679 51.4994 408.335 205.335 145.942
1312.4 997.586 884.243 1445.28 1571.22 804.42 107.091 23.7889 197.462 213.54 15.4775 92.7507 159.566 34.3352 0 5.9231 111.073 662.152 1734.26 2694.26 3654.26 4613.57 5639.11 5768.45 4928.58 3969.78 2852.42 1938.8 1139.57 420.588 56.6643 3.76333 0 0 0 39.708 464.658 1342.55 2461.13 3421.13 4381.13 5341.13 6461.13 7421.13 8380.53 8911.76 8038.55 7078.55 6118.55 5158.55 4050.21 3233.62 2534.91 1870.74 1274.36 760.94 480.101 146.557 4.95527 122.265 246.87 123.868 234.781 190.103 143.641 15.9801 0 0 0 0.25 34.1066 64.8581 28.0015 111.508 436.565 158.777 34.0334
420.235 212.687 224.197 955.177 1038.11 436.02 10.0285 99.9334 234.01 589.309 552.854 322.989 153.162 125.219 132.156 178.866 364.396 1058.38 2120.02 3071.7 4031.2 4991.2 5917.69 5515.32 4556.45 3596.45 2476.45 1516.45 597.37 92.0614 0 0 0 9.06066 53.6855 180.379 720.797 1606.78 2721.25 3681.25 4641.25 5601.25 6721.25 7681.25 8641.25 9301.86 8502.47 7542.47 6582.47 5634.13 4684.49 4012.28 3364.77 2849.45 2180.68 1761.7 1289.14 673.408 162.984 19.8174 7.36244 1.60355 0 0 0 0 0 0 0 0 20.3373 41.5511 138.156 473.381 257.209 8.2955 0
129.918 295.434 448.123 910.091 592.061 118.52 15.1713 303.49 852.21 1153.43 654.118 245.311 273.704 259.245 209.32 692.131 1051.42 1570.55 2546.55 3479.99 4429.51 5388.84 6243.89 5667.22 4707.22 3747.22 2627.22 1670.15 793.715 337.133 34.5919 1.70711 9.23376 180.251 557.045 857.326 1351.9 2068.89 3120.74 4078.89 5038.89 5998.89 7118.89 8078.89 9038.89 9699.5 8900.11 7940.11 6997.6 6175.19 5369.93 4727.59 4193.44 3632.34 3092.31 2567.3 1877.1 1132.27 318.986 65.7895 3.15533 0 0 0 0 0 0 0 0 0 2.40533 8.34099 33.7734 308.022 272.589 37.0004 0.5
