public/models/data/input/map/ntb/1000/mapslope.asc
NCOLS 388
NROWS 274
XLLCORNER 370313.940441
YLLCORNER 9267024.452423
CELLSIZE 1000.000000
NODATA_VALUE       -9999
[rows 170 to 203 of 274, columns 231 to 307 of 388]
12.5947 13.8414 12.252 13.8318 11.7775 13.2358 18.7311 22.5053 36.0893 20.9961 29.3253 39.7678 55.6052 49.3256 34.4528 47.9224 36.1951 43.5304 45.5702 34.5521 30.2304 27.5668 23.4814 15.9161 11.1064 6.25072 -9999 -9999 -9999 -9999 -9999 -9999 -9999 -9999 -9999 -9999 -9999 -9999 -9999 -9999 -9999 -9999 -9999 -9999 -9999 -9999 -9999 -9999 -9999 -9999 -9999 -9999 -9999 -9999 -9999 -9999 -9999 -9999 -9999 -9999 -9999 -9999 -9999 -9999 -9999 -9999 -9999 -9999 -9999 -9999 -9999 -9999 -9999 -9999 -9999 -9999 -9999
11.9319 12.3254 13.6589 15.0397 14.2665 14.1153 19.3649 19.6881 21.571 27.7119 32.4996 42.2734 57.2667 27.6184 26.0524 38.627 36.184 48.0969 42.4041 38.9227 25.6163 20.9188 18.1621 16.3094 14.4421 7.98448 -9999 -9999 -9999 -9999 -9999 -9999 -9999 -9999 -9999 -9999 -9999 -9999 -9999 -9999 -9999 -9999 -9999 -9999 -9999 -9999 -9999 -9999 -9999 -9999 -9999 -9999 -9999 -9999 -9999 -9999 -9999 -9999 -9999 -9999 -9999 -9999 -9999 -9999 -9999 -9999 -9999 -9999 -9999 -9999 -9999 -9999 -9999 -9999 -9999 -9999 -9999
12.9854 17.2543 20.5812 24.061 24.9622 -9999 -9999 -9999 -9999 -9999 -9999 52.1235 57.8859 41.1361 17.4594 27.3791 38.3718 34.5182 27.7782 25.6418 21.7006 20.08 21.2526 18.2342 13.1854 11.0724 -9999 -9999 -9999 -9999 -9999 -9999 -9999 -9999 -9999 -9999 -9999 -9999 -9999 -9999 -9999 -9999 -9999 -9999 -9999 -9999 -9999 -9999 -9999 -9999 -9999 -9999 -9999 -9999 -9999 -9999 -9999 -9999 -9999 -9999 -9999 -9999 -9999 -9999 -9999 -9999 -9999 -9999 -9999 -9999 -9999 -9999 -9999 -9999 -9999 -9999 -9999
16.2352 17.817 20.4892 21.8379 23.029 -9999 -9999 -9999 -9999 -9999 -9999 -9999 -9999 40.3627 37.6703 38.3309 33.249 34.2539 28.8796 30.4325 28.7289 20.9174 19.1918 19.1987 11.8993 6.97025 7.77152 -9999 -9999 -9999 -9999 -9999 -9999 -9999 -9999 -9999 -9999 -9999 -9999 -9999 -9999 -9999 -9999 -9999 -9999 -9999 -9999 -9999 -9999 -9999 -9999 -9999 -9999 -9999 -9999 -9999 -9999 -9999 -9999 -9999 -9999 -9999 -9999 -9999 -9999 -9999 -9999 -9999 -9999 -9999 -9999 -9999 -9999 -9999 -9999 -9999 -9999
17.8148 18.6687 21.3894 24.9147 26.9955 -9999 -9999 -9999 -9999 -9999 -9999 -9999 -9999 30.3689 29.2642 27.9423 28.8793 29.9968 25.9507 25.0177 26.6682 26.1454 22.0021 16.2441 8.47375 7.11483 7.92735 -9999 -9999 -9999 -9999 -9999 -9999 -9999 -9999 -9999 -9999 -9999 -9999 -9999 -9999 -9999 -9999 -9999 -9999 -9999 -9999 -9999 -9999 -9999 -9999 -9999 -9999 -9999 -9999 -9999 -9999 -9999 -9999 -9999 -9999 -9999 -9999 -9999 -9999 -9999 -9999 -9999 -9999 -9999 -9999 -9999 -9999 -9999 -9999 -9999 -9999
19.1764 25.1865 27.1172 28.6126 24.5398 -9999 -9999 -9999 -9999 -9999 -9999 -9999 17.6659 26.2344 23.292 23.1414 19.3545 22.3937 21.8952 18.9331 16.4136 20.7625 18.646 12.3963 7.50729 7.07961 9.74467 -9999 -9999 -9999 -9999 -9999 -9999 -9999 -9999 -9999 -9999 -9999 -9999 -9999 -9999 -9999 -9999 -9999 -9999 -9999 -9999 -9999 -9999 -9999 -9999 -9999 -9999 -9999 -9999 -9999 -9999 -9999 -9999 -9999 -9999 -9999 -9999 -9999 -9999 -9999 -9999 -9999 -9999 -9999 -9999 -9999 -9999 -9999 -9999 -9999 -9999
20.9838 26.6763 32.0466 34.0619 28.6842 -9999 -9999 -9999 -9999 44.2658 45.6386 33.6477 19.8178 18.9634 23.3356 21.8478 19.9001 17.2349 19.2258 19.4284 17.185 13.1358 15.6248 13.3709 8.58934 8.69648 11.1133 11.3175 -9999 -9999 -9999 -9999 -9999 -9999 -9999 -9999 -9999 -9999 -9999 -9999 -9999 -9999 -9999 -9999 -9999 -9999 -9999 -9999 -9999 -9999 -9999 -9999 -9999 -9999 -9999 -9999 -9999 -9999 -9999 -9999 -9999 -9999 -9999 -9999 -9999 -9999 -9999 -9999 -9999 -9999 -9999 -9999 -9999 -9999 -9999 -9999 -9999
29.2712 31.3399 35.7921 32.9035 -9999 -9999 -9999 -9999 -9999 37.895 57.232 53.4209 26.5087 21.7952 21.9944 19.4538 17.1302 14.011 17.6982 19.4889 17.9558 13.823 15.1177 13.9705 10.7915 10.1047 11.6995 10.5777 -9999 -9999 -9999 -9999 -9999 -9999 -9999 -9999 -9999 -9999 -9999 -9999 -9999 -9999 -9999 -9999 -9999 -9999 -9999 -9999 -9999 -9999 -9999 -9999 -9999 -9999 -9999 -9999 -9999 -9999 -9999 5.99764 8.45203 -9999 10.3409 9.46524 8.88147 -9999 -9999 -9999 -9999 -9999 -9999 -9999 -9999 -9999 -9999 -9999 -9999
32.7099 41.3647 47.6311 51.9514 -9999 -9999 -9999 -9999 -9999 28.3388 65.0471 57.5015 32.136 25.4763 20.5563 17.7224 13.0012 12.7397 16.9756 17.8592 16.8992 15.289 17.9996 15.2051 11.93 11.926 13.1979 9.00783 5.68116 -9999 -9999 -9999 -9999 -9999 -9999 -9999 -9999 -9999 -9999 -9999 -9999 -9999 -9999 -9999 -9999 -9999 -9999 -9999 -9999 -9999 -9999 -9999 -9999 -9999 -9999 -9999 -9999 -9999 -9999 5.63235 5.94215 5.13346 8.79395 8.69245 7.39242 -9999 -9999 -9999 -9999 -9999 -9999 -9999 -9999 -9999 -9999 -9999 -9999
29.7689 56.4292 49.3827 40.5905 32.939 -9999 -9999 -9999 -9999 83.9628 81.6274 52.5721 31.8186 20.4595 15.5204 14.3697 12.7483 13.892 12.9295 12.7113 14.6805 11.4518 28.1938 31.2983 18.3089 11.1872 12.0619 9.90779 6.13116 -9999 -9999 -9999 -9999 -9999 -9999 -9999 -9999 -9999 -9999 -9999 -9999 -9999 -9999 -9999 -9999 -9999 -9999 -9999 -9999 -9999 -9999 -9999 -9999 -9999 -9999 -9999 -9999 5.21791 4.41994 4.25393 6.94021 12.3444 17.0371 12.2994 6.98653 4.32686 4.82597 -9999 -9999 -9999 -9999 -9999 -9999 -9999 -9999 -9999 -9999
34.9536 49.3897 42.4061 35.1348 42.9495 44.1761 -9999 -9999 -9999 22.7512 34.4076 32.8662 21.3675 15.8826 14.054 15.492 15.3176 11.6367 11.5436 9.23263 13.6766 13.2993 23.2846 27.3324 21.3921 12.017 9.41335 9.29711 10.8514 8.32895 8.1234 5.50669 3.41103 -9999 -9999 -9999 -9999 -9999 -9999 -9999 -9999 -9999 -9999 -9999 -9999 -9999 -9999 -9999 -9999 -9999 -9999 -9999 -9999 -9999 -9999 -9999 -9999 3.33218 5.3066 9.20811 16.4925 16.5946 23.9057 24.6576 15.3679 12.3227 8.14228 6.2684 8.5286 8.24183 6.42297 7.36739 9.90048 8.42451 2.8847 3.68155 3.42111
24.1435 29.0698 29.469 35.9495 43.8975 42.2477 -9999 -9999 -9999 23.6715 25.6923 25.6858 17.0397 18.173 15.379 16.813 14.4684 12.0344 14.2844 10.9413 13.0416 13.9603 16.246 13.6767 13.0878 8.90992 8.33964 7.87412 8.75179 10.5186 8.87743 5.48423 3.03375 -9999 -9999 -9999 -9999 -9999 -9999 -9999 -9999 -9999 -9999 -9999 -9999 -9999 -9999 -9999 -9999 -9999 -9999 -9999 -9999 -9999 -9999 1.05798 2.21975 4.62651 13.0839 14.6883 18.9445 19.9805 24.2829 25.9899 23.132 22.8652 14.7681 10.7124 15.6095 19.3602 16.906 19.4252 23.8529 15.906 11.4683 8.95307 4.138
22.2425 22.8502 25.6426 34.5932 35.5555 37.7536 -9999 -9999 -9999 27.9367 24.2424 19.7555 16.0813 16.3026 15.7335 15.2691 11.9843 12.8033 11.9797 12.5786 12.1418 12.6852 15.0021 11.7829 8.79274 6.1168 7.11357 5.56119 4.87512 5.59785 5.6126 7.53056 5.58445 -9999 -9999 -9999 -9999 -9999 -9999 -9999 -9999 -9999 -9999 -9999 -9999 -9999 -9999 -9999 -9999 -9999 -9999 -9999 -9999 2.44824 2.31808 3.08821 6.94316 12.8032 19.2559 20.9803 24.9224 23.3339 25.9048 28.4123 26.4782 23.5068 20.1885 16.4749 15.3488 17.2751 25.0292 28.8733 29.6915 27.5013 30.4405 25.9678 11.7081
21.055 20.5958 21.8354 28.0593 25.826 28.9936 23.0194 -9999 19.3459 25.2285 19.2976 13.6666 12.3604 13.7501 15.7268 14.9886 12.0155 17.401 10.8972 12.6379 11.4843 13.7222 13.4532 11.1623 10.7882 7.70191 6.21705 5.21206 5.73081 5.47463 3.96919 4.6967 5.55646 2.44009 -9999 -9999 -9999 -9999 -9999 -9999 -9999 -9999 -9999 -9999 -9999 -9999 -9999 -9999 -9999 -9999 -9999 -9999 -9999 3.9418 6.45064 11.5844 15.496 24.8722 24.6941 27.5146 27.406 27.2457 26.0094 30.26 23.6146 19.4101 19.855 22.4385 20.4845 23.3561 23.8869 22.738 27.0247 25.5083 35.138 31.8913 25.5576
18.0455 16.1893 15.9562 17.1731 18.9852 16.5952 18.3081 21.6239 20.8674 16.4679 16.3441 19.4349 19.5837 16.6695 16.9242 14.6427 14.2188 11.5892 9.16603 9.19897 12.1877 11.6675 12.2745 11.9966 22.6866 11.14 8.97236 7.01744 6.60347 5.10884 3.74371 3.98161 4.25385 2.88755 -9999 -9999 -9999 -9999 -9999 -9999 -9999 -9999 -9999 -9999 -9999 -9999 -9999 -9999 -9999 -9999 -9999 3.05932 3.21018 6.5198 17.4119 18.4429 23.7423 28.9537 26.7373 26.0527 29.1257 28.0244 28.5892 28.3699 28.8494 25.3964 23.5642 21.7296 23.2034 28.8484 28.8051 24.3411 30.2318 25.8458 28.9499 32.7199 33.6591
18.3624 16.8222 13.932 14.3934 16.807 18.1285 17.34 17.7134 19.9439 16.2344 15.0249 16.9392 18.6126 16.7445 16.2132 13.2693 11.1897 8.99163 7.66753 8.12125 9.95018 11.9261 11.1597 12.0117 8.93248 7.77189 6.9668 7.48696 8.42681 4.92045 4.06788 4.25473 3.27403 2.27501 1.42522 -9999 -9999 -9999 -9999 -9999 -9999 -9999 -9999 -9999 -9999 -9999 -9999 -9999 -9999 -9999 -9999 2.64242 3.35041 11.5508 19.7212 18.4799 22.1857 27.5972 28.8508 26.8029 29.5066 29.1242 30.3767 30.9601 34.8826 30.428 23.9501 22.1756 23.4522 33.4552 31.4709 26.8222 36.8178 31.3187 26.9227 30.0886 33.7944
17.6075 16.2997 12.9991 13.2622 16.6057 19.5359 17.3916 12.3654 13.2115 15.5305 15.6297 18.8773 17.3336 12.3891 13.3499 11.63 7.40477 6.35037 6.18391 8.33371 9.76289 10.9068 9.1023 11.8154 11.0661 8.37864 7.20998 7.33664 6.98415 5.1427 4.83808 4.08319 2.91005 3.05129 2.33286 -9999 -9999 -9999 -9999 -9999 -9999 -9999 -9999 -9999 -9999 -9999 -9999 -9999 -9999 -9999 -9999 2.08191 3.36721 17.0101 19.8067 20.1279 22.1394 25.434 26.0679 29.5534 30.0077 30.6134 30.2761 33.7337 46.982 36.171 25.5009 23.5867 20.5987 29.524 28.3027 33.3668 37.6999 36.8665 30.0638 29.3696 28.1322
16.0612 17.5924 16.1037 15.5663 17.0159 16.8094 12.2357 11.1275 9.83004 11.8249 14.7976 14.1072 10.9242 10.1307 8.00717 5.06427 5.43871 6.52871 8.30636 10.3328 12.2495 8.89675 8.31094 12.0836 11.5479 8.95634 7.49723 7.23827 6.76314 6.55145 5.79835 5.2497 3.19899 2.76988 2.57946 1.20296 -9999 -9999 4.49324 4.49324 -9999 -9999 -9999 -9999 -9999 -9999 -9999 -9999 -9999 -9999 6.78277 5.05981 6.85029 18.4136 25.8741 25.9416 24.4729 32.3686 30.6403 33.7481 34.767 36.4728 33.4002 35.4216 39.3688 37.5264 29.6567 25.4948 20.789 26.9629 26.222 32.6212 44.338 50.6608 54.6996 53.0656 32.7982
15.6616 18.3933 16.4415 14.3836 14.0259 13.0825 13.1251 17.2684 15.781 13.8943 12.1121 9.46805 10.3678 7.19541 6.75958 6.72554 10.013 9.35981 9.64825 11.9524 13.9651 9.89399 10.7882 9.90357 11.0903 7.15497 5.33818 4.49102 4.68178 5.59587 5.47839 7.74731 10.0853 5.00457 3.28126 3.13242 2.96266 9.55287 10.138 8.58699 -9999 -9999 -9999 -9999 -9999 6.81031 6.64197 4.49247 5.43902 11.2065 18.7828 24.4681 26.6434 27.7721 27.4273 29.5163 26.8036 28.9186 33.9842 40.427 36.3641 34.0551 30.332 32.1312 34.0588 41.2996 32.2205 26.4438 28.6386 40.3254 37.7091 37.6819 45.8315 48.7139 47.5519 51.6651 33.3969
12.5316 15.2072 14.6233 12.7126 14.4513 14.5773 12.5682 15.8219 17.6418 15.9057 14.223 11.1644 11.8833 9.69956 10.6082 9.47418 9.60756 11.3559 11.9499 12.0101 9.28331 6.75437 6.44135 6.721 6.33887 5.49057 4.95554 4.91302 4.18938 4.34127 6.66508 11.313 17.915 12.423 9.64345 9.0034 5.18048 8.41156 9.80853 4.63307 -9999 -9999 -9999 -9999 -9999 9.39276 9.45 8.09666 11.5902 22.4099 23.3919 25.4308 31.7481 29.8264 26.916 28.3649 31.0067 35.5639 29.69 34.9623 32.0606 30.4627 34.032 36.543 41.2262 51.497 46.3685 38.9685 40.2957 38.3541 29.784 34.7266 28.8329 40.881 36.1008 34.4389 31.3198
10.0526 11.3965 10.5574 11.0086 13.3214 15.8842 14.0862 14.4211 15.5679 12.6673 12.6996 12.8551 14.1987 13.9447 14.1683 11.9096 12.1719 13.3453 10.341 7.1834 5.22231 7.27946 4.8999 4.94951 4.53068 5.48043 5.32883 4.39638 3.75558 11.3691 18.4559 19.2124 23.3418 16.5792 12.6917 13.9601 10.919 10.4742 8.91186 3.94783 3.44107 -9999 -9999 -9999 2.63448 7.31682 13.9619 15.1745 20.0272 27.3972 28.0905 30.4674 35.3218 28.6658 28.924 27.125 30.4786 31.9606 27.4907 27.4968 41.9229 49.9236 54.0465 54.1066 52.0882 49.8006 47.0529 37.8678 45.0159 28.0138 31.6632 36.6238 22.1715 39.4241 44.8939 39.9388 34.8421
8.80563 12.6705 9.77557 6.80636 9.88613 10.5346 12.1944 11.6067 10.063 10.9607 13.3972 12.7465 13.8168 16.2554 16.3401 14.0276 14.5357 12.9602 10.3369 7.32095 7.05914 7.78636 5.18408 5.11615 5.69126 5.51364 4.93296 6.38962 10.3602 21.7227 21.5768 23.5353 25.1409 15.8648 17.7493 17.3982 13.1488 12.9739 6.94946 5.7672 3.47775 2.90562 2.48926 2.03455 6.45321 6.7292 13.8327 19.159 18.5646 24.1083 35.0109 34.3237 40.2616 33.7795 29.9249 29.978 33.9404 29.6776 29.8742 26.8947 36.4347 32.6171 38.1208 42.6886 40.7349 33.153 37.1749 36.4025 53.7831 40.4665 28.627 42.7858 46.8682 40.1694 43.0738 44.5946 29.7046
8.27439 11.2198 13.1637 11.4034 17.1796 15.0247 12.064 10.4691 11.1086 10.6142 10.7602 11.2686 13.6285 13.8647 11.2157 9.47955 9.24609 13.902 12.7372 10.4167 14.1671 7.56796 5.29698 6.68888 6.67842 4.4842 5.33278 14.2508 24.7285 19.3936 25.7337 26.7996 29.6476 21.9593 21.1907 19.7965 15.7821 13.8894 11.2965 7.79148 6.2806 2.41093 3.82944 5.78384 12.312 14.4671 14.2971 19.9041 24.7437 25.6635 32.6261 39.5715 34.229 34.5153 33.4867 21.9171 15.0297 23.8668 23.7285 22.4578 22.807 20.6139 20.7557 27.327 24.8616 17.3026 19.4377 37.8724 44.7854 44.5058 33.4211 39.029 34.2148 41.9122 44.32 36.6488 26.7611
7.87709 10.241 16.3814 14.0025 11.0632 10.7301 10.4515 10.3659 9.06523 9.49295 9.72772 11.0459 11.038 11.798 9.88598 9.74185 9.82357 9.73516 11.8879 12.3941 14.4152 8.46913 5.8224 6.9925 5.86767 6.03443 10.6941 23.9672 31.6932 23.8245 27.464 26.1985 28.2931 25.418 22.1152 20.3897 18.9872 18.1607 15.492 13.9805 9.79348 5.48935 11.2135 11.7972 12.9207 16.0309 16.0044 18.8528 18.7317 23.3554 27.9671 30.7649 34.8291 31.1214 25.6184 18.7959 18.0272 14.2433 16.6308 18.3227 20.4557 19.1883 20.2219 24.4132 21.6336 17.6032 20.8922 36.7607 46.4257 48.3842 29.3358 28.0627 27.7259 46.1125 38.3122 28.2205 30.6686
5.14503 6.65644 9.6572 9.76236 8.21035 7.85648 8.1453 9.26741 8.62996 9.72215 9.38957 9.93725 9.70012 9.42607 9.0392 13.8528 19.4931 8.69392 9.90626 11.7006 11.6041 7.34657 6.21499 6.66475 7.15466 15.0787 19.6151 28.1131 35.095 26.8589 30.1917 29.7922 33.2831 25.8039 24.7372 24.3026 23.1465 21.4407 17.7059 14.1863 11.8515 12.1061 15.0711 11.2493 13.1765 15.7389 13.9 20.7256 25.4417 22.4557 28.7711 30.2711 35.6228 39.361 27.0998 24.7974 20.531 14.5385 13.4731 16.4877 22.7204 20.2833 17.75 20.9998 21.0877 21.7308 30.2411 45.3998 51.0141 44.434 30.2054 30.3673 30.0569 52.3243 30.8186 27.9868 28.4631
3.30545 4.42371 4.67727 5.82714 6.38619 6.68193 7.07164 8.30404 10.197 8.40648 10.3257 11.2461 11.2676 7.57004 6.67135 9.87853 12.0181 6.19975 7.22531 10.4299 10.2001 7.82877 6.38954 5.87068 8.86719 24.7404 27.8482 28.0034 34.3866 35.6777 37.3408 30.9982 29.701 32.008 30.0215 27.1181 20.4216 12.8914 13.7556 15.6224 14.5333 16.6352 16.7941 13.154 15.1614 10.0236 11.5096 13.8697 18.9341 26.5384 31.8892 34.2674 27.4671 31.3243 27.8237 26.1905 24.1969 17.6149 14.0029 18.9601 22.3458 17.6924 15.2744 20.1741 22.4452 23.0676 27.3495 40.7429 37.6356 37.7135 28.2482 27.6506 49.6792 41.7837 32.2993 27.6964 25.6709
5.12454 3.26992 3.46115 4.26739 4.48768 6.41227 6.78647 7.08894 6.61157 5.59614 5.33322 8.11778 8.38192 6.72435 5.77639 5.94352 7.00092 5.17052 5.85302 7.442 7.06149 5.32764 5.30108 8.32123 18.2281 27.8759 33.991 33.251 33.3475 36.2985 33.3051 41.311 37.642 27.5633 26.7829 23.2616 20.5497 18.4621 19.4823 16.103 14.894 16.1057 18.2873 21.2264 18.4559 17.0876 7.39662 8.07894 11.3223 15.5633 18.4297 22.8416 27.796 30.5969 33.9214 28.5771 20.6883 20.3123 26.4664 25.0035 19.3892 12.0682 14.3509 23.1353 27.352 15.7859 24.6701 27.0741 26.0097 34.3061 38.6771 44.2444 44.2745 32.3689 27.3366 22.7866 20.2824
4.02016 3.40499 3.24304 3.65077 4.30512 5.35175 6.37131 6.12333 5.54451 4.63178 4.27816 4.34241 5.52401 7.41744 6.57 5.66897 5.03235 4.47759 4.57006 4.69331 5.23448 5.22646 5.39806 11.1989 21.0878 28.2319 32.3084 27.878 28.9882 38.7763 33.3212 38.9003 42.1803 35.2559 34.0743 27.7347 21.4645 20.0934 18.2146 18.0567 16.2258 15.2262 19.6245 13.6126 17.2245 13.2845 7.29565 9.51884 12.6653 15.1964 17.0549 23.1493 29.3978 27.1859 31.5399 28.5332 20.3052 26.1891 26.1793 17.4909 13.4389 15.6093 19.4146 28.9192 19.2091 17.274 25.4335 24.5615 28.3429 38.2389 41.552 42.082 32.5874 27.1374 22.9644 19.5394 21.4732
1.78706 2.49257 2.57581 3.01566 2.79214 3.55445 4.71645 4.17716 3.55477 3.41988 3.58127 4.25793 4.34777 5.11903 5.65953 4.94523 4.48534 4.33663 5.15181 5.65249 4.56031 7.20489 8.85701 15.9022 23.7381 31.4128 38.3127 33.7174 39.8788 40.6433 29.0729 28.3797 29.2197 38.0862 32.8743 26.9407 22.5653 20.9149 19.5909 19.3701 16.9412 19.3555 17.2875 9.8963 6.97942 6.11033 5.29497 9.65359 14.5878 19.5817 23.0448 24.0194 23.3453 24.4793 23.9841 23.7875 19.3037 29.4675 20.7263 12.0028 13.4319 18.582 24.7864 25.2575 14.5882 21.4792 27.4997 25.2045 26.8491 40.1701 37.8144 31.9653 27.6496 23.5154 17.1551 18.2525 19.858
1.56181 2.26928 1.46566 1.2978 1.70627 2.51889 2.88814 3.41988 2.68582 2.80081 3.04825 3.22897 2.87094 3.65868 4.84207 4.74803 5.34607 6.12989 5.82118 6.09417 5.67039 5.71452 9.08012 19.7524 26.0242 30.5599 31.5504 40.4349 47.3532 40.2658 29.2904 22.8099 25.7801 29.8112 28.8701 30.2595 28.4012 25.0097 21.6233 19.3785 16.5299 20.7844 18.0845 16.3713 11.6961 5.69433 6.43501 9.32988 10.7351 18.3142 20.6239 13.2603 16.0059 18.1885 16.1138 20.3428 23.9036 26.541 16.4765 13.0174 15.9483 15.0962 24.402 18.1555 17.6722 21.2487 20.5885 22.3809 27.3078 37.1467 34.2758 26.6767 19.6058 21.4775 23.6725 19.9338 18.926
-9999 -9999 -9999 -9999 0.828068 7.34503 11.2997 5.1849 3.35605 3.37978 3.63577 3.79292 3.60873 4.98355 5.77966 6.75961 8.31165 6.16237 4.55197 4.82559 5.61167 5.25294 6.71301 17.6971 26.8224 25.847 24.2129 35.6582 36.6785 34.3914 41.635 32.0724 28.8448 28.0437 27.3406 21.9855 22.2374 26.9411 18.171 14.7672 16.1096 15.7931 10.8256 17.4294 18.9541 16.963 16.2791 16.1566 26.6826 21.4603 16.8996 11.6853 10.815 11.8317 13.8393 18.1259 25.5288 11.6351 8.13395 8.16934 13.9431 11.4033 20.2339 18.5004 17.8767 12.9387 13.6282 22.3503 32.7704 38.4577 36.0441 26.0475 17.9085 18.7434 23.9333 18.5272 13.054
-9999 -9999 -9999 -9999 -9999 10.9981 13.8083 6.50922 2.32044 2.90895 3.12218 5.04172 7.67294 6.13115 5.05726 -9999 -9999 1.62833 2.84077 3.46594 2.52023 2.54475 5.40404 18.6693 23.9097 22.9966 22.5062 27.359 31.7484 28.6922 27.6118 26.4265 27.513 28.7356 28.1901 23.411 20.6496 20.271 19.329 15.7728 9.84964 8.6569 12.7219 15.9254 16.5596 6.84406 3.84334 12.5043 29.6663 24.4701 14.7555 8.59461 8.50221 8.42427 14.4966 17.5658 17.3908 7.04771 6.33423 10.0018 11.7561 12.5717 20.7543 14.3153 11.4625 11.6238 15.5119 23.9611 36.4893 37.9215 30.322 27.9847 21.6438 17.8325 20.8189 16.5285 14.5265
-9999 -9999 -9999 -9999 -9999 3.80328 4.15789 2.95456 1.88256 2.08802 2.04846 -9999 -9999 -9999 -9999 -9999 -9999 -9999 4.70416 3.73866 1.89996 2.16992 4.1079 12.9609 17.9836 19.9313 21.8278 23.5128 28.6229 23.3283 23.1943 22.527 21.1058 26.6756 27.3974 27.9111 17.2321 13.3431 11.9283 8.99092 5.23478 6.57059 6.15545 6.70858 11.5739 6.22363 3.19858 4.82204 12.7515 26.2409 17.0749 15.0664 10.177 14.819 20.8797 22.7111 13.8778 5.64763 6.46139 11.2404 11.8468 13.3236 18.947 11.2531 13.7535 12.2005 12.4098 17.3528 25.37 31.6729 32.3026 24.3397 16.7009 20.1279 18.0848 16.1935 14.3873
-9999 -9999 -9999 -9999 -9999 -9999 -9999 -9999 -9999 -9999 -9999 -9999 -9999 -9999 -9999 -9999 -9999 -9999 4.60163 4.46138 2.56543 2.9293 5.41719 10.5358 13.6362 19.9887 22.7981 24.8213 18.9033 18.7472 23.3255 21.9012 17.3579 24.0299 23.8526 21.4847 22.5418 13.7612 7.77926 6.32248 4.56625 4.02037 3.0025 3.18901 7.6938 6.7057 6.31253 6.78662 3.73273 23.0396 27.5355 22.991 20.4733 21.0113 21.1297 21.3634 11.6428 8.15387 7.34959 10.9436 12.0723 10.8901 16.2168 11.5341 17.5743 11.494 9.45459 10.4936 15.7298 19.9705 23.7135 18.5171 13.0626 16.3362 19.1087 16.1871 11.6361
