public/models/data/input/map/ntb/1000/mapslope.asc
NCOLS 388
NROWS 274
XLLCORNER 370313.940441
YLLCORNER 9267024.452423
CELLSIZE 1000.000000
NODATA_VALUE       -9999
[rows 204 to 237 of 274, columns 231 to 307 of 388]
-9999 -9999 -9999 -9999 -9999 -9999 -9999 -9999 -9999 -9999 -9999 -9999 -9999 -9999 -9999 -9999 -9999 -9999 -9999 5.89041 2.74249 2.89302 4.9999 10.1717 15.2872 15.4229 17.1254 14.7376 17.091 17.2987 18.1503 21.9334 21.5548 21.1549 20.5637 16.4887 14.8069 18.264 9.51801 5.1714 4.17901 3.44642 2.75882 3.12494 3.47044 5.807 13.9139 9.88243 11.4524 19.8419 33.4194 26.2921 24.7057 20.2191 22.2373 18.1111 11.4984 5.91515 6.90814 10.2575 10.8738 11.2775 16.1853 17.0695 15.1403 8.7118 7.10439 7.79092 10.819 8.89803 14.9496 15.2116 10.4996 12.7411 17.0066 14.8125 10.0808
-9999 -9999 -9999 -9999 -9999 -9999 -9999 -9999 -9999 -9999 -9999 -9999 -9999 -9999 -9999 -9999 -9999 -9999 -9999 3.86409 3.35643 5.2516 3.73989 4.03315 9.88489 10.5982 13.215 11.8264 14.8172 13.6977 17.1068 18.4849 23.4879 21.5339 18.5134 17.9576 15.7962 16.2205 10.4603 5.81012 4.78553 3.64832 2.8185 2.46922 2.07174 7.21716 22.4618 16.1869 23.814 27.6576 31.8898 21.7467 12.9393 8.058 13.7202 16.436 10.2861 5.9775 8.74008 10.812 6.79183 8.88221 13.8898 16.2547 17.7175 12.4505 9.26411 11.4114 11.1099 5.8749 7.76443 10.723 8.95485 8.18724 8.58369 7.98078 6.67494
-9999 -9999 -9999 -9999 -9999 -9999 -9999 -9999 -9999 -9999 -9999 -9999 -9999 -9999 -9999 -9999 -9999 -9999 -9999 -9999 4.53239 7.34268 -9999 2.82844 6.6042 10.2703 10.9898 10.3272 9.84237 10.6472 16.1376 13.7315 20.3923 17.2744 14.4205 15.1608 15.4753 11.8787 9.38052 6.00814 3.91118 2.77568 4.0828 4.25867 1.82109 6.32029 23.0506 23.98 29.5804 26.8959 27.049 13.3203 7.51163 4.8179 10.2275 15.564 8.81554 7.62988 8.61675 8.14039 5.79185 8.14527 10.4793 20.2051 19.1447 14.2163 15.2607 15.5976 8.74819 5.36972 5.81385 6.12321 6.4421 6.07866 6.49209 4.78999 2.58973
-9999 -9999 -9999 -9999 -9999 -9999 -9999 -9999 -9999 -9999 -9999 -9999 -9999 -9999 -9999 -9999 -9999 -9999 -9999 -9999 -9999 -9999 -9999 2.9502 2.89405 5.12246 7.11013 8.17892 6.85353 8.05377 13.8287 9.50136 14.4558 11.9496 11.2671 10.9392 12.4818 8.13269 7.44715 5.30172 2.9783 2.36968 3.17473 2.99511 1.43038 5.2853 20.8219 25.8142 28.952 25.864 23.7746 12.1687 10.0401 11.245 12.639 12.2952 10.079 8.4411 6.86315 8.00559 8.22076 5.92788 8.6068 13.9295 23.2108 16.1886 21.7203 18.1948 10.92 4.97176 4.725 4.03173 3.17582 3.93299 3.06072 2.93915 3.27781
-9999 -9999 -9999 -9999 -9999 -9999 -9999 -9999 -9999 -9999 -9999 -9999 -9999 -9999 -9999 -9999 -9999 -9999 -9999 -9999 -9999 -9999 -9999 -9999 -9999 1.24668 2.85826 5.58215 6.76607 7.59574 11.751 11.5724 11.9529 12.3073 7.14358 5.8014 6.82019 6.82464 9.33111 4.68307 2.44293 2.85071 1.74979 1.54549 2.42774 4.36007 6.36012 16.3414 32.7848 29.7799 22.0229 10.8588 14.7851 18.6313 14.688 12.7662 8.21602 6.54115 4.97852 6.82788 7.18726 8.56493 12.3732 25.142 28.8583 18.7762 14.8592 9.57232 10.0196 4.00517 2.76215 2.77022 9.96732 5.55403 2.30099 8.5445 10.8893
-9999 -9999 -9999 -9999 -9999 -9999 -9999 -9999 -9999 -9999 -9999 -9999 -9999 -9999 -9999 -9999 -9999 -9999 -9999 -9999 -9999 -9999 -9999 -9999 -9999 -9999 3.06242 2.86051 3.42896 4.49622 5.06807 7.24572 19.459 30.8954 13.845 3.77118 3.14926 17.0177 10.9205 3.45551 7.27533 6.13227 3.68191 1.99162 6.4222 17.6699 9.01015 22.5945 28.0961 34.1861 27.0857 18.2476 22.6133 21.0196 13.2029 9.30187 7.7116 4.48538 3.15139 3.85838 5.02421 7.6786 18.7237 20.8448 20.0888 16.2156 10.0718 5.89801 7.88304 2.02307 2.14102 2.67577 6.9237 3.09852 7.0083 15.2755 22.1703
-9999 -9999 -9999 -9999 -9999 -9999 -9999 -9999 -9999 -9999 -9999 -9999 -9999 -9999 -9999 -9999 -9999 -9999 -9999 -9999 -9999 -9999 -9999 -9999 -9999 -9999 -9999 -9999 1.66966 4.2588 3.1079 3.58615 25.673 33.5173 15.6369 3.54177 2.36457 26.4038 12.4177 7.80798 14.5849 12.2927 5.01563 5.41872 11.0638 25.1807 15.7582 20.2422 28.118 27.682 17.6016 11.7581 10.7011 15.3196 13.9612 4.37372 5.23596 3.67866 2.15808 2.04442 3.11289 4.25021 14.8693 19.8519 15.4392 16.028 11.8734 6.20057 3.73086 2.73729 5.78166 9.06517 12.8457 8.30569 8.06087 13.7846 20.6909
-9999 -9999 -9999 -9999 -9999 -9999 -9999 -9999 -9999 -9999 -9999 -9999 -9999 -9999 -9999 -9999 -9999 -9999 -9999 -9999 -9999 -9999 -9999 -9999 -9999 -9999 -9999 -9999 -9999 29.4824 22.9234 17.5544 24.8172 31.5042 12.0906 2.51617 6.63852 29.9833 20.3747 20.6261 20.5821 11.7244 6.01471 16.7834 14.6593 31.3796 22.7505 25.0356 17.9662 8.29734 3.47074 2.58486 2.50173 9.35598 11.5006 1.9729 2.07318 2.00794 2.04582 5.27641 7.59531 3.1518 13.9418 24.111 16.3603 20.3829 18.7547 8.49451 6.10582 6.82747 15.809 29.5019 30.1961 23.9813 21.3433 27.0653 28.2057
-9999 -9999 -9999 -9999 -9999 -9999 -9999 -9999 -9999 -9999 -9999 -9999 -9999 -9999 -9999 -9999 -9999 -9999 -9999 -9999 -9999 -9999 -9999 -9999 -9999 -9999 -9999 -9999 -9999 21.2091 33.9439 25.1104 18.8063 19.429 2.21695 1.97926 25.0803 33.4009 29.5919 27.5253 22.4182 7.41602 17.0763 25.902 26.8942 27.9869 28.693 31.1881 33.9066 32.9361 19.4506 10.5579 7.21765 1.17256 1.40234 1.36738 1.739 1.19137 4.03365 14.3782 21.7693 6.78124 13.21 27.4475 18.6372 13.9635 18.5573 13.3781 14.4091 10.3156 31.2938 34.6664 35.2076 27.2211 27.3794 28.9912 32.902
-9999 -9999 -9999 -9999 -9999 -9999 -9999 -9999 -9999 -9999 -9999 -9999 -9999 -9999 -9999 -9999 -9999 -9999 -9999 -9999 -9999 -9999 -9999 -9999 -9999 -9999 -9999 -9999 -9999 26.9669 26.3586 24.3914 -9999 -9999 1.71226 2.71372 20.184 42.4517 29.2909 26.4401 11.1724 21.9488 28.4017 27.0701 27.1662 25.1567 28.0755 29.3159 29.3416 39.1179 22.0531 8.95097 2.54824 1.20461 1.18517 1.22073 1.25214 1.50247 4.69499 19.9901 24.5999 13.2618 7.76146 26.606 20.2468 12.3045 18.6467 15.0728 11.8438 10.9097 28.5635 29.2265 34.1024 35.3606 29.8491 27.1497 28.4338
-9999 -9999 -9999 -9999 -9999 -9999 -9999 -9999 -9999 -9999 -9999 -9999 -9999 -9999 -9999 -9999 -9999 -9999 -9999 -9999 -9999 -9999 -9999 -9999 -9999 -9999 -9999 -9999 -9999 24.5692 18.5944 9.63226 -9999 -9999 -9999 -9999 33.9453 44.1682 31.6287 24.3509 17.3376 31.3916 27.9937 28.0199 26.0073 26.1929 29.8929 33.211 28.2828 21.1874 4.85987 2.199 1.5318 0.92466 1.0048 1.39464 1.39162 2.31068 9.18191 29.5244 27.4937 22.2444 9.66696 26.3028 24.9528 15.3891 23.6207 15.1109 5.47464 20.5492 27.0225 23.7567 32.0314 39.229 34.069 31.7676 22.2152
-9999 -9999 -9999 -9999 -9999 -9999 -9999 -9999 -9999 -9999 -9999 -9999 -9999 -9999 -9999 -9999 -9999 -9999 -9999 -9999 -9999 -9999 -9999 -9999 -9999 -9999 -9999 -9999 -9999 -9999 -9999 -9999 -9999 -9999 -9999 -9999 38.0774 33.5687 35.2772 33.4982 34.4579 26.0395 26.1366 27.9475 24.3075 26.9317 35.5337 34.8674 22.8446 5.79387 2.22195 1.45444 -9999 0.795298 1.07224 1.45309 10.2029 22.4923 18.1953 28.0222 29.9093 25.0405 12.1359 19.7966 33.3704 22.1572 33.6039 15.1825 12.371 24.8698 27.4591 18.4418 20.3574 34.8267 35.4345 31.3702 13.078
-9999 -9999 -9999 -9999 -9999 -9999 -9999 -9999 -9999 -9999 -9999 -9999 -9999 -9999 -9999 -9999 -9999 -9999 -9999 -9999 -9999 -9999 -9999 -9999 -9999 -9999 -9999 -9999 -9999 -9999 -9999 -9999 -9999 -9999 -9999 -9999 -9999 -9999 16.4647 27.2658 36.7185 35.2966 25.8042 20.0087 28.2238 33.8693 33.2168 31.9771 35.4992 25.3594 3.63211 3.10657 4.05737 -9999 1.57516 5.06105 26.2854 22.6645 30.1652 33.5021 39.4391 35.2567 10.0017 29.4762 30.3089 26.437 24.1112 12.0637 20.4453 34.4666 34.0144 21.8876 14.3368 22.6361 41.7717 36.7583 13.5251
-9999 -9999 -9999 -9999 -9999 -9999 -9999 -9999 -9999 -9999 -9999 -9999 -9999 -9999 -9999 -9999 -9999 -9999 -9999 -9999 -9999 -9999 -9999 -9999 -9999 -9999 -9999 -9999 -9999 -9999 -9999 -9999 -9999 -9999 -9999 -9999 -9999 -9999 -9999 17.5143 24.2158 37.3212 24.7529 18.9436 25.8254 35.4701 32.1519 27.2875 31.2905 26.3579 14.4162 7.52972 9.5105 -9999 3.0609 14.7004 31.2679 28.3196 25.5185 27.05 24.0476 16.566 10.9623 24.7086 30.6535 25.4209 24.8925 22.7777 23.6795 27.6905 29.0092 30.5358 24.2207 23.0268 36.2248 37.8175 27.8073
-9999 -9999 3.37731 4.13324 4.87464 6.21258 4.39401 4.85939 -9999 -9999 -9999 -9999 -9999 -9999 -9999 -9999 -9999 -9999 -9999 -9999 -9999 -9999 -9999 -9999 -9999 -9999 -9999 -9999 -9999 -9999 -9999 -9999 -9999 -9999 -9999 -9999 -9999 -9999 -9999 3.38898 27.5549 32.5747 27.9341 19.4729 19.2557 29.0691 30.4571 28.7338 32.9022 26.7949 16.6839 9.75727 -9999 -9999 4.30049 15.534 20.4281 14.3095 17.9925 15.367 10.6826 18.5359 12.5189 19.6796 31.6005 26.6423 25.5189 29.5151 32.3113 33.4505 23.6635 33.5495 35.6593 33.2772 34.7931 35.1838 36.7647
-9999 -9999 3.37731 2.48754 6.28362 6.16707 5.33083 5.75569 -9999 -9999 -9999 -9999 -9999 -9999 -9999 -9999 -9999 -9999 -9999 -9999 -9999 -9999 -9999 -9999 -9999 -9999 -9999 -9999 -9999 -9999 -9999 -9999 -9999 -9999 -9999 -9999 -9999 -9999 -9999 3.79917 21.3733 28.7286 32.4619 21.3504 18.6514 21.7819 27.3953 29.2303 18.3199 14.8297 12.0598 -9999 -9999 -9999 2.86116 5.31994 11.8199 3.77885 14.4672 12.1085 9.97456 19.5872 8.58519 19.429 33.0362 40.9248 34.8769 34.5886 29.0019 35.2561 24.885 22.7818 35.2792 40.6882 37.9547 34.1978 43.599
-9999 -9999 -9999 4.45725 6.36003 8.45184 5.99875 4.08921 3.07893 0 -9999 -9999 -9999 -9999 -9999 -9999 -9999 -9999 -9999 -9999 -9999 -9999 -9999 -9999 -9999 -9999 -9999 -9999 -9999 -9999 3.22743 3.18648 3.15919 2.69785 -9999 -9999 -9999 14.1693 14.1693 4.03745 2.73151 14.3626 29.7484 31.3603 24.1274 29.6066 32.0724 20.45 4.77286 2.55446 -9999 -9999 -9999 -9999 -9999 0.453709 1.08282 7.4897 12.7537 12.0161 21.8561 18.8788 5.39707 16.8681 35.3256 49.5346 37.4538 37.6517 39.2128 30.6102 27.1024 29.6231 31.5202 37.1673 36.5245 44.9598 38.3546
-9999 -9999 -9999 -9999 -9999 7.82089 6.74536 3.83286 3.0522 0 -9999 -9999 -9999 -9999 -9999 -9999 -9999 -9999 -9999 -9999 -9999 -9999 -9999 -9999 -9999 -9999 -9999 -9999 -9999 3.44786 3.38469 3.77835 1.63458 2.07198 1.77878 1.77878 -9999 14.94 16.309 7.43362 3.90057 20.7059 24.5917 38.7878 38.1231 36.2465 21.7199 7.00414 2.64252 5.68275 12.826 8.22736 6.96899 -9999 -9999 0.667594 1.10827 16.9675 7.60478 16.4653 18.9524 9.07397 9.05778 15.2549 26.3869 39.1118 38.1158 38.1879 40.2229 35.3713 35.4778 30.1867 30.3416 29.0671 31.4844 39.3436 42.9124
-9999 -9999 -9999 -9999 1.50629 12.2534 6.85056 2.84114 2.22793 -9999 -9999 -9999 -9999 -9999 -9999 -9999 -9999 11.0162 10.9858 10.9403 -9999 3.00622 6.5374 7.39432 8.78373 5.90176 6.15818 8.21828 -9999 3.29812 3.5253 4.56978 2.52337 1.93999 4.60886 6.75877 9.14756 6.00433 18.8515 17.6382 7.63412 31.7486 29.9005 43.4762 37.9773 32.3615 8.0102 2.25079 2.50271 8.0492 11.8264 11.3244 10.2579 -9999 -9999 0.74566 0.767362 2.85913 7.79863 17.2314 12.7991 8.67258 9.95331 15.778 20.4064 40.6093 38.4546 36.574 32.3226 32.4316 38.9355 33.7286 30.492 27.3394 33.3965 38.3353 41.693
-9999 -9999 -9999 -9999 7.6953 10.9376 8.43889 3.34401 2.64417 2.14172 -9999 -9999 -9999 -9999 -9999 -9999 5.45882 5.7367 16.1871 13.7918 8.86471 5.97193 9.11452 10.5348 12.894 10.0347 13.2228 9.65309 3.66874 3.1983 3.55614 4.50553 3.42082 2.70661 4.77724 7.83842 11.9142 8.72512 7.70986 14.1424 14.9713 34.0972 38.8307 39.8972 40.5497 18.4348 7.99566 4.76642 7.41772 12.7652 13.9289 13.3891 12.4506 -9999 21.2306 11.204 1.85362 1.37013 5.26945 11.0297 6.98216 7.8421 8.33856 20.1271 21.3512 32.8535 35.3294 31.7087 26.1886 25.0852 28.3431 26.0655 25.7399 27.6495 30.3005 36.8064 35.5861
-9999 -9999 -9999 12.2443 10.2969 10.1781 3.58574 5.36966 5.6713 3.58604 -9999 -9999 4.13461 5.64647 5.51981 8.19181 12.4838 11.1763 18.7185 20.4764 20.4098 20.9387 18.6299 20.0229 17.9311 17.3596 18.9544 15.8928 14.6932 15.8683 13.4379 7.54765 2.80883 3.75231 7.87536 7.91795 14.0007 14.9503 11.08 18.1197 20.9798 33.6684 34.3893 39.2584 36.9917 37.0236 29.3437 29.8172 14.3681 13.8332 5.38742 7.69209 17.0906 28.1839 8.94032 5.1359 1.55735 3.81791 8.99351 15.7526 12.0292 6.7672 8.02534 12.2544 17.8407 35.315 36.3402 21.8761 14.5482 15.3559 17.3936 27.3974 28.0165 25.264 27.9656 27.4162 34.2149
-9999 -9999 -9999 15.1723 7.64476 -9999 3.6894 6.5381 5.28931 3.31652 0.527046 -9999 4.79312 8.83165 10.7731 13.9981 16.3474 19.3224 17.6689 17.2423 18.1376 28.2975 27.0923 26.7904 25.8083 30.771 27.8406 24.7192 27.0334 21.6935 18.2559 10.5358 3.5046 5.5469 13.5049 13.9958 19.219 19.2216 19.8229 23.3316 24.2399 32.2392 41.107 40.7722 42.1036 50.1059 46.8672 35.86 12.2485 11.1342 9.80209 15.6821 24.6542 32.7061 1.5 1.52977 4.71092 17.5058 19.9764 17.4501 16.6521 12.7657 11.7986 9.80158 10.3818 26.9601 34.3823 23.1639 14.4621 13.9026 21.6896 27.2847 25.6793 26.2011 29.7015 30.779 29.9651
-9999 -9999 -9999 -9999 -9999 12.2665 10.1496 10.2497 7.49332 4.38155 0.527046 16.2345 13.3175 14.0834 15.9313 17.4379 17.1937 21.8807 26.222 24.0033 18.0335 26.9248 31.1638 32.3725 32.3623 33.4018 30.6152 30.9895 35.0413 30.9761 26.1292 20.2422 12.6751 9.42047 13.2189 13.4589 18.3715 22.919 24.2687 29.3496 32.4363 29.7415 35.4288 40.8836 44.1461 48.246 42.7808 19.0384 3.2674 10.1357 21.9264 18.6454 22.1618 28.8038 26.8564 18.6321 13.9707 24.5196 21.4853 19.4517 14.4389 14.1575 14.6852 11.527 13.9317 20.9786 31.0881 23.2471 16.4392 18.6154 20.9989 23.4602 29.3883 29.5077 31.4978 31.2562 34.523
-9999 -9999 -9999 -9999 -9999 6.78891 6.72757 8.85629 6.82267 4.91867 2.25197 8.95126 14.5138 19.0687 22.5278 23.6476 22.6933 26.3023 25.9708 23.8611 16.7717 16.7935 20.2864 25.1321 32.7962 33.4088 26.4362 28.7923 34.9682 30.5772 32.6631 25.5482 22.0649 18.1663 18.6306 21.5203 20.3474 18.44 18.7859 23.3022 24.6678 29.6312 27.8611 29.7184 28.4703 28.1312 37.8033 23.8397 1.86546 18.0771 19.1831 16.6679 13.1944 -9999 29.3123 25.2341 16.0896 20.3331 20.242 12.109 5.42491 9.78921 19.4323 18.3139 24.7959 24.4716 21.4477 22.1543 27.0574 21.8703 25.3754 26.5507 31.9975 27.8088 30.8482 36.3001 32.0077
-9999 -9999 -9999 -9999 -9999 -9999 -9999 11.3832 9.45686 4.05927 5.29477 13.2239 16.6946 16.038 16.7492 17.7662 18.7071 23.1681 25.3477 22.6877 17.27 22.7125 26.4585 31.0198 23.6076 11.1691 10.8533 11.9819 31.807 27.6348 30.1513 29.4804 23.8339 25.1863 18.6226 23.1151 22.0837 21.4122 17.7971 19.5071 25.6955 32.9269 22.3167 22.789 29.2581 22.2195 12.7358 9.23924 -9999 -9999 -9999 -9999 -9999 -9999 1.77568 1.95644 1.0892 5.76631 15.9058 12.355 5.56085 17.7118 32.0213 34.3157 21.1694 14.6691 15.8234 23.1997 23.8373 24.3956 28.5226 31.3856 31.4077 30.5662 29.6378 34.3744 22.4187
-9999 -9999 -9999 -9999 -9999 -9999 2.87206 8.4264 7.23541 5.76108 11.7556 14.1374 11.5393 11.6649 13.7612 13.9649 13.0579 17.305 18.3185 16.2106 16.8705 22.3872 26.3088 31.3322 32.5636 10.7943 12.237 22.5767 31.9653 29.2989 29.6803 25.7194 22.2205 16.407 18.5786 12.3126 7.88152 8.90094 12.5547 17.1321 28.2312 30.6768 25.2333 19.0785 23.8811 16.8795 -9999 -9999 -9999 -9999 -9999 -9999 -9999 -9999 -9999 1.54591 0.98072 2.1113 9.50537 13.9122 19.5923 27.6413 31.9573 22.2472 13.3896 15.1503 15.691 12.8762 14.2357 17.5625 27.6179 23.4963 28.8994 31.481 27.4246 28.2002 20.3212
7.70948 7.90128 3.43507 0.465983 0.353553 -9999 2.87206 3.64397 2.52646 4.95797 8.91928 10.2158 10.6209 7.30509 9.27914 10.5944 9.88204 15.524 19.5813 20.1559 16.8314 18.211 18.8684 23.1776 34.5677 20.0566 30.2394 33.9396 23.4526 27.7698 29.0004 24.5976 14.4267 11.0042 14.2824 8.67902 4.9015 4.49322 10.1809 20.3419 26.0302 27.4895 24.0205 17.569 17.0063 13.5234 -9999 -9999 -9999 -9999 -9999 -9999 -9999 -9999 -9999 1.79736 1.14095 1.22212 7.74788 27.5442 37.715 39.7945 25.6802 17.0376 17.7693 14.8152 12.3859 11.222 15.6029 18.474 21.3138 24.0717 31.6668 33.6993 24.7221 19.8269 25.4836
9.0544 7.48856 3.79364 1.42448 0.353553 -9999 1.06208 1.4104 2.31659 5.72199 7.52951 6.40643 4.59052 3.46641 6.36791 8.19735 13.5098 22.6029 22.2722 17.3592 11.8742 8.86399 15.8001 21.8073 30.9144 24.1709 35.436 28.3162 17.6171 21.7991 24.8722 19.2868 8.20613 10.6151 12.6089 9.8179 12.3003 15.878 20.1352 17.7017 11.6287 9.50186 7.19116 7.31727 11.311 15.1027 -9999 -9999 -9999 -9999 -9999 -9999 -9999 -9999 1.49023 1.43084 1.32197 1.2419 4.14304 14.6236 34.3362 38.8603 20.6267 13.7537 16.0823 18.3808 13.4546 13.8906 18.2935 23.8373 22.0392 20.1799 36.2984 34.1197 19.196 25.2006 30.4809
8.15522 3.14231 3.60992 4.68845 4.25297 0.931906 1.10045 1.67622 1.84118 3.39821 3.34828 2.34239 2.41679 3.87349 6.03679 11.9382 16.6894 24.8535 21.9252 15.4137 13.1561 11.9719 19.2326 22.0412 23.9471 23.9242 30.1535 24.876 21.4857 24.3345 21.0035 16.5055 9.27524 11.8347 16.1543 21.1754 18.7957 25.6865 9.439 13.5487 6.63296 2.6495 2.95441 -9999 -9999 -9999 -9999 -9999 -9999 -9999 -9999 -9999 -9999 0.731296 1.07366 1.89097 4.3431 22.2681 34.5526 36.0478 36.2026 37.4451 27.8459 16.7257 17.778 22.3614 17.4639 16.9326 20.2692 24.2819 22.9131 14.5762 22.0201 33.0067 29.1489 29.5595 24.9286
3.95244 1.34117 0.839645 3.26567 1.7489 1.2552 1.61742 1.6102 1.90759 2.19333 2.76494 3.50324 3.8993 4.63555 9.76424 16.0196 18.5341 22.5203 16.0439 16.3468 16.7749 17.6164 16.3172 16.7852 15.9431 19.088 26.1775 28.4885 20.4504 26.2298 23.1523 13.7285 6.69999 10.5737 15.167 22.5464 28.1899 19.8883 6.2494 7.60382 8.48126 -9999 -9999 -9999 -9999 -9999 -9999 -9999 -9999 -9999 -9999 -9999 -9999 0.781819 1.65958 2.37244 8.82055 24.6031 22.426 24.5828 31.6684 28.464 35.2515 27.1039 25.9744 19.9044 19.6236 17.324 19.0732 21.1487 18.2239 11.1232 13.6867 16.4227 19.3213 19.5141 18.2592
2.36813 1.28365 1.15886 1.16814 0.883468 1.27873 1.76424 1.82919 2.2751 2.75956 4.02649 5.33605 4.40731 4.6835 9.85409 14.1738 18.2869 19.0944 15.6016 12.7841 14.7958 17.3584 14.3779 15.8734 15.0018 18.0178 20.0323 19.8268 19.9854 21.2452 14.452 8.86229 8.46661 12.4013 18.3531 25.8682 20.2565 8.62992 13.118 17.921 15.9045 -9999 -9999 -9999 -9999 -9999 -9999 -9999 -9999 -9999 -9999 -9999 -9999 3.93749 7.67432 7.16273 12.6079 16.109 21.2822 23.4733 28.5907 31.0979 33.1349 33.2255 33.5893 13.0919 18.3502 19.8731 22.4005 22.269 16.9495 9.73538 6.08074 8.02191 12.511 22.5368 18.6335
1.35484 1.22915 1.27833 1.35528 1.12521 1.50669 2.14638 2.01556 2.29705 2.49986 3.22665 4.8801 4.54859 8.88183 13.976 15.1223 18.3459 20.2951 17.4906 15.3783 17.4694 17.891 16.1294 19.548 17.8897 15.4222 13.5791 14.6822 20.3259 15.9626 11.6231 10.1201 10.7192 19.9585 22.7295 28.9506 10.3108 4.9077 23.1849 31.3268 30.6005 -9999 -9999 -9999 -9999 -9999 -9999 -9999 -9999 -9999 2.22988 1.96499 4.5247 11.1379 15.3901 18.5538 23.8391 22.855 23.4219 28.2244 26.0009 33.7065 29.9802 29.5251 30.3774 12.7998 21.3712 25.2559 25.9499 15.3006 10.9422 8.44158 6.85827 6.8694 13.4075 22.6081 11.6391
3.32633 2.93773 1.8228 1.30606 1.5143 1.23587 1.67821 3.67065 4.31556 2.99129 3.06708 6.0815 10.208 13.5174 20.1923 23.9603 23.578 22.2057 18.0845 18.6377 24.4425 24.4334 25.4233 21.8036 25.8133 21.641 23.9954 23.0411 21.0847 13.4233 17.8217 17.9345 20.4669 24.2886 27.033 31.5743 16.9632 5.81543 21.1318 27.58 -9999 -9999 -9999 -9999 -9999 -9999 -9999 -9999 -9999 1.63958 1.66882 2.46189 7.92576 14.5318 20.2065 22.9508 27.5482 24.8316 20.7054 26.2861 30.9996 28.6942 26.6584 23.8494 21.8792 24.1633 27.4014 27.8352 28.1744 22.5114 5.10393 8.76047 11.4013 15.0295 20.7762 23.0827 19.5928
4.13146 7.61363 3.03944 1.35697 1.23302 1.94833 2.42792 3.29107 2.89777 2.61871 3.03805 6.33449 13.9927 20.7753 27.3496 33.364 33.779 21.8561 19.4564 22.9049 20.9636 23.0163 21.2854 22.4283 27.4585 24.3245 24.5642 18.2633 16.749 14.4475 19.6951 16.9415 15.9796 15.884 25.8895 40.5266 34.183 7.80425 -9999 -9999 -9999 -9999 -9999 -9999 -9999 -9999 -9999 -9999 -9999 1.68425 1.885 5.47393 15.8496 23.8293 30.5158 23.3389 21.8446 25.9828 23.4256 21.061 25.5332 19.8916 25.5764 25.4528 27.477 28.7488 27.9422 29.0521 24.4812 22.046 13.3086 13.4416 12.6689 13.855 21.9567 24.2693 23.5318
