public/models/data/input/map/ntb/1000/mapslope.asc
NCOLS 388
NROWS 274
XLLCORNER 370313.940441
YLLCORNER 9267024.452423
CELLSIZE 1000.000000
NODATA_VALUE       -9999
[rows 238 to 271 of 274, columns 77 to 153 of 388]
-9999 -9999 -9999 -9999 -9999 -9999 -9999 -9999 -9999 -9999 -9999 -9999 -9999 -9999 -9999 -9999 -9999 -9999 -9999 -9999 -9999 -9999 -9999 -9999 -9999 -9999 -9999 -9999 -9999 -9999 -9999 21.4441 26.2738 36.1266 26.6424 32.4272 30.6638 25.6916 29.5014 28.9073 29.5241 21.133 13.4356 12.6515 17.2226 19.98 22.1832 25.4361 29.1818 33.0841 32.679 23.4029 32.7395 27.7053 38.6604 27.7266 30.2843 25.2192 19.946 23.5476 19.6599 20.5901 28.1215 23.2121 34.2436 30.3605 17.5741 21.6691 28.7994 35.1762 36.5936 38.9831 22.7337 16.8063 14.3906 16.2499 18.9392
0 0 -9999 -9999 -9999 -9999 -9999 -9999 -9999 -9999 -9999 -9999 -9999 -9999 -9999 -9999 -9999 -9999 -9999 -9999 -9999 -9999 -9999 -9999 -9999 -9999 -9999 -9999 -9999 -9999 -9999 24.1444 30.8433 37.4068 36.8058 35.7083 33.0663 28.6623 33.685 30.8725 23.4257 19.3081 26.8415 27.1661 22.3688 19.5024 25.8564 24.6378 24.6066 36.8067 33.5365 23.8437 33.3374 29.8766 29.4217 33.7192 28.5833 27.6778 31.6354 25.7039 18.1033 22.7275 23.891 28.945 32.7129 20.7096 14.7156 20.0021 31.1612 24.6272 32.0065 35.4716 30.3781 29.3096 30.1912 17.6295 17.0332
0.338409 2.01987 2.80243 -9999 -9999 -9999 -9999 -9999 -9999 -9999 -9999 -9999 -9999 -9999 -9999 -9999 -9999 -9999 -9999 -9999 -9999 -9999 -9999 -9999 -9999 -9999 -9999 -9999 9.04196 9.91908 10.5038 9.60694 13.177 18.9723 31.9578 28.705 31.2125 27.9873 32.5444 28.1434 30.1658 28.356 21.4278 21.1031 21.7997 20.792 26.1932 25.1913 24.2362 24.7448 29.2316 32.4443 34.3321 30.2009 20.4962 28.9308 27.2626 29.9317 29.4906 21.5786 23.0728 25.9976 20.8719 21.8757 21.1137 21.4486 20.1693 26.4828 38.0966 35.4928 31.0848 21.7595 17.4252 25.1328 34.0637 37.1298 22.7477
0.996663 1.99952 2.80243 -9999 -9999 -9999 -9999 -9999 -9999 -9999 -9999 -9999 -9999 -9999 -9999 -9999 -9999 -9999 -9999 -9999 -9999 -9999 -9999 -9999 -9999 -9999 -9999 -9999 11.7093 12.4845 9.87153 1.76967 1.91091 4.1331 17.9937 17.3595 29.3606 33.4315 29.3192 30.7474 26.4457 20.1807 20.7925 17.9333 17.5348 22.5246 20.912 22.0151 21.7541 22.5211 25.001 27.5026 31.6992 24.9075 26.5279 26.9843 24.5297 29.1022 31.3977 33.1961 28.5799 21.618 24.3831 12.6279 19.4218 21.894 29.4505 31.1968 39.71 39.4074 38.74 26.6909 26.2053 31.8131 37.1924 31.6865 29.3597
1.6302 2.10125 2.05297 -9999 -9999 -9999 -9999 -9999 -9999 -9999 -9999 -9999 -9999 -9999 -9999 -9999 -9999 -9999 -9999 -9999 -9999 -9999 -9999 -9999 -9999 -9999 -9999 19.5875 20.9623 16.7511 10.5486 2.06163 1.8918 8.02631 15.4078 17.8769 24.6158 30.1105 28.1488 24.7439 17.0554 18.0261 22.6237 20.644 24.6584 25.7603 23.6578 23.0553 20.7792 22.1053 24.389 29.1679 34.4217 28.7204 27.1786 30.3108 27.8992 22.8217 25.0676 27.5179 28.4196 19.1392 17.4475 14.3753 15.1454 14.575 22.9125 36.4106 38.063 30.5621 33.4172 33.7549 28.8391 24.2387 27.1518 34.4641 35.3087
1.84431 1.85011 1.451 -9999 -9999 -9999 -9999 -9999 -9999 -9999 -9999 -9999 -9999 -9999 -9999 -9999 -9999 -9999 -9999 -9999 -9999 -9999 -9999 -9999 -9999 -9999 3.36573 15.0218 18.8399 15.4412 9.4925 9.93347 1.977 13.6954 17.7837 18.1235 23.8806 21.5043 27.3851 22.3863 22.0816 23.139 20.1477 18.5206 20.6144 22.1661 25.2616 18.1245 24.8295 26.9505 22.4526 32.5586 32.0139 29.8298 26.2692 31.7083 25.8896 24.1351 23.427 32.4427 30.8925 21.5436 18.9596 18.9832 21.8184 14.5553 23.4641 37.5995 35.9704 35.2313 26.4679 40.8831 21.4314 28.0014 26.1755 19.961 24.4248
2.76607 2.37773 2.44064 2.0682 2.27686 1.69032 -9999 5.98791 -9999 -9999 -9999 -9999 -9999 -9999 -9999 -9999 -9999 -9999 -9999 -9999 -9999 -9999 -9999 -9999 -9999 -9999 -9999 4.54738 8.22886 10.9096 8.36232 13.0924 6.34804 9.19099 12.9115 19.7554 15.2972 13.8205 26.1355 20.5905 24.7407 29.1212 19.9379 19.0331 19.5697 27.4429 31.6726 24.8085 23.9953 29.4938 27.2936 27.6566 26.9099 21.2366 31.9446 23.1451 21.4407 21.9129 21.4111 23.185 25.6761 22.6617 18.6768 24.6654 27.0596 28.0326 16.9124 22.313 23.659 31.4491 22.5334 39.4014 31.1906 30.9516 31.5959 23.8818 26.2934
3.33257 3.16556 3.07301 3.59161 2.91531 3.82203 8.04348 9.69821 6.68861 -9999 -9999 -9999 -9999 -9999 -9999 -9999 -9999 -9999 -9999 -9999 -9999 -9999 -9999 -9999 12.7877 9.28978 2.29631 3.07397 4.93911 4.56551 4.68744 14.2103 5.81515 4.83084 17.3193 16.9711 13.3456 19.4404 22.1873 20.1152 24.1792 20.0354 18.2414 19.2126 22.9722 33.5348 37.7271 35.5102 28.7704 27.998 29.0117 27.9296 24.6333 24.7177 28.7062 28.0817 33.2935 34.7705 27.4997 30.5026 28.0309 22.5832 21.8906 17.9129 18.614 20.4422 17.7642 20.0059 26.4794 24.0797 17.8594 31.45 28.1409 23.6559 29.4489 21.8057 17.9153
3.02695 3.66077 5.09638 6.15097 5.52315 5.65537 7.53251 14.1506 6.68861 -9999 -9999 -9999 -9999 -9999 -9999 -9999 -9999 -9999 -9999 -9999 -9999 -9999 -9999 18.855 26.7784 21.8931 12.9925 17.2499 14.9871 8.8413 7.56463 15.2154 7.90117 6.71049 11.2693 20.1935 18.1636 20.4668 14.8972 24.4217 25.5922 19.9049 22.3483 20.9357 27.9631 35.7114 35.8145 35.6022 32.0378 26.7503 26.3569 22.6564 25.3706 24.361 22.8552 30.4654 36.4691 25.218 23.9513 31.0129 27.2888 25.8311 22.2657 19.1961 15.0707 16.5358 22.2838 27.3099 26.6585 24.0152 26.8353 30.5079 28.1034 18.6897 20.4554 22.046 24.2257
3.05306 4.04261 5.03711 5.21636 7.67121 7.8207 7.01997 -9999 -9999 -9999 -9999 -9999 -9999 -9999 -9999 -9999 -9999 -9999 -9999 -9999 -9999 -9999 -9999 21.6781 29.1269 28.9158 29.8768 34.7276 35.3402 16.0503 11.2322 14.8996 5.76946 8.76061 13.4077 16.6778 17.3254 16.2769 21.7899 28.2471 24.9964 20.0368 25.9143 26.995 28.6636 26.7688 24.4506 24.2279 21.9106 19.6765 23.3891 32.3257 23.3809 19.7935 25.3328 22.8607 33.5568 24.7553 19.5539 27.2799 27.3013 22.7579 18.7768 13.0466 9.76237 12.7268 25.0061 27.4344 25.2649 23.8809 32.0698 37.7073 28.5245 19.9571 20.969 17.9601 23.0467
2.29774 3.88091 4.38295 4.40501 7.30381 9.77504 10.2642 -9999 -9999 -9999 -9999 -9999 -9999 -9999 -9999 -9999 -9999 -9999 -9999 -9999 -9999 -9999 -9999 21.8218 29.8186 28.746 34.1156 30.4517 24.0586 25.2333 14.6101 16.7413 10.4112 12.2159 18.5452 15.9796 11.9576 21.3111 31.4883 32.6227 30.0183 26.7307 30.4552 27.7247 23.4452 21.8063 19.9988 18.8549 27.3242 25.8477 23.1679 32.2014 19.2822 15.2167 23.8404 19.1924 19.9388 18.9465 16.1493 21.7357 29.0572 25.0247 15.8779 11.1168 13.7566 28.0288 19.9421 21.4388 21.0025 15.8992 24.2164 30.5714 31.6188 25.2998 24.8162 11.6519 17.5399
1.98438 3.15906 3.62501 4.37106 6.16542 7.60432 8.35657 -9999 -9999 -9999 -9999 -9999 -9999 -9999 -9999 -9999 -9999 -9999 -9999 -9999 -9999 -9999 -9999 24.4971 5.94562 5.10297 7.85656 8.34966 11.0152 18.8065 19.157 21.8605 16.9108 15.6405 21.722 19.6307 13.9485 18.7711 28.0328 36.0761 29.0096 27.271 24.9671 24.2152 20.1184 19.6308 19.1964 24.72 30.2331 25.6651 26.3217 26.6602 18.1615 14.6324 25.1885 28.0656 19.3635 23.4334 18.9243 17.9899 19.3895 16.5746 12.7712 16.2395 14.134 24.0969 23.3755 40.0176 25.2809 21.9107 30.2069 27.9063 37.8094 28.5651 20.6646 18.5511 20.302
1.89747 3.1157 4.22542 5.28996 8.73815 -9999 -9999 -9999 -9999 -9999 -9999 -9999 -9999 -9999 -9999 -9999 -9999 -9999 -9999 -9999 -9999 -9999 24.1287 23.9998 11.0962 6.94347 12.4305 14.2852 12.5566 18.4517 26.3826 30.1297 26.9236 27.6988 30.2949 32.0385 26.6429 21.6006 22.3384 32.1149 34.8943 28.6409 23.7496 30.2575 20.0385 19.7019 22.0337 23.7997 22.1979 19.21 24.0022 29.583 19.149 18.2631 27.0815 29.5808 23.3074 24.7739 20.9426 19.11 20.3743 15.599 10.6618 15.6969 16.6163 25.0261 19.5949 33.2408 31.4967 27.7352 26.2995 27.5166 40.3086 29.8698 16.4529 16.231 16.4722
-9999 3.00245 3.00245 -9999 -9999 -9999 -9999 -9999 -9999 -9999 -9999 -9999 -9999 -9999 -9999 -9999 -9999 -9999 -9999 -9999 -9999 -9999 33.0376 33.7852 16.3006 7.73263 10.8871 15.0131 16.7749 26.9511 35.9607 35.2884 32.7399 35.0317 37.7572 30.9711 35.4918 30.8516 24.8834 25.2148 35.5499 38.8892 33.4864 32.1156 27.1096 23.1536 21.3837 19.8362 16.5594 17.8683 19.5277 24.5603 16.6824 22.96 26.9148 23.02 26.3085 24.9591 22.0418 18.0198 20.6646 14.9911 11.5187 14.1456 19.2895 26.3936 28.452 30.4337 37.9273 34.4268 19.2558 30.258 42.3232 30.1476 16.161 8.36559 15.2687
-9999 -9999 -9999 -9999 -9999 -9999 -9999 -9999 -9999 -9999 -9999 -9999 -9999 -9999 -9999 -9999 -9999 -9999 -9999 -9999 -9999 -9999 -9999 -9999 1.81815 2.7735 5.30475 12.6717 23.4585 37.5198 29.3685 23.1496 23.407 14.6466 19.8675 20.1096 34.0979 36.3246 32.173 25.663 39.0482 40.2295 28.1339 19.2877 20.7489 20.9932 21.274 15.4449 16.8174 17.9891 18.3132 17.8246 22.6449 27.9744 26.3252 33.7863 27.931 24.7011 19.4845 14.83 15.2504 12.4149 12.4614 11.4569 19.6932 23.9734 24.948 28.7562 27.1497 23.8681 15.4406 21.6529 34.1421 28.4612 19.61 7.83736 13.8642
-9999 -9999 -9999 -9999 -9999 -9999 -9999 -9999 -9999 -9999 -9999 -9999 -9999 -9999 -9999 -9999 -9999 -9999 -9999 -9999 -9999 -9999 -9999 8.8267 6.03244 7.8725 9.7982 18.3673 30.8321 28.4928 20.8221 17.8665 17.3802 17.7537 19.6374 17.6211 24.5848 36.1463 38.2708 30.3805 35.0821 33.0974 32.7209 29.0941 23.0569 26.4989 32.2645 20.3132 24.2986 24.0806 15.4208 17.2626 24.073 29.6198 31.219 31.6002 25.6597 26.8735 31.2944 15.7432 12.5717 13.0027 18.721 13.7255 20.0925 26.0094 21.2729 20.6648 17.1759 14.561 11.0555 19.9801 29.0854 25.4762 23.9434 18.0611 16.3936
-9999 -9999 -9999 -9999 -9999 -9999 -9999 -9999 -9999 -9999 -9999 -9999 -9999 -9999 -9999 -9999 -9999 -9999 -9999 -9999 -9999 -9999 -9999 16.6242 14.2476 12.4941 14.4304 25.1734 29.069 22.1536 21.456 18.1085 16.0817 27.0324 29.5774 24.569 29.4991 33.423 38.5534 35.8966 41.5501 37.4116 32.5147 36.7854 33.1239 29.3151 32.2047 24.5493 25.6339 21.2063 12.2804 21.0326 22.7547 25.5711 32.8509 30.2469 19.6636 20.3526 28.366 15.9033 15.7757 19.6272 20.8677 13.8094 15.1956 17.796 17.2715 13.4553 15.8054 15.6217 10.1923 16.6201 21.7015 22.065 19.544 16.0017 14.6155
-9999 -9999 -9999 -9999 -9999 -9999 -9999 -9999 -9999 -9999 -9999 -9999 -9999 -9999 -9999 -9999 -9999 -9999 -9999 -9999 -9999 -9999 -9999 31.1282 27.2699 20.1597 19.8459 23.8846 29.5133 27.4901 23.0784 21.2536 24.7348 29.6262 32.2253 30.4583 32.6679 34.6937 33.4554 35.8819 38.4595 33.7705 32.5384 32.3051 30.9711 35.0374 36.3819 32.026 30.2253 21.7372 16.621 18.8065 18.887 20.4268 32.888 20.9062 17.9353 24.0841 28.9144 27.0656 30.0279 23.927 22.7482 14.6294 12.5503 10.4524 10.836 11.4604 13.3429 13.0122 10.3085 15.7205 16.7744 17.0503 14.1779 9.36146 5.16142
-9999 -9999 -9999 -9999 -9999 -9999 -9999 -9999 -9999 -9999 -9999 -9999 -9999 -9999 -9999 -9999 -9999 -9999 -9999 -9999 -9999 8.62913 43.8812 50.4248 25.0483 18.411 16.4076 24.9731 33.052 32.6479 25.9682 29.0124 28.4002 29.5432 28.2978 20.4325 23.4565 28.4125 40.4704 21.7027 29.0966 33.4231 32.001 31.4256 28.0643 32.5375 28.3581 26.9061 36.8781 37.8165 25.3131 19.0479 23.0338 32.1033 35.7131 25.7694 20.4386 24.7897 23.9156 24.7007 29.3718 31.052 32.1564 37.5656 27.3418 16.9947 10.4024 14.1233 15.8568 14.9426 13.069 10.0307 14.8703 13.8544 16.1452 4.09841 4.57823
-9999 -9999 -9999 -9999 -9999 -9999 -9999 -9999 -9999 -9999 -9999 -9999 -9999 -9999 -9999 -9999 -9999 -9999 -9999 -9999 -9999 11.5251 17.3098 21.8953 13.7595 10.8628 8.40821 25.417 38.4063 33.7525 32.2425 31.1053 29.3093 27.5139 29.561 27.6145 31.7571 32.3742 30.7599 30.0724 34.0674 29.6014 31.0509 38.5323 28.1287 26.2762 24.2099 24.5194 30.701 26.1797 28.0666 31.6751 34.1782 32.7254 19.1081 25.1123 16.6464 23.6107 26.6476 27.8774 29.8734 32.7395 36.7874 34.4613 31.2333 27.4083 17.6005 16.1651 16.1195 13.3367 10.3421 10.1976 12.5179 13.1275 11.7042 2.32118 4.02185
-9999 -9999 -9999 -9999 -9999 -9999 -9999 -9999 -9999 -9999 -9999 -9999 -9999 -9999 -9999 -9999 -9999 -9999 -9999 -9999 -9999 18.8458 10.2332 5.64625 15.2095 15.5476 15.8827 23.1883 35.5655 35.3011 36.3877 34.7745 27.5953 24.101 23.9602 34.4965 38.4463 36.3533 37.5204 23.9444 27.1871 27.8519 30.0639 37.0662 27.5531 23.1496 29.0837 28.8223 26.5915 25.6196 31.9264 31.9603 29.7926 31.1959 26.5235 27.0008 23.5939 28.0369 30.3123 28.5094 32.2961 35.7274 36.6947 36.0114 29.7331 28.0248 26.4607 24.521 21.1084 20.4358 17.9806 13.7107 12.5823 10.7356 5.1723 1.81863 3.92563
-9999 -9999 -9999 -9999 -9999 -9999 -9999 -9999 -9999 -9999 -9999 -9999 -9999 -9999 -9999 -9999 -9999 -9999 -9999 -9999 -9999 20.8302 10.6479 4.19683 18.9987 19.0786 11.127 14.3151 18.7743 21.5289 21.7948 19.0007 17.1585 23.2084 32.3001 37.1256 27.8668 27.0705 32.6269 28.676 24.236 22.6737 29.7819 32.4862 26.755 22.1248 21.4702 27.5661 24.2111 27.9263 28.9995 30.136 31.5727 32.6825 36.7694 28.0065 31.8222 26.627 27.3289 29.0049 30.9503 37.1408 39.4754 29.4294 31.2607 34.8347 31.9608 32.5589 32.0392 26.2835 21.9334 15.3268 9.82882 2.73302 1.56184 2.08209 3.36277
-9999 -9999 -9999 -9999 -9999 -9999 -9999 -9999 -9999 -9999 -9999 -9999 -9999 -9999 -9999 -9999 -9999 -9999 -9999 -9999 -9999 -9999 44.1919 31.9713 13.9044 4.31083 11.41 15.0697 11.1558 13.7003 9.13678 7.2858 11.614 25.9515 39.5487 26.2823 24.0064 26.5565 28.4429 31.891 28.5919 25.2388 23.7912 30.8236 28.5917 24.8301 18.2261 18.1526 27.5617 36.2397 31.5358 27.9144 34.9248 35.784 31.8136 35.756 34.6557 30.0844 32.2594 33.6679 31.4841 45.2426 56.7179 27.1083 25.8474 35.1671 23.4367 33.7058 41.4876 35.9336 16.9382 10.4402 6.58373 1.63245 1.45367 1.96241 2.44927
-9999 -9999 -9999 -9999 -9999 -9999 -9999 -9999 -9999 -9999 -9999 -9999 -9999 -9999 -9999 -9999 -9999 -9999 -9999 -9999 -9999 -9999 44.1919 37.5029 1.96748 7.06404 19.0243 13.3254 19.3234 28.7114 19.0368 8.57595 14.4111 22.1505 32.0027 25.6919 31.0201 30.6055 23.0995 33.202 28.591 29.5186 24.1659 31.5007 27.0454 32.6663 17.9979 10.633 18.5944 26.2059 23.5046 29.8321 27.4056 32.0223 31.089 36.1794 32.5107 30.9536 33.0681 30.8175 26.6597 51.8227 74.7968 27.3507 25.5149 32.7211 29.229 33.5437 42.2081 28.0334 13.7449 10.6683 7.38157 1.62905 1.43013 1.60399 1.6032
-9999 -9999 -9999 -9999 -9999 -9999 -9999 -9999 -9999 -9999 -9999 -9999 -9999 -9999 -9999 -9999 -9999 -9999 -9999 -9999 -9999 -9999 -9999 -9999 1.9201 8.57284 17.5096 8.64185 16.6511 22.8329 21.7774 10.0491 13.3518 20.4566 24.2342 28.4761 37.3826 30.8162 18.0212 29.095 28.2214 29.1788 26.3365 33.5043 31.1971 28.0031 15.3202 10.6492 19.4852 21.4251 20.9155 25.429 24.9424 32.4144 33.1318 29.6789 27.8064 27.2824 29.7444 30.6592 26.4988 33.0832 27.5676 29.9071 28.0763 28.9079 30.0661 37.2898 37.0622 16.9592 10.1106 9.05758 6.39022 1.34765 1.19045 1.27903 2.01637
-9999 -9999 -9999 -9999 -9999 -9999 -9999 -9999 -9999 -9999 -9999 -9999 -9999 -9999 -9999 -9999 -9999 -9999 -9999 -9999 -9999 -9999 -9999 -9999 -9999 -9999 -9999 8.04055 8.38156 16.1089 18.3541 8.18704 9.7905 17.3682 16.9028 24.8067 32.2231 34.1678 21.0292 25.7909 34.6655 33.7589 34.719 25.7483 33.2457 38.1015 26.7395 13.3759 19.5759 21.7522 20.953 18.416 26.2759 33.5369 33.4174 27.7738 28.6389 27.0907 26.9502 25.4847 22.0277 32.4799 37.0231 31.072 25.4923 26.894 28.8163 32.6456 23.2368 7.98195 6.47865 7.14439 3.32356 1.12448 1.36563 1.59285 1.5522
-9999 -9999 -9999 -9999 -9999 -9999 -9999 -9999 -9999 -9999 -9999 -9999 -9999 -9999 -9999 -9999 -9999 -9999 -9999 -9999 -9999 -9999 -9999 -9999 -9999 -9999 -9999 -9999 8.46264 15.6822 11.4318 1.76922 5.4901 10.0273 16.0138 12.4939 22.3962 33.7344 27.0363 27.6644 34.9442 32.3085 35.6644 41.6754 51.2845 36.9599 37.6856 22.2365 23.8903 19.6447 16.3425 18.0062 27.6059 29.9075 26.8474 26.5167 26.7821 17.2129 17.3728 15.107 14.192 18.4228 35.7037 34.0861 29.0469 30.6922 30.263 27.482 13.083 7.78571 6.54504 3.47744 3.33903 -9999 -9999 -9999 -9999
-9999 -9999 -9999 -9999 -9999 -9999 -9999 -9999 -9999 -9999 -9999 -9999 -9999 -9999 -9999 -9999 -9999 -9999 -9999 -9999 -9999 -9999 -9999 -9999 -9999 -9999 -9999 -9999 -9999 -9999 2.48118 0.846787 1.55548 1.9475 7.44935 3.53747 11.0835 25.8868 26.4868 32.6855 35.0482 31.4733 29.8008 40.9567 49.2343 43.714 40.3461 35.8269 32.0079 23.0436 21.7249 26.4856 30.0238 25.7194 22.105 24.1559 24.0851 16.949 12.3057 14.4799 14.4994 18.8508 34.578 33.3799 27.7765 25.6106 21.6179 13.9788 5.51132 6.03256 6.5272 3.79104 -9999 -9999 -9999 -9999 -9999
-9999 -9999 -9999 -9999 -9999 -9999 -9999 -9999 -9999 -9999 -9999 -9999 -9999 -9999 -9999 -9999 -9999 -9999 -9999 -9999 -9999 -9999 -9999 -9999 -9999 -9999 -9999 -9999 -9999 -9999 -9999 -9999 0.840228 0.918627 1.58499 1.62242 2.46017 10.9552 16.0538 32.4143 41.3327 39.5889 30.9116 25.3196 26.6555 26.3396 28.7705 32.8273 29.1766 27.3034 30.3268 32.4702 29.141 25.7457 21.092 21.5679 15.9384 14.9769 17.6022 18.5563 17.9678 24.791 28.7092 31.723 28.0913 29.5887 15.1703 8.97441 6.34819 5.55842 5.00552 -9999 -9999 -9999 -9999 -9999 -9999
-9999 -9999 -9999 -9999 -9999 -9999 -9999 -9999 -9999 -9999 -9999 -9999 -9999 -9999 -9999 -9999 -9999 -9999 -9999 -9999 -9999 -9999 -9999 -9999 -9999 -9999 -9999 -9999 -9999 -9999 -9999 -9999 -9999 -9999 -9999 -9999 2.28287 3.93514 5.57413 10.9538 19.6519 21.1207 16.6923 11.0764 9.9935 7.60849 12.2457 14.1509 11.2287 15.0854 26.1527 33.0314 27.8688 26.8796 21.6871 22.5368 18.5707 23.1847 22.5021 25.9771 26.1063 29.9226 30.6826 29.9568 30.3584 25.7718 8.80663 6.89289 8.56779 7.77732 4.78167 -9999 -9999 -9999 -9999 -9999 -9999
-9999 -9999 -9999 -9999 -9999 -9999 -9999 -9999 -9999 -9999 -9999 -9999 -9999 -9999 -9999 -9999 -9999 -9999 -9999 -9999 -9999 -9999 -9999 -9999 -9999 -9999 -9999 -9999 -9999 -9999 -9999 -9999 -9999 -9999 -9999 -9999 -9999 -9999 -9999 5.40016 7.6452 10.6312 7.25504 -9999 -9999 -9999 -9999 12.012 10.6414 7.71318 9.99811 19.9258 17.7854 19.9944 22.2979 23.143 24.9285 35.3224 25.2378 33.2496 28.7308 19.0704 12.9381 17.4041 20.112 12.5751 6.18662 5.87161 7.20154 6.24343 -9999 -9999 -9999 -9999 -9999 -9999 -9999
-9999 -9999 -9999 -9999 -9999 -9999 -9999 -9999 -9999 -9999 -9999 -9999 -9999 -9999 -9999 -9999 -9999 -9999 -9999 -9999 -9999 -9999 -9999 -9999 -9999 -9999 -9999 -9999 -9999 -9999 -9999 -9999 -9999 -9999 -9999 -9999 -9999 -9999 -9999 -9999 -9999 -9999 -9999 -9999 -9999 -9999 -9999 -9999 6.82179 6.74162 5.27161 5.68161 9.19287 8.23186 11.8997 15.1236 13.6341 19.7801 25.8686 16.4632 9.84416 6.45183 7.60056 8.70099 4.1618 3.78737 4.28404 7.01853 -9999 -9999 -9999 -9999 -9999 -9999 -9999 -9999 -9999
-9999 -9999 -9999 -9999 -9999 -9999 -9999 -9999 -9999 -9999 -9999 -9999 -9999 -9999 -9999 -9999 -9999 -9999 -9999 -9999 -9999 -9999 -9999 -9999 -9999 -9999 -9999 -9999 -9999 -9999 -9999 -9999 -9999 -9999 -9999 -9999 -9999 -9999 -9999 -9999 -9999 -9999 -9999 -9999 -9999 -9999 -9999 -9999 6.86149 7.6055 6.48834 6.45995 7.57576 4.08487 7.07233 9.49079 5.78134 12.0208 9.50294 3.97041 4.41257 5.62393 7.01397 6.07031 3.98321 3.99207 4.63158 7.30712 -9999 -9999 -9999 -9999 -9999 -9999 -9999 -9999 -9999
-9999 -9999 -9999 -9999 -9999 -9999 -9999 -9999 -9999 -9999 -9999 -9999 -9999 -9999 -9999 -9999 -9999 -9999 -9999 -9999 -9999 -9999 -9999 -9999 -9999 -9999 -9999 -9999 -9999 -9999 -9999 -9999 -9999 -9999 -9999 -9999 -9999 -9999 -9999 -9999 -9999 -9999 -9999 -9999 -9999 -9999 -9999 -9999 -9999 -9999 5.72578 6.49627 6.65308 6.09762 6.00226 7.08838 6.57584 8.95671 4.03355 5.71583 5.72907 6.37885 6.44415 7.51004 8.0168 8.35529 6.29552 8.98024 -9999 -9999 -9999 -9999 -9999 -9999 -9999 -9999 -9999
