public/models/data/input/map/ntb/1000/mapslope.asc
NCOLS 388
NROWS 274
XLLCORNER 370313.940441
YLLCORNER 9267024.452423
CELLSIZE 1000.000000
NODATA_VALUE       -9999
[rows 204 to 237 of 274, columns 154 to 230 of 388]
23.0609 24.5514 18.9155 8.29257 14.67 12.8824 16.3808 13.8107 14.1818 22.2571 19.32 22.2228 18.0855 7.81779 9.40841 12.3722 12.4319 12.3199 7.11928 3.12492 2.46742 2.92172 3.81946 4.46731 4.56385 5.49306 12.7112 9.42708 3.07756 1.50031 1.23163 1.71499 2.81298 3.38202 11.4421 15.2911 16.2567 12.3266 2.14356 3.12258 3.49839 5.29343 11.2785 11.672 10.2942 7.51262 5.84539 7.95766 14.4765 12.6536 5.34647 -9999 5.19071 16.7107 16.7369 16.8354 10.2921 -9999 0 -9999 -9999 -9999 -9999 -9999 -9999 -9999 -9999 -9999 -9999 -9999 -9999 -9999 -9999 -9999 -9999 -9999 -9999
29.4972 30.6974 26.5739 12.6935 17.3451 21.9867 19.4188 16.8159 20.6754 22.6052 16.7195 21.7524 17.5651 8.29512 16.7989 18.1673 9.89727 13.0038 11.9883 8.18744 4.59865 2.11177 4.24246 6.27983 4.24915 4.27737 16.4223 13.8768 4.29508 1.45881 1.89615 1.85281 2.65366 3.36977 8.87441 15.2715 18.6374 23.6669 5.63003 0.960474 6.86261 12.6224 15.2144 11.7315 8.22971 4.92088 5.19147 9.00369 15.2263 16.0309 5.86652 -9999 5.92156 15.3747 21.1581 18.7027 18.4379 0.735471 0 -9999 -9999 -9999 -9999 -9999 -9999 -9999 -9999 -9999 -9999 -9999 -9999 -9999 -9999 -9999 -9999 -9999 -9999
33.8602 36.2655 27.7495 17.4193 21.0004 26.0547 25.0587 24.5248 25.6361 20.5575 19.2403 24.4149 18.0243 13.1252 23.0893 16.166 8.92139 16.3633 9.86543 9.98349 8.34107 3.49215 5.26231 7.16217 5.53317 3.67072 8.7598 9.35148 3.86619 1.8931 1.53789 1.81546 2.1316 7.49243 22.2296 17.0171 17.6239 20.6155 2.89331 1.06096 4.77383 13.861 13.6625 7.1344 5.55553 5.11186 10.2037 12.1495 22.686 21.0287 5.54025 -9999 7.01783 10.5327 21.6411 21.2647 17.8898 2.19537 -9999 -9999 -9999 -9999 -9999 -9999 -9999 -9999 -9999 -9999 -9999 -9999 -9999 -9999 -9999 -9999 -9999 -9999 -9999
29.2306 31.7286 35.6708 28.6856 23.1046 32.2086 38.3858 33.1458 27.4585 21.5361 23.3578 29.2234 20.3358 21.2541 22.2948 9.38889 13.1797 16.1011 6.6199 9.45128 12.2809 6.66784 8.29326 6.13732 4.95239 3.32661 5.36183 8.30281 4.60626 2.36971 1.82405 2.10967 2.3493 10.3289 23.4467 18.3534 12.7948 5.56269 0.843406 0.968711 4.41977 15.045 20.1006 9.94644 2.26498 5.46059 18.8163 15.9218 21.2295 18.9487 16.1088 -9999 -9999 4.84849 13.9097 16.5472 8.73548 2.70121 -9999 -9999 -9999 -9999 -9999 -9999 -9999 -9999 -9999 -9999 -9999 -9999 -9999 -9999 -9999 -9999 -9999 -9999 -9999
30.0646 30.0686 32.1049 26.3229 31.833 36.6358 42.7415 35.3326 26.5942 25.8382 24.2483 36.048 30.264 22.2195 22.8244 15.0025 18.9212 7.66196 7.3857 9.3609 10.369 7.05113 7.85362 7.14364 5.45946 5.52033 4.97131 6.08434 3.98218 2.42994 2.26291 2.41646 4.91031 6.11994 9.62851 8.35339 6.60329 2.83967 4.90289 10.2524 11.2938 5.29127 13.8058 13.4627 8.63779 2.82091 12.5977 8.49288 7.17511 17.8296 20.2206 -9999 -9999 13.7405 19.9153 13.6599 6.68117 3.35694 -9999 -9999 -9999 -9999 -9999 -9999 -9999 -9999 -9999 -9999 -9999 -9999 -9999 -9999 -9999 -9999 -9999 -9999 -9999
26.6866 29.7406 29.8922 28.9528 40.4804 45.8131 42.3249 44.5369 39.042 29.3764 26.803 24.8874 26.8511 25.9691 19.5251 18.7383 13.59 6.22545 11.1399 16.0105 14.8131 9.11751 7.64117 4.58282 4.5261 5.54713 5.75038 5.84601 5.31233 3.0687 2.87669 2.21574 3.87774 4.95316 8.21243 16.0508 14.088 6.42999 16.2153 20.6333 18.0566 10.7219 12.7987 14.1308 12.4291 9.30195 5.68044 6.18651 7.45166 -9999 -9999 -9999 -9999 -9999 23.6189 20.3339 11.1726 5.32443 -9999 -9999 -9999 -9999 -9999 -9999 -9999 -9999 -9999 -9999 -9999 -9999 -9999 -9999 -9999 -9999 -9999 -9999 -9999
27.2807 32.7361 33.572 34.127 45.0204 48.0258 45.2763 46.0584 44.6766 27.4109 28.3669 26.444 24.7188 20.3665 12.9327 10.1819 12.3139 13.4675 14.1459 17.9367 15.0299 12.4093 4.16356 2.71219 4.41618 5.8899 5.34597 6.09383 4.67912 2.04716 4.47469 7.22577 5.81419 4.11029 6.724 16.6157 18.4111 14.6162 21.2059 22.9666 23.4405 17.3495 16.1269 16.0413 11.972 11.2959 1.98642 1.98642 -9999 -9999 -9999 -9999 0 0 9.9852 16.941 15.0657 12.0115 11.1221 6.69253 9.30039 -9999 -9999 -9999 -9999 -9999 -9999 -9999 -9999 -9999 -9999 -9999 -9999 -9999 -9999 -9999 -9999
24.8102 38.7489 37.9252 37.2386 39.5536 50.4877 46.6059 41.9211 31.6823 24.1235 30.2825 30.8152 16.4278 15.8026 16.6807 19.3793 19.2818 17.1273 16.5389 15.0571 12.8599 7.29737 3.97101 3.1546 4.91244 6.40052 4.02463 3.80853 2.56457 1.79027 4.33165 5.76606 3.73053 3.51953 4.93154 14.4917 16.6815 13.154 17.8647 25.7716 23.9521 17.4449 19.497 12.0588 15.9691 14.9255 -9999 -9999 -9999 -9999 -9999 -9999 0 0 4.05944 15.1394 15.0022 14.9478 14.269 11.5214 9.19853 7.3628 8.58455 8.76301 1.9894 -9999 -9999 -9999 -9999 -9999 -9999 -9999 -9999 -9999 -9999 -9999 -9999
34.465 37.0572 39.6081 43.2069 37.349 40.8719 38.044 30.5841 28.6448 39.0555 21.9913 25.8715 25.7354 24.0167 18.9516 17.7823 17.9422 17.4735 21.3509 17.4898 14.0621 8.93647 7.32284 7.91895 9.63482 4.4348 4.61898 4.42252 4.98736 3.65603 7.98748 8.86803 3.41344 7.09786 5.91068 10.7696 16.8729 9.40854 12.8414 23.8372 14.4199 19.1079 27.8003 21.1006 17.1612 9.96375 -9999 -9999 1.98375 1.98375 -9999 0 5.1445 3.47237 2.37768 4.70227 5.97256 17.1921 9.94914 16.03 14.7531 10.5583 10.4206 7.97606 2.84952 3.66691 3.08707 3.05378 -9999 -9999 -9999 -9999 -9999 -9999 -9999 -9999 -9999
35.5932 35.4359 26.2887 35.9501 30.7169 34.1703 35.2583 32.7789 31.3072 31.4251 26.0299 23.4495 21.0503 18.3237 16.2727 15.3724 21.3465 24.6043 20.2381 17.6421 21.1336 17.0336 8.49076 10.7701 5.60107 3.87474 3.59807 8.15062 10.2001 5.29944 6.22286 4.95282 2.67927 3.90028 13.5061 15.8555 17.6116 13.1067 15.0362 27.2008 16.505 11.7887 18.8218 15.5974 7.83994 3.86219 0.677099 3.17249 6.42088 12.3495 10.9649 0.293145 4.74795 7.33646 6.56933 10.9397 10.3401 12.5878 12.8315 17.6332 20.6296 12.0059 -9999 -9999 -9999 6.29105 2.93037 3.05378 -9999 -9999 -9999 -9999 -9999 -9999 -9999 -9999 -9999
32.9882 28.583 21.3166 29.0051 27.1934 30.738 27.3757 25.6954 28.9116 27.3666 25.0957 22.9315 21.842 18.2429 20.8743 22.2098 24.8257 25.33 17.7465 24.4142 32.4528 23.7321 5.96519 8.22037 3.78248 2.47559 2.83276 5.45874 10.6893 9.29913 7.40747 3.56415 2.46062 4.86134 22.4964 23.9493 20.4183 18.2411 15.8591 20.6961 13.6563 10.2311 2.81 3.64473 1.76491 0.504843 1.1483 2.27758 12.1855 20.0742 11.7813 3.15917 4.24874 16.4833 18.7496 15.7519 14.7793 9.64554 10.2309 11.7006 -9999 -9999 -9999 -9999 -9999 -9999 19.3252 21.8836 25.7212 -9999 -9999 -9999 -9999 -9999 -9999 -9999 -9999
31.4815 21.5542 27.6243 25.2446 25.8845 28.2704 28.2784 28.6648 27.8147 28.8843 23.5335 24.6205 24.8027 24.5811 21.007 17.265 21.3151 20.6981 24.9453 35.6945 36.3068 20.8131 21.3898 7.21522 3.11932 2.81021 2.84452 2.64536 5.59298 14.7897 10.2822 4.47702 2.84383 3.0864 11.009 17.2531 9.88795 15.7407 10.1103 7.83525 8.46351 15.9769 4.67205 2.36798 2.78894 1.73189 5.99697 4.85391 5.17114 13.6032 7.26638 4.4497 10.059 22.1506 17.3001 10.1868 11.2278 8.63661 -9999 -9999 -9999 -9999 -9999 -9999 -9999 -9999 21.6973 24.0592 27.6022 -9999 -9999 -9999 -9999 -9999 -9999 -9999 -9999
40.5481 33.9631 24.552 29.9919 28.6143 27.1744 25.8486 28.4056 24.9449 26.4292 24.7504 23.879 23.0693 20.2002 21.3788 26.9193 28.0004 23.6429 22.6406 34.2199 40.6182 36.402 23.3207 5.41741 4.58323 4.14456 2.88282 5.74678 18.8455 20.8765 17.6887 8.47536 3.31034 2.66402 3.0904 4.14804 5.01037 2.79408 2.62833 2.92001 12.3871 21.6027 2.0871 1.6366 1.83686 0.858261 8.80429 15.8721 7.79513 8.18363 12.9177 13.8759 20.136 25.0315 19.1994 10.2366 3.13122 17.0137 12.4853 7.90084 -9999 -9999 -9999 -9999 -9999 -9999 5.56354 5.78552 6.11849 -9999 -9999 -9999 -9999 -9999 -9999 -9999 -9999
43.1134 44.4022 30.0262 38.5299 35.6766 27.4587 24.0671 22.1662 22.9939 23.3471 22.6352 24.2837 24.1581 30.3604 24.5963 25.4816 25.4641 22.1171 23.3785 34.1743 38.0273 27.4406 10.2986 4.57142 6.65909 5.21789 3.19788 4.34348 10.2398 11.9345 16.4007 5.422 3.06553 2.35111 2.25396 5.20504 4.2839 1.89566 2.75419 3.13733 10.333 11.7046 1.55426 1.48436 1.82024 1.11788 4.77532 11.9355 16.5092 9.85953 11.516 13.8931 24.5255 31.196 17.6918 5.42096 7.18533 17.2747 13.0595 8.05988 -9999 -9999 -9999 -9999 -9999 -9999 -9999 1.125 1.125 -9999 0 0 0 -9999 -9999 -9999 -9999
39.4901 44.4465 39.4456 38.3766 36.4004 31.1782 25.3485 22.4058 25.7782 24.5516 23.3953 26.7384 20.5237 16.3916 18.9703 22.2211 20.2424 19.6358 21.8337 26.8672 21.279 11.3758 9.12761 2.99369 5.85004 4.29344 4.39115 6.41478 5.99088 5.51838 9.76435 5.85393 2.64409 2.5465 3.03623 2.9111 2.04148 1.53996 2.35647 2.97678 4.91353 5.1981 1.86286 2.48317 2.41138 1.37741 6.0491 5.66622 11.5724 17.4835 10.7571 11.4046 23.1955 29.8949 19.2689 5.7787 12.6591 23.1137 6.54211 6.23939 -9999 -9999 -9999 -9999 -9999 -9999 -9999 1.125 1.125 -9999 0 0 0 -9999 -9999 -9999 -9999
31.9465 40.5854 48.0925 42.0503 39.0286 32.8672 26.9573 24.5687 22.3849 25.7299 27.002 27.2636 24.741 21.9031 26.2966 23.4866 24.9696 27.271 36.1279 34.935 19.4526 9.1677 6.97161 10.376 14.8101 7.34643 5.7065 6.46809 5.4666 4.66621 6.03992 5.93378 2.46835 2.20847 3.26673 3.72828 3.12748 1.80322 1.96738 4.16844 6.27526 3.15474 2.45924 2.04452 2.37361 1.94425 6.0945 5.47325 3.22883 10.4597 11.8234 14.6975 14.4722 16.4609 23.5727 16.7317 17.841 33.9462 10.3143 5.40711 -9999 -9999 -9999 -9999 -9999 -9999 -9999 -9999 -9999 -9999 -9999 -9999 -9999 -9999 -9999 -9999 -9999
31.8357 41.5102 42.8449 39.0604 41.4292 31.0087 28.2333 26.1797 26.1688 28.6883 27.7116 29.371 28.3739 25.1579 24.2101 26.1205 32.242 31.869 37.2681 38.6798 28.5424 16.1342 27.8892 19.0918 7.22716 3.2722 4.75554 4.10306 4.77854 3.67301 4.22842 7.37299 7.99724 4.40906 2.99977 3.18507 2.5612 1.95284 2.61615 3.52464 5.02815 3.74658 2.41652 3.28911 9.04303 8.42573 4.28578 2.95301 2.29061 1.92414 7.41331 18.4365 15.2117 13.8543 18.3773 13.8642 11.7251 19.0414 7.84229 9.16018 11.4401 12.8321 -9999 -9999 -9999 -9999 -9999 -9999 -9999 -9999 -9999 -9999 -9999 -9999 -9999 -9999 -9999
30.5338 35.7785 36.8082 38.3005 35.3877 32.6683 26.2022 24.3567 25.3077 22.2759 23.729 23.5502 21.9995 17.6212 20.3394 28.935 33.276 33.9405 39.063 33.4914 23.0958 17.5672 16.7198 7.06883 3.94452 2.84857 3.65756 3.23112 4.14526 4.16803 9.39613 18.854 15.3051 6.47383 4.96987 8.08134 7.44145 2.23104 2.10482 4.09954 7.70692 3.76284 2.49104 6.91279 13.6074 14.8266 16.2298 15.2834 7.57435 5.53536 11.3161 12.6283 17.1893 17.093 19.39 7.44267 1.5911 1.86039 6.26801 9.70787 11.5564 11.591 -9999 -9999 -9999 -9999 -9999 -9999 -9999 -9999 -9999 -9999 -9999 -9999 -9999 -9999 -9999
32.3387 31.1927 28.8984 32.4497 32.7329 29.7582 20.3718 19.4755 21.5875 19.9132 18.1615 18.8176 17.4559 18.5585 17.6638 16.5596 18.0648 27.7952 30.9616 33.5535 16.4098 5.41504 3.91241 4.12294 3.76708 2.84735 2.46091 2.93698 3.39005 10.2026 25.9756 24.1902 17.0777 6.42698 9.21 19.4523 15.5935 3.44392 2.63965 4.255 7.91102 13.4736 10.8519 9.03431 17.6309 20.3879 23.4906 23.1266 12.7416 9.25659 16.665 16.7748 12.3894 19.8302 23.7746 17.7536 6.94504 3.03645 1.94286 2.11389 2.37043 -9999 -9999 -9999 -9999 -9999 -9999 -9999 -9999 -9999 -9999 -9999 -9999 -9999 -9999 -9999 -9999
27.7809 23.4071 28.0322 24.0449 24.4064 23.3798 20.8476 21.4159 18.8092 16.6346 16.4684 13.9489 11.1623 10.9778 13.8088 13.4716 15.119 27.2245 33.8108 33.205 12.9453 5.64315 5.92126 4.98733 4.7966 4.21565 2.84284 2.59875 2.683 5.00709 16.2743 24.1944 10.5616 3.87133 11.8927 23.7491 24.7874 13.7192 5.31832 8.10551 14.7777 15.2988 18.1327 20.8412 13.4019 23.5871 18.835 18.9282 9.57329 4.07203 7.57286 10.915 6.22832 18.2489 18.4344 19.4253 18.3351 6.76702 1.64666 -9999 0.708478 1.42452 -9999 -9999 -9999 -9999 -9999 -9999 -9999 -9999 0 -9999 -9999 -9999 -9999 -9999 -9999
20.0552 15.3504 28.4597 19.8262 25.1465 20.7551 18.6193 19.5308 21.4183 15.8609 13.2943 17.1609 21.1452 19.6409 24.5404 16.1328 20.4382 25.7494 29.8897 19.1956 12.0841 9.73628 17.1381 13.0376 18.7465 14.6404 10.0288 7.14719 3.73933 4.9057 6.25701 18.0379 13.0739 10.768 8.17583 22.0396 25.6213 23.5608 10.6029 14.725 23.6669 16.9426 13.9783 18.1953 28.6589 28.8945 23.36 8.02808 6.01394 11.0996 4.75082 3.56654 4.40957 4.71708 9.00571 13.0355 18.7896 4.68444 0.902219 2.27584 2.55589 0.79331 -9999 -9999 -9999 -9999 -9999 -9999 -9999 -9999 -9999 -9999 -9999 -9999 -9999 -9999 -9999
19.7766 16.2918 19.5216 19.1406 22.6894 22.7606 18.2702 18.0154 17.7951 21.1795 17.776 14.3884 17.1577 19.0049 20.6196 18.664 17.5838 13.9801 17.7036 11.8263 11.2919 14.5183 21.592 17.2211 27.3445 28.7351 9.49324 11.1789 9.25042 15.2332 9.40065 8.69229 19.9985 36.1585 18.8098 21.631 29.645 31.8635 16.5353 19.2731 23.1237 24.008 30.9233 23.4608 31.8311 30.5979 19.8056 15.264 13.2038 17.7702 10.3984 6.5914 6.76358 4.51103 1.65122 6.21252 10.7993 4.28361 1.2362 1.19974 -9999 -9999 -9999 -9999 -9999 -9999 -9999 -9999 -9999 -9999 -9999 -9999 -9999 -9999 -9999 -9999 -9999
21.9898 21.0228 24.9614 23.4012 23.3655 23.7739 24.0122 15.9866 15.4485 15.7575 18.5716 16.0475 16.3707 19.4149 15.0214 16.9413 16.0455 18.5585 23.2029 14.1849 12.7114 14.2843 19.6202 27.9784 34.4233 26.1141 10.6975 15.0546 13.8979 16.6603 12.4604 8.49302 22.0088 30.1201 28.5656 28.4416 27.7216 28.7073 22.5489 14.812 25.6291 31.8204 37.0082 33.8452 39.9221 29.9381 15.65 20.5117 20.5443 16.0979 16.2071 18.6118 6.15687 3.37876 2.01 1.92505 2.00994 2.16837 0.921397 0.989673 -9999 -9999 -9999 -9999 -9999 -9999 -9999 -9999 -9999 -9999 -9999 -9999 -9999 -9999 -9999 -9999 -9999
22.7764 22.1883 26.3965 23.571 21.5233 26.1051 27.0873 16.5878 14.6737 12.1674 15.4146 18.4092 15.6664 15.9169 14.1502 15.1874 19.7517 31.1699 26.2402 21.3798 13.8814 14.1792 20.0911 27.1512 26.3465 16.7343 14.5483 18.1021 17.2746 21.7388 13.2973 9.92208 23.7399 29.9016 22.8014 25.4846 25.2332 26.5306 32.424 14.4225 22.6349 21.7853 22.1231 27.9685 34.9504 30.307 18.777 24.4704 26.7728 27.1875 12.5143 20.7083 8.3762 5.14531 4.41841 3.12848 1.57887 1.07314 1.36666 3.72869 -9999 -9999 -9999 -9999 -9999 -9999 -9999 -9999 -9999 -9999 4.01081 3.87552 3.67258 -9999 -9999 -9999 -9999
24.6854 25.1384 26.0596 30.4708 24.0579 17.3739 29.4763 21.9059 23.6503 18.1377 8.94569 12.8659 14.4001 13.5284 19.7461 32.2096 30.501 16.4868 17.1642 18.5456 17.7414 13.7364 16.8432 25.9116 25.2885 15.1237 12.8356 21.7184 28.4234 35.92 20.0868 14.1527 28.1918 19.6231 22.6763 28.1905 29.4692 36.3879 32.2197 22.0575 29.2759 20.981 24.2844 29.9645 39.2142 36.5808 37.1052 30.489 32.5974 29.2407 14.4425 21.5691 28.1481 29.497 21.0786 5.621 2.13097 1.2498 0.926659 1.48328 9.97351 12.3419 -9999 -9999 -9999 -9999 -9999 -9999 -9999 1.41965 7.3123 17.1314 15.644 15.2821 12.2707 11.2418 -9999
26.0837 23.7338 22.8505 26.9976 24.0233 18.0484 30.4245 29.4125 25.8904 19.9128 15.0141 13.5239 10.7011 12.997 18.7778 21.8109 20.7896 16.8576 16.6502 18.2868 18.6354 14.3143 15.3006 22.9154 21.4531 20.9401 20.2678 30.6384 22.7723 28.3119 31.0618 18.7339 26.6423 22.6362 18.4234 21.1247 19.9828 23.9008 20.467 24.8588 21.9533 30.0247 30.1078 33.598 42.0477 41.424 39.7726 31.9095 31.9817 38.0219 28.0198 27.4329 29.3337 22.0135 13.0587 4.22012 5.02635 5.77786 2.74081 2.72183 8.50687 10.4699 -9999 -9999 -9999 -9999 2.73701 1.84739 -9999 2.61703 16.8108 26.3424 23.7748 17.6389 15.494 11.2476 -9999
29.4664 24.3531 23.9767 23.8583 28.5294 25.0135 30.3709 27.5253 23.6502 22.9354 15.276 14.6253 11.3002 13.6227 19.1977 15.7169 10.8404 15.8365 15.399 15.6389 13.7414 14.4407 15.0039 20.611 20.1946 24.1189 31.8573 33.175 30.2426 28.3736 25.4213 23.9361 29.0223 26.281 22.2754 22.2075 23.6581 24.6943 22.7083 32.0642 27.9572 22.1393 24.6989 29.5214 37.1081 36.6123 39.5859 27.0391 30.9608 37.2188 34.9066 31.8239 24.7928 17.0529 14.7837 4.50504 6.16361 11.8444 12.5141 4.2717 3.57629 1.6287 -9999 -9999 -9999 -9999 2.70112 2.28785 -9999 3.26166 14.4509 22.8655 23.0793 15.5812 11.4463 11.2562 12.7255
27.7255 21.747 27.4293 24.4196 32.511 29.6043 25.5124 21.94 23.3175 27.7242 13.7834 14.099 13.6262 17.3076 14.7991 11.9334 8.70793 16.6328 14.7695 13.7883 13.3413 13.0959 18.2329 22.8147 19.5636 21.5884 30.8959 42.4717 38.0347 25.9326 27.6642 27.143 28.2068 18.2333 18.104 18.5294 23.5454 24.0455 26.3142 29.7529 31.667 29.9414 30.3939 26.8354 30.6556 32.8542 24.0605 25.1514 30.9476 29.7452 26.6173 30.962 26.2227 23.7085 17.9457 6.11624 3.7088 5.45145 13.201 6.69334 2.77814 1.92369 0.849993 1.15093 -9999 1.50068 1.22937 1.74196 1.10196 1.42892 3.89434 7.26761 16.878 15.7644 3.0832 3.71003 11.1894
29.3765 27.7613 26.3035 28.3154 31.0761 25.7177 17.3947 19.176 21.8078 18.0203 14.0399 13.5109 12.8246 12.9231 15.4087 14.0543 20.3901 18.3027 10.9059 12.0385 14.4094 16.3214 24.833 22.0627 20.7105 23.7735 30.9955 30.1316 36.5775 29.3363 25.7462 25.4483 24.7903 17.2987 20.0893 20.5651 29.5004 29.841 27.1054 26.3523 33.3447 32.0886 26.663 32.131 21.2033 24.3755 22.093 14.0185 31.0555 20.4092 24.0435 25.9594 22.3413 22.3866 11.8855 4.43649 5.97083 5.01477 6.00547 5.39637 2.92504 2.17746 1.31176 1.32198 1.72326 1.6728 0.917237 1.36437 1.62301 2.77964 9.57869 7.41244 19.8049 24.2195 4.25554 8.85185 20.3729
32.9768 27.9936 30.1379 29.4937 32.1153 23.1593 19.1603 18.7325 19.3811 19.9947 16.6013 15.6605 15.1034 15.2283 14.0826 16.1205 15.5517 12.4066 12.7652 19.1842 16.8485 21.2596 21.7913 23.9703 27.587 30.661 30.5998 33.4399 30.3613 22.5756 19.7241 25.7702 21.8315 13.9648 18.33 20.7796 32.8124 29.7718 27.7204 25.0334 26.6469 22.714 28.6933 33.127 20.2828 20.3373 23.5582 10.1618 12.8958 11.6609 19.4507 21.686 23.7173 23.3409 12.2632 9.40963 4.74263 3.12274 2.63948 2.58404 2.50005 1.54537 1.68195 1.4849 1.3262 1.0151 0.939927 1.0146 1.37972 5.07092 14.2563 12.6943 22.1314 17.437 8.60179 7.3437 10.0843
24.699 31.1441 30.8057 30.0682 27.9688 20.1467 26.2764 21.643 17.574 13.3115 10.8175 13.5858 14.4731 15.2617 9.69969 13.7032 15.7314 13.5412 20.4023 27.9666 25.1354 18.6332 17.0629 26.9269 21.1952 20.0258 28.8516 35.5679 24.0864 20.8901 19.2672 17.6674 10.6359 5.81075 14.1296 14.5639 26.4245 22.9632 24.0615 30.535 21.6158 18.1029 29.6973 34.2766 21.7191 13.741 20.0685 14.1576 8.75415 11.5525 21.5579 24.6902 22.1914 21.3833 20.5895 14.8974 8.07147 5.34971 3.12993 2.76718 2.04039 1.44564 1.97345 1.38997 1.07443 1.42378 0.888277 0.9065 0.930874 2.65398 11.0016 13.6134 16.7736 14.0194 12.44 8.57295 6.2873
20.6567 28.0894 25.3756 22.0738 18.4638 26.1312 17.1776 11.5197 11.1388 10.9062 9.19363 15.6181 21.4037 17.5809 9.00226 12.4842 16.1699 22.9791 29.0308 22.4297 24.9992 31.7644 21.9168 25.3872 16.3771 14.1915 19.2962 27.1297 20.7291 16.4921 14.5625 10.8276 5.45628 14.1462 17.8213 13.3172 20.4978 17.2591 29.8284 32.7297 17.5972 18.9491 36.442 31.2122 21.2498 15.3074 15.2996 13.0338 17.5245 23.4578 28.2157 22.6084 22.1164 17.4371 24.3825 17.8333 16.8662 15.5446 4.03775 2.14997 2.27168 1.97084 1.67112 1.44027 1.15317 1.51428 1.30189 1.9872 4.67304 5.31807 5.49273 6.99141 10.6117 13.2308 12.5564 8.49337 4.65414
25.6969 28.4926 19.2098 15.2186 20.6516 21.9873 9.7187 11.6014 15.667 22.045 26.3487 19.8792 18.5811 18.6792 20.1751 16.5671 20.559 24.8824 13.7429 11.9162 13.6802 18.2151 26.5888 25.8751 14.8901 11.9052 15.2392 24.0322 26.7971 17.1508 17.4532 16.644 10.3319 16.8669 11.4424 14.8583 24.78 29.9148 33.4876 32.508 20.9388 25.1243 28.2965 28.1912 27.8298 25.2215 18.5441 14.5809 18.9918 21.3521 24.2867 31.6511 30.6886 36.2121 22.0738 19.1081 18.0586 18.4294 15.3385 5.42647 2.66116 1.73324 1.58637 1.34578 1.09387 1.95201 2.96815 7.65409 9.68384 7.56506 4.67561 3.9857 12.3706 14.0621 9.30111 6.53718 2.22453
26.8934 24.8808 23.373 16.2512 21.3777 13.773 11.1437 19.9495 30.3747 23.892 18.6853 22.5396 24.2522 26.0845 19.3106 18.5773 15.5064 8.82227 19.6877 23.1412 23.0706 29.2355 27.981 25.0925 17.1813 17.6044 19.1222 29.4604 35.262 34.45 25.2168 16.4679 19.7373 24.3903 23.5054 29.6138 30.7766 32.3842 33.1601 33.7413 30.2274 32.0988 22.6915 22.6514 27.8352 29.22 25.8528 20.1873 22.4874 20.4214 31.2281 56.5732 45.9979 44.1591 37.5578 30.0599 22.8357 16.5312 15.8146 12.2038 5.46149 1.92614 1.5913 1.64336 1.73678 1.5966 1.61595 2.95581 2.83655 3.28491 4.4819 4.00589 7.01789 11.8317 12.2295 5.05856 2.58412
