public/models/data/input/map/sulut/1000/mapdcenter.asc
NCOLS 248
NROWS 182
XLLCORNER 510063.019283
YLLCORNER 211117.685435
CELLSIZE 1000.000000
NODATA_VALUE       -9999
[rows 99 to 131 of 182, columns 0 to 73 of 248]
-9999 -9999 -9999 -9999 -9999 -9999 -9999 -9999 -9999 -9999 -9999 -9999 -9999 -9999 -9999 -9999 -9999 -9999 -9999 -9999 -9999 -9999 -9999 -9999 -9999 -9999 -9999 -9999 -9999 -9999 -9999 -9999 -9999 -9999 -9999 -9999 -9999 -9999 -9999 -9999 -9999 -9999 -9999 -9999 -9999 -9999 -9999 -9999 -9999 -9999 -9999 -9999 -9999 -9999 -9999 -9999 -9999 -9999 -9999 -9999 -9999 -9999 -9999 -9999 -9999 -9999 -9999 -9999 -9999 -9999 -9999 -9999 -9999 -9999
-9999 -9999 -9999 -9999 -9999 -9999 -9999 -9999 -9999 -9999 -9999 -9999 -9999 -9999 -9999 -9999 -9999 -9999 -9999 -9999 -9999 -9999 -9999 -9999 -9999 -9999 -9999 -9999 -9999 -9999 -9999 -9999 -9999 -9999 -9999 -9999 -9999 -9999 -9999 -9999 -9999 -9999 -9999 -9999 -9999 -9999 -9999 -9999 -9999 -9999 -9999 -9999 -9999 -9999 -9999 -9999 -9999 -9999 -9999 -9999 -9999 -9999 -9999 -9999 -9999 -9999 -9999 -9999 -9999 -9999 -9999 -9999 -9999 -9999
-9999 -9999 -9999 -9999 -9999 -9999 -9999 -9999 -9999 -9999 -9999 -9999 -9999 -9999 -9999 -9999 -9999 -9999 -9999 -9999 -9999 -9999 -9999 -9999 -9999 -9999 -9999 -9999 -9999 -9999 -9999 -9999 -9999 -9999 -9999 -9999 -9999 -9999 -9999 -9999 -9999 -9999 -9999 -9999 -9999 -9999 -9999 -9999 -9999 -9999 -9999 -9999 -9999 -9999 -9999 -9999 -9999 -9999 -9999 -9999 -9999 -9999 -9999 -9999 -9999 -9999 -9999 -9999 -9999 -9999 -9999 -9999 -9999 -9999
-9999 -9999 -9999 -9999 -9999 -9999 -9999 -9999 -9999 -9999 -9999 -9999 -9999 -9999 -9999 -9999 -9999 -9999 -9999 -9999 -9999 -9999 -9999 -9999 -9999 -9999 -9999 -9999 -9999 -9999 -9999 -9999 -9999 -9999 -9999 -9999 -9999 -9999 -9999 -9999 -9999 -9999 -9999 -9999 -9999 -9999 -9999 -9999 -9999 -9999 -9999 -9999 -9999 -9999 -9999 -9999 -9999 -9999 -9999 -9999 -9999 -9999 -9999 -9999 -9999 -9999 -9999 -9999 -9999 -9999 -9999 -9999 -9999 -9999
-9999 -9999 -9999 -9999 -9999 -9999 -9999 -9999 -9999 -9999 -9999 -9999 -9999 -9999 -9999 -9999 -9999 -9999 -9999 -9999 -9999 -9999 -9999 -9999 -9999 -9999 -9999 -9999 -9999 -9999 -9999 -9999 -9999 -9999 -9999 -9999 -9999 -9999 -9999 -9999 -9999 -9999 -9999 -9999 -9999 -9999 -9999 -9999 -9999 -9999 -9999 -9999 -9999 -9999 -9999 -9999 -9999 -9999 -9999 -9999 -9999 -9999 -9999 -9999 -9999 -9999 -9999 -9999 -9999 -9999 -9999 -9999 -9999 -9999
-9999 -9999 -9999 -9999 -9999 -9999 -9999 -9999 11818.6 11057.2 10385.2 10269.3 -9999 -9999 -9999 -9999 5996.2 5903.54 5784.87 -9999 -9999 -9999 -9999 -9999 -9999 -9999 -9999 -9999 -9999 -9999 -9999 -9999 -9999 -9999 -9999 -9999 -9999 -9999 -9999 -9999 -9999 -9999 -9999 -9999 -9999 -9999 -9999 -9999 -9999 -9999 -9999 -9999 -9999 -9999 -9999 -9999 -9999 -9999 -9999 -9999 -9999 -9999 -9999 -9999 -9999 -9999 -9999 -9999 -9999 -9999 -9999 -9999 -9999 -9999
-9999 -9999 -9999 -9999 -9999 -9999 -9999 -9999 11783.4 10997.4 10237 9494.1 -9999 6235.29 5943.38 5387.74 5529.97 5315.28 4851.12 4310.66 -9999 -9999 -9999 -9999 -9999 -9999 -9999 -9999 -9999 -9999 -9999 -9999 -9999 -9999 -9999 -9999 -9999 -9999 -9999 -9999 -9999 -9999 -9999 -9999 -9999 -9999 -9999 -9999 -9999 -9999 -9999 -9999 -9999 -9999 -9999 -9999 -9999 -9999 -9999 -9999 -9999 -9999 -9999 -9999 -9999 -9999 -9999 -9999 -9999 -9999 -9999 -9999 -9999 -9999
-9999 -9999 -9999 -9999 -9999 -9999 -9999 -9999 11435.1 10538.1 9770.71 8922.06 7523.55 6499.48 5750.36 5116.76 4586 4353.37 4077.46 4005.71 -9999 -9999 -9999 -9999 -9999 -9999 -9999 -9999 -9999 -9999 -9999 -9999 -9999 -9999 -9999 -9999 -9999 -9999 -9999 -9999 -9999 -9999 -9999 -9999 -9999 -9999 -9999 -9999 -9999 -9999 -9999 -9999 -9999 -9999 -9999 -9999 -9999 -9999 -9999 -9999 -9999 -9999 -9999 -9999 -9999 -9999 -9999 -9999 -9999 -9999 -9999 -9999 -9999 -9999
-9999 -9999 -9999 -9999 -9999 -9999 -9999 -9999 10366.9 10205.8 9398.8 8408.43 7273.83 6318.11 5363.46 4475.99 3784.41 3418.43 3415.88 3525.33 -9999 -9999 -9999 -9999 -9999 -9999 -9999 -9999 -9999 -9999 -9999 -9999 -9999 -9999 -9999 -9999 -9999 -9999 -9999 -9999 -9999 -9999 -9999 -9999 -9999 -9999 -9999 -9999 -9999 -9999 -9999 -9999 -9999 -9999 -9999 -9999 -9999 -9999 -9999 -9999 -9999 -9999 -9999 -9999 -9999 -9999 -9999 -9999 -9999 -9999 -9999 -9999 -9999 -9999
-9999 -9999 16928.1 16496.3 15345.9 14423.5 13962.4 13494.5 -9999 -9999 8570.87 7826.52 6808.84 5852.59 4896.34 3940.09 2876.16 2299.21 1896.84 1994.12 1994.09 -9999 -9999 -9999 -9999 -9999 -9999 9457.11 10873.2 10873.2 -9999 -9999 -9999 17974.9 17930.5 17900.9 -9999 -9999 -9999 -9999 -9999 -9999 -9999 -9999 -9999 -9999 -9999 -9999 -9999 -9999 -9999 -9999 -9999 -9999 -9999 -9999 -9999 -9999 -9999 -9999 -9999 -9999 -9999 -9999 -9999 -9999 -9999 -9999 -9999 -9999 -9999 -9999 -9999 -9999
-9999 -9999 16639.3 16132.6 15034.1 14094.8 13355.8 12394.5 -9999 -9999 7623.85 7210.09 6412.75 5456.5 4500.25 3544 2415.91 1546.08 1000.68 1323.59 2034.44 2984.69 3908.09 4874.1 5891.94 6896.88 7853.13 9200.93 10554.5 11046.3 12544.1 13281.2 14039.2 17783.4 17757.8 17620.7 -9999 -9999 -9999 -9999 -9999 -9999 -9999 -9999 -9999 -9999 -9999 -9999 -9999 -9999 -9999 -9999 -9999 -9999 -9999 -9999 -9999 -9999 -9999 -9999 -9999 -9999 -9999 -9999 -9999 -9999 -9999 -9999 -9999 -9999 -9999 -9999 -9999 -9999
-9999 -9999 16322.3 15740 14638 13681.7 12741.3 11807.4 10456.9 9437.14 8125.47 7312.67 6226.35 5270.1 4313.85 3357.6 2226.35 1282.6 648.631 1016.68 2102.37 3036.85 3979.96 4940.11 6026 7001.72 7957.97 8947.88 10098.5 11159.8 12313.2 13172.8 14116 15846.2 17059.6 17374.2 20449.5 20614.5 21290.2 22213.1 22903.7 -9999 -9999 -9999 -9999 -9999 -9999 -9999 -9999 -9999 -9999 -9999 -9999 37445.7 38547.4 39158.4 39740 40548.6 40916.7 -9999 -9999 -9999 -9999 -9999 -9999 -9999 -9999 -9999 -9999 -9999 -9999 -9999 -9999 -9999
-9999 -9999 16260.2 15498.3 14552.5 13596.3 12640 11683.5 10542.7 9573.79 8586.58 7628.66 6498.18 5541.93 4585.68 3629.43 2503.22 1671.58 1237.38 1467.22 2379.43 3335.68 4291.93 5248.18 6379.43 7335.68 8291.93 9248.18 10379 11347.7 12318.2 13271.5 14387.5 15407.5 16451.6 17272.9 20052.1 20269.4 21062.7 22011.7 22990.6 23755.5 24035.5 -9999 -9999 -9999 -9999 -9999 -9999 -9999 -9999 -9999 36271.2 36644 37662.2 38557.8 39553.5 40475.9 41324.9 42148.2 -9999 -9999 -9999 -9999 -9999 -9999 -9999 -9999 -9999 -9999 -9999 -9999 -9999 -9999
-9999 -9999 -9999 15474.9 14832.4 13987.6 13051.5 12097.4 10966.8 10010.5 9054.26 8098.01 6966.76 6010.51 5054.26 4103.05 3135.18 2647.55 2352.43 2531.06 3061.78 3826.37 4760.79 5716.76 6848.01 7804.26 8760.51 9716.76 10848 11804.3 12760.5 13716.8 14848 15804.3 16760.5 17716.8 18885.8 19856 20812.3 21768.5 22899.8 23856 24796.7 25755.8 26890.4 27842.8 28825.4 29771.1 31003.3 31959.6 32915.8 33998.1 35150.5 36123.5 37071.2 38027.4 39158.7 40114.9 41071.2 42027.4 43089.3 43905.6 44512.8 45982 47096.2 -9999 -9999 -9999 -9999 -9999 -9999 -9999 -9999 -9999
-9999 -9999 -9999 -9999 14877.4 14102.2 13355.1 12464.9 11326.9 10406.6 9450.35 8494.1 7362.85 6406.6 5458.45 4623.75 3999.9 3603.8 3308.68 3487.31 3953.87 4438.37 5186.08 6113.13 7244.1 8200.35 9156.6 10112.9 11244.1 12200.4 13156.6 14112.9 15244.1 16200.4 17156.6 18112.8 19244.1 20200.3 21156.6 22112.8 23244.1 24200.3 25156.6 26112.8 27244.1 28200.3 29156.6 30112.8 31244.1 32200.3 33156.6 34112.8 35244.1 36200.3 37156.6 38112.8 39244.1 40200.3 41156.6 42112.8 43244.1 44197.5 45157.8 46113.5 47253.8 48413.3 49198.2 49406.8 53789.9 54023.6 54045.9 -9999 -9999 -9999
-9999 -9999 -9999 -9999 -9999 13884.7 13431 12623.3 11480.7 10702.5 9846.44 8890.19 7758.94 6810.79 5988.68 5437.77 4956.15 4560.05 4264.93 4443.56 4909.88 5316.83 5790.72 6531.05 7640.19 8596.44 9552.69 10508.9 11640.2 12596.4 13552.7 14508.9 15640.2 16596.4 17552.7 18508.9 19640.2 20596.4 21552.7 22508.9 23640.2 24596.4 25552.7 26508.9 27640.2 28596.4 29552.7 30508.9 31640.2 32596.4 33552.7 34508.9 35640.2 36596.4 37552.7 38508.9 39640.2 40596.4 41552.7 42508.9 43640.2 44596.4 45552.7 46508.9 47640.5 48602.4 49469.6 50250.7 53523.5 53812.9 54235.2 55470.6 -9999 -9999
-9999 -9999 -9999 -9999 -9999 -9999 -9999 -9999 11256.2 10781.2 10112.6 9137.35 8160.07 7328.44 6790.11 6381.07 5912.4 5516.3 5235.36 5404.53 5864.18 6262.43 6658.55 7118.8 8036.29 8992.53 9948.79 10905 12036.3 12992.5 13948.8 14905 16036.3 16992.5 17948.8 18905 20036.3 20992.5 21948.8 22905 24036.3 24992.5 25948.8 26905 28036.3 28992.5 29948.8 30905 32036.3 32992.5 33948.8 34905 36036.3 36992.5 37948.8 38905 40036.3 40992.5 41948.8 42905 44036.3 44992.5 45948.8 46905 48036.3 48992.5 49941.9 50817.9 52547.2 53368.8 54248.7 55221.7 -9999 -9999
-9999 -9999 -9999 -9999 -9999 -9999 -9999 -9999 -9999 -9999 -9999 -9999 8122.56 8061.43 7839.57 7504.31 7043.64 6647.55 6391.26 6544 6990.55 7390.55 7786.64 8182.73 8718.63 9483.22 10417.6 11373.6 12504.9 13461.1 14417.4 15373.6 16503.8 17458 18417.4 19373.6 20504.9 21461.1 22417.4 23373.6 24504.9 25461.1 26417.4 27373.6 28504.9 29460.3 30416.5 31373.6 32504.9 33461.1 34417.4 35373.6 36504.9 37461.1 38417.4 39373.6 40504.9 41461.1 42417.4 43373.6 44504.9 45461.1 46417.4 47373.6 48504.9 49461.1 50417.4 51373.6 52504.1 53460.2 54418.9 55373.6 56512 61190.5
-9999 -9999 -9999 -9999 -9999 -9999 -9999 -9999 -9999 -9999 -9999 -9999 -9999 8260.41 8245.3 8338.8 7999.89 7603.8 7341.23 7498.16 7960.37 8346.8 8742.89 9138.98 9610.72 10095.2 10842.9 11770 12901 13857.2 14813.5 15769.7 16897.8 17847.7 18813.5 19769.7 20900.9 21857.2 22813.4 23769.7 24900.9 25857.2 26813.4 27769.7 28900.9 29854.8 30805.4 31771.1 32900.9 33857.2 34813.4 35769.7 36900.9 37857.2 38813.4 39769.7 40900.9 41857.2 42813.4 43769.7 44900.9 45857.2 46813.4 47769.7 48900.9 49857.2 50813.4 51769.7 52898.5 53854.5 54818 55769.7 56780.8 58593.3
-9999 -9999 -9999 -9999 -9999 -9999 -9999 -9999 -9999 -9999 -9999 -9999 -9999 -9999 -9999 8990.47 8802.09 8526.01 8302.99 8456.24 8906.96 9303.05 9699.14 10095.2 10563.8 10964.3 11447.6 12187.9 13297.1 14253.3 15209.6 16165.8 17297 18253.3 19209.5 20165.8 21297 22253.3 23209.5 24165.8 25297 26253.3 27209.5 28165.8 29297 30253.3 31203.9 32167.2 33297 34253.3 35209.5 36165.8 37297 38253.3 39209.5 40165.8 41297 42253.3 43209.5 44165.8 45297 46253.3 47209.5 48165.8 49297 50253.3 51209.5 52165.8 53297 54253.3 55209.5 56165.8 57268.1 58130.5
-9999 -9999 -9999 -9999 -9999 -9999 -9999 -9999 -9999 -9999 -9999 -9999 -9999 -9999 -9999 9139.09 9227.13 9342.98 9289.06 9425.33 9863.21 10259.3 10655.4 11051.5 11520.1 11916.2 12315.4 12775.7 13693.1 14649.4 15605.6 16561.9 17693.1 18649.4 19605.6 20561.9 21693.1 22649.4 23605.6 24561.9 25693.1 26649.4 27605.6 28561.9 29693.1 30649.4 31596 32565.8 33693.1 34649.4 35605.6 36561.9 37693.1 38649.4 39605.6 40561.9 41693.1 42649.4 43605.6 44561.9 45693.1 46649.4 47605.6 48561.9 49693.1 50649.4 51605.6 52561.9 53693.1 54649.4 55605.6 56561.9 57692.2 58656.2
-9999 -9999 -9999 -9999 -9999 -9999 -9999 -9999 -9999 -9999 -9999 -9999 -9999 -9999 -9999 -9999 -9999 10085.7 10266.8 10538.3 10994.5 11390.5 11786.6 12182.7 12651.3 13047.4 13443.5 13839.6 14375.5 15140.1 16074.5 17030.5 18161.7 19118 20074.2 21030.5 22157.2 23104.3 24074.2 25030.5 26161.7 27117.9 28074.2 29030.4 30161.7 31117.9 32074.2 33030.4 34161.7 35117.9 36074.2 37030.7 38161.7 39117.9 40074.2 41030.4 42161.7 43117.9 44074.2 45030.4 46161.7 47117.9 48074.2 49030.4 50161.7 51117.9 52074.2 53030.4 54161.7 55117.9 56074.2 57030.4 58161.7 59117.9
-9999 -9999 -9999 -9999 -9999 -9999 -9999 -9999 -9999 -9999 -9999 -9999 -9999 -9999 -9999 -9999 -9999 -9999 10833.4 11541.8 11970.5 12346.8 12742.9 13139 13607.6 14003.7 14399.7 14795.8 15267.6 15752.1 16499.8 17426.8 18557.8 19514.1 20470.3 21426.6 22556.7 23512 24471.6 25426.5 26557.8 27514 28470.3 29426.5 30557.8 31514 32470.3 33426.5 34557.8 35514 36470.3 37434.8 38557.8 39514 40470.3 41426.5 42557.8 43514 44470.3 45426.5 46557.8 47514 48470.3 49426.5 50557.8 51514 52470.3 53426.5 54557.8 55514 56470.3 57426.5 58557.8 59514
-9999 -9999 -9999 -9999 -9999 -9999 -9999 -9999 -9999 -9999 -9999 -9999 -9999 -9999 -9999 -9999 -9999 -9999 -9999 12886.6 12957.9 13303 13699.1 14095.2 14563.8 14959.9 15356 15752.1 16220.7 16621.2 17104.4 17844.8 18953.9 19910.2 20866.4 21822.6 22952.3 23909.8 24870.8 25822.6 26953.9 27910.1 28866.4 29822.6 30951.7 31906.5 32869.2 33822.6 34951.2 35902.2 36866.4 37830.1 38953.9 39910.1 40866.4 41822.6 42953.9 43910.1 44866.4 45822.6 46953.9 47910.1 48866.4 49822.6 50953.9 51910.1 52866.4 53822.6 54953.9 55910.1 56866.4 57822.6 58953.9 59910.1
-9999 -9999 -9999 -9999 -9999 -9999 -9999 -9999 -9999 -9999 -9999 -9999 -9999 -9999 -9999 -9999 -9999 -9999 -9999 13244.5 13961.2 14259.3 14655.4 15051.5 15520.1 15916.2 16312.2 16708.3 17176.9 17573 17972.3 18432.5 19350 20306.2 21262.5 22218.7 23349.8 24306.8 25263.5 26218.7 27350 28306.2 29262.5 30218.7 31349 32306.3 33265.6 34218.7 35349.1 36303.6 37262.5 38218.7 39350 40306.2 41262.5 42218.7 43350 44306.2 45262.5 46218.7 47350 48306.2 49262.5 50218.7 51350 52306.2 53262.5 54218.7 55350 56306.2 57262.5 58218.7 59350 60294.6
-9999 -9999 -9999 -9999 -9999 -9999 -9999 -9999 -9999 -9999 -9999 -9999 -9999 -9999 -9999 -9999 -9999 -9999 -9999 16389.1 15158 15390.5 15786.6 16182.7 16651.3 17047.4 17443.5 17839.6 18308.2 18704.3 19100.3 19496.4 20032.3 20796.9 21731.3 22687.3 23819.3 24774.8 25731.1 26687.3 27818.6 28774.8 29731 30687.3 31818.5 32774.8 33731 34687.3 35817.9 36774.9 37733.1 38687.3 39818.5 40774.8 41731 42675.9 43818.5 44774.8 45731 46687.3 47820.1 48779.5 49731 50687.3 51818.5 52774.8 53731 54687.3 55818.5 56772.1 57703.4 58583.7 59460 59974.8
-9999 -9999 -9999 -9999 -9999 -9999 -9999 -9999 -9999 -9999 -9999 -9999 -9999 -9999 -9999 -9999 -9999 -9999 17596.2 16698.7 16106 16346.8 16742.9 17139 17607.6 18003.7 18399.7 18795.8 19264.4 19660.5 20056.6 20452.7 20924.4 21408.9 22156.6 23083.7 24225.4 25170.9 26127.2 27083.4 28214.6 29170.9 30127.1 31083.4 32214.6 33170.9 34127.1 35083.4 36212.7 37174.3 38136.3 39083.4 40214.6 41170.9 42127.1 43083.4 44214.6 45170.9 46127.1 47083.4 48214.6 49170.9 50127.1 51083.4 52214.6 53170.9 54127.1 55082.6 56162 56964.5 57630.4 58148.8 58633.6 59029.7
-9999 -9999 -9999 -9999 -9999 -9999 -9999 -9999 -9999 -9999 -9999 -9999 -9999 -9999 -9999 -9999 -9999 18730.2 18152.3 17490.4 17062.3 17303 17699.1 18095.2 18563.8 18959.9 19356 19752.1 20220.7 20616.8 21012.8 21408.9 21877.5 22278 22761.3 23501.6 24619.4 25567 26523.2 27479.5 28610.7 29567 30523.2 31479.5 32610.7 33567 34523.2 35479.5 36610.7 37570 38526.3 39479.5 40610.7 41567 42523.2 43479.5 44610.7 45567 46523.2 47479.5 48610.7 49567 50523.2 51479.5 52610.7 53563.1 54466.6 55226.1 55931.1 56400.7 56812.7 57208.8 57677.4 58073.5
-9999 -9999 -9999 -9999 -9999 -9999 -9999 -9999 -9999 -9999 -9999 -9999 -9999 -9999 -9999 -9999 -9999 19065.6 18829.4 18386.5 18018.5 18259.3 18655.4 19051.5 19520.1 19916.1 20312.2 20708.3 21176.9 21561.5 21957.6 22365.2 22833.8 23229.9 23629.1 24089.4 25006.8 25963.1 26919.3 27875.6 29006.8 29963.1 30919.3 31875.6 33006.8 33963.1 34919.3 35848 37006.8 37963.1 38919.3 39875.6 41006.8 41963.1 42919.3 43875.6 45006.8 45963.1 46914.6 47874 49006.8 49963.1 50919.3 51875.6 52935.4 53619.4 54138.3 54604.1 55063.4 55457.9 55856.4 56252.5 56721.1 57117.2
-9999 -9999 -9999 -9999 -9999 -9999 -9999 -9999 -9999 -9999 -9999 -9999 -9999 -9999 -9999 -9999 20389 20278.4 19910.8 19512.2 19149.8 19390.5 19786.6 20182.7 20651.3 21047.4 21443.5 21839.6 22308.2 22704.2 23100.3 23496.4 23965 24361.1 24757.2 25153.3 25689.2 26453.8 27388.2 28344.2 29475.4 30431.7 31387.9 32344.1 33475.4 34431.6 35387.9 36344.1 37474.3 38430.9 39390.6 40344.1 41475.4 42431.6 43387.9 44344.1 45475.4 46431.6 47387.9 48344.1 49459.8 50352.9 51150.7 51767.2 52276.1 52672.2 53068.3 53464.4 53907.2 54329.1 54725.2 55121.3 55589.9 55986
-9999 -9999 -9999 -9999 -9999 -9999 -9999 -9999 -9999 -9999 -9999 -9999 -9999 -9999 -9999 -9999 21195.3 21136 20858.4 20468.5 20106 20346.8 20742.9 21139 21607.6 22003.6 22399.7 22795.8 23264.4 23660.5 24056.6 24452.7 24921.3 25317.3 25713.4 26109.5 26581.3 27065.8 27813.5 28740.5 29871.5 30827.7 31784 32740.2 33871.5 34827.7 35784 36740.2 37870.4 38830.4 39790 40740.2 41871.5 42827.7 43784 44740.2 45883 46827 47760.5 48618 49471 50022.5 50454.2 50851.3 51319.9 51716 52112.1 52508.2 52976.7 53372.8 53768.9 54165 54633.6 55029.7
-9999 -9999 -9999 -9999 -9999 -9999 -9999 -9999 -9999 -9999 -9999 -9999 -9999 -9999 -9999 -9999 22112.6 22070.5 21816.2 21424.7 21062.3 21303 21699.1 22095.2 22563.8 22959.9 23356 23752.1 24220.7 24616.7 25012.8 25408.9 25877.5 26273.6 26669.7 27065.8 27534.4 27934.8 28418.1 29158.4 30267.6 31223.8 32180.1 33136.3 34267.6 35223.8 36180.1 37136.3 38267.6 39223.8 40180.1 41136.3 42267.6 43223.8 44180.1 45136.3 46248.2 47033.2 47679.9 48204.7 48706.8 49102.9 49499 49895.1 50363.6 50759.7 51155.8 51551.9 52020.5 52416.6 52812.7 53208.8 53677.4 54073.5
-9999 -9999 -9999 -9999 -9999 -9999 -9999 -9999 -9999 -9999 -9999 -9999 -9999 -9999 -9999 -9999 22767.5 22753.1 22670.7 22378 22018.5 22259.3 22655.4 23051.5 23520.1 23916.1 24312.2 24708.3 25176.9 25573 25969.1 26365.2 26833.8 27229.8 27625.9 28022 28490.6 28886.7 29285.9 29746.2 30663.7 31619.9 32576.2 33532.4 34663.7 35619.9 36576.2 37532.4 38663.7 39619.9 40576.2 41532.4 42663.7 43619.9 44550.9 45340.1 46015.5 46472.2 46884.7 47282 47750.5 48146.6 48542.7 48938.8 49407.4 49803.5 50199.6 50595.7 51064.2 51460.3 51856.4 52252.5 52721.1 53117.2
