public/models/data/input/map/sulut/1000/mapdroad.asc
NCOLS 248
NROWS 182
XLLCORNER 510063.019283
YLLCORNER 211117.685435
CELLSIZE 1000.000000
NODATA_VALUE       -9999
[rows 99 to 131 of 182, columns 74 to 147 of 248]
-9999 -9999 -9999 -9999 -9999 -9999 -9999 -9999 -9999 -9999 -9999 -9999 -9999 -9999 -9999 -9999 -9999 -9999 -9999 -9999 -9999 -9999 -9999 -9999 -9999 -9999 -9999 -9999 -9999 -9999 -9999 -9999 -9999 -9999 -9999 -9999 -9999 -9999 -9999 -9999 -9999 -9999 -9999 -9999 -9999 -9999 -9999 -9999 -9999 -9999 -9999 -9999 -9999 -9999 1353.55 1327.67 1288.83 -9999 310.358 305.173 376.974 88.6211 394.191 862.566 1247.81 1078.95 1396.82 1481.68 859.003 543.911 173.642 176.472 213.859 639.735
-9999 -9999 -9999 -9999 -9999 -9999 -9999 -9999 -9999 -9999 -9999 -9999 -9999 -9999 -9999 -9999 -9999 -9999 -9999 -9999 -9999 -9999 -9999 -9999 -9999 -9999 -9999 -9999 -9999 -9999 -9999 -9999 -9999 -9999 -9999 -9999 -9999 -9999 -9999 -9999 -9999 -9999 -9999 -9999 -9999 -9999 -9999 -9999 -9999 31.25 11.7246 21.7571 84.9409 212.542 737.832 719.749 520.352 163.453 90.3578 125.823 169.806 174.989 240.292 294.044 532.149 271.312 811.878 1463.46 1595.88 1035.39 345.072 372.264 216.061 458.29
-9999 -9999 -9999 -9999 -9999 -9999 -9999 -9999 -9999 -9999 -9999 -9999 -9999 -9999 -9999 -9999 -9999 -9999 -9999 -9999 -9999 -9999 -9999 -9999 -9999 -9999 -9999 -9999 -9999 -9999 -9999 -9999 -9999 -9999 -9999 -9999 -9999 -9999 -9999 -9999 -9999 -9999 -9999 -9999 -9999 -9999 -9999 192.308 109.004 75.2139 145.937 270.462 257.004 261.138 230.788 205.857 230.369 137.943 295.917 227.393 441.045 662.935 815.406 572.541 362.702 183.406 375.669 861.949 1524.7 1542.63 1098.02 602.163 178.677 361.063
-9999 -9999 -9999 -9999 -9999 -9999 -9999 -9999 -9999 -9999 -9999 -9999 -9999 -9999 -9999 -9999 -9999 -9999 -9999 -9999 -9999 -9999 -9999 -9999 -9999 -9999 -9999 -9999 -9999 -9999 -9999 -9999 -9999 -9999 -9999 -9999 -9999 -9999 -9999 -9999 -9999 -9999 -9999 -9999 -9999 -9999 0 77.5999 133.09 189.741 690.327 985.057 986.032 963.931 477.509 213.061 465.498 498.205 289.2 316.906 559.873 629.796 948.404 1230.73 1055.43 523.585 177.973 452.403 1234.36 1994.68 1723.8 846.229 239.186 384.795
-9999 -9999 -9999 -9999 -9999 -9999 -9999 -9999 -9999 -9999 -9999 -9999 -9999 -9999 -9999 -9999 -9999 -9999 -9999 -9999 -9999 -9999 -9999 -9999 -9999 -9999 -9999 -9999 -9999 -9999 -9999 -9999 -9999 -9999 -9999 -9999 -9999 -9999 -9999 -9999 -9999 -9999 -9999 -9999 -9999 -9999 53.5714 128.919 177.124 406.1 1275.12 1871.88 1935.24 1723.48 884.976 298.407 308.952 838.71 457.864 163.585 218.136 286.782 902.505 1619.35 1440.5 588.213 338.452 766.673 1383.85 2301.9 2149.62 1282.19 746.475 924.213
-9999 -9999 -9999 -9999 -9999 -9999 -9999 -9999 -9999 -9999 -9999 -9999 -9999 -9999 -9999 -9999 -9999 -9999 -9999 -9999 -9999 -9999 -9999 -9999 -9999 -9999 -9999 -9999 -9999 -9999 -9999 -9999 -9999 -9999 -9999 -9999 -9999 -9999 -9999 -9999 -9999 -9999 -9999 -9999 -9999 125 19.2473 109.515 338.056 977.694 1846.49 2601.77 2920.14 2441.28 1603.31 838.481 370.461 882.438 935.359 508.758 832.019 1152.13 1628.38 2002.87 1502.72 588.407 304.626 845.61 1689.2 2604.74 2717.18 2165.4 1817.48 1936.56
-9999 -9999 -9999 -9999 -9999 -9999 -9999 -9999 -9999 -9999 -9999 -9999 -9999 -9999 -9999 -9999 -9999 -9999 -9999 -9999 -9999 -9999 -9999 -9999 -9999 -9999 -9999 -9999 -9999 -9999 -9999 -9999 -9999 -9999 -9999 -9999 -9999 -9999 -9999 -9999 -9999 -9999 -9999 -9999 129.31 113.102 80.258 223.51 515.099 1008.25 1736.97 2441.35 3108.61 3030.07 2188.88 1491.72 1078.31 1356.2 1540.39 1315.13 1662.52 2086.23 2526.79 2594.54 1918.37 1085.59 300.331 578.314 1506.46 2462.71 3258.16 3100.94 2773.73 2892.81
-9999 -9999 -9999 -9999 -9999 -9999 -9999 -9999 -9999 -9999 -9999 -9999 -9999 -9999 -9999 -9999 -9999 -9999 -9999 -9999 -9999 -9999 -9999 -9999 -9999 -9999 -9999 -9999 -9999 -9999 -9999 -9999 -9999 -9999 -9999 -9999 -9999 -9999 -9999 -9999 -9999 -9999 -9999 0 55.0981 136.451 412.108 322.271 298.3 412.746 1095.2 1918.52 2823.13 3383.52 2836.71 2326.39 2014.93 2196.3 2414.27 2264.93 2565.72 2989.12 3392.17 3050.7 2187.76 1274.37 338.982 635.091 1576.24 2532.49 3608.12 3964.19 3729.01 3784.1
-9999 -9999 -9999 -9999 -9999 -9999 -9999 -9999 -9999 -9999 -9999 -9999 -9999 -9999 -9999 -9999 -9999 -9999 -9999 -9999 -9999 -9999 -9999 -9999 -9999 -9999 -9999 -9999 -9999 -9999 -9999 -9999 -9999 -9999 -9999 -9999 -9999 -9999 -9999 -9999 -9999 -9999 14 48.9616 75.0376 385.357 1084.69 976.008 757.276 330.543 582.748 1504.33 2457.97 3372.99 3652.86 3266.3 2971.18 3149.81 3363.2 3221.18 3516.3 3914.31 4058.41 3265.56 2313.21 1357.6 571.627 972.052 1849.22 2802.73 3899.47 4347 4086.9 3781.23
-9999 -9999 -9999 -9999 -9999 -9999 -9999 -9999 -9999 -9999 -9999 -9999 -9999 -9999 -9999 -9999 -9999 -9999 -9999 -9999 -9999 -9999 -9999 -9999 -9999 -9999 -9999 -9999 -9999 -9999 -9999 -9999 -9999 3069.54 2283.67 1590.7 740.498 102.413 83.882 103.405 152.214 145.543 223.65 215.701 378.357 929.691 1783.18 2043.09 1650.48 1058.08 940.458 1705.05 2639.47 3595.44 4514.73 4395.65 4102.43 4281.06 4494.44 4352.43 4647.55 5029.33 4654.53 3700.13 2765.71 2001.12 1571.36 1836.84 2427.13 3269.56 4054.24 3622.95 3143.38 2741.89
-9999 -9999 -9999 -9999 -9999 -9999 -9999 -9999 -9999 -9999 -9999 -9999 -9999 -9999 -9999 -9999 -9999 -9999 -9999 -9999 -9999 -9999 -9999 -9999 -9999 -9999 -9999 -9999 -9999 -9999 -9999 1625.38 1907.29 2813.4 2583.28 1661.59 720.841 144.292 147.544 265.647 218.797 267.049 837.196 606.473 782.57 1552.42 2400.89 2786.65 2418.72 1939.87 1832.55 2317.05 3064.76 3991.81 5051.38 5309.73 5058.68 5237.31 5450.69 5308.68 5603.8 5843.6 5052.47 4125.42 3377.71 2893.21 2527.61 2768.37 3192.68 3771.67 3919.44 3039.95 2284.43 1791.04
-9999 -9999 -9999 -9999 -9999 -9999 -9999 -9999 -9999 -9999 -9999 -9999 -9999 -9999 -9999 -9999 -9999 -9999 -9999 -9999 -9999 -9999 -9999 -9999 3282.4 3282.4 -9999 -9999 -9999 -9999 259.233 782.646 1543.1 2085.15 2162.31 1530.92 697.821 248.162 225.385 543.776 669.271 703.723 1407.31 1329.48 1417.77 2061.15 3039.32 3510.44 3294.23 2889.19 2785.64 3186.12 3669.4 4409.73 5504.34 6094.26 6014.16 6176.14 6278.65 6042.05 6181.65 6315.95 5470.39 4730.06 4246.78 3846.3 3483.86 3724.62 4114.29 4279.19 3577.32 2621.07 1687.61 918.263
-9999 -9999 -9999 -9999 -9999 -9999 -9999 -9999 -9999 -9999 -9999 -9999 -9999 -9999 -9999 -9999 -9999 -9999 -9999 -9999 -9999 -9999 -9999 -9999 3236.38 3236.38 -9999 -9999 1353.55 1274.66 567.184 402.518 816.072 1402.85 1370.67 1028.7 770.634 231.828 286.949 338.367 856.881 1394.6 2003.71 2225.63 2325.28 2738.15 3543.81 4253.08 4233.78 3845.44 3741.89 4137.98 4537.23 4997.48 5912.4 6635.37 6631.51 6401.87 6044.1 5679.73 5637.21 5938.16 5922.83 5591.73 5198.64 4802.55 4440.11 4680.87 4975.15 4572.25 3491.89 2535.64 1579.39 701.853
-9999 -9999 3239.23 3232.25 3221.77 -9999 -9999 -9999 -9999 -9999 -9999 -9999 -9999 -9999 -9999 -9999 -9999 -9999 -9999 -9999 -9999 -9999 -9999 -9999 1316.57 1221.4 283.982 192.351 569.72 628.105 432.678 165.088 304.726 854.377 734.362 315.146 596.636 374.776 313.087 373.667 529.653 1275.95 2244.33 2900.62 3253.91 3595.61 3985.49 4521.51 4839.93 4802.85 4863.68 5268.97 5665.32 6061.41 6484.6 6394.66 5848.42 5424.51 4955.29 4574.73 4512.6 4851.74 5320.41 5695.24 5912.36 5809.08 5548.93 5754.13 5739.41 5024.52 3906.19 2958.91 2091.29 1377.18
-9999 -9999 3167.8 3163.61 3157.33 2414.21 -9999 -9999 -9999 -9999 -9999 -9999 -9999 -9999 -9999 -9999 -9999 -9999 -9999 -9999 -9999 -9999 1457.11 1335.58 1165.55 1124.02 455.681 113.995 154.052 161.972 118.766 109.65 194.604 328.423 364.675 229.15 297.182 335.567 454.279 616.006 321.959 785.361 1759.71 2400.69 2872.46 3086.44 3285.64 3681.73 4100.61 4676.12 5487.02 6098.01 6579.04 6962.67 6817.8 5993.68 5117.34 4496.08 3999.04 3618.48 3556.35 3895.49 4371.95 4830.19 5305.88 5692.15 5942.59 5957.86 5635 5076.82 4205.08 3421.89 2731.48 2115.9
-9999 -9999 3060.66 3060.66 3060.66 2307.07 -9999 -9999 -9999 -9999 -9999 -9999 -9999 -9999 -9999 -9999 -9999 -9999 -9999 -9999 -9999 -9999 991.862 1260.05 737.275 660.559 204.828 122.611 194.679 403.559 161.148 344.716 503.686 530.507 757.536 730.504 817.517 998.181 1189.25 1131.65 443.022 413.429 1052.37 1550.69 2003.32 2143.85 2329.39 2748.27 3345.09 4204.04 5325.95 6182.64 6769.9 7170.47 6552.19 5595.94 4641.34 3755.93 3048.28 2662.23 2600.1 2939.24 3478.4 3953.53 4371.92 4790.29 5344.06 5259.33 4751.35 4347.15 3845.59 3496.93 3140 2420.48
-9999 -9999 -9999 -9999 -9999 2235.64 1767.77 -9999 -9999 -9999 -9999 -9999 -9999 -9999 -9999 -9999 -9999 -9999 194.444 141.667 57.9268 107.105 569.651 897.063 500.05 188.428 186.961 383.864 469.416 797.747 291.136 300.048 827.042 1198.92 1582.69 1660.34 1766.96 1949.54 2073.8 1669.83 828.191 343.035 307.902 736.469 1136.79 1197.78 1387.78 1978.92 2851.7 3802.55 4886.14 5542.26 6034.79 6488.6 6156.1 5199.85 4243.6 3288.27 2258.61 1711.47 1643.85 2045.95 2607.61 3019.59 3437.94 3957.65 4719.76 4688.65 3916.65 3395.94 2933.98 2763.44 2768.04 2114.6
1975.35 1676.49 -9999 179.84 138.245 345.06 272.289 171.429 178.571 250 143.631 388.889 -9999 -9999 352.073 541.084 519.613 190.642 86.1719 312.132 710.334 716.323 273.914 299.727 348.085 398.741 217.324 231.007 705.328 1182.12 923.807 405.435 322.538 674.572 1319.12 2059.1 2682.04 3042.86 2989.61 2287.31 1687.34 1218.29 608.91 283.63 299.061 267.303 624.305 1518.6 2440.69 3298.94 4051.15 4520.31 5004.27 5605.14 5684.79 4770.1 3813.85 2857.6 1727.27 861.364 648.91 1132.68 1494.69 1926.98 2477.83 3207.38 4206.33 4205.11 3292.79 2428.07 1807.76 1637.31 1915.55 1840.35
1198.27 1159.86 708.333 -9999 146.296 173.584 222.597 159.138 117.049 192.334 206.578 321.295 60.9173 25.7813 201.568 423.835 429.153 134.083 148.175 245.927 595.515 756.8 423.125 341.978 202.228 163.389 171.015 235.667 318.093 584.527 873.105 609.271 351.672 310.078 888.267 1813.85 2761.41 3605.69 3627.27 3041.26 2566.23 2051.6 1301.62 654.675 273.179 232.598 662.939 1464.99 2119.04 2618.31 3167.96 3658.91 4253.61 4882.7 5247.81 4731.59 3826.8 2870.55 1743.28 855.024 342.233 437.578 614.1 1131.33 1868.68 2768.91 3812.57 3822.22 2912.23 1955.98 993.799 736.144 1200.12 1682.87
358.372 492.729 340.374 113.318 217.248 231.484 265.457 190.645 163.346 183.315 400.027 251.01 223.741 189.517 188.456 205.308 225.497 335.94 524.297 210.942 177.7 238.214 261.099 313.166 323.322 392.976 496.899 616.887 554.746 376.442 340.398 507.53 718.518 799.854 1211.49 1950.82 2809.55 3601.57 3995.75 3840.71 3398.91 2771.32 1973.11 1408.96 905.353 435.164 362.685 883.085 1276.25 1731.88 2299.59 2901.27 3525.77 4028.86 4511.1 4714.83 4186.44 3251.11 2177.45 1426.55 781.914 488.406 313.209 589.419 1468.01 2420.69 3472.73 3636.66 2848.25 1893.85 821.829 340.016 797.788 1291.94
286.521 417.965 445.483 538.132 641.642 445.163 226.796 519.167 396.151 242.252 214.603 261.201 712.511 865.927 470.464 189.989 166.069 330.466 972.795 771.915 692.08 941.358 906.536 843.292 954.525 1198.04 1354.62 1524.74 1407.11 1073.07 635.612 295.985 313.601 715.583 1199.6 1728.62 2417.49 2945.65 3483.26 3906.95 3977.09 3433.73 2762.1 2246.32 1655.66 865.638 308.41 276.032 460.21 852.019 1548.76 2181.9 2678.46 3086.18 3688.29 4302.38 4401.29 3673.74 2777.47 2120.29 1596.72 1200.27 427.264 477.85 1379.99 2248.58 2976.54 3325.31 2989.38 2141.73 1027.18 357.991 652.769 790.414
821.261 1356.53 1444.99 1176.93 547.234 248.469 758.351 830.98 352.018 566.645 522.433 294.417 672.639 1051.19 452.992 153.471 440.563 921.84 1582.05 1824.82 1794.14 2062.71 2028.65 1963.92 2079.37 2324.45 2485.8 2654.18 2526.23 2149.21 1554.06 1127.75 617.507 279.893 368.952 957.278 1440.59 1895.03 2523.36 3194.15 3744.13 3985.68 3698.79 3127.63 2327.99 1715.47 1243.98 902.922 466.72 252.495 740.145 1244.21 1582.13 2088.58 2871.52 3597.5 4185.07 4174.66 3437.6 2682.62 2012.24 1283.97 401.822 420.923 992.959 1462.98 2188.48 2337.85 2416.92 2085.21 1255.94 525.536 285.938 275.839
1214.39 2002.15 2030.54 1234.37 392.758 438.495 1089.43 607.782 366.743 990.776 1137.44 601.76 320.277 472.919 366.593 233.072 664.555 1479.87 2337.52 2681.28 2750.39 3018.96 2984.9 2920.17 3035.62 3280.7 3442.05 3608.81 3447.65 2995.29 2464.75 1950.59 1359.87 822.24 256.173 357.839 619.494 1073.56 1841.8 2411.01 2903.03 3446.37 4027.38 3685.34 3077.11 2641.92 2172.48 1760.55 1251.66 631.832 295.115 473.958 767.691 1391.77 2245.16 2889.17 3422.37 3770.39 3220.64 2354.56 1444.21 736.425 180.443 236.999 422.3 997.788 1458.4 1381.6 1490.14 1264.54 833.359 473.077 195.328 184.932
1281.51 2110.63 1818.08 1082.35 362.612 532.606 1136.51 477.279 525.032 1348.5 1844.78 1341.32 819.064 511.013 521.579 756.653 1260.89 1967.54 2962.67 3541.81 3706.36 3975.21 3941.15 3876.42 3991.87 4236.95 4398.3 4545.06 4327.07 3905.89 3304.94 2711.42 2146.26 1495.71 792.806 459.154 282.785 458.238 1059.57 1550.69 2095.04 2794.69 3821.61 4231.28 3991.21 3589.94 3096.39 2598.46 1976.97 1310 703.47 468.238 329.124 798.513 1540.49 2071.67 2730.55 2932.13 2461.18 1906.5 1099.29 330.899 112.969 226.211 573.664 1003.86 689.527 470.251 580.535 436.847 323.863 276.982 329.224 447.598
1652.83 1926.63 1217.36 517.139 314.904 871.628 1363.57 689.264 704.302 1492.71 2374.53 2155.47 1692.96 1362.91 1396.17 1665.84 2047.58 2605.77 3459.87 4226.6 4641.35 4931.46 4897.4 4832.67 4948.12 5193.2 5354.55 5485.56 5251.48 4764.98 4050.91 3504.73 2848.05 2222.07 1655.38 1220.56 741.213 341.779 307.902 746.538 1442.35 2347.63 3474.98 4359.67 4773.74 4530.24 3962.13 3330.78 2662.34 2090.28 1601.52 1142.19 439.598 290.234 704.262 1386.79 2207.25 2328.37 1564.86 1217.2 863.096 250.297 321.5 773.597 928.031 575.654 238.277 253.817 380.504 320.295 717.611 736.826 595.964 827.053
1974.55 1320.43 549.846 315.206 797.896 1509.97 1992.73 1623.14 1623.14 2074.51 2965.45 3181.39 2812.12 2493.7 2527.31 2795.51 3147.55 3552.8 4205.6 4913.36 5610.8 6055.26 6028.65 5963.92 6079.37 6324.45 6485.63 6599.58 6253.46 5650.74 5002.51 4333.7 3727.48 3254.21 2715.2 2199.31 1595.46 899.942 191.415 546.169 1305.64 2242.4 3373.14 4329.39 5253.58 5489.97 4811.25 4152.34 3604.6 3179.53 2571.9 1794.11 1116.8 665.961 247.043 864.718 1460.92 1658.78 906.126 327.221 412.179 211.833 571.044 861.629 487.706 214.475 263.691 918.72 1298.25 1293.68 1662.66 1681.07 1486.41 1013.3
1480.17 749.309 264.722 699.687 1425 2145.06 2761.5 2579.39 2579.39 2939.24 3545.31 3983.17 3767.65 3449.95 3483.56 3751.76 4103.8 4499.9 4999.75 5565.4 6263.11 6920.9 6984.9 6920.17 7035.62 7280.7 7437.86 7466.95 7014.59 6456.9 5686.04 5084.08 4604.98 4156.53 3510.87 2774.16 1930.99 988.518 238.971 868.779 1713.07 2617.37 3745.78 4702.03 5657.15 6119.67 5504.68 4960.45 4529.3 4030.15 3146.41 2463.22 1885.21 1167.19 305.665 462.582 644.202 980.337 820.469 218.33 148.001 118.263 320.972 347.383 200.34 180.492 648.506 1455.6 2086.63 2233.61 2512.51 2533.33 2202.68 1560.28
894.296 305.824 616.064 1329.02 2026.8 2778.8 3533.32 3533.66 3535.64 3895.49 4375.96 4764.82 4709.47 4406.2 4439.81 4708.01 5060.05 5456.15 5926.14 6358.62 6917.75 7605.09 7929.29 7876.42 7991.87 8236.95 8377.34 8306.7 7803.11 7152.56 6432.16 5954.07 5463.42 4855.93 3887.52 2954.62 1999.13 1042.88 259.871 892.612 1842.96 2791.46 3921.4 4877.65 5833.9 6585.41 6309.29 5881.64 5371.76 4625 3813.97 3211.23 2389.02 1471.39 691.506 399.767 228.753 613.925 720.519 181.032 108.278 157.44 88.9956 172.276 323.93 462.249 1029.48 1895.5 2619.47 2672.09 2495.55 2551.07 2595.55 2311.29
482.92 362.075 1159.66 1949.97 2687.23 3364.79 4224.04 4455.56 4491.89 4851.74 5320.41 5674.35 5652.75 5362.45 5396.06 5664.26 6016.3 6412.4 6880.97 7278.48 7704.44 8262.63 8818.86 8832.67 8948.12 9193.2 9320.16 9143.96 8504.9 7878.92 7299.37 6698.43 5889.05 4981.74 3859.86 2903.61 1947.36 991.107 223.317 737.913 1687.22 2643.47 3774.72 4730.97 5687.22 6624.49 7157.86 6734.83 5977.34 5275.71 4589.69 3740.27 2816.13 2110.21 1530.51 1035.85 401.104 272.812 325.238 330.206 344.702 102.221 141.35 424.704 864.742 1073.5 1511.16 2183.49 2543.03 2120.42 1623.14 1720.83 2278.22 2836.35
331.538 785.867 1726.28 2600.89 3404.38 4165.74 4954.54 5445.24 5622.25 5982.98 6451.56 6804.31 6782.99 6493.7 6527.31 6795.51 7147.55 7543.64 8012.22 8408.32 8804.41 9209.65 9782.85 9958.05 10079.4 10324.4 10392 9982.85 9360.52 8820.47 7998.97 7089.48 6133.23 5176.98 4045.73 3089.48 2133.23 1179.66 320.862 620.18 1567.81 2524.06 3655.31 4611.56 5567.81 6524.06 7530.93 7428.64 6766.13 6189.52 5176.09 4274.27 3607.25 3115.22 2362.64 1463.29 610.826 207.567 215.041 290.726 129.647 44.7656 32.3135 209.14 477.637 441.671 943.788 1501.79 1909.26 1425.85 622.633 872.805 1749.2 2447.59
973.206 1555.32 2272.05 3079.37 3951.99 4756.72 5638.57 6214.15 6567.98 6939.23 7407.81 7760.55 7739.24 7449.95 7483.56 7751.76 8103.8 8499.89 8968.47 9364.56 9760.66 10156.7 10628.9 10887 11035.6 11280.7 11232 10623.3 9892.9 9049.86 7933.6 6977.35 6021.1 5064.85 3933.6 2977.35 2021.1 1064.85 241.667 531.958 1450.21 2406.46 3531.34 4449.01 5357.1 6301.71 7380.63 7782.85 7464.74 6691.97 5626.62 4962.23 4460.71 3835.69 2789.75 1922.38 1246.12 599.303 105.502 105.552 91.7239 80.3125 60.8291 193.172 404.966 296.245 364.503 798.83 1303.47 987.52 257.768 636.644 1350.99 1627.71
1645.17 2329.29 3013.86 3634.09 4431.71 5305.58 6254.48 6962.03 7490.97 7895.48 8364.06 8716.8 8695.49 8406.2 8439.81 8708.01 9060.05 9456.14 9924.72 10320.8 10716.9 11113 11573.4 11831.9 11991.9 12235.1 11944.8 11096.2 10154.5 9198.21 8066.96 7110.71 6154.46 5198.21 4066.96 3110.71 2154.46 1240.51 374.182 500.713 1401.54 2339.81 3367.69 4158.73 5024.88 5963.95 6904.36 7379.36 7523.4 7068.04 6309.62 5786.37 5125.12 4255.28 3147.74 2377.17 1690.17 851.333 185.415 158.545 32.3438 53.8281 99.1896 318.921 923.304 977.463 425.371 301.979 558.273 399.144 116.449 319.521 694.827 728.811
2403.59 2986.23 3806.84 4366.2 4976.73 5783.3 6812.72 7604.81 8310 8841.75 9320.31 9673.05 9651.74 9362.45 9396.06 9664.26 10016.3 10412.4 10881 11277.1 11673.2 12069.2 12529.7 12788.2 12940.9 13058.5 12439.9 11499 10542.8 9586.54 8455.29 7499.04 6542.79 5586.54 4455.29 3499.04 2553.03 1646.4 601.782 383.341 1146.39 1964.93 2833.64 3679.23 4612.88 5445.42 6051.79 6451.21 6801.6 6975.71 6836.54 6033.5 5117.39 4165.81 3039.04 2137.35 1383.86 604.584 189.403 225.356 187.563 260.051 251.345 248.222 987.323 1552.67 1012.1 454.839 183.572 117.458 122.02 184.223 272.465 257.106
