public/models/data/input/map/sulut/1000/mapdagr.asc
NCOLS 248
NROWS 182
XLLCORNER 510063.019283
YLLCORNER 211117.685435
CELLSIZE 1000.000000
NODATA_VALUE       -9999
[rows 105 to 139 of 182, columns 78 to 155 of 248]
-9999 -9999 -9999 -9999 -9999 -9999 -9999 -9999 -9999 -9999 -9999 -9999 -9999 -9999 -9999 -9999 -9999 -9999 -9999 -9999 -9999 -9999 -9999 -9999 -9999 -9999 -9999 -9999 -9999 -9999 -9999 -9999 -9999 -9999 -9999 -9999 -9999 -9999 -9999 -9999 610.61 95.725 165.801 235.144 383.384 752.503 354.222 243.643 137.306 55.5067 140.121 123.625 222.473 109.991 177.63 168.875 177.34 124.686 296.132 279.487 579.309 689.784 59.9776 208.083 848.609 1744.5 2873.14 3829.39 4718.04 4809.73 4023.39 3152.7 2365.53 1763.3 1260.55 1014.08 605.348 187.434
-9999 -9999 -9999 -9999 -9999 -9999 -9999 -9999 -9999 -9999 -9999 -9999 -9999 -9999 -9999 -9999 -9999 -9999 -9999 -9999 -9999 -9999 -9999 -9999 -9999 -9999 -9999 -9999 -9999 -9999 -9999 -9999 -9999 -9999 -9999 -9999 -9999 -9999 -9999 1321.48 971.763 417.263 307.718 298.91 213.078 273.064 366.487 275.164 99.1341 23.4743 206.407 216.535 212.361 55.3923 208.893 166.854 313.223 527.736 602.954 449.396 510.964 473.407 15.7813 172.849 831.075 1743.7 2873.14 3825.34 4447.47 4151.38 3389.58 2664.51 1800.36 1007.28 398.604 237.523 118.477 21.6661
-9999 -9999 -9999 -9999 -9999 -9999 -9999 -9999 -9999 -9999 -9999 -9999 -9999 -9999 -9999 -9999 -9999 -9999 -9999 -9999 -9999 -9999 -9999 -9999 -9999 -9999 -9999 -9999 -9999 -9999 -9999 -9999 -9999 -9999 -9999 -9999 -9999 -9999 575.269 697.244 1173.56 1094.45 984.483 1081.41 835.392 315.445 181.226 341.068 116.453 187.633 211.22 172.389 113.969 85.1478 167.84 210.769 506.995 1216.18 1337.21 944.474 779.159 395.724 10.6472 284.867 1095.34 2037.61 3167.88 4077.14 4252.98 3531.61 2692.09 2037.57 1347.65 508.962 27.9124 5 47.3208 107.498
-9999 -9999 -9999 -9999 -9999 -9999 -9999 -9999 -9999 -9999 -9999 -9999 -9999 -9999 -9999 -9999 -9999 -9999 -9999 -9999 -9999 -9999 -9999 -9999 -9999 -9999 -9999 -9999 -9999 1728.55 750.785 279.696 12.8783 163.387 433.416 847.898 1161.55 849.124 181.353 274.097 954.449 1680.71 2015.58 2142.55 1707.64 1111.14 628.323 809.823 470.457 252.353 18.5547 91.9807 98.6515 130.935 172.717 603.083 1027.74 1825.38 2320.58 1937.11 1472.06 687.812 202.611 796.913 1558.38 2453 3577.82 4272.28 3921.21 2982.99 1932.21 1215.46 599.305 151.594 16.0156 57.4219 163.406 659.303
-9999 -9999 -9999 -9999 -9999 -9999 -9999 -9999 -9999 -9999 -9999 -9999 -9999 -9999 -9999 -9999 -9999 -9999 -9999 -9999 -9999 -9999 -9999 -9999 -9999 -9999 -9999 509.803 764.846 1595.42 915.651 204.858 19.6875 139.942 179.223 379.88 600.582 482.36 215.532 305.338 709.655 1302.69 2247.96 2736.3 2454.44 1936.7 1503.01 1355.02 642.734 203.347 38.0859 76.9474 143.668 79.8574 65.628 571.255 1357.21 2167.02 2987.52 2721.58 1914.82 1088.22 795.755 1412.97 2146.63 2910.72 3947.26 4300.98 3571.62 2615.37 1491.05 641.376 127.128 4.84145 23.0469 31.6406 49.6702 520.201
-9999 -9999 -9999 -9999 -9999 -9999 -9999 -9999 -9999 -9999 -9999 -9999 -9999 -9999 -9999 -9999 -9999 -9999 -9999 -9999 -9999 -9999 -9999 -9999 -9999 -9999 0 128.304 562.791 1208.21 834.797 197.553 18.04 147.107 417.157 199.334 127.137 58.1049 68.4978 124.411 228.485 845.576 1906.72 2782.15 3123.96 2846.6 2341.53 1685.4 791.469 454.157 98.0472 150.184 99.1222 133.537 47.5657 320.158 1166.3 2118.29 3156.97 3202.88 2453.15 1902.23 1709.67 2132.68 2765.32 3501.6 4330.81 4306.53 3404.64 2448.39 1317.14 429.461 21.6762 44.5313 74.8438 18.5156 8.67188 240.152
-9999 -9999 -9999 -9999 -9999 -9999 -9999 -9999 -9999 -9999 -9999 -9999 -9999 -9999 -9999 -9999 -9999 -9999 -9999 -9999 -9999 -9999 -9999 -9999 603.553 258.666 0 35.9392 296.742 550.224 489.205 213.489 40.5308 46.6624 303.585 528.076 331.36 44.1954 0.390625 1.17188 37.6471 486.753 1545.03 2498.91 3366.37 3690.42 2970.92 2076.71 1384.14 953.232 444.111 479.366 199.097 230.991 291.689 409.57 1183.54 2137.04 3237.12 3638.55 3254.58 2845.53 2664.22 3036.12 3474.55 4113 4815.06 4347.16 3396.88 2440.63 1309.38 421.875 28.125 228.454 521.719 263.475 34.7656 90.0888
-9999 -9999 -9999 -9999 -9999 -9999 -9999 -9999 -9999 -9999 -9999 -9999 -9999 -9999 -9999 -9999 -9999 -9999 -9999 -9999 0 24.3902 232.021 371.522 367.512 97.6054 1.5625 16.7969 88.6489 199.349 301.8 18.75 0 0 158.998 594.022 720.568 541.27 89.3175 39.9192 124.581 517.361 1546.39 2501.72 3457.97 4190.49 3524.37 2869.82 2377.25 1854.09 1481.32 1398.66 1062.01 1020.88 1243.42 1304.69 1766.45 2565.91 3681.27 4405.65 4364.9 3976.69 3795.47 4165.68 4561.77 4967.01 5365.76 4639.19 3682.94 2726.69 1623.72 886.941 580.758 941.926 1173.09 432.171 32.4219 71.1493
-9999 -9999 -9999 -9999 -9999 -9999 -9999 -9999 -9999 -9999 -9999 -9999 -9999 -9999 -9999 -9999 -9999 -9999 0 45.7516 30.3956 41.2341 49.3879 189.025 247.175 53.0853 0 20.5469 33.6719 32.5 48.4145 1.40625 2.8125 5.15625 83.6036 253.935 348.263 681.937 201.269 232.186 738.294 1176.87 1966.2 2873.57 3828.18 4603.4 4222.16 3727.89 3217.69 2787.04 2428.2 2316.74 2008.19 1977.13 2190.52 2258.19 2607.1 3118.79 4082.64 4965.5 5253.27 4932.94 4751.72 5121.93 5516.57 5834.72 5785.05 5010.38 4078.21 3135.6 2236.05 1757.55 1505.51 1577.56 1067.7 338.851 37.7344 212.818
-9999 -9999 -9999 -9999 -9999 -9999 -9999 -9999 -9999 -9999 -9999 -9999 -9999 -9999 -9999 -9999 -9999 -9999 2.12104 28.487 28.96 31.2875 168.707 184.28 198.698 36.0099 107.155 266.01 208.896 32.3635 93.5616 54.1268 34.9219 94.8541 46.9225 229.28 289.151 629.223 430.564 468.516 1287.91 2012.2 2628.3 3324.65 4219.24 5071.08 5067.34 4570.03 4139.66 3742.74 3384.45 3272.99 2964.44 2933.38 3146.77 3214.44 3560.05 3958.89 4594.88 5427.33 6035.56 5885.08 5706.54 6030.44 6208.11 6041.92 5462.43 4922.33 4279.16 3595.43 3033.38 2691.88 2308.17 1750.47 719.104 137.552 69.83 519.09
-9999 -9999 -9999 -9999 -9999 -9999 -9999 -9999 -9999 -9999 -9999 -9999 -9999 -9999 0 0 32.9268 56.8089 62.9808 3.39543 1.95313 1.5625 89.6423 135.534 31.0478 10.8259 176.948 558.932 703.455 371.409 462.876 302.965 243.156 176.46 98.0047 220.317 244.609 320.716 501.76 827.39 1560.81 2415.74 3157.52 3615.93 4229.47 4849.07 5247.6 5305.42 5084.77 4698.99 4340.7 4229.24 3920.69 3889.63 4103.02 4170.69 4516.3 4912.4 5394.34 5947.19 6668.04 6744.41 6453.03 6217.31 5823.74 5420.28 4716.34 4144.04 3710.76 3288.12 2926.06 2969.66 2612.43 1728.14 626.758 77.2311 178.057 833.095
4080.79 3219.02 1790.01 903.553 782.125 0 0 0 -9999 -9999 352.073 573.713 1066.04 2068 1619.09 1474.26 219.846 107.272 20.1999 17.7083 2.96875 60.5576 204.942 213.236 122.481 20.0444 63.8139 319.044 1064.82 1309.52 1327.44 1035.65 453.358 145.034 76.7036 132.681 204.36 269.504 64.4749 373.342 1104.41 1785.53 2322.19 2836.16 3378.23 3809.05 4331.6 4857.62 5322.95 5577.79 5430.46 5348.43 5051.31 5020.88 5234.27 5301.94 5647.55 6043.65 6510.21 6837.31 6790.77 6334.25 5826.45 5392.01 4834.61 4331.73 3822 3224.15 2641.06 2201.89 1862.45 2078.07 2333.9 1914.65 1012.52 648.586 731.861 1371.09
3435.74 2849.09 1734 834.009 390.406 15.2178 1.70213 100.273 479.257 113.002 97.9312 445.824 869.921 1368.27 1423.15 1305.53 661.861 181.636 114.267 115.865 65.2344 112.622 197.867 343.818 417.187 323.94 539.659 806.518 1428.92 2021.2 1702.23 995.121 345.435 101.125 104.489 153.934 267.378 380.923 0.9375 103.06 527.175 911.899 1496.5 2049.18 2457.04 2896.2 3505.28 4020.4 4654.19 5287.74 5678.69 5880.06 5899.86 5970.71 6190.52 6258.19 6603.8 6999.89 7391.45 7222.09 6462.04 5610.16 4895.07 4473.99 4034.55 3482.27 2897.75 2466.5 1886.65 1290.81 910.513 1145.09 1643.52 1789.92 1386.07 1360.71 1507.94 1923.76
3762.4 2884.03 1796.99 962.53 313.856 46.6258 1.70213 94.0529 257.361 64.4194 19.1218 242.881 489.165 613.249 671.639 698.216 381.693 70.1531 57.4175 69.7708 72.5 134.987 725.184 1131.4 1210.99 1151.29 1390.32 1706.58 2106.61 2321.14 1440.35 574.773 153.95 46.5625 170.029 222.556 237.063 445.562 9.375 9.01999 86.0075 209.832 804.633 1202.52 1548.81 2061.03 2659.02 3301.85 3933.45 4393.34 4886.26 5459.94 6032.62 6545.94 7083.56 7214.44 7531.67 7756.93 7707.35 7006.66 6054.39 5111.45 4127.8 3546.23 3121.64 2700.92 2058.13 1590.67 1300.6 672.96 184.411 398.229 918.61 1079.23 751.605 1163.44 1525.54 1815.27
3762.18 2810.36 1703.59 997.511 470.793 62.9254 53.125 15.3236 31.2611 97.2533 81.9966 306.328 225.679 75.1357 85.6586 175.182 158.788 115.153 0 47.4548 57.0642 131.003 1011.87 1830.09 2151.41 2107.27 2333.72 2657.83 2955.88 2629.74 1565.84 750.487 223.6 177.185 455.575 296.285 248.46 450.724 150.666 42.1875 4.6875 7.67846 199.284 380.038 735.119 1199.56 1958.51 2618.85 3041 3440.09 4098.91 4798.63 5475.57 6341.25 7370.92 7816.92 7725.96 7442.35 7156.15 6609.51 5657.81 4701.83 3593.36 2775.46 2190.39 1794.67 1455.7 775.365 771.066 464.562 4.51785 132.033 305.475 350.317 212.423 469.113 699.482 1025.5
3527.61 2571.36 1445.79 631.254 246.381 235.485 71.5689 32.9164 9.22985 79.5313 541.144 632.782 142.221 0 14.7851 75.0972 61.3391 37.9847 248.237 177.18 199.181 509.245 1465.91 2391.95 3089.7 3231.66 3464.97 3783.85 3829.97 3147.55 2178.47 1504.61 857.445 498.046 501.202 500.012 246.427 80.789 340.012 642.892 263.09 31.9553 67.7921 56.1519 93.2747 416.572 1235.15 1626.06 1934.09 2499.08 3334.98 4015.8 4913.25 5869.5 6914.81 7114.32 6741.53 6345.44 6135.73 6022.74 5189.07 4232.99 3102 2159.28 1306.04 716.347 754.559 405.095 208.01 118.413 5.46875 28.9063 13.6719 0.390625 17.1875 28.4375 199.044 742.631
3871.93 2915.68 1887.67 1320.91 1012.4 977.293 650.937 420.771 244.568 132.393 608.98 469.28 71.8187 0 19.0427 170.425 365.54 312.871 669.36 740.474 812.537 1208.32 1970.92 2820.26 3695.67 4138.41 4421.22 4684.57 4422.58 3676.72 2856.5 2134.98 1330.22 529.191 113.037 218.864 285.118 116.448 380.944 955.451 766.677 368.387 506.382 468.593 327.355 141.428 506.102 727.056 1162.79 1846.46 2663.46 3560.91 4517.16 5473.41 6343.86 6181.37 5785.28 5389.19 5205.39 5362.85 4809.29 3873.14 2741.89 1786.12 848.905 165.197 175.726 168.675 36.0156 18.3594 0 0 16.4063 13.2813 0 2.8125 127.873 714.741
4268.02 3372.18 2658.3 2261.53 1967.85 1912.37 1584.32 1248.39 973.956 754.136 934.037 441.56 59.0625 4.6875 10.7813 95.9461 525.991 999.349 1404.96 1662.11 1736.45 2064.7 2666.87 3330.54 4171.72 4921.68 5375.02 5500.48 5025.06 4332.57 3493.84 2664.89 1841.97 1146.35 532.401 367.53 263.808 318.095 319.189 1007.15 1374.33 1185.01 1368.93 1347.36 969.788 338.632 125.322 153.203 520.069 1171.94 2208.57 3164.82 4121.07 5077.32 5606.64 5225.12 4829.03 4432.94 4251.72 4579.56 4552.3 3859.9 2741.89 1786.12 848.905 186.291 17.9854 29.2687 12.1094 6.64063 0 0 12.8906 47.2656 11.7188 7.03125 46.8612 582.55
4724.52 4099.6 3601.74 3217.78 2924.1 2867.81 2523.09 2166.49 1896.55 1679.85 1506.75 764.816 271.412 68.0243 147.542 463.546 970.008 1641.67 2337.41 2609.93 2692.7 2998.18 3498.03 4019.21 4675.61 5506.97 6287.91 6286.34 5684.73 4994.18 4016.73 3187.52 2498.69 1917.88 1331.69 1042.01 647.899 741.834 884.001 1354.98 2016.44 2121.48 2317.37 2178.99 1612.04 1030.79 479.767 76.3708 157.748 808.018 1920.47 2876.72 3832.97 4789.22 4938.04 4292.21 3872.78 3476.69 3295.47 3665.25 4019.44 4036.57 3102 2159.28 1337.88 772.327 368.399 129.808 0 0 0 0 0 17.9688 45.3125 14.0625 32.0289 447.965
5610.47 5201.56 4732.99 4349.03 4055.35 3999.06 3650.88 3291.47 2946.28 2421.4 1397.02 582.88 373.517 204 71.2766 472.904 1286.89 2142.94 3149.2 3679.53 3821.11 4129.43 4598.01 5016.87 5512.84 6131.54 7043.52 7128.22 6446.01 5616.56 4642.35 3986.3 3417.83 2910.33 2424.14 2027.07 1638.83 1695.63 1993.7 2314.87 2812.52 3179.44 3410.61 3076.08 2530.72 1986.46 1208.71 761.793 500.195 856.05 1874.05 2829.39 3778.01 4579.36 4373.86 3490.93 2798.35 2347.66 2164.31 2547.05 3072.28 3796.81 3586.82 2812.49 2270.59 1828 1192.94 482.844 124.841 109.283 20.8812 0 0.9375 6.09375 84.6232 276.451 575.625 1030.25
6553.91 6157.81 5689.23 5305.28 5011.6 4955.31 4582.08 4084.61 3376.32 2474.64 1344.32 458.825 92.9084 182.097 62.5777 458.575 1338.31 2293.96 3425.05 4275.47 4731.3 5085.68 5554.26 5950.35 6372.33 6865.18 7577.85 7717.51 6969.4 6139.69 5338.65 4770.24 4271.63 3845.98 3363.48 2957.92 2592.33 2651.88 2949.95 3268.37 3667.76 4074.32 4304.5 3881.16 3319.91 2676.75 2089.38 1661.22 1440.89 1645.72 2341.72 3216.52 3960.65 4085.83 3723.8 3041.57 2143.55 1446.01 1220.6 1729.13 2475.57 3333.37 3853.64 3554.4 3173.11 2643.63 1799.75 1188.07 788.761 763.235 262.197 16.8681 11.4844 47.1094 550.342 999.779 1449.65 1874.12
7510.16 7114.06 6645.48 6261.53 5967.85 5875.71 5207.46 4360.72 3419.93 2463.92 1332.67 444.633 126.97 120.982 120.571 642.591 1576.24 2532.49 3663.74 4607.96 5422.4 6013.69 6510.51 6906.6 7302.69 7721.56 8273.83 8242.87 7498.83 6803.2 6122.51 5623.98 5198.34 4789.76 4310.17 3913.61 3548.58 3608.13 3906.2 4224.62 4620.71 5016.94 5193.46 4672.25 4039.79 3524.54 3004.94 2610.71 2397.14 2596.48 3072.87 3477.92 3509.53 3182.28 2852.69 2491.28 1752.6 867.742 457.032 1123.23 1989.81 2782.56 3370.38 3656.75 3746.55 3268.99 2534.39 2069.46 1730.22 1538.05 721.746 146.047 26.4844 120.534 977.921 1729.39 2307.22 2780.83
8466.4 8070.31 7601.73 7217.78 6915.39 6561.04 5551.81 4596.48 3640.23 2683.98 1560.06 684.105 319.31 417.082 603.159 1009.12 1849.22 2802.73 3933.98 4890.23 5840.49 6739.06 7462.97 7862.85 8258.94 8655.03 8730.22 8281.21 7789.54 7307.38 6751.36 6336.4 5943.14 5659.84 5265.95 4869.86 4504.83 4564.38 4862.45 5180.87 5576.96 5973.06 6020.27 5381.43 4876.89 4433.2 3955.29 3566.96 3353.39 3552.73 3742.06 3249.8 2681.8 2227.61 1905.22 1714.22 1323.09 578.635 153.217 804.902 1580.92 1989.23 2444.32 2982.12 3705.97 3893.18 3418.65 3016.47 2657.32 2164.37 1230.74 685.881 291.905 111.651 962.102 1901.12 2784.95 3566.87
9597.65 9201.56 8732.99 8342.79 7894.35 7129.53 6009.65 5053.4 4097.15 3146.53 2068.95 1242.44 893.759 1274.18 1669.67 1961.32 2473.56 3273.02 4390.9 5347.15 6303.4 7259.65 8337.86 8956.97 9332.04 9329.78 8405.95 7521.28 6909.08 6485.17 6015.95 5619.86 5239.3 5226.35 5596.08 5672.92 5524.82 5619.8 5819.36 6118.37 6514.46 6908.98 6796.67 6386.39 5957.03 5555.12 5086.54 4697.94 4462.71 4404.74 3601.74 2658.3 1832.75 1174.99 791.623 649.202 591.485 442.208 445.341 641.933 778.934 899.776 1496.59 2341.17 3291.93 4201.96 4479.98 4127.59 3574.07 2827.01 2089.88 1414.17 579.509 179.321 784.229 1725.83 2682.08 3638.33
10553.9 10157.8 9684.73 9203.7 8466.79 7536.99 6405.75 5449.5 4501.85 3583.88 2594.78 2015.08 1813.85 2102.03 2597.59 2914.82 3314.21 3825.9 4789.74 5743.25 6699.5 7655.74 8783.76 9528.2 9580.03 9054.73 8008.94 7054.34 6178 5556.74 5059.7 4663.61 4283.05 4270.1 4699.85 5094.38 5460.69 5682.87 5483.86 5724.62 6120.71 6516.81 6878.71 6937.04 6814.77 6506.49 6039 5593.8 5081.01 4355.92 3247.07 2290.82 1349.39 542.793 167.669 143.735 217.046 498.685 142.883 94.3681 112.801 233.354 1079.44 2030.2 2986.45 3942.7 4909.8 4884.26 4195.3 3559.64 2754.21 1898 1179.83 766.937 1075.86 1927.76 2884.01 3840.26
11510.2 11114.1 10566.9 9816.37 8889.14 7933.09 6801.84 5854.19 4936.95 4074.81 3365.41 2956.5 2770.1 3041.93 3507.44 3871.07 4267.16 4666 5301.98 6142.63 7095.59 8051.84 9162.73 9602.16 9028.3 8374.54 7572.29 6656.6 5702 4816.59 4108.94 3707.36 3326.8 3313.85 3743.6 4152.6 4607.2 4807.52 4527.61 4768.37 5164.46 5560.56 6038.87 6503.42 6956.75 7128.65 6703.84 5980.52 5151.84 4211.34 3080.09 2123.84 1167.59 280.668 39.2188 88.2364 223.487 258.615 67.6172 21.4453 0 205.867 1166.37 2122.62 3078.87 4035.12 5124.98 5436.9 4910.24 4231.5 3181.71 2317.38 1498.81 736.595 941.471 1834.57 2790.82 3747.07
12466.4 12040.4 11178.9 10241.5 9285.43 8329.18 7203.56 6288.57 5427.15 4806.66 4308.84 3912.75 3726.35 3998.18 4457.88 4827.32 5223.41 5619.5 6101.44 6654.33 7494.42 8447.93 9480.67 9448.37 8550.06 7655.16 6904.33 6219.95 5304.26 4348.93 3319.27 2756.6 2370.55 2357.6 2795.8 3253.77 3701.5 3857.91 3571.36 3812.12 4208.21 4606.99 5150.18 5730.76 6246.26 6650.38 6548.57 5665.27 4874.82 4039.12 2917.37 1962.73 1056.42 262.931 48.2031 131.406 98.652 80.1198 59.0564 110.138 32.8125 479.5 1525.63 2479.2 3435.45 4391.7 5509.37 6047.61 5571.18 4672.49 3547.25 2603.68 1657.21 872.734 1038.07 1901.88 2858.13 3814.38
13519.1 12778.7 11666.5 10710.3 9754.01 8803.39 7725.8 6899.29 6317.58 5908.67 5440.09 5044 4857.6 5129.43 5589.13 5958.57 6354.66 6750.75 7219.33 7618.17 8130.41 8929.87 9680.46 9034.57 8078.32 7122.07 6055.33 5422.37 4759.81 3875.63 2749.1 1864.42 1267.76 1241.64 1759.99 2183.39 2608.34 2739.12 2440.11 2681.29 3086.7 3550.35 4234.18 4733.24 5138.17 5566.46 5932.69 5163.25 4230.34 3463.3 2529.59 1625.14 691.072 80.7334 23.4375 61.7188 21.875 21.875 67.1875 48.6885 196.636 880.019 1977.9 2932.94 3889.19 4845.44 5974.55 6592.19 6097.15 5140.9 4010.3 3081.87 2341.72 1874.05 1981.73 2502.43 3316.45 4259.75
14120.9 13193.7 12062.6 11106.4 10158.7 9240.74 8251.63 7671.93 7261.01 6864.92 6396.34 6000.25 5813.85 6085.68 6545.38 6914.82 7310.91 7707 8175.58 8571.67 8971.06 9468.29 9546.75 8638.48 7682.23 6725.98 5597.89 4725.75 4073.44 3413.16 2371.81 1417.6 595.275 603.049 966.917 1274.35 1805.63 1830.58 1484.28 1736.5 2209.85 2793.48 3380.9 3786.11 4230.46 4851.83 5390.63 4764.76 3810.91 2878 2029.23 1358.39 577.617 66.0357 11.7188 0 0 0 0.46875 74.6827 540.387 1339.25 2392.47 3330.92 4285.28 5241.53 6370.64 6988.28 6493.25 5537 4434.21 3703.12 3227.13 2829.39 2932.94 3337.13 3867.36 4668.79
14546 13589.9 12458.7 11511 10593.8 9731.66 9022.26 8613.35 8217.26 7821.17 7352.59 6956.5 6770.1 7041.93 7501.63 7871.07 8267.16 8663.25 9131.83 9521.35 9891.93 9971.06 9198.64 8242.39 7286.14 6329.89 5198.64 4246.78 3373.41 2723.37 1986.05 1182.1 455.958 559.33 350.87 600.318 1236.7 1021.24 566.598 862.747 1487.22 2047.43 2433.49 2878.12 3505.42 4137.55 4592.57 4319.85 3414.82 2458.57 1381.63 698.884 225.718 18.2841 9.375 0 0 0 30.801 327.823 1011.97 1855.02 2848.4 3746.28 4683.26 5637.62 6766.73 7384.37 6889.34 5938.58 5046.4 4579.47 4181.73 3785.64 3889.19 4285.28 4689.47 5207.12
14942.3 13986 12860.4 11945.4 11084 10463.5 9965.7 9569.6 9173.51 8777.42 8308.84 7912.75 7726.35 7998.18 8457.88 8827.32 9223.41 9619.5 9930.79 9911.07 10000.7 9833.84 8802.55 7846.3 6890.05 5933.8 4802.55 3846.3 2893.21 1998.3 1279.54 856.887 453.756 290.525 309.351 364.521 914.141 531.879 88.6651 264.903 931.668 1226.94 1509.55 2151.6 2789.33 3230.96 3731.17 3926.39 3308.52 2373.14 1254.63 509.216 192.955 28.2027 6.25 0 0 15.625 315.695 892.135 1579.51 2353.31 3366.02 4200.74 5097.16 6034.92 7162.82 7780.47 7290.92 6501.25 5931.08 5534.07 5137.98 4741.89 4845.44 5241.53 5637.62 6038.75
15383.5 14457.6 13382.7 12556.1 11974.4 11565.5 11096.9 10700.9 10304.8 9908.67 9440.09 9044 8857.6 9128.58 9553.88 9813.9 9937.78 9789.83 9351.74 8991.89 8991.89 9068.99 8378.87 7450.21 6493.96 5537.71 4406.46 3450.21 2493.96 1537.71 495.848 180.04 205.975 454.042 526.317 328.826 394.405 238.794 42.8382 268.563 541.832 356.062 797.045 1414.27 1736.47 2168.41 2904.61 3118.76 3137.65 2530.11 1426.83 594.994 189.351 37.1425 0.546875 31.699 180.583 498.454 1164.28 1733.48 2368.73 3042.94 3953.14 4807.19 5643.76 6527.87 7632.79 8275.48 7997.9 7530.91 7061 6662.96 6266.46 5870.36 5942.35 6225.96 6413.12 6669.04
15313.4 14665.5 13805.3 13225.6 12814.7 12418.6 11950 11553.9 11157.8 10761.7 10314.9 9974.43 9754.28 9848.43 9860.11 9626.75 9260.15 8864.06 8395.49 8035.64 8035.64 8142.88 8048.23 7457.96 6531.01 5574.76 4443.51 3487.26 2531.01 1574.76 503.736 219.42 670.739 925.381 438.548 262.684 78.5823 135.892 306.209 691.198 776.714 457.252 658.21 640.731 881.753 1527.75 2122.74 2165.26 2437.26 2350.46 1482.76 641.85 199.414 121.516 12.6438 245.459 829.073 1354.7 1933.95 2508.81 3089.18 3721.07 4531.68 5312.72 6156.34 6996.1 8048.6 8813.94 8864.13 8467.08 7870.15 7317.38 6873.62 6476.7 6256.93 6031.67 5764.93 5861.45
14529.7 14094.8 13572.6 13163.7 12767.6 12371.5 11903 11506.9 11110.8 10714.7 10347 10279.6 9940.82 9548.25 9096.09 8700 8303.9 7907.81 7439.23 7079.39 7079.39 7186.63 7304.65 7369.39 6777.11 5849.03 4717.78 3761.53 2805.28 1849.03 827.815 560.494 1078.2 1466.72 1158.57 809.045 257.472 107.117 501.362 715.607 832.793 385.655 419.394 409.984 574.339 870.264 1182.43 1210.65 1581.8 1684.28 1069.77 448.322 105.358 69.2176 73.0372 572.906 1310.16 2044.88 2765.59 3291.55 3861.15 4438.17 5193.87 5887.97 6665.06 7511.87 8505.25 9348.08 9559.37 8953.34 7963.33 7085.37 6413.85 5969.02 5499.9 5103.8 4808.68 4905.2
13712.3 13166.6 12675.4 12279.3 11883.2 11487.1 11018.5 10622.4 10226.3 9830.24 9493.66 9597.86 9341.38 8702.82 8142.52 7743.75 7347.66 6951.56 6482.98 6123.14 6123.14 6230.38 6372.97 6742.22 6829.34 6215.2 5101.74 4145.49 3189.24 2269.6 1567.37 1343.01 1318.46 1252.32 1520.57 1297.73 541.183 268.378 264.493 240.197 607.538 358.151 632.832 1060.56 842.936 356.691 313.185 399.865 1015.07 1195.79 416.499 115.419 4.84375 0 50.0752 399.151 1071.81 1982.51 3051.82 3874.77 4579.54 5218.55 5896.14 6546.21 7236.36 8010.16 9022.88 9726.41 9598.18 8718.23 7588.08 6633.52 5722.03 5045.08 4543.65 4147.55 3852.43 3948.95
