public/models/data/input/map/sulut/1000/mapdroad.asc
NCOLS 248
NROWS 182
XLLCORNER 510063.019283
YLLCORNER 211117.685435
CELLSIZE 1000.000000
NODATA_VALUE       -9999
[rows 66 to 98 of 182, columns 148 to 221 of 248]
-9999 -9999 -9999 -9999 -9999 -9999 -9999 -9999 12472.1 12482 12375.7 12113.4 11437.4 10545.5 9591.09 8705.68 7998.03 7596.44 7200.35 6804.26 6335.68 6063.85 6083.55 5943.57 6159.64 6219.18 6054.76 6154.68 6535.24 6849.68 6692.23 5944.35 4826.96 3872.36 2996.02 2371.55 1757.94 1258.04 972.014 664.135 189.334 113.235 203.286 307.927 168.102 75.3906 108.438 112.891 176.254 547.468 881.295 712.226 257.027 92.6964 13.395 134.063 317.84 330.049 244.704 325.712 767.583 726.786 809.499 1119.02 962.428 456.675 269.013 769.48 936.412 991.386 599.707 206.322 -9999 -9999
-9999 -9999 -9999 -9999 -9999 -9999 -9999 -9999 12057.4 12060.7 11786.3 11287.4 10704.8 10085 9193.15 8238.01 7208.36 6645.69 6244.1 5848.01 5379.43 5107.6 5127.3 4987.32 5203.39 5262.93 5098.51 5198.43 5580.24 5975.08 6166.43 5831.32 4912.4 3957.24 3099.3 2556.08 2031.27 1464.13 748.114 259.926 110.195 328.541 561.436 620.428 247.082 94.8208 175.78 207.309 243.286 240.053 460.177 474.508 174.599 62.5184 45.3125 136.941 251.425 179.545 318.57 782.176 1499.83 1655.79 1734.89 2004.94 1598.42 798.25 233.821 534.806 306.426 324.723 238.484 277.941 -9999 -9999
-9999 -9999 -9999 -9999 -9999 -9999 -9999 -9999 -9999 -9999 -9999 -9999 9670.47 9222.79 8652.14 7768.01 6647.24 5753.51 5141.32 4717.4 4248.18 3976.35 3996.05 3856.07 4072.14 4131.68 3967.26 4067.18 4448.99 4845.09 5066.42 4819.83 4284.42 3519.83 2585.41 1720.96 1150.72 921.159 358.167 131.881 141.715 262.203 394.14 305.908 242.515 322.982 298.609 297.136 256.413 210.082 110.892 145.941 102.072 134.705 353.56 599.253 228.242 200.528 259.296 563.113 1566.24 2336.71 2425.32 1892.64 1176.22 562.181 172.004 313.764 170.426 356.913 676.886 1019.28 -9999 -9999
-9999 -9999 -9999 -9999 -9999 -9999 -9999 -9999 -9999 -9999 -9999 -9999 9157.33 8546.45 8126.54 7397.34 6151.04 5303.38 4414.23 3788.4 3291.93 3020.1 3039.8 2899.82 3115.89 3175.43 3011.01 3110.93 3492.74 3889.88 4164.62 3898.43 3392.33 2918.63 2241.31 1355.94 495.992 430.017 463.735 446.922 199.641 448.757 475.189 458.089 156.516 415.63 277.172 565.263 597.56 497.948 253.412 195.942 79.5611 263.453 849.254 1290.99 652.481 353.544 745.888 1067.69 1845.64 2545.77 2271.71 1354.52 512.428 199.793 192.441 224.451 534.468 796.373 1029.62 1250.5 -9999 -9999
-9999 -9999 -9999 -9999 -9999 -9999 -9999 -9999 -9999 -9999 -9999 -9999 -9999 8053.73 7889.4 7240.46 5749.85 5128.9 3727.74 3019.67 2341.17 2063.85 2083.55 1943.57 2159.64 2219.18 2054.76 2154.68 2537.26 2949.44 3322.66 3158.18 2462.58 2071.31 1888.21 1510.49 796.411 449.044 316.343 368.44 281.99 705.65 679.222 366.163 122.231 256.473 199.313 377.033 657.99 529.418 243.777 187.998 206.746 332.724 1104.59 1516.03 664.812 379.043 1051.46 1640.93 2218.69 2517.02 1960.72 1011.81 175.656 109.633 188.698 211.835 345.181 349.409 389.936 819.44 -9999 -9999
-9999 -9999 -9999 -9999 -9999 -9999 -9999 -9999 -9999 -9999 -9999 -9999 -9999 -9999 -9999 -9999 -9999 -9999 3264.41 2585.26 1570.73 1129.18 1128.91 987.584 1245.04 1346.68 1101.25 1198.43 1595.37 2079.78 2452.61 2548.13 1740.57 1146.48 1140.7 1620.4 1633.35 1139.56 506.02 88.6621 197.63 404.022 269.346 163.778 99.8047 226.124 415.242 187.475 167.877 234.032 248.337 167.457 301.332 373.003 1109.6 1346.82 430.959 218.958 686.746 1221.73 1704.84 1958.05 1659.38 790.835 212.421 402.251 312.787 128.872 161.855 120.219 55.2902 41.2428 -9999 -9999
-9999 -9999 -9999 -9999 -9999 -9999 -9999 -9999 -9999 -9999 -9999 -9999 -9999 -9999 -9999 -9999 -9999 -9999 -9999 -9999 210.843 237.635 276.319 263.534 789.089 881.189 369.67 294.365 621.014 1132.89 1355.47 1630.92 1194.29 429.989 435.733 1044.31 1779.87 1767.69 1073.02 489.284 102.758 335.863 671.797 379.796 543.997 266.318 183.901 198.187 257.751 136.007 157.825 333.408 138.803 416.081 1178.05 1180.21 352.408 289.467 280.015 354.034 672.97 932.5 1125.73 645.067 144.034 204.31 146.146 152.424 152.482 179.549 166.636 160.629 -9999 -9999
-9999 -9999 -9999 -9999 -9999 -9999 -9999 -9999 -9999 -9999 -9999 -9999 -9999 -9999 -9999 -9999 -9999 -9999 -9999 -9999 134.047 172.732 450.843 864.821 1288.16 1302.71 946.414 622.699 249.587 365.799 493.044 731.415 723.625 316.382 207.401 464.549 1216.01 1711.05 1485.18 884.064 222.636 705.545 1185.46 1002.92 977.718 386.643 328.06 246.278 146.743 132.309 155.463 217.376 315.692 777.132 1069.06 665.528 219.984 542.631 621.061 507.934 350.929 342.396 442.702 276.89 257.313 428.413 304.457 171.119 151.047 238.483 417.158 557.53 -9999 -9999
-9999 -9999 -9999 -9999 -9999 -9999 -9999 -9999 -9999 -9999 -9999 -9999 -9999 -9999 -9999 -9999 -9999 -9999 -9999 -9999 197.976 200.209 589.998 968.06 1175.63 1368.38 1283.42 927.649 344.287 211 359.154 380.126 319.204 274.824 152.179 164.463 826.643 1394.16 1061.08 638.11 282.47 906.715 1158.04 1161.11 1273.81 626.317 226.001 111.203 110.729 200.211 435.189 612.747 1008.83 996.235 562.649 253.745 285.359 255.74 436.213 804.154 792.596 695.804 462.92 256.978 158.207 206.802 243.629 201.376 186.567 174.149 213.346 -9999 -9999 -9999
-9999 -9999 -9999 -9999 -9999 -9999 -9999 -9999 -9999 -9999 -9999 -9999 -9999 -9999 -9999 -9999 -9999 -9999 -9999 367.851 153.315 324.825 276.556 303.115 357.596 590.826 592.113 368.528 134.368 194.093 238.76 470.181 625.092 558.575 250.968 173.765 468.139 1025.64 756.167 278.735 180.599 572.098 510.567 495.745 973.811 548.96 209.022 142.683 132.874 433.222 1102.85 1466 1622.33 944.278 281.187 160.425 540.729 399.928 242.285 313.444 512.267 632.084 431.28 267.991 120.519 100.117 90.3906 142.589 97.645 74.8279 63.1024 -9999 -9999 -9999
-9999 -9999 -9999 -9999 -9999 -9999 -9999 -9999 -9999 -9999 1850.48 1843.28 1432.58 979.151 722.85 -9999 -9999 -9999 11.2903 151.008 235.876 797.596 971.722 931.314 660.007 380.011 204.852 223.755 267.003 690.842 656.383 346.85 204.576 197.257 252.527 386.462 238.264 635.391 808.524 468.671 228.992 284.239 258.274 219.422 283.511 123.64 167.218 477.133 237.385 855.77 1636.63 2186.21 1550.05 628.256 296.587 340.299 266.081 621.484 733.769 484.876 211.481 122.461 94.0774 259.528 161.616 200.154 238.892 133.714 158.905 268.829 -9999 -9999 -9999 -9999
-9999 -9999 -9999 -9999 -9999 -9999 -9999 -9999 -9999 -9999 1139.75 1091.83 751.93 436.998 223.091 48.3871 -9999 0 95.3255 468.073 302.834 625.354 1280.24 1732.73 1601.57 1249.36 833.93 295.829 422.17 1122.65 1426.91 1138.98 526.56 476.428 584.644 289.697 191.15 259.164 322.096 262.135 90.7136 155.493 246.735 174.104 127.803 218.47 222.575 283.715 188.759 690.974 1224 1743.27 1359.21 505.502 488.425 978.654 558.005 331.709 780.324 1013.46 823.999 455.693 145.051 95.7694 150.853 146.646 110.502 135.824 120.876 158.625 -9999 -9999 -9999 -9999
55.5556 -9999 -9999 -9999 -9999 -9999 -9999 -9999 90.9091 0 241.652 331.901 341.127 384.103 222.596 28.4252 0 23.4454 255.02 878.789 556.536 348.601 1003.33 1862.23 2351.32 2135.88 1513.15 663.285 310.252 1167.86 1924.76 1849.57 1283.19 1286.57 1322.27 794.358 416.805 281.966 386.189 529.547 126.791 132.495 393.515 235.723 179.354 140.353 184.53 168.869 143.923 212.778 484.341 1098.88 1199.75 475.554 629.914 1352.34 1091.45 443.201 344.162 747.505 1028.98 864.083 338.021 129.653 123.9 162.448 221.672 130.858 58.1251 288.833 -9999 -9999 -9999 -9999
210.569 292.228 163.123 117.338 562.89 476.627 166.712 151.553 270.92 100.758 106.683 374.536 883.903 1045.77 603.696 115.208 0 49.5639 383.593 1139.21 1002.57 342.602 617.645 1403.47 2211.93 2420.78 1745.68 798.596 294.263 1115.53 1901.03 2267.28 2189.74 2196.82 2085.53 1615.37 1231.96 960.612 866.198 406.334 136.756 132.632 164.418 190.192 478.951 189.445 137.597 158.73 99.411 125.3 165.373 407.806 777.99 352.553 534.486 888.526 973.616 831.483 462.97 270.283 326.001 418.18 268.724 252.352 256.166 145.121 196.47 175.534 80.4843 -9999 -9999 -9999 -9999 -9999
343.327 261.709 217.932 122.956 164.215 177.671 201.737 324 267.71 386.465 323.29 816.058 1437.96 934.031 471.212 204.052 411.138 322.264 453.896 1291.32 1490.24 704.249 311.745 673.503 1411.42 1904.39 1649.9 754.222 191.759 613.893 1126.47 1464.67 2070.95 2801.91 3024.82 2720.63 2286.32 1825.02 1160.13 321.387 207.124 165.79 193.589 72.1729 182.966 170.902 238.734 131.706 421.059 481.835 310.424 64.165 250.297 136.74 135.658 138.169 237.608 466.064 829.941 798.684 265.979 309.852 253.109 110.227 262.66 475.012 583.19 439.425 62.5 -9999 -9999 -9999 -9999 -9999
302.178 139.036 138.516 188.966 260.128 318 576.579 639.352 746.15 720.072 319.058 854.508 1229.55 468.699 172.449 625.701 1035.82 451.026 488.873 1287.21 1794.46 1274.63 617.077 299.245 739.552 1549.12 1823.57 1204.13 463.078 256.711 428.709 688.902 1623.14 2577.26 3378.1 3393.12 2604.02 1735.41 899.947 245.909 199.915 207.472 188.58 177.573 69.375 84.2503 247.155 143.71 324.599 266.88 264.047 232.17 236.352 450.722 318.318 166.146 273.649 281.858 523.266 767.857 504.893 288.136 388.64 280.671 166.05 238.964 196.691 165.47 -9999 -9999 -9999 -9999 -9999 -9999
637.388 175.882 438.583 821.053 593.321 270.448 768.841 1426.91 1476.96 850.434 345.339 911.631 927.256 323.474 413.625 1086.02 1486.01 660.602 305.068 776.605 1487.3 1707.75 1270.28 656.452 744.78 1581.62 2197.85 1832.91 988.851 667.346 592.675 704.864 1623.14 2579.39 3494.16 3515.09 2476.35 1522.58 685.548 462.675 717.378 376.381 84.8018 49.9483 89.2374 83.7968 56.3 75.0948 293.623 321.857 389.512 613.283 846.846 1157.94 738.571 251.444 235.373 198.587 208.922 231.95 370.504 442.577 363.199 266.88 127.563 227.258 199.882 124.717 -9999 -9999 -9999 -9999 -9999 -9999
625.391 195.92 658.467 1206.27 588.06 311.515 1022.72 1947.87 1785.02 853.125 382.388 932.224 577.684 333.342 952.012 1607.13 1868.33 1089.68 463.986 255.615 897.491 1636.41 1853.9 1500.87 1505.25 2052.31 2557.83 2286.87 1806.56 1590.44 1494.34 1495.47 2074.51 2939.24 3831.84 3756.26 2696.41 1783.36 1142.29 909.285 629.266 269.872 98.8402 68.5938 91.8215 29.9635 17.9688 91.0156 181.97 174.9 242.146 717.658 1534.97 1732.34 1052.99 286.429 142.283 140.944 142.524 85.7843 353.568 773.309 921.495 683.359 333.176 198.973 280.458 63.912 -9999 -9999 -9999 -9999 -9999 -9999
444.231 480.513 1134.47 1082.37 272.346 540.531 1399.38 2228.07 1699.54 758.785 255.017 675.628 406.957 510.573 1414.45 2265.44 2469.46 1873.96 1257.64 537.12 364.106 1203.47 2087.85 2405.36 2472.54 2424.55 1957.4 1613.09 1838.94 2170.8 2347.76 2518.78 3025.53 3561.97 4079.99 3608.65 2491.89 1538.66 732.116 342.919 290.388 462.454 264.543 92.734 79.6052 69.7289 92.8066 97.4215 62.6563 119.641 213.792 512.998 1076.59 1516.7 1396.4 694.662 245.544 526.646 341.126 129.269 303.264 456.981 1201.03 1607 1042.17 387.934 179.447 231.811 -9999 -9999 -9999 -9999 -9999 -9999
435.916 613.207 1369.58 1051.56 269.08 771.044 1709.83 2360.63 1559.38 626.563 213.412 287.814 305.172 597.195 1335.74 1954.33 2514.39 2443.53 1830.22 954.537 275.693 886.495 1636.18 2166.42 2313.48 1997.77 1241.41 704.549 975.523 1428.89 1901.63 2627.37 3574.74 4223.75 4408.98 3707.11 2577.59 1650.54 918.374 693.063 945.171 797.807 326.312 90.5021 316.09 186.631 214.08 201.814 144.295 464.751 579.926 343.02 420.776 781.914 1290.32 1259.53 778.381 843.19 644.288 336.181 354.316 643.143 1215.51 1712.89 1235.52 510.852 107.166 0 -9999 -9999 -9999 -9999 -9999 -9999
416.597 500.506 1259.51 1146.32 323.803 738.214 1684.9 2358.03 1574.91 643.676 170.26 159.497 127.109 316.708 667.631 1192.9 1890.89 2437.97 2197.33 1312.74 379.372 385.156 845.599 1319.22 1397.41 1333.69 971.746 419.715 327.475 636.83 1308.31 2227.27 3356.84 4286.19 4724.24 4100.44 2995.52 2255.18 1787.44 1639.05 1385.41 637.642 180.11 216.592 319.493 269.861 513.974 489.861 245.145 745.162 1209.08 972.086 498.09 340.585 819.597 1452.45 1657.73 1683.01 1426.97 898.091 251.604 302.563 638.271 942.648 727.852 227.002 65.5999 -9999 -9999 -9999 -9999 -9999 -9999 -9999
209.152 236.942 800.157 1161.18 397.523 517.47 1439.81 2193.79 1592.8 701.524 308.359 492.812 213.67 418.977 292.307 457.781 1261.58 2121.93 2423.46 1715.65 645.212 185.646 242.546 468.402 444.129 470.081 546.637 495.953 343.292 289.698 911.218 1843.42 2974.03 3930.12 4720.14 4458.75 3583.27 3123.02 2739.3 2471.95 1625.36 730.697 208.055 463.437 727.305 946.405 1292.89 1137.23 402.875 431.239 1098.38 1550.41 1157.35 475.543 400.126 1062.78 1983.74 2435.43 2076.64 1251.03 327.397 305.308 328.294 250.608 232.995 31.5969 0 -9999 -9999 -9999 -9999 -9999 -9999 -9999
152.186 148.81 295.037 702.459 412.153 617.057 1460.59 1649.45 1024.4 378.869 288.543 412.874 285.7 666.569 433.055 185.167 803.188 1751.72 2504.59 2176.33 1210.38 482.157 261.707 331.883 551.633 500.64 440.625 369.033 216.311 333.569 884.267 1747.4 2873.14 3829.39 4768.22 5067.17 4644.92 4223.73 3749.64 3071.05 1991.77 1248.73 616.816 306.448 992.938 1576.94 1945.33 1791.09 924.611 325.742 514.446 1353.24 1768.54 1023.73 341.464 571.505 1521.43 1897.84 1861.86 1398.08 417.049 470.032 1001.08 797.423 -9999 -9999 -9999 -9999 -9999 -9999 -9999 -9999 -9999 -9999
340.129 327.15 201.345 254.96 255.306 642.49 1092.18 836.299 400.238 242.57 197.927 123.844 221.151 353.97 396.85 662.839 1088.22 1922.92 2772.2 2663.06 1749.94 941.467 274.497 440.493 1094.02 1289.11 1374.34 1227.99 776.504 1005.29 1575.08 2232.73 3269.23 4218.93 5119.43 5678.66 5399.75 4720.77 3884.9 2947.99 1826.51 1021.09 624.629 316.299 430.841 852.008 1316.7 1824.59 1432.07 648.528 376.4 1071.56 1936.8 1493.87 631.209 325.11 804.187 996.506 1065.72 1221.13 465.332 493.639 1268.49 1259.45 -9999 -9999 -9999 -9999 -9999 -9999 -9999 -9999 -9999 -9999
738.41 606.455 283.166 298.827 178.546 401.937 406.08 255.17 180.445 329.272 235.169 81.9922 311.124 766.077 1127.71 1530.98 1902.23 2453.15 3213.68 3182.23 2208.16 1280.07 450.504 271.544 674.369 1316.2 1913.49 1944.09 1689.22 1880.5 2357.63 2930.72 3655.41 4298.1 4872.8 5332.5 5351.51 4626.25 3766.93 2823.95 1693.25 794.629 337.571 401.783 211.396 340.493 681.839 1246 1478.91 891.689 354.309 876.864 1869.7 1790.86 1106.36 517.303 270.858 378.225 374.355 753.656 461.093 461.599 1059.76 1494.57 -9999 -9999 -9999 -9999 -9999 -9999 -9999 -9999 -9999 -9999
1394.53 1066.53 440.076 238.777 274.923 315.392 198.263 434.563 151.456 200.263 195.638 314.655 579.578 1276.12 1988.64 2440.03 2845.53 3240.34 3563.2 3393.46 2590.5 1702.91 1015.45 614.429 284.636 913.026 1601.83 1671.62 1854.26 2288.81 2920.53 3381.97 3451.77 3614.02 4001.06 4397.2 4668.94 4164.45 3604.32 2986.42 2018.1 1181.93 439.169 203.636 426.573 405.504 194.212 451.037 809.437 620.97 249.763 779.431 1560.16 1335.48 1084.57 691.306 214.822 587.385 473.768 273.879 393.6 309.43 525.216 -9999 -9999 -9999 -9999 -9999 -9999 -9999 -9999 -9999 -9999 -9999
1569.14 1459.78 1103.74 560.06 250.544 231.409 239.327 380.281 203.314 579.568 1007.14 1311.69 1546.39 1988.17 2722.83 3454.43 3672.55 3360.32 2897.04 2491.98 2389.24 2130.31 1601.54 1102.78 385.445 450.101 750.461 620.629 973.778 1685.42 2285.46 2536.85 2398.69 2489.3 2876.79 3356.95 3841.87 3328.91 2699.41 2208.35 1736.18 1225.05 518.542 187.367 448.397 660.539 260.609 146.243 215.484 225.032 171.185 493.895 694.582 390.575 294.513 218.977 659.544 1276.97 1215.67 482.929 161.901 353.553 -9999 -9999 -9999 -9999 -9999 -9999 -9999 -9999 -9999 -9999 -9999 -9999
665.332 861.589 1196.63 1023.69 759.666 473.693 154.182 132.152 442.929 1105.59 1597.82 1951.71 2323.17 2814.5 3339.65 3853.26 3397.7 2676.2 2037.45 1544.7 1527.55 1584.81 975.979 520.849 428.184 185.92 231.488 140.404 539.649 1063.8 1389.96 1592.06 1442.44 1542.48 2024.98 2757.3 3161.39 2596.61 1974.45 1347.06 827.633 515.394 228.03 410.361 279.391 812.798 598.787 558.089 840.26 450.514 189.59 220.056 289.98 254.647 458.447 642.31 1336.4 1917.53 1777.91 1054.59 -9999 -9999 -9999 -9999 -9999 -9999 -9999 -9999 -9999 -9999 -9999 -9999 -9999 -9999
267.652 308.168 553.826 490.945 602 660.821 275.169 226.578 931.968 1208.54 1201.77 1526.79 2298.46 3124.37 3739 3647.41 2827.28 2050.21 1323.86 683.015 712.398 1058.95 564.882 220.005 214.56 306.904 232.699 301.244 283.952 406.225 639.942 680.78 528.955 702.33 1412.44 2314.51 2514.02 1836.87 1244.27 628.114 277.911 257.94 314.996 677.325 247.031 731.92 1113.58 1277.41 1504.06 777.356 248.826 257.344 571.826 337.206 672.604 1315.36 2040.18 2527.16 2341.46 1413.06 -9999 -9999 -9999 -9999 -9999 -9999 -9999 -9999 -9999 -9999 -9999 -9999 -9999 -9999
368.55 217.322 144.093 316.132 268.376 241.253 132.438 378.933 1006.97 765.732 369.569 821.796 1866.2 2676.21 3207.29 3170.09 2234.08 1474.94 702.112 195.655 248.966 623.067 520.319 285.082 695.935 881.385 416.419 229.953 85.3977 72.4682 149.552 236.527 232.784 333.166 1091.2 1786.96 1813.3 1193.23 514.548 192.03 594.454 430.37 507.991 1020.62 388.768 497.406 1343.8 2072.76 2077.22 1310.65 784.085 324.544 457.424 432.029 524.238 1384.85 2307.18 2671.21 2808.38 -9999 -9999 -9999 -9999 -9999 -9999 -9999 -9999 -9999 -9999 -9999 -9999 -9999 -9999 -9999
200.583 241.895 152.087 118.228 212.157 190.333 85.0623 121.671 577.339 532.427 267.041 807.144 1340.52 1714.02 2233.96 2566.74 1723.77 843.775 260.322 295.993 472.812 163.491 260.202 177.158 936.009 1439.44 1115.76 756.985 254.532 521.25 577.674 434.798 242.156 178.049 507.619 817.525 798.844 536.284 338.015 646.289 804.681 364.923 626.728 984.479 309.161 632.772 1553.68 2509.12 2748.06 2222.3 1560.18 705.369 307.047 442.004 341.318 907.743 1627.6 -9999 -9999 -9999 -9999 -9999 -9999 -9999 -9999 -9999 -9999 -9999 -9999 -9999 -9999 -9999 -9999 -9999
662.12 519.955 167.687 228.586 216.077 519.604 341.623 263.349 286.136 298.664 190.774 518.933 519.374 896.379 1532.14 2020.18 1498.28 745.305 179.046 172.377 414.41 196.75 150.093 103.755 679.22 1439.41 1487.78 765.244 185.632 552.893 1168.49 1326.67 843.612 262.524 185.333 272.252 204.348 326.851 646.708 795.818 333.201 208.026 415.972 588.031 349.525 551.946 1460.55 2397.03 3202.7 2790.37 1866.16 919.443 237.306 466.279 219.525 410.512 -9999 -9999 -9999 -9999 -9999 -9999 -9999 -9999 -9999 -9999 -9999 -9999 -9999 -9999 -9999 -9999 -9999 -9999
1162.49 654.273 281.882 582.583 245.489 619.051 812.877 459.863 175.98 242.825 273.409 353.853 260.54 367.924 950.77 1274.9 900.161 618.506 233.061 150.947 138.625 157.945 224.754 300.123 373.291 989.153 1137.26 449.265 252.632 458.75 1332.54 1944.06 1289.08 464.2 390.177 600.132 220.663 600.61 989.344 504.588 290.286 258.403 424.575 344.829 237.417 450.715 1233.59 2122.38 3105.61 2884.19 1934.9 984.275 203.444 237.689 116.054 73.9437 -9999 -9999 -9999 -9999 -9999 -9999 -9999 -9999 -9999 -9999 -9999 -9999 -9999 -9999 -9999 -9999 -9999 -9999
