public/models/data/input/map/sulut/1000/mapdroad.asc
NCOLS 248
NROWS 182
XLLCORNER 510063.019283
YLLCORNER 211117.685435
CELLSIZE 1000.000000
NODATA_VALUE       -9999
[rows 99 to 131 of 182, columns 0 to 73 of 248]
-9999 -9999 -9999 -9999 -9999 -9999 -9999 -9999 -9999 -9999 -9999 -9999 -9999 -9999 -9999 -9999 -9999 -9999 -9999 -9999 -9999 -9999 -9999 -9999 -9999 -9999 -9999 -9999 -9999 -9999 -9999 -9999 -9999 -9999 -9999 -9999 -9999 -9999 -9999 -9999 -9999 -9999 -9999 -9999 -9999 -9999 -9999 -9999 -9999 -9999 -9999 -9999 -9999 -9999 -9999 -9999 -9999 -9999 -9999 -9999 -9999 -9999 -9999 -9999 -9999 -9999 -9999 -9999 -9999 -9999 -9999 -9999 -9999 -9999
-9999 -9999 -9999 -9999 -9999 -9999 -9999 -9999 -9999 -9999 -9999 -9999 -9999 -9999 -9999 -9999 -9999 -9999 -9999 -9999 -9999 -9999 -9999 -9999 -9999 -9999 -9999 -9999 -9999 -9999 -9999 -9999 -9999 -9999 -9999 -9999 -9999 -9999 -9999 -9999 -9999 -9999 -9999 -9999 -9999 -9999 -9999 -9999 -9999 -9999 -9999 -9999 -9999 -9999 -9999 -9999 -9999 -9999 -9999 -9999 -9999 -9999 -9999 -9999 -9999 -9999 -9999 -9999 -9999 -9999 -9999 -9999 -9999 -9999
-9999 -9999 -9999 -9999 -9999 -9999 -9999 -9999 -9999 -9999 -9999 -9999 -9999 -9999 -9999 -9999 -9999 -9999 -9999 -9999 -9999 -9999 -9999 -9999 -9999 -9999 -9999 -9999 -9999 -9999 -9999 -9999 -9999 -9999 -9999 -9999 -9999 -9999 -9999 -9999 -9999 -9999 -9999 -9999 -9999 -9999 -9999 -9999 -9999 -9999 -9999 -9999 -9999 -9999 -9999 -9999 -9999 -9999 -9999 -9999 -9999 -9999 -9999 -9999 -9999 -9999 -9999 -9999 -9999 -9999 -9999 -9999 -9999 -9999
-9999 -9999 -9999 -9999 -9999 -9999 -9999 -9999 -9999 -9999 -9999 -9999 -9999 -9999 -9999 -9999 -9999 -9999 -9999 -9999 -9999 -9999 -9999 -9999 -9999 -9999 -9999 -9999 -9999 -9999 -9999 -9999 -9999 -9999 -9999 -9999 -9999 -9999 -9999 -9999 -9999 -9999 -9999 -9999 -9999 -9999 -9999 -9999 -9999 -9999 -9999 -9999 -9999 -9999 -9999 -9999 -9999 -9999 -9999 -9999 -9999 -9999 -9999 -9999 -9999 -9999 -9999 -9999 -9999 -9999 -9999 -9999 -9999 -9999
-9999 -9999 -9999 -9999 -9999 -9999 -9999 -9999 -9999 -9999 -9999 -9999 -9999 -9999 -9999 -9999 -9999 -9999 -9999 -9999 -9999 -9999 -9999 -9999 -9999 -9999 -9999 -9999 -9999 -9999 -9999 -9999 -9999 -9999 -9999 -9999 -9999 -9999 -9999 -9999 -9999 -9999 -9999 -9999 -9999 -9999 -9999 -9999 -9999 -9999 -9999 -9999 -9999 -9999 -9999 -9999 -9999 -9999 -9999 -9999 -9999 -9999 -9999 -9999 -9999 -9999 -9999 -9999 -9999 -9999 -9999 -9999 -9999 -9999
-9999 -9999 -9999 -9999 -9999 -9999 -9999 -9999 657.056 657.907 1093.33 1251.59 -9999 -9999 -9999 -9999 1920.33 2133.36 2286.2 -9999 -9999 -9999 -9999 -9999 -9999 -9999 -9999 -9999 -9999 -9999 -9999 -9999 -9999 -9999 -9999 -9999 -9999 -9999 -9999 -9999 -9999 -9999 -9999 -9999 -9999 -9999 -9999 -9999 -9999 -9999 -9999 -9999 -9999 -9999 -9999 -9999 -9999 -9999 -9999 -9999 -9999 -9999 -9999 -9999 -9999 -9999 -9999 -9999 -9999 -9999 -9999 -9999 -9999 -9999
-9999 -9999 -9999 -9999 -9999 -9999 -9999 -9999 611.101 527.655 962.268 915.246 -9999 385.128 350.67 593.367 1333.53 1629.48 1516.4 1000 -9999 -9999 -9999 -9999 -9999 -9999 -9999 -9999 -9999 -9999 -9999 -9999 -9999 -9999 -9999 -9999 -9999 -9999 -9999 -9999 -9999 -9999 -9999 -9999 -9999 -9999 -9999 -9999 -9999 -9999 -9999 -9999 -9999 -9999 -9999 -9999 -9999 -9999 -9999 -9999 -9999 -9999 -9999 -9999 -9999 -9999 -9999 -9999 -9999 -9999 -9999 -9999 -9999 -9999
-9999 -9999 -9999 -9999 -9999 -9999 -9999 -9999 417.053 163.848 439.086 495.177 95.1308 172.758 303.255 569.668 473.672 892.761 812.476 671.154 -9999 -9999 -9999 -9999 -9999 -9999 -9999 -9999 -9999 -9999 -9999 -9999 -9999 -9999 -9999 -9999 -9999 -9999 -9999 -9999 -9999 -9999 -9999 -9999 -9999 -9999 -9999 -9999 -9999 -9999 -9999 -9999 -9999 -9999 -9999 -9999 -9999 -9999 -9999 -9999 -9999 -9999 -9999 -9999 -9999 -9999 -9999 -9999 -9999 -9999 -9999 -9999 -9999 -9999
-9999 -9999 -9999 -9999 -9999 -9999 -9999 -9999 333.333 313.254 315.362 173.199 316.112 501.122 766.871 917.618 284.153 406.018 223.449 108.566 -9999 -9999 -9999 -9999 -9999 -9999 -9999 -9999 -9999 -9999 -9999 -9999 -9999 -9999 -9999 -9999 -9999 -9999 -9999 -9999 -9999 -9999 -9999 -9999 -9999 -9999 -9999 -9999 -9999 -9999 -9999 -9999 -9999 -9999 -9999 -9999 -9999 -9999 -9999 -9999 -9999 -9999 -9999 -9999 -9999 -9999 -9999 -9999 -9999 -9999 -9999 -9999 -9999 -9999
-9999 -9999 504.732 226.138 49.426 46.2003 123.226 310.406 -9999 -9999 661.083 370.182 312.584 945.313 1387.56 1366.3 469.59 159.7 463.964 738.287 0 -9999 -9999 -9999 -9999 -9999 -9999 957.107 0 0 -9999 -9999 -9999 2103.55 2147.93 2177.52 -9999 -9999 -9999 -9999 -9999 -9999 -9999 -9999 -9999 -9999 -9999 -9999 -9999 -9999 -9999 -9999 -9999 -9999 -9999 -9999 -9999 -9999 -9999 -9999 -9999 -9999 -9999 -9999 -9999 -9999 -9999 -9999 -9999 -9999 -9999 -9999 -9999 -9999
-9999 -9999 706.838 363.018 126.83 95.6466 200.032 247.803 -9999 -9999 0 119.377 218.878 432.188 832.187 1186.8 467.336 208.883 313.581 253.001 31.7157 224.008 79.2083 41.4063 170.437 586.269 369.5 760.541 19.5122 0 88.899 188.438 0 1930.83 1992.57 1881.34 -9999 -9999 -9999 -9999 -9999 -9999 -9999 -9999 -9999 -9999 -9999 -9999 -9999 -9999 -9999 -9999 -9999 -9999 -9999 -9999 -9999 -9999 -9999 -9999 -9999 -9999 -9999 -9999 -9999 -9999 -9999 -9999 -9999 -9999 -9999 -9999 -9999 -9999
-9999 -9999 547.99 225.535 171.46 127.468 141.3 149.502 22.5431 76.0244 102.974 348.408 630.938 440.03 379.193 615.863 198.228 144.67 205.523 82.544 103.588 358.373 277.277 89.25 165.278 442.224 228.706 297.771 58.1761 58.3525 261.897 455.505 121.672 758.582 1319.39 1553.49 1181.22 1342.61 1703.7 1353.45 968.613 -9999 -9999 -9999 -9999 -9999 -9999 -9999 -9999 -9999 -9999 -9999 -9999 0 245.204 149.79 173.529 690.878 1009.8 -9999 -9999 -9999 -9999 -9999 -9999 -9999 -9999 -9999 -9999 -9999 -9999 -9999 -9999 -9999
-9999 -9999 477.425 146.421 354.545 318.041 346.398 308.634 104.865 358.502 274.771 282.536 873.116 920.199 408.936 191.337 255.148 258.405 293.945 201.492 127.453 264.578 320.822 194.654 94.6599 253.573 388.246 428.705 185.965 301.057 323.674 440.334 248.108 224.677 481.39 782.157 378.361 930.053 1288.05 1052.38 389.512 457.5 750 -9999 -9999 -9999 -9999 -9999 -9999 -9999 -9999 -9999 323.967 243.728 163.708 160.939 252.399 658.691 1384.16 1541.03 -9999 -9999 -9999 -9999 -9999 -9999 -9999 -9999 -9999 -9999 -9999 -9999 -9999 -9999
-9999 -9999 -9999 301.777 171.085 225.032 229.937 370.882 247.694 708.309 927.476 437.09 413.741 1117.64 1190.14 692.049 193.487 221.715 118.583 150.343 202.263 153.38 178.057 322.967 165.115 301.762 799.886 642.303 272.904 570.816 286.845 77.7088 152.054 236.652 324.864 305.253 207.809 218.959 393.956 587.191 200.493 391.405 224.454 146.147 155.591 231.133 273.879 528.536 228.906 384.44 194.727 152.7 134.133 251.461 311.395 288.312 319.738 548.713 847.669 816.039 429.948 140.505 20.4082 31.4352 0 -9999 -9999 -9999 -9999 -9999 -9999 -9999 -9999 -9999
-9999 -9999 -9999 -9999 301.258 136.122 122.264 139.519 490.803 1199.19 1540.25 919.3 411.584 1176.9 1433.99 784.872 224.296 240.484 392.744 222.196 215.237 285.044 180.464 189.024 253.255 199.325 458.818 632.236 215.817 232.106 204.992 204.359 450.763 313.173 410.138 720.464 757.971 649.471 498.358 298.105 139.608 280.639 214.517 218.709 333.939 102.606 205.75 349.751 176.9 302.231 206.758 76.3116 139.771 341.021 315.216 524.633 606.429 264.518 292.531 369.094 332.297 183.069 114.249 76.1855 152.462 189.854 41.4834 0 1589.19 1891.84 1914.21 -9999 -9999 -9999
-9999 -9999 -9999 -9999 -9999 96.1538 99.4371 111.671 996.567 1803.47 2020.19 1412.9 1015.07 1512.33 1495.63 775.559 400.703 196.58 489.102 510.402 347.113 774.137 689.589 405.649 432.687 274.324 336.267 747.743 659.19 532.31 238.52 480.753 595.023 244.449 156.391 363.342 1034.03 1385.75 1069.73 396.131 429.903 723.028 340.763 515.35 798.569 202.405 354.873 718.28 272.045 434.361 667.041 432.853 106.468 454.903 811.805 1223.77 971.76 325.383 226.057 528.3 563.122 330.105 425.665 228.264 578.2 495.05 141.582 11.182 1348.37 1593.99 1685.74 1767.87 -9999 -9999
-9999 -9999 -9999 -9999 -9999 -9999 -9999 -9999 1651.62 2357.16 2452.55 2015.18 1940.75 2215.66 2010.75 1505.25 999.331 347.377 477.504 707.002 310.561 924.155 1349.53 1034.99 983.842 734.495 289.854 419.804 901.707 842.753 373.674 611.465 796.93 370.398 309.379 576.285 1194.81 1466.82 870.301 279.266 608.673 779.947 262.993 528.444 824.679 366.268 354.008 980.321 592.813 236.604 708.488 897.688 317.822 519.256 1315.04 1939.73 1337.38 731.374 408.688 229.586 194.551 371.423 769.842 329.649 658.129 1023.46 560.851 106.071 400.324 860.96 1227.06 1403.21 -9999 -9999
-9999 -9999 -9999 -9999 -9999 -9999 -9999 -9999 -9999 -9999 -9999 -9999 3106.92 3105.24 2945.73 2504.06 1542.91 637.075 316.512 867.495 972.183 1238.55 1631.42 1820 1911.94 1307.29 664.883 350.486 221.16 232.375 272.403 740.49 1238.43 501.144 369.29 1118.96 1833.79 1439.39 537.966 131.581 354.714 340.476 459.859 677.142 437.492 346.411 701.838 1343.64 877.253 293.391 593.375 725.4 316.646 536.915 1407.89 2288.23 2050.25 1368.38 568.148 221.17 517.82 571.932 619.769 415.064 381.089 1177.73 1271.27 757.34 263.59 164.775 339.766 419.086 636.321 1601.42
-9999 -9999 -9999 -9999 -9999 -9999 -9999 -9999 -9999 -9999 -9999 -9999 -9999 3371.32 3323.94 2874.9 1890.96 962.311 373.088 438.34 947.361 879.469 902.685 1434.77 1901.3 1816.36 1501.88 1122.92 498.233 231.034 664.245 1251.04 1478.67 671.002 351.737 967.36 1897.75 1749.79 888.82 360.103 187.286 161.654 559.416 1156.62 1210.79 1209.49 1440.09 1342.25 551.505 229.829 340.544 262.359 323.135 1010 1771.95 2677.71 2572.77 1649.5 877.824 335.437 291.648 246.932 300.966 183.825 415.169 1256.07 1767.25 1270.58 358.802 136.266 285.981 290.47 185.59 592.045
-9999 -9999 -9999 -9999 -9999 -9999 -9999 -9999 -9999 -9999 -9999 -9999 -9999 -9999 -9999 2917.59 2179.18 1448.56 863.9 364.645 269.446 246.67 316.399 630.576 1276.97 2026.46 2294.9 1899.76 990.425 353.125 519.669 1242.49 1342.76 545.967 251.337 702.271 1666.04 2025.29 1548.94 1077.19 542.829 296.213 403.023 1172.53 1963.13 2154.06 2084.83 1390.3 578.372 409.266 441.473 438.107 438.397 1359.07 2208.71 3082.22 2994.75 2223.79 1550.5 758.834 137.38 304.926 753.363 482.763 779.915 1637.42 2100.73 1489.68 495.471 183.837 590.781 851.669 301.275 144.183
-9999 -9999 -9999 -9999 -9999 -9999 -9999 -9999 -9999 -9999 -9999 -9999 -9999 -9999 -9999 2914.21 2238.99 2040.31 1563.45 810.069 131.166 198.809 297.98 358.36 1046.39 1997.52 2739.09 2448.56 1491.44 726.188 359.459 906.814 1225.84 552.635 251.262 437.757 1452.31 2223.19 2270.06 1635.22 781.35 295.919 508.867 1353.24 2444.84 2974.22 2634.14 1905.03 1386.13 1219.99 1175.68 829.344 687.484 1552.21 2503.63 3415.69 3419.83 2870.56 2089.51 1319.56 604.299 373.352 1031.26 1205.41 1402.78 2088.47 2404.29 1694.53 739.127 257.044 441.913 854.711 744.129 308.187
-9999 -9999 -9999 -9999 -9999 -9999 -9999 -9999 -9999 -9999 -9999 -9999 -9999 -9999 -9999 -9999 -9999 2321.82 1917.46 1112.38 292.194 307.507 726.803 1173.53 1647.56 2412.15 3212.71 3053.42 2167.63 1519.65 1112.5 1372.59 1730.06 977.247 349.052 247.219 1044.95 1622.28 1901.98 1431.68 443.72 338.54 1051.75 1833.79 2926.56 3614.11 3398.05 2934.71 2515.74 2346.09 2118.52 1738.26 1628.17 2148.3 2856.65 3086.96 2714.71 2576.43 2500.7 2103.62 1203.13 892.7 1446.01 2121.68 2476.69 2885.7 2910.4 2250.7 1365.53 610.779 185.301 187.753 297.676 311.501
-9999 -9999 -9999 -9999 -9999 -9999 -9999 -9999 -9999 -9999 -9999 -9999 -9999 -9999 -9999 -9999 -9999 -9999 1466.52 678.076 165.36 552.18 1224.51 1879.84 2518.02 3023.96 3689.1 3609.07 2872 2365.34 2058.68 2237.31 2254.98 1542.56 897.41 231.584 476.422 780.736 1237.91 1106.75 381.484 440.25 1239.41 2164.42 3277.93 4106.04 4249.24 3890.05 3471.99 3295.1 3032.83 2682.94 2578.81 2917.25 2863.79 2300.01 1758.46 1665.26 1974.63 2285.22 1988.92 1808.68 2143.55 2762.3 3415.99 3720.91 3378.13 2528.48 1424.23 592.669 299.903 234.35 173.07 509.661
-9999 -9999 -9999 -9999 -9999 -9999 -9999 -9999 -9999 -9999 -9999 -9999 -9999 -9999 -9999 -9999 -9999 -9999 -9999 70.7107 172.993 537.576 1280.13 2193.02 3197.36 3848.41 4332.53 4274.25 3716.21 3310.05 3014.93 3169 2871.26 2119.27 1244.29 451.674 336.414 309.759 552.467 455.452 288.562 904.52 1655.08 2523.24 3647.55 4581.68 5073.68 4845.24 4428.24 4251.35 3989.08 3639.19 3485.95 3381.81 2651.69 1721.38 862.614 731.798 1223.77 2066.02 2715 2760.27 3060.05 3490.93 4187.08 4431.88 3747.5 2794 1709.2 1085.75 980.842 832.992 382.003 562.292
-9999 -9999 -9999 -9999 -9999 -9999 -9999 -9999 -9999 -9999 -9999 -9999 -9999 -9999 -9999 -9999 -9999 -9999 -9999 0 585.623 1070.72 1670.78 2503.22 3627.4 4532.31 5162.82 5118.9 4662.4 4266.3 3971.18 4077.66 3468.45 2544.2 1704.58 1177.59 887.439 339.798 168.638 276.735 661.968 1459.98 2257.65 2992.87 4043.65 4999.06 5779.78 5785.7 5384.49 5207.6 4945.33 4592.76 4069.92 3306.47 2359.72 1419.55 470.412 272.009 878.47 1825.83 2909.22 3565.96 4013.56 4412.4 4904.8 4953.56 4146.34 3199.25 2384.59 1992.44 1902.69 1624.15 1143.84 1183.74
-9999 -9999 -9999 -9999 -9999 -9999 -9999 -9999 -9999 -9999 -9999 -9999 -9999 -9999 -9999 -9999 -9999 -9999 -9999 2321.43 1569.01 1978.3 2553.18 3127.89 4103.05 5054.26 5957.4 6203.84 5793.65 5397.55 5098.39 4931.41 3980.13 3178.52 2628.31 2067.85 1071.35 384.798 584.396 1034.24 1602.02 2140.92 2917.25 3721.72 4592.7 5475.21 6378.21 6667.14 6301.47 6040.46 5533.82 4819.24 3831.18 2912.39 1965.09 1015.77 160.359 198.869 659.773 1585.26 2716.51 3672.76 4598.96 5328.94 5582.17 5260.83 4561.49 3948.4 3475.22 3116.69 2954.63 2682.56 2255.81 2156.76
-9999 -9999 -9999 -9999 -9999 -9999 -9999 -9999 -9999 -9999 -9999 -9999 -9999 -9999 -9999 -9999 -9999 -9999 3560.66 2687.02 2501.72 2873.57 3338.12 3905.52 4622.95 5458.45 6404.67 7027.52 6749.89 6353.8 5993.4 5446.97 4524.73 3924.96 3230.33 2328.26 1200.74 413.835 542.581 1375.2 2280.73 2910.56 3502.73 4269.59 5209.62 5912.91 6395.97 6302.65 5852.59 5454.53 5001.88 4272.27 3335.97 2579.98 1717.91 817.796 134.684 245.434 638.281 1559.38 2690.63 3646.88 4583.61 5157 4895.49 4526.14 4314.68 4195.93 3991.67 3656.95 3496.54 3351.68 2823.36 2197.77
-9999 -9999 -9999 -9999 -9999 -9999 -9999 -9999 -9999 -9999 -9999 -9999 -9999 -9999 -9999 -9999 -9999 4585.6 4109.94 3567.79 3457.97 3828.18 4225.92 4682.99 5365.72 5987.72 6810.79 7684.5 7706.14 7292.61 6727.98 6002.66 5225.29 4425.25 3505.36 2549.84 1422.83 632.263 679.652 1491.05 2611.65 3516.55 4251.6 4844.42 5750.46 6190.17 5828.67 5368.08 4896.34 4500.25 4189.43 3779.83 2778.95 1988.51 1251.66 466.72 338.664 333.98 631.25 1559.38 2690.63 3645.63 4387.15 4385.72 3939.24 3571.62 3404.64 3396.88 3378.58 3071.62 2920.17 2958.68 2446.53 1723.45
-9999 -9999 -9999 -9999 -9999 -9999 -9999 -9999 -9999 -9999 -9999 -9999 -9999 -9999 -9999 -9999 -9999 5108.06 4901.66 4493.51 4414.22 4784.43 5180.52 5577.52 6123.17 6718.06 7327.63 8156.5 8628.23 8088.49 7353.25 6719.75 5742.66 4791.93 3835.68 2879.43 1815.5 1286.12 1358.89 1942.74 2982.99 3938.72 4869.2 5623.79 6217.18 6110.02 5240.58 4475.99 3940.09 3544 3252.66 3149.96 2347.11 1426.6 641.9 192.676 658.499 454.962 638.281 1559.38 2685.91 3599 3924.63 3514.84 2982.99 2615.37 2448.39 2440.63 2422.33 2115.37 1963.92 2027 1663.72 1103.13
-9999 -9999 -9999 -9999 -9999 -9999 -9999 -9999 -9999 -9999 -9999 -9999 -9999 -9999 -9999 -9999 6408.84 6332.22 6019.23 5623.14 5545.47 5915.68 6311.77 6707.86 7177.35 7635.15 8210.03 8784.74 9388.59 8824.86 8173.33 7342.49 6216.76 5260.51 4307.42 3415.33 2732.99 2393.85 2455.98 2845.69 3542.57 4414.75 5364.06 6315.73 6586.03 5706.15 4749.9 3793.65 2876.16 2415.91 2121.51 2137.04 1958 1062.59 296.517 316.561 948.958 492.6 481.687 1280.6 2379.29 3192.87 3179.66 2578.84 1916.13 1490.67 1317.14 1309.38 1304.87 997.008 843.292 906.536 732.302 345.454
-9999 -9999 -9999 -9999 -9999 -9999 -9999 -9999 -9999 -9999 -9999 -9999 -9999 -9999 -9999 -9999 7339.87 7267.14 6969.29 6579.39 6501.72 6871.93 7268.02 7664.11 8132.69 8530.43 8994.97 9562.37 9997.33 9513.58 8691.51 7744.1 6612.85 5661 4791.93 4179.92 3689.24 3350.1 3412.23 3792.79 4295.26 4915.27 5769.58 6633.89 6266.3 5310.05 4353.8 3397.55 2288.41 1548.08 1169.65 1181.59 1396.72 764.021 241.591 269.27 597.271 429.633 281.975 924.521 2041.57 2703.34 2471.34 1854.32 1121.2 637.603 485.432 487.879 475.047 352.36 326.448 338.919 313.998 426.211
-9999 -9999 -9999 -9999 -9999 -9999 -9999 -9999 -9999 -9999 -9999 -9999 -9999 -9999 -9999 -9999 8223.56 8181.39 7927.07 7535.64 7457.97 7828.18 8224.27 8620.36 9088.94 9485.03 9882.77 10339.8 10731.9 10043.9 9096.44 8140.19 7012.1 6144.27 5539.63 5114.34 4645.49 4306.35 4368.48 4749.04 5219.04 5655.08 6267.62 6779.56 5971.18 5014.93 4058.68 3102.43 1971.45 1052.5 482.55 377.709 654.94 471.905 239.49 180.527 247.455 321.945 252.413 820.469 1904.82 2278.76 1747.4 1125.62 455.743 325.598 554.429 609.17 483.397 687.714 901.988 865.314 894.828 1074.18
-9999 -9999 -9999 -9999 -9999 -9999 -9999 -9999 -9999 -9999 -9999 -9999 -9999 -9999 -9999 -9999 8878.41 8864 8781.63 8488.92 8414.22 8784.43 9180.52 9576.61 10045.2 10441.3 10837.4 11234.4 11316.9 10448.8 9492.54 8536.29 7472.35 6884.6 6466.68 6070.31 5601.74 5262.6 5324.73 5705.29 6173.87 6571.38 6999.94 7114.96 6149.81 5193.56 4237.31 3281.06 2154.84 1323.48 865.534 469.422 135.053 159.777 120.791 320.013 752.809 779.843 354.316 821.719 1738.51 1637.11 1092.64 440.042 320.45 800.701 1341.08 1503.21 1336.72 1582.25 1830.63 1819.51 1846.91 1990.72
