public/models/data/input/map/sulut/1000/mapdcenter.asc
NCOLS 248
NROWS 182
XLLCORNER 510063.019283
YLLCORNER 211117.685435
CELLSIZE 1000.000000
NODATA_VALUE       -9999
[rows 66 to 98 of 182, columns 148 to 221 of 248]
-9999 -9999 -9999 -9999 -9999 -9999 -9999 -9999 -9999 -9999 22267.5 21675.2 20555.2 19599 18642.7 17721.3 16922.7 16503.3 16107.2 15711.1 15242.5 14970.7 15157.1 15553.2 16021.8 16417.9 16814 17210.1 17656.2 17790.5 17281.8 16372.4 15241.2 14284.9 13328.7 12372.4 11241.2 10284.9 9328.68 8372.43 7241.18 6284.93 5328.68 4432.84 3718.96 3310.05 3014.93 3193.56 3666.2 3995.76 3624.72 2708.57 1605.78 939.751 1056.11 1840.36 2958.57 3914.82 4871.07 5827.32 6958.57 7914.82 8871.07 9827.32 10958.6 11914.8 12871.1 13814.4 14968 15878.1 16709.3 17518 -9999 -9999
-9999 -9999 -9999 -9999 -9999 -9999 -9999 -9999 -9999 -9999 21809.9 21179.4 20159.1 19202.9 18246.6 17290.4 16216.8 15570.4 15151 14754.9 14286.3 14014.5 14200.9 14596.9 15065.5 15461.6 15857.7 16253.8 16723.2 17172.2 17410.5 16764.9 15637.3 14681 13724.8 12768.5 11637.3 10681 9724.77 8768.52 7637.27 6681.02 5785.18 5160.26 4662.4 4266.3 3971.18 4149.81 4571.26 4421.74 3577.59 2623.14 1497.56 750.709 886.705 1742.89 2873.14 3829.39 4785.64 5741.89 6873.14 7829.39 8785.64 9741.89 10873.1 11829.4 12785.6 13737.6 14873.1 15829.4 16784.8 17699.5 -9999 -9999
-9999 -9999 -9999 -9999 -9999 -9999 -9999 -9999 -9999 -9999 -9999 -9999 19587.1 18769.1 17830.3 16876.2 15730.8 14769.1 14076.5 13625.8 13155 12883.2 13069.6 13465.7 13934.3 14330.4 14727.6 15124.6 15693.6 16483.3 17323.6 17175.1 16105.8 15147.6 14191.4 13237.1 12105.8 11149.6 10193.3 9237.1 8111.52 7252.84 6671.13 6262.22 5793.65 5397.55 5102.43 5281.06 5564.74 4949.85 3993.6 3042.39 2074.51 1643.85 1711.47 2258.61 3288.27 4243.6 5199.85 6156.1 7287.35 8243.6 9199.85 10156.1 11287.4 12243.6 13199.9 14156.1 15287.4 16243.6 17199.8 17947.7 -9999 -9999
-9999 -9999 -9999 -9999 -9999 -9999 -9999 -9999 -9999 -9999 -9999 -9999 19352.1 18550.4 17826.7 16934.5 15300.3 14362.7 13425.6 12723.6 12198.8 11927 12113.4 12509.4 12978 13374.1 13769.2 14240.4 15131 16081.7 17029.7 17413.7 16501.9 15545.9 14589.7 13633.2 12501.9 11545.7 10589.4 9633.19 8605.18 8025.48 7614.57 7218.47 6749.89 6353.8 6058.68 6237.31 6222.63 5345.94 4397.79 3563.09 2939.24 2600.1 2662.23 3048.28 3755.93 4641.34 5595.94 6552.19 7683.44 8639.69 9595.94 10552.2 11683.4 12639.7 13590.2 14551.5 15683.4 16639.7 17590.2 18194.2 -9999 -9999
-9999 -9999 -9999 -9999 -9999 -9999 -9999 -9999 -9999 -9999 -9999 -9999 -9999 18199.7 17903.8 17091.9 14809.5 14201.3 12814.4 12039.9 11265.9 10970.7 11157.1 11553.2 12021.8 12419.5 12889.6 13624.8 14729.4 15685.6 16641.9 17444.2 16898 15941.8 14985.5 14029.3 12898 11941.8 10985.5 10089.7 9375.81 8966.91 8570.82 8174.72 7706.14 7310.05 7014.93 7166.5 6694.65 5750.13 4928.02 4377.11 3895.49 3556.35 3618.48 3999.04 4496.08 5117.34 5993.68 6948.28 8079.53 9035.78 9992.03 10948.3 12079.5 13035.8 13984.5 14949.4 16079.5 17035.8 17940.7 18335.9 -9999 -9999
-9999 -9999 -9999 -9999 -9999 -9999 -9999 -9999 -9999 -9999 -9999 -9999 -9999 -9999 -9999 -9999 -9999 -9999 12393 11639.3 10572.6 10041.9 10200.9 10596.9 11066.4 11534.1 12274.3 13202.7 14333.3 15289.5 16245.8 17191.4 17281.2 16337.9 15381.6 14425.4 13294.1 12337.9 11442 10817.1 10319.2 9923.16 9527.06 9130.97 8662.39 8266.3 7971.18 7951.48 7099.41 6267.78 5729.45 5320.41 4851.74 4512.6 4574.73 4955.29 5424.51 5848.42 6460.62 7345.29 8475.62 9431.87 10388.1 11344.4 12475.6 13431.9 14388.2 15345.2 16475.6 17431.9 18258.7 18491.2 -9999 -9999
-9999 -9999 -9999 -9999 -9999 -9999 -9999 -9999 -9999 -9999 -9999 -9999 -9999 -9999 -9999 -9999 -9999 -9999 -9999 -9999 8826.23 8844.36 9069.6 9466.61 10036.8 10826.5 11763.3 12734.7 13864.7 14821 15777.2 16733.5 17476.5 16805.9 15850.2 14894 13768.4 12909.7 12328 11919.1 11450.5 11054.4 10658.3 10262.2 9793.64 9397.55 9069.84 8628.15 7731.37 7243.75 6847.66 6451.56 5982.98 5643.85 5705.98 6086.54 6555.12 6951.21 7352.79 7915.47 8945.12 9900.45 10856.7 11813 12944.2 13900.5 14856.7 15813 16944.2 17897 18618.9 18784.7 -9999 -9999
-9999 -9999 -9999 -9999 -9999 -9999 -9999 -9999 -9999 -9999 -9999 -9999 -9999 -9999 -9999 -9999 -9999 -9999 -9999 -9999 7655.33 7759.32 8115 8581.94 9474.11 10420.6 11380.5 12338.6 13468.6 14424.9 15381.1 16337.4 17333.5 17167.2 16246.3 15290 14262 13682.3 13271.4 12875.3 12406.7 12010.7 11614.6 11218.5 10749.9 10346 9860.76 9207.1 8596.09 8200 7803.9 7407.81 6939.23 6600.1 6662.23 7042.79 7511.37 7907.46 8303.55 8705.13 9412.79 10298.2 11252.8 12209 13340.3 14296.5 15252.8 16209 17340.3 18254.5 18797.3 18939.3 -9999 -9999
-9999 -9999 -9999 -9999 -9999 -9999 -9999 -9999 -9999 -9999 -9999 -9999 -9999 -9999 -9999 -9999 -9999 -9999 -9999 -9999 6062.71 6775.45 7238.66 7969.74 9072.53 10024.5 10984.4 11942.5 13072.5 14028.8 14985 15941.3 17039.4 17374.9 16642.4 15746.6 15032.7 14623.8 14227.7 13831.6 13363 12966.9 12570.8 12174.7 11700.5 11202.2 10561.9 10033.8 9552.34 9156.25 8760.15 8364.06 7895.48 7556.35 7618.48 7999.04 8467.62 8863.71 9259.8 9655.89 10152.9 10774.2 11650.5 12605.1 13736.4 14692.6 15648.9 16605.1 17736.4 18585.9 18903.9 -9999 -9999 -9999
-9999 -9999 -9999 -9999 -9999 -9999 -9999 -9999 -9999 -9999 -9999 -9999 -9999 -9999 -9999 -9999 -9999 -9999 -9999 4681.98 5363.25 5873.45 6617.4 7545.83 8676.44 9632.69 10588.9 11545.2 12676.4 13632.7 14588.9 15545.2 16674 17369.5 17080.6 16474 15976.1 15580 15183.9 14787.8 14319.2 13923.2 13527.1 13131 12577.2 11907.5 11386.1 10977.3 10508.6 10112.5 9716.4 9320.31 8851.74 8512.6 8574.73 8955.29 9423.87 9819.96 10216 10612.1 11081.4 11505.3 12117.5 13002.1 14132.5 15088.7 16045 17001.2 18132.5 18943.8 19204.4 -9999 -9999 -9999
-9999 -9999 -9999 -9999 -9999 -9999 -9999 -9999 -9999 -9999 8036.67 7691.36 6791.78 6201.48 5992.67 -9999 -9999 -9999 3281.17 3754.23 4379.93 5169.6 6120.36 7076.61 8208.14 9166.05 10120.4 11076.6 12207.9 13164.1 14120.4 15076.6 16207.9 17138.8 17685.5 17558 17107.4 16711.3 16315.2 15919.1 15450.5 15054.4 14652.7 14177.1 13388.2 12900.6 12504.5 12108.4 11639.8 11243.7 10847.7 10451.6 9982.99 9643.85 9705.98 10086.5 10555.1 10951.2 11347.3 11743.4 12212 12608.1 13009.7 13572.3 14602 15557.3 16513.6 17469.8 18579.6 19131.1 -9999 -9999 -9999 -9999
-9999 -9999 -9999 -9999 -9999 -9999 -9999 -9999 -9999 -9999 7874.62 7428.21 6366.83 5628.37 4979.95 4358.97 -9999 1560.66 2377.69 2925.94 3817.26 4768.02 5724.27 6680.52 7811.23 8776.85 9724.27 10680.5 11811.8 12768 13724.3 14680.5 15811.8 16768 17694.9 18224.5 17944.7 17548.6 17152.5 16756.5 16287.9 15891.3 15451.4 14854.7 14252.9 13856.9 13460.8 13064.7 12596.1 12200 11803.9 11407.8 10939.2 10600.1 10662.2 11042.8 11511.4 11907.5 12303.5 12699.6 13168.2 13564.3 13960.4 14362 15069.6 15955.1 16909.7 17865.9 18927 19312.8 -9999 -9999 -9999 -9999
18094.5 -9999 -9999 -9999 -9999 -9999 -9999 -9999 9644.05 9371.32 7427.46 7012.38 5948.91 5021.27 4224.67 3478.67 500 861.48 1531.79 2312.15 3415.68 4371.93 5328.18 6284.43 7421.11 8374.92 9328.18 10284.4 11415.7 12371.9 13328.2 14284.4 15415.7 16371.9 17328.2 18064.9 17850.6 17454.5 17058.4 16662.3 16193.8 15797.1 15434.8 15309.1 15148.9 14812.1 14417 14020.9 13552.3 13156.2 12760.2 12364.1 11895.5 11556.3 11618.5 11999 12467.6 12863.7 13259.8 13655.9 14124.5 14520.6 14916.7 15312.8 15824.8 16431.1 17307.4 18262 19185.3 19414 -9999 -9999 -9999 -9999
17586.8 16517.3 15561.1 14615.9 13442.6 12510.9 11541.6 10522.4 9511.31 8633.3 7516.2 6663.81 5552.55 4596.57 3659.43 2883.08 1092.25 505.649 1010.85 1940.75 3071.36 4027.61 4983.86 5940.11 7072.38 8027.61 8983.86 9940.11 11071.4 12027.6 12983.9 13940.1 15071.4 16027.6 16953.1 17326 16950.5 16554.4 16158.3 15762.2 15293.6 14897.6 14602.4 14771.2 15150.7 15342.4 15286.6 14973.8 14508.6 14112.5 13716.4 13320.3 12851.7 12512.6 12574.7 12955.3 13423.9 13820 14216 14612.1 15080.7 15476.8 15872.9 16269 16743.2 17162.1 17774.3 18659 19478.5 -9999 -9999 -9999 -9999 -9999
17449 16492.7 15536.5 14580.2 13449 12492.7 11536.5 10580.2 9448.99 8492.74 7536.49 6580.24 5448.99 4492.74 3536.49 2581.16 1551.51 1115.84 1412.9 2212.36 3330.24 4286.49 5251.75 6202 7330.24 8286.49 9242.74 10199 11330.2 12286.5 13242.7 14199 15327.2 16190 16545.8 16286.5 15819.2 15423.2 15027.1 14631 14162.4 13766.3 13471.2 13649.8 14113.2 14509.3 14905.4 15257.9 15353.1 15148.5 14829 14450.7 13983 13643.8 13706 14086.5 14555.1 14951.2 15347.3 15743.4 16212 16608.1 17004.2 17400.2 17868.8 18264.9 18666.5 19225.8 19774.9 -9999 -9999 -9999 -9999 -9999
17845.1 16888.8 15932.6 14976.3 13845.1 12888.8 11932.6 10976.3 9845.08 8888.83 7932.58 6976.33 5845.09 4888.84 3934.23 3048.83 2341.17 2063.85 2253.55 2765.24 3729.08 4682.59 5636.37 6594.26 7726.33 8682.58 9638.83 10595.1 11726.3 12682.6 13638.8 14595.1 15629.9 15967.8 15725.3 15331.6 14863 14466.9 14070.8 13674.7 13206.1 12810.1 12514.9 12693.6 13157 13553 13949.1 14345.2 14810.6 15141.7 15284.7 15219.4 14919.3 14600.1 14662.2 15042.8 15511.4 15907.5 16303.5 16699.6 17168.2 17564.3 17960.4 18356.5 18825.1 19221.2 19617.3 19991.6 -9999 -9999 -9999 -9999 -9999 -9999
18241.2 17284.9 16328.7 15372.4 14241.2 13284.9 12328.7 11372.4 10241.2 9284.93 8328.68 7372.43 6241.18 5286.58 4410.23 3788.98 3291.93 3020.1 3206.5 3605.34 4241.32 5081.97 6034.24 6990.95 8122.43 9078.68 10034.9 10991.2 12122.4 13078.7 14034.9 14965.8 15425.5 15165.2 14771.4 14375.3 13906.7 13510.7 13114.6 12718.5 12249.9 11853.8 11558.7 11737.3 12200.7 12596.8 12992.9 13389 13857.6 14253.7 14648.3 15004.8 15258.4 15342.7 15598.5 15999 16467.6 16863.7 17259.8 17655.9 18124.5 18520.6 18916.7 19312.7 19781.3 20177.4 20573.5 20788.4 -9999 -9999 -9999 -9999 -9999 -9999
18637.3 17681 16724.8 15768.5 14637.3 13681 12724.8 11768.5 10637.3 9681.02 8741.8 7769.37 6638.18 5753.51 5141.32 4717.4 4248.18 3976.35 4162.75 4558.84 5040.78 5593.67 6433.76 7387.27 8518.52 9474.77 10431 11387.3 12518.5 13474.8 14431 15117.3 14642.7 14211.3 13815.2 13419.1 12950.5 12554.4 12158.3 11762.2 11293.6 10897.6 10602.4 10781.1 11244.5 11640.5 12036.6 12432.7 12901.3 13297.4 13693.5 14089.6 14588.8 15237.3 16059.8 16803.2 17421.4 17820 18216 18612.1 19080.7 19473.9 19870 20269 20737.6 21133.7 21533.1 21811.6 -9999 -9999 -9999 -9999 -9999 -9999
19105.8 18149.6 17193.3 16237.1 15105.8 14147.9 13191.6 12237.1 11105.8 10148.6 9178.74 8233.47 7208.36 6652 6248.34 5847.32 5379.43 5107.6 5294 5690.09 6158.67 6557.51 7069.75 7869.21 8987.1 9943.35 10899.6 11855.8 12987.1 13943.3 14855.5 14936.6 13930.1 13168.9 12689.3 12287.8 11819.2 11423.2 11027.1 10631 10162.4 9766.3 9471.18 9649.81 10113.2 10509.3 10905.4 11301.5 11770.1 12166.2 12562.8 12991.2 13805.9 14752.9 15709.2 16665.4 17783.4 18602.8 19221.4 19711 20210.7 20619.6 21015.7 21400.2 21868.8 22260.2 22552 22519.5 -9999 -9999 -9999 -9999 -9999 -9999
19501.9 18545.7 17589.4 16633.2 15501.9 14540.6 13584.3 12633.2 11501.9 10543.1 9588.46 8705.68 7995.33 7596.03 7205.97 6804.26 6335.68 6063.85 6250.25 6646.34 7114.92 7511.01 7910.4 8422.09 9385.94 10339.4 11295.7 12251.9 13383.2 14338.4 15024.8 14625.9 13519.4 12585.9 11830.4 11337 10863 10466.9 10070.8 9674.72 9206.14 8810.05 8514.93 8693.56 9156.96 9553.05 9949.14 10345.2 10813.8 11210.7 11655.3 12315.8 13400.6 14356.9 15313.1 16269.4 17400.6 18356.8 19301.6 20160.4 20973.6 21512.6 21955.9 22356.5 22825.1 23173.9 23190 23066.5 -9999 -9999 -9999 -9999 -9999 -9999
19898 18941.8 17985.5 17029.3 15898 14941.8 13985.5 13029.3 11898 10943.7 10067.4 9445.83 8949.52 8549.98 8156.6 7760.51 7291.93 7020.1 7206.5 7584.5 8071.17 8467.26 8863.35 9262.19 9898.18 10738.8 11691.8 12648 13779.3 14702 14982.4 14252.9 13123.3 12167 11233.6 10464.2 9906.75 9510.66 9114.56 8718.47 8249.89 7853.8 7558.68 7737.31 8200.71 8596.8 8992.89 9388.98 9858.11 10302.9 10974.9 11875 13004.5 13960.8 14917 15873.3 17004.5 17960.8 18917 19873.3 20991.1 21862 22620.7 23239.5 23763.5 23952.2 23946 -9999 -9999 -9999 -9999 -9999 -9999 -9999
20294.1 19337.9 18381.6 17425.4 16294.1 15337.9 14381.6 13425.4 12295 11410.4 10798.2 10374.3 9906.18 9510.05 9112.85 8716.76 8255.26 7976.35 8162.75 8557.3 9027.42 9423.51 9819.6 10215.7 10697.6 11250.5 12090.6 13044.1 14175.4 14957.9 14767.7 13858.4 12727.2 11770.9 10814.7 9873.06 8987.11 8554.41 8158.32 7762.22 7293.64 6897.55 6602.43 6781.06 7244.46 7640.55 8036.64 8432.73 8934.17 9611.12 10522.6 11477.2 12608.4 13564.7 14520.9 15477.2 16608.4 17564.7 18520.9 19477.2 20608.4 21564.5 22513.8 23430.8 24293.1 24444.5 24117 -9999 -9999 -9999 -9999 -9999 -9999 -9999
20762.7 19806.4 18850.2 17894 16762.7 15806.5 14850.2 13894.9 12865.2 12302.5 11901 11504.9 11036.3 10640.2 10244.1 9848.01 9379.43 9107.6 9294 9690.09 10158.7 10554.8 10950.9 11346.9 11815.5 12214.4 12726.6 13526.1 14621.8 15032 14346.1 13389.8 12258.6 11302.3 10346.1 9389.84 8273.23 7512.03 7032.47 6630.97 6162.4 5766.3 5471.18 5649.81 6113.21 6509.3 6905.94 7334.34 8148.99 9096.09 10052.3 11008.6 12139.8 13096.1 14052.3 15008.6 16137 17094.8 18059.5 19008.6 20139.8 21096.1 22049 22940.6 -9999 -9999 -9999 -9999 -9999 -9999 -9999 -9999 -9999 -9999
21158.8 20202.5 19246.3 18290 17158.8 16202.5 15247.9 14362.5 13654.9 13253.3 12857.2 12461.1 11992.5 11596.4 11200.4 10804.3 10335.7 10063.9 10250.3 10646.3 11114.9 11511 11907.1 12303.2 12771.8 13167.9 13567.3 14079 14930.8 14854.9 13950 12993.7 11862.5 10906.2 9950 8993.75 7862.5 6929.04 6173.51 5680.12 5206.15 4810.05 4514.93 4693.56 5156.96 5553.87 5998.43 6658.95 7743.75 8700 9656.25 10612.5 11742.5 12700.6 13660.5 14612.5 15743.7 16700 17656.2 18612.5 19743.7 20695.3 21630.8 22494.7 -9999 -9999 -9999 -9999 -9999 -9999 -9999 -9999 -9999 -9999
21554.9 20598.6 19642.4 18686.1 17554.9 16600.3 15723.9 15102.7 14605.6 14209.6 13813.5 13417.4 12948.8 12552.7 12156.6 11760.5 11291.9 11020.1 11206.5 11602.6 12071.2 12467.3 12863.4 13259.4 13728 14124.1 14520.2 14919.1 15163.9 14508.8 13553.9 12597.7 11466.4 10510.2 9553.9 8597.65 7466.41 6510.16 5576.7 4807.35 4249.9 3853.8 3558.68 3737.31 4201.26 4646.09 5318 6218.1 7347.66 8303.9 9260.15 10216.4 11346.5 12304.5 13264.4 14216.4 15347.7 16303.9 17260.2 18216.4 19347.7 20255.7 21063.1 21732.5 -9999 -9999 -9999 -9999 -9999 -9999 -9999 -9999 -9999 -9999
21951 20994.7 20038.5 19082.2 17951.9 17067.2 16455 16031.1 15561.9 15165.8 14769.7 14373.6 13905 13508.9 13112.9 12716.8 12248.2 11976.4 12162.8 12558.8 13027.4 13423.5 13819.6 14215.7 14684.3 15080.4 15476.5 15705.4 15049.6 14114.1 13157.8 12201.6 11070.3 10114.1 9157.81 8201.56 7070.31 6114.06 5157.81 4216.21 3330.26 2897.55 2602.43 2781.06 3277.32 3954.27 4865.76 5820.31 6951.56 7907.81 8864.06 9826.22 10951.6 11907.8 12864.1 13820.3 14951.6 15907.8 16864.1 17820.3 18948.4 19821.8 20194.5 -9999 -9999 -9999 -9999 -9999 -9999 -9999 -9999 -9999 -9999 -9999
22419.5 21463.3 20507.1 19551.7 18522.1 17959.4 17557.8 17161.7 16693.1 16297.1 15901 15504.9 15036.3 14640.2 14244.1 13848 13379.4 13107.6 13294 13690.1 14158.7 14554.8 14950.9 15346.9 15815.4 16187.6 16297.9 15711.4 14601.7 13645.5 12689.2 11733 10601.7 9645.49 8689.24 7732.98 6601.73 5645.48 4689.24 3732.99 2616.38 1855.18 1477.13 1682.67 2492.14 3439.24 4395.49 5351.74 6466.94 7441.2 8397.45 9331.36 10483 11439.2 12395.5 13351.7 14483 15439.2 16395.5 17348.4 18500.7 18974.9 -9999 -9999 -9999 -9999 -9999 -9999 -9999 -9999 -9999 -9999 -9999 -9999
22815.6 21859.4 20904.8 20019.4 19311.7 18910.2 18514.1 18118 17649.4 17253.3 16857.2 16461.1 15992.5 15593.4 15197.3 14804.3 14335.7 14063.9 14250.3 14646.3 15114.9 15511 15907.1 16303.2 16757.9 16877.2 16316.2 15393.8 14262.6 13306.3 12350.1 11393.8 10262.6 9306.35 8350.1 7393.85 6262.6 5306.35 4350.1 3393.85 2262.6 1329.96 723.866 1069.63 2143.85 3100.1 4054.86 5013.44 6143.85 7099.88 8056.13 9012.6 10143.8 11100.1 12056.3 13012.6 14143.8 15094.5 16011.7 16843.6 -9999 -9999 -9999 -9999 -9999 -9999 -9999 -9999 -9999 -9999 -9999 -9999 -9999 -9999
23211.7 22257.1 21380.8 20759.5 20262.5 19866.4 19470.3 19074.2 18605.6 18209.5 17813.5 17417.4 16948.8 16549.6 16153.5 15760.5 15305.6 15020.1 15206.5 15610.8 16071.2 16467.3 16863.4 17259.4 17649.8 17324.4 16412.2 15456 14324.7 13368.5 12412.2 11456 10324.7 9368.48 8412.23 7455.98 6324.73 5368.48 4412.23 3455.98 2325.28 1417.77 861.097 1170.48 2205.92 3162.23 4115.21 5077.41 6205.98 7162.23 8118.48 9074.73 10206 11162.2 12118.5 13074.7 14201.4 15042.5 15646.8 16502.7 -9999 -9999 -9999 -9999 -9999 -9999 -9999 -9999 -9999 -9999 -9999 -9999 -9999 -9999
23608.7 22724.1 22111.9 21688 21218.7 20822.6 20426.6 20030.5 19561.9 19165.8 18769.7 18373.6 17905 17508.9 17112.8 16716.8 16252.7 15976.4 16162.8 16561.6 17019 17423.5 17819.6 18215.7 18453.7 17747.7 16792.8 15836.5 14705.3 13749 12792.8 11836.5 10705.3 9749.04 8792.79 7836.54 6705.29 5749.04 4792.79 3836.54 2738.15 2062.76 1722.87 1914.45 2623.13 3542.79 4498.45 5455.9 6586.54 7542.79 8499.04 9455.29 10586.5 11542.8 12499 13455.3 14541.9 15040.4 15337.9 -9999 -9999 -9999 -9999 -9999 -9999 -9999 -9999 -9999 -9999 -9999 -9999 -9999 -9999 -9999
24178.9 23616.2 23214.7 22818.6 22350 21953.9 21557.8 21161.7 20693.1 20297 19900.9 19504.9 19036.3 18640.2 18244.1 17848 17379.4 17107.6 17294 17690.1 18164.1 18571 18950.8 19343 19153.1 18217.6 17261.4 16305.1 15173.9 14217.6 13261.4 12305.1 11173.9 10217.6 9261.37 8305.12 7174.89 6218.13 5264.98 4337.55 3562.23 3147.55 2852.43 3031.06 3509.1 4100.24 4973.02 5923.87 7055.12 8011.37 8967.62 9923.87 11055.1 12011.4 12961.3 13846.3 14608.8 -9999 -9999 -9999 -9999 -9999 -9999 -9999 -9999 -9999 -9999 -9999 -9999 -9999 -9999 -9999 -9999 -9999
24968.6 24567 24170.9 23774.8 23306.2 22910.1 22514.1 22118 21649.4 21253.3 20857.2 20461.1 19992.5 19596.4 19200.3 18804.3 18335.7 18063.9 18250.3 18646.3 19114.9 19511 19907.1 20224 19570 18613.7 17657.5 16701.2 15570 14613.7 13657.5 12701.2 11570 10613.7 9657.46 8701.21 7580.48 6616.06 5712.88 5017.61 4499.9 4103.8 3808.68 3987.31 4450.71 4869.59 5466.41 6325.36 7451.21 8407.46 9363.71 10320 11451.2 12396.1 13266.3 13817 -9999 -9999 -9999 -9999 -9999 -9999 -9999 -9999 -9999 -9999 -9999 -9999 -9999 -9999 -9999 -9999 -9999 -9999
25919.3 25523.2 25127.2 24731.1 24262.5 23866.4 23470.3 23074.2 22605.6 22209.5 21813.4 21417.4 20952.6 20553.8 20156.6 19760.5 19291.9 19020.1 19206.5 19602.6 20071.2 20467.3 20861 20912.3 19966 19009.8 18053.5 17097.3 15966 15009.8 14053.5 13097.3 11966 11009.8 10053.5 9103.21 7974.05 7059.09 6378.66 5926.42 5456.15 5060.05 4764.93 4943.56 5406.96 5803.05 6221.93 6804.93 7847.3 8803.55 9759.8 10716 11834.7 12653.8 13226.5 13600.8 -9999 -9999 -9999 -9999 -9999 -9999 -9999 -9999 -9999 -9999 -9999 -9999 -9999 -9999 -9999 -9999 -9999 -9999
