public/models/data/input/map/sulut/1000/mapdcenter.asc
NCOLS 248
NROWS 182
XLLCORNER 510063.019283
YLLCORNER 211117.685435
CELLSIZE 1000.000000
NODATA_VALUE       -9999
[rows 33 to 65 of 182, columns 148 to 221 of 248]
-9999 -9999 -9999 -9999 -9999 -9999 -9999 -9999 -9999 -9999 -9999 -9999 -9999 -9999 -9999 -9999 -9999 -9999 -9999 -9999 -9999 -9999 -9999 -9999 -9999 -9999 -9999 -9999 -9999 -9999 -9999 -9999 -9999 -9999 -9999 -9999 -9999 -9999 -9999 -9999 -9999 -9999 -9999 -9999 -9999 -9999 12362.4 12424.9 13259.4 13745.7 14270.1 14638.1 15106.7 15502.8 15898.9 16295 16763.6 17159.7 17555.7 17986.6 18767.3 19298.3 19301.2 19547.1 20010.5 20406.6 20802.7 21198.8 21585.3 21416.6 21024.6 20625.8 20155.9 19759.8
-9999 -9999 -9999 -9999 -9999 -9999 -9999 -9999 -9999 -9999 -9999 -9999 -9999 -9999 -9999 -9999 -9999 -9999 -9999 -9999 -9999 -9999 -9999 -9999 -9999 -9999 -9999 -9999 -9999 -9999 -9999 -9999 -9999 -9999 -9999 -9999 -9999 -9999 -9999 -9999 -9999 -9999 -9999 -9999 12289.9 12239.2 12108.2 12053.5 12451.8 12878.2 13284.5 13681.9 14150.5 14546.5 14942.6 15338.7 15807.3 16203.4 16639.2 17294 18280.4 18486.3 18344.9 18590.9 19054.3 19450.3 19846.4 20242.5 20629 20460.4 20068.4 19669.6 19199.6 18803.5
-9999 -9999 -9999 -9999 -9999 -9999 -9999 -9999 -9999 -9999 -9999 -9999 -9999 -9999 -9999 -9999 -9999 -9999 -9999 -9999 -9999 -9999 -9999 -9999 -9999 -9999 -9999 -9999 -9999 -9999 -9999 -9999 -9999 -9999 -9999 -9999 -9999 -9999 -9999 -9999 -9999 -9999 -9999 12053.3 11882.2 11765.1 11406.3 11173.6 11537.4 11933.4 12329.5 12725.6 13194.2 13590.3 13986.4 14382.5 14851.1 15281.9 15941.7 16843.4 17717.4 17551.4 17382 17634.6 18098 18494.1 18890.2 19286.3 19672.8 19504.1 19108.1 18712 18243.4 17847.3
-9999 -9999 -9999 -9999 -9999 -9999 -9999 -9999 -9999 -9999 -9999 -9999 -9999 -9999 -9999 -9999 -9999 -9999 -9999 -9999 -9999 -9999 -9999 -9999 -9999 -9999 -9999 -9999 -9999 -9999 -9999 -9999 -9999 -9999 -9999 -9999 -9999 -9999 -9999 -9999 -9999 -9999 11562.5 11462.8 11076.6 10680.5 10284.4 10040.5 10406.1 10802.2 11198.3 11594.4 12063 12459 12855.1 13251.2 13777.5 14483.4 15416.3 16366.7 16794.7 16428.3 16257.4 16507.3 16966.8 17362.8 17755.6 18153.9 18541.5 18372.9 17976.8 17580.7 17112.1 16716
-9999 -9999 -9999 -9999 -9999 -9999 -9999 -9999 -9999 -9999 -9999 -9999 -9999 -9999 -9999 -9999 -9999 -9999 -9999 -9999 -9999 -9999 -9999 -9999 -9999 -9999 -9999 -9999 -9999 -9999 -9999 -9999 -9999 -9999 -9999 -9999 -9999 -9999 -9999 -9999 -9999 -9999 10842 10591.5 10119 9720.18 9328.18 9077.98 9449.85 9845.94 10242 10638.1 11106.7 11502.8 11898.9 12329.8 13131.1 14064 15020.2 15881 15852.6 15472 15301.2 15537.4 16009.7 16404.2 16802.7 17198.8 17585.3 17416.7 17020.6 16624.5 16155.9 15759.8
-9999 -9999 -9999 -9999 -9999 -9999 -9999 -9999 -9999 -9999 -9999 -9999 -9999 -9999 -9999 -9999 -9999 -9999 -9999 -9999 -9999 -9999 -9999 -9999 -9999 -9999 -9999 -9999 -9999 -9999 -9999 -9999 -9999 -9999 -9999 -9999 -9999 -9999 -9999 -9999 -9999 -9999 10282 9820.98 9168.24 8763.93 8371.93 8131.16 8493.6 8889.69 9285.78 9681.87 10150.5 10546.5 10982.4 11637.2 12711.6 13667.9 14620.3 15197.6 14896.3 14515.8 14344.9 14590.9 15053.5 15447.9 15846.4 16242.5 16629 16460.4 16064.3 15668.2 15199.6 14803.5
-9999 -9999 -9999 -9999 -9999 -9999 -9999 -9999 -9999 -9999 -9999 -9999 -9999 -9999 -9999 -9999 -9999 -9999 -9999 -9999 -9999 -9999 -9999 -9999 -9999 -9999 -9999 -9999 -9999 -9999 -9999 -9999 -9999 -9999 -9999 -9999 -9999 -9999 -9999 -9999 -9999 -9999 10156.9 9217.85 8351.01 7817.26 7415.68 7174.91 7537.35 7933.44 8329.53 8725.62 9194.2 9625.08 10284.8 11186.5 12315.5 13271.8 14159.1 14359.7 13940.1 13559.5 13388.7 13634.6 14098 14494.1 14890.2 15286.3 15672.8 15504.2 15108.1 14712 14243.4 13847.3
-9999 -9999 -9999 -9999 -9999 -9999 -9999 -9999 -9999 -9999 -9999 -9999 -9999 -9999 -9999 -9999 -9999 -9999 -9999 -9999 -9999 -9999 -9999 -9999 -9999 -9999 -9999 -9999 -9999 -9999 -9999 -9999 -9999 -9999 -9999 -9999 -9999 -9999 -9999 -9999 -9999 -9999 -9999 -9999 7724.21 6915.94 6305.07 6044.29 6406.1 6802.19 7198.28 7594.38 8120.62 8826.54 9759.45 10715.7 11846.9 12796.9 13421.5 13274.2 12808.8 12428.5 12257.8 12503.4 12965 13357.5 13758.9 14155 14541.5 14372.9 13976.8 13580.7 13112.1 12716
-9999 -9999 -9999 -9999 -9999 -9999 -9999 -9999 -9999 -9999 -9999 -9999 -9999 -9999 -9999 -9999 -9999 -9999 -9999 -9999 -9999 -9999 -9999 -9999 -9999 -9999 -9999 -9999 -9999 -9999 -9999 -9999 -9999 -9999 -9999 -9999 -9999 -9999 -9999 -9999 -9999 -9999 -9999 -9999 -9999 6018.6 5454 5093.82 5449.85 5845.94 6242.03 6672.91 7474.19 8407.1 9363.35 10319.6 11450.9 12339.8 12638 12321.2 11852.6 11456.5 11270.1 11541.9 12010.5 12406.6 12802.7 13198.8 13586.1 13417.9 13020.6 12624.5 12155.9 11759.8
-9999 -9999 -9999 -9999 -9999 -9999 -9999 -9999 -9999 -9999 -9999 -9999 -9999 -9999 -9999 -9999 -9999 -9999 -9999 -9999 -9999 -9999 -9999 -9999 -9999 -9999 -9999 -9999 -9999 -9999 -9999 -9999 -9999 -9999 -9999 -9999 -9999 -9999 -9999 -9999 -9999 -9999 -9999 -9999 -9999 -9999 4434.16 4171.69 4493.6 4889.69 5325.53 5980.33 7054.76 8011.01 8967.26 9923.51 11051.6 11779.4 11750.9 11364.9 10896.3 10500.3 10313.9 10585.7 11054.3 11450.4 11846.4 12242.5 12649.6 12512.7 12066 11668.2 11199.6 10803.5
-9999 -9999 -9999 -9999 -9999 -9999 -9999 -9999 -9999 -9999 -9999 -9999 -9999 -9999 -9999 -9999 -9999 -9999 -9999 -9999 -9999 -9999 -9999 -9999 -9999 -9999 -9999 -9999 -9999 -9999 -9999 -9999 -9999 -9999 -9999 -9999 -9999 -9999 -9999 -9999 -9999 -9999 -9999 -9999 -9999 -9999 2941.42 3097.73 3537.35 3968.22 4627.99 5529.64 6658.67 7614.92 8571.17 9527.42 10627.8 11086.2 10804.6 10408.7 9940.09 9544 9357.6 9629.43 10098 10494.1 10890.2 11286.3 11736.8 11749.2 11180.6 10712.9 10243.4 9847.3
-9999 -9999 -9999 -9999 -9999 -9999 -9999 -9999 -9999 -9999 -9999 -9999 -9999 -9999 -9999 -9999 -9999 -9999 -9999 -9999 -9999 -9999 -9999 -9999 -9999 -9999 -9999 -9999 -9999 -9999 -9999 -9999 -9999 -9999 -9999 -9999 -9999 -9999 -9999 -9999 -9999 -9999 -9999 -9999 -9999 -9999 1772.54 1957.34 2463.76 3169.68 4102.59 5058.84 6190.09 7146.34 8102.59 9058.84 10044.7 10066 9673.51 9277.42 8808.84 8412.75 8226.35 8498.18 8966.76 9362.85 9758.94 10155 10623.7 10886.6 10448.4 9683.23 9113.06 8716.05
-9999 -9999 -9999 -9999 -9999 -9999 -9999 -9999 -9999 -9999 -9999 -9999 -9999 -9999 -9999 -9999 -9999 -9999 -9999 -9999 -9999 -9999 -9999 -9999 -9999 -9999 -9999 -9999 -9999 -9999 -9999 -9999 -9999 -9999 -9999 -9999 -9999 -9999 -9999 -9999 -9999 -9999 -9999 -9999 -9999 905.739 932.398 1060.51 1817.34 2750.25 3706.5 4662.75 5794 6750.25 7706.5 8662.75 9393.75 9113.35 8717.26 8321.17 7852.59 7456.5 7270.1 7541.93 8010.51 8406.6 8802.69 9198.78 9680.41 10140.3 9995.47 9120.56 8228.38 7761.45
-9999 -9999 -9999 -9999 -9999 -9999 -9999 -9999 -9999 -9999 -9999 -9999 -9999 -9999 -9999 -9999 -9999 -9999 -9999 -9999 -9999 -9999 -9999 -9999 -9999 -9999 -9999 -9999 -9999 -9999 -9999 -9999 -9999 -9999 -9999 -9999 -9999 -9999 -9999 -9999 -9999 -9999 -9999 -9999 -9999 1010.89 761.18 675.486 1607.6 2563.85 3520.1 4476.35 5607.6 6563.85 7520.1 8462.23 8604.27 8157.1 7761.01 7364.92 6896.34 6500.25 6313.85 6585.68 7054.26 7450.35 7846.44 8242.54 8866.39 9610.04 9591.28 8718.98 7616.19 6885.1
-9999 -9999 -9999 -9999 -9999 -9999 -9999 -9999 -9999 -9999 -9999 -9999 -9999 -9999 -9999 -9999 -9999 -9999 -9999 -9999 -9999 -9999 -9999 -9999 -9999 -9999 -9999 -9999 -9999 -9999 -9999 -9999 -9999 -9999 -9999 -9999 -9999 -9999 -9999 -9999 -9999 -9999 -9999 -9999 -9999 1550.71 1344.12 1258.75 1916.04 2835.68 3791.93 4748.18 5879.43 6835.68 7791.93 8571.78 7988.69 7261.26 6804.76 6408.67 5940.09 5544 5357.6 5629.43 6098.01 6494.1 6890.19 7377.81 8345.68 9205.85 9195.19 8322.88 7192.27 6263.85
-9999 -9999 -9999 -9999 -9999 -9999 -9999 -9999 -9999 -9999 -9999 -9999 -9999 -9999 -9999 -9999 -9999 -9999 -9999 -9999 -9999 -9999 -9999 -9999 -9999 -9999 -9999 -9999 -9999 -9999 -9999 -9999 -9999 -9999 -9999 -9999 -9999 10824 10367.7 9525.32 8434.25 7504.56 6506.38 5403.74 3654.65 2924.54 2461.08 2373.14 2802 3393.14 4265.91 5216.76 6348.01 7304.26 8239.33 8471.81 7490.82 6547.39 5776.76 5283.1 4808.84 4412.75 4226.35 4498.18 4966.85 5375.9 5914.22 6745.86 7872.07 8737.27 8726.61 7854.3 6723.05 5766.81
-9999 -9999 -9999 -9999 -9999 -9999 -9999 -9999 -9999 -9999 -9999 -9999 -9999 -9999 -9999 -9999 -9999 -9999 -9999 -9999 -9999 -9999 -9999 -9999 -9999 -9999 -9999 -9999 -9999 -9999 -9999 -9999 -9999 -9999 -9999 -9999 12477.5 11275.8 10454.5 9567.79 8460.64 7520.33 6538.92 5494.84 4413.87 3824.31 3414.82 3329.39 3743.6 4162.48 4759.3 5618.25 6744.1 7700.35 8467.07 8185.18 7094.73 6138.48 5197.06 4424.42 3852.59 3456.5 3270.1 3541.93 4023.55 4574.47 5396.58 6344.73 7475.98 8341.18 8330.52 7458.21 6326.96 5370.71
-9999 -9999 -9999 -9999 -9999 -9999 -9999 -9999 -9999 -9999 -9999 -9999 -9999 -9999 -9999 -9999 -9999 -9999 -9999 -9999 -9999 -9999 -9999 -9999 -9999 -9999 -9999 -9999 -9999 -9999 -9999 -9999 -9999 -9999 -9999 13656.9 12687.1 11743.2 10784.5 9829.53 8698.28 7742.03 6785.78 5889.94 5176.07 4767.16 4371.07 4285.64 4699.85 5095.94 5514.83 6097.82 7140.19 8079.9 8481.44 7825.8 6698.64 5742.39 4786.14 3842.7 2956.75 2500.25 2313.85 2585.68 3209.54 4044.24 4992.39 5948.64 7079.89 7945.08 7934.43 7062.12 5930.87 4979.93
-9999 -9999 -9999 -9999 -9999 -9999 -9999 -9999 -9999 -9999 -9999 -9999 -9999 -9999 -9999 -9999 -9999 -9999 -9999 -9999 -9999 -9999 -9999 -9999 -9999 -9999 -9999 -9999 -9999 -9999 -9999 -9999 -9999 -9999 -9999 13882 13093.7 12138.1 11181.9 10225.6 9094.38 8138.13 7242.28 6617.37 6119.5 5723.41 5327.32 5241.89 5656.1 6052.19 6448.28 6859.02 7572.9 8372.38 8310.84 7433.78 6302.55 5346.3 4390.05 3433.8 2331.84 1604.41 1357.6 1720.96 2688.83 3640.05 4596.3 5552.55 6683.8 7575.48 7658.02 6821.36 5690.11 4736.43
-9999 -9999 -9999 -9999 -9999 -9999 -9999 -9999 -9999 -9999 -9999 -9999 -9999 -9999 -9999 -9999 -9999 -9999 -9999 -9999 -9999 -9999 -9999 -9999 -9999 -9999 -9999 -9999 -9999 -9999 -9999 -9999 17765.7 16256.6 15575.9 14691.1 13563 12606.7 11651.9 10694.7 9568.63 8709.95 8130.41 7719.69 7250.75 6854.66 6458.57 6373.14 6787.35 7183.44 7579.53 7975.62 8450.45 8644.59 8026.2 7071.36 5940.11 4983.86 4027.61 3071.36 1940.2 1009.72 600.807 1205.45 2321.36 3277.61 4233.86 5190.11 6321.36 7274.87 7781.15 7180.07 6052.55 5096.3
-9999 -9999 -9999 -9999 -9999 -9999 -9999 -9999 -9999 -9999 -9999 -9999 -9999 -9999 -9999 -9999 -9999 -9999 -9999 -9999 27202.9 27225.2 27424.6 27476.8 -9999 -9999 -9999 -9999 -9999 -9999 -9999 -9999 17856.5 16947.4 15978.3 15031 13901.9 12971.1 12048.1 11091.7 10062.3 9482.59 9078.2 8676.65 8207 7810.91 7414.82 7329.39 7743.6 8139.69 8535.78 8931.87 9350.7 9150.01 8268.37 7312.12 6180.87 5224.62 4268.37 3312.12 2193.92 1392.49 1110.27 1553.84 2564.87 3518.37 4474.62 5430.87 6562.12 7518.37 8108.95 7573.19 6448.64 5492.39
-9999 -9999 -9999 -9999 -9999 -9999 -9999 -9999 -9999 -9999 -9999 -9999 -9999 -9999 -9999 -9999 -9999 -9999 -9999 -9999 26945 26881.3 27056.1 26870 -9999 -9999 -9999 -9999 20520.8 20370.8 19667.7 18692.9 17826.8 16876.9 15920.7 14961 13835.7 12941 12194.5 11459 10764.4 10355.4 9959.36 9563.26 9094.69 8698.59 8317.65 8271.83 8693.42 9084.18 9478.86 9881.22 10188.9 9614.99 8664.46 7708.21 6576.96 5620.71 4664.46 3708.21 2732.24 2214.6 2020.1 2322.52 3040.04 3917.76 4870.71 5826.96 6958.21 7914.46 8505.04 7969.29 6844.73 5888.48
-9999 -9999 -9999 -9999 -9999 -9999 -9999 -9999 -9999 -9999 -9999 -9999 -9999 -9999 -9999 -9999 -9999 -9999 -9999 26287.1 26213.3 26014.5 26195.3 26371 25610.1 24710.1 -9999 -9999 20455.9 20269.7 19512.4 18552.4 17449.1 16487 15539.5 14576.9 13452.1 12508.5 11684.7 11127.4 10637.8 10241.7 9845.63 9449.54 8980.96 8584.87 8274.6 8413.62 8869.64 9261.59 9656.1 10057.4 10410.5 9984.8 9060.55 8104.3 6973.05 6016.81 5060.56 4195.84 3568.9 3177.81 2976.35 3251.52 3758.5 4387.9 5265.07 6223.06 7354.3 8310.55 8901.13 8365.38 7240.82 6319.35
-9999 -9999 -9999 -9999 -9999 -9999 -9999 -9999 -9999 -9999 -9999 -9999 -9999 -9999 -9999 -9999 26242 26215.2 25940.5 25602.9 25155 24883.2 25069.6 25445.8 24979.3 24040.5 23022 22082.9 20887.1 20009.1 19071 18114.7 16983.5 16027.2 15071 14114.7 12983.5 12027.2 11071 10206.2 9574.28 9173.16 8777.06 8380.97 7912.39 7516.3 7221.18 7399.81 7863.21 8259.3 8655.39 9051.48 9524.49 9835.18 9477.43 8572.62 7441.73 6498.43 5684.41 5163.71 4686.89 4294 4107.6 4379.43 4848.01 5268.82 5859.11 6701.54 7822.88 8779.13 9369.71 8833.96 7767.06 7120.64
-9999 -9999 -9999 -9999 -9999 -9999 -9999 -9999 -9999 -9999 -9999 -9999 -9999 -9999 25656.8 25455.4 25384.3 25423.1 25063.4 24667.4 24198.8 23927 24113.4 24509.4 24506.2 23631.1 22674.9 21718.6 20587.4 19631.1 18674.9 17718.6 16587.4 15631.1 14674.9 13718.6 12587.4 11631.1 10674.9 9718.62 8742.65 8225.01 7820.81 7424.72 6956.14 6560.05 6264.93 6443.56 6906.96 7303.05 7699.14 8095.23 8665.82 9310.9 9507.12 8936.39 7850.77 7049.34 6519.11 6114.92 5636.74 5250.25 5063.85 5335.68 5804.26 6200.35 6624.66 7211.45 8221.72 9175.23 9765.8 9264.83 8472.98 8053.55
-9999 -9999 -9999 -9999 -9999 -9999 -9999 -9999 -9999 -9999 -9999 -9999 -9999 25159.9 25344.9 25205.3 24849.1 24497.3 24107.2 23711.1 23242.5 22970.7 23157.1 23553.2 23839.2 23232.5 22278.8 21322.5 20191.3 19235 18278.8 17322.5 16191.3 15235 14278.8 13322.5 12191.3 11235 10278.8 9322.53 8204.32 7402.89 6872.67 6468.47 5999.9 5603.8 5308.68 5487.31 5950.71 6346.8 6742.89 7199.39 8066.88 8664.97 8892.47 8983.84 8383.21 7871.45 7467.26 7071.17 6602.59 6206.5 6020.1 6291.93 6760.51 7156.6 7552.69 7973.5 8696.89 9574.61 10201.6 9924.59 9405.3 8975.65
-9999 -9999 -9999 -9999 -9999 -9999 -9999 -9999 -9999 -9999 -9999 -9999 -9999 24821.7 24727.8 24409.6 23943.1 23547 23150.9 22754.9 22286.3 22014.5 22200.9 22596.9 23003.4 22780.3 21882.7 20926.4 19795.2 18838.9 17882.7 16926.4 15795.2 14838.9 13882.7 12926.4 11795.2 10838.9 9882.69 8926.44 7795.28 6851.98 6037.97 5517.26 5043.65 4647.55 4352.43 4531.06 4994.46 5390.55 5847.05 6574.48 7596.05 7864.92 7955.98 8324.68 8610.14 8648.31 8409.27 8027.42 7558.84 7162.75 6976.35 7248.18 7712.45 8099.92 8508.94 8884.66 9415.35 10049.2 10778.8 10811 10360.6 9961.5
-9999 -9999 -9999 -9999 -9999 -9999 -9999 -9999 -9999 -9999 -9999 -9999 24035.8 23944.6 23672.8 23280.5 22811.9 22415.8 22019.7 21623.6 21155 20883.2 21069.6 21465.7 21930 22053.4 21404.4 20457.9 19329.9 18374.7 17408.4 16457.9 15326.6 14370.4 13414.1 12457.9 11326.6 10370.4 9414.11 8457.86 7326.61 6370.36 5414.11 4549.39 3917.43 3516.3 3221.18 3399.81 3868.88 4362.54 5133.17 6076.61 6916 6762.6 6824.73 7205.29 7673.87 8069.96 8448.05 8672.33 8612.06 8292.71 8107.6 8379.43 8848.01 9244.1 9640.19 10036.3 10504.9 10925.7 11505.9 11854.6 11607.1 11609
-9999 -9999 -9999 -9999 -9999 -9999 -9999 -9999 -9999 -9999 -9999 -9999 23428.1 23116.4 22720.3 22324.2 21855.6 21459.5 21063.4 20667.4 20198.8 19927 20113.4 20509.4 20978 21284.8 20959.2 20061.8 18930.5 17974.3 17018 16061.8 14922.8 13966.5 13018 12061.8 10930.5 9974.27 9018.02 8061.77 6930.52 5974.27 5018.02 4061.77 3085.8 2568.15 2264.93 2443.56 3010.2 3782.85 4724.27 5675.63 6122.01 5806.35 5868.48 6249.04 6717.62 7113.71 7517.9 8035.54 8896.36 9133.14 9061.92 9335.68 9804.26 10200.4 10596.4 10992.5 11461.1 11857.2 12281.5 12699.9 12682.4 12522.4
-9999 -9999 -9999 -9999 -9999 -9999 -9999 -9999 -9999 -9999 -9999 -9999 22553.1 22160.1 21764.1 21368 20899.4 20503.3 20107.2 19711.1 19242.5 18970.7 19157.1 19553.2 20021.8 20404.9 20408.4 19663.4 18534.4 17578.2 16621.9 15665.7 14526.7 13570.4 12621.9 11665.7 10534.4 9578.18 8621.93 7665.68 6534.43 5578.18 4621.93 3665.68 2547.47 1746.04 1316.78 1547.72 2428.49 3371.93 4328.18 5197.72 5189.24 4850.1 4912.23 5292.79 5761.37 6165.56 6695.79 7497.22 8611.07 9428.83 9896.05 10288.3 10760.5 11156.6 11552.7 11948.8 12417.4 12813.5 13209.6 13589.9 13701.6 13778.1
-9999 -9999 -9999 -9999 -9999 -9999 -9999 -9999 -9999 -9999 23213 22758 21870.5 21227.2 20807.8 20411.7 19943.1 19547 19151 18754.9 18286.3 18014.5 18200.9 18596.9 19065.5 19461.4 19735.6 19286.9 18190.1 17233.9 16277.6 15321.4 14190.1 13233.9 12277.6 11321.4 10190.1 9233.86 8277.61 7321.36 6190.11 5233.86 4277.61 3321.36 2190.2 1246.9 594.264 979.612 2071.36 3027.61 3975.82 4537.83 4232.99 3893.85 3955.98 4336.54 4810.15 5330.86 6144.87 7088.17 8219.33 9171.23 10079 10909.9 11671.6 12112.9 12508.9 12905 13373.6 13769.7 14165.8 14514.9 14422.7 13974.5
-9999 -9999 -9999 -9999 -9999 -9999 -9999 -9999 -9999 23306.3 23002.2 22447.8 21347.4 20426 19733.4 19282.7 18811.9 18415.8 18019.7 17623.6 17155 16883.2 17069.6 17465.7 17934.3 18330.4 18726.5 19003.6 18421.2 17492.7 16536.5 15580.2 14449 13492.7 12536.5 11580.2 10449 9492.74 8536.49 7580.24 6448.99 5492.74 4536.49 3580.24 2454.67 1595.99 1115.24 1372.59 2335.28 3284.26 3941.23 3655.88 3102.65 2762.6 2824.73 3210.32 3842.28 4707 5663.25 6619.5 7750.75 8707 9663.25 10619.5 11749.8 12660.6 13401.6 13959.1 14495.3 14900.7 15297.1 15619.3 -9999 -9999
-9999 -9999 -9999 -9999 -9999 -9999 -9999 -9999 -9999 23306.3 22854 22073.2 20951.3 19995.1 19078.6 18381 17855.6 17459.6 17063.5 16667.4 16198.8 15927 16113.4 16509.4 16978 17374.1 17770.2 18166.3 18384.8 17842 16932.6 15976.3 14845.1 13888.8 12932.6 11976.3 10845.1 9888.83 8932.58 7976.33 6845.08 5888.84 4932.59 3976.34 2948.33 2368.63 2058.68 2237.31 2855.99 3646.44 3863.49 3109.54 2217.98 1808 1876.58 2378.69 3354.66 4310.91 5267.16 6223.41 7354.66 8310.91 9267.16 10223.4 11354.7 12310.9 13267.2 14192.1 15128.6 15730.7 16229.3 16677.5 -9999 -9999
