public/models/data/input/map/sulut/1000/mapdriver.asc
NCOLS 248
NROWS 182
XLLCORNER 510063.019283
YLLCORNER 211117.685435
CELLSIZE 1000.000000
NODATA_VALUE       -9999
[rows 132 to 164 of 182, columns 74 to 147 of 248]
250.964 243.744 232.862 244.557 368.573 938.945 1305.37 557.677 399.658 441.255 791.904 915.348 854.887 400.673 501.917 367.813 571.51 1164.69 1767.44 1711.2 890.758 283.21 390.414 426.73 531.772 845.128 752.644 373.667 234.792 203.65 216.576 226.713 300.43 336.12 451.448 559.135 604.674 480.396 308.19 216.112 231.702 319.439 398.979 348.338 355.137 535.88 641.02 334.764 312.118 301.579 546.416 847.894 356.661 522.425 1441.91 1379 523.13 365.829 620.42 499.099 440.625 440.089 374.762 449.779 757.871 621.105 263.07 298.351 264.564 136.04 194.32 115.535 214.481 169.698
529.078 705.121 288.367 310.961 642.174 1213.76 1407.53 854.977 463.45 280.979 497.555 375.416 685.382 392.206 410.272 431.552 328.266 482.071 1309.68 1748.02 1326.11 791.321 616.588 497.721 326.754 427.453 404.569 210.681 279.559 524.713 481.719 269.981 583.004 674.89 548.608 381.377 224.864 314.057 675.733 637.241 217.294 144.021 457.4 640.886 588.686 398.161 443.99 640.48 405.797 347.475 444.984 343.428 182.241 661.559 1435.65 1131.28 416.27 324.995 996.151 1286.29 1361.62 1232.02 838.194 529.061 350.462 340.165 227.142 465.087 369.211 356.644 559.282 337.393 376.533 263.415
395.946 596.531 643.459 406.157 358.748 606.268 873.645 569.504 250.347 432.28 287.319 528.872 697.159 281.802 273.485 505.138 585.508 254.218 790.891 1282.54 1019.45 713.19 928.676 790.709 539.875 421.169 300.113 350.354 325.096 347.934 305.85 494.736 982.195 1250.59 890.358 443.49 277.898 684.428 1240.6 770.367 207.24 214.081 790.194 1131.12 1274.8 1160.65 1009.62 1278.31 1164.45 921.773 351.444 353.078 267.098 502.091 877.88 516.59 323.206 256.421 595.858 1384.69 1738.5 1259.67 464.654 336.959 584.588 952.505 475.174 346.872 387.634 435.43 470.711 446.147 709.187 477.575
508.706 280.443 375.637 364.086 364.124 340.037 206.381 251.466 278.356 182.906 420.792 723.38 351.281 386.857 401.308 482.942 947.622 541.527 244.079 524.97 413.002 416.915 651.149 440.057 387.239 499.38 246.033 368.431 421.957 490.978 456.104 462.191 502.029 871.194 443.777 330.399 720.866 934.661 861.586 494.407 173.5 165.813 301.346 551.512 931.554 1366.35 1807.34 2115.49 2020.77 1410.32 717.238 627.776 373.835 298.773 250.497 337.363 666.318 506.297 338.103 1138.59 1455.73 804.866 258.388 815.123 1404.32 1650.31 870.713 310.862 356.036 466.963 150.481 255.58 333.745 533.835
1050.52 803.955 207.205 195.938 155.885 200.562 180.977 214.95 539.971 441.901 323.575 519.168 195.059 591.816 426.069 546.241 645.432 455.11 505.742 245.591 308.379 741.807 459.609 320.469 336.727 413.145 322.914 590.177 279.677 266.1 251.446 376.184 278.41 334.03 322.015 948.126 1226.05 644.213 136.319 171.881 157.793 555.173 655.386 418.487 280.228 682.41 1362.63 1692.6 1867.21 1556.65 786.423 255.51 196.277 293.127 499.892 592.497 431.905 152.4 232.006 550.205 720.135 330.517 283.725 777.376 1288.32 1706.71 1376.2 651.943 307.181 239.782 251.352 392.493 482.063 210.122
512.764 801.839 584.368 371.611 289.954 176.696 210.026 180.755 235.565 471.662 370.617 376.327 263.587 499.1 326.229 563.558 348.188 234.698 391.489 381.377 527.189 584.61 283.345 272.818 263.977 268.001 404.368 609.213 459.765 614.803 409.592 696.858 485.563 320.915 818.075 1254.7 925.752 315.968 425.151 553.931 321.479 884.819 1464.7 1154.67 508.853 270.661 529.171 756.793 930.051 799.813 336.253 247.452 375.347 492.862 372.639 214.632 213.792 194.783 551.937 303.681 267.963 151.649 212.194 293.349 520.48 925.628 1081.64 452.624 293.31 581.663 655.611 312.735 399.66 239.558
309.927 342.66 630.984 769.557 670.295 295.29 170.156 357.191 424.777 344.229 734.411 448.581 271.76 441.252 283.538 735.331 422.302 248.586 486.068 516.445 324.257 237.686 468.053 468.711 270.502 137.9 559.603 354.544 246.326 318.354 288.949 616.87 420.149 815.246 1431.32 1162.71 428.989 121.441 704.893 901.138 365.776 828.884 1685.62 1292.04 527.864 158.063 306.295 222.674 301.02 234.237 300.976 353.938 479.348 1070 687.762 263.496 254.023 422.59 1000.66 593.664 247.492 227.075 258.282 315.167 352.371 388.354 394.095 231.707 319.861 687.91 711.042 510.562 480.797 325.913
655.704 227.708 236.223 395.288 498.907 309.056 161.901 331.511 632.767 331.897 580.678 688.208 328.705 250.502 491.729 1010.12 523.448 380.345 812.889 603.718 271.675 308.239 366.612 841.436 787.295 266.275 470.01 346.146 433.62 284.96 342.773 387.05 306.208 884.369 1592.84 1009.92 306.929 187.016 645.954 907.372 376.367 821.875 1458.17 783.398 302.221 249.117 355.979 304.182 434.092 417.369 184.24 310.75 738.232 1181.56 762.92 450.562 380.864 826.976 1236.93 496.961 205.594 219.08 613.634 697.101 587.379 223.394 212.184 559.339 384.73 216.448 288.875 247.375 273.888 236.83
633.006 474.208 196.451 238.978 190.486 281.506 203.59 596.969 1015.69 757.317 302.968 272.588 332.776 224.516 457.724 973.405 539.688 197.364 261.078 275.453 503.858 789.806 265.121 427.903 843.686 723.034 254.429 197.712 435.602 347.646 480.371 330.309 169.234 680.243 1239.37 504.357 166.999 335.166 406.477 695.74 359.486 958.595 1321.56 489.082 289.507 458.368 274.143 320.575 673.168 1002.2 320.247 681.592 1193.08 779.037 468.633 1043.76 1237.93 1429.73 1064.9 328.872 227.185 250.607 292.486 468.446 659.962 341.766 546.405 735.54 293.146 544.901 1037.35 808.467 831.376 931.403
614.343 717.21 134.997 228.204 342.121 377.258 344.297 534.845 1217.82 1471.74 1101.12 690.564 305.736 299.219 329.361 733.916 429.413 426.727 859.632 747.101 564.22 705.666 312.128 258.948 347.291 659.742 583.239 185.302 312.169 323.173 450.317 539.14 209.792 571.57 1018.84 338.186 126.576 324.02 419.924 768.344 547.595 1058.18 1300.28 515.207 172.51 352.729 197.313 243.431 606.931 1133.65 642.923 748.677 1318.88 913.912 266.124 869.032 1469.33 1422.9 592.544 306.381 292.337 318.924 281.789 228.043 294.136 256.303 582.133 438.038 440.179 1043.45 1651.08 1579.73 1568.34 1560.4
494.201 439.192 156.533 257.004 378.574 787.956 924.808 856.469 1249.49 1645.07 1581.45 1324.72 752.597 226.69 449.883 334.326 346.712 848.342 1276.12 909.736 351.279 345.043 494.276 378.328 250.607 285.022 463.547 389.431 247.02 362.035 293.081 528.434 464.661 330.622 840.07 382.273 167.247 271.209 394.985 613.79 493.181 632.41 919.648 579.832 229.4 281.13 308.767 255.188 540.02 1006.75 839.772 905.644 1455.29 1256.7 387.45 379.092 751.446 894.836 306.392 524.576 816.817 637.975 427.785 270.316 221.282 252.819 325.513 362.971 706.572 1016.59 1277.36 1354.79 1275.96 1133.73
200.769 221.39 281.025 237.72 202.862 632.802 777.005 593.058 709.023 920.821 1017.62 1196.79 982.846 308.139 469.463 384.284 878.685 1252.06 805.978 604.056 393.34 198.276 600.694 603.102 250.372 320.767 262.332 684.84 522.002 363.802 493.471 374.768 690.178 299.442 514.396 425.045 178.504 330.576 145.812 294.828 414.461 328.477 368.419 475.181 316.565 299.41 177.286 275.03 715.544 548.871 280.664 434.383 1101.54 1393.81 876.799 460.234 288.694 323.774 247.348 649.589 1165.29 1408.23 1127.19 571.197 285.776 184.194 504.699 740.575 486.01 323.001 384.867 462.41 394.527 321.113
149.073 428.507 577.418 206.283 188.253 304.661 177.84 263.876 259.121 215.881 246.382 383.58 581.575 240.105 222.071 612.343 1363.88 1177.82 315.219 506.14 456.113 241.184 367.337 974.694 810.75 319.324 203.048 584.312 684.279 303.827 784.506 342.801 586.726 643.255 172.774 132.641 290.061 592.02 299.931 951.188 1327.33 978.182 251.651 262.004 396.188 609.122 234.66 550.799 629.319 256.346 546.667 321.756 379.183 651.917 625.272 534.791 280.112 259.746 290.865 270.021 541.359 935.543 1032.86 418.248 499.642 518.094 338.101 633.262 320.691 485.874 227.778 126.713 264.943 253.201
260.353 625.281 474.987 194.876 202.024 261.202 202.959 384.766 382.466 334.907 385.282 242.975 188.745 243.05 285.558 569.651 1141.21 868.957 271.099 825.756 666.058 320.584 300.869 1056 1411.67 918.712 243.469 469.31 565.455 283.503 902.887 503.065 283.45 367.653 257.412 212.788 319.268 325.689 454.93 1324.93 1904.11 1488.58 618.65 353.88 332.981 344.271 415.165 873.871 547.697 302.615 948.536 685.216 428.19 376.857 253.709 139.74 151.981 378.557 654.209 464.165 247.208 269.977 457.974 335.852 843.501 941.717 322.699 258.856 198.929 298.551 227.965 333.042 440.589 221.337
337.192 666.439 263.737 380.111 248.538 346.13 409.704 213.373 349.892 459.203 490.35 471.558 340.812 227.122 450.888 319.03 579.862 513.743 371.483 1065 862.635 261.588 253.643 847.282 1522.87 1443.47 637.42 318.732 520.064 230.626 577.116 313.037 191.697 282.685 630.679 578.699 257.115 201.904 862.744 1629.74 1877.04 1639.84 1133.11 897.64 834.313 547.151 518.777 656.454 341.614 641.476 1171.91 1031.45 822.025 651.762 281.181 266.048 208.848 243.812 282.613 337.59 404.079 286.162 247.429 337.709 938.081 1218.81 492.169 143.642 249.015 558.783 412.346 406.169 500.4 290.765
327.843 661.498 547.183 668.045 344.106 738.1 595.233 359.67 752.861 997.543 1072.21 1142.31 894.534 336.575 219.341 335.067 236.874 229.575 278.047 772.333 776.498 322.411 217.979 414.007 1154.03 1688.06 991.249 343.048 322.631 126.151 280.975 422.526 757.245 1003.48 1001.36 498.238 198.214 455.985 1085.46 1370.65 1122.21 948.725 798.863 653.373 817.742 693.475 265.339 515.129 626.664 925.884 714.194 437.988 300.496 224.288 435.118 710.639 327.827 515.898 619.994 416.031 284.648 237.811 184.071 207.03 478.114 843.043 230.224 213.417 686.211 835.042 269.225 554.611 795.095 551.583
617.625 931.648 690.081 796.812 944.926 946.971 397.503 256.904 309.353 386.498 450.673 601.367 763.607 698.93 432.433 189.221 242.148 306.475 159.113 256.674 265.081 257.601 144.02 253.931 534.24 1091.09 1268.99 593.691 188.895 391.111 987.964 920.717 846.475 809.071 398.864 309.7 452.67 254.551 428.363 473.748 304.734 292.656 304.245 347.222 653.215 786.75 196.139 361.146 335.989 274.763 146.517 302.458 278.103 457.005 1124.37 1080.23 387.242 550.849 1074.47 669.987 244.106 536.717 955.453 871.385 368.327 339.191 238.514 691.042 829.765 591.183 272.454 923.912 1345.17 867.301
828.759 637.44 207.754 452.781 853.067 480.454 156.566 313.142 465.461 457.897 373.934 206.739 276.682 332.172 348.627 614.566 719.23 681.552 188.973 435.669 586.917 471.08 247.69 180.47 147.367 524.435 1027.8 572.026 181.479 453.156 892.408 470.343 305.34 318.277 407.287 675.37 745.2 494.18 265.209 214.976 478.585 719.171 725.903 686.497 615.126 510.214 297.26 425.353 376.018 290.598 310.931 431.768 343.783 708.098 1375.32 1399.32 680.166 254.172 528.991 431.829 362.7 612.786 1266.41 1441.37 872.129 240.086 465.991 1131.23 887.071 398.773 209.225 599.226 1203.29 779.001
360.078 308.864 464.797 327.287 423.022 226.223 238.247 797.08 1051.64 614.11 324.329 324.039 563.509 619.855 214.826 521.453 764.626 800.231 496.172 298.715 290.903 424.451 260.992 232.158 196.066 146.886 409.115 250.995 265.884 345.101 345.102 215.792 306.56 403.829 471.754 438.49 328.602 244.067 216.945 334.55 592.722 447.573 384.145 349.203 361.841 297.44 455.184 551.436 304.827 434.783 676.76 547.071 508.259 439.558 988.44 1388.47 965.946 277.78 335.565 311.492 359.772 264.444 850.162 1273.4 984.057 454.808 432.699 1210.3 1363.23 1004.47 370.606 483.179 1118.23 755.84
568.549 816.523 642 198.747 148.459 377.41 621.3 1180.34 1081.21 305.356 479.827 610.709 403.332 293.171 177.279 223.545 275.9 328.15 856.193 857.007 509.398 219.119 300.323 294.076 159.667 204.781 157.919 304.215 224.785 194.104 557.253 468.652 266.337 288.833 370.866 482.5 518.838 235.487 316.461 312.163 463.847 250.465 647.783 671.326 772.331 587.965 185.482 286.183 505.033 952.264 619.096 348.382 349.672 235.967 450.016 745.628 505.137 221.208 186.461 270.854 596.709 350.709 568.055 590.667 493.584 639.737 270.766 924.376 1120.26 893.599 532.038 417.925 706.508 326.363
492.062 555.208 235.825 247.716 335.851 957.35 1134.63 892.204 528.82 277.407 683.587 356.438 443.144 672.712 555.365 367.937 242.722 147.289 327.171 560.65 332.406 136.051 151.701 342.462 577.613 694.118 146.9 194.634 505.663 297.518 603.757 767.12 440.947 752.328 879.741 1123.85 780.22 385.315 797.775 437.57 189.227 204.339 274.363 225.546 268.523 286.933 219.111 300.931 759.391 1041.05 293.949 492.28 519.882 226.477 151.55 256.449 376.146 214.67 522.058 457.47 331.796 251.704 575.735 384.156 149.173 457.18 274.369 452.952 570.353 259.426 311.144 216.184 195.456 479.195
177.314 155.519 220.549 243.846 586.319 1183.26 712.11 279.688 219.172 642.191 1201.06 978.471 922.417 585.708 306.863 475.85 820.147 703.619 243.178 142.033 183.387 331.308 298.367 679.412 736.177 549.95 212.821 320.622 492.858 455.639 327.004 647.996 745.351 676.349 369.406 679.925 478.118 669.545 628.602 194.363 314.153 460.876 525.68 610.244 549.593 361.457 273.943 275.298 437.043 788.211 343.53 630.224 1087.73 862.253 285.398 508.654 747.237 275.271 840.903 802.224 317.621 307.2 917.416 584.49 166.082 195.273 246.022 378.672 536.634 606.961 268.124 241.591 303.267 916.597
219.11 324.759 420.183 311.868 827.639 812.222 348.335 233.53 274.256 837.119 1614.96 1392.96 780.678 286.637 732.711 1250.68 1650.76 1465.52 852.876 353.518 329.42 570.904 186.722 267.512 283.445 380.588 571.146 664.109 318.561 377.67 345.326 390.566 914.976 910.629 252.863 293.232 317.559 595.054 288.002 424.287 935.661 1120.49 736.105 839.458 736.36 310.825 428.932 239.417 219.208 311.886 271.21 730.302 1396.76 1124.97 333.871 609.189 627.824 274.313 1058.11 1269.36 688.166 284.94 866.123 636.924 263.415 227.021 216.884 234.984 434.45 550.945 434.659 221.514 270.244 926.077
293.504 710.404 365.686 391.604 758.776 314.918 436.397 377.79 353.692 660.072 1198.74 943.929 355.621 428.969 916.182 1399.59 1909.09 2049.57 1270.63 453.621 448.582 586.044 223.289 172.443 176.244 364.015 428.993 745.885 669.98 282.312 271.672 499.134 1065.92 1006.99 268.012 541.747 768.03 426.918 227.616 817.573 986.032 813.881 440.542 508.848 435.129 340.03 478.526 714.247 802.36 673.942 314.272 681.121 1212.29 691.127 236.987 536.846 382.352 255.468 1008.15 920.281 752.823 337.654 530.157 543.885 293.701 207.35 284.598 190.795 623.543 499.008 305.144 351.337 259.119 767.83
308.278 345.431 141.335 196.228 349.069 197.663 741.839 556.65 277.393 221.188 355.357 301.878 474.596 770.808 290.276 592.744 1056.75 1461.86 1148.27 405.101 488.004 1026.67 974.535 571.374 208.419 142.706 221.545 450.2 562.376 243.992 268.94 325.231 866.998 620.777 288.868 897.289 804.678 259.468 691.45 778.927 349.066 170.881 303.662 225.765 297.031 339.544 262.239 501.402 1145.24 1277.23 439.002 621.118 1094.63 492.401 200.903 278.367 472.841 564.781 428.385 317.37 527.759 353.471 469.123 314.992 426.583 471.201 329.375 393.561 472.779 705.932 221.676 593.876 356.574 226.618
202.368 236.117 222.478 302.319 387.621 153.19 590.563 890.919 398.281 368.773 557.465 590.657 978.76 1010.16 504.211 233.605 330.585 573.049 646.064 251.304 657.606 1534.52 1764.59 1212.79 539.005 244.487 373.462 309.938 311.435 265.275 273.697 183.342 442.726 448.174 317.169 677.219 396.357 384.091 1023.06 589.569 263.429 379.219 262.215 156.975 355.588 332.811 383.798 312.248 623.515 1092.56 492.901 470.372 964.363 547.914 304.503 800.365 824.055 528.904 351.168 373.778 361.654 223.079 454.368 216.129 442.023 515.28 376.446 575.261 231.768 492.606 266.276 742.253 591.937 134.915
281.874 305.634 348.928 439.356 714.973 254.121 359.879 763.263 479.863 319.245 1027.26 1042.25 837.863 544.242 371.035 274.088 289.734 320.66 243.316 218.366 838.829 1785.54 2278.93 1610.64 723.828 263.595 446.149 692.553 667.158 302.107 660.745 342.279 216.851 327.409 183.508 259.604 266.479 718.629 1130.26 446.921 191.214 448.646 409.202 251.769 449.78 394.32 408.797 558.374 316.276 664.758 554.393 308.64 551.019 293.369 522.242 871.806 440.541 237.145 583.512 655.695 265.065 238.185 545.423 212.115 303.853 271.47 417.752 494.748 221.644 447.274 341.945 547.057 492.603 259.888
376.56 253.441 325.366 340.017 393.725 210.325 165.023 241.318 183.924 417.865 827.905 611.504 279.645 344.524 231.243 625.02 598.176 338.065 277.166 252.916 881.759 1806.23 1925.55 1353.9 729.25 348.849 214.822 682.514 758.27 309.247 973.497 750.15 500.989 440.883 256.575 185.544 215.763 821.199 1060.17 379.205 226.024 189.668 463.364 435.441 490.305 307.371 504.647 633.107 412.33 296.363 274.086 392.207 311.557 346.36 315.298 521.344 307.575 206.921 290.17 570.558 306.306 499.277 626.299 174.522 163.542 371.552 420.87 209.701 207.226 244.015 443.697 396.734 384.199 469.073
616.875 350.79 363.969 563.278 385.509 418.19 243.999 434.283 373.738 340.728 232.865 251.646 469.59 525.615 341.397 612.568 295.974 352.81 191.496 619.583 1107.38 1623.01 1109.24 528.259 278.701 324.061 443.869 295.17 326.012 368.11 804.414 361.669 423.814 447.263 563.135 533.628 267.309 434.589 969.403 444.245 160.456 379.441 811.843 371.448 416.468 253.163 216.873 352.486 692.081 507.252 382.953 329.576 319.712 454.177 394.533 218.204 176.754 120.937 286.612 253.1 265.023 413.296 638.415 188.552 224.219 779.96 507.687 363.306 273.584 199.431 279.388 330.003 483.529 457.259
219.41 128.38 475.222 773.105 633.115 565.196 493.356 570.927 519.965 275.32 583.645 595.447 324.241 428.837 455.744 400.703 362.617 368.021 234.549 445.86 562.031 798.999 620.234 294.095 648.442 1126.33 1052.77 417.392 261.254 746.019 553.342 305.278 533.306 267.959 341.322 353.824 260.556 183.053 776.672 613.896 293.747 429.98 701.83 361.987 210.866 377.527 491.651 420.364 510.968 293.573 658.874 322.592 351.565 386.294 753.553 302.492 149.133 236.456 697.178 368.286 258.395 325.425 809.308 451.018 445.031 997.169 1032.16 682.197 247.57 440.752 198.6 218.658 250 -9999
480.136 255.666 357.43 539.385 716.81 445.696 245.568 329.552 497.468 340.041 403.127 670.615 482.441 312.914 237.861 344.771 301.311 418.216 428.415 496.75 425.352 394.224 296.461 248.027 829.935 1616.86 1479.76 639.512 356.704 704.573 248.63 289.492 514.761 262.718 628.276 809.993 495.244 206.959 465.507 612.631 366.36 373.18 353.898 436.326 178.943 600.442 624.073 287.172 217.94 523.924 852.755 331.686 278.84 214.286 822.56 496.798 199.564 601.045 672.286 286.722 419.448 247.822 813.619 936.37 1064.19 1111.01 1641.42 1132.04 156.548 522.205 -9999 -9999 -9999 -9999
1014.96 633.055 214.571 529.648 525.875 380.137 192.835 269.936 405.841 538.859 198.028 340.788 287.423 203.548 148.448 453 347.981 453.757 656.825 981.219 838.076 538.637 577.857 300.913 530.834 1373.48 1345.04 524.972 318.635 294.308 188.929 318.442 772.012 476.118 295.445 634.423 839.871 659.336 274.092 601.613 313.949 341.643 299.329 526.785 278.826 641.16 272.229 186.391 140.944 525.325 635.578 289.319 236.406 106.387 640.607 320.354 328.998 785.287 275.316 237.343 554.456 303.527 497.411 863.824 1489.23 1489.23 1847.55 2003.23 2195.41 -9999 -9999 -9999 -9999 -9999
1106.73 478.19 413.029 790.517 448.112 207.008 275.391 294.201 287.449 118.993 345.072 399.375 341.523 409.413 330.844 274.657 299.391 275.645 259.253 522.548 470.746 259.431 277.993 318.44 289.645 790.852 1120.02 449.108 208.457 154.563 327.553 719.186 1094.16 1022.19 382.324 238.499 342.175 658.112 247.562 720.842 551.303 158.082 549.483 475.442 469.156 978.917 604.486 660.518 506.87 370.086 356.652 495.571 620.59 152.376 380.754 235.189 325.985 572.449 1023.42 917.825 -9999 1103.55 694.128 -9999 -9999 -9999 3276.65 -9999 -9999 -9999 -9999 -9999 -9999 -9999
