public/models/data/input/map/sulut/1000/mapdplant.asc
NCOLS 248
NROWS 182
XLLCORNER 510063.019283
YLLCORNER 211117.685435
CELLSIZE 1000.000000
NODATA_VALUE       -9999
[rows 136 to 169 of 182, columns 76 to 151 of 248]
14643.4 14170.9 13764.9 13381.4 13092.9 12733.8 12337.7 11941.6 11473.1 11077 10680.9 10440.1 10601.7 10266.3 9971.18 9953.1 9382.85 8683.38 8082.73 7574.66 6747.68 6168.69 5654.49 5151.4 4662.4 4266.3 3908.58 3439.84 2856.77 2484.12 2279.23 1962.13 1353.54 656.871 244.366 49.0062 54.3637 94.5473 111.648 152.875 343.382 159.444 34.5198 55.625 78.9063 30.4688 0 74.2188 288.641 429.084 223.927 22.366 0 23.0469 134.023 617.831 1164.95 724.931 272.606 51.5452 0 0.78125 36.3307 353.649 876.449 370.049 372.634 737.943 126.638 9.60938 9.97759 12.3324 14.4194 0.9375 0 0
14273.7 13556.5 13051 12642.7 12173.7 11777.6 11381.5 10985.4 10516.8 10120.7 9724.62 9483.86 9645.48 9310.05 9014.93 9134.47 8665.03 8019.94 7332.44 6730.39 6098.32 5410.39 4822.23 4302.15 3717.82 3310.05 3012.03 2780.67 2025.14 1535.97 1389.67 1141.25 639.422 275.268 23.8994 17.1875 78.3703 125.105 379.635 508.036 187.345 124.434 50.5469 86.875 64.5313 34.0625 13.9063 35.1563 87.8389 47.4609 15.4688 3.28125 0 25.2344 95.7071 202.145 588.24 243.07 20.9697 10.7422 2.03125 58.0151 256.352 796.222 1461.32 1170 1039.47 1010.61 382.871 128.266 78.3754 158.295 218.5 58.1003 0 0
13594.5 12923.5 12204.2 11696.3 11217.4 10821.3 10425.2 10029.1 9560.55 9164.46 8768.37 8527.61 8689.23 8353.8 8058.68 8227.34 7998.61 7317.2 6667.6 5978.7 5272.16 4736.17 4058.05 3464.01 2863.7 2367.27 2058.68 1964.87 1499.39 748.956 502.037 458.487 115.659 68.8924 14.0625 98.5811 27.3438 18.2813 217.801 474.755 27.5 69.7587 114.049 146.792 62.6563 39.2188 17.6563 0 0 0 0 0 2.10938 88.233 362.607 498.016 403.511 48.6253 0 7.8125 2.5 103.631 539.497 1251.57 2120.41 2107.9 1944.64 1727.38 1082.56 641.466 330.453 269.752 334.582 287.777 52.5695 0
12717.2 12242.1 11569 10829.9 10263.8 9865.07 9468.98 9072.88 8604.3 8208.21 7812.12 7571.36 7732.98 7397.55 7102.43 7281.06 7244.96 6646.27 5960.35 5325.83 4504.22 3919.82 3393.64 2690.66 2009.24 1513.63 1115.24 1022.17 1065.28 551.214 140.702 61.3884 1.5625 0 57.7895 221.747 46.875 76.361 258.369 528.934 119.073 163.843 116.843 92.356 15 1.71875 1.25 62.5 97.3422 67.1645 14.0625 106.472 83.3475 401.608 1040.25 1252.51 531.258 73.5708 12.5 0 0.15625 96.9669 678.696 1583.33 2626.64 2993.82 2866.09 2511.25 1908.42 1477.24 1025.71 747.767 711.501 791.26 296.226 42.7562
11703.7 11202.2 10751.3 10100.1 9230.03 8744.11 8338.14 7941.63 7473.05 7076.96 6680.87 6440.11 6601.74 6266.3 5971.18 6149.81 6162.35 5732.37 5161.67 4475.58 3726 3026.53 2425.88 1917.81 1100.06 592.318 274.726 151.637 300.204 203.046 5.85938 0 2.10938 15.7813 104.567 95.6776 11.0602 193.959 818.747 1013.03 450.361 187.453 81.0938 18.5156 0 0 0 23.3035 94.5024 41.3784 96.4614 338.956 689.882 1029.8 1475.7 1252.69 807.538 349.568 23.5646 0 6.63277 142.947 746.243 1665.83 2795.2 3630.02 3850.35 3501.72 2986.47 2516.79 2120.55 1842.44 1753 1627.9 1069.35 569.764
11126.5 10372.6 9851.28 9398.96 8616.82 7899.65 7394.18 6985.8 6516.81 6120.71 5724.62 5483.86 5645.49 5310.05 5014.93 5193.56 5206.15 4809.97 4383.77 3818.45 3008.18 2363.08 1675.59 1073.54 597.578 183.096 53.3576 30.4688 101.776 70.633 3.51563 0 16.1719 112.299 225.776 161.541 89.1511 310.659 865.307 795.476 341.731 175.482 49.6875 18.5156 46.852 25.9708 69.2652 202.971 372.453 340.869 94.6752 373.372 952.836 1127.46 1195.36 591.425 252.062 192.182 43.4972 0 64.1431 422.01 1085.97 1964.3 3089.01 4027.56 4592.99 4408.88 3869.13 3457.36 3076.8 2798.69 2642.5 2236.78 1431.76 553.83
10709.3 9781.22 9020.29 8497.55 7937.6 7266.6 6547.31 6039.42 5560.56 5164.46 4768.37 4527.61 4689.24 4353.8 4058.68 4237.31 4249.9 3853.8 3477.42 3109.45 2361.93 1660.35 1018.31 390.706 349.234 102.934 13.9063 4.6875 35.9375 0 0 0 16.2891 161.281 273.579 135.284 110.814 113.987 360.741 207.295 146.578 209.394 111.203 161.801 448.626 374.439 538.947 855.157 743.179 454.023 174.485 134.217 339.11 406.96 573.199 234.933 15.116 35.0264 17.8033 0 98.7536 365.546 999.995 1926.97 3056.49 4012.6 4887.45 5200.84 4809.7 4413.61 4033.05 3754.94 3401.09 2608.43 1666.96 798.767
10313 9356.98 8421.79 7646.67 7060.34 6585.26 5912.14 5173 4606.99 4208.21 3812.12 3571.36 3732.99 3397.55 3102.43 3281.06 3313.52 2897.55 2521.94 2239.5 1750.04 1015.75 408.717 75.3483 109.859 29.3468 0 0 17.1875 25 20.3125 31.25 38.8672 60.39 89.2515 106.522 83.5938 54.8438 47.6143 12.8759 374.315 606.197 542.764 528.62 1112.94 1204.68 1392.32 1345.45 510.213 124.864 232.105 118.805 23.7611 32.8971 68.2435 87.6078 21.875 0 0 0 67.3884 474.2 1163.91 2056.23 3186.56 4142.81 5097.94 5897.83 5765.95 5369.86 4989.3 4697.33 3942.33 3009.91 2139.46 1328.24
9844.37 8888.12 7931.87 6975.63 6046.84 5545.38 5094.45 4443.25 3573.18 3087.25 2681.29 2440.11 2633.38 2287.85 1971.45 2153.93 2406.2 1851.27 1398.96 1122.75 882.638 607.739 158.914 23.6328 6.06857 22.8932 53.052 93.1528 137.683 126.237 79.7744 52.4085 149.441 62.0188 112.957 428.484 438.209 229.037 129.315 113.583 316.425 969.549 1467.93 1546.96 1921.36 2154.28 2073.62 1438.58 482.534 75.8031 0 11.7188 18.3291 29.568 44.9598 27.9688 0 0 0 0 134.317 773.239 1679.49 2549.54 3641.6 4597.15 5553.4 6508.08 6882.88 6500.76 6089.45 5503.4 4442.14 3584.51 2807.87 2207.05
9448.28 8492.03 7535.78 6579.53 5469.62 4715.78 4194.43 3742.1 2959.97 2242.8 1737.33 1484.28 1812.06 1524.42 1050.61 1284.97 1744.95 1225 601.796 357.655 228.335 272.322 165.349 138.313 125.14 99.5321 137.8 121.885 129.111 188.366 167.233 61.588 16.875 107.407 409.481 613.289 388.885 101.417 180.765 614.886 983.768 1420.86 2143.93 2450.93 2358 1955.19 1606.08 1068.2 384.745 81.2936 10.5469 76.1719 112.759 128.061 67.6827 3.28125 0 0 7.5 69.5527 362.946 1153.83 2070.94 3010.3 4065.56 4994.49 5949.5 6905.75 7597.43 7300.59 6794.68 5959.04 4935.9 4155.46 3538 3044.4
9052.19 8095.94 7139.69 6183.44 5052.47 4124.37 3363.44 2840.7 2280.75 1609.75 895.698 611.845 1133.7 942.058 379.493 670.348 956.542 657.675 196.034 42.4764 28.5512 149.935 359.189 302.495 461.793 210.858 194.479 155.238 161.823 197.795 178.138 88.2297 138.782 193.559 425.549 366.472 95.088 81.1121 482.46 1173.56 1869.95 2237.62 2758.83 2914.78 2081.58 1223.77 727.577 464.203 107.855 18.0469 23.4375 46.875 63.3969 52.4816 16.2408 0 0 12.1806 106.244 465.906 979.2 1581.8 2458.15 3412.75 4522.53 5421 6346.83 7199.43 7416.87 7150.29 6939.37 6318.07 5299.6 4439.77 3759.01 3184.5
8656.1 7699.85 6743.6 5787.35 4656.1 3700.13 2764.94 1989.82 1403.48 945.338 386.287 208.147 437.433 562.713 198.502 264.986 233.01 137.907 176.109 195.075 92.3342 384.288 428.723 104.177 456.392 376.084 280.476 104.664 121.923 159.345 119.368 75.8203 142.018 94.8652 110.449 115.33 315.733 350.932 896.922 1723.31 2619.99 3170.63 3483.96 3080.61 1991.89 1075.82 447.88 151.432 83.5152 14.8438 4.29688 1.95313 1.5625 0 0 31.25 55.5243 179.568 574.937 1100.62 1823.98 2312.89 2925.08 3809.76 4938.9 5874.87 6667.83 6891.2 6528.47 6248.87 6333.61 6123.41 5095.66 4157.35 3245.22 2536.33
8241.89 7285.64 6329.39 5373.14 4241.89 3285.64 2329.39 1373.14 485.455 150.232 22.7344 51.5625 169.887 147.186 90.736 123.794 278.06 431.718 567.825 360.754 104.611 505.809 560.508 283.137 557.541 421.065 89.6421 131.489 228.823 560.193 309.393 143.191 46.1328 27.3047 8.55469 91.4548 257.236 909.895 1534.78 2325.71 3321.81 4080.57 4268.02 3535.9 2454.91 1694.34 917.187 324.048 125.791 2.8125 2.10938 2.10938 4.61493 50.3219 115.204 431.803 820.337 1100.67 1468.34 2034.77 2691.36 3310.01 3807.59 4369.56 5246.59 5860.86 6124.18 5862.76 5397.22 5117.62 5234.12 5437.18 4620.21 3673.06 2730.36 1787.3
8315 7358.75 6402.5 5446.25 4315 3358.75 2402.5 1453.51 504.602 102.113 11.0156 35.9375 158.514 57.2874 11.4844 156.951 220.623 326.628 353.71 412.431 213.879 344.399 569.742 573.142 257.781 179.895 96.4172 230.193 271.292 308.373 121.807 112.029 109.447 103.543 33.1641 190.394 319.282 1076.77 1999.65 2833.63 3824.88 4639.62 4741.06 3967.09 3038.72 2227.57 1415.82 843.666 255.76 127.324 172.126 93.386 120.991 383.007 510.619 708.216 1529.59 2034.37 2401.25 2816.13 3482 4051.27 4542.53 4723.78 4719.71 4974.62 5170.35 4906.51 4440.97 4161.37 4277.87 4627.64 4216.38 3268.27 2328.84 1435.2
8433.94 7477.69 6521.44 5565.19 4433.94 3477.69 2521.44 1572.44 557.61 140.125 57.8062 24.2188 66.6406 36.5625 53.4375 73.0469 145.423 125.317 179.483 446.797 198.167 121.718 148.127 291.25 225.751 171.985 171.474 168.864 276.892 125.689 11.7188 51.5625 165.628 87.5988 89.7251 217.039 456.964 1248.42 2194.03 3138.69 4188.21 5068.41 5199.71 4543.35 3577.86 2768.16 2113.16 1344.24 599.129 734.629 842.444 578.436 713.029 1066.7 1336.61 1513.07 2111.89 2815.63 3344.49 3749.04 4240.59 4511.14 4430.86 4134.96 3777.61 4018.37 4218.22 3951.64 3484.72 3205.12 3321.62 3689.24 3727.23 2871.07 1920.82 1029.58
8564.38 7608.12 6651.87 5695.62 4564.38 3608.13 2651.88 1695.63 805.381 475.076 163.909 12.366 13.5156 7.65625 13.9844 89.8438 118.252 125.96 227.718 135.028 31.1493 93.7262 257.316 223.769 181.478 178.615 149.226 42.1064 95.1991 147.073 22.6563 17.1875 44.5473 76.9309 368.839 728.941 949.873 1547.72 2443.56 3399.81 4529.67 5407.24 5614.58 5041.16 4094.69 3473.6 2677.17 1904.81 1412.5 1427.68 1363.12 1140.84 1222.47 1445.38 1740.06 2161.54 2869.87 3460.84 4168.67 4698.61 4873.13 4251.01 3614.48 3183.8 2821.36 3062.12 3324.43 3029.56 2528.47 2248.87 2365.37 2732.99 3084.18 2661.2 1821.67 904.715
9009.65 8053.4 7097.15 6140.9 5009.65 4053.68 3119.26 2354.67 1820.15 1399.29 844.653 343.781 153.993 121.227 59.2354 12.1149 95.3125 79.6875 68.5547 25.9766 43.3481 144.597 167.13 89.4527 123.66 136.979 199.732 363.424 510.455 882.668 743.237 484.872 600.98 840.87 1146.56 1681.21 2044.01 2428.49 3010.2 3868.88 4888.89 5186.16 4887.98 4491.89 4121.39 3821.48 3250.94 2569.09 1569.96 841.262 544.29 399.217 398.67 566.626 984.854 1807.76 2933.17 3849.11 4691.75 5345.77 4704.86 3749.04 2816.13 2110.21 1690.66 1951.7 2323.63 2074.27 1437.27 1121.06 1238.74 1640.73 2077.68 1937.21 1774.34 1411.03
9405.75 8449.5 7493.25 6537 5406.02 4478.97 3731.27 3246.29 2740.56 2195.09 1577.67 900.536 239.935 220.669 241.826 201.068 33.3812 38.2249 62.9848 22.5054 31.713 110.429 96.852 96.4729 159.119 250.159 527.899 1059.09 1343.02 1706.88 1665.56 1329.25 1438.66 1785.43 2075.99 2462.58 2970.73 3371.16 3782.85 4356.72 4711.08 4334.27 3931.73 3535.64 3183.38 3192.15 3171.87 2541.77 1441.63 628.014 217.102 28.175 17.126 146.605 649.853 1526.81 2649.8 3575.53 4298.31 4742.88 4257.95 3358.43 2404.46 1471.55 792.544 1150.08 1691.54 1388.67 663.926 351.256 423.234 801.553 1196.08 1012.81 970.761 964.367
9801.84 8845.59 7889.34 6933.09 5823.94 5083.61 4599.77 4184.32 3544.57 2914.49 2126.63 1264.67 765.453 917.296 955.449 784.411 453.843 348.259 205.335 156.115 61.4786 121.076 135.147 263.387 451.096 573.905 1024.57 1762.83 2282.82 2620.45 2607.29 2281.49 2386.53 2737.34 3032.24 3395.49 3877.23 4308.76 4716.51 4863.26 4197.14 3472 2981.93 2579.39 2227.13 2258.19 2534.21 2533.35 1850.47 1252.43 684.773 255.551 39.4083 157.376 469.163 1248.15 2366.64 3147.23 3493.9 3825.23 3620.68 2960.38 2153.84 1218.94 294.916 532.301 1063.61 798.923 151.487 58.0405 83.5472 217.587 503.232 379.635 314.897 276.946
10197.9 9241.68 8285.43 7329.18 6411.7 5950.97 5536.67 4998.24 4283 3480.33 2602.96 1978.28 1679.85 1847.36 1845.65 1600.02 1090.92 587.642 245.897 112.309 17.9352 37.0088 41.8718 82.0443 191.724 475.163 1215.41 2132.1 3063.14 3554.13 3562.82 3237.74 3342.78 3693.59 3988.49 4351.74 4817.49 5139.81 5196.65 4801.6 3761.33 2844.8 2111.17 1627.26 1270.88 1303.55 1606.49 1866.49 2019.34 1839.38 1207.52 468.285 93.0627 324.657 560.419 1241.64 2268.02 2536.57 2552.96 2879.43 2925.03 2298.11 1786.35 1261.58 381.791 179.67 632.229 418.945 7.83471 1.71875 10.3906 21.3281 143.314 166.565 176.426 122.092
10666.5 9710.53 8776.11 8011.52 7473.67 7044.91 6496.74 5882.82 4929.54 4070.86 3489.15 3080.24 2810.56 2959.8 2816.98 2216.19 1131.6 372.638 139.166 43.7022 7.03125 35.625 117.869 123.009 354.147 670.374 1314.1 2242.53 3373.14 4267.48 4630.74 4368.91 4473.97 4821.33 5086.75 5360.23 5265.96 4762.52 4345.36 3946.31 3244.24 2346.31 1408.07 634.189 264.136 328.913 572.842 760.916 1146.87 1317.51 820.854 340.243 274.876 861.916 1408.62 1765.46 1864.13 1489.14 1424.6 1785.46 2035.85 1462.67 864.474 904.673 647.681 152.251 187.468 80.5013 0 0 0 0 0 0 71.852 50.2451
11062.9 10135.8 9388.12 8903.14 8397.25 7851.44 7219 6432.5 5423.2 4843.51 4432.59 4036.49 3744.76 3659.83 2984.81 2065.96 961.161 307.329 148.176 88.1276 11.7188 26.1179 113.247 449.01 1104.84 1503.87 1935.36 2666.45 3769.23 4719.43 5394.88 5307.97 5337.32 5470.02 5412.57 5233.56 4752.14 3995.87 3417.26 2993.02 2591.03 2053.38 1120.79 255.511 2.10938 34.051 68.0216 109.835 581.807 947.699 360.159 131.505 182.35 808.083 1433.36 1607.68 1019.46 618.814 549.349 975.877 1248.1 773.894 359.12 490.401 811.731 277.208 43.8212 3.51563 0 0 0 0 0 0 7.03125 2.34375
11480.8 10740.5 10256.6 9841.18 9201.42 8571.34 7778.6 6907.47 6193.83 5784.93 5388.84 4992.74 4518.38 3880.13 2940.89 1984.64 863.831 167.432 16.4063 21.4063 9.97759 195.157 486.911 850.034 1748.64 2377.14 2809.91 3278.64 4167.54 5063.08 5728.14 5667.72 5353.52 5048.43 4664.82 4314.22 4129.72 3423.82 2643.53 2057.83 1755.3 1711.17 999.972 212.539 0 19.9718 149.722 161.206 681.439 1086.18 526.751 100.063 249.925 400.788 761.693 897.477 450.978 139.143 152.61 513.626 470.067 229.003 112.355 273.809 511.4 105.165 16.0512 2.34375 0 2.8125 5.625 0.9375 0 0 0 0
11951.7 11491.4 11086.4 10603.1 9933.19 9137.18 8259.81 7635.14 7137.27 6741.18 6345.09 5912.38 5032.9 4099.06 3142.81 2186.56 1094.27 353.387 24.2854 0 12.4106 229.627 657.464 952.361 1797.57 2703.99 3505.08 4059.84 4341.36 4752.59 5179.15 5086.89 4500.75 4104.66 3708.57 3357.97 3369.38 2944.65 2070.29 1274.31 844.153 1150.24 1013.34 373.946 0 7.12603 167.594 612.44 1267.01 1419.9 934.752 372.819 128.654 180.443 245.465 209.669 136.238 69.9219 188.63 267.702 101.664 23.4352 8.75 196.805 273.187 17.9664 1.17188 31.6406 0 1.875 3.75 0.625 0 0 0 0
11283.7 10887.6 10491.5 10095.4 9831.82 9583.44 9112.62 8721.22 8252.91 7854.75 7384.55 6626.26 5509.65 4553.4 3599.45 2671.18 1638.89 769.986 369.206 573.573 252.499 83.6154 186.249 505.497 1508.31 2399.05 3163.19 3567.27 3440.11 3680.87 4077.13 4207.62 3548.82 2994.52 2577.59 2226.72 2328.73 2323.53 1544.23 652.615 274.433 488.388 504.057 232.604 8.84478 43.3322 148.039 644.659 1281.89 1009.79 451.458 389.64 88.3693 7.10938 25.1563 57.5781 105.156 88.2801 47.2656 217.463 122.097 8.51087 20.6984 33.0087 27.0572 7.14888 4.87903 66.2738 0 8.23045 50.2619 215 0 4.6875 32.8125 9.375
10327.5 9931.37 9535.28 9139.19 8957 9285.3 9402.32 9130.3 8663.73 8274.19 7773.32 7010.98 5905.75 4952.63 4030.4 3144.28 2075.82 1350.68 1081.84 1323.23 936.948 595.051 665.913 944.874 1474.11 1993.84 2358.82 2619.66 2483.86 2724.86 3128.96 3274.33 2823.31 2209.03 1649.16 1273.49 1424.09 1705.97 1250.06 401.46 388.131 398.243 170.751 166.764 131.232 475.078 654.166 598.68 546.16 421.862 229.076 161.03 155.266 31.9531 37.3438 4.14063 68.8614 89.9211 84.6649 38.6719 9.375 46.7826 77.2573 38.4601 54.3529 84.9905 34.2023 97.8431 0 0 0 -9999 0 0 0 0
9371.21 8975.12 8579.03 8182.94 8001.72 8371.93 8622.01 8404.78 7939.23 7575.6 7273.23 6992.06 6279.97 5369.04 4492.12 3578.37 2694.53 2212.95 2020.1 2181.73 1805.72 1471.55 1268.19 981.989 807.195 1143.39 1422.87 1668.27 1527.77 1777.78 2246.34 2343.24 1923.75 1477.71 866.66 455.315 642.024 922.134 798.407 325.515 286.186 453.006 107.201 327.117 587.206 1079.4 905.743 308.506 108.487 93.1066 32.1094 50.1777 202.307 19.0625 27.9688 2.96875 11.5401 178.546 273.509 121.632 0 52.6316 63.1246 5.11198 112.33 443.41 48.913 216.304 -9999 -9999 -9999 -9999 -9999 -9999 -9999 -9999
8414.96 8018.87 7622.78 7226.69 7045.47 7415.68 7665.76 7448.53 6982.98 6619.74 6337.71 6250.43 6175.91 5394.6 4668.11 4033.12 3460.06 3084.92 2852.82 2658.09 2219.31 1776.3 1085.43 359.538 175.476 352.651 576.995 768.77 616.812 918.965 1575.72 1554.02 989.979 666.419 333.882 132.056 147.827 210.763 188.545 121.765 296.686 446.268 163.126 568.597 1314.71 1449.18 889.219 278.778 202.898 398.975 178.937 42.0535 191.435 17.6563 8.75 0.15625 19.3398 173.374 247.877 65.9279 0 0 0 0 871.053 1782.89 2185.99 -9999 -9999 -9999 -9999 -9999 -9999 -9999 -9999 -9999
7283.71 6887.62 6491.53 6095.44 5914.22 6284.43 6534.51 6317.28 5851.73 5488.49 5206.46 5122.8 5340.68 4891.89 4017.22 3392.5 2897.22 2648.76 2453.27 1926.37 1316.53 945.932 510.604 72.7569 87.081 94.7266 31.5625 90.2221 235.609 689.825 1065.22 723.585 267.832 96.7147 61.3281 119.05 65.0103 188.468 69.8438 0 166.302 84.2739 124.164 609.089 1144.39 858.66 462.059 214.978 528.344 643.81 414.19 58.708 38.0859 25.1953 4.6875 0 333.756 1021.98 -9999 0 67.9575 -9999 -9999 -9999 -9999 -9999 -9999 -9999 -9999 -9999 -9999 -9999 -9999 -9999 -9999 -9999
6327.47 5931.37 5535.28 5139.19 4957.97 5328.18 5578.27 5361.03 4895.49 4532.24 4250.21 4166.55 4442.45 4294.75 3536.26 2664.88 1953.78 1715.26 1758.37 1241.69 518.637 213.981 67.7636 4.84145 57.2036 46.9922 17.8125 67.0313 181.188 714.148 852.364 269.306 95.9656 111.799 92.1094 74.6094 52.261 51.5556 19.2188 14.0625 65.1777 60 42.1737 193.703 529.778 217.604 106.692 35.0758 129.924 424.387 434.082 119.821 28.3203 26.7884 2.76498 0 68.9167 268.88 -9999 0 307.53 -9999 -9999 -9999 -9999 -9999 -9999 -9999 -9999 -9999 -9999 -9999 -9999 -9999 -9999 -9999
5430.02 4975.12 4579.03 4182.94 4001.72 4371.93 4631.56 4407.96 3939.24 3575.99 3293.96 3210.3 3491.23 3441.35 2953.84 2191.7 1183.15 795.46 1067.84 878.134 105.869 2.8125 0 0 0.46875 2.8125 8.4375 4.6875 40.2231 205.963 351.893 122.924 4.29688 12.8906 23.9063 56.5625 123.048 101.002 70.6641 93.0963 76.2991 18.7086 38.6305 32.4232 139.936 31.8183 8.13455 0.46875 99.749 655.719 714.196 159.557 45.2714 14.4837 4.32028 0 0 0 -9999 -9999 -9999 -9999 -9999 -9999 -9999 -9999 -9999 -9999 -9999 -9999 -9999 -9999 -9999 -9999 -9999 -9999
4707.68 4077.68 3622.78 3226.69 3045.47 3415.68 3738.76 3513.32 2982.99 2619.74 2337.71 2254.05 2535.65 2494.02 2124.84 1880.61 1006.62 359.282 363.317 480.402 46.875 0 0 0 0 0 2.34375 1.5625 1.36719 10.0502 31.5905 11.333 0 0 26.8335 59.7258 109.533 109.729 174.693 58.8709 10.0866 2.82805 9.43934 2.99523 5.09858 3.57486 1.00773 0 782.972 1051.88 798.374 232.88 35.0877 0 0 -9999 -9999 -9999 -9999 -9999 -9999 -9999 -9999 -9999 -9999 -9999 -9999 -9999 -9999 -9999 -9999 -9999 -9999 -9999 -9999 -9999
3917.18 3225.53 2579.73 2100.89 1914.83 2298.62 2671.58 2541.01 1930.8 1499.41 1209.87 1125.18 1444.72 1417.92 1022.85 1103.42 1094.64 652.659 171.449 48.9392 10 45.7198 133.676 154.538 109.375 0 15.3773 6.01862 0 2.52101 3.76068 1.97572 16.129 0 0 -9999 -9999 -9999 -9999 -9999 -9999 -9999 -9999 -9999 -9999 -9999 -9999 -9999 1707.11 1707.11 -9999 -9999 -9999 -9999 -9999 -9999 -9999 -9999 -9999 -9999 -9999 -9999 -9999 -9999 -9999 -9999 -9999 -9999 -9999 -9999 -9999 -9999 -9999 -9999 -9999 -9999
3281.49 2579.73 1870.65 1227.39 981.54 1434.34 1823.05 1695.25 1119.47 687.8 380.034 310.311 679.975 616.272 299.376 361.373 410.216 328.342 122.027 90.0988 24.8438 52.9406 112.496 107.228 0 0 18.2927 10.5618 0 64.1316 114.804 58.9178 108.065 -9999 -9999 -9999 -9999 -9999 -9999 -9999 -9999 -9999 -9999 -9999 -9999 -9999 -9999 -9999 -9999 -9999 -9999 -9999 -9999 -9999 -9999 -9999 -9999 -9999 -9999 -9999 -9999 -9999 -9999 -9999 -9999 -9999 -9999 -9999 -9999 -9999 -9999 -9999 -9999 -9999 -9999 -9999
