public/models/data/input/map/sulut/1000/mapdagr.asc
NCOLS 248
NROWS 182
XLLCORNER 510063.019283
YLLCORNER 211117.685435
CELLSIZE 1000.000000
NODATA_VALUE       -9999
[rows 140 to 174 of 182, columns 78 to 155 of 248]
12837.1 12216.4 11566.7 11148.6 10751.9 10355.8 9887.27 9491.18 9095.08 8698.99 8362.45 8478.54 8339.2 7861.37 7103.06 6622.79 6216.82 5820.31 5351.74 4991.89 4991.89 5099.13 5241.89 5637.98 6034.07 6241.36 5553.98 4618.17 3727.75 3073.96 2395.62 1687.06 843.078 389.061 848.676 1217.44 1235.99 817.278 153.179 225.315 853.039 1191.8 1498.74 1856.65 1496.52 736.333 369.952 777.269 1319.6 1295.02 545.171 134.839 11.636 1.5625 7.33035 177.731 902.523 1857.14 2988.39 3944.64 4900.89 5830.52 6775.05 7386.33 8025.53 8699.79 9584.68 9913.39 9207 8250.75 7119.5 6163.25 5207 4259.91 3445.26 3016.85 2721.18 2817.7
12268.1 11484.8 10760.1 10225.2 9796.51 9399.6 8931.02 8534.93 8138.83 7742.74 7406.2 7522.29 7382.95 6992.74 6402.02 5772.44 5272.86 4864.48 4395.49 4035.64 4035.64 4142.88 4285.64 4681.73 5077.82 5483.98 5650.94 4936.96 4090.93 3266.14 2168.74 1278.68 511.055 171.364 312.067 973.649 1414.87 770.503 121.791 272.811 903.176 1742.49 2400.49 2589.34 2110.62 1558.46 1228.44 1540.08 1588.89 927.567 485.71 281.165 21.2006 29.6875 233.353 429.465 1197.12 2140.69 3271.94 4228.19 5184.44 6140.69 7259.33 8087.26 8739.29 9377.87 10028 9729.51 8810.91 7854.66 6723.41 5767.16 4810.91 3854.66 2769.86 2109.34 1765.75 1861.45
11857.2 10913.8 10000.4 9410.06 8872.87 8443.9 7974.77 7578.68 7182.58 6786.49 6449.95 6566.04 6426.7 6036.49 5585.84 5085.59 4425.11 3918.1 3439.24 3079.39 3079.39 3186.63 3329.39 3725.48 4133.1 4608.06 5135.35 4835.18 4034.74 3107.38 1976.35 1045.87 378.005 172.202 230.707 871.398 1327.98 1026.22 552.699 719.089 1202.29 2070.12 3096.04 3345.17 2914.97 2493.83 2177.17 2244.36 1694.68 769.899 223.54 232.542 53.1962 184.001 821.464 1090.64 1671.42 2523.24 3647.55 4603.8 5560.05 6516.3 7647.55 8593.51 9437.18 10086 10198.3 9371.07 8414.82 7458.57 6327.32 5371.07 4414.82 3458.57 2329.01 1428.92 872.793 919.891
11461.1 10504.9 9401.89 8648.04 8055.42 7509.7 7018.52 6622.43 6226.33 5830.24 5493.7 5609.79 5470.45 5080.24 4655.1 4345.46 3773.57 3051.68 2485.67 2123.14 2123.14 2230.38 2373.14 2779.3 3255.72 3798.82 4399.93 4174.74 3807.58 3166.19 2189.93 1401.19 781.317 240.37 216.007 419.956 819.829 1383.95 1436.74 1604.54 1934.86 2522.61 3567.03 4094.4 3846.17 3448.99 3099.53 2848.7 1992.44 1203.13 808.449 696.433 511.939 706.736 1446.07 1967.29 2403.75 3003.4 4043.65 4999.9 5956.15 6912.39 8043.64 8999.89 9948.6 10741.9 10238.4 9285.64 8329.39 7373.14 6241.89 5285.64 4329.39 3373.14 2241.89 1300.15 658.097 443.82
10992.5 10036.3 8905.04 7961.6 7180.25 6559.55 5909.87 5491.73 5095.09 4698.99 4362.45 4478.54 4339.2 3948.99 3525.11 3261.54 2969.8 2344.97 1452.24 1007.33 1023.32 1110.95 1258.92 1748.87 2325.22 3058.67 3427.89 3064.3 2871.58 2555.19 1733.19 1059.62 499.968 78.2081 40.5104 140.102 374.011 1168.3 2171.8 2683 3043.31 3440.09 4122.17 4864.18 4952.84 4580.24 4098.99 3434.76 2695.27 2227.61 1922.54 1783.16 1587.89 1695.63 2274.08 2912.34 3467.13 3904.87 4603.23 5475.41 6424.72 7380.97 8512.22 9468.47 10424.7 11262.3 10656.1 9699.85 8743.6 7787.35 6656.1 5699.85 4743.6 3787.35 2685.39 1957.96 1556.88 1295.49
10596.4 9640.19 8508.94 7552.69 6611.27 5827.91 5103.25 4568.36 4139.66 3742.74 3406.2 3533.38 3394.86 2993.02 2568.86 2305.29 2058.6 1778.92 989.243 354.53 346.049 335.722 450.249 982.136 1722.92 2524.01 2483.94 2108.05 1944.64 1732.87 1098.38 459.07 93.4001 12.0703 133.541 540.221 810.823 1384.14 2457.15 3338.54 3962.47 4395.65 4887.03 5465.7 5803.79 5506.43 4756.76 4056.68 3580.68 3182.94 2878.79 2739.41 2544.14 2651.88 3112.33 3636.04 4263.27 4819.48 5355.92 5975.93 6830.24 7777.07 8908.32 9864.57 10820.8 11658.3 11052.2 10095.9 9139.69 8183.44 7052.19 6095.94 5139.69 4196.26 3310.31 2853.8 2496.1 2057.74
10200.4 9244.1 8112.85 7156.6 6200.35 5256.92 4343.53 3753.2 3216.02 2787.04 2449.95 2628.79 2551.99 2058.44 1613.02 1350.25 1103.56 968.091 800.208 257.667 112.047 138.821 61.146 443.116 1288.7 1880.48 1530.16 1159.7 1036.17 977.303 394.974 139.88 20.1563 33.9844 363.93 1069.24 1639.62 2076.23 2878 3807.56 4687.97 5323.36 5821.45 6244.73 6589.02 6216.01 5399.96 4933.02 4535.28 4139.19 3835.04 3695.66 3500.39 3608.13 4053.68 4469.54 4988.38 5617.02 6264.01 6715.74 7328.28 8180.09 9304.41 10260.7 11216.9 12054.4 11448.3 10492 9535.78 8579.53 7448.28 6492.03 5550.61 4777.97 4206.15 3804.63 3307.43 2530.22
9804.26 8848.01 7716.76 6760.51 5804.26 4848.01 3745.04 2991.19 2398.56 1852.85 1493.7 1716.1 1878.13 1289.44 675.178 483.84 285.966 188.379 564.886 496.123 489.299 456.152 37.6227 234.815 1009.91 1326.72 649.629 313.751 396.08 389.927 185.951 224.02 255.978 362.711 692.76 1525.2 2372.34 2975.98 3524.43 4230.34 5160.86 6062.28 6774.74 7172.98 7320.87 6846.48 6284.63 5887.62 5491.53 5095.44 4791.29 4651.91 4456.64 4564.38 5009.65 5406.02 5817.01 6331.11 7081.19 7616.35 8060.6 8660.25 9700.5 10656.7 11589.5 12325.1 11844.4 10888.1 9931.87 8975.62 7844.38 6900.94 6130.31 5636.65 5159.07 4660.33 3876.91 2967.23
9335.68 8379.43 7248.18 6291.93 5335.68 4379.43 3248.18 2304.75 1523.4 911.108 438.422 782.472 1253.75 841.289 95.1888 22.1094 16.9531 55.625 568.452 636.757 357.597 147.194 243.169 468.592 1004.12 929.598 200.918 91.5677 177.661 169.134 433.203 978.037 1239.62 1405.31 1628.17 2148.88 2962.89 3845.45 4575.81 5028.4 5688.65 6590.3 7662.1 8245.05 8261.26 7884.46 7414.96 7018.87 6622.78 6226.69 5922.54 5783.16 5587.89 5695.62 6140.9 6535.7 6911.15 7256.63 7839.47 8447.74 8946.48 9360.57 10025.2 10665.2 11143.7 11577 12015.3 11352.3 10400.5 9444.2 8342.24 7614.82 7158.32 6758.9 6152.53 5322.88 4429.45 3750.67
9063.85 8107.6 6976.35 6020.1 5063.85 4107.6 2976.35 2020.1 1086.78 424.923 128.981 409.753 692.182 441.912 382.437 96.5027 48.4375 33.3594 128.235 202.965 196.579 29.5443 245.629 811.072 1150.17 666.498 258.552 268.112 343.542 407.133 785.758 1447.17 2072.75 2359.25 2579.39 2983.58 3513.81 4315.24 5323.5 5917.19 6385.47 7040.99 8113.03 8956.57 9174.31 8839.79 8371.21 7975.12 7579.03 7182.94 6878.79 6739.41 6544.14 6651.87 7055.21 7278.64 7332.16 7333.6 7707.65 8131.95 8534.93 8931.02 9399.6 9796.51 10241.1 10895.9 11735.8 11637.9 10796.5 9853.11 8967.16 8510.66 8109.14 7612.5 6675.22 5791.58 5118.98 4660.42
9250.25 8294 7162.75 6206.5 5250.25 4294 3162.75 2214.6 1385.19 762.539 245.827 320.473 290.252 360.588 888.473 486.892 218.291 48.3171 142.318 372.032 323.146 93.6785 155.284 522.652 897.108 395.291 157.232 490.032 884.578 1040.53 1512.04 2096.12 2762.53 3274.8 3535.64 3931.73 4335.92 4853.56 5820.68 6665.23 7269.53 7733.08 8534.85 9452.44 9993.74 9794.26 9327.46 8931.37 8535.28 8139.19 7831.2 7662.32 7423.99 7351.98 7271.12 7023.13 6663.28 6449.95 6786.49 7182.58 7578.68 7974.77 8443.9 8888.73 9553.97 10324 11156.7 11659.6 11196.5 10434.8 9863 9461.48 8953.71 8181.42 7134.13 6471.32 6013.73 5614.06
9646.34 8690.09 7558.84 6602.59 5646.34 4690.09 3563.88 2725.81 2105.82 1383.99 723.627 748.998 690.227 901.35 1408.45 839.633 258.567 297.07 496.744 341.895 102.424 197.178 265.591 479.971 718.061 553.437 276.25 240.024 551.188 741.646 1473.98 2358.72 3204.86 3997.69 4491.89 4887.98 5284.07 5685.2 6317.07 7173.02 8028.18 8632.83 9181.28 9886.92 10676.7 10729.1 10283.7 9887.62 9491.53 9076.87 8447.83 7807.98 7313.27 6947.96 6500.75 6104.66 5708.57 5493.7 5830.24 6226.33 6622.43 7018.52 7519.96 8191.21 8971.7 9664.08 10658.2 11497.1 11683 11293.5 10815.9 10317.2 9533.76 8624.08 7807.69 7365.11 6966.41 6539.57
10114.9 9158.67 8027.42 7071.17 6114.92 5163.71 4182.01 3579.14 2864.05 2215.45 1807.12 1827.83 1777.35 1945.63 2002.78 1214.08 623.494 682.908 375.597 397.464 517.184 649.368 317.872 192.809 151.376 93.308 53.894 18.5267 127.764 468.014 1386.87 2329.39 3285.64 4241.89 5330.19 5979.91 6414.04 6811.41 7285.02 7805.73 8619.75 9502.31 10232.7 10685.3 11337.3 11759 11361.3 10839.8 10158.2 9281.78 8156.24 7225.6 6420.86 5859.52 5369.5 4973.41 4577.32 4362.45 4698.99 5095.09 5491.73 5920.13 6717.39 7513.34 8212.15 9058.47 10157.6 11113.9 11992 12295.1 11809.4 10979.7 10086.3 9407.52 8889.84 8493.75 8097.66 7865.08
10511 9554.76 8423.51 7467.26 6519.11 5677.98 4931.49 4224.74 3583.54 3140.6 2763.37 2784.08 2733.6 2884.37 2560.93 1910.44 1521.19 1319.94 929.861 910.323 831.105 683.983 184.864 90.0666 159.049 140.078 50.1486 234.99 559.367 1110.9 1919.25 2746.62 3681.73 4637.98 5767.92 6663.8 7322.03 7766.38 8236.24 8640.43 9170.66 9972.09 10980.4 11574 12039.2 12372.4 11698 10800 9846.44 8890.19 7758.94 6804.58 5875.75 5068.52 4423.32 4017.16 3621.07 3406.2 3742.74 4139.66 4584.22 5239.04 6161 6867.12 7708.13 8634.1 9761.51 10717.8 11674 12548.2 12329.1 11448.4 10775.8 10317.3 9846.09 9450 9053.91 8813.14
10907.1 9950.85 8819.6 7871.45 7042.04 6410.33 5568.73 4935.88 4493.21 4096.3 3719.62 3740.33 3689.85 3742.98 3256.67 2811.7 2447.11 2016.01 1191.87 548.616 268.214 141.503 40.9766 80.0988 184.256 309.736 155.893 654.721 1276.29 1832.27 2578.67 3278.36 4098.96 5034.07 6165.32 7119.7 8016.15 8684.59 9192.49 9588.58 9992.78 10510.4 11477.5 12320.4 12753.9 12414.9 11362.9 10406.6 9450.35 8494.1 7362.85 6406.6 5452.24 4520.91 3595.34 3072.44 2664.82 2449.95 2787.04 3231.88 3897.12 4667.19 5507.46 6355.79 7282.99 8234.25 9365.42 10321.7 11277.9 12234.2 12692.8 12128.2 11670.6 11270.9 10802.3 10406.2 10010.2 9769.39
11303.2 10346.9 9220.73 8382.66 7762.67 7040.84 6272.48 5845.28 5448.64 5052.55 4675.87 4696.58 4646.1 4592.4 4163.31 3760.61 3233.88 2429.53 1347.78 739.724 537.454 399.842 249.42 194.294 294.079 504.487 514.444 886.051 1742.82 2576.73 3286.98 3931.01 4623.93 5443.89 6561.41 7517.66 8472.6 9387.21 10142.3 10544.8 10940.9 11342.1 11973.9 12771.3 12893.8 12095.7 10966.8 10010.5 9054.26 8098.01 6966.76 6010.51 5054.26 4099.22 3007.66 2243 1718.64 1493.7 1863.1 2534.36 3314.84 4007.23 5001.44 5929.42 6881.91 7838.08 8969.33 9925.58 10881.8 11838.1 12827.3 12974.8 12623.3 12227.2 11758.6 11362.5 10966.4 10725.6
11771.8 10820.6 9838.87 9236 8520.9 7872.3 7372.07 6975.98 6579.89 6183.8 5807.12 5827.83 5777.35 5707.11 5275.62 4701.64 3845.76 2923.76 2138.59 1795.47 1617.62 1466.29 1232.97 1055.99 1182.21 1354.86 1537.43 1721.38 2303.1 3161.78 4175.19 4780.29 5412.11 6080.43 7043.72 7986.24 8941.97 9885.55 10900.3 11452.6 11852.5 12248.6 12722.7 13018.5 12573.4 11629.4 10498.2 9541.93 8585.68 7629.43 6498.18 5541.93 4585.68 3629.43 2499.39 1568.74 773.404 444.834 1072.87 1856.49 2555.29 3401.62 4500.75 5457 6413.25 7369.5 8500.75 9457 10413.3 11369.5 12500.3 13353.6 13631.9 13353.9 12889.8 12493.7 12089.5 11816.2
12176 11334.8 10588.3 9881.6 9240.39 8797.45 8328.32 7932.23 7536.14 7140.05 6763.37 6784.08 6733.6 6657.67 6053.98 5197.99 4292.54 3600.71 3085.68 2751.72 2573.87 2422.54 2189.22 2009.49 2132.97 2310.19 2491 2664.82 3075.74 3655.44 4674.84 5502.98 6135.04 6764.45 7570.12 8364.29 9192.15 9913.7 10567.6 10985 11381.1 11777.2 12274.2 12660.3 12251 11308.4 10177.2 9220.92 8264.67 7308.42 6177.17 5220.92 4264.67 3308.42 2177.17 1222.81 374.417 85.4494 588.176 1211.43 2051.28 2977.25 4104.66 5060.91 6017.16 6973.41 8104.66 9060.91 10017.2 10973.4 12104.7 13060.1 13899.7 14192.1 13846.1 13450 13122.9 12493.6
12698.9 12067.2 11225.6 10592.7 10150.1 9753.15 9284.57 8888.48 8492.39 8096.3 7719.62 7740.33 7687.75 7480.07 6550.44 5644.88 4964.45 4512.2 4041.93 3707.97 3530.12 3378.79 3145.47 2965.74 3089.22 3266.44 3447.25 3621.07 4017.16 4426.07 5139.94 6024.07 6849.86 7373.73 7760.87 8246.01 8739.34 9162.79 9632.69 10028.8 10424.9 10826.5 11534.1 12273.6 12126.4 11219.1 10087.9 9131.6 8175.35 7219.1 6087.85 5131.6 4175.35 3219.1 2087.85 1131.6 316.613 37.4697 170.689 712.481 1626.14 2577.4 3708.57 4664.82 5621.07 6577.32 7708.57 8664.82 9621.07 10577.3 11708.6 12664.8 13620.2 14505.1 14770.7 14398.1 14145.5 14117.3
13419.5 12697.7 11929.3 11502.1 11105.5 10709.4 10240.8 9844.73 9448.64 9052.55 8675.87 8696.58 8589.84 8043.92 6980.79 6305.4 5864.55 5466.76 4998.18 4664.22 4486.37 4335.04 4101.72 3921.99 4045.47 4222.69 4403.5 4577.32 4973.41 5369.5 5867.37 6487.74 7136.77 7155.59 7045 7415.68 7811.77 8207.86 8676.44 9072.53 9474.11 10036.8 11066.4 11949.2 11994.5 11141.1 10009.8 9053.58 8097.33 7141.08 6009.83 5053.58 4097.33 3158.74 2068.16 1113.48 283.395 72.5636 224.484 711.765 1538.46 2491.89 3623.14 4579.39 5535.64 6491.89 7623.14 8579.39 9535.64 10491.9 11623.1 12579.4 13485.5 14545 15254.5 15013.8 14735.3 14336
14177.8 13529.2 13028.9 12632.8 12236.7 11840.7 11372.1 10976 10579.9 10183.8 9807.09 9796.23 9392.71 8580.62 7795.44 7390.19 6994.1 6598.01 6129.43 5795.47 5617.62 5466.29 5232.97 5053.24 5176.72 5353.94 5534.75 5708.57 6101.36 6450.87 6741.95 6749.53 6482.1 6095.44 5914.22 6284.43 6680.52 7076.61 7545.83 7969.74 8581.94 9466.61 10596.9 11492.9 11574.5 10733 9601.74 8645.49 7689.23 6732.98 5601.74 4645.49 3689.24 2732.99 1743.04 1087.22 554.237 195.323 328.213 1164.28 2012.86 2971.41 4016.63 5043.89 5948.87 6904.75 8006.47 8931.61 9745.84 10720.3 11997.3 13020.8 13931 14874.4 -9999 -9999 -9999 -9999
14894.6 14454.3 13985.2 13589.1 13193 12796.9 12328.3 11932.2 11536.1 11140 10756.3 10604.7 9934.04 9257.57 8742.54 8346.44 7950.35 7554.26 7085.68 6751.72 6573.87 6422.54 6189.22 6009.49 6132.97 6310.19 6491 6660.13 6909.89 6744.22 6325.19 5931.37 5535.28 5139.19 4957.97 5328.18 5724.27 6120.36 6617.4 7238.66 8115 9069.6 10200.9 11102.2 11205.6 10373.1 9241.89 8285.64 7329.39 6373.14 5241.89 4285.64 3329.39 2373.14 1257.88 536.102 488.77 459.671 679.623 1484.32 2487.37 3375.4 5042.88 5729.14 6294.71 7313.61 8147.01 8971.75 9224.87 -9999 13250.8 13393.9 14119.6 15091.7 -9999 -9999 -9999 -9999
15485.9 15348.2 14941.4 14545.3 14149.2 13753.2 13284.6 12888.5 12492.4 12096.3 11663.1 11255.9 10621.3 10169.1 9698.78 9302.69 8906.6 8510.51 8041.93 7707.97 7530.12 7378.79 7145.47 6965.74 7089.22 7266.44 7443.95 7470.05 7142.85 6314.56 5431.63 4975.12 4579.03 4182.94 4001.72 4371.93 4768.02 5169.6 5877.25 6762.66 7717.26 8673.51 9804.76 10739.2 11075.1 10371.4 9241.89 8285.64 7329.39 6373.14 5241.89 4285.64 3329.39 2373.14 1257.08 470.521 235.067 240.178 805.118 1436.89 3138.61 3268.49 6523.78 6475.21 6423.25 7538.95 -9999 -9999 -9999 -9999 -9999 -9999 -9999 -9999 -9999 -9999 -9999 -9999
15029 15351.4 15563.5 15446.4 15105.5 14709.4 14240.8 13844.7 13448.6 13052.5 12504.3 11960.3 11521.4 11123.6 10655 10258.9 9862.85 9466.76 8998.18 8664.22 8486.37 8335.04 8101.72 7921.99 8045.47 8222.69 8287.35 7727.47 6861.91 5908.67 4806.71 4079.28 3622.78 3226.69 3045.47 3415.68 3817.26 4379.93 5409.59 6364.92 7321.17 8277.42 9408.67 10363.9 11081.7 10707.4 9601.74 8645.49 7689.23 6732.98 5601.74 4645.49 3712.58 3201.33 1597.98 853.783 258.298 448.117 1133.13 1462.29 3549.89 3549.89 7112.51 7680.65 8057.31 -9999 -9999 -9999 -9999 -9999 -9999 -9999 -9999 -9999 -9999 -9999 -9999 -9999
13915.8 14311.9 14838.1 15511.6 15990.8 15827.2 15372.1 14976 14571.8 14099.5 13452.3 13047.1 12651 12254.9 11786.3 11390.2 10994.1 10598 10129.4 9795.47 9617.62 9466.29 9232.97 9052.77 9152.66 9097.27 8308.84 7352.59 6396.34 5440.09 4308.84 3365.41 2594.78 2101.12 1914.86 2312.89 2925.08 3809.76 4940.09 5896.34 6852.59 7808.84 8940.09 9896.34 10833.8 11049.7 10070.3 9114.06 8157.81 7201.56 6072.53 5170.88 4511.12 4402.32 5562.24 7027.62 -9999 2474.87 1924 -9999 -9999 -9999 -9999 -9999 -9999 -9999 -9999 -9999 -9999 -9999 -9999 -9999 -9999 -9999 -9999 -9999 -9999 -9999
12959.6 13390.4 14191.7 15124.6 16043.3 16551 16328.3 15921.3 15440.6 14903.1 14399.4 14003.3 13607.2 13211.1 12742.5 12346.4 11950.4 11554.3 11085.7 10751.7 10573.9 10422.5 10188.8 9949.99 9720.55 9026.04 7912.75 6956.5 6000.25 5044 3912.75 2956.5 2015.08 1242.44 986.438 1581.8 2458.15 3412.75 4544 5500.25 6456.5 7412.75 8544 9500.25 10456.5 11157.4 10466.4 9510.15 8553.9 7597.65 6523.22 5858.67 5402.06 5312.54 5810.36 6414.66 -9999 2474.87 2510.21 -9999 -9999 -9999 -9999 -9999 -9999 -9999 -9999 -9999 -9999 -9999 -9999 -9999 -9999 -9999 -9999 -9999 -9999 -9999
12043 12697.8 13772.3 14728.5 15684.8 16608.5 17133.3 16792.9 16262.8 15825.9 15355.6 14959.6 14563.5 14167.4 13698.8 13302.7 12906.6 12510.5 12041.9 11708 11530.1 11378.8 11121.6 10594.2 9797.16 8857.6 7726.35 6770.1 5813.85 4857.6 3726.35 2770.1 1813.85 893.759 569.389 1318.8 2270.1 3226.35 4332.49 5294.52 6267.08 7229.72 8341.64 9299.26 10221 11165.2 10849.6 9898.09 8946.36 8009.27 7039.83 6559.33 6136.16 5738.74 6019.85 6277.98 -9999 -9999 -9999 -9999 -9999 -9999 -9999 -9999 -9999 -9999 -9999 -9999 -9999 -9999 -9999 -9999 -9999 -9999 -9999 -9999 -9999 -9999
11345.5 12247.2 13376.2 14332.4 15288.7 16244.9 17281.3 17528 17178.2 16780.5 16311.9 15915.8 15519.7 15123.6 14655 14258.9 13862.9 13466.8 12998.2 12664.2 12486.4 12335 11908.1 11038.8 10085.7 9129.43 7998.18 7041.93 6085.68 5129.43 3998.18 3047.99 2080.07 1391.43 1177.59 1674.72 2362.85 3323.26 4218.48 5917.87 6558.77 7425.34 8774.46 9414.84 9982.54 11186.1 10881.3 10347.5 9294.4 8491.36 7206.49 6743.93 6639.09 -9999 -9999 -9999 -9999 -9999 -9999 -9999 -9999 -9999 -9999 -9999 -9999 -9999 -9999 -9999 -9999 -9999 -9999 -9999 -9999 -9999 -9999 -9999 -9999 -9999
10820.1 11776.4 12907.6 13863.9 14820.1 15776.4 16907.6 17790.5 18148.1 17904.7 17443.1 17047 16651 16254.9 15786.3 15390.2 14994.1 14598 14129.4 13795.5 13616.9 13359.8 12451.1 11494.8 10536 9590.01 8465.7 7502.17 6545.69 5597.72 4521.13 3574.35 3349.87 -9999 -9999 -9999 -9999 -9999 -9999 -9999 -9999 -9999 -9999 -9999 -9999 -9999 11028.2 11028.2 -9999 -9999 -9999 -9999 -9999 -9999 -9999 -9999 -9999 -9999 -9999 -9999 -9999 -9999 -9999 -9999 -9999 -9999 -9999 -9999 -9999 -9999 -9999 -9999 -9999 -9999 -9999 -9999 -9999 -9999
10424 11380.3 12511.5 13467.8 14424 15380.3 16511.5 17467.8 18340.1 18708.3 18399.4 18003.3 17607.2 17211.1 16742.5 16346.4 15950.4 15554.3 15085.7 14751.2 14544.6 14059.7 12652.4 11696.2 10726.9 9822.07 8674.8 7782.35 6839.08 5988.35 5345.91 -9999 -9999 -9999 -9999 -9999 -9999 -9999 -9999 -9999 -9999 -9999 -9999 -9999 -9999 -9999 -9999 -9999 -9999 -9999 -9999 -9999 -9999 -9999 -9999 -9999 -9999 -9999 -9999 -9999 -9999 -9999 -9999 -9999 -9999 -9999 -9999 -9999 -9999 -9999 -9999 -9999 -9999 -9999 -9999 -9999 -9999 -9999
10027.9 10984.2 12115.4 13071.7 14027.9 14984.2 16115.4 17071.7 18027.9 18910.9 19281.3 18959.5 18563.5 18167.4 17698.8 17288.1 16899.6 16395.1 15976.3 15637.6 15416.7 14730 -9999 -9999 -9999 -9999 8294.42 7856.55 7105.5 6902.74 5690.86 -9999 -9999 -9999 -9999 -9999 -9999 -9999 -9999 -9999 -9999 -9999 -9999 -9999 -9999 -9999 -9999 -9999 -9999 -9999 -9999 -9999 -9999 -9999 -9999 -9999 -9999 -9999 -9999 -9999 -9999 -9999 -9999 -9999 -9999 -9999 -9999 -9999 -9999 -9999 -9999 -9999 -9999 -9999 -9999 -9999 -9999 -9999
9631.83 10588.1 11719.3 12675.6 13631.8 14588.1 15719.3 16675.6 17631.8 18588.1 19593.9 19841.5 19506.8 19085.7 18604.8 17961.7 17596.8 17088.6 16251.3 15910.4 15705.2 15645.4 -9999 -9999 -9999 -9999 -9999 -9999 7295.5 7384.58 -9999 -9999 -9999 -9999 -9999 -9999 -9999 -9999 -9999 -9999 -9999 -9999 -9999 -9999 -9999 -9999 -9999 -9999 -9999 -9999 -9999 -9999 -9999 -9999 -9999 -9999 -9999 -9999 -9999 -9999 -9999 -9999 -9999 -9999 -9999 -9999 -9999 -9999 -9999 -9999 -9999 -9999 -9999 -9999 -9999 -9999 -9999 -9999
9163.25 10118.8 11256 12213 13168.4 14124.7 15255.9 16212.2 17168.4 18054.4 19367.6 20029.6 20460.1 -9999 19586.7 -9999 -9999 -9999 -9999 -9999 -9999 -9999 -9999 -9999 -9999 -9999 -9999 -9999 -9999 -9999 -9999 -9999 -9999 -9999 -9999 -9999 -9999 -9999 -9999 -9999 -9999 -9999 -9999 -9999 -9999 -9999 -9999 -9999 -9999 -9999 -9999 -9999 -9999 -9999 -9999 -9999 -9999 -9999 -9999 -9999 -9999 -9999 -9999 -9999 -9999 -9999 -9999 -9999 -9999 -9999 -9999 -9999 -9999 -9999 -9999 -9999 -9999 -9999
8765.12 9692.52 11156.9 12125.6 12981.2 13935.6 15060.4 16017.1 16935.2 17643.4 -9999 -9999 -9999 -9999 -9999 -9999 -9999 -9999 -9999 -9999 -9999 -9999 -9999 -9999 -9999 -9999 -9999 -9999 -9999 -9999 -9999 -9999 -9999 -9999 -9999 -9999 -9999 -9999 -9999 -9999 -9999 -9999 -9999 -9999 -9999 -9999 -9999 -9999 -9999 -9999 -9999 -9999 -9999 -9999 -9999 -9999 -9999 -9999 -9999 -9999 -9999 -9999 -9999 -9999 -9999 -9999 -9999 -9999 -9999 -9999 -9999 -9999 -9999 -9999 -9999 -9999 -9999 -9999
8360.72 9233.38 12234.7 12354.9 13065.3 14017 15166.3 16269.3 16739.9 17513.6 -9999 -9999 -9999 -9999 -9999 -9999 -9999 -9999 -9999 -9999 -9999 -9999 -9999 -9999 -9999 -9999 -9999 -9999 -9999 -9999 -9999 -9999 -9999 -9999 -9999 -9999 -9999 -9999 -9999 -9999 -9999 -9999 -9999 -9999 -9999 -9999 -9999 -9999 -9999 -9999 -9999 -9999 -9999 -9999 -9999 -9999 -9999 -9999 -9999 -9999 -9999 -9999 -9999 -9999 -9999 -9999 -9999 -9999 -9999 -9999 -9999 -9999 -9999 -9999 -9999 -9999 -9999 -9999
