public/models/data/input/map/sulut/1000/mapdset.asc
NCOLS 248
NROWS 182
XLLCORNER 510063.019283
YLLCORNER 211117.685435
CELLSIZE 1000.000000
NODATA_VALUE       -9999
[rows 99 to 131 of 182, columns 74 to 147 of 248]
-9999 -9999 -9999 -9999 -9999 -9999 -9999 -9999 -9999 -9999 -9999 -9999 -9999 -9999 -9999 -9999 -9999 -9999 -9999 -9999 -9999 -9999 -9999 -9999 -9999 -9999 -9999 -9999 -9999 -9999 -9999 -9999 -9999 -9999 -9999 -9999 -9999 -9999 -9999 -9999 -9999 -9999 -9999 -9999 -9999 -9999 -9999 -9999 -9999 -9999 -9999 -9999 -9999 -9999 1000 1000 1000 -9999 321.227 346.068 497.083 300.007 1017 1973.25 2929.5 3885.75 5002.96 5662.84 5589.07 5198.99 4888.33 5171.03 5268.08 4928.58
-9999 -9999 -9999 -9999 -9999 -9999 -9999 -9999 -9999 -9999 -9999 -9999 -9999 -9999 -9999 -9999 -9999 -9999 -9999 -9999 -9999 -9999 -9999 -9999 -9999 -9999 -9999 -9999 -9999 -9999 -9999 -9999 -9999 -9999 -9999 -9999 -9999 -9999 -9999 -9999 -9999 -9999 -9999 -9999 -9999 -9999 -9999 -9999 -9999 1340.15 407.858 281.884 652.217 251.394 409.607 550.021 795.925 755.586 343.7 371.381 439.821 475.666 1156 2079.94 3035.64 3991.89 5123.14 6061.79 6558.28 6329.01 6019.58 6299.17 6369.48 5903.79
-9999 -9999 -9999 -9999 -9999 -9999 -9999 -9999 -9999 -9999 -9999 -9999 -9999 -9999 -9999 -9999 -9999 -9999 -9999 -9999 -9999 -9999 -9999 -9999 -9999 -9999 -9999 -9999 -9999 -9999 -9999 -9999 -9999 -9999 -9999 -9999 -9999 -9999 -9999 -9999 -9999 -9999 -9999 -9999 -9999 -9999 -9999 1343.09 1329.17 1361.91 602.538 384.857 753.965 547.619 373.989 297.046 761.812 1277.17 1210.3 1278.61 1393.66 1422.76 1832.95 2524.77 3432.55 4387.98 5519.23 6475.48 7252.66 7266.79 6975.83 7242.05 7164.72 6435.43
-9999 -9999 -9999 -9999 -9999 -9999 -9999 -9999 -9999 -9999 -9999 -9999 -9999 -9999 -9999 -9999 -9999 -9999 -9999 -9999 -9999 -9999 -9999 -9999 -9999 -9999 -9999 -9999 -9999 -9999 -9999 -9999 -9999 -9999 -9999 -9999 -9999 -9999 -9999 -9999 -9999 -9999 -9999 -9999 -9999 -9999 1385.68 1241.75 1001.72 1116.04 889.969 566.975 1121.49 1236.3 695.004 693.055 1276.68 1962.97 2166.55 2234.86 2349.91 2379.01 2744.44 3196.68 3877.11 4784.62 5915.32 6871.57 7796.5 8156.99 7931.96 8108.9 7758.6 7102.86
-9999 -9999 -9999 -9999 -9999 -9999 -9999 -9999 -9999 -9999 -9999 -9999 -9999 -9999 -9999 -9999 -9999 -9999 -9999 -9999 -9999 -9999 -9999 -9999 -9999 -9999 -9999 -9999 -9999 -9999 -9999 -9999 -9999 -9999 -9999 -9999 -9999 -9999 -9999 -9999 -9999 -9999 -9999 -9999 -9999 -9999 1300.62 1082.44 507.601 756.887 1358.49 1237.38 1664.33 1958.35 1567.28 1516.18 1985.62 2617.24 3110.05 3191.11 3306.16 3335.26 3698.99 4096.78 4537.63 5213.02 6311.41 7267.66 8223.13 8950.9 8878.46 8878.06 8368.93 7663.16
-9999 -9999 -9999 -9999 -9999 -9999 -9999 -9999 -9999 -9999 -9999 -9999 -9999 -9999 -9999 -9999 -9999 -9999 -9999 -9999 -9999 -9999 -9999 -9999 -9999 -9999 -9999 -9999 -9999 -9999 -9999 -9999 -9999 -9999 -9999 -9999 -9999 -9999 -9999 -9999 -9999 -9999 -9999 -9999 -9999 301.777 482.427 882.978 682.613 1049.39 2012.51 2335.46 2647.55 2970.69 2695.63 2636.08 3001.11 3479.58 4114.52 4322.17 4437.41 4466.51 4830.24 5226.34 5622.43 6027.67 6812.85 7736.79 8692.49 9609.06 9455.47 8729.82 8094.29 7336.12
-9999 -9999 -9999 -9999 -9999 -9999 -9999 -9999 -9999 -9999 -9999 -9999 -9999 -9999 -9999 -9999 -9999 -9999 -9999 -9999 -9999 -9999 -9999 -9999 -9999 -9999 -9999 -9999 -9999 -9999 -9999 -9999 -9999 -9999 -9999 -9999 -9999 -9999 -9999 -9999 -9999 -9999 -9999 -9999 332.213 307.602 297.398 864.914 1110.16 1366.61 2255.2 2983.3 3528.04 3909.9 3651.88 3592.33 3957.36 4353.45 4901.84 5263.08 5393.66 5422.76 5786.49 6182.59 6578.68 6974.77 7489.8 8181.62 9089.41 9803.83 9131.03 8194.5 7387.91 6741.94
-9999 -9999 -9999 -9999 -9999 -9999 -9999 -9999 -9999 -9999 -9999 -9999 -9999 -9999 -9999 -9999 -9999 -9999 -9999 -9999 -9999 -9999 -9999 -9999 -9999 -9999 -9999 -9999 -9999 -9999 -9999 -9999 -9999 -9999 -9999 -9999 -9999 -9999 -9999 -9999 -9999 -9999 -9999 423.388 408.712 319.206 558.824 836.934 674.106 959.366 1961.28 2906.63 3800.43 4545.05 4601.97 4548.58 4913.61 5309.7 5783.54 6172.53 6344.87 6379.01 6742.74 7138.83 7534.93 7931.02 8401.29 8853.54 9512.64 9703.67 8734.17 7778.97 6842.16 6025.14
-9999 -9999 -9999 -9999 -9999 -9999 -9999 -9999 -9999 -9999 -9999 -9999 -9999 -9999 -9999 -9999 -9999 -9999 -9999 -9999 -9999 -9999 -9999 -9999 -9999 -9999 -9999 -9999 -9999 -9999 -9999 -9999 -9999 -9999 -9999 -9999 -9999 -9999 -9999 -9999 -9999 -9999 318.299 180.728 472.021 819.584 1222.61 1159.89 608.547 830.164 1873.14 2829.39 3785.64 4734.35 5452.46 5504.83 5869.86 6265.95 6734.59 7109.34 7295.64 7335.26 7698.99 8095.08 8491.18 8887.27 9355.85 9749.89 9955.57 9440.35 8338.08 7381.83 6426.35 5484.46
-9999 -9999 -9999 -9999 -9999 -9999 -9999 -9999 -9999 -9999 -9999 -9999 -9999 -9999 -9999 -9999 -9999 -9999 -9999 -9999 -9999 -9999 -9999 -9999 -9999 -9999 -9999 -9999 -9999 -9999 -9999 -9999 -9999 4039.21 2788.79 2064.76 1116.66 269.899 143.248 327 832.833 477.135 458.926 441.423 718.539 1559.08 2201.51 1952.47 1567.48 1686.56 2354.67 3246.76 4199.85 5156.1 6196.94 6623.37 7001.11 7397.2 7865.78 8239.89 8426.36 8466.51 8830.24 9226.34 9622.43 9993.52 10319.4 10373 9891.94 8998.92 7869.5 6913.25 5957 5000.75
-9999 -9999 -9999 -9999 -9999 -9999 -9999 -9999 -9999 -9999 -9999 -9999 -9999 -9999 -9999 -9999 -9999 -9999 -9999 -9999 -9999 -9999 -9999 -9999 -9999 -9999 -9999 -9999 -9999 -9999 -9999 4295.34 4519.18 4206.43 3194.34 2249.56 1404.99 798.079 475.082 709.539 1250.87 1239.27 1313.7 1127.63 1243.78 1959.34 2888.97 2849.05 2523.73 2642.81 3119.26 3731.27 4600.34 5552.19 6668.35 7442.62 7948.97 8353.45 8822.03 9196.14 9382.61 9422.76 9786.49 10182.6 10529 10518.3 10069.3 9673.61 9228.03 8554.72 7473.41 6517.16 5560.91 4604.66
-9999 -9999 -9999 -9999 -9999 -9999 -9999 -9999 -9999 -9999 -9999 -9999 -9999 -9999 -9999 -9999 -9999 -9999 -9999 -9999 -9999 -9999 -9999 -9999 -9999 -9999 -9999 -9999 -9999 -9999 2888.16 3411.83 4252.71 4515.18 3586.35 2760.16 2147.18 1655.7 1364.77 1542.48 1993.15 2150.28 2257.16 2056.35 2120.13 2571.53 3409.63 3742.95 3479.98 3599.06 4053.68 4478.97 5083.61 5951.44 7079.39 8013.96 8793.2 9303.58 9778.28 10152.4 10338.9 10379 10742.7 11089.2 11024.9 10324.5 9312.29 8732.59 8321.27 7881.65 7058.31 6121.07 5164.82 4208.57
-9999 -9999 -9999 -9999 -9999 -9999 -9999 -9999 -9999 -9999 -9999 -9999 -9999 -9999 -9999 -9999 -9999 -9999 -9999 -9999 -9999 -9999 -9999 -9999 -9999 -9999 -9999 -9999 1353.55 1420.9 2043.83 2868.15 3804.92 4582.42 4089.07 3498.88 3008.04 2595.99 2321.02 2489.3 2875.84 3080.65 3213.41 3012.6 3074.73 3456.2 4018.36 4502.54 4434.95 4555.31 5009.65 5406.02 5823.94 6411.7 7475.63 8431.73 9371.85 10171.6 10734.5 11108.6 11295.1 11335.3 11667.1 11618 10884.6 9944.17 8818.63 7959.95 7378.24 6969.11 6447.61 5851.54 5055.81 4123.14
-9999 -9999 -9999 -9999 -9999 -9999 -9999 -9999 -9999 -9999 -9999 -9999 -9999 -9999 -9999 -9999 -9999 -9999 -9999 -9999 -9999 -9999 -9999 -9999 2328.52 1612.5 118.257 210.459 670.156 750.508 1454.78 2401.88 3358.13 4314.38 4882.26 4523.85 4122.78 3726.69 3452.27 3620.55 4001.11 4208.94 4344.66 4142.82 4186.95 4491.99 4905.18 5294.22 5437.33 5627.07 6098.29 6527 6932.69 7329.18 8011.46 8899.24 9836.32 10744.8 11561.5 11868.2 11994.3 11877.6 11924.1 11382 10431.9 9475.62 8344.38 7388.13 6492.28 5867.37 5369.5 4973.41 4574.1 4223.73
-9999 -9999 -9999 -9999 -9999 -9999 -9999 -9999 -9999 -9999 -9999 -9999 -9999 -9999 -9999 -9999 -9999 -9999 -9999 -9999 -9999 -9999 3457.11 3320.44 2521.14 1681.03 645.378 238.821 336.851 515.203 1396.15 2342.33 3298.58 4254.83 5282.35 5447.03 5079.03 4682.94 4408.52 4576.8 4957.36 5140.21 5074.1 4800.89 4629.27 4476.73 4639.19 5033.24 5391.4 5768.52 6445.73 7116.14 7600.24 7999.37 8489.94 9086.07 9833.61 10455.3 10964 11172.9 11237.2 11031.5 11087.1 10887.5 10032 9079.53 7948.28 6992.03 6035.78 5139.94 4426.07 4017.16 3621.07 3532.42
-9999 -9999 -9999 -9999 -9999 -9999 -9999 -9999 -9999 -9999 -9999 -9999 -9999 -9999 -9999 -9999 -9999 -9999 -9999 -9999 -9999 -9999 2885.51 3080.26 2708.23 1832.59 800.016 462.626 710.183 1137.15 1873.21 2718.89 3663.61 4619.86 5729.71 6262.31 6035.28 5639.19 5364.77 5533.05 5838.29 5637.51 4870.3 4370.16 3974.3 3579.39 3682.94 4079.03 4489.95 5058.79 6026.05 6716.57 7177.17 7575.1 8062.71 8590.27 9120.84 9551.61 10047.7 10247.2 10281 10075.3 10152.7 10148.4 9555.37 8680.73 7552.19 6595.94 5639.69 4683.44 3655.44 3075.74 2664.82 2579.39
-9999 -9999 -9999 -9999 -9999 -9999 -9999 -9999 -9999 -9999 -9999 -9999 -9999 -9999 -9999 -9999 -9999 -9999 4679.67 4485.62 3711.95 2848.92 2390.86 2365.39 2550.58 2098.97 1347.56 1237.19 1572.61 2008.3 2576.1 3225.55 4069.77 5015.95 6145.77 6926.96 6976.13 6595.44 6321.02 6423.53 6232.18 5443.34 4333.68 3534.22 3021.98 2623.14 2726.69 3135.6 3706.45 4536.51 5384.93 5828.13 6225.98 6622.07 7238.75 7774.42 8199.27 8633.54 9328.56 9321.15 9324.73 9119.03 9196.96 9225.96 8836.5 8238.7 7156.1 6199.85 5243.6 4287.35 3161.78 2303.1 1721.38 1623.14
3187.63 2540.55 -9999 4997.59 4580.79 3719.02 2290.01 1403.55 1282.12 1353.55 1939.53 2014.64 -9999 -9999 5265.93 5376.42 5151.05 4454.63 3239.03 2493.5 2966.57 2656.73 1450.75 1280.44 1742.92 2121.23 2212.91 2323.85 2691.29 3086.51 3607.76 4081.04 4691.13 5504.55 6615.78 7544.87 7985.09 7716.94 7307.15 6820.08 5939.23 4982.99 3851.74 2898.23 2058.13 1505.25 1623.72 2236.05 3102.11 3797.74 4302.55 4698.91 5113.68 5638.92 6268 6678.91 7158.48 7917.99 8461.3 8192.7 8193.48 7987.78 8065.71 8095.22 7739.3 7487.08 6700.13 5785.25 4829.39 3873.14 2741.89 1785.64 899.339 701.006
2067.47 1920.54 2542.79 -9999 3935.74 3349.09 2234 1322.71 805.339 1131.93 1752.63 1898.61 2290.84 3141.86 4551.17 5292.99 5081.18 4221.85 3112.13 2325.54 1998.55 1984.24 920.17 573.417 940.34 1255.7 1949.45 2739.95 3422.94 3982.2 4517.26 4958.53 5437.64 6043.47 7021.94 7967.24 8653.8 8393.87 7488.06 6556.35 5600.1 4643.85 3512.6 2556.35 1603.39 768.93 886.941 1757.55 2617.63 2940.77 3346.57 3767.47 4287.45 4822.25 5326.57 5819.96 6575 7444.94 7541.93 7236.45 7237.23 7031.53 7109.46 7138.98 6783.05 6567.44 6273.28 5792.36 4905.94 3957.33 2827.32 1884.07 1068.47 899.339
873.677 1571.37 2541.67 3482.82 4043.84 3423.37 2322.07 1387.81 648.419 634.079 1017.57 1418.17 2089.1 2998.18 4154.89 4989.5 4861.65 3955.98 2824.72 1911.64 896.47 586.803 831.958 562.988 512.323 648.204 1602.43 2558.68 3504.69 4391.73 5290.67 5859.11 6310.87 6785.72 7530.06 8375.74 9078.19 8658.89 7542.88 6586.63 5630.38 4674.13 3542.88 2586.63 1630.38 690.165 586.249 1482.94 2031.92 2021.48 2408.99 2935.11 3463.99 3894.76 4453.8 5222.66 6104.61 6745.04 6585.68 6280.2 6280.98 6075.28 6153.21 6182.72 5826.8 5611.19 5491.05 5588.56 4988.73 4147.13 3153.83 2389.75 1860.57 1781.95
742.835 1497.35 2616.04 3569.39 4267.43 3809.92 2690.19 1740.24 880.143 547.806 347.975 827.684 1735.55 2690.11 3821.36 4733.47 4921.42 4134.61 3003.36 2081.87 1386.19 1258.75 1517.29 1317.37 1063.69 1030.95 1790.21 2737.31 3693.56 4649.81 5771.98 6625.68 7211.1 7664.78 8232.96 8882.4 9468.72 9015.51 7896.15 6939.9 5983.65 5027.4 3896.15 2939.9 1989.14 1200.01 1051.76 1551.91 1402.98 1076.29 1587.58 2134.63 2542.42 2976.69 3862.39 4758.44 5427.47 5853.2 5629.43 5323.95 5324.73 5119.03 5196.96 5226.48 4870.55 4654.94 4545.43 4850.28 4586.37 3751.66 2888.95 2312.4 1955.84 2037
1643.85 2074.51 3042.39 3993.6 4706.1 4274.85 3161.78 2303.1 1719.09 1341.54 841.04 1214.66 2013.57 2949.54 4080.24 5019.08 5329.74 4598.01 3524.43 2878 2458.57 2373.14 2618.74 2442.26 2179.76 2121.62 2570.21 3247.16 4158.65 5113.21 6244.46 7200.57 8093.61 8714.9 9264.61 9737.67 10057.4 9486.66 8363.21 7406.96 6450.71 5494.46 4363.85 3435.42 2695.27 2227.61 2076.05 1896.11 1046.56 423.416 724.185 1108.87 1501.63 2262.56 3308.72 3939.86 4452.58 4829.86 4498.18 4192.7 4193.48 3987.78 4065.71 4095.23 3739.3 3523.69 3414.22 3782.48 3893.1 3226.24 2155.33 1444.29 965.645 1073.55
2600.1 2939.24 3563.09 4397.79 5102.19 4670.94 3655.44 3072.6 2627.66 2162.11 1777.61 2034.71 2577.29 3365.91 4476.34 5415.17 5725.83 5028.88 4230.34 3810.91 3414.82 3329.39 3574.99 3398.51 3136.01 3077.87 3494.15 3938.98 4610.9 5510.99 6640.55 7596.8 8552.88 9445.95 10163.3 10602.8 10635.2 9888.89 8759.3 7803.05 6846.8 5890.55 4787.77 4056.68 3580.68 3182.94 2909.03 2349.96 1534.71 829.342 330.797 454.637 1039.22 1833.12 2587.52 3115.41 3797.89 3964.18 3541.93 3236.45 3237.23 3031.53 3109.46 3138.98 2783.05 2567.44 2457.97 2832.57 3208.68 2852.18 1765.76 892.094 402.279 492.465
3556.35 3895.49 4377.11 4928.02 5506.38 5127.44 4423.77 3980 3517.32 3097.54 2733.86 2974.62 3387.05 3919.34 4877.92 5811.26 6161.67 5688.65 5163.25 4767.16 4371.07 4285.64 4531.24 4354.76 4092.26 4034.12 4449.85 4846.77 5291.32 5951.84 7036.64 7992.89 8949.14 9905.25 10930.2 11439.3 11174.5 10286.6 9155.39 8199.14 7242.89 6292.13 5399.96 4933.02 4535.28 4139.19 3607.24 2887.05 2183.83 1503.87 816.593 747.56 1011.62 1202.16 1752.9 2510.08 3268.77 3137.17 2585.68 2280.2 2280.98 2075.28 2159.63 2203.63 1828.45 1611.19 1504.88 1963.5 2680.25 2821.16 1834.27 1032.92 782.672 941.151
4512.6 4851.74 5320.41 5729.45 6077.57 5857.62 5339.22 4866.12 4449.89 4052.55 3690.11 3930.87 4326.96 4733.58 5385.68 6224.3 6788.12 6588.63 6119.5 5723.41 5327.32 5241.89 5487.49 5311.01 5048.51 4990.37 5406.1 5802.19 6198.83 6627.23 7441.88 8388.98 9345.23 10301.5 11420.8 12018 11602.1 10682.5 9551.48 8595.23 7644.47 6854.81 6284.63 5887.62 5491.53 5017.24 4228.13 3534.03 2856.21 2225.11 1710.59 1393.41 796.83 430.563 1146.39 2054.83 2721.87 2500.1 1693.5 1323.95 1356.85 1131.57 1271.9 1477.12 943.04 683.314 612.792 1351.49 2285.3 2952 2330.75 1826.51 1692.86 1875.13
5643.85 5982.98 6451.56 6847.66 7140.49 6933.87 6380.11 5975.98 5579.89 5183.8 4821.36 5062.12 5458.21 5854.31 6333.41 6871.51 7573.07 7684.13 7250.75 6854.66 6458.57 6373.14 6618.74 6442.26 6179.76 6121.62 6537.35 6933.44 7329.53 7725.63 8227.06 8904.01 9815.5 10768.9 11596.8 11536 11146.8 10680.2 9874.71 9032.96 8304.03 7836.36 7386.62 7005.65 6502.56 5826.04 5006.93 4341.15 3733.97 3287.73 2736.43 2010.08 1268.63 827.611 1192.12 1565.85 1750.22 1870.8 993.53 407.322 477.927 451.016 735.267 986.908 449.498 239.176 418.912 1254.33 2207.97 3127.15 3327.49 2948.21 2823.17 2965.17
6600.1 6939.23 7407.81 7803.9 8066.94 7813.76 7328.32 6932.23 6536.14 6140.05 5777.61 6018.37 6414.46 6810.55 7279.13 7691.56 8224.71 8561.22 8207 7810.91 7414.82 7329.39 7574.99 7398.51 7136.01 7077.87 7493.6 7889.69 8285.78 8681.87 9151 9595.83 10267.8 11100.8 11048.4 10589.9 10192.1 9796.04 9320.99 8871.17 8430.49 8032.75 7737.64 7641.84 7160.08 6486.2 5693.49 5092.42 4640.38 4186.73 3359.58 2629.33 2130.17 1713.09 1283.4 805.953 905.978 1453.24 847.234 309.402 258.535 372.051 544.063 583.19 502.361 704.064 893.916 1583.45 2478.19 3430.87 4171.48 3904.46 3719.94 3468.23
7556.35 7895.48 8364.06 8760.15 8989.53 8751.79 8284.57 7888.48 7492.39 7096.3 6733.86 6974.62 7370.71 7766.8 8235.38 8631.48 9043.91 9424.08 9163.25 8767.16 8371.07 8285.64 8531.24 8354.76 8092.26 8034.12 8449.85 8845.94 9242.03 9638.12 10106.7 10492.1 10822.9 11016.1 10422.2 9713.53 9237.53 8839.79 8371.21 7975.12 7579.03 7182.94 7000.96 7318.07 7414.89 7106.72 6438.65 5992.72 5531.71 4837.71 3973.32 3482.51 3009.11 2315.66 1286.4 663.779 775.13 1454.74 1046.13 581.46 349.274 269.577 184.709 421.775 996.723 1497.49 1746.23 2229.69 2922.69 3771.88 4728.49 4821.95 4443.49 3696.48
8512.6 8851.74 9320.31 9716.4 9943.97 9707.44 9240.82 8844.73 8448.64 8052.55 7690.11 7930.87 8326.96 8723.05 9191.63 9587.73 9983.82 10342.7 10119.5 9723.41 9327.32 9241.89 9487.49 9311.01 9048.51 8990.37 9406.1 9802.19 10198.3 10594.4 10909.8 10862.4 10615.1 10273.9 9752.13 9069.83 8352.13 7884.46 7414.96 7018.87 6622.78 6226.69 6045.47 6415.58 6800.16 7089.73 7164.68 6876.41 6190.05 5431.26 4832.21 4369.23 3652.47 2731.88 1815.5 1438.09 1501.12 1761.72 1442.84 1194.49 698.994 247.103 221.781 480.94 1189.21 1418.21 1771.96 2335.15 2895.95 3605.29 4590.3 5018.05 4875.41 4084.86
9643.85 9982.99 10451.6 10847.7 11075.2 10838.7 10372.1 9975.98 9579.89 9183.8 8821.36 9062.12 9458.21 9854.3 10322.9 10719 11115.1 11471.9 11250.8 10854.7 10458.6 10373.1 10618.7 10442.3 10179.8 10121.6 10537.4 10930.9 11281.1 11267.1 10462.5 9950.47 9544.83 9148.74 8680.11 8247.39 7589.08 6852.67 6284.63 5887.62 5491.53 5095.44 4914.22 5284.43 5680.52 6076.61 6573.09 6982.82 6852.43 6427.32 5868.48 5103.62 4179.92 3415.33 2875.77 2509.38 2164.22 1428.75 744.569 809.187 415.651 65.4293 55.9647 376.508 645.448 483.681 947.148 1504.16 2190.58 3011.37 3656.65 4073.02 4567.3 4476.19
10600.1 10939.2 11407.8 11803.9 12031.5 11794.9 11328.3 10932.2 10536.1 10140 9777.61 10018.4 10414.5 10810.6 11279.1 11675.2 12071.3 12428.2 12207 11810.9 11414.8 11329.4 11575 11398.5 11136 11077.9 11486.5 11731.8 11624 11034.5 9950.47 9138.33 8601.58 8192.49 7723.91 7327.74 6889.88 6236.74 5399.96 4933.02 4535.28 4139.19 3957.97 4328.18 4724.27 5133.17 5818.34 6528.58 7012.69 7158.07 6455.96 5539.63 4791.93 4296.33 3653.2 2945.92 2075.65 1123.38 266.101 254.986 162.838 21.6797 199.498 406.353 545.209 392.196 389.366 863.705 1643.38 2215.98 2720.67 3284.4 4094.16 4732.78
11556.3 11895.5 12364.1 12760.2 12987.7 12751.2 12284.6 11888.5 11492.4 11096.3 10733.9 10974.6 11370.7 11766.8 12235.4 12631.5 13027.6 13384.4 13163.3 12767.2 12371.1 12285.6 12531.2 12354.8 12092.3 12034.1 12303.4 11927.4 11152.1 10464.5 9540.01 8601.58 7785.99 7245.78 6767.66 6371.57 5975.4 5542.71 4783.22 4056.68 3580.68 3182.94 3001.72 3371.93 3782.85 4351.83 5190.28 5797.85 6462.17 7034.52 6812.9 6144.27 5635.92 5051.94 4044.14 3093.85 2137.6 1192.23 367.501 196.896 69.9219 65.1563 250.814 535.453 1014.66 968.557 337.191 499.378 899.881 1286.97 1921.76 2741.82 3681.73 4625.45
12512.6 12851.7 13320.3 13716.4 13944 13707.4 13240.8 12844.7 12448.6 12052.5 11690.1 11930.9 12327 12723.1 13191.6 13587.7 13983.8 14340.7 14119.5 13723.4 13327.3 13241.9 13487.5 13311 13048.5 12946.1 12516.1 11623.6 10671.4 9777.88 8986.44 8187.67 7245.78 6405.46 5811.41 5415.32 5019.23 4623.09 4205.59 3430.87 2695.27 2227.61 2045.47 2428.49 2999.48 3724.65 4437.43 5104.78 5750.97 6205.05 6601.78 6689.16 6159.16 5263.91 4138.93 3182.68 2233.67 1293.38 355.972 130.725 185.222 240.991 336.348 270.857 971.312 1372.16 894.644 619.006 367.232 493.374 1383.66 2329.39 3285.64 4241.89
