public/models/data/input/map/sulut/1000/mapdplant.asc
NCOLS 248
NROWS 182
XLLCORNER 510063.019283
YLLCORNER 211117.685435
CELLSIZE 1000.000000
NODATA_VALUE       -9999
[rows 102 to 135 of 182, columns 0 to 75 of 248]
-9999 -9999 -9999 -9999 -9999 -9999 -9999 -9999 -9999 -9999 -9999 -9999 -9999 -9999 -9999 -9999 -9999 -9999 -9999 -9999 -9999 -9999 -9999 -9999 -9999 -9999 -9999 -9999 -9999 -9999 -9999 -9999 -9999 -9999 -9999 -9999 -9999 -9999 -9999 -9999 -9999 -9999 -9999 -9999 -9999 -9999 -9999 -9999 -9999 -9999 -9999 -9999 -9999 -9999 -9999 -9999 -9999 -9999 -9999 -9999 -9999 -9999 -9999 -9999 -9999 -9999 -9999 -9999 -9999 -9999 -9999 -9999 -9999 -9999 -9999 -9999
-9999 -9999 -9999 -9999 -9999 -9999 -9999 -9999 -9999 -9999 -9999 -9999 -9999 -9999 -9999 -9999 -9999 -9999 -9999 -9999 -9999 -9999 -9999 -9999 -9999 -9999 -9999 -9999 -9999 -9999 -9999 -9999 -9999 -9999 -9999 -9999 -9999 -9999 -9999 -9999 -9999 -9999 -9999 -9999 -9999 -9999 -9999 -9999 -9999 -9999 -9999 -9999 -9999 -9999 -9999 -9999 -9999 -9999 -9999 -9999 -9999 -9999 -9999 -9999 -9999 -9999 -9999 -9999 -9999 -9999 -9999 -9999 -9999 -9999 -9999 -9999
-9999 -9999 -9999 -9999 -9999 -9999 -9999 -9999 0 0 0 0 -9999 -9999 -9999 -9999 5.93466 3.54295 2.80899 -9999 -9999 -9999 -9999 -9999 -9999 -9999 -9999 -9999 -9999 -9999 -9999 -9999 -9999 -9999 -9999 -9999 -9999 -9999 -9999 -9999 -9999 -9999 -9999 -9999 -9999 -9999 -9999 -9999 -9999 -9999 -9999 -9999 -9999 -9999 -9999 -9999 -9999 -9999 -9999 -9999 -9999 -9999 -9999 -9999 -9999 -9999 -9999 -9999 -9999 -9999 -9999 -9999 -9999 -9999 -9999 -9999
-9999 -9999 -9999 -9999 -9999 -9999 -9999 -9999 0 0 0 0 -9999 0 0 0 155.358 89.5139 62.7137 0 -9999 -9999 -9999 -9999 -9999 -9999 -9999 -9999 -9999 -9999 -9999 -9999 -9999 -9999 -9999 -9999 -9999 -9999 -9999 -9999 -9999 -9999 -9999 -9999 -9999 -9999 -9999 -9999 -9999 -9999 -9999 -9999 -9999 -9999 -9999 -9999 -9999 -9999 -9999 -9999 -9999 -9999 -9999 -9999 -9999 -9999 -9999 -9999 -9999 -9999 -9999 -9999 -9999 -9999 -9999 -9999
-9999 -9999 -9999 -9999 -9999 -9999 -9999 -9999 0 0 0 0 0 0 0 0 141.194 90.3694 40.516 0 -9999 -9999 -9999 -9999 -9999 -9999 -9999 -9999 -9999 -9999 -9999 -9999 -9999 -9999 -9999 -9999 -9999 -9999 -9999 -9999 -9999 -9999 -9999 -9999 -9999 -9999 -9999 -9999 -9999 -9999 -9999 -9999 -9999 -9999 -9999 -9999 -9999 -9999 -9999 -9999 -9999 -9999 -9999 -9999 -9999 -9999 -9999 -9999 -9999 -9999 -9999 -9999 -9999 -9999 -9999 -9999
-9999 -9999 -9999 -9999 -9999 -9999 -9999 -9999 0 0 0 0 0 0 0 0 1.21336 3.82813 1.25 0 -9999 -9999 -9999 -9999 -9999 -9999 -9999 -9999 -9999 -9999 -9999 -9999 -9999 -9999 -9999 -9999 -9999 -9999 -9999 -9999 -9999 -9999 -9999 -9999 -9999 -9999 -9999 -9999 -9999 -9999 -9999 -9999 -9999 -9999 -9999 -9999 -9999 -9999 -9999 -9999 -9999 -9999 -9999 -9999 -9999 -9999 -9999 -9999 -9999 -9999 -9999 -9999 -9999 -9999 -9999 -9999
-9999 -9999 0 41.7594 70.2288 62.3791 52.5649 0 -9999 -9999 0 5.95238 0 0 0 0 0.78125 77.4755 302.851 199.044 0 -9999 -9999 -9999 -9999 -9999 -9999 0 0 0 -9999 -9999 -9999 0 0 0 -9999 -9999 -9999 -9999 -9999 -9999 -9999 -9999 -9999 -9999 -9999 -9999 -9999 -9999 -9999 -9999 -9999 -9999 -9999 -9999 -9999 -9999 -9999 -9999 -9999 -9999 -9999 -9999 -9999 -9999 -9999 -9999 -9999 -9999 -9999 -9999 -9999 -9999 -9999 -9999
-9999 -9999 17.3611 120.045 335.931 235.127 64.8439 8.00207 -9999 -9999 0 50.6939 19.1291 0 0 0 1.875 121.095 229.528 47.9366 20.6957 68.1818 40.5977 2.34375 0 0 0 0 0 0 0 0 0 0 0 0 -9999 -9999 -9999 -9999 -9999 -9999 -9999 -9999 -9999 -9999 -9999 -9999 -9999 -9999 -9999 -9999 -9999 -9999 -9999 -9999 -9999 -9999 -9999 -9999 -9999 -9999 -9999 -9999 -9999 -9999 -9999 -9999 -9999 -9999 -9999 -9999 -9999 -9999 -9999 -9999
-9999 -9999 17.3611 85.9178 197.253 131.502 41.3447 5.8017 0 0 0 55.5928 125.902 0 0 0 0.46875 98.9217 161.533 21.3392 44.0351 123.357 169.351 157.197 199.145 40.7502 0 0 0 0 0 0 25.1436 56.7548 30.7787 4.45313 0 0 0 0 0 -9999 -9999 -9999 -9999 -9999 -9999 -9999 -9999 -9999 -9999 -9999 -9999 509.803 239.86 156.918 555.758 1141.7 1509.8 -9999 -9999 -9999 -9999 -9999 -9999 -9999 -9999 -9999 -9999 -9999 -9999 -9999 -9999 -9999 -9999 -9999
-9999 -9999 0 13.4953 136.204 52.6338 2.10938 0.546875 0 0 0 9.375 77.5103 0 0 0 0 46.5232 117.471 26.7743 32.8264 105.622 111.037 126.818 362.742 62.3058 0 0 0 0 0 15.625 24.9547 78.4082 69.9017 13.5156 24.9853 67.6505 25.7813 10.1563 0 0 0 -9999 -9999 -9999 -9999 -9999 -9999 -9999 -9999 -9999 1239.23 968.125 415.73 182.847 367.979 1173.98 2059.34 2691.04 -9999 -9999 -9999 -9999 -9999 -9999 -9999 -9999 -9999 -9999 -9999 -9999 -9999 -9999 -9999 -9999
-9999 -9999 -9999 125 126.309 90.6622 11.999 7.40661 0 0 0 25.7027 11.4285 7.1875 1.5625 0 0 0 123.226 229.525 48.8917 124.444 60.2686 27.5 245.306 162.854 17.3817 0.78125 0 0 0 31.25 3.90625 11.7188 23.4375 28.9063 258.561 220.871 129.362 43.6715 5.46875 0 2.92969 16.3175 31.5163 15.4297 15.2734 266.367 518.88 923.207 961.994 852.632 1140.4 760.397 402.686 140.706 476.94 1244.63 1903.1 2058.34 2027.03 2044.77 1791.46 1264.31 402.369 -9999 -9999 -9999 -9999 -9999 -9999 -9999 -9999 -9999 -9999 -9999
-9999 -9999 -9999 -9999 181.592 49.3901 144.166 86.4737 0 0 16.4063 213.31 226.777 183.989 108.383 72.2038 0 0 29.0487 94.5324 27.4586 123.545 96.5152 27.8236 255.344 308.212 105.198 29.2141 9.375 0 0 0 0 0 0 47.7673 391.464 129.172 9.84375 32.8125 21.0938 0 8.78906 29.4922 28.3203 52.1484 30.8203 97.2817 278.13 752.845 605.807 326.071 537.988 283.206 235.236 129.725 387.4 975.291 1210.44 1115.05 1187.55 1333.22 1184.06 1092.66 327.811 17.3917 158.738 250 1873.71 2038.29 2060.66 -9999 -9999 -9999 -9999 -9999
-9999 -9999 -9999 -9999 -9999 57.6923 270.423 160.635 5 18.5156 44.5313 219.405 519.697 591.344 581.599 441.295 155.401 22.0175 0 0 9.25781 119.528 253.31 98.3888 50.3441 144.025 148.671 311.241 172.764 5.625 0 0 0 0 0 31.361 138.888 12.1806 0 9.375 4.6875 0 0 7.8125 1.95313 5.85938 0 0 120.503 371.17 261.492 80.9256 266.618 131.178 38.0118 78.2152 128.061 543.35 584.448 322.385 332.778 431.238 384.783 552.651 246.372 16.8004 103.552 224.829 1618.1 1724.41 1632.06 1321.29 -9999 -9999 -9999 -9999
-9999 -9999 -9999 -9999 -9999 -9999 -9999 -9999 4.62963 6.17188 9.375 69.401 185.218 432.263 770.596 950.056 765.795 291.455 101.84 18.8055 1.75781 144.979 644.033 498.518 104.453 26.7188 87.8102 187.915 294.638 22.5 0 0 0 0 0 0 7.03125 0 0 0 3.125 98.5485 103.236 4.6875 0 0 0 0 11.0127 53.5747 42.5042 5.63055 75.5597 140.498 106.16 83.5938 106.997 186.408 204.307 133.498 85.0222 37.5 25.1315 79.1078 94.8089 5.15625 15.2272 94.0761 648.282 974.318 1038.03 928.811 -9999 -9999 -9999 -9999
-9999 -9999 -9999 -9999 -9999 -9999 -9999 -9999 -9999 -9999 -9999 -9999 67.3077 113.071 190.611 383.296 977.427 1095.77 637.733 165.55 106.056 381.831 925.01 853.84 191.695 22.4196 36.0938 17.0313 12.1484 6.21094 1.17188 7.67846 169.093 198.308 27.5379 62.2874 99.5583 118.253 0 0 2.14844 81.1542 109.463 11.5847 0 0 0 0 0 0 0 0 16.8972 37.6563 25 46.875 48.4375 65.3906 65.8651 50.0593 5.4743 11.9698 40.5012 277.628 259.561 150.328 199.472 142.735 40.4124 182.596 183.4 108.871 59.1357 714.582 531.745 239.85
-9999 -9999 -9999 -9999 -9999 -9999 -9999 -9999 -9999 -9999 -9999 -9999 -9999 250 147.727 97.5541 690.847 1283.17 1165.16 586.214 412.016 1037.45 1535.47 1470.13 668.033 156.619 29.6875 35 52.7734 36.6797 15.6962 173.55 591.343 459.448 106.024 398.392 563.738 218.146 6.09375 0 7.61719 34.5703 11.7188 0 0 0 0 0 0 0 0 0 90.4457 12.6563 0 0 0 40.2344 309.776 409.034 169.128 93.0221 79.7986 422.657 674.759 660.291 815.833 438.425 16.4063 0 0 0 292.19 533.488 156.463 97.3661
-9999 -9999 -9999 -9999 -9999 -9999 -9999 -9999 -9999 -9999 -9999 -9999 -9999 -9999 -9999 27.027 301.72 1073.89 1580.26 1227.75 1076.84 1679.59 2287.57 2087.78 1235.69 507.741 79.2089 55.1563 37.6563 48.2813 111.047 581.783 856.603 334.623 100.512 505.874 1070.84 498.381 107.629 23.588 1.17188 3.51563 0 0 101.584 87.6218 17.8125 0.9375 0 0 19.6875 10.7813 53.8166 2.8125 0 0 0 31.3781 401.303 980.62 669.694 201.62 19.2188 107.644 383.808 717.043 866.094 518.628 77.5103 0 0 0 199.945 268.602 121.995 124.553
-9999 -9999 -9999 -9999 -9999 -9999 -9999 -9999 -9999 -9999 -9999 -9999 -9999 -9999 -9999 0 667.828 1395.76 2063.04 2078.37 1993.56 2429.18 2835.2 2434.57 1415.92 609.487 115.541 75.625 30.2344 126.395 128.553 405.76 757.393 301.4 309.894 631.848 1382.89 1068.05 613.971 319.765 17.1875 9.375 4.6875 0 212.867 482.137 160.914 10 31.25 0 10.7813 5.625 1.5625 0 0 0 0 16.501 359.94 1165.35 983.88 268.733 26.25 70.9252 126.238 211.701 538.307 952.408 424.697 94.6518 4.6875 0 18.9257 21.0321 20.4523 50.6009
-9999 -9999 -9999 -9999 -9999 -9999 -9999 -9999 -9999 -9999 -9999 -9999 -9999 -9999 -9999 -9999 -9999 2430.86 2826 3117.33 3122.18 3427.1 3138.81 2264.41 1135.68 327.296 70.0724 166.511 67.7731 360.813 266.545 41.5066 664.95 1138.64 1326.99 1589.61 2056.21 2042.48 1632.28 1068.28 444.537 57.0177 16.4063 129.295 521.346 1044.86 893.104 358.27 118.806 34.0625 3.82813 93.4704 63.714 21.7946 15.1551 7.07031 37.6986 107.84 534.083 1358.49 1518.93 852.244 630.17 849.911 862.36 555.738 885.792 1577.32 1278.62 582.803 117.621 39.0536 97.571 98.4794 42.8582 41.6673
-9999 -9999 -9999 -9999 -9999 -9999 -9999 -9999 -9999 -9999 -9999 -9999 -9999 -9999 -9999 -9999 -9999 -9999 3484.28 3974.77 4067.94 4007.49 3254.88 2311.19 1247.25 433.527 112.917 202.961 97.6155 290.793 158.728 107.521 800.998 1653.4 2215.22 2543 2959.68 2936.88 2420.67 1814.88 911.943 261.712 33.0243 172.173 956.994 1600.38 1542.66 957.316 246.145 39.2188 145.549 340.492 226.732 158.827 74.0522 100.685 442.864 659.155 1174.88 1847.1 2169.66 1677.06 1564.09 1795.86 1745.17 1475.83 1669.29 2202.48 1905.06 1159.7 671.458 487.783 608.897 367.302 429.643 493.398
-9999 -9999 -9999 -9999 -9999 -9999 -9999 -9999 -9999 -9999 -9999 -9999 -9999 -9999 -9999 -9999 -9999 -9999 -9999 5056.74 4723.91 4047.36 3112.83 2166.52 1213.14 549.291 122.67 140.97 103.191 262.468 116.49 152.052 808.874 1718.46 2536.91 3132.07 3803.41 3754.73 3158.08 2405.33 1442.07 700.403 262.424 343.526 1107.94 1492.96 1402.92 1256.36 460.776 105.338 435.249 821.254 510.795 566.788 354.894 319.351 1068.8 1529.98 1985.1 2524.58 2936.97 2618.48 2520.34 2752.11 2690.97 2432.08 2610.71 2953.69 2502.18 1972.84 1592.26 1404.68 1429.12 1070.49 1171.23 1377.94
-9999 -9999 -9999 -9999 -9999 -9999 -9999 -9999 -9999 -9999 -9999 -9999 -9999 -9999 -9999 -9999 -9999 -9999 -9999 5373.16 4578.25 3733.86 2777.61 1821.36 759.794 234.834 226.243 360.496 56.842 73.6551 102.114 72.8906 604.011 1375.86 2080.64 2915.59 3972.34 4334.43 3757.67 2941.08 2002.47 1360.81 979.634 1000.78 1375.04 899.331 571.271 803.636 595.829 298.406 794.984 1412.44 1374.55 1403.88 1137.24 954.989 1554.87 2332.93 2870.71 3330.34 3809.76 3574.73 3476.59 3708.36 3647.22 3388.33 3566.96 3765.58 3319.37 2912.75 2548.51 2360.93 2349.95 2012.76 2077.34 2314.03
-9999 -9999 -9999 -9999 -9999 -9999 -9999 -9999 -9999 -9999 -9999 -9999 -9999 -9999 -9999 -9999 -9999 -9999 -9999 6004.46 4937.58 3992.74 3036.49 2090.77 1148.21 839.361 1030.34 1007.95 372.353 247.836 102.938 50.5294 282.253 706.218 1522.85 2476.35 3607.6 4417.58 4343.4 3602.29 2845.69 2445 2100.83 2101.88 1842.16 1017.51 457.976 216.476 257.904 603.906 1471.4 2204.87 2503.66 2533.01 2259.8 2066.05 2448.44 3037.64 3810.59 4379.17 4829.99 4705.98 4607.84 4839.61 4778.47 4519.58 4698.21 4834.7 4440.09 4044 3679.76 3492.18 3478.54 3143.85 3205.98 3443.73
-9999 -9999 -9999 -9999 -9999 -9999 -9999 -9999 -9999 -9999 -9999 -9999 -9999 -9999 -9999 -9999 -9999 -9999 7139.09 6260.43 5345.09 4388.84 3448.92 2628.87 1992.8 1788.78 1931.53 1706.67 1226.16 980.449 573.361 267.663 202.086 729.442 1546.05 2489.3 3620.55 4542.59 4811.25 4306.51 3792.79 3401.25 3057.08 2972.07 2367.91 1709.59 1249.1 803.936 558.944 1060.71 1883.83 2806.14 3428.82 3489.26 3216.05 3022.3 3390.05 3808.93 4403.42 5162.93 5753.08 5662.23 5564.09 5795.86 5734.72 5475.83 5654.46 5790.95 5396.34 5000.25 4636.01 4448.43 4434.79 4100.1 4162.23 4383.79
-9999 -9999 -9999 -9999 -9999 -9999 -9999 -9999 -9999 -9999 -9999 -9999 -9999 -9999 -9999 -9999 -9999 8273.08 7674.86 6828.66 5741.18 4801.27 3991.51 3427.78 2943.56 2745.03 2836.14 2595.19 2163.58 1846.06 1335.19 683.665 576.213 1335.67 2048.77 2879.4 4001.11 4945.19 5452.48 5218.1 4749.04 4357.5 4012.96 3734.96 3053.76 2562.48 2114.32 1654.48 1459.06 1854.31 2413.05 3232.79 4198.98 4440.24 4172.3 3978.55 4346.3 4742.39 5161.27 5742.32 6574.44 6614.81 6520.34 6752.11 6690.97 6432.08 6610.71 6747.2 6352.59 5956.5 5592.26 5404.68 5391.04 5056.35 5118.48 5291.18
-9999 -9999 -9999 -9999 -9999 -9999 -9999 -9999 -9999 -9999 -9999 -9999 -9999 -9999 -9999 -9999 -9999 8586.53 8177.18 7268.17 6147.79 5333.55 4780.12 4363.76 3899.81 3701.28 3783.72 3548 3102.78 2682.11 1997.11 1386.7 1271.15 1888.45 2693.15 3379.58 4397.2 5352.73 6140.39 6155.78 5705.29 5313.75 4949.75 4479.78 3913.81 3466.08 3005.08 2595.92 2414.22 2785.51 3202.49 3739.63 4729.33 5288.27 5128.55 4934.8 5302.55 5698.64 6094.73 6505.47 7169.36 7506.5 7476.59 7708.36 7647.22 7388.33 7566.96 7703.45 7308.84 6912.75 6548.51 6360.93 6347.29 6012.6 6074.73 6219.59
-9999 -9999 -9999 -9999 -9999 -9999 -9999 -9999 -9999 -9999 -9999 -9999 -9999 -9999 -9999 -9999 9583.12 9418.46 8693.35 7747.62 6799.89 6292.13 5890.55 5494.46 5031.06 4832.53 4914.97 4678.56 4136.9 3483.91 2897.5 2476.69 2373.14 2782.04 3363.76 4169.74 4979.41 5831.57 6765.02 7197.71 6836.03 6427.45 5964.57 5513.04 4985.74 4523.7 4122.78 3726.69 3545.47 3915.68 4311.77 4715.9 5339.46 6062.05 6230.7 6066.05 6433.8 6829.89 7225.98 7622.07 8102.02 8457.21 8605.63 8839.61 8778.47 8519.58 8698.21 8834.7 8440.09 8044 7679.76 7492.18 7478.54 7143.85 7205.98 7348.02
-9999 -9999 -9999 -9999 -9999 -9999 -9999 -9999 -9999 -9999 -9999 -9999 -9999 -9999 -9999 -9999 10052.1 9850.59 9098.07 8285.72 7644.47 7242.89 6846.8 6450.71 5987.31 5788.78 5869.97 5574.9 4830.31 4253.34 3829.03 3432.94 3329.39 3725.48 4136.4 4716.1 5645.32 6353.29 7187.37 7950.09 7778.46 7317.03 6864.89 6418.25 5876.04 5475.12 5079.03 4682.94 4501.72 4871.93 5268.02 5664.11 6154.66 6695.68 7072.86 7021.03 7390.05 7786.14 8182.23 8578.32 9046.9 9372.7 9555.22 9795.86 9734.72 9475.83 9654.46 9790.95 9396.34 9000.25 8636.01 8448.43 8434.79 8100.1 8162.23 8304.27
-9999 -9999 -9999 -9999 -9999 -9999 -9999 -9999 -9999 -9999 -9999 -9999 -9999 -9999 -9999 -9999 10353.3 10205.3 9639.89 9084.63 8595.23 8199.14 7803.05 7406.96 6943.56 6745.03 6761.85 6286.1 5602.18 5181.37 4785.28 4389.19 4285.64 4681.73 5077.82 5486.73 6192.96 6987.66 7705.63 8513.41 8666.1 8217.23 7767.49 7309.6 6827.46 6431.37 6035.28 5639.19 5457.97 5828.18 6224.27 6620.36 7090.02 7510.52 7904.52 7968.36 8346.3 8742.39 9138.48 9534.57 10003.2 10329 10511.5 10752.1 10691 10432.1 10610.7 10747.2 10352.6 9956.5 9592.26 9404.68 9391.04 9056.35 9118.48 9260.52
-9999 -9999 -9999 -9999 -9999 -9999 -9999 -9999 -9999 -9999 -9999 -9999 -9999 -9999 -9999 -9999 10584.4 10518.4 10330.9 10017.6 9551.48 9155.39 8759.3 8363.21 7899.81 7687.85 7533.81 7042.15 6533.72 6137.62 5741.53 5345.44 5241.89 5637.98 6034.07 6430.16 6928 7545.31 8350 9036.44 9519.9 9122.93 8661.94 8252.78 7783.71 7387.62 6991.53 6595.44 6414.22 6784.43 7180.52 7576.61 8045.19 8442.36 8814.03 8916.08 9302.55 9698.64 10094.7 10490.8 10959.4 11285.2 11467.7 11708.4 11647.2 11388.3 11567 11703.4 11308.8 10912.8 10548.5 10360.9 10347.3 10012.6 10074.7 10216.8
-9999 -9999 -9999 -9999 -9999 -9999 -9999 -9999 -9999 -9999 -9999 -9999 -9999 -9999 -9999 -9999 -9999 -9999 10955.6 10941.4 10658.7 10264.3 9887.03 9484.97 9019 8759.13 8532.3 8133.54 7664.96 7268.87 6872.78 6476.69 6373.14 6769.23 7165.32 7561.41 8029.99 8438.9 9020.61 9826.59 10433.1 10180.6 9779.64 9383.54 8914.96 8518.87 8122.78 7726.69 7545.47 7915.68 8311.77 8707.86 9176.44 9572.53 9939.76 10045.9 10433.8 10829.9 11226 11622.1 12090.7 12416.5 12599 12839.6 12778.5 12519.6 12698.2 12834.7 12440.1 12044 11679.8 11492.2 11478.5 11143.8 11206 11348
-9999 -9999 -9999 -9999 -9999 -9999 -9999 -9999 -9999 -9999 -9999 -9999 -9999 -9999 -9999 -9999 -9999 -9999 -9999 11278.2 11199.9 10875.4 10672.8 10331.8 9608.29 9463.16 9429.77 9088.74 8621.21 8225.12 7829.03 7432.94 7329.39 7725.48 8121.57 8517.66 8986.24 9382.33 9793.25 10373 11194.4 11129 10735.9 10339.8 9871.21 9475.12 9079.03 8682.94 8501.72 8871.93 9268.02 9664.11 10132.7 10528.8 10896 11002.1 11390 11786.1 12182.2 12578.3 13046.9 13372.7 13555.2 13795.9 13734.7 13475.8 13654.5 13790.9 13396.3 13000.3 12636 12448.4 12434.8 12100.1 12162.2 12304.3
-9999 -9999 -9999 -9999 -9999 -9999 -9999 -9999 -9999 -9999 -9999 -9999 -9999 -9999 -9999 -9999 -9999 -9999 -9999 -9999 -9999 11112.1 10916.2 10702.7 -9999 9905.68 10066.5 9963.87 9577.46 9181.37 8785.28 8389.19 8285.64 8681.73 9077.82 9473.91 9942.49 10338.6 10734.7 11143.6 11794.9 12033.8 11692.1 11296 10827.5 10431.4 10035.3 9639.19 9457.97 9828.18 10224.3 10620.4 11088.9 11485 11852.3 11958.4 12346.3 12742.4 13138.5 13534.6 14003.2 14329 14511.5 14752.1 14691 14432.1 14610.7 14747.2 14352.6 13956.5 13592.3 13404.7 13391 13056.3 13118.5 13260.5
-9999 -9999 -9999 -9999 -9999 -9999 -9999 -9999 -9999 -9999 -9999 -9999 -9999 -9999 -9999 -9999 -9999 -9999 -9999 -9999 -9999 -9999 -9999 -9999 -9999 -9999 10303.2 10443.5 10533.7 10137.6 9741.53 9345.44 9241.89 9637.98 10034.1 10430.2 10898.7 11294.8 11690.9 12087 12574.6 12866.4 12648.2 12252.3 11783.7 11387.6 10991.5 10595.4 10414.2 10784.4 11180.5 11576.6 12045.2 12441.3 12808.5 12914.6 13302.5 13698.6 14094.7 14490.8 14959.4 15285.2 15467.7 15708.4 15647.2 15388.3 15567 15703.4 15308.8 14912.8 14548.5 14360.9 14347.3 14012.6 14074.7 14216.8
