public/models/data/input/map/sulut/1000/mapdplant.asc
NCOLS 248
NROWS 182
XLLCORNER 510063.019283
YLLCORNER 211117.685435
CELLSIZE 1000.000000
NODATA_VALUE       -9999
[rows 102 to 135 of 182, columns 76 to 151 of 248]
-9999 -9999 -9999 -9999 -9999 -9999 -9999 -9999 -9999 -9999 -9999 -9999 -9999 -9999 -9999 -9999 -9999 -9999 -9999 -9999 -9999 -9999 -9999 -9999 -9999 -9999 -9999 -9999 -9999 -9999 -9999 -9999 -9999 -9999 -9999 -9999 -9999 -9999 -9999 -9999 -9999 -9999 -9999 -9999 0 0 0 0 36.3281 132.932 224.096 57.0286 106.492 389.061 831.821 773.346 299.184 245.876 156.538 291.323 72.3514 238.269 204.519 274.571 81.6737 243.971 187.818 53.2688 202.446 49.6702 2.8125 0 0 0 0 0
-9999 -9999 -9999 -9999 -9999 -9999 -9999 -9999 -9999 -9999 -9999 -9999 -9999 -9999 -9999 -9999 -9999 -9999 -9999 -9999 -9999 -9999 -9999 -9999 -9999 -9999 -9999 -9999 -9999 -9999 -9999 -9999 -9999 -9999 -9999 -9999 -9999 -9999 -9999 -9999 -9999 -9999 -9999 -9999 0 0 23.4375 7.8125 82.4219 202.229 326.602 63.2547 240.07 160.203 320.723 370.159 114.978 151.383 120.243 363.287 26.9776 205.854 195.662 242.226 35.1227 85.3111 156.193 360.666 772.255 537.925 262.563 43.4819 0 0 0 0
-9999 -9999 -9999 -9999 -9999 -9999 -9999 -9999 -9999 -9999 -9999 -9999 -9999 -9999 -9999 -9999 -9999 -9999 -9999 -9999 -9999 -9999 -9999 -9999 -9999 -9999 -9999 -9999 -9999 -9999 -9999 -9999 -9999 -9999 -9999 -9999 -9999 -9999 -9999 -9999 -9999 -9999 -9999 551.777 43.3802 8.98208 14.6875 4.0625 93.0848 183.28 391.787 207.859 264.381 234.305 69.3919 144.077 161.834 296.531 291.225 455.156 101.548 143.248 97.0835 70.5346 134.374 55.6023 207.027 824.017 1570.04 1497.15 920.689 213.511 0 0 0 0
-9999 -9999 -9999 -9999 -9999 -9999 -9999 -9999 -9999 -9999 -9999 -9999 -9999 -9999 -9999 -9999 -9999 -9999 -9999 -9999 -9999 -9999 -9999 -9999 -9999 -9999 -9999 -9999 -9999 -9999 -9999 -9999 -9999 -9999 -9999 -9999 -9999 -9999 -9999 -9999 -9999 -9999 43.1034 391.337 263.783 162.708 115.529 13.5434 56.3672 102.063 278.271 334.76 214.258 353.594 131.131 268.35 105.362 110.585 121.216 203 68.9597 82.3127 48.8712 0 327.991 262.934 162.436 763.749 1723.89 1635 1000.51 387.373 0 0 0 0
-9999 -9999 -9999 -9999 -9999 -9999 -9999 -9999 -9999 -9999 -9999 -9999 -9999 -9999 -9999 -9999 -9999 -9999 -9999 -9999 -9999 -9999 -9999 -9999 -9999 -9999 -9999 -9999 -9999 -9999 -9999 -9999 -9999 -9999 -9999 -9999 -9999 -9999 -9999 -9999 -9999 0 16.7427 118.263 172.783 177.396 222.611 124.979 46.6733 87.5545 244.675 420.545 272.703 373.155 104.231 298.304 73.1643 122.667 107.146 53.236 22.9285 44.6025 36.7544 32.8125 540.251 327.769 268.388 960.998 1772.3 1223.1 473.56 143.835 0 0 0 0
-9999 -9999 -9999 -9999 -9999 -9999 -9999 -9999 -9999 -9999 -9999 -9999 -9999 -9999 -9999 -9999 -9999 -9999 -9999 -9999 -9999 -9999 -9999 -9999 -9999 -9999 -9999 -9999 -9999 -9999 -9999 -9999 -9999 -9999 -9999 -9999 -9999 -9999 -9999 -9999 790.24 356.346 57.0716 12.9132 16.1719 13.8781 43.3505 117.211 175.265 57.8674 200.827 157.684 253.579 427.077 170.797 223.744 222.59 109.886 57.4387 68.9721 106.472 16.0156 6.64063 60.9375 580.456 220.262 393.582 1230.73 1725.03 948.356 289.64 21.6494 0 0 0 46.875
-9999 -9999 -9999 -9999 -9999 -9999 -9999 -9999 -9999 -9999 -9999 -9999 -9999 -9999 -9999 -9999 -9999 -9999 -9999 -9999 -9999 -9999 -9999 -9999 -9999 -9999 -9999 -9999 -9999 -9999 -9999 125 895.894 1232.13 739.785 417.484 378.478 152.955 50.7652 118.812 359.276 292.422 27.616 0 0 7.8125 7.8125 0 99.5621 343.006 408.525 130.08 590.095 641.782 199.468 131.344 251.908 31.4514 107.421 499.538 610.45 159.316 12.5 0 172.319 85.535 617.088 1537.97 1665.78 751.011 145.663 5.23208 0 2.61604 52.2268 295.816
-9999 -9999 -9999 -9999 -9999 -9999 -9999 -9999 -9999 -9999 -9999 -9999 -9999 -9999 -9999 -9999 -9999 -9999 -9999 -9999 -9999 -9999 -9999 -9999 -9999 -9999 -9999 -9999 -9999 0 73.9459 230.778 674.446 1244.96 815.19 245.093 390.155 428.241 489.98 346.595 197.799 230.929 87.8944 15.3125 0 0 5.85938 28.8948 80.4706 537.258 864.579 579.096 844.408 750.175 189.254 348.261 588.728 412.321 727.944 1016.3 430.608 15.4688 0 0 20.7813 162.646 840.92 1775.14 2062.7 1257.34 489.608 49.3863 0 56.8673 416.716 891.615
-9999 -9999 -9999 -9999 -9999 -9999 -9999 -9999 -9999 -9999 -9999 -9999 -9999 -9999 -9999 -9999 -9999 -9999 -9999 -9999 -9999 -9999 -9999 -9999 -9999 -9999 -9999 -9999 1301.43 813.036 222.826 309.709 1067.41 1540.95 1044.67 280.023 71.2919 309.644 640.679 790.221 567.958 470.897 527.967 203.813 9.375 26.3166 105.301 262.494 84.7302 194.92 679.929 1178.31 1433.87 873.486 372.061 710.523 1292.75 1279.35 1601.71 1496.49 571.762 65.4906 0 0 3.67188 182.794 859.7 1779.96 2396.7 1710.54 810.581 111.221 0 139.019 690.104 848.432
-9999 -9999 -9999 -9999 -9999 -9999 -9999 -9999 -9999 -9999 -9999 -9999 -9999 -9999 -9999 -9999 -9999 -9999 -9999 -9999 -9999 -9999 -9999 -9999 -9999 -9999 0 114.963 1035.02 1304.95 743.195 534.464 1344.42 1898.24 1384.89 524.243 132.643 38.0206 147.41 520.096 897.83 1118.22 1228.28 802.635 365.395 349.231 695.235 888.225 584.804 348.72 566.102 1393.44 2010.54 1477.28 1141.57 1335.58 1982.17 2235.12 2432.67 1942.67 879.169 229.571 48.0354 5.46875 0.546875 137.629 783.362 1716.09 2365.08 1603.68 737.017 101.857 0 132.008 453.321 235.869
-9999 -9999 -9999 -9999 -9999 -9999 -9999 -9999 -9999 -9999 -9999 -9999 -9999 -9999 -9999 -9999 -9999 -9999 -9999 -9999 -9999 -9999 1017.86 438.584 938.283 456.995 111.616 376.544 1251.26 1818 1638.07 1517.55 1982.07 2410.11 1944.74 1161.37 278.94 81.0085 67.2907 20.8571 292.419 888.847 1609.59 1727.94 1402.42 1320.22 1688.07 1949.73 1625.91 1303.24 1370.86 1905.06 2697.86 2542.89 2268.29 2433.98 2882.39 3201.77 3095.11 2380.8 1411.45 884.845 532.31 111.915 0 72.6731 591.703 1457.69 1985.5 1164.73 324.207 16.116 0 4.6875 21.0938 5.46875
-9999 -9999 -9999 -9999 -9999 -9999 -9999 -9999 -9999 -9999 -9999 -9999 -9999 -9999 -9999 -9999 -9999 -9999 -9999 -9999 2250 2062.42 1194.36 438.591 571.657 770.524 400.451 726.838 1617.04 1758.89 1669.27 1857.99 2348.26 2667.38 2377.7 1536.67 522.979 169.068 232.823 113.143 175.694 700.491 1296.15 1805.47 2079.45 2207.76 2481.28 2603.93 2378.56 2160.76 2269.85 2648.65 3305.52 3467.14 3212.3 3267.03 3313.04 3127.28 2706.15 2178.07 1364.81 589.741 248.951 97.747 0 15.6962 275.533 970.479 1579.21 934.274 230.962 8.125 0 0 0 0
-9999 -9999 -9999 -9999 -9999 -9999 -9999 -9999 -9999 -9999 -9999 -9999 -9999 -9999 -9999 -9999 -9999 -9999 -9999 -9999 3269.71 2310.89 1477.78 560.374 201.265 610.62 860.805 1273.69 1630.62 1039.4 798.511 1145.06 1674.3 2143.01 2290.06 1578.89 540.313 140.41 188.035 274.557 142.969 282.175 561.043 1096.88 1847.96 2351.63 2419.9 2191.54 2120.61 2130.47 2377.02 2827.83 3612.94 3929.93 3654.03 3265.83 2710.06 2252.93 1865.82 1374.87 826.7 384.014 40.1281 0 0 0 77.674 654.882 967.949 529.291 199.172 16.3281 0 0 0 0
-9999 -9999 -9999 -9999 -9999 -9999 -9999 -9999 -9999 -9999 -9999 -9999 -9999 -9999 -9999 -9999 6222.56 6028.51 5254.85 4342.99 3270.36 2323.9 1487.89 828.411 233.636 273.551 865.623 1431.8 1258.67 544.014 175.554 389.85 791.886 1477.32 2005 1469.21 499.094 382.482 288.203 134.427 191.805 204.918 140.529 426.038 1167.36 1644.5 1583.29 1244.61 1190.63 1252.76 1604.41 2314.64 3126.25 3382.25 3049.23 2570.1 1877.83 1357.72 991.773 629.22 147.39 81.7546 13.376 0 0 0 191.495 568.401 437.551 228.434 99.1739 14.7656 0 0 0 0
-9999 142.857 112.84 155.862 106.599 0 0 1560.66 2309.68 2699.55 -9999 -9999 0 13.8889 97.1665 687.865 1165.63 2177.82 4357.36 4199.62 2883.3 1947.37 1006.55 331.432 90.2947 95.5457 282.253 645.604 433.585 232.217 79.0395 120.767 251.792 1129.49 1651.78 1084.63 408.402 471.09 197.871 87.366 374.697 499.324 227.749 100.166 345.388 705.151 716.234 285.671 187.5 293.742 850.414 1552.2 2292.7 2368.5 1937.08 1584.96 1004.49 438.229 126.091 46.875 0 0 0 0 0 0 226.886 537.168 31.25 0 16.0547 6.60156 0 0 0 0
62.5 -9999 239.547 96.6008 68.6469 11.2835 170.292 1295.56 2202.48 2478.72 1728.06 1452.62 607.887 79.1249 126.751 428.984 1283.52 2253.71 3700.66 4353.37 2810.97 1939.12 1014.31 295.874 179.88 127.8 57.3374 138.211 38.9063 26.0156 27.1875 7.89063 193.313 871.746 1303.34 832.443 501.176 711.644 206.16 54.2184 676.793 537.939 154.017 75.9754 38.8224 108.869 194.419 60.3079 0 52.5695 322.937 883.308 1641.18 1681.96 1060.7 672.106 340.711 56.3189 0 0 0 0 0 0 4.6875 0 134.149 601.559 98.5485 0 28.4766 11.3672 11.25 2.8125 0 0
91.157 78.3582 79.3979 34.2034 4.6875 11.2835 165.337 816.756 1858.06 2021.06 1397.33 1110.31 767.032 184.089 201.856 754.272 1702.87 2593.11 3670.33 4044.93 2989.16 2056.35 1140.53 472.119 42.1875 7.03125 38.6719 10.5469 0 1.40625 27.1875 12.8125 48.4432 329.025 686.232 684.039 997.566 1019.38 308.135 175.14 669.998 811.24 534.88 274.733 21.0938 0 0 0 0 0 38.0784 314.378 1114.75 1301.7 530.365 109.161 23.8166 0 0 0 0 0 0 9.375 118.221 90.8892 203.326 756.784 254.638 7.5 30 21.0938 258.818 145.941 6.32813 9.375
52.5381 15.6716 11.6064 38.5563 0 0 79.9873 594.779 1343.22 1496.04 826.808 342.716 359.412 106.336 318.486 1074.03 2159 3051.85 3957.62 4224.95 3248.18 2295.48 1398.51 572.231 38.2813 156.629 152.711 22.9128 0 0 3.28125 17.8125 1.00222 33.5828 205.812 495.141 1214.43 1093.55 308.376 285.278 263.837 461.537 714.052 712.865 260.522 79.8311 19.1291 0 0 0 0.9375 296.858 1102.61 1101.38 488.921 59.0839 0 0 0 0 0 0 0 6.25 390.263 223.225 254.963 744.871 211.535 69.5527 253.4 103.939 548.398 305.52 84.4404 83.1131
134.846 184.233 221.634 122.49 3.125 34.375 137.195 129.54 503.778 724.521 748.243 323.04 8.82813 48.866 427.06 1311.96 2441.61 3390.4 4225.61 4052.49 2976.35 2020.1 1069.63 287.881 272.047 822.42 792.249 333.095 79.1716 116.514 56.7687 25.1674 31.25 0 9.375 127.399 749.972 1074.86 672.355 720.698 638.692 196.962 221.792 491.98 375.68 428.095 270.353 106.782 10.5469 3.04688 4.21875 343.334 684.448 559.458 114.553 9.375 0 0 0 3.90625 0 0 0 0 113.536 209.07 189.619 217.654 31.2722 102.238 219.029 339.055 816.517 552.993 775.482 944.198
534.528 631.226 227.629 25.27 39.4236 70.5055 6.67624 7.8125 51.3224 114.594 230.216 270.141 6.79688 90.327 533.597 1358.72 2380.62 3304.55 4107.72 4034.82 2989.3 2033.87 1126.09 618.898 992.542 1479.66 1542.46 1027.37 648.884 578.745 369.391 208.665 63.6489 5.85938 0 72.8228 446.303 548.851 644.041 644.681 909.692 615.574 208.023 132.302 55.4285 82.053 132.22 230.568 149.252 99.7845 14.5313 149.964 170.157 378.056 88.3138 0 0 0 0 11.7188 0 0 0 0 0 0 15 267.606 257.18 290.035 767.717 1146.69 1564.26 1475.83 1662.93 1877.93
1389.86 1127.45 475.44 105.421 303.816 412.32 97.7458 86.6957 142.91 7.03125 2.8125 24.2854 4.6875 108.956 520.785 1115.73 2057.78 2902.57 3736.22 4217.26 3370.41 2462.9 1782.47 1485.55 1874.91 2300.2 2314.01 1898.33 1596.78 1474.27 1139.19 720.756 261.407 64.4525 74.1119 24.0401 57.9356 86.2291 183.158 125.258 475.845 851.382 712.551 333.549 64.8207 0 2.8125 126.381 261.874 345.424 111.463 18.9039 70.1444 218.155 64.9096 0 0 2.8125 14.4141 3.86719 0 0 0 0 0 0 9.375 247.283 552.305 773.236 1369.45 2028.18 2477.73 2421.5 2482.38 2443.77
2250.45 1769.25 1146.1 696.29 912.385 991.782 460.582 517.49 608.495 267.874 140.043 45.9597 6.25 33.2766 134.968 649.601 1557.14 2382.91 3305.92 4176.82 3798.81 3123.42 2682.57 2440.11 2804.57 3185.57 3205.83 2845.53 2532.77 2199.16 1433.55 578.36 98.9326 99.7095 196.622 66.5619 109.766 39.1406 29.5479 8.13055 96.0744 516.138 1056.34 1064.23 504.344 118.089 4.6875 7.67846 75.5874 311.673 255.226 61.4308 10.3125 21.8861 5.9486 0 0 1.875 6.67969 1.60156 0 0 0 0 35.1563 35.1563 23.4375 141.55 580.616 1370.27 2034.02 2710.62 3361.97 2986.82 2402.46 1951.58
3215.56 2645.98 2172.11 1795.47 1932.05 1842.94 1396.15 1450.99 1548.26 1201.69 814.576 577.966 406.116 374.621 133.385 186.668 952.649 1892.81 2849.06 3805.31 4449.61 4203.22 3812.12 3571.36 3933.8 4302.22 4327.96 3964.86 3400.26 2567.44 1611.19 669.722 75.2259 482.914 806.348 523.972 97.0703 36.5234 0.78125 0 11.5847 167.105 605.643 1203.53 1091.98 432.206 25.5635 0 0 12.5 40.625 9.375 23.4375 0 0.9375 4.53125 20.7031 29.6094 24.2188 19.2188 0 1.95313 40.0391 72.0703 56.0938 180.723 405.359 697.566 1305.2 1923.63 2731.01 3368.2 3567.8 2690.97 1752.57 971.594
3995.32 3525.32 3121.93 2751.72 2861.4 2715.82 2342.33 2401.88 2482.18 2090.4 1678.81 1470.6 1246.78 1074.67 605.67 270.715 851.455 1773.73 2729.98 3686.23 4757 5085.29 4768.37 4527.61 4890.05 5257.79 5246.57 4708.19 3698.87 2742.62 1786.37 831.732 139.545 717.76 1216.84 707.786 106.923 91.3877 43.2943 0 0 39.0399 187.09 524.714 667.966 471.419 57.7843 0 0 0 0 0 19.5313 8.59375 15.3906 16.6406 12.1094 41.4844 61.6406 41.0156 42.6892 11.7188 21.6797 14.6484 12.6563 50.926 337.806 1008.12 1497.54 1918.77 2490.37 3120.47 3242.99 2387.26 1431.01 502.123
4876.79 4474.27 4078.18 3707.97 3813.38 3663.61 3298.58 3358.13 3426.99 3019.68 2621.07 2421.36 2183.36 1907.81 1343.8 1000.8 1428.88 2142.59 3060.05 4016.3 5140.61 5815.01 5720.35 5483.86 5846.3 6178.3 5945.47 5106.52 3980.9 3024.65 2068.4 1130.81 427.268 939.007 1519.71 1050.67 221.518 286.029 194.841 59.9196 7.61719 103.978 173.962 120.296 140.078 224.893 29.8438 0 0 0 0 0 5.46875 8.59375 33.6719 10.0781 3.90625 14.0625 53.2031 54.6094 198.898 27.3047 0 0 0 6.32813 188.852 548.645 715.117 1160.2 1764.87 2298.05 2750.94 2194.55 1238.3 329.864
5826.61 5430.52 5034.43 4664.22 4769.63 4619.86 4254.83 4314.38 4371.15 3973.41 3577.32 3377.61 3104.06 2691.59 2192.64 1940.2 2309.43 2781.22 3490.12 4412.4 5543.46 6409.05 6630.22 6440.11 6800.87 6990.43 6427.78 5482.99 4351.74 3395.49 2457.08 1676.11 1199.74 1517.28 1704.75 1008.58 230.495 497.726 282.257 118.159 169.579 413.691 346.888 97.267 99.2283 68.4478 1.25 0 0 0 0 0 0 0 7.03125 2.34375 0 0 7.03125 136.604 426.167 55.0942 0 0 0 1.64063 27.4532 61.0506 107.211 442.055 947.646 1491.37 2277.01 2148.83 1286.88 375.62
6957.86 6561.77 6165.68 5795.47 5900.88 5751.11 5386.08 5445.62 5500.75 5104.66 4708.57 4503.6 4145.9 3708.21 3312.12 3071.36 3433.8 3832.84 4272.62 4936.39 6012.22 6962.79 7569.53 7567.54 7898.04 7766.71 6907.81 5951.56 4821.99 3905.46 3171.83 2687.92 2317.58 2428.74 2061.61 1161.82 264.286 573.387 743.047 663.709 304.037 584.555 653.149 639.345 697.568 227.775 19.9173 8.1361 0 0 0 0 0 0 11.7188 17.9688 35.1875 50.4053 151.498 674.359 535.618 114.821 44.0356 42.7412 4.6875 0 0 0 0 12.5 182.297 769.064 1448.25 1493.88 1185.4 527.679
7914.11 7518.02 7121.93 6751.72 6857.13 6707.36 6342.33 6401.87 6457 6060.91 5664.82 5433.22 5060.56 4664.46 4268.37 4027.61 4390.05 4786.14 5185.61 5624.96 6442.29 7364.57 8211.9 8491.83 8754.87 8250.72 7303.91 6347.66 5257.8 4531.19 4023.13 3601.15 3176.81 2838.69 2020.14 1064.85 228.871 622.885 1099.87 649.421 198.156 404.33 723.31 1149.97 939.26 379.487 344.815 158.439 0 0 0 0 0 0 0 85.9375 402.448 553.909 710.657 1158.44 1057.82 687.31 461.057 225.588 44.0625 12.1875 0 0 0 0 22.0175 218.992 711.511 661.686 530.164 256.418
8870.36 8474.27 8078.18 7707.97 7813.38 7663.61 7298.58 7358.12 7413.25 7017.16 6621.07 6381.07 6016.81 5620.71 5224.62 4983.86 5346.3 5742.39 6138.48 6537.52 7085.73 7799.44 8704.56 9355.41 9468.93 8656.25 7700 6761.6 5836.92 5179.38 4464.38 3802.95 3260.81 2755.99 2059.32 1203.68 317.558 543.151 1116.64 625.598 51.3725 93.6397 229.367 694.324 926.793 733.488 827.731 407.821 0 0 0 0 0 0 0 165.625 976.919 1450.84 1650.39 1951.04 1970.63 1472.08 865.162 214.255 48.2813 26.7188 4.6875 0 0 0 0 12.5 146.672 122.496 75.0275 31.5778
9826.61 9430.52 9034.43 8664.22 8769.63 8619.86 8254.83 8314.38 8369.5 7973.41 7577.32 7337.32 6973.05 6576.96 6180.87 5940.11 6302.55 6698.64 7094.73 7490.82 7966.29 8438.07 9141.48 9734.32 9507.48 8881.84 8015.58 7098.94 6048.49 5142.84 4200.46 3276.11 2472.77 2040.96 1693.78 1234.91 428.762 403.868 946.526 632.747 21.875 9.375 85.9519 140.163 324.21 323.748 620.622 539.046 0 0 0 0 0 0 0 153.569 1041.31 1912.35 2504.65 2813.93 2355.73 1558.68 670.216 83.7685 6.09375 11.0938 33.5938 27.3438 0 0 0 0 1.01563 2.10938 0 3.90625
10957.9 10561.8 10165.7 9795.47 9900.88 9751.11 9386.08 9445.63 9500.75 9104.66 8708.57 8468.57 8104.3 7708.21 7312.12 7071.36 7433.8 7829.89 8225.98 8620.08 9037.28 9291.83 9355.33 9035.71 8512.75 8107.31 7578.21 6765.74 5649.81 4693.56 3737.31 2781.06 1681.46 995.754 665.403 584.455 180.492 212.34 288.371 204.248 222.552 289.844 402.41 504.854 160.578 12.1875 306.004 498.618 15.625 0 0 0 0 0 27.1875 478.884 1370.89 2267.13 2997.68 2815.35 1869.19 1029 294.853 15.3347 0 0 0 0 0 0 0 0 0 0 0 0
11914.1 11518 11121.9 10751.7 10857.1 10707.4 10342.3 10401.9 10457 10060.9 9664.82 9424.82 9060.55 8664.46 8268.37 8027.61 8390.05 8785.03 9134.86 9346.35 9243.97 8954.83 8570.81 8168.33 7611.39 7162.78 6754.06 6235.14 5367.13 4497.99 3558.34 2602.43 1477.13 675.056 401.614 408.879 471.359 330.738 116.612 50.625 209.987 494.413 841.232 842.024 266.043 13.125 114.458 287.201 171.774 36.3712 1.40625 0 0 0 52.1409 535.468 1583.81 2424.23 2662.09 2175.26 1345.5 561.084 80.4021 0.9375 0 0 0 0 0 0 0 0 0 0 0 0
12870.4 12474.3 12078.2 11708 11813.4 11663.6 11298.6 11358.1 11413.3 11017.2 10621.1 10381.1 10016.8 9620.71 9224.62 8983.86 9338.34 9610.18 9492.5 9091.52 8520.55 8024.12 7614.57 7218.47 6733.05 6262.78 5810.44 5407.81 4895.55 4369.08 3737.05 2889.64 1844.2 1261.62 1009.23 877.569 636.736 238.64 42.1484 27.0703 187.963 304.777 426.304 313.971 117.787 7.5 0 102.432 556.408 369.335 92.8877 2.10938 0.9375 24.8438 207.29 729.387 1715.73 2251.79 1989.12 1422.38 716.163 186.366 21.6762 120.3 43.727 0 19.6875 27.1875 0 0 0 0 0 0 0 0
13826.6 13430.5 13034.4 12664.2 12769.6 12619.9 12254.8 12266.1 12171.3 11775.2 11379.1 11138.3 10942.7 10561.8 10170.8 9935.18 9905.5 9513.94 9044.47 8347.51 7665.71 7168.21 6669.99 6262.22 5793.02 5380.71 4906.71 4455.73 3982.99 3611.87 3337.99 2865.22 1984.39 1348.04 826.28 460.026 221.813 126.408 10.7422 33.7891 281.996 232.115 83.2053 22.9658 1.5625 0 0 86.8068 711.19 873.486 336.847 25.8031 0.625 29.8438 130.908 670.81 1616.1 1640.56 1192.82 651.218 144.507 13.6805 15.4688 356.477 450.811 69.5082 212.677 416.329 31.25 0 0 0 0 0 0 0
