public/models/data/input/map/sulut/1000/mapdagr.asc
NCOLS 248
NROWS 182
XLLCORNER 510063.019283
YLLCORNER 211117.685435
CELLSIZE 1000.000000
NODATA_VALUE       -9999
[rows 105 to 139 of 182, columns 0 to 77 of 248]
-9999 -9999 -9999 -9999 -9999 -9999 -9999 -9999 15990.9 15221.9 14460.3 13701.2 -9999 10467.1 10040.9 9202.05 9209.83 8954.02 8472.44 7931.98 -9999 -9999 -9999 -9999 -9999 -9999 -9999 -9999 -9999 -9999 -9999 -9999 -9999 -9999 -9999 -9999 -9999 -9999 -9999 -9999 -9999 -9999 -9999 -9999 -9999 -9999 -9999 -9999 -9999 -9999 -9999 -9999 -9999 -9999 -9999 -9999 -9999 -9999 -9999 -9999 -9999 -9999 -9999 -9999 -9999 -9999 -9999 -9999 -9999 -9999 -9999 -9999 -9999 -9999 -9999 -9999 -9999 -9999
-9999 -9999 -9999 -9999 -9999 -9999 -9999 -9999 15650.4 14770.6 13990.4 13129.2 11727 10737 9907.82 9011.47 8257.9 7980.82 7698.78 7627.03 -9999 -9999 -9999 -9999 -9999 -9999 -9999 -9999 -9999 -9999 -9999 -9999 -9999 -9999 -9999 -9999 -9999 -9999 -9999 -9999 -9999 -9999 -9999 -9999 -9999 -9999 -9999 -9999 -9999 -9999 -9999 -9999 -9999 -9999 -9999 -9999 -9999 -9999 -9999 -9999 -9999 -9999 -9999 -9999 -9999 -9999 -9999 -9999 -9999 -9999 -9999 -9999 -9999 -9999 -9999 -9999 -9999 -9999
-9999 -9999 -9999 -9999 -9999 -9999 -9999 -9999 14580.5 14401.5 13599.2 12618.4 11480.2 10531.6 9568.63 8616.69 7578.05 7045.24 7037.2 7146.65 -9999 -9999 -9999 -9999 -9999 -9999 -9999 -9999 -9999 -9999 -9999 -9999 -9999 -9999 -9999 -9999 -9999 -9999 -9999 -9999 -9999 -9999 -9999 -9999 -9999 -9999 -9999 -9999 -9999 -9999 -9999 -9999 -9999 -9999 -9999 -9999 -9999 -9999 -9999 -9999 -9999 -9999 -9999 -9999 -9999 -9999 -9999 -9999 -9999 -9999 -9999 -9999 -9999 -9999 -9999 -9999 -9999 -9999
-9999 -9999 20768.8 20298.8 19147 18354.3 17881.6 17287.4 -9999 -9999 12778 12046 11015.9 10059.7 9103.45 8147.2 7016.86 6145.15 5157.95 4139.47 2928.47 -9999 -9999 -9999 -9999 -9999 -9999 4017.77 5269.61 5269.61 -9999 -9999 -9999 8121.32 8076.94 8047.35 -9999 -9999 -9999 -9999 -9999 -9999 -9999 -9999 -9999 -9999 -9999 -9999 -9999 -9999 -9999 -9999 -9999 -9999 -9999 -9999 -9999 -9999 -9999 -9999 -9999 -9999 -9999 -9999 -9999 -9999 -9999 -9999 -9999 -9999 -9999 -9999 -9999 -9999 -9999 -9999 -9999 -9999
-9999 -9999 20432.2 19925.5 18827 17887.7 17148.7 16187.4 -9999 -9999 11831 11457.5 10619.9 9663.61 8707.36 7751.11 6619.86 5666.43 4784.56 3768 2696.27 1455.74 808.173 553.025 823.632 1616.45 2633.47 3821.93 4928.35 5078.04 5079.27 5495.27 5605.08 7948.59 7880.65 7350.5 -9999 -9999 -9999 -9999 -9999 -9999 -9999 -9999 -9999 -9999 -9999 -9999 -9999 -9999 -9999 -9999 -9999 -9999 -9999 -9999 -9999 -9999 -9999 -9999 -9999 -9999 -9999 -9999 -9999 -9999 -9999 -9999 -9999 -9999 -9999 -9999 -9999 -9999 -9999 -9999 -9999 -9999
-9999 -9999 20038.7 19523.1 18430.9 17474.6 16534.1 15600.3 14249.8 13230 12077.3 11338.5 10254.8 9298.58 8342.33 7386.08 6254.83 5298.58 4342.33 3386.08 2253.15 1295.48 574.13 307.423 641.133 1519.65 2500.21 3401.54 3959.54 4338.79 4689.79 5110.81 5564.96 6585.68 7147.42 6814.74 6097.31 5983.52 5661.33 5296.27 5010.21 -9999 -9999 -9999 -9999 -9999 -9999 -9999 -9999 -9999 -9999 -9999 -9999 1271.83 996.75 319.536 44.2915 301.318 629.442 -9999 -9999 -9999 -9999 -9999 -9999 -9999 -9999 -9999 -9999 -9999 -9999 -9999 -9999 -9999 -9999 -9999 -9999 -9999
-9999 -9999 19925.5 19287.3 18345.4 17389.2 16432.9 15476.4 14335.6 13366.7 12390.8 11444 10314.4 9358.13 8401.88 7445.63 6314.37 5358.12 4401.88 3445.63 2314.38 1393.18 679.233 226.722 456.394 1408.52 2281.07 2787.32 3039.86 3397.22 3813.43 4371.89 5262.89 6030.41 6238.79 5860.27 5532.55 5632.7 5212.86 4810.16 4293.24 3651.16 3500 -9999 -9999 -9999 -9999 -9999 -9999 -9999 -9999 -9999 1133.14 1142.32 809.417 444.392 113.7 287.614 952.825 1101.21 -9999 -9999 -9999 -9999 -9999 -9999 -9999 -9999 -9999 -9999 -9999 -9999 -9999 -9999 -9999 -9999 -9999 -9999
-9999 -9999 -9999 19392.8 18625.3 17780.5 16844.4 15890.3 14759.7 13803.4 12847.2 11890.9 10759.7 9803.4 8847.15 7890.9 6759.65 5803.4 4847.15 3890.9 2811.74 2080.69 1428.96 954.076 938.91 1580.3 1762.05 1726.81 1914.86 2311.53 2900.1 3683.9 4737.39 5327.29 5137.98 4741.89 4662.99 4839.85 4357.59 3746.05 3248.18 2914.22 2877.41 3110.38 2516.99 1569.63 673.855 112.078 18.75 16.4063 43.1001 45.709 271.96 481.342 302.048 277.383 259.248 99.2172 479.648 517.533 208.566 233.886 215.659 717.051 1750 -9999 -9999 -9999 -9999 -9999 -9999 -9999 -9999 -9999 -9999 -9999 -9999 -9999
-9999 -9999 -9999 -9999 18670.3 17895.1 17148 16257.7 15119.8 14199.5 13243.2 12287 11155.7 10199.5 9243.24 8286.99 7155.75 6199.5 5243.25 4321.78 3433.03 2791.87 2276.47 1902.61 1771.74 1666.87 1045.54 796.265 985.078 1552.19 2338.65 3229.96 4282.71 4536.99 4181.73 3785.64 3707.97 4026.5 3815.76 3018.46 2304.75 1957.97 1957.97 2304.08 2378.9 1561.58 766.603 434.1 131.25 55.4688 139.834 187.372 65.8705 127.947 132.982 244.073 337.259 37.9688 61.8577 84.9942 3.28125 38.1495 217.109 827.705 1834.91 2330.52 2313.76 2250 3141.48 3306.05 3328.43 -9999 -9999 -9999 -9999 -9999 -9999 -9999
-9999 -9999 -9999 -9999 -9999 17677.5 17223.9 16416.1 15273.6 14495.4 13639.3 12683.1 11551.8 10595.6 9639.34 8683.09 7551.84 6595.59 5679.08 4921.13 4133.64 3628.81 3224.62 2854.98 2378.63 1625.73 683.453 181.831 303.291 986.308 1879.91 2827.32 3809.24 3701.76 3227.13 2829.39 2751.72 3117.43 3226.21 2556.44 1534.12 1016.55 1016.55 1534.12 2335.97 2061.7 1540.58 1115.55 329.472 89.1004 151.043 307.981 73.1889 224.734 427.27 622.782 386.142 25.7813 22.8516 96.8463 147.019 141.364 454.394 1111.67 1647.29 1941.33 1988.7 1626.67 2886.42 3037.86 3262.44 4221.45 -9999 -9999 -9999 -9999 -9999 -9999
-9999 -9999 -9999 -9999 -9999 -9999 -9999 -9999 15049.1 14604.8 13936.2 12930.2 11947.9 10991.7 10035.4 9079.18 7947.93 7026.46 6273.47 5582.98 4978.09 4576.96 4175.38 3621.36 2629.09 1680.79 747.88 223.313 91.3563 711.983 1656.2 2612.45 3519.53 3081.87 2341.72 1874.05 1795.47 2190.39 2620.38 2238.23 1144.92 375.659 343.415 1075.6 2160.55 2660.17 2377.94 1677.45 918.552 408.956 524.611 855.848 308.915 151.552 223.183 364.203 418.15 210.823 149 150.339 216.014 540.903 791.927 775.909 832.414 1063.03 1197.66 1107.37 1787.72 2410.64 3128.02 4046.87 -9999 -9999 -9999 -9999 -9999 -9999
-9999 -9999 -9999 -9999 -9999 -9999 -9999 -9999 -9999 -9999 -9999 -9999 11498.6 11212 10442.5 9541.67 8468.59 7737.54 7085.81 6577.92 6103.66 5679.75 5067.56 4182.88 3054.77 2152.95 1485.99 1024.81 754.222 1214.66 2013.57 2949.54 3455.54 2608.13 1657.37 870.524 717.198 1316.55 2153.94 2171.83 1157.87 397.577 285.067 944.743 2045.47 2918.55 3021.97 2484.71 1724.95 1166.96 1266.23 1535.12 838.267 468.903 561.574 492.791 797.436 820.499 498.872 431.845 673.013 708.606 522.266 106.025 104.05 218.557 235.198 279.458 947.64 1755.15 2693.56 3649.81 4571.13 8366.18 9174.08 8520.12 -9999 4497.59
-9999 -9999 -9999 -9999 -9999 -9999 -9999 -9999 -9999 -9999 -9999 -9999 -9999 10735.3 10484.5 9850.4 9089.89 8448.73 7933.33 7529.13 7032.09 6410.84 5534.49 4579.89 3505.3 2841.01 2365.4 1936.68 1699.95 2034.71 2577.29 3365.91 3501.61 2548.58 1594.22 673.238 283.361 1019.24 1928.24 1959.49 945.459 436.912 845.797 1502.99 2426.72 3159.81 3089.14 2619.77 2054.23 1923.48 2102.72 2196.96 1655.03 1317.63 1452.39 1433.02 1509.55 968.731 342.529 203.164 274.057 272.54 306.819 62.3231 4.6875 14.0625 2.8125 60.5568 668.054 1560.32 2514.93 3471.18 4489.48 6242.72 8189.49 7751.78 6598.21 -9999
-9999 -9999 -9999 -9999 -9999 -9999 -9999 -9999 -9999 -9999 -9999 -9999 -9999 -9999 -9999 10169.5 9645.58 9251.62 8881.48 8479.89 7772.24 6886.83 5932.23 4999.32 4190.68 3717.74 3290.32 2889.19 2656.2 2974.62 3387.05 3919.34 3869.86 2915.5 1986.66 1179.43 784.519 1350.68 2175.45 2200.25 1323.48 1043.9 1480.05 2192.52 2966.18 3182.7 2523.84 1832.95 1472.8 1771.95 2305.4 2731.67 2544.68 2269.14 2372.55 2304.48 1983.81 1121.38 373.434 174.565 20.4776 163.4 414.388 354.101 101.383 23.6719 133.874 450.528 1137.75 1907.14 2811.7 3766.3 4868.59 5954.87 7209.32 7149.05 6185.88 4918.67
-9999 -9999 -9999 -9999 -9999 -9999 -9999 -9999 -9999 -9999 -9999 -9999 -9999 -9999 -9999 10295.9 9967.09 10060.5 9823.54 9269.56 8239.91 7284.57 6351.66 5645.74 5067.78 4641.36 4241.53 3845.44 3612.45 3930.87 4326.96 4716.85 4267.16 3336.51 2531.77 1970.43 1691.78 2075.82 2657.03 2691.99 2154.84 1971.45 2282.02 2814.29 3476.58 3009.25 2079.94 1156 560.681 1056.09 1739.68 2550.44 2797.83 2639.03 2526.72 2168.25 1784.75 1070.41 325.512 118.326 101.922 204.843 457.067 580.806 600.918 285.339 570.044 1181.25 1859.38 2490.09 3253.92 4163.31 5292.74 6259.46 7065.88 6790.83 5699.58 4725.12
-9999 -9999 -9999 -9999 -9999 -9999 -9999 -9999 -9999 -9999 -9999 -9999 -9999 -9999 -9999 -9999 -9999 10784.9 10531.3 9811.21 8711.62 7809.81 7142.84 6667.6 6164.97 5768.87 5372.78 4976.69 4743.7 5062.12 5457.33 5622.51 4775.43 4010.77 3486.4 3080.24 2821.36 3165.68 3571.85 3683.8 3281.06 3102.43 3397.55 3792.89 3797 2906.2 1949.95 997.815 232.689 500.837 1241.62 1996.82 1818.49 1740.81 1707.41 1175.54 850.755 525.937 160.834 67.3656 79.2969 15.5469 67.8125 280.868 1096.83 1258.54 1466.06 2020.51 2780.11 3352.13 3964.82 4695.85 5763.14 6718.47 7199.52 6569.88 5440.11 4483.86
-9999 -9999 -9999 -9999 -9999 -9999 -9999 -9999 -9999 -9999 -9999 -9999 -9999 -9999 -9999 -9999 -9999 -9999 10404.4 9979.73 9156.06 8497.86 8022.25 7593.53 7121.21 6725.12 6329.03 5932.94 5699.95 6018.37 6384.02 6204.18 5363.11 4840.21 4432.59 4036.49 3777.61 4121.93 4518.02 4635.62 4237.31 4058.68 4353.8 4707.74 4180.87 3224.62 2274.83 1404.06 793.253 1006.99 1545.41 1670.56 953.847 876.132 1062.34 561.6 215.238 144.419 105.051 207.95 78.9451 83.8999 205.775 728.614 1494.77 1990.02 2356.81 2807.49 3485.48 4125.45 4705.14 5317.16 6206.09 7116.21 7568.43 6915.49 5784.43 4828.18
-9999 -9999 -9999 -9999 -9999 -9999 -9999 -9999 -9999 -9999 -9999 -9999 -9999 -9999 -9999 -9999 -9999 -9999 -9999 10201.6 9841.44 9374.59 8947.18 8546.04 8077.46 7681.37 7285.28 6889.19 6656.2 6974.62 7215.04 6816.71 6191.09 5784.93 5388.84 4992.74 4733.86 5078.18 5474.27 5591.87 5193.56 5014.93 5310.05 5459.12 4576.96 3627.17 2764.89 2137.69 1728.55 1933.27 2112.92 1581.68 627.45 553.808 914.189 568.804 87.3949 187.474 278.702 505.392 221.976 240.905 556.405 882.371 1291.08 1929.97 2723.07 3476.16 4214.15 4836.41 5477.79 6056.81 6794.6 7564 7966.17 7311.58 6180.52 5224.27
-9999 -9999 -9999 -9999 -9999 -9999 -9999 -9999 -9999 -9999 -9999 -9999 -9999 -9999 -9999 -9999 -9999 -9999 -9999 10340 10677.2 10298.2 9898.39 9502.29 9033.71 8637.62 8241.53 7845.44 7612.45 7922.89 8009.59 7625.94 7137.27 6741.18 6345.09 5948.99 5690.11 6034.43 6430.52 6548.12 6149.81 5971.18 6239 6022.91 4977.17 4108.75 3490.03 3054.22 2684.8 2860.35 2705.41 1915.47 1232.03 1137.27 1026.35 494.814 179.183 520.953 813.407 1128.15 660.471 219.797 380.556 303.804 612.792 1504.88 2457.97 3407.39 4481.33 5331.55 6138.02 6834.58 7516.23 8144.34 8403.17 7707.72 6576.61 5620.36
-9999 -9999 -9999 -9999 -9999 -9999 -9999 -9999 -9999 -9999 -9999 -9999 -9999 -9999 -9999 -9999 -9999 -9999 -9999 12988.7 11833.2 11425.7 11029.6 10633.5 10165 9768.87 9372.78 8976.69 8743.7 9040.09 9082.73 8737.1 8268.52 7872.43 7476.33 7080.24 6821.36 7165.68 7561.77 7679.37 7281.06 7100.63 7171.43 6566.07 5565.2 4993.83 4579.89 4183.8 3814.4 3842.32 3379.93 2802 2323.57 1842.71 1016.89 245.432 28.0243 177.988 493.769 916.239 681.818 475.136 303.337 183.891 782.275 1687.17 2639.27 3595.44 4726.69 5682.94 6637.97 7568.42 8433.76 8982.94 8979.9 8176.44 7050.86 6192.18
-9999 -9999 -9999 -9999 -9999 -9999 -9999 -9999 -9999 -9999 -9999 -9999 -9999 -9999 -9999 -9999 -9999 -9999 14374.4 13368.6 12778.1 12382 11985.9 11589.8 11121.2 10725.1 10329 9932.94 9699.95 9996.34 10039 9693.35 9224.77 8828.68 8432.58 8036.49 7777.61 8121.93 8518.02 8635.62 8237.31 8025.12 7798 7060.56 6346.17 5932.23 5536.14 5140.05 4753.72 4618.02 4162.48 3741.99 3133.43 2341.85 1502.88 740.113 171.525 85.8226 170.676 420.028 296.393 740.072 955.425 931.462 1397.48 2138.34 3040.93 3991.61 5122.78 6079.03 7035.28 7990.31 9063.07 9689.33 9469.78 8572.53 7544.52 6964.83
-9999 -9999 -9999 -9999 -9999 -9999 -9999 -9999 -9999 -9999 -9999 -9999 -9999 -9999 -9999 -9999 -9999 15508.4 14930.5 14258.9 13734.3 13338.2 12942.1 12546 12077.5 11681.4 11285.3 10889.2 10656.2 10952.6 10995.2 10649.6 10181 9784.93 9388.83 8992.74 8733.86 9078.18 9474.27 9591.87 9192.88 8867.96 8395.38 7794.54 7284.57 6888.48 6492.39 6096.3 5690.04 5491.69 5094.01 4605.18 3688.77 2855.22 2086.52 1419.73 710.102 256.274 201.422 255.863 146.927 580.671 1266.88 1756.42 2252.08 2759.33 3490.68 4391.85 5518.87 6475.12 7431.37 8387.62 9513.76 10222.2 9904.63 9029.03 8315.15 7906.25
-9999 -9999 -9999 -9999 -9999 -9999 -9999 -9999 -9999 -9999 -9999 -9999 -9999 -9999 -9999 -9999 -9999 15867.9 15617.3 15164.7 14690.6 14294.5 13898.4 13502.3 13033.7 12637.6 12241.5 11845.4 11612.4 11908.8 11951.5 11605.8 11137.3 10741.2 10345.1 9948.99 9690.11 10034.4 10430.5 10548.1 10138 9665.07 9145.75 8711.07 8240.82 7844.73 7448.64 7052.55 6643.74 6438.68 5957.52 5187.9 4202.19 3439.94 2772.07 2153.42 1188.5 476.669 569.766 678.956 244.588 477.013 1288.56 2201.13 3123.64 3604.42 4102.16 4832.83 5914.97 6871.21 7827.46 8783.71 9914.84 10635.6 10366.2 9756.46 9258.59 8862.5
-9999 -9999 -9999 -9999 -9999 -9999 -9999 -9999 -9999 -9999 -9999 -9999 -9999 -9999 -9999 -9999 17076.1 16999.5 16686.5 16290.4 15821.8 15425.7 15029.6 14633.5 14165 13768.9 13372.8 12976.7 12743.7 13040.1 13082.7 12737.1 12268.5 11872.4 11476.3 11080.2 10821.4 11165.7 11561.8 11671.9 11168.2 10650.7 10236.7 9840.65 9372.07 8975.98 8579.89 8183.8 7765.81 7430.07 6640.94 5802.02 4910.51 4246.32 3613.12 2778.58 1740.57 1167.19 1266.39 1502.04 1165.3 1170.06 1782.43 2662.99 3779.5 4590.51 5111.62 5582.52 6432.66 7344.02 8296.12 9252.29 10383.5 11180.9 11241.8 10858.4 10389.8 9993.75
-9999 -9999 -9999 -9999 -9999 -9999 -9999 -9999 -9999 -9999 -9999 -9999 -9999 -9999 -9999 -9999 18007.1 17934.4 17636.5 17246.6 16778.1 16382 15985.9 15589.8 15121.2 14725.1 14329 13932.9 13699.9 13996.3 14039 13693.3 13224.8 12828.7 12432.6 12036.5 11777.6 12121.9 12513.6 12546.1 12003 11589.1 11193 10796.9 10328.3 9932.23 9536.14 9140.05 8637.96 7994.3 7159.74 6392.11 5598.67 4958.25 4126.83 3241.35 2462.58 2100.1 2162.23 2410.51 2121.55 2092.33 2496.14 3134.77 4186.39 5127.29 5929.9 6463.96 7054.33 7795.19 8697.79 9648.47 10779.6 11696.1 12092 11814.3 11346.1 10950
-9999 -9999 -9999 -9999 -9999 -9999 -9999 -9999 -9999 -9999 -9999 -9999 -9999 -9999 -9999 -9999 18890.8 18848.7 18594.3 18202.9 17734.3 17338.2 16942.1 16546.1 16077.5 15681.4 15285.3 14889.2 14656.2 14952.6 14995.2 14649.6 14181 13784.9 13388.8 12992.7 12733.9 13078.2 13451.4 13401.5 12941.4 12545.3 12149.2 11753.2 11284.6 10888.5 10492.4 10076.4 9310.72 8512.08 7743.37 7076.58 6317.81 5479.17 4598.85 3918.64 3395.49 3056.35 3118.48 3365.16 3077.79 3048.58 3413.61 3843.68 4626.17 5539.16 6479.63 7295.19 7908.93 8416.18 9147.54 10048.7 11175.7 12129.2 12832 12760.8 12302.3 11906.2
-9999 -9999 -9999 -9999 -9999 -9999 -9999 -9999 -9999 -9999 -9999 -9999 -9999 -9999 -9999 -9999 19545.7 19531.3 19448.9 19156.2 18690.6 18294.5 17898.4 17502.3 17033.7 16637.6 16241.5 15845.4 15612.4 15908.8 15951.5 15605.8 15137.3 14741.2 14345.1 13949 13690.1 14034.4 14399.9 14342.5 13897.7 13501.6 13105.5 12709.4 12240.8 11844.7 11428.7 10798.4 9858.87 9096.8 8428.92 7810.27 6835.61 5946.03 5270.98 4822.51 4351.74 4012.6 4074.73 4321.41 4034.04 4004.83 4369.86 4765.95 5289.94 5978.51 6891.07 7836.53 8780.49 9261.28 9759.02 10489.7 11571.8 12528.1 13429.5 13671.3 13258.6 12862.5
-9999 -9999 -9999 -9999 -9999 -9999 -9999 -9999 -9999 -9999 -9999 -9999 -9999 -9999 -9999 -9999 -9999 -9999 20094.7 20080.5 19797.7 19403.4 19026.1 18624.1 18152.9 17758.9 17370 16976.7 16743.7 17040.1 17082.7 16737.1 16268.5 15872.4 15476.3 15080.2 14821.4 15165.7 15531.2 15473.8 15028.9 14632.8 14236.7 13840.7 13370.2 12924.9 12262.7 11458.7 10567.4 9903.18 9269.98 8435.43 7397.43 6767.09 6347.66 5951.56 5482.99 5143.85 5205.98 5452.66 5165.29 5136.08 5501.11 5897.2 6365.78 6795.85 7439.28 8319.84 9436.36 10247.4 10768.5 11239.4 12089.5 13000.9 13953 14637.3 14389.8 13989.2
-9999 -9999 -9999 -9999 -9999 -9999 -9999 -9999 -9999 -9999 -9999 -9999 -9999 -9999 -9999 -9999 -9999 -9999 -9999 20417.3 20339 20014.5 19811.8 19470.9 18742.2 18439.1 18276.6 17931.9 17699.9 17996.3 18039 17693.3 17224.8 16828.7 16432.6 16036.5 15777.6 16121.9 16487.4 16430 15985.2 15589.1 15193 14796.9 14277.2 13614.1 12816.3 12049 11255.5 10615.1 9783.68 8898.2 8119.43 7700 7303.91 6907.81 6439.23 6100.1 6162.23 6408.91 6121.54 6092.33 6457.36 6853.45 7322.03 7718.12 8152.99 8791.63 9843.25 10784.1 11586.8 12120.8 12711.2 13452.1 14354.6 15254 15341 14858.2
-9999 -9999 -9999 -9999 -9999 -9999 -9999 -9999 -9999 -9999 -9999 -9999 -9999 -9999 -9999 -9999 -9999 -9999 -9999 -9999 -9999 20251.2 20055.3 19841.8 -9999 18748.8 18909.7 18807 18656.2 18952.6 18995.2 18649.6 18181 17784.9 17388.8 16992.7 16733.9 17078.2 17443.7 17386.3 16941.4 16545.3 16149.2 15733.3 14967.4 14168.6 13400.2 12733.4 11974.7 11136 10255.7 9575.5 9052.34 8656.25 8260.15 7864.06 7395.48 7056.35 7118.48 7365.16 7077.79 7048.58 7413.61 7809.7 8278.28 8674.37 9070.46 9500.53 10283 11196 12136.5 12952 13565.8 14073 14804.4 15704.6 16180.9 15473.2
-9999 -9999 -9999 -9999 -9999 -9999 -9999 -9999 -9999 -9999 -9999 -9999 -9999 -9999 -9999 -9999 -9999 -9999 -9999 -9999 -9999 -9999 -9999 -9999 -9999 -9999 19146.3 19286.7 19612.4 19908.8 19951.5 19605.8 19137.3 18741.2 18345.1 17949 17690.1 18034.4 18399.9 18342.5 17897.7 17501.6 17085.6 16455.3 15515.7 14753.7 14085.8 13467.1 12492.5 11602.9 10927.8 10479.4 10008.6 9612.5 9216.4 8820.31 8351.74 8012.6 8074.73 8321.41 8034.04 8004.83 8369.86 8765.95 9234.53 9630.62 10026.7 10422.8 10946.8 11635.4 12547.9 13493.4 14437.4 14918.1 15415.9 16146.5 16719.2 15898.4
-9999 -9999 -9999 -9999 -9999 -9999 -9999 -9999 -9999 -9999 -9999 -9999 -9999 -9999 -9999 -9999 -9999 -9999 -9999 -9999 -9999 -9999 -9999 -9999 -9999 -9999 -9999 -9999 20607.1 21032 21082.7 20737.1 20268.5 19872.4 19476.3 19080.2 18821.4 19165.7 19531.2 19473.8 19027 18581.8 17919.5 17115.6 16224.2 15560 14926.8 14092.3 13054.3 12423.9 12004.5 11608.4 11139.8 10743.7 10347.7 9951.56 9482.99 9143.85 9205.98 9452.66 9165.29 9136.08 9501.11 9897.2 10365.8 10761.9 11158 11554.1 12022.6 12452.7 13096.1 13976.7 15093.2 15904.2 16420.6 16837.3 16994.3 16261.6
-9999 -9999 -9999 -9999 -9999 -9999 -9999 -9999 -9999 -9999 -9999 -9999 -9999 -9999 -9999 -9999 -9999 -9999 -9999 -9999 -9999 -9999 -9999 -9999 -9999 -9999 -9999 -9999 21332.2 21991.5 22037.4 21693.3 21224.8 20828.7 20432.6 20036.5 19777.6 20121.9 20487.4 20430 19934.1 19271 18473.1 17705.8 16912.4 16272 15440.5 14555.1 13776.3 13356.9 12960.8 12564.7 12096.1 11700 11303.9 10907.8 10439.2 10100.1 10162.2 10408.9 10121.5 10092.3 10457.4 10853.4 11322 11718.1 12114.2 12510.3 12978.9 13375 13809.9 14448.5 15500.1 16441 17102.3 17016 16416.7 15862.5
-9999 -9999 -9999 -9999 -9999 -9999 -9999 -9999 -9999 -9999 -9999 -9999 -9999 -9999 -9999 -9999 -9999 -9999 -9999 -9999 -9999 -9999 -9999 -9999 -9999 -9999 -9999 -9999 22452.7 22716.2 22814 22600 22181 21784.9 21388.8 20992.7 20733.9 21078.2 21443.7 21366.3 20624.2 19825.5 19057.1 18390.3 17631.5 16792.9 15912.6 15232.4 14709.2 14313.1 13917 13520.9 13052.3 12656.2 12260.2 11864.1 11395.5 11056.3 11118.5 11365.2 11077.8 11048.6 11413.6 11809.7 12278.3 12674.4 13070.5 13466.6 13935.1 14331.2 14727.3 15157.4 15939.9 16834.9 17218.6 16566.8 15657.2 15066.9
-9999 -9999 -9999 -9999 -9999 -9999 -9999 -9999 -9999 -9999 -9999 -9999 -9999 -9999 -9999 -9999 -9999 -9999 -9999 -9999 -9999 -9999 -9999 -9999 -9999 -9999 -9999 -9999 -9999 23037.6 23014.6 23099 23057.6 22698.2 22257 21846.7 21680.4 21964.5 22335.4 22087.1 21172.6 20410.5 19742.6 19124 18149.3 17259.7 16584.7 16136.2 15665.4 15269.4 14873.3 14477.2 14008.6 13612.5 13216.4 12820.3 12351.7 12012.6 12074.7 12321.4 12034 12004.8 12369.9 12765.9 13234.5 13630.6 14026.7 14422.8 14891.4 15287.5 15683.6 16079.7 16603.7 17164.6 17044.4 16161.7 15058.8 14304.9
