public/models/data/input/map/sulut/1000/mapdagr.asc
NCOLS 248
NROWS 182
XLLCORNER 510063.019283
YLLCORNER 211117.685435
CELLSIZE 1000.000000
NODATA_VALUE       -9999
[rows 35 to 69 of 182, columns 156 to 233 of 248]
-9999 -9999 -9999 -9999 -9999 -9999 -9999 -9999 -9999 -9999 -9999 -9999 -9999 -9999 -9999 -9999 -9999 -9999 -9999 -9999 -9999 -9999 -9999 -9999 -9999 -9999 -9999 -9999 -9999 -9999 -9999 -9999 -9999 -9999 -9999 2371.32 1825.61 1201.01 701.503 229.93 722.842 1666.26 2102.47 1470.26 450.661 79.9526 140.423 684.011 1262.02 1888.77 2722.09 3473.28 4197.36 3840.59 3251.05 2830.24 2482.53 2167.63 1310.29 524.808 31.25 0 0 0 0 64.7256 119.769 119.028 168.61 784.593 1613.92 2363.26 3395.02 4213.25 4490.51 -9999 -9999 -9999
-9999 -9999 -9999 -9999 -9999 -9999 -9999 -9999 -9999 -9999 -9999 -9999 -9999 -9999 -9999 -9999 -9999 -9999 -9999 -9999 -9999 -9999 -9999 -9999 -9999 -9999 -9999 -9999 -9999 -9999 -9999 -9999 -9999 -9999 2897.36 2442.73 1447.69 693.648 172.653 106.151 652.874 1561.27 2195.3 1724.23 788.886 324.436 205.834 642.355 1157.56 1619.3 2167.88 2857.95 3720.45 3251.79 2374.62 1740.73 1445.79 1763.41 1610.78 890.415 60.9375 0 0 0 0 0 101.397 187.338 100.212 371.938 953.847 1818.49 2945.63 3871.26 4577.74 4700.79 -9999 -9999
-9999 -9999 -9999 -9999 -9999 -9999 -9999 -9999 -9999 -9999 -9999 -9999 -9999 -9999 -9999 -9999 -9999 -9999 -9999 -9999 -9999 -9999 -9999 -9999 -9999 -9999 -9999 -9999 -9999 -9999 -9999 -9999 -9999 -9999 2779.45 2267.34 1171.52 374.581 190.916 94.0023 566.5 1507.71 2338.54 2229.6 1600 1167.19 918.941 700.585 394.397 834.653 1521.58 2415.36 3326.3 2860.71 1907.76 1030.04 630.681 1144.57 1061.28 598.912 32.8125 0 0 0 0 0 36.08 104.643 51.924 190.238 849.876 1757.86 2886.08 3842.33 4625 4499.95 3320.48 2917.34
-9999 -9999 -9999 -9999 -9999 -9999 -9999 -9999 -9999 -9999 -9999 -9999 -9999 -9999 -9999 -9999 -9999 -9999 -9999 -9999 -9999 -9999 -9999 -9999 -9999 -9999 -9999 -9999 -9999 -9999 -9999 -9999 -9999 -9999 2763.14 2366.89 1375.89 577.242 474.754 254.464 789.782 1735.38 2658.22 2955.24 2495.91 1972.14 1348.86 592.516 104.261 390.63 1219.79 2171.99 3092.34 2647.14 1690.89 737.381 407.747 970.729 570.258 234.269 0 0 0 0 0 0 0 0 26.6885 296.802 1083.25 2003.24 3130.5 4083.15 4592.72 4029.64 3045.64 2443.1
-9999 -9999 -9999 -9999 -9999 -9999 -9999 -9999 -9999 -9999 -9999 -9999 -9999 -9999 -9999 -9999 -9999 -9999 -9999 -9999 -9999 -9999 -9999 -9999 -9999 -9999 -9999 -9999 -9999 -9999 -9999 -9999 -9999 -9999 2750 2335.18 1747.34 1264.27 1068.38 753.999 1195.8 2090.91 3041.05 3675.36 3032.35 2153.27 1223.77 358.64 129.519 578.488 1452.82 2397.49 3311.09 2846.48 1890.23 1025.5 833.159 1089.33 452.336 55.6295 0 0 0 0 0 0 0 0 4.55691 201.95 943.095 1894.24 3025.17 3957.55 4299.66 3603.03 2527.39 1753.8
-9999 -9999 -9999 -9999 -9999 -9999 -9999 -9999 -9999 -9999 -9999 -9999 -9999 -9999 -9999 -9999 -9999 -9999 -9999 -9999 -9999 -9999 -9999 -9999 -9999 -9999 -9999 -9999 -9999 -9999 -9999 -9999 -9999 -9999 -9999 -9999 2259.62 2188.69 2087.89 1820.98 2094.62 2674.98 3524.22 4159.7 3351.72 2395.47 1439.77 542.833 346.893 1103.15 1973.26 2878.92 3671.26 3195.43 2416.4 1823.91 1091.7 588.8 231.068 19.5313 0 0 0 0 0 0 0 0 4.14063 205.973 921.256 1800.93 2781.5 3357.82 3678.3 3120.88 2003.79 1088.65
-9999 -9999 -9999 -9999 -9999 -9999 -9999 -9999 -9999 -9999 -9999 -9999 -9999 -9999 -9999 -9999 -9999 -9999 -9999 -9999 -9999 -9999 -9999 -9999 -9999 -9999 -9999 -9999 -9999 -9999 -9999 -9999 -9999 -9999 -9999 -9999 -9999 2670.53 2852.95 2764.82 3036.49 3454.89 4039.95 4534.43 3680.87 2725.45 1802.97 1045.8 893.916 1579.67 2439.27 3265.13 3402.86 2799.97 2315.53 1815.61 911.732 198.587 7.5 0 0 0 0 0 0 0 0 0 2.10938 115.825 637.787 1373.71 2019.6 2642.46 3221.72 2743.1 1622.1 699.517
-9999 -9999 -9999 -9999 -9999 -9999 -9999 -9999 -9999 -9999 -9999 -9999 -9999 -9999 -9999 -9999 -9999 -9999 -9999 -9999 -9999 -9999 -9999 -9999 -9999 -9999 -9999 -9999 -9999 -9999 -9999 -9999 -9999 -9999 -9999 -9999 -9999 -9999 3553.18 3650 3992.74 4375.83 4665.15 4717.87 3992.06 3148.05 2408.3 1898.53 1789.62 2256.05 2928.32 3335.88 2751.92 2085.8 1462.22 1178.84 754.313 215.775 12.8906 9.375 0 0 0 0 0 0 0 0 0 18.8637 347.157 686.432 1281.06 2166.47 2908.3 2570.89 1475.1 621.096
-9999 -9999 -9999 -9999 -9999 -9999 -9999 -9999 -9999 -9999 -9999 -9999 -9999 -9999 -9999 -9999 -9999 -9999 -9999 -9999 -9999 -9999 -9999 -9999 -9999 -9999 -9999 -9999 -9999 -9999 -9999 -9999 -9999 -9999 -9999 -9999 -9999 -9999 4807.11 4671.31 4937.34 5041.49 4566.27 4095.52 3589.25 3196.81 3001.01 2735.32 2741.89 3141.96 3471.05 3128.94 2107.14 1399.58 735.934 328.173 188.909 41.5536 4.29688 90.8471 83.0346 32.8125 0 0 0 0 0 0 0 2.8125 63.6635 164.96 925.984 1846.25 2516.59 2358.96 1721.62 1167.31
-9999 -9999 -9999 -9999 -9999 -9999 -9999 -9999 -9999 -9999 -9999 -9999 -9999 -9999 -9999 -9999 -9999 -9999 -9999 -9999 -9999 -9999 -9999 -9999 -9999 -9999 -9999 -9999 -9999 -9999 -9999 -9999 -9999 -9999 -9999 -9999 -9999 5553.3 5741.2 5554.52 5368.28 4866.6 3994.5 3135.18 2503.22 2226.35 2257.42 2187.52 2555.44 2996.7 3319.03 2766.58 1645.15 741.012 174.372 12.8906 3.125 6.25 6.25 95.7567 68.75 9.375 0 0 0 0 0 0 0 0 0 0 485.671 1364.21 1811.97 1403.1 1153.53 1265.35
-9999 -9999 -9999 -9999 -9999 -9999 -9999 -9999 -9999 -9999 -9999 -9999 -9999 -9999 -9999 -9999 -9999 -9999 -9999 -9999 -9999 -9999 -9999 -9999 -9999 -9999 -9999 -9999 -9999 -9999 -9999 -9999 -9999 -9999 -9999 -9999 -9999 5467.56 5395.49 5055.12 4523.24 4097.92 3501.11 2642.15 1671.58 1282.6 1316.14 1235.6 1644.36 2285.53 2951.48 2569.66 1460.33 569.557 75.4205 1.17188 159.609 267.463 268.75 224.215 50.4787 3.51563 0 0 0 0 0 0 0 0 0 0 245.677 1053.89 1481.96 877.839 361.152 538.348
-9999 -9999 -9999 -9999 -9999 -9999 -9999 -9999 -9999 -9999 -9999 -9999 -9999 -9999 -9999 -9999 -9999 -9999 -9999 -9999 -9999 -9999 -9999 -9999 -9999 -9999 -9999 -9999 -9999 -9999 -9999 -9999 -9999 -9999 -9999 -9999 -9999 5129.34 4875.63 4268.56 3628.53 3171.76 2745.58 2178.32 1156.86 553.672 559.238 399.855 940.091 1828.45 2596.43 2262.5 1159.58 327.525 11.8325 0 552.115 1033.5 1103.13 963.845 431.311 205.245 41.0587 0 0 0 0 0 0 0 12.6563 8.4375 236.478 855.481 1121.61 729.257 104.609 62.3776
-9999 -9999 -9999 -9999 -9999 -9999 -9999 -9999 -9999 -9999 -9999 -9999 -9999 -9999 -9999 -9999 -9999 -9999 -9999 -9999 -9999 -9999 -9999 -9999 -9999 -9999 -9999 -9999 -9999 -9999 -9999 -9999 -9999 -9999 -9999 -9999 -9999 4407.06 4211.6 3596.81 2797 2276.19 1818.56 1513.53 888.449 220.593 181.047 261.921 885.979 1763.5 2374.05 2217.28 1204.07 359.144 14.5313 0 686.461 1549.72 1989.17 1764.85 1215.38 811.135 260.898 18.616 0 0 0 0 0 0 29.5313 11.875 61.1867 246.04 346.629 197.188 23.359 11.25
-9999 -9999 -9999 -9999 -9999 -9999 -9999 -9999 -9999 -9999 -9999 -9999 -9999 -9999 -9999 -9999 -9999 -9999 -9999 -9999 -9999 -9999 -9999 -9999 -9999 -9999 -9999 -9999 -9999 1349.12 970.516 229.03 457.053 1194.8 1878.89 2265.11 3339.55 3543.27 3320.18 2797.05 1996.98 1317.07 778.301 532.276 695.808 311.24 93.6094 456.503 1277.48 1495.86 1476.87 1624.29 1351.87 527.345 98.1368 178.927 918.124 1831.63 2654.51 2627.76 1797.63 878.996 167.708 1.5625 0 0 0 0 3.125 122.051 212.838 85.8871 51.6846 13.5938 0.9375 26.9749 129.492 417.307
-9999 -9999 -9999 -9999 -9999 -9999 -9999 -9999 -9999 -9999 -9999 -9999 -9999 -9999 -9999 -9999 -9999 -9999 -9999 -9999 -9999 -9999 -9999 -9999 -9999 -9999 -9999 -9999 1882.79 1499.15 906.344 192.002 370.319 1111.74 1687.48 2042.42 2569.25 2733.58 2496.84 2024.1 1324.43 681.229 187.949 106.66 146.902 213.529 83.9556 258.084 815.722 703.061 563.78 708.253 1133.2 841.053 601.679 831.359 1485.87 2154.36 2757.09 2605.48 1629.27 739.204 124.483 0 0 0 14.5313 10.4688 0 97.7221 471.613 642.13 539.33 250.757 160.673 366.178 714.73 1155.72
-9999 -9999 -9999 -9999 -9999 -9999 -9999 -9999 -9999 -9999 -9999 -9999 -9999 -9999 -9999 -9999 -9999 -9999 -9999 -9999 -9999 -9999 -9999 -9999 -9999 -9999 -9999 1346 1606.88 1314.1 734.686 138.496 137.144 637.093 943.658 1240.17 1666.5 1789.13 1614.54 1225.53 651.456 201.049 23.7833 4.6875 2.8125 9.84375 1.40625 36.3166 215 155.831 59.4795 128.54 629.127 1063.62 1197.47 1189.95 1513.78 1817.17 2042.19 1875.2 1191.27 415.325 39.6465 0 0 0 17.3438 47.5 154.435 275.326 854.02 1481.54 1378.32 976.009 870.306 1137.13 1621.33 1996.14
-9999 -9999 -9999 -9999 -9999 -9999 -9999 -9999 -9999 -9999 -9999 -9999 -9999 -9999 -9999 -9999 -9999 -9999 -9999 -9999 -9999 -9999 -9999 -9999 -9999 -9999 -9999 794.759 860.169 651.106 545.113 109.166 21.8106 131.726 202.29 363.157 788.647 877.417 747.52 466.815 144.198 31.7946 19.2188 3.125 0 64.1735 127.621 24.2743 22.1729 8.94301 0 5.46875 138.182 621.348 842.887 550.406 715.271 915.282 1092.03 940.073 539.059 140.372 1.64063 0 0 0 0.9375 187.788 796.6 939.193 1320.62 2113.48 2127.17 1705.89 1616.57 1845.31 2288.57 2711.14
-9999 -9999 -9999 -9999 -9999 -9999 -9999 -9999 -9999 -9999 -9999 -9999 -9999 -9999 -9999 -9999 -9999 -9999 -9999 -9999 -9999 -9999 -9999 -9999 273.383 5.01672 0 31.25 100.444 145.142 381.088 142.74 0 37.611 42.2985 1.5625 72.9013 150.373 227.314 66.0039 0 0 0 0 1.5625 74.3068 223.165 264.124 6.25 0 0 35.1563 3.125 155.861 278.872 44.1287 38.984 103.38 159.061 90.0888 0 0 0 0 0 0 10.3125 255.766 904.216 1664.15 2113.71 2301.56 -9999 -9999 -9999 -9999 -9999 -9999
-9999 -9999 -9999 -9999 -9999 -9999 -9999 -9999 -9999 -9999 -9999 -9999 932.625 478.058 94.3345 23.5849 -9999 -9999 -9999 -9999 -9999 -9999 -9999 353.553 203.189 33.674 0 0 0 6.32813 153.801 226.082 14.0625 9.375 9.375 0 3.04688 44.3468 87.7389 16.5734 17.9688 21.0938 0 0 0 0 12.6563 179.818 9.375 0 0 19.5313 0 39.6927 95.1051 20.0333 9.375 0 0 0 0 0 0 0 0.46875 13.7833 61.2368 327.481 1049.71 1872.93 2380.04 2500 -9999 -9999 -9999 -9999 -9999 -9999
-9999 -9999 -9999 -9999 -9999 -9999 -9999 -9999 -9999 -9999 -9999 -9999 1034.86 461.142 56.2994 2.77469 -9999 -9999 -9999 -9999 0 0 0 142.858 39.1591 25.8479 0 0 0 0 32.4534 198.168 229.716 14.0625 0 0 25.4297 32.2266 8.67188 1.64063 17.9688 21.0938 0 0 0 0 2.8125 28.8166 0 0 0 7.8125 0 0 13.8281 47.8906 0 0 0 0 0 0 0 0 9.72656 97.4477 376.788 928.393 1717.46 2318.17 2574.64 -9999 -9999 -9999 -9999 -9999 -9999 -9999
-9999 -9999 -9999 -9999 -9999 -9999 -9999 -9999 -9999 -9999 -9999 426.777 721.891 340.628 16.501 0 0 0 -9999 -9999 109.756 75.2287 9.375 6.09756 0 0 0 0 0 0 0 90.736 179.651 14.0625 0 0 7.46094 7.38281 0 0 0 0 0 31.25 0 0 0 0 0 0 0 0 15.625 0 3.75 56.4063 45.3125 48.4375 15.625 0 0 0 0 0 3.08594 63.9681 483.341 1302.94 2317.59 2936.14 3074.75 -9999 -9999 -9999 -9999 -9999 -9999 -9999
-9999 -9999 -9999 -9999 -9999 -9999 -9999 -9999 586.139 420.94 155.62 48.6607 204.839 138.259 4.6875 0 0 0 0 0 87.6916 71.8776 8.90625 0 0 0 0 0 0 0 0 0 0 0 0 0 1.95313 5.85938 0 0 0 0 0 15.625 2.07586 12.2599 6.03228 0 0 0 0 0 100 0 0 0 102.223 111.147 42.1875 84.375 52.3438 63.2813 25.7813 79.0173 70.0672 341.366 975.166 1721.48 2597.97 2957.11 -9999 -9999 -9999 -9999 -9999 -9999 -9999 -9999
-9999 -9999 -9999 -9999 -9999 -9999 661.083 500.783 473.823 125.882 7.5 0 24.5221 31.8612 4.21875 1.875 15.625 0 0 0 10.3125 22.0313 19.2188 0 4.6875 0 0 0 0 0 0 0 1.64063 8.67188 6.5625 1.875 5.85938 17.5781 0 0 0 0 0 0 6.69634 41.9359 21.8468 0 0 0 0 0 9.375 0 0 0 112.339 159.956 9.01999 14.0625 66.0041 72.647 174.577 372.609 579.209 914.836 1581.83 2137.84 -9999 -9999 -9999 -9999 -9999 -9999 -9999 -9999 -9999 -9999
-9999 -9999 -9999 -9999 -9999 707.107 621.365 335.172 137.455 48.2121 19.2188 2.34375 12.0703 39.0234 80.5767 125.602 25 0 0 0 0 0 0 0 25.7813 7.03125 0 0 0 0 0 0 12.7097 142.468 269.994 202.276 11.7188 0 0 0 0 0 0 0 0.46875 5.15625 3.75 0 0 0 0 0 0 0 0 0 107.242 396.099 189.588 138.449 544.255 630.432 782.602 926.117 1283.86 1687.96 2074.81 2340.41 -9999 -9999 -9999 -9999 -9999 -9999 -9999 -9999 -9999 -9999
-9999 -9999 -9999 -9999 1353.55 1116.02 510.731 152.487 355.484 489.075 223.501 53.125 36.6797 138.633 360.574 486.949 74.2188 21.0938 4.6875 0 0 0 0 0 7.03125 2.34375 0 0 1.5625 43.861 39.1735 0 14.1538 286.444 794.133 625.109 110.378 25 15.625 0 0 0 0 0 31.25 0 0 0 0 0 0 0 0 0 0 0 89.1304 610.544 794.337 769.807 1274.83 1499.08 1161.65 621.976 1109.03 1635.29 2213.16 2287.43 -9999 -9999 -9999 -9999 -9999 -9999 -9999 -9999 -9999 -9999
-9999 -9999 -9999 -9999 2542.07 1770.53 1050.51 808.745 1293.18 1343.59 690.432 454.774 170.802 586.614 1168.43 1129.52 551.401 417.366 375.268 174.58 9.375 0 0 0 6.45086 23.4932 5.07813 0 1.01563 111.439 208.694 261.064 513.737 705.649 724.829 304.309 163.113 30.0781 31.25 0.78125 0 0 3.28125 113.347 57.0313 0 0 0 0 0 0 0 0 0 0 0 92.3748 597.809 729.815 673.777 1108.82 1429.92 1305.84 846.207 1207.18 1551.25 -9999 -9999 -9999 -9999 -9999 -9999 -9999 -9999 -9999 -9999 -9999 -9999
-9999 -9999 -9999 -9999 3038.69 2411.34 1921.27 1751.72 2064.69 1948.89 1435.58 1131.08 592.654 856.969 1363.44 1285.5 1068.77 1092.54 846.009 343.536 32.8125 0 0 0 22.522 84.9879 23.0469 0 2.10938 164.874 639.242 938.629 933.906 602.362 304.121 35.9961 3.90625 67.0313 63.75 2.8125 1.25 22.2208 97.7079 184.577 21.0938 0 0 0 0 0 0 0 0 0 0 0 40.7252 220.922 144.901 80.2056 351.251 653.539 1185.74 1550.02 1923.9 1983.67 -9999 -9999 -9999 -9999 -9999 -9999 -9999 -9999 -9999 -9999 -9999 -9999
-9999 -9999 -9999 -9999 3721.32 3224.73 2733.89 2428.88 2189.67 1912.54 1780.93 1581.67 1306.24 973.761 727.987 522.177 586.908 878.576 522.835 104.492 4.6875 0 0 0 14.8882 54.352 12.5 0 2.10938 169.385 719.847 796.389 588.773 333.621 56.3614 0.46875 2.73438 45 53.6719 5.625 3.82813 134.209 445.06 329.638 102.354 74.8656 15.7031 0 0 0 0 0 0 0 0 0 1.64063 8.67188 3.75 0 21.1594 202.803 821.43 1517.67 2050.38 2363.55 -9999 -9999 -9999 -9999 -9999 -9999 -9999 -9999 -9999 -9999 -9999 -9999
-9999 -9999 5842.99 5349.97 4318.72 3489.7 2647.58 2045.21 1468.02 1079.44 1097.9 1055.75 1292.46 776.186 220.318 55.4726 104.677 192.225 76.6933 7.06849 0 0 0 0 0 0 0 31.25 18.2031 76.1493 256.237 191.022 144.163 277.002 84.6094 7.8125 0 14.9219 95.2447 26.7743 10.4128 255.327 495.223 143.386 188.937 199.238 105.557 46.1493 0 0 0 0 0 0 0 0 0 0 0 0 25.1003 332.858 854.864 921.765 1336.78 2297.35 -9999 -9999 -9999 -9999 -9999 -9999 -9999 -9999 -9999 -9999 -9999 -9999
-9999 6000 5715.5 5164.51 4064.38 3108.13 2151.88 1232.24 519.113 198.198 191.938 215.419 837.808 872.833 380.452 93.0241 81.7287 26.9531 0 5.46875 0 0 0 0 0 0 0 81.25 289.649 118.189 12.0188 28.125 10.1563 5.07813 12.9297 38.2422 12.5 6.32813 144.255 93.8327 73.6316 379.366 335.557 43.0913 50.2451 85.9145 12.6563 10 0 0 0 0 0 0 0 0 10.3125 85.5798 77.611 4.84375 22.9461 142.901 235.443 257.443 -9999 -9999 -9999 -9999 -9999 -9999 -9999 -9999 -9999 -9999 -9999 -9999 -9999 -9999
-9999 6000 5802.51 5126.07 4004.83 3048.58 2092.33 1161 289.376 18.04 34.9885 146.683 365.964 256.037 205.411 125.322 219.504 63.2813 0 21.0938 6.5625 9.0625 14.4531 18.3594 9.375 0 0 45.4235 450.26 564.007 298.271 253.902 91.8964 15.2344 33.1641 35.9766 18.75 8.67188 50.5078 39.2578 70.1112 198.228 135.316 5.07813 3.59375 21.2075 105.879 68.224 0 0 0 0 0 0 0 0 35 106.875 38.4375 5.625 28.309 69.4583 2.34375 0 -9999 -9999 -9999 -9999 -9999 -9999 -9999 -9999 -9999 -9999 -9999 -9999 -9999 -9999
-9999 -9999 5974.12 5392.4 4275.1 3318.85 2362.6 1441.11 442.728 39.5956 61.3557 68.822 66.0041 1.40625 9.84375 16.875 58.1074 36.9141 0 4.6875 13.125 11.875 14.4531 18.3594 18.75 0 19.6875 99.9318 647.792 1106.58 910.067 608.31 124.307 0 0 0 13.125 49.2188 20.3906 1.64063 29.4139 152.71 135.249 8.59375 7.57813 117.881 296.901 82.5639 0 4.6875 4.6875 0 0 0 0 0 11.3281 49.4531 43.2422 18.6328 139.308 294.535 89.2055 41.0156 -9999 -9999 -9999 -9999 -9999 -9999 -9999 -9999 -9999 -9999 -9999 -9999 -9999 -9999
-9999 -9999 5807.33 5280.74 4393.96 3437.71 2481.46 1528.49 488.541 92.508 22.2266 4.33594 3.125 0 0 0 1.36719 11.9141 19.5313 19.5313 2.1875 0.9375 0 0 3.125 0 99.8438 304.752 876.331 1335.93 810.136 315.458 77.991 21.0938 0 0 20.4688 52.1875 3.90625 0 0.15625 19.6482 96.6898 25.8368 1.32813 50.3718 133.852 29.4675 0 23.4375 28.125 1.5625 0 0 0 0 41.2607 48.0239 7.22656 211.853 687.006 823.83 549.499 334.122 -9999 -9999 -9999 -9999 -9999 -9999 -9999 -9999 -9999 -9999 -9999 -9999 -9999 -9999
-9999 -9999 -9999 -9999 4514.03 3644.34 2701.83 1747.4 752.804 165.759 28.3203 17.7734 56.9109 50.8727 49.9352 54.7448 92.6452 56.3594 5.9375 0 0 5 20 6.25 3.90625 27.3438 67.5391 77.7504 571.238 1110.16 998.945 410.74 92.1623 69.4433 20.963 1.00222 5.46875 0 1.17188 0.390625 0 28.2152 144.038 44.5184 1.5625 9.67505 107.292 112.716 18.0243 0 0 0 0 0 0 1.5625 0 0 29.3267 407.888 705.073 808.953 813.089 724.187 -9999 -9999 -9999 -9999 -9999 -9999 -9999 -9999 -9999 -9999 -9999 -9999 -9999 -9999
-9999 -9999 -9999 -9999 4281.37 3354.3 2605.58 1712.54 369.771 95.6055 99.912 20.804 134.264 182.022 289.422 512.583 661.902 337.097 88.3449 17.751 2.73438 18.0469 32.3438 9.375 0 0 39.0234 150.349 255.244 491.375 724.206 556.43 285.538 216.647 98.7414 11.4821 52.684 42.7395 26.9531 17.5781 26.9416 41.2931 307.05 290.009 38.3479 114.215 573.535 731.985 203.443 7.5 0 0 0 0 0 9.375 5.07813 10.5469 37.8378 230.516 216.442 259.677 169.233 229.616 -9999 -9999 -9999 -9999 -9999 -9999 -9999 -9999 -9999 -9999 -9999 -9999 -9999 -9999
