public/models/data/input/map/sulut/1000/mapdcenter.asc
NCOLS 248
NROWS 182
XLLCORNER 510063.019283
YLLCORNER 211117.685435
CELLSIZE 1000.000000
NODATA_VALUE       -9999
[rows 99 to 131 of 182, columns 74 to 147 of 248]
-9999 -9999 -9999 -9999 -9999 -9999 -9999 -9999 -9999 -9999 -9999 -9999 -9999 -9999 -9999 -9999 -9999 -9999 -9999 -9999 -9999 -9999 -9999 -9999 -9999 -9999 -9999 -9999 -9999 -9999 -9999 -9999 -9999 -9999 -9999 -9999 -9999 -9999 -9999 -9999 -9999 -9999 -9999 -9999 -9999 -9999 -9999 -9999 -9999 -9999 -9999 -9999 -9999 -9999 -9999 31510.4 31510.4 -9999 30103.8 30088.7 30328.9 30733 31201.6 31597.6 31993.7 32389.1 32683.9 32266.1 31352.2 30395.9 29265.6 28380.9 27768.7 27344.8
-9999 -9999 -9999 -9999 -9999 -9999 -9999 -9999 -9999 -9999 -9999 -9999 -9999 -9999 -9999 -9999 -9999 -9999 -9999 -9999 -9999 -9999 -9999 -9999 -9999 -9999 -9999 -9999 -9999 -9999 -9999 -9999 -9999 -9999 -9999 -9999 -9999 -9999 -9999 -9999 -9999 -9999 -9999 -9999 -9999 -9999 -9999 -9999 -9999 32473.1 32302.5 32293.2 31387.8 31434.6 31334.6 30966 30549.2 30085.1 29677.7 29324.7 29262.6 29601.7 30070.3 30466.4 30862.5 31258.6 31726.4 32009.6 31705.9 30854.2 29835.8 29273.1 28871.5 28475.4
-9999 -9999 -9999 -9999 -9999 -9999 -9999 -9999 -9999 -9999 -9999 -9999 -9999 -9999 -9999 -9999 -9999 -9999 -9999 -9999 -9999 -9999 -9999 -9999 -9999 -9999 -9999 -9999 -9999 -9999 -9999 -9999 -9999 -9999 -9999 -9999 -9999 -9999 -9999 -9999 -9999 -9999 -9999 -9999 -9999 -9999 -9999 32117 32140 32265 31931.2 31585.4 31149.6 30832 30405.9 30009.8 29613.7 29217.6 28749 28368.5 28306.3 28645.5 29114.1 29510.1 29906.2 30302.3 30770.9 31165.7 31434.2 31184.4 30619.4 30223.8 29827.7 29431.7
-9999 -9999 -9999 -9999 -9999 -9999 -9999 -9999 -9999 -9999 -9999 -9999 -9999 -9999 -9999 -9999 -9999 -9999 -9999 -9999 -9999 -9999 -9999 -9999 -9999 -9999 -9999 -9999 -9999 -9999 -9999 -9999 -9999 -9999 -9999 -9999 -9999 -9999 -9999 -9999 -9999 -9999 -9999 -9999 -9999 -9999 31677.6 31782.2 31815.1 31559.9 31106.5 30710.4 30314.3 29918.2 29449.6 29053.5 28657.5 28261.4 27792.8 27412.2 27348.3 27691.2 28157.8 28553.9 28950 29346.1 29814.7 30210.7 30605.5 30927.4 31105.1 31042.1 30770 30387.9
-9999 -9999 -9999 -9999 -9999 -9999 -9999 -9999 -9999 -9999 -9999 -9999 -9999 -9999 -9999 -9999 -9999 -9999 -9999 -9999 -9999 -9999 -9999 -9999 -9999 -9999 -9999 -9999 -9999 -9999 -9999 -9999 -9999 -9999 -9999 -9999 -9999 -9999 -9999 -9999 -9999 -9999 -9999 -9999 -9999 -9999 31240.3 31218.6 31004.1 30618.8 30150.2 29754.1 29358 28962 28493.4 28097.3 27701.2 27305.1 26836.5 26456 26393.3 26733.7 27201.6 27597.6 27993.7 28389.8 28858.4 29254.5 29650.6 30046.7 30508.6 30855 31111.4 31172.8
-9999 -9999 -9999 -9999 -9999 -9999 -9999 -9999 -9999 -9999 -9999 -9999 -9999 -9999 -9999 -9999 -9999 -9999 -9999 -9999 -9999 -9999 -9999 -9999 -9999 -9999 -9999 -9999 -9999 -9999 -9999 -9999 -9999 -9999 -9999 -9999 -9999 -9999 -9999 -9999 -9999 -9999 -9999 -9999 -9999 29954.3 30219.7 30255.2 29878.3 29485.8 29019 28622.9 28226.8 27830.7 27362.1 26966 26569.9 26173.9 25705.3 25324.7 25262.6 25601.7 26070.3 26466.4 26859.2 27257.5 27727.2 28123.2 28519.3 28915.4 29384.4 29783.2 30176.2 30572.3
-9999 -9999 -9999 -9999 -9999 -9999 -9999 -9999 -9999 -9999 -9999 -9999 -9999 -9999 -9999 -9999 -9999 -9999 -9999 -9999 -9999 -9999 -9999 -9999 -9999 -9999 -9999 -9999 -9999 -9999 -9999 -9999 -9999 -9999 -9999 -9999 -9999 -9999 -9999 -9999 -9999 -9999 -9999 -9999 29602.6 29793.4 29648.5 29323.5 28927.4 28531.3 28062.7 27666.6 27270.5 26874.5 26405.9 26009.8 25613.7 25217.6 24749 24368.5 24306.3 24645.5 25114.1 25510.1 25906.2 26302.3 26770.9 27167 27563.1 27959.2 28422.2 28819.2 29219.9 29616
-9999 -9999 -9999 -9999 -9999 -9999 -9999 -9999 -9999 -9999 -9999 -9999 -9999 -9999 -9999 -9999 -9999 -9999 -9999 -9999 -9999 -9999 -9999 -9999 -9999 -9999 -9999 -9999 -9999 -9999 -9999 -9999 -9999 -9999 -9999 -9999 -9999 -9999 -9999 -9999 -9999 -9999 -9999 29147.7 29270.4 29182.5 28763.3 28367.2 27971.1 27575.1 27106.5 26710.4 26314.3 25918.2 25449.6 25053.5 24657.4 24261.4 23792.8 23412.2 23350.1 23689.2 24157.8 24553.9 24950 25346.1 25814.7 26210.7 26606.8 27002.9 27471.5 27867.6 28263.7 28659.8
-9999 -9999 -9999 -9999 -9999 -9999 -9999 -9999 -9999 -9999 -9999 -9999 -9999 -9999 -9999 -9999 -9999 -9999 -9999 -9999 -9999 -9999 -9999 -9999 -9999 -9999 -9999 -9999 -9999 -9999 -9999 -9999 -9999 -9999 -9999 -9999 -9999 -9999 -9999 -9999 -9999 -9999 28877.1 28785.8 28623.6 28273.8 27807.1 27411 27014.9 26618.8 26150.2 25754.1 25358 24962 24493.4 24097.3 23701.2 23305.1 22836.5 22456 22393.8 22733 23201.6 23597.6 23993.7 24389.8 24858.4 25254.5 25650.6 26046.7 26515.3 26911.3 27307.4 27703.5
-9999 -9999 -9999 -9999 -9999 -9999 -9999 -9999 -9999 -9999 -9999 -9999 -9999 -9999 -9999 -9999 -9999 -9999 -9999 -9999 -9999 -9999 -9999 -9999 -9999 -9999 -9999 -9999 -9999 -9999 -9999 -9999 -9999 34659.2 33715.4 33143.6 32293.2 31380.9 29647.4 29165.5 28912 28638.6 28305.1 27936.6 27540.5 27144.4 26675.8 26279.7 25883.7 25487.6 25019 24622.9 24226.8 23830.7 23362.1 22966 22569.9 22173.9 21705.3 21324.7 21262.6 21601.7 22070.3 22466.4 22862.5 23258.6 23727.2 24114.6 24508.5 24914.7 25384 25780.1 26176.2 26572.3
-9999 -9999 -9999 -9999 -9999 -9999 -9999 -9999 -9999 -9999 -9999 -9999 -9999 -9999 -9999 -9999 -9999 -9999 -9999 -9999 -9999 -9999 -9999 -9999 -9999 -9999 -9999 -9999 -9999 -9999 -9999 35723.6 35473.1 34706.9 33822.4 32916.1 31967.8 31017.6 29858.7 28960.1 28299 27846.7 27376.4 26980.3 26584.3 26188.2 25719.6 25323.5 24927.4 24531.3 24062.7 23666.6 23270.5 22874.5 22405.9 22009.8 21613.7 21217.6 20749 20368.5 20306.3 20645.5 21114.1 21510.1 21906.2 22302.3 22770.9 23167 23562.8 23959.1 24427.8 24823.8 25219.9 25616
-9999 -9999 -9999 -9999 -9999 -9999 -9999 -9999 -9999 -9999 -9999 -9999 -9999 -9999 -9999 -9999 -9999 -9999 -9999 -9999 -9999 -9999 -9999 -9999 -9999 -9999 -9999 -9999 -9999 -9999 36321.8 36039.6 35433.4 34599.4 33490.2 32534 31577.7 30621.5 29490.3 28534.8 27627 26954.1 26420.2 26024.1 25628 25231.9 24763.3 24367.2 23971.2 23575.1 23106.5 22710.4 22314.3 21918.2 21449.6 21053.5 20657.5 20261.4 19792.8 19412.2 19350.1 19689.2 20157.8 20553.9 20950 21346.1 21814.7 22210.7 22606.8 23002.9 23471.5 23867.6 24263.7 24659.8
-9999 -9999 -9999 -9999 -9999 -9999 -9999 -9999 -9999 -9999 -9999 -9999 -9999 -9999 -9999 -9999 -9999 -9999 -9999 -9999 -9999 -9999 -9999 -9999 -9999 -9999 -9999 -9999 -9999 37852.3 36935.3 36075.6 35173.9 34225.4 33094.1 32137.9 31181.7 30225.4 29094.2 28137.9 27182.2 26263.8 25473.1 25067.9 24671.8 24275.7 23807.1 23411 23014.9 22618.8 22150.2 21754.1 21358.1 20962 20493.4 20097.3 19701.2 19305.1 18836.5 18456 18393.8 18733 19201.6 19597.7 19993.7 20389.8 20858.4 21254.5 21650.6 22046.7 22515.3 22911.4 23307.4 23703.5
-9999 -9999 -9999 -9999 -9999 -9999 -9999 -9999 -9999 -9999 -9999 -9999 -9999 -9999 -9999 -9999 -9999 -9999 -9999 -9999 -9999 -9999 -9999 -9999 41895.2 41280.2 40042.5 39453.1 38618.9 37747.7 36625.6 35669.3 34713.1 33756.8 32625.6 31669.3 30713.1 29756.8 28625.6 27669.3 26713.1 25756.8 24658.4 23983.1 23542.2 23144.4 22675.8 22279.8 21883.7 21487.6 21019 20622.9 20226.8 19830.7 19362.1 18966 18570 18173.9 17705.3 17324.7 17262.6 17601.7 18070.3 18466.4 18862.5 19258.6 19727.2 20123.3 20519.3 20915.4 21384 21780.1 22176.2 22572.3
-9999 -9999 -9999 -9999 -9999 -9999 -9999 -9999 -9999 -9999 -9999 -9999 -9999 -9999 -9999 -9999 -9999 -9999 -9999 -9999 -9999 -9999 42816.7 42668.4 41976.8 41232.1 40178.2 39262.1 38317 37360.7 36229.5 35273.2 34317 33360.7 32229.5 31273.2 30317 29360.7 28229.5 27273.2 26317 25360.7 24230 23322.5 22642.1 22189.9 21719.6 21323.5 20927.4 20531.3 20062.7 19666.7 19270.6 18874.5 18405.9 18009.8 17613.7 17217.6 16749 16368.5 16306.3 16645.5 17114.1 17510.2 17906.2 18302.3 18770.9 19167 19563.1 19959.2 20427.8 20823.9 21220 21616
-9999 -9999 -9999 -9999 -9999 -9999 -9999 -9999 -9999 -9999 -9999 -9999 -9999 -9999 -9999 -9999 -9999 -9999 -9999 -9999 -9999 -9999 43376.4 42678.4 41893.4 40963.5 39833.4 38877.1 37920.9 36964.6 35833.4 34877.1 33920.9 32964.6 31833.4 30877.1 29920.9 28964.6 27833.4 26877.1 25920.9 24964.7 23833.4 22878 21970.2 21278.4 20763.3 20367.3 19971.2 19575.1 19106.5 18710.4 18314.3 17918.2 17449.6 17053.5 16657.5 16261.4 15792.8 15412.2 15350.1 15689.2 16157.8 16553.9 16950 17346.1 17814.7 18210.8 18606.8 19002.9 19471.5 19867.6 20263.7 20659.8
-9999 -9999 -9999 -9999 -9999 -9999 -9999 -9999 -9999 -9999 -9999 -9999 -9999 -9999 -9999 -9999 -9999 -9999 46247.2 46097.2 45382.5 44475.4 43381.2 42469 41524.8 40568.5 39437.3 38481 37524.8 36568.5 35437.3 34481 33524.8 32568.5 31437.3 30481 29524.8 28568.6 27437.3 26481.1 25524.8 24568.6 23437.3 22481.1 21525.4 20601.4 19816.3 19411 19014.9 18618.8 18150.2 17754.2 17358.1 16962 16493.4 16097.3 15701.2 15305.1 14836.5 14456 14393.8 14733 15201.6 15597.7 15993.7 16389.8 16858.4 17254.5 17650.6 18046.7 18515.3 18911.4 19307.5 19703.5
62212.6 61605 -9999 61427.3 60954.6 60081.4 58657 57770.5 57649.1 -9999 54572.5 54081.6 -9999 -9999 49783 49482.4 48636.2 47906.6 46691.8 45946.3 44853 44334.4 42982.7 42004.6 41056.2 40100 38968.7 38012.5 37056.2 36100 34968.7 34012.5 33056.2 32100 30968.7 30012.5 29056.2 28100 26968.7 26012.5 25056.2 24100 22968.7 22012.5 21056.2 20100 19023.2 18326.2 17885.4 17487.6 17019 16622.9 16226.8 15830.7 15362.1 14966 14570 14173.9 13705.3 13324.7 13262.6 13601.7 14070.3 14466.4 14862.5 15258.6 15727.2 16123.3 16519.4 16915.4 17384 17780.4 18198.3 18786.1
61363.8 60957.7 61460 -9999 60064.1 59600.8 58544 57627.7 56890.7 55470 54494 53732.2 52402.3 51415.2 50212.4 49451.1 48566.6 47672.6 46564.9 45780.8 44856.9 44193.7 42579.7 41587.2 40660.1 39703.9 38572.6 37616.4 36660.1 35703.9 34572.6 33616.4 32660.1 31703.9 30572.6 29616.4 28660.1 27703.9 26572.6 25616.4 24660.1 23703.9 22572.6 21616.4 20660.1 19703.9 18573.2 17668.8 16988 16532.9 16062.8 15666.7 15270.6 14874.5 14405.9 14009.8 13613.7 13217.6 12749 12368.5 12306.3 12645.5 13114.1 13510.2 13906.2 14302.3 14770.9 15167 15563.1 15959.2 16428.1 16853.3 17458 18325.8
59811.3 60553.5 61402 61043.4 59958.9 59224.1 58176.5 57218.3 56253.5 55293.4 54177.2 53220 52240.1 51271.5 50163.2 49214.6 48264 47307.8 46176.5 45265.5 44262 43281.9 42141.7 41214.6 40264 39307.8 38176.5 37220.3 36264 35307.8 34176.5 33220.3 32264 31307.8 30176.5 29220.3 28264 27307.8 26176.5 25220.3 24264 23307.8 22176.6 21220.3 20264.1 19307.8 18176.6 17225.4 16313.8 15620.3 15106.5 14710.4 14314.3 13918.2 13449.6 13053.5 12657.5 12261.4 11792.8 11412.2 11350.1 11689.2 12157.8 12553.9 12950 13346.1 13814.7 14210.8 14606.9 15002.9 15493.6 16105.6 16974.7 17926.6
59629 60585.1 61410.7 60820.6 59852.1 58910.6 57780.4 56824.2 55867.9 54911.7 53780.4 52824.2 51867.9 50911.7 49780.4 48824.2 47867.9 46911.7 45780.4 44824 43867.8 42911.7 41780.4 40824.2 39867.9 38911.7 37780.4 36820.3 35864.1 34911.7 33780.4 32824.2 31867.9 30911.7 29780.4 28824.2 27867.9 26911.7 25780.5 24824.2 23868 22926.6 21777.5 20815.4 19868 18911.7 17780.5 16824.6 15867.8 14944.2 14159.4 13754.2 13358.1 12962 12493.4 12097.3 11701.2 11305.1 10836.5 10456 10393.8 10733 11201.6 11597.7 11993.7 12389.8 12858.4 13254.5 13650.6 14046.7 14729 15621.1 16574.2 17530.5
60074.2 61026.1 61275.3 60355.7 59399.4 58443.2 57311.9 56355.7 55399.4 54443.1 53311.9 52355.6 51399.4 50443.1 49311.9 48355.6 47399.4 46443.1 45311.9 44355.6 43399.4 42443.1 41311.9 40355.6 39399.4 38443.1 37311.9 36355.6 35399.4 34443.1 33311.9 32355.6 31399.4 30443.1 29311.9 28355.6 27399.4 26443.1 25312.5 24355.5 23397.3 22443.1 21311.9 20355.6 19399.4 18443.1 17313 16356.4 15396.7 14443.1 13344.8 12669.4 12228.5 11830.7 11362.1 10966 10570 10173.9 9705.29 9324.73 9262.6 9601.74 10070.3 10466.4 10862.5 11258.6 11727.2 12123.5 12541.5 13129.2 14193.1 15149.4 16105.6 17061.9
60470.3 61329.3 60915.8 59959.6 59003.3 58047.1 56915.8 55959.6 55003.3 54047 52915.8 51958.3 51002 50047 48915.8 47959.5 47003.3 46047 44915.8 43959.5 43003.3 42047 40915.8 39959.5 39003.3 38047 36915.8 35959.5 35003.3 34047 32915.8 31959.5 31003.3 30047 28915.8 27959.5 27003.3 26047 24918.4 23959.1 22997.2 22047 20915.8 19959.5 19003.3 18047 16916.9 15956.8 14997.3 14047.1 12916.4 12008.8 11328.4 10876.2 10405.9 10009.8 9613.71 9217.62 8749.04 8368.48 8306.35 8645.49 9114.06 9510.15 9906.25 10302.3 10771.2 11196.5 11801.1 12669 13797.1 14753.3 15709.6 16665.8
60864.4 61368.8 60519.7 59563.5 58607.2 57651 56519.7 55563.5 54607.2 53651 52519.7 51562.2 50605.9 49650.9 48519.7 47563.4 46607.2 45650.9 44519.7 43563.4 42607.2 41650.9 40519.7 39563.4 38607.2 37650.9 36519.7 35563.4 34607.2 33650.9 32521.4 31561.9 30600.5 29650.9 28519.7 27563.4 26607.2 25650.9 24520.4 23563.4 22607.2 21650.9 20519.7 19563.4 18607.2 17651 16519.7 15563.5 14607.2 13651 12519.7 11564.3 10656.5 9964.67 9449.64 9053.55 8657.46 8261.37 7792.79 7412.23 7350.1 7689.23 8157.81 8553.9 8950 9346.09 9836.77 10448.8 11317.9 12269.7 13401 14357.2 15313.5 16269.7
61119 61145.9 60123.6 59167.4 58211.1 57254.9 56123.6 55167.4 54211.1 53254.9 52123.6 51167.4 50211.1 49254.9 48123.6 47167.4 46211.1 45254.9 44123.6 43167.4 42211.1 41254.9 40123.6 39167.4 38211.1 37254.9 36123.6 35167.4 34211.1 33254.9 32124.2 31166.8 30208.9 29254.8 28123.6 27167.3 26211.1 25254.8 24123.6 23167.4 22229.2 21256.4 20123.6 19167.4 18211.1 17254.9 16123.6 15167.4 14211.1 13254.9 12123.6 11167.4 10211.7 9287.72 8502.54 8097.3 7701.21 7305.12 6836.54 6447.96 6385.82 6732.98 7201.56 7597.65 7993.75 8389.84 9072.18 9964.27 10917.4 11873.6 13004.9 13961.1 14917.4 15873.6
60382.1 60540.8 59655 58698.8 57742.5 56786.3 55655 54698.8 53742.5 52786.3 51655 50698.8 49742.5 48786.3 47655 46698.8 45742.5 44786.3 43655 42698.8 41742.5 40786.3 39655 38698.8 37742.5 36786.3 35655 34698.8 33742.5 32786.3 31655 30698.8 29742.5 28786.3 27655 26698.8 25742.5 24786.3 23655 22698.8 21742.5 20780.4 19655 18698.8 17742.5 16786.3 15655 14698.8 13742.5 12786.3 11655 10698.8 9742.54 8786.29 7687.89 7012.5 6571.65 6173.87 5705.29 5324.73 5262.6 5601.74 6070.31 6466.68 6884.6 7472.35 8536.28 9492.53 10448.8 11405 12536.3 13492.5 14448.8 15405
59425.8 59782.6 59257.2 58302.7 57346.5 56390.2 55259 54302.7 53346.5 52390.2 51259 50302.7 49346.4 48390.2 47258.9 46302.7 45346.4 44388.9 43258.9 42302.7 41346.4 40390.2 39258.9 38302.7 37346.4 36390.2 35258.9 34302.7 33346.4 32390.2 31258.9 30302.7 29346.4 28390.2 27258.9 26302.7 25346.4 24393.1 23258.9 22302.7 21346.4 20390.2 19258.9 18302.7 17346.4 16390.2 15258.9 14302.7 13346.4 12390.2 11258.9 10302.7 9346.44 8390.19 7259.49 6351.98 5671.56 5219.31 4749.04 4368.48 4306.35 4645.49 5114.34 5539.63 6144.27 7012.1 8140.19 9096.44 10052.7 11008.9 12140.2 13096.4 14052.7 15008.9
58469.6 58865.7 58802.3 57906.6 56950.4 55994.1 54862.9 53906.6 52950.4 51994.1 50862.9 49906.6 48950.4 47994.1 46862.8 45906.6 44950.3 43985.2 42862.8 41906.6 40950.3 39994.1 38862.8 37906.6 36950.3 35994.1 34862.8 33906.6 32950.3 31994.1 30862.8 29906.6 28950.3 27994.1 26862.8 25906.6 24950.3 23997 22862.8 21906.6 20950.3 19994.1 18862.8 17906.6 16950.3 15994.1 14862.9 13906.6 12950.4 11994.1 10862.9 9906.6 8950.35 7994.1 6862.59 5895.24 4999.64 4307.82 3792.79 3412.23 3350.1 3689.24 4179.92 4791.93 5661 6612.85 7744.1 8700.35 9656.6 10612.9 11744.1 12700.4 13656.6 14612.9
57513.3 57909.4 58172 57510.5 56554.3 55598 54466.8 53510.5 52554.3 51598 50466.8 49510.5 48554.3 47598 46466.8 45510.5 44554.3 43595.4 42466.8 41510.5 40554.3 39598 38466.8 37510.5 36554.3 35598 34466.8 33510.5 32554.3 31598 30466.8 29510.5 28554.3 27598 26466.8 25510.5 24554.3 23601.1 22466.8 21510.5 20554.3 19598 18466.8 17510.5 16554.3 15598 14466.8 13510.5 12554.3 11598 10466.8 9510.51 8554.26 7598.01 6466.67 5506.45 4554.81 3630.87 2845.69 2455.98 2393.85 2732.99 3415.33 4307.42 5260.51 6216.76 7348.01 8304.26 9260.51 10216.8 11348 12304.3 13260.5 14216.8
56382.1 56778.2 57195.7 56979 56085.7 55129.4 53998.2 53041.9 52085.7 51129.4 49998.2 49041.9 48085.7 47129.4 45998.2 45041.9 44082.8 43128.5 41998.2 41041.9 40085.7 39129.4 37998.2 37041.9 36085.7 35129.4 33998.2 33041.9 32085.7 31129.4 29998.2 29041.9 28085.7 27129.4 25998.2 25041.9 24085.7 23129.4 21998.2 21041.9 20085.7 19129.4 18000.8 17042.2 16078 15129.4 13998.2 13041.9 12085.7 11129.4 9998.18 9041.93 8085.68 7129.43 5998.18 5041.93 4085.68 3129.43 2031.04 1371.46 1286.4 1815.5 2898.02 3835.68 4791.93 5748.18 6879.43 7835.68 8791.93 9748.18 10879.4 11835.7 12791.9 13748.2
55425.8 55821.9 56281.9 56399.8 55789.9 54857.6 53726.4 52770.1 51813.9 50857.6 49726.4 48770.1 47813.9 46857.6 45726.4 44770.1 43804.5 42854.5 41726.4 40770.1 39813.9 38857.6 37726.4 36770.1 35813.9 34857.6 33726.4 32770.1 31813.9 30857.6 29726.4 28770.1 27813.9 26857.6 25726.4 24770.1 23813.9 22857.6 21726.4 20770.1 19813.9 18857.6 17726.4 16770.1 15813.9 14857.6 13726.4 12770.1 11813.9 10857.6 9726.35 8770.1 7813.85 6857.6 5726.35 4770.1 3813.85 2857.6 1727.18 864.399 726.481 1481.21 2606.16 3569.48 4520.1 5476.35 6607.6 7563.85 8520.1 9476.35 10607.6 11563.9 12520.1 13476.4
54469.6 54865.7 55334 55684.8 55682.8 55026.5 53912.7 52956.5 52000.2 51044 49912.7 48956.5 48000.2 47044 45912.7 44956.5 44000.2 43044 41912.7 40956.5 40000.2 39044 37912.7 36956.5 36000.2 35044 33912.7 32956.5 32000.2 31044 29912.8 28956.5 28000.3 27044 25912.8 24956.5 24000.2 23044 21912.7 20956.5 20000.2 19044 17912.7 16956.5 16000.3 15044 13912.8 12956.5 12000.3 11044 9912.75 8956.5 8000.25 7044 5912.75 4956.5 4000.25 3044 1934.86 1210.88 1110.03 1709.2 2792.56 3755.87 4706.5 5662.75 6794 7750.25 8706.5 9662.75 10794 11750.3 12706.5 13662.8
53513.3 53909.4 54378 54773.9 55136.3 55187.3 54308.8 53352.6 52396.3 51440.1 50308.8 49352.6 48396.3 47440.1 46308.8 45352.6 44396.3 43440.1 42308.8 41352.6 40396.3 39440.1 38308.8 37352.6 36396.3 35440.1 34308.8 33352.6 32396.3 31440.1 30308.8 29352.6 28396.3 27440.1 26308.8 25352.6 24396.3 23440.1 22308.8 21352.6 20396.3 19440.1 18308.8 17352.6 16396.3 15440.1 14308.8 13352.6 12396.3 11440.1 10308.8 9352.59 8396.34 7440.09 6308.84 5352.59 4396.34 3440.09 2522.61 2077.89 2013.15 2384.59 3224.41 4154.95 5102.59 6058.84 7190.09 8146.34 9102.59 10058.8 11190.1 12146.3 13102.6 14058.8
