public/models/data/input/map/sulut/1000/mapdem.asc
NCOLS 248
NROWS 182
XLLCORNER 510063.019283
YLLCORNER 211117.685435
CELLSIZE 1000.000000
NODATA_VALUE       -9999
[rows 66 to 98 of 182, columns 150 to 224 of 248]
-9999 -9999 -9999 -9999 -9999 -9999 -9999 8.57143 11.375 10.875 39.4375 95.125 120.813 173.438 128.438 127.25 142.063 205.75 262.688 391.125 385.688 329.188 255.25 216 198.625 152.875 111.25 128.25 193.875 208 186.375 335.188 414.063 432.5 452.625 482.688 457.938 539.125 641 666.125 715.25 742.188 755.188 758.938 767.188 838.125 861.813 810.313 807.188 778.75 725.188 694.938 691.938 683.688 691.5 720.688 741.25 755.625 876.875 1063.25 986.438 848.688 748.313 712.5 566.75 384.133 243.067 165.625 94.4375 27.8667 -9999 -9999 -9999 -9999 -9999
-9999 -9999 -9999 -9999 -9999 -9999 -9999 5 -9999 14.8333 52.5 72.25 127.813 80.125 51.125 49.0625 81.375 87.375 122.563 187 250.25 217.75 151.5 73.5 59.3125 87.25 182.375 356.125 417.688 405.125 248.375 235.188 325.188 364.563 361.5 417.313 493.375 581.625 633 669.75 704.875 731.75 752.625 753.813 785.5 894.563 924.188 842.688 748.063 739.938 702.125 681.313 684.875 680.438 685.875 688.75 721 860.875 972.938 1039.44 907.063 841.688 759.5 589.313 473.313 358.875 189.625 119.5 64.6875 11.8667 -9999 -9999 -9999 -9999 -9999
-9999 -9999 -9999 -9999 -9999 -9999 -9999 -9999 -9999 -9999 27.5 28.9375 76.3125 26 14.4375 19.5625 15.5 9.9375 19.875 33.25 74.5625 75.5 26.25 43.125 162.188 279.813 381.938 462.25 485.313 484.813 395.188 239.067 270.375 342.313 432.375 476.625 498.063 564.188 626.25 685.375 726.875 752.313 771.375 785.813 809.063 863.375 879.125 821.688 722.063 683.125 681.75 679.875 684.688 684.5 682.688 686.188 723.813 793.688 971.563 1031.81 858.375 674.75 646.313 520.938 365.375 306.5 182.25 108.188 50.25 8.66667 -9999 -9999 -9999 -9999 -9999
-9999 -9999 -9999 -9999 -9999 -9999 -9999 -9999 -9999 -9999 -9999 21.4286 28.2 9.375 6.71429 10.25 9.8125 8.0625 7.8125 8.875 10.8125 24.75 78.375 164.063 228.313 284.6 339.188 387.75 421.438 463.375 458.875 437.25 314.938 303.688 380.563 435 513.063 549.313 567.875 600.875 685.563 719.063 767.125 833.688 873.25 894.25 887.313 758.563 707.75 687.313 684.313 685.313 689.25 689.5 691.438 684.063 740.875 848.625 1005.69 1018.5 871.688 701.625 527.5 395.313 305.625 249.563 171.75 96.25 37.8125 13.5 -9999 -9999 -9999 -9999 -9999
-9999 -9999 -9999 -9999 -9999 -9999 -9999 -9999 -9999 -9999 -9999 -9999 -9999 -9999 -9999 3 8 9 8.1875 17.6875 45.875 82 115 160.625 213.188 261.5 307 355.438 391.563 445.563 463.063 509.313 426.938 409.688 365.25 449.813 520.375 545.125 600.313 647.563 683.875 732.375 784.563 793.438 882.75 970.313 1061.13 891.938 792.563 754.188 707 694.625 689 690.813 692.25 693.438 771.25 931.125 964.438 873.438 749.125 634.313 455.875 350.063 285.938 209.133 149.313 84.125 34.0667 3 -9999 -9999 -9999 -9999 -9999
-9999 -9999 -9999 -9999 -9999 -9999 -9999 -9999 -9999 -9999 -9999 -9999 -9999 -9999 -9999 -9999 -9999 4 5.45455 14.6 45.625 82.875 127.813 174.188 224.813 269.188 315.375 355.188 412.5 447.625 489.563 521.625 560 559 470.938 441.438 568 553.25 581.25 652.375 723.625 828.813 824.813 866.125 958.375 946.875 965.375 870.875 855.813 836.563 770.063 712 689 691.25 691.688 705.625 815.438 921.5 842.375 746.625 634.25 518.688 399.188 329.188 271.533 196.938 135.813 76.25 21.6154 -9999 -9999 -9999 -9999 -9999 -9999
-9999 -9999 -9999 -9999 -9999 -9999 -9999 -9999 -9999 -9999 -9999 -9999 -9999 -9999 -9999 -9999 -9999 -9999 -9999 11.4444 34.375 84.0625 141.375 193.75 230.125 287.6 334.625 385.063 431.313 461 494.563 553.5 566.688 511.875 497.563 453.313 568.813 627.75 613.688 647.375 781.25 894.688 932.813 860.25 908.438 876.375 811.875 769.938 786.188 798.375 733.5 692.563 690.875 692.313 692.375 720.688 787.875 823.938 739.313 644.375 545.375 468.375 386.375 315.313 247.813 182.75 125.188 65.125 16.2222 -9999 -9999 -9999 -9999 -9999 -9999
-9999 -9999 -9999 -9999 -9999 -9999 -9999 -9999 -9999 -9999 -9999 -9999 -9999 -9999 -9999 -9999 -9999 -9999 -9999 9 43.75 111.063 165.313 217.375 267.4 312.375 362.313 405.188 429.75 461.375 494.125 565 582.75 554.063 542.313 488.938 585.375 650.625 653.5 699.875 854.75 1013.69 1043.06 885.375 828.625 767.75 699.875 703.875 740.188 727.75 687.813 685 686.125 687.625 690.813 767.688 902.875 743.938 655.438 572.125 500.25 429.5 362.063 293.313 231.625 171.313 105.438 41.9375 9.5 -9999 -9999 -9999 -9999 -9999 -9999
-9999 -9999 -9999 -9999 -9999 -9999 -9999 -9999 -9999 -9999 -9999 -9999 -9999 -9999 -9999 -9999 -9999 -9999 7 10.7857 49.0625 119.813 175.688 239.125 287 335.563 380.063 416.813 448.438 478.625 515.125 565.313 598.813 573.438 560.375 519.688 607.625 671.313 676.438 742.313 888.938 1004.13 956.313 871.5 751.063 721.063 690 686.75 684.438 681.563 684.563 685 685.875 688.625 708.063 788.438 847.625 738.438 628.125 567.188 470.313 407.688 345.5 286.125 231.313 162.438 97.875 31.4 -9999 -9999 -9999 -9999 -9999 -9999 -9999
-9999 -9999 -9999 -9999 -9999 -9999 -9999 -9999 -9999 -9999 -9999 -9999 -9999 -9999 -9999 -9999 -9999 9 13.5385 30.375 80.4375 142.5 203.25 255.25 304.438 351.563 381 423.813 457.125 495 532.5 580.563 617.813 583.75 605.813 600.75 555.625 620.563 661.625 697.125 848.188 886.438 788.875 778.375 731 731.375 727.813 685.188 680.563 680.813 684.938 685 688.563 737.438 890.188 883.875 756.375 678.375 599.563 511.063 460.625 400.5 340.25 272.375 207.063 147.188 78.125 19.75 -9999 -9999 -9999 -9999 -9999 -9999 -9999
-9999 -9999 -9999 -9999 -9999 -9999 -9999 -9999 -9999 17.4286 14.6667 17.6 -9999 -9999 -9999 -9999 -9999 10.2727 31.1875 53.5 105.063 159.688 208.063 272.375 313.625 356.5 414.313 432.188 472.438 524.25 569.625 602.875 637.625 629.188 629.188 642.063 666.125 665.75 675.75 705.688 840.813 810.688 737.75 739.688 724.75 822.375 724 682.938 680 681.5 685 685 713 839.625 878.375 822.938 727.438 626.313 557.813 492.875 433.563 378.125 322.688 251.688 192.25 125.75 60.5 14.1429 -9999 -9999 -9999 -9999 -9999 -9999 -9999
-9999 -9999 -9999 -9999 -9999 -9999 -9999 -9999 17 29.3125 26.6875 34.625 19.75 -9999 -9999 -9999 8 33.0625 61 95.9375 130.25 173.313 230.8 274.333 314.688 358.375 403.875 449.188 473.938 526.938 572.25 633.5 658.188 695.813 671.625 697.125 712.688 709.313 718.5 715.25 727 730.563 724.125 725.313 741.813 779.875 688.688 679.563 680 682.5 685 684.875 763.5 912.125 833.938 739.75 656.813 586.375 529.813 469.375 405.188 342.75 286.75 220.313 160.188 94.6875 31 4 -9999 -9999 -9999 -9999 -9999 -9999 -9999
-9999 -9999 -9999 -9999 -9999 -9999 -9999 -9999 6 36.8571 60.0625 61.4375 27.4167 -9999 -9999 18 25.3846 70.875 107.625 124.875 175.813 211.813 245.188 297 342.063 385.375 428.688 460.5 495.25 562.938 594.625 645.313 700.625 748.188 740.875 743.375 757 750.25 741.813 750.438 733.813 732.625 715.438 706.188 715.938 765.813 718.375 681.188 679.813 683.938 685 685.375 818.75 827.25 734.313 684.25 603.813 562.75 492.813 434.875 380.75 315.438 256.133 201.5 136.25 71.5 21.7273 -9999 -9999 -9999 -9999 -9999 -9999 -9999 -9999
6.41667 6.8 6.36364 7.77778 9.42857 6.75 8.46667 4.75 10.3333 14.25 61 90.125 63.25 19.7778 7.4 14.9231 48.375 78.625 120.75 179 183.125 248.25 280.933 326.75 362.125 402.5 451.688 485.5 526.188 588.5 642.313 698.75 742.313 789.313 800.875 812.875 792.25 779.25 764.438 760.688 744.625 726.375 713.688 703.75 705.625 707.5 699.313 683.5 679.063 682.125 685.25 690 776.875 744.938 684.125 623.5 564.375 516.813 455.688 380.5 340.75 282.625 228.813 175.563 117.813 55.9375 13.4286 -9999 -9999 -9999 -9999 -9999 -9999 -9999 -9999
24.5625 17.1875 9.125 21 30.4375 7.625 19.25 11 31.375 57 70.1875 87.125 109.563 58.875 21.25 48.3125 42.6875 111.813 148.563 181.188 230.933 237.875 286 335 379.813 433.5 487.25 518.563 568.375 625.313 696 774.688 815.813 860.688 846.125 872.25 825.25 800.25 775 775.625 752.25 729.25 726.375 737.688 731.688 704.938 697 686.25 681.5 683.375 684.688 728.375 734.5 689.125 635.125 587.75 543.875 469.813 410.5 360.688 301.25 254.063 206.625 150 92.625 33.875 6.5 -9999 -9999 -9999 -9999 -9999 -9999 -9999 -9999
53.9375 29.625 9.875 22.5625 51.9375 27.4375 23.6875 22.5625 87.9375 118.438 111.063 143.5 142.5 137 98.3125 36.3125 83.1875 138.188 184.063 211.688 259.214 288.875 323.375 361.563 396.625 456.125 516.438 561.813 610.5 655.875 742.875 825.125 931.438 972.438 953.25 915.813 872.375 823.5 794.063 787.5 755.063 724.375 724.063 748.188 744.688 724.313 702.25 694.313 694.625 727.063 699 770.375 718.125 633.313 584.813 561 507.313 440.313 376.25 325.875 277.063 235.938 180.813 117.313 69.4375 20.7857 -9999 -9999 -9999 -9999 -9999 -9999 -9999 -9999 -9999
116.313 114.188 35.5625 41.75 53.5625 27.125 33.8125 45.625 148.563 179.75 175.688 218.063 186.813 173.5 135.188 55.6875 84.875 159.75 196.375 243.813 290.375 309.063 360.75 396.25 424.938 451.125 502.25 556.438 630.75 693.688 756.313 856.5 1022.5 1093.75 1144.75 1121.69 1052.38 897.438 830.438 798.125 787.313 771.188 745.125 735.938 728.25 718.063 707.438 697.5 692.375 735.438 775.688 848.125 688.563 578.188 554.438 510.125 473.125 405.375 356.5 303.375 253.188 205 162.25 108.438 45.3125 9.25 -9999 -9999 -9999 -9999 -9999 -9999 -9999 -9999 -9999
161.875 228.75 118.188 109.375 85.25 60.875 82.1875 91.0625 215.5 255.6 335.625 277.875 218.75 177.938 132.625 92.125 148.375 159.813 172.625 233.438 265.875 337.938 360.938 376.375 449.75 495.25 536.375 583.313 644.5 727.5 813.75 912.813 1076.88 1276.69 1357.88 1335.69 1257.75 1035.63 905.625 854.188 823.188 802.438 758.438 742.563 730 718.75 706 697.813 702.313 734.25 808.625 738.625 606.625 522.813 489.625 460.25 423.625 380.438 329.063 272 232.067 190.875 134.125 88.9375 28.0625 6 -9999 -9999 -9999 -9999 -9999 -9999 -9999 -9999 -9999
189.875 241.438 198.875 158.938 148.5 138.313 161.688 158 248.267 290.813 384.5 279.786 242.067 215.063 131.375 68.125 184.188 222.875 203.875 236.25 276.125 304.875 345 393.438 423 501.625 567.938 619.688 674.063 749.438 836.938 944.313 1125.31 1334.31 1383.69 1420.5 1368.81 1098.63 953.5 897.375 849.438 813.813 772.438 752.625 741 720.188 705.188 699.563 713.25 681.875 645.625 578.125 498.625 453.438 438.5 405.375 378.25 323.25 267.938 244.067 212.313 148.625 116.063 55.3125 19.9231 7 -9999 -9999 -9999 -9999 -9999 -9999 -9999 -9999 -9999
283.5 254.875 227.688 255.267 264.938 279 227.25 264.133 299.313 303.813 315.125 321.438 240.875 231.25 102.688 107.813 177.875 250 240.125 261.813 307.813 325.375 352.938 390.688 414.875 447.438 519.438 612.25 668 755.875 819.313 933.188 1099.81 1230.44 1392.13 1461.44 1411.25 1132.63 962 895.875 852.563 815.25 788.063 764.75 782.75 795.938 718.25 680.438 639.438 596.563 571.625 497.813 439.125 407.313 393.063 357.688 329 293.063 246.188 205.625 169.75 125 80.375 29.625 7.66667 -9999 -9999 -9999 -9999 -9999 -9999 -9999 -9999 -9999 -9999
348.813 403.375 307.125 343.563 468.5 451.813 315.563 374.063 325.125 297.438 263.467 250.875 231 152 173.313 166.75 147.625 252.438 286.25 273.875 295.813 351.563 383.938 424.688 463.25 495.25 535.563 575.75 646.375 718.5 833.063 1013.75 1266.75 1467.44 1403.44 1523.38 1500.06 1230.44 970.813 876.625 838.063 814.688 796.875 841.375 922.625 802.188 681.563 611 568.5 515.5 472.875 423.875 410.563 366.188 327.063 322.5 289.625 260.438 222.688 182 131.188 89.0625 43.6875 14.3333 -9999 -9999 -9999 -9999 -9999 -9999 -9999 -9999 -9999 -9999 -9999
410 507.563 432.813 471.625 539.313 506.188 487.875 424.063 378.25 354.75 285.188 193.688 199.625 193.438 270.4 184.25 129.938 223.467 292.688 304.063 323.688 321.813 370.75 417.063 466.313 498.813 540.188 583.063 645.938 717.813 849.5 1083.25 1485 1654.13 1318.19 1376.06 1357.94 1159.25 988.563 954.25 879.063 897.375 902.875 990.813 862.813 754.063 640.125 573.063 498.125 468.938 419.438 374.75 356.125 323.75 322.313 305.063 263.5 210.563 178.313 148.75 97.9375 50.8125 27.7 -9999 -9999 -9999 -9999 -9999 -9999 -9999 -9999 -9999 -9999 -9999 -9999
537.313 478.938 559.125 500.375 501.25 482.313 440.188 371.813 341 307.125 264.938 261.375 263.938 257.75 220.813 148.438 191.75 182.125 298.375 335.563 333.688 365.688 391.375 445.875 453.063 485.875 522.125 597.188 650.25 711.938 801.5 992.125 1301.19 1296.44 1149.44 1243.06 1324.69 1166.88 1098.13 898.688 826.188 722 748.75 756.75 713.063 664.375 577.875 494.5 441.625 416.563 386.875 335.125 330.25 267.313 288.313 269.6 201.188 164.25 141.313 99.9375 62.9375 25.0833 -9999 -9999 -9999 -9999 -9999 -9999 -9999 -9999 -9999 -9999 -9999 -9999 -9999
650.188 607.625 590.875 542.813 485.313 436.125 420.688 336.375 394.813 387.313 372.75 359.375 271.688 187.688 152.188 173 215.875 224.688 233.813 291.75 325.25 370.188 400.563 419.563 443.625 495 535.125 578.375 612.688 629.625 709.625 803.063 948.188 989.813 1025 1289.31 1439.94 1268.63 982.75 820.25 720.438 629.063 576.188 574.5 556.25 508.875 488.563 431.5 391.313 365.313 356.688 303.125 284 265.5 223.875 220.375 169.813 139.875 96 45.375 28.7857 20 -9999 -9999 -9999 -9999 -9999 -9999 -9999 -9999 -9999 -9999 -9999 -9999 -9999
810.188 783.375 666.5 622.625 537.438 471.313 394.063 416.125 477 463.375 440.688 402.25 174.813 207.188 234.063 185.188 248.375 256 257.125 315.5 300.313 329.813 355.563 375.688 396.875 465.813 507.75 523.813 559.813 616.75 659.063 753.875 841.25 778.688 878 1071.56 1269.13 1124.19 876.813 702.125 603.75 554.875 502.438 473.125 444.125 414.938 399.688 358.563 337.5 319.75 316.813 274.667 243.5 228.438 192 175.563 148.5 105.625 67.3125 38.0625 13 -9999 -9999 -9999 -9999 -9999 -9999 -9999 -9999 -9999 -9999 -9999 -9999 -9999 -9999
998.813 931.125 761 672.563 571.5 499.438 429.938 500.75 507.125 472.313 402.188 330.813 195.938 283.25 350.563 208.438 195.75 277 274.625 331.563 313.188 329.813 350.438 371.438 408.5 445.25 479.313 495.5 539.5 566.5 602.5 666.813 698.938 642.75 746.75 862.313 889.938 835.188 721.188 600.688 525.875 468.125 449.563 409.75 387.938 342.938 330.563 300.75 287.688 279.867 270.125 250.938 221.938 193.5 175.375 131.813 103.75 83.375 40.625 16.4444 -9999 -9999 -9999 -9999 -9999 -9999 -9999 -9999 -9999 -9999 -9999 -9999 -9999 -9999 -9999
1056.38 897.875 761.75 661.75 585.625 482.813 487.313 546.5 534.25 490.813 423.313 363.125 213 278.75 361 318.875 245.063 263.25 296.75 335.5 325.813 343.5 354.813 379.813 404 428.563 444 465.75 494.5 530.5 560.625 593.25 626.438 524.75 614.188 622.188 637.563 605.063 554.938 488.125 458 415.375 389.688 373.438 337.75 304.75 270.733 260.867 259.75 243.533 240.563 226.438 202.063 163.563 142.688 112.313 70.5625 30.25 10.125 -9999 -9999 -9999 -9999 -9999 -9999 -9999 -9999 -9999 -9999 -9999 -9999 -9999 -9999 -9999 -9999
860.125 803.938 710.188 633.125 561.688 518.75 537.75 572.188 547.313 512.5 453 347.25 231.875 208.438 303.25 363.438 304.625 255.563 359.563 322.063 342.813 364.125 357.25 378.188 401.75 400.438 410.375 456.375 481.063 446.813 472.813 511 487.563 457.813 518.688 484.188 464 444.375 433.563 395.188 369.688 342.938 340 313.063 295.063 275.125 230.063 228.688 225 213.625 205.125 200.063 163.375 132.25 96.5 68.875 34.6 19.25 -9999 -9999 -9999 -9999 -9999 -9999 -9999 -9999 -9999 -9999 -9999 -9999 -9999 -9999 -9999 -9999 -9999
758 714.188 657.313 600 535.938 548.063 567.563 559.75 541.438 486.938 383.938 319.133 320.438 215.563 251.267 329.5 361.813 263.6 305.875 362.25 362 391.438 370.25 375 377.625 392.813 389.438 407.688 405.375 403.875 437.063 441.5 400.75 436 432.563 407.125 376.25 364.5 354.063 332.75 307.75 283.625 297.933 275.688 250.6 234.2 213.063 186.75 186.313 185.125 170.5 149.563 123.063 99.625 62.3125 35.6154 16.5 -9999 -9999 -9999 -9999 -9999 -9999 -9999 -9999 -9999 -9999 -9999 -9999 -9999 -9999 -9999 -9999 -9999 -9999
743.25 677.188 625.75 610.938 577.5 566.625 517.438 453.313 447.563 445.375 401.188 317.313 253.625 231.563 233.813 338.5 391 366.688 284.933 391.063 393.875 418.875 412.375 412.563 374.375 400.875 387.25 386.688 385.375 394.813 402.625 372.875 347.875 390.125 359.063 335.688 316.188 309.563 302.125 280.563 240.75 247.375 245.938 238.625 211.25 206.063 193.313 159.563 171.188 149.563 128.5 113.688 98.4375 75 37.1875 26.3333 -9999 -9999 -9999 -9999 -9999 -9999 -9999 -9999 -9999 -9999 -9999 -9999 -9999 -9999 -9999 -9999 -9999 -9999 -9999
823.75 732.125 642.25 608.438 564.188 542.375 491.125 454 390.563 390.125 319.25 248.5 274.125 272.375 278.063 310.688 422.875 443.063 387.938 322.8 434.25 477.188 492.125 514 445.375 428.625 419.813 399.188 387.875 390.438 353.25 334.375 347.625 341.75 308.125 289.25 275.188 270.267 262.667 227.625 210.938 218.125 208.188 219.063 197.125 180.813 171.813 146.375 152.313 130.75 101.625 82.0625 61.5625 37.1429 25.25 -9999 -9999 -9999 -9999 -9999 -9999 -9999 -9999 -9999 -9999 -9999 -9999 -9999 -9999 -9999 -9999 -9999 -9999 -9999 -9999
825.688 760.313 645.313 562.875 504.625 483.625 398.688 335.438 288.063 271 258.75 314 328.313 239.75 358.25 341.188 454.25 540.313 467.75 376.313 341.25 447.375 569.125 552.188 500.875 509.125 458.375 475.5 436.188 401.563 353.375 313.313 308.313 291.125 268.8 253.733 244.5 243.5 221 190.813 195.063 189.25 184.688 192.438 170.813 166.625 153.563 126.688 132.188 104.25 84.25 55.5 20.2 11 -9999 -9999 -9999 -9999 -9999 -9999 -9999 -9999 -9999 -9999 -9999 -9999 -9999 -9999 -9999 -9999 -9999 -9999 -9999 -9999 -9999
721.375 608 552.438 507.063 398.688 400.063 344.188 251.188 222.625 231.438 335 386.563 392.438 301.875 267.688 365.25 449.75 516.438 553.25 512.625 450 402.188 413.563 569.188 612.5 576.375 510.188 564.438 600.438 476.688 403.625 303.75 281.875 263 242.75 232.938 213.313 210.813 191.25 193.25 186.063 178.313 156.75 159.438 147.063 148.688 135.25 109.313 95.4375 70.3125 41.6875 17.5 5 -9999 -9999 -9999 -9999 -9999 -9999 -9999 -9999 -9999 -9999 -9999 -9999 -9999 -9999 -9999 -9999 -9999 -9999 -9999 -9999 -9999 -9999
