public/models/data/input/map/sulut/1000/mapdset.asc
NCOLS 248
NROWS 182
XLLCORNER 510063.019283
YLLCORNER 211117.685435
CELLSIZE 1000.000000
NODATA_VALUE       -9999
[rows 99 to 131 of 182, columns 0 to 73 of 248]
-9999 -9999 -9999 -9999 -9999 -9999 -9999 -9999 -9999 -9999 -9999 -9999 -9999 -9999 -9999 -9999 -9999 -9999 -9999 -9999 -9999 -9999 -9999 -9999 -9999 -9999 -9999 -9999 -9999 -9999 -9999 -9999 -9999 -9999 -9999 -9999 -9999 -9999 -9999 -9999 -9999 -9999 -9999 -9999 -9999 -9999 -9999 -9999 -9999 -9999 -9999 -9999 -9999 -9999 -9999 -9999 -9999 -9999 -9999 -9999 -9999 -9999 -9999 -9999 -9999 -9999 -9999 -9999 -9999 -9999 -9999 -9999 -9999 -9999
-9999 -9999 -9999 -9999 -9999 -9999 -9999 -9999 -9999 -9999 -9999 -9999 -9999 -9999 -9999 -9999 -9999 -9999 -9999 -9999 -9999 -9999 -9999 -9999 -9999 -9999 -9999 -9999 -9999 -9999 -9999 -9999 -9999 -9999 -9999 -9999 -9999 -9999 -9999 -9999 -9999 -9999 -9999 -9999 -9999 -9999 -9999 -9999 -9999 -9999 -9999 -9999 -9999 -9999 -9999 -9999 -9999 -9999 -9999 -9999 -9999 -9999 -9999 -9999 -9999 -9999 -9999 -9999 -9999 -9999 -9999 -9999 -9999 -9999
-9999 -9999 -9999 -9999 -9999 -9999 -9999 -9999 -9999 -9999 -9999 -9999 -9999 -9999 -9999 -9999 -9999 -9999 -9999 -9999 -9999 -9999 -9999 -9999 -9999 -9999 -9999 -9999 -9999 -9999 -9999 -9999 -9999 -9999 -9999 -9999 -9999 -9999 -9999 -9999 -9999 -9999 -9999 -9999 -9999 -9999 -9999 -9999 -9999 -9999 -9999 -9999 -9999 -9999 -9999 -9999 -9999 -9999 -9999 -9999 -9999 -9999 -9999 -9999 -9999 -9999 -9999 -9999 -9999 -9999 -9999 -9999 -9999 -9999
-9999 -9999 -9999 -9999 -9999 -9999 -9999 -9999 -9999 -9999 -9999 -9999 -9999 -9999 -9999 -9999 -9999 -9999 -9999 -9999 -9999 -9999 -9999 -9999 -9999 -9999 -9999 -9999 -9999 -9999 -9999 -9999 -9999 -9999 -9999 -9999 -9999 -9999 -9999 -9999 -9999 -9999 -9999 -9999 -9999 -9999 -9999 -9999 -9999 -9999 -9999 -9999 -9999 -9999 -9999 -9999 -9999 -9999 -9999 -9999 -9999 -9999 -9999 -9999 -9999 -9999 -9999 -9999 -9999 -9999 -9999 -9999 -9999 -9999
-9999 -9999 -9999 -9999 -9999 -9999 -9999 -9999 -9999 -9999 -9999 -9999 -9999 -9999 -9999 -9999 -9999 -9999 -9999 -9999 -9999 -9999 -9999 -9999 -9999 -9999 -9999 -9999 -9999 -9999 -9999 -9999 -9999 -9999 -9999 -9999 -9999 -9999 -9999 -9999 -9999 -9999 -9999 -9999 -9999 -9999 -9999 -9999 -9999 -9999 -9999 -9999 -9999 -9999 -9999 -9999 -9999 -9999 -9999 -9999 -9999 -9999 -9999 -9999 -9999 -9999 -9999 -9999 -9999 -9999 -9999 -9999 -9999 -9999
-9999 -9999 -9999 -9999 -9999 -9999 -9999 -9999 21950.3 21216 20543.9 20401 -9999 -9999 -9999 -9999 15700.5 15475 15330.8 -9999 -9999 -9999 -9999 -9999 -9999 -9999 -9999 -9999 -9999 -9999 -9999 -9999 -9999 -9999 -9999 -9999 -9999 -9999 -9999 -9999 -9999 -9999 -9999 -9999 -9999 -9999 -9999 -9999 -9999 -9999 -9999 -9999 -9999 -9999 -9999 -9999 -9999 -9999 -9999 -9999 -9999 -9999 -9999 -9999 -9999 -9999 -9999 -9999 -9999 -9999 -9999 -9999 -9999 -9999
-9999 -9999 -9999 -9999 -9999 -9999 -9999 -9999 21915.5 21146.5 20384.9 19625.8 -9999 16391.8 15965.6 15126.7 15134.5 14878.6 14397.1 13856.6 -9999 -9999 -9999 -9999 -9999 -9999 -9999 -9999 -9999 -9999 -9999 -9999 -9999 -9999 -9999 -9999 -9999 -9999 -9999 -9999 -9999 -9999 -9999 -9999 -9999 -9999 -9999 -9999 -9999 -9999 -9999 -9999 -9999 -9999 -9999 -9999 -9999 -9999 -9999 -9999 -9999 -9999 -9999 -9999 -9999 -9999 -9999 -9999 -9999 -9999 -9999 -9999 -9999 -9999
-9999 -9999 -9999 -9999 -9999 -9999 -9999 -9999 21575 20695.2 19915 19053.8 17651.7 16661.6 15832.5 14936.1 14182.5 13905.4 13623.4 13551.7 -9999 -9999 -9999 -9999 -9999 -9999 -9999 -9999 -9999 -9999 -9999 -9999 -9999 -9999 -9999 -9999 -9999 -9999 -9999 -9999 -9999 -9999 -9999 -9999 -9999 -9999 -9999 -9999 -9999 -9999 -9999 -9999 -9999 -9999 -9999 -9999 -9999 -9999 -9999 -9999 -9999 -9999 -9999 -9999 -9999 -9999 -9999 -9999 -9999 -9999 -9999 -9999 -9999 -9999
-9999 -9999 -9999 -9999 -9999 -9999 -9999 -9999 20505.1 20326.1 19523.8 18543 17404.8 16456.2 15493.3 14541.3 13502.7 12969.9 12961.8 13071.3 -9999 -9999 -9999 -9999 -9999 -9999 -9999 -9999 -9999 -9999 -9999 -9999 -9999 -9999 -9999 -9999 -9999 -9999 -9999 -9999 -9999 -9999 -9999 -9999 -9999 -9999 -9999 -9999 -9999 -9999 -9999 -9999 -9999 -9999 -9999 -9999 -9999 -9999 -9999 -9999 -9999 -9999 -9999 -9999 -9999 -9999 -9999 -9999 -9999 -9999 -9999 -9999 -9999 -9999
-9999 -9999 26486.3 26016.3 24864.5 24071.8 23599.1 23004.9 -9999 -9999 18702.6 17970.6 16940.6 15984.3 15028.1 14071.8 12941.5 12069.8 11155.4 10195.2 9026.17 -9999 -9999 -9999 -9999 -9999 -9999 5224.87 4787.37 4787.37 -9999 -9999 -9999 2603.55 2559.17 2529.59 -9999 -9999 -9999 -9999 -9999 -9999 -9999 -9999 -9999 -9999 -9999 -9999 -9999 -9999 -9999 -9999 -9999 -9999 -9999 -9999 -9999 -9999 -9999 -9999 -9999 -9999 -9999 -9999 -9999 -9999 -9999 -9999 -9999 -9999 -9999 -9999 -9999 -9999
-9999 -9999 26149.7 25643 24544.5 23605.2 22866.2 21904.9 -9999 -9999 17755.6 17382.2 16544.5 15588.2 14632 13675.7 12544.5 11591.1 10721 9735.76 8781.1 7875.37 7394.88 6977.85 6510.64 6096.14 5544.7 5113.21 4496.94 4105.61 1992.59 1859.6 1758.88 2430.83 2395.11 2191.41 -9999 -9999 -9999 -9999 -9999 -9999 -9999 -9999 -9999 -9999 -9999 -9999 -9999 -9999 -9999 -9999 -9999 -9999 -9999 -9999 -9999 -9999 -9999 -9999 -9999 -9999 -9999 -9999 -9999 -9999 -9999 -9999 -9999 -9999 -9999 -9999 -9999 -9999
-9999 -9999 25756.2 25240.6 24148.4 23192.1 22251.6 21317.8 19967.3 18989.3 17948 17231.4 16148.4 15192.1 14235.9 13279.6 12148.4 11192.1 10235.9 9279.64 8216.36 7520.28 7037.09 6630.97 6162.94 5759.49 5325.07 4749.81 3729.47 2913.38 1801.23 1472.31 1474.66 1464.96 1722.46 1785.34 3261.49 3150.65 2832.91 2519.62 2492.44 -9999 -9999 -9999 -9999 -9999 -9999 -9999 -9999 -9999 -9999 -9999 -9999 814.721 886.379 780.784 1436.68 2245.26 2613.36 -9999 -9999 -9999 -9999 -9999 -9999 -9999 -9999 -9999 -9999 -9999 -9999 -9999 -9999 -9999
-9999 -9999 25643 24729.6 23752.3 22796 21839.8 20883.3 19742.5 18781.9 17824 16881.7 15752.3 14796 13839.8 12883.5 11752.3 10796 9839.79 8883.54 7756.39 6870.94 6208.84 5763.14 5293.65 4897.55 4589.08 4268.61 3242.35 2281.22 1346.53 647.834 839.654 803.293 851.483 1047 2353.61 2727.66 2381.69 2033.51 1925.71 1926.61 2017.77 -9999 -9999 -9999 -9999 -9999 -9999 -9999 -9999 -9999 928.571 754.807 488.931 438.442 1301.97 2225.09 3092.25 4013.79 -9999 -9999 -9999 -9999 -9999 -9999 -9999 -9999 -9999 -9999 -9999 -9999 -9999 -9999
-9999 -9999 -9999 24281.8 23222.6 22320.1 21373 20415.1 19283.7 18327.5 17371.2 16415 15283.7 14327.5 13371.2 12415 11283.7 10327.5 9371.21 8414.96 7283.71 6327.47 5413.78 4705.11 4163.31 3766.3 3471.18 3616.34 3250.87 2357.99 1403.16 521.193 555.049 643.688 546.598 777.069 1789.04 2114.01 1475.63 967.125 976.108 1280.75 1008.89 467.299 552.653 513.369 715.958 1368.86 824.316 402.596 259.442 324.499 641.72 957.154 860.052 1002.49 1647.56 2539.65 3492.74 4448.99 5611.73 6520.48 7245.07 8714.19 9828.43 -9999 -9999 -9999 -9999 -9999 -9999 -9999 -9999 -9999
-9999 -9999 -9999 -9999 22905.6 21922.4 21016.9 20053.7 18878.1 17931.4 16975.1 16018.9 14887.6 13931.4 12975.1 12018.9 10887.6 9931.37 8975.12 8018.87 6887.62 5931.37 4975.12 4061.44 3256.67 2811.7 2514.93 2693.56 3044.26 2681.86 1817.66 1125.84 1212.75 1482.01 1346.71 1425.22 2096.18 1987.14 1083.49 443.506 500.273 981.516 713.398 384.154 470.067 416.75 744.188 1366.89 807.423 390.656 314.754 314.219 496.196 1209.16 1711.94 1956.3 2412.15 3024.16 3893.23 4845.09 5976.34 6929.75 7890.01 8845.77 9974.64 10544.2 9951.49 9717.51 7380.53 7082.29 6906.85 -9999 -9999 -9999
-9999 -9999 -9999 -9999 -9999 21531.1 20868.3 19906.8 18427 17493.8 16579 15622.8 14491.5 13535.3 12579 11622.8 10491.5 9535.28 8579.03 7622.78 6491.53 5535.28 4579.03 3622.78 2566.43 1910.44 1560.32 1760.65 2526.24 2914.03 2488.21 2037.33 2136.53 2415.63 2294.03 2358.13 2699.98 2214.6 1392.49 947.873 1015.07 1391.4 1281.57 857.059 975.879 1195.91 1476.99 1841.23 1381.26 1118.66 1103.13 1103.13 1221.02 1741.54 2446.59 2896.72 3346.57 3771.86 4376.5 5244.34 6372.43 7328.68 8284.93 9241.18 10303.6 10432.5 9664.96 8873.61 7236.34 6762.48 6192.25 5489.47 -9999 -9999
-9999 -9999 -9999 -9999 -9999 -9999 -9999 -9999 17777.4 17082.6 16394.3 15250.3 14095.4 13139.2 12182.9 11226.7 10095.4 9139.19 8182.94 7226.69 6095.44 5139.19 4182.94 3226.69 2099.54 1214.08 676.291 1055.64 2121.46 2974.51 3274.46 2991.13 3092.78 3371.88 3250.28 3314.38 3420.86 2732.24 2193.92 1888.43 1940.75 2228.48 2144.67 1744.06 1835.6 2116.85 2413.51 2660.6 2302.73 2074.91 2059.38 2059.38 2164.31 2547.47 3078.63 3748.83 4302.55 4698.91 5116.84 5704.59 6768.52 7724.77 8681.02 9637.27 10547.3 10124.3 9182.44 8306.46 6937.08 6179.72 5496.07 5106.43 -9999 -9999
-9999 -9999 -9999 -9999 -9999 -9999 -9999 -9999 -9999 -9999 -9999 -9999 13074 12787.3 12017.9 11117 9991.89 9035.64 8079.39 7123.14 5991.89 5035.64 4079.39 3123.14 1994.11 1092.45 611.36 1052.14 2116.24 2991.18 3670.12 3849.8 4094.1 4428.18 4357.38 4434.46 4194.73 3708.21 3312.12 3019.58 3064.86 3290.27 3165.01 2779.39 2856.18 3153.37 3471.61 3756.1 3433.98 3206.16 3190.63 3190.63 3295.47 3665.68 4061.77 4549.39 5344.51 5823.77 6225.98 6622.07 7304.42 8196.5 9149.6 10105.1 10532.2 9663.25 8707 7750.75 6619.5 5663.25 4730.34 4024.43 3567.05 3194.93
-9999 -9999 -9999 -9999 -9999 -9999 -9999 -9999 -9999 -9999 -9999 -9999 -9999 12310.7 12059.9 11385.9 10388 9431.73 8475.48 7519.23 6387.98 5431.73 4475.48 3519.23 2441.91 1768.17 1449.45 1608.33 2287.88 2681.41 2956.5 3365.41 3998.83 4512.56 4825.55 5218.88 5060.56 4664.46 4268.37 3973.42 3839.73 3547.82 3146.78 2748.14 2761.69 3144.72 3613.7 4243.13 4360.51 4162.41 4146.88 4146.88 4251.72 4621.93 5018.02 5414.11 6021.7 6673.83 7173.84 7578.32 8069.01 8681.01 9550.08 10452 10223.1 9267.16 8310.91 7354.66 6223.41 5267.16 4310.91 3378 2604.96 2177.89
-9999 -9999 -9999 -9999 -9999 -9999 -9999 -9999 -9999 -9999 -9999 -9999 -9999 -9999 -9999 11435.4 10678.4 9773.68 8844.27 7888.02 6756.77 5800.52 4844.27 3889.2 2864.76 2115.54 1565.44 1429.66 1734.85 1809.59 2015.08 2556.08 3221.08 3731.27 4477.89 5364.18 5881.82 5620.71 5199.97 4715.73 3949.62 3064.76 2317.05 1832.55 1832.55 2317.05 3064.76 3991.47 4833.02 4974.97 5059.43 5098.77 5207.97 5578.18 5974.27 6370.36 6851.83 7381.07 8026.17 8528.45 9003.43 9428.71 10033.4 10582.6 9827.32 8871.07 7914.82 6958.57 5827.32 4871.07 3914.82 2958.57 1891.06 1078.64
-9999 -9999 -9999 -9999 -9999 -9999 -9999 -9999 -9999 -9999 -9999 -9999 -9999 -9999 -9999 11432 10342.4 9651.83 8797.17 7846.07 6714.82 5758.57 4802.32 3846.46 2735.06 1791.04 918.263 552.535 967.912 893.196 1219.14 1783.67 2354.67 3119.26 4053.68 5009.65 6051.86 6264.09 5588 4707.39 3595.44 2639.47 1705.05 940.458 940.458 1705.05 2639.47 3595.44 4341.73 4727.47 5074.57 5397.06 5890.94 6463.05 6927.4 7326.61 7795.28 8204.17 8726.38 9401.53 9959.4 10355.8 10768 10744.2 9741.89 8785.64 7829.39 6873.14 5741.89 4785.64 3829.39 2873.14 1743.71 881.92
-9999 -9999 -9999 -9999 -9999 -9999 -9999 -9999 -9999 -9999 -9999 -9999 -9999 -9999 -9999 -9999 -9999 9122.29 8740.45 7948.19 6845.44 5889.19 4932.94 3976.69 2845.53 1902.23 1088.22 774.619 1001.61 676.547 679.729 828.005 1690.45 2646.7 3602.95 4559.2 5679.2 6183.81 5577.15 4623.14 3491.89 2535.64 1588.93 748.601 748.601 1588.66 2500.04 3100.69 3241.89 3638.25 4049.79 4582.97 5534.6 6474.77 7402.21 8183.54 8851.88 9306.37 9717.65 10206.2 11001.4 11480.4 11750.5 11261.3 10156.1 9199.85 8243.6 7287.35 6156.1 5199.85 4243.6 3288.27 2258.61 1711.47
-9999 -9999 -9999 -9999 -9999 -9999 -9999 -9999 -9999 -9999 -9999 -9999 -9999 -9999 -9999 -9999 -9999 -9999 8540.48 8115.77 7233.58 6285.28 5329.03 4372.78 3254.58 2453.15 1922.92 1723.42 1754.81 1267.05 598.998 503.253 1504.05 2460.3 3416.55 4372.8 5503.89 6245.52 5955.11 5019.23 3887.98 2944.73 2129.13 1588.93 1588.93 2100.59 2512.97 2374.23 2285.91 2702.6 3249.46 4026.35 5122.43 6078.68 7034.93 7991.18 9088.33 9878.85 10519.9 11040.1 11678.6 12318 12421.2 11681.2 10552.2 9595.94 8639.69 7683.44 6552.19 5595.94 4641.34 3755.93 3048.28 2662.23
-9999 -9999 -9999 -9999 -9999 -9999 -9999 -9999 -9999 -9999 -9999 -9999 -9999 -9999 -9999 -9999 -9999 -9999 -9999 8301.07 7629.68 6681.37 5725.12 4768.87 3792.9 3275.26 2856.98 2462.09 1944.07 1433.33 926.098 870.269 1703.71 2654.46 3610.71 4566.96 5698.21 6506.27 6336.54 5415.32 4293.61 3481.48 2944.73 2535.64 2518.99 2630.91 2131.42 1479.39 1345.11 1897.12 2678.79 3597.6 4726.34 5682.59 6638.83 7595.08 8726.33 9681.65 10613.2 11466.6 12325.8 12955 12924.5 12079.5 10948.3 9992.03 9035.78 8079.53 6948.28 5993.68 5117.34 4496.08 3999.04 3618.48
-9999 -9999 -9999 -9999 -9999 -9999 -9999 -9999 -9999 -9999 -9999 -9999 -9999 -9999 -9999 -9999 -9999 -9999 -9999 8414.97 7927.77 7077.46 6121.22 5256.5 4608.72 4058.85 3315.07 2456.05 1402.92 836.724 966.619 1540.53 2254.82 3048.28 3999.04 4955.29 6086.54 6897.12 6732.05 5811.41 4805.63 4293.61 3887.98 3491.89 3266.55 2672.37 1752 828.332 532.417 1321.66 2245.26 3199.02 4330.24 5286.49 6242.74 7198.99 8330.24 9286.49 10242.7 11199 12313.4 13171.3 13287.4 12475.6 11344.4 10388.1 9431.87 8475.62 7345.29 6460.62 5848.42 5424.51 4955.29 4574.73
-9999 -9999 -9999 -9999 -9999 -9999 -9999 -9999 -9999 -9999 -9999 -9999 -9999 -9999 -9999 -9999 -9999 -9999 -9999 9557.76 8490.97 7559.09 6742.05 6158.78 5241.43 4285.64 3329.39 2373.14 1271.18 647.173 896.649 1747.56 2856.28 3674.34 4491.32 5424.51 6555.12 7365.7 7210.17 6405.46 5811.41 5415.32 5018.91 4597.82 3838.97 2889.19 1939.87 1058.08 478.64 1049.72 1984.14 2940.11 4071.36 5027.61 5983.86 6940.11 8071.36 9027.61 9983.86 10940.1 12071.4 13027 13540.9 12940.9 11813 10856.7 9900.45 8945.12 7915.47 7352.79 6951.21 6555.12 6086.54 5705.98
-9999 -9999 -9999 -9999 -9999 -9999 -9999 -9999 -9999 -9999 -9999 -9999 -9999 -9999 -9999 -9999 -9999 -9999 10692.4 9813.73 8911.43 8105.79 7490.32 6745.9 5637.98 4681.73 3725.48 2782.04 1896.09 1530.2 1669.29 2241.22 3269.14 4199.79 5022.34 5843.66 6951.21 7773.65 7749.23 7245.78 6767.66 6371.09 5937.17 5308.76 4241.53 3294.71 2425.71 1740.34 1280.77 1609.95 2357.65 3284.7 4415.68 5371.93 6328.18 7284.43 8415.68 9371.93 10328.2 11284.4 12415.7 13371.9 13913.6 13335.9 12209 11252.8 10298.2 9412.79 8705.13 8303.55 7907.46 7511.37 7042.79 6662.23
-9999 -9999 -9999 -9999 -9999 -9999 -9999 -9999 -9999 -9999 -9999 -9999 -9999 -9999 -9999 -9999 -9999 11826.4 11228.2 10382 9446.73 8842.66 8090.67 7164.97 6034.07 5077.82 4136.4 3363.76 2791.93 2486.45 2610.71 3011.85 3725.73 4621.43 5552.13 6379.02 7352.79 8237.72 8520.77 8192.49 7723.59 7289.51 6648.7 5765.65 4644.56 3778.05 3098.93 2605.36 2233.86 2479.02 2962.29 3702.62 4811.77 5768.02 6724.27 7680.52 8811.77 9768.02 10724.3 11680.5 12811.8 13768 14309.7 13732 12605.1 11650.5 10774.2 10152.9 9655.89 9259.8 8863.71 8467.62 7999.04 7618.48
-9999 -9999 -9999 -9999 -9999 -9999 -9999 -9999 -9999 -9999 -9999 -9999 -9999 -9999 -9999 -9999 -9999 12139.8 11730.5 10913 10215.8 9450.58 8517.32 7561.41 6430.16 5486.73 4716.1 4222.44 3748.18 3442.7 3566.96 3955.29 4453.16 5078.07 5973.82 6913.31 7883.57 8698.11 9303.53 9145.99 8654.85 8013.44 7117.99 6164.97 5115.11 4445.02 3957.7 3552.64 3190.11 3430.87 3830.12 4290.38 5207.86 6164.11 7120.36 8076.61 9207.86 10164.1 11120.4 12076.6 13207.9 14164.1 14705.8 14128.1 13002.1 12117.5 11505.3 11081.4 10612.1 10216 9819.96 9423.87 8955.29 8574.73
-9999 -9999 -9999 -9999 -9999 -9999 -9999 -9999 -9999 -9999 -9999 -9999 -9999 -9999 -9999 -9999 13138.2 12985.6 12398.9 11815.6 10898.3 9942.49 8986.24 8029.99 6928.03 6200.6 5744.1 5348.01 4879.43 4573.95 4698.21 5086.54 5555.12 5964.02 6545.74 7404.42 8513.14 9331.19 10073.4 10209.8 9481.77 8546.04 7596.73 6714.94 5936.14 5475.98 5079.89 4683.8 4321.36 4562.12 4958.21 5354.31 5890.2 6654.79 7589.21 8545.19 9676.44 10632.7 11588.9 12545.2 13676.4 14632.7 15174.4 14597.6 13572.3 13009.7 12608.1 12212 11743.4 11347.3 10951.2 10555.1 10086.5 9705.98
-9999 -9999 -9999 -9999 -9999 -9999 -9999 -9999 -9999 -9999 -9999 -9999 -9999 -9999 -9999 -9999 13659.8 13563.8 13140.6 12402.8 11294.8 10338.6 9382.33 8438.9 7552.94 7096.44 6700.35 6304.26 5835.68 5530.2 5654.46 6042.79 6511.37 6907.46 7318.38 7898.08 8925.99 9856.64 10672.7 10859.3 9898.39 8951.56 8082.56 7397.19 6828.32 6432.23 6036.14 5640.05 5277.61 5518.37 5914.46 6310.56 6782.29 7266.8 8014.5 8941.55 10072.5 11028.8 11985 12941.3 14072.5 15028.8 15572.1 15065.3 14362 13960.4 13564.3 13168.2 12699.6 12303.5 11907.5 11511.4 11042.8 10662.2
-9999 -9999 -9999 -9999 -9999 -9999 -9999 -9999 -9999 -9999 -9999 -9999 -9999 -9999 -9999 -9999 14397.9 14304.6 13740.6 12821.8 11690.9 10734.7 9793.25 9020.61 8448.79 8052.69 7656.6 7260.51 6791.93 6486.45 6610.71 6999.04 7467.62 7863.71 8259.8 8668.71 9382.58 10278.3 11194.7 11308.6 10301.4 9434.91 8755.78 8262.21 7784.57 7388.48 6992.39 6596.3 6233.86 6474.62 6870.71 7266.8 7735.38 8135.87 8619.14 9359.48 10468.6 11424.9 12381.1 13337.4 14468.6 15424.9 16044.8 15804.9 15312.8 14916.7 14520.6 14124.5 13655.9 13259.8 12863.7 12467.6 11999 11618.5
-9999 -9999 -9999 -9999 -9999 -9999 -9999 -9999 -9999 -9999 -9999 -9999 -9999 -9999 -9999 -9999 14876.8 14692.4 14069.3 13214.8 12087 11143.6 10373 9879.29 9405.03 9008.94 8612.85 8216.76 7748.18 7442.7 7566.96 7955.29 8423.87 8819.96 9216.05 9612.14 10110 10734.9 11608.8 11712.5 10772 10101.9 9614.55 9209.49 8740.82 8344.73 7948.64 7552.55 7190.11 7430.87 7826.96 8223.05 8691.63 9087.73 9486.98 9947.23 10864.7 11821 12777.2 13733.5 14864.7 15821 16644.5 16712.2 16269 15872.9 15476.8 15080.7 14612.1 14216 13820 13423.9 12955.3 12574.7
