public/models/data/input/map/sulut/1000/mapdplant.asc
NCOLS 248
NROWS 182
XLLCORNER 510063.019283
YLLCORNER 211117.685435
CELLSIZE 1000.000000
NODATA_VALUE       -9999
[rows 34 to 67 of 182, columns 152 to 227 of 248]
-9999 -9999 -9999 -9999 -9999 -9999 -9999 -9999 -9999 -9999 -9999 -9999 -9999 -9999 -9999 -9999 -9999 -9999 -9999 -9999 -9999 -9999 -9999 -9999 -9999 -9999 -9999 -9999 -9999 -9999 -9999 -9999 -9999 -9999 -9999 0 0 -9999 -9999 -9999 147.849 124.424 142.58 112.563 25.0936 6.89362 0 7.8125 29.9875 148.637 276.335 194.668 39.9885 177.236 687.228 1163.43 1405.87 1220.62 1538.72 1745.36 912.817 274.083 46.8719 94.1889 645.023 1471.59 2039.7 1884.35 1311.27 683.159 205.379 266.932 121.806 28.2813 48.7891 101.924
-9999 -9999 -9999 -9999 -9999 -9999 -9999 -9999 -9999 -9999 -9999 -9999 -9999 -9999 -9999 -9999 -9999 -9999 -9999 -9999 -9999 -9999 -9999 -9999 -9999 -9999 -9999 -9999 -9999 -9999 -9999 -9999 -9999 -9999 -9999 -9999 -9999 -9999 -9999 0 61.454 36.7896 10.8314 129.626 0 0 0 0 63.984 330.788 242.932 37.0424 2.10938 65.3881 528.807 1359.73 2112.34 2053.2 2084.96 1753.76 762.892 176.813 4.6875 35.2118 555.581 1476.24 2359.59 2510.11 1621.75 717.599 270.509 239.069 241.513 23.4375 20.5078 15.2956
-9999 -9999 -9999 -9999 -9999 -9999 -9999 -9999 -9999 -9999 -9999 -9999 -9999 -9999 -9999 -9999 -9999 -9999 -9999 -9999 -9999 -9999 -9999 -9999 -9999 -9999 -9999 -9999 -9999 -9999 -9999 -9999 -9999 -9999 -9999 -9999 -9999 -9999 75.2638 16.6153 0.546875 30.1438 213.811 221.383 10.1563 0 0 0 11.5847 132.609 191.536 31.227 8.59375 33.9063 279.68 1016.58 1553.27 1497.26 1331.69 1106.96 483.994 64.8208 4.6875 0 444.129 1399.46 2355.71 2842.76 1948.94 1078.52 390.163 357.379 392.608 87.5522 6.65728 0
-9999 -9999 -9999 -9999 -9999 -9999 -9999 -9999 -9999 -9999 -9999 -9999 -9999 -9999 -9999 -9999 -9999 -9999 -9999 -9999 -9999 -9999 -9999 -9999 -9999 -9999 -9999 -9999 -9999 -9999 -9999 -9999 -9999 -9999 -9999 -9999 -9999 -9999 280.637 63.3148 2.10938 95.8013 451.669 506.85 25.7813 0 0 0 0 3.75 22.7344 6.32813 76.5631 39.8868 139.733 489.049 632.38 630.161 487.086 360.062 152.51 0 6.32813 10.8594 546.691 1488.3 2444.55 3114.06 2329.01 1428.92 826.311 903.503 821.023 247.103 21.8468 43.75
-9999 -9999 -9999 -9999 -9999 -9999 -9999 -9999 -9999 -9999 -9999 -9999 -9999 -9999 -9999 -9999 -9999 -9999 -9999 -9999 -9999 -9999 -9999 -9999 -9999 -9999 -9999 -9999 -9999 -9999 -9999 -9999 -9999 -9999 -9999 -9999 -9999 -9999 245.386 52.9331 0.46875 56.4637 178.855 295.889 108.146 0 0 0 0 5.15625 37.8516 54.6254 315.735 109.178 6.32813 51.8635 122.54 308.84 339.035 90.2616 93.75 0 41.1328 89.2899 742.153 1681.01 2637.26 3408.46 2769.86 2109.34 1730.8 1678.15 938.267 199.897 4.6875 76.5625
-9999 -9999 -9999 -9999 -9999 -9999 -9999 -9999 -9999 -9999 -9999 -9999 -9999 -9999 -9999 -9999 -9999 -9999 -9999 -9999 -9999 -9999 -9999 -9999 -9999 -9999 -9999 -9999 -9999 -9999 -9999 -9999 -9999 -9999 -9999 -9999 -9999 -9999 250 12.4428 0 2.03125 4.60938 34.419 40.736 0 0 0 0 0.46875 14.4141 230.782 405.943 51.6909 138.614 99.3298 88.5004 121.514 181.535 45.0041 34.375 0 99.3911 514.372 1145.63 1990.21 2940.97 3767.51 3445.26 3016.85 2656.09 2173.93 1122.17 307.887 9.375 89.0625
-9999 -9999 -9999 -9999 -9999 -9999 -9999 -9999 -9999 -9999 -9999 -9999 -9999 -9999 -9999 -9999 -9999 -9999 -9999 -9999 -9999 -9999 -9999 -9999 -9999 -9999 -9999 -9999 -9999 -9999 -9999 -9999 -9999 -9999 -9999 -9999 -9999 -9999 -9999 -9999 0 0 0 11.7188 7.8125 19.0625 27.9688 4.53125 0 0 13.125 102.967 457.467 194.847 443.11 278.61 11.7188 0 0 13.2813 170.523 76.7058 218.459 879.109 1857.73 2525.14 3353.43 4278.69 4486.5 3947.45 3160.84 2228.16 1098.38 287.345 22.5379 182.477
-9999 -9999 -9999 -9999 -9999 -9999 -9999 -9999 -9999 -9999 -9999 -9999 -9999 -9999 -9999 -9999 -9999 -9999 -9999 -9999 -9999 -9999 -9999 -9999 -9999 -9999 -9999 -9999 -9999 -9999 -9999 -9999 -9999 -9999 -9999 -9999 -9999 -9999 -9999 -9999 -9999 0 34.2262 112.462 25 2.8125 5.625 22.8125 0 0 5.625 63.102 201.123 211.877 323.309 255.522 49.2188 0 7.5 171.915 540.385 609.164 847.049 1151.31 1788.63 2425.81 3243.11 4181.28 4906.01 4282.48 3326.8 2370.55 1257.75 460.657 92.7267 126.026
-9999 -9999 -9999 -9999 -9999 -9999 -9999 -9999 -9999 -9999 -9999 -9999 -9999 -9999 -9999 -9999 -9999 -9999 -9999 -9999 -9999 -9999 -9999 -9999 -9999 -9999 -9999 -9999 -9999 -9999 -9999 -9999 -9999 -9999 -9999 -9999 -9999 -9999 -9999 -9999 -9999 -9999 347.917 381.722 16.5625 16.1719 13.3594 47.6563 9.375 0 30.2344 110.345 32.4219 4.92188 18.5087 28.9016 104.446 66.1764 127.88 609.796 1314.81 1484.23 1375 878.599 1081.09 1892.41 2829.22 3784.43 4781.4 4628.74 3707.36 2752.05 1669.69 803.112 152.505 45
-9999 -9999 -9999 -9999 -9999 -9999 -9999 -9999 -9999 -9999 -9999 -9999 -9999 -9999 -9999 -9999 -9999 -9999 -9999 -9999 -9999 -9999 -9999 -9999 -9999 -9999 -9999 -9999 -9999 -9999 -9999 -9999 -9999 -9999 -9999 -9999 -9999 -9999 -9999 -9999 -9999 -9999 900 591.147 0.625 8.82813 6.95313 24.2188 110.378 39.8438 91.6406 234.294 325.214 51.5625 0 0 42.9515 151.756 523.763 1183.78 2017.69 2148.65 1458.53 552.47 567.072 1502.49 2457.97 3414.22 4515.01 4851.02 4104.39 3161.02 2047.98 1146.68 522.327 183.503
-9999 -9999 -9999 -9999 -9999 -9999 -9999 -9999 -9999 -9999 -9999 -9999 -9999 -9999 -9999 -9999 -9999 -9999 -9999 -9999 -9999 -9999 -9999 -9999 -9999 -9999 -9999 -9999 -9999 -9999 -9999 -9999 -9999 -9999 -9999 -9999 -9999 -9999 -9999 -9999 -9999 1707.11 1153.58 699.117 122.652 60.6647 74.0456 56.5621 103.503 49.8438 15.625 175.666 130.354 52.685 157.656 80.3029 143.219 238.752 586.344 1444.21 2489.65 2573.84 1705.05 940.458 940.458 1705.05 2639.47 3595.44 4712.46 5165.23 4519.94 3612.51 2569.18 1891.84 1391.09 734.722
-9999 -9999 -9999 -9999 -9999 -9999 -9999 -9999 -9999 -9999 -9999 -9999 -9999 -9999 -9999 -9999 -9999 -9999 -9999 -9999 -9999 -9999 -9999 -9999 -9999 -9999 -9999 -9999 -9999 -9999 -9999 -9999 -9999 -9999 -9999 -9999 -9999 -9999 -9999 -9999 -9999 1831.17 1474.45 754.702 347.973 489.635 630.398 412.354 102.588 29.5313 0 0 6.25 221.746 469.992 189.163 408.316 750.267 1136.25 1840.72 2853.27 2996.19 2317.05 1832.55 1832.55 2317.05 3064.76 3991.81 5054.3 5177.23 4372.8 3577.46 2807.98 2151.48 1528.57 1025.33
-9999 -9999 -9999 -9999 -9999 -9999 -9999 -9999 -9999 -9999 -9999 -9999 -9999 -9999 -9999 -9999 -9999 -9999 -9999 -9999 -9999 -9999 -9999 -9999 -9999 -9999 -9999 -9999 -9999 -9999 -9999 -9999 -9999 -9999 -9999 -9999 -9999 -9999 -9999 -9999 -9999 2256.66 2012.67 1519.39 1155.37 1344.56 1501.99 1125.68 553.899 247.966 61.5021 111.674 14.4531 171.225 422.866 156.33 159.447 613.264 1261.75 2067.12 3110.42 3516.13 3185.24 2785.64 2785.64 3186.12 3669.4 4409.73 5290.79 4880.29 3934.23 3026.86 2214.65 1612.86 889.488 708.811
-9999 -9999 -9999 -9999 -9999 -9999 -9999 -9999 -9999 -9999 -9999 -9999 -9999 -9999 -9999 -9999 -9999 -9999 -9999 -9999 -9999 -9999 -9999 -9999 -9999 -9999 -9999 -9999 -9999 -9999 -9999 -9999 -9999 -9999 -9999 -9999 -9999 -9999 -9999 -9999 -9999 3035.55 2845.2 2450.1 2110.93 2290.93 2344.84 1944.24 1410.13 864.317 501.061 328.375 75.4231 280.575 221.828 61.1596 12.0149 204.927 879.005 1815.2 2940.25 3779.85 4045.95 3741.78 3741.89 4137.98 4537.23 4997.48 5317.69 4492.74 3536.49 2581.16 1522.88 881.727 418.152 574.463
-9999 -9999 -9999 -9999 -9999 -9999 -9999 -9999 -9999 -9999 -9999 -9999 -9999 -9999 -9999 -9999 -9999 -9999 -9999 -9999 -9999 -9999 -9999 -9999 -9999 -9999 -9999 -9999 -9999 -9999 -9999 -9999 -9999 57.6923 161.835 331.07 33.4218 28.4091 207.051 686.01 2029.5 2844.78 3508.21 3536.72 3242.18 3405.46 3385.63 2973.73 2297.07 1595.49 759.225 206.273 216.135 63.9947 1.25 0 10.0775 154.692 734.888 1653.97 2784.92 3737.67 4613.04 4818.09 4873.14 5268.71 5646.65 5856.2 5130.58 4181.99 3225.83 2269.58 1142.87 335.721 132.917 498.74
-9999 -9999 -9999 -9999 -9999 -9999 -9999 -9999 -9999 -9999 -9999 -9999 -9999 -9999 -9999 -9999 -9999 -9999 -9999 -9999 -9999 -9999 -9999 -9999 -9999 -9999 -9999 -9999 -9999 -9999 -9999 -9999 1.59574 49.4242 146.554 396.549 101.983 25.7173 150.474 540.203 1455.82 2412.23 3362.86 4079.05 4187.9 4267.87 3979.81 3267.71 2416.87 1733.15 927.36 240.941 60.7583 77.5555 146.621 70.6866 21.5628 283.201 972.86 1887.17 2956.46 3820.06 4740.13 5428.71 5798.08 6072.04 6133.14 5854.59 5112.88 4360.95 3498.52 2561.45 1482.23 658.845 191.919 258.526
-9999 -9999 -9999 -9999 -9999 -9999 -9999 -9999 -9999 -9999 -9999 -9999 -9999 -9999 -9999 -9999 -9999 -9999 -9999 -9999 -9999 -9999 -9999 -9999 -9999 -9999 -9999 -9999 -9999 -9999 -9999 0 38.4775 98.973 116.584 600.921 416.205 62.7815 45.9306 428.188 1397.07 2350.1 3306.35 4257.91 4954.06 4628.87 3822.61 2879.22 1847.79 1194.53 849.235 622.735 230.554 393.258 737.807 540.498 90.1206 223.994 971.007 1793.53 2617.65 3448.62 4388.84 5336.01 6204.58 6105.72 5571.35 5114.61 4485.49 3978.54 3444.8 2815 1987.22 1181.8 672.446 388.642
-9999 -9999 -9999 -9999 -9999 -9999 -9999 -9999 -9999 -9999 -9999 -9999 -9999 -9999 -9999 -9999 -9999 -9999 -9999 -9999 -9999 -9999 -9999 -9999 -9999 -9999 -9999 -9999 -9999 -9999 -9999 0 52.8516 137.804 258.6 792.553 910.304 414.024 260.218 677.664 1721.81 2675.91 3632.16 4588.41 5172.28 4385.7 3432.94 2476.69 1358.49 543.237 277.576 518.991 794.6 1105.48 1493.59 1249.57 520.74 203.274 574.461 1174.28 2094.62 3036.49 3992.74 4944.74 5765.37 5613.6 4807.35 4215.41 3677.65 3135.94 2667.15 2300.12 2241.97 1905.32 1422.13 881.273
-9999 -9999 -9999 -9999 -9999 -9999 -9999 -9999 -9999 -9999 -9999 -9999 -9999 -9999 -9999 -9999 -9999 -9999 -9999 -9999 -9999 -9999 -9999 -9999 -9999 -9999 -9999 -9999 3444.59 1889.03 1263.37 610.573 354.974 752.183 1072.32 1514.9 1796.01 1378.63 1248.87 1452.19 2216.66 3140.6 4096.3 5052.55 5241.89 4285.64 3329.39 2373.14 1263.33 504.743 165.497 84.1966 685.169 1555.81 2244.74 2065.06 1302.24 652.599 313.191 749.226 1815.61 2724.09 3559.1 4226.6 4861.68 5036.52 4248.62 3330.26 2615.58 2163.75 1628.21 1200.32 1467.91 1882.55 2039.97 1592.53
-9999 -9999 -9999 -9999 -9999 -9999 -9999 -9999 -9999 -9999 -9999 -9999 -9999 -9999 -9999 -9999 219.915 167.683 604.712 827.957 -9999 -9999 -9999 -9999 -9999 -9999 -9999 3785.53 3519.7 2715.36 1954.74 1494.16 1228.44 1559.74 1962.36 2340.93 2639.49 2329.39 2205.12 2399.29 2893.61 3585.43 4493.21 5448.64 5637.98 4681.73 3725.48 2779.3 1823.39 1231.48 634.385 179.62 743.301 1669.12 2578.33 2705.27 1987.96 1414.06 1066.27 1309.76 1983.17 2458.29 2916.95 3439.35 4292.23 4432.78 3804.27 2896.28 1855.18 1281.07 834.424 394.457 632.007 1029.41 1592.71 2017.77
-9999 -9999 -9999 -9999 -9999 -9999 -9999 -9999 -9999 -9999 -9999 -9999 -9999 -9999 -9999 -9999 333.78 174.901 663.781 1473.19 -9999 -9999 -9999 -9999 1750 1798.57 2027.68 3000.35 3477.71 3291.58 2832.57 2447.25 2182.08 2476.37 2879.11 3287.76 3572.26 3285.64 3161.37 3355.54 3805.1 4257.34 4933.58 5774.65 5958.8 5074.53 4133.1 3303.66 2590.08 1913.05 1161.21 721.546 1235.02 2092.02 3010.96 3333.75 2761.63 2314.36 1980.53 1779.22 1527.31 1584.9 2099.59 2901.02 3595.21 3545.46 3166.72 2525.62 1445.51 621.474 199.113 60.8364 168.825 298.1 390.337 -9999
-9999 -9999 -9999 -9999 -9999 -9999 -9999 -9999 -9999 -9999 -9999 -9999 -9999 -9999 -9999 978.553 256.73 177.789 850.319 1780.43 2746.85 3282.4 -9999 -9999 1349.29 1392.07 1642.1 2173.37 3132.83 3784.15 3763.56 3403.5 3138.33 3430.87 3827.41 4228.97 4526.94 4240.28 4081.79 4092.76 4145 4503.95 4936.51 5410.22 5591.07 5098.71 4498.64 3957.96 3266.25 2503.81 1951.7 1638.88 1977.25 2587.36 3442.81 4014.36 3653.84 3127.98 2415.27 1581.43 701.487 750.2 1548.68 2442.42 2688.79 2591.08 2297.43 1989.8 1214.29 474.835 70.7347 11.875 59.7707 231.08 305.2 -9999
-9999 -9999 -9999 -9999 -9999 -9999 -9999 -9999 -9999 -9999 -9999 -9999 2020.43 2350.14 1868.54 990.112 145.388 297.172 987.753 1733.33 2452.39 3072.98 3109.06 2345.19 1182.74 592.048 782.811 1574.99 2695.63 3648.64 4392.67 4463.86 4265.93 4561.93 4944.21 5133.64 4643.93 4183.68 3784.43 3403.5 3190.11 3534.43 3932.39 4358.28 4669.32 4175.08 3743.23 3345.44 3172.34 3187.02 2985.96 2763.92 3080.24 3489.15 4060.01 4703.78 4081.01 3129.01 2172.76 1216.51 244.038 424.188 1297.05 1733 1562.26 1480.36 1179.76 942.51 523.175 199.105 100.221 50.8227 27.7778 0 -9999 -9999
-9999 -9999 -9999 -9999 -9999 -9999 -9999 -9999 -9999 -9999 1368.19 1145.39 1434.27 1622.96 1612.2 1302.71 662.577 692.974 920.727 1062.26 1815.29 2594.25 2745.89 2306.54 1368.71 698.819 757.617 1517.87 2622.33 3469.07 4197.51 4658.03 4878.23 5285.74 5573.68 5124.52 4056.18 3315.84 2832.57 2447.25 2233.86 2580.7 3015.24 3619.27 4086.69 3419.19 2830.96 2390.88 2285.91 2707.05 3212.88 3570.48 4032.14 4432.59 4841.26 5026.35 4116.96 3160.71 2204.46 1248.21 255.991 286.384 904.314 940.685 632.828 628.802 381.584 208.644 64.3474 65.1494 134.058 334.364 -9999 -9999 -9999 -9999
-9999 -9999 -9999 -9999 -9999 -9999 -9999 -9999 -9999 500 942.815 911.55 691.282 651.863 885.534 1332.23 1347.36 979.581 525.702 534.534 1403.93 1929.28 1917.34 1915.2 1793.76 1530.76 1543.74 2025.14 2733.61 3046.08 3454.98 3871.3 4471.16 5125.61 5449.64 4768.84 3638.25 2711.2 1963.5 1494.16 1279.48 1662.9 2279.6 3143.3 3649.35 2830.96 2066.85 1470.4 1351.49 1963.5 2832.57 3734.65 4654.59 5243.12 5619.03 5332.86 4266.96 3310.71 2354.46 1398.21 352.085 60.0681 297.145 289.957 73.9484 91.5697 36.1309 0.46875 78.0227 114.382 316.786 555.357 -9999 -9999 -9999 -9999
-9999 -9999 -9999 -9999 -9999 -9999 -9999 -9999 500 401.214 361.567 328.32 117.142 73.3525 281.484 962.855 1345.05 581.445 126.612 194.314 918.076 1120.48 961.336 1018.29 1591.04 2129.18 2420.6 2416.83 2171.05 2136.08 2518.96 3014.88 3765.15 4655.09 5054.88 4373.14 3241.89 2285.91 1351.49 610.112 397.23 914.583 1790.96 2740.32 3059.28 2367.54 1470.4 716.311 612.792 1504.88 2457.97 3414.22 4456.83 5049.8 5513.28 5411.72 4387.04 3430.79 2474.54 1518.29 448.43 20 19.5008 21.2241 7.8125 46.875 46.875 39.0625 107.971 231.729 388.91 519.659 -9999 -9999 -9999 -9999
-9999 -9999 -9999 -9999 -9999 -9999 -9999 -9999 405.849 338.363 72.6662 0 0 11.0156 161.296 712.358 1273.9 570.432 204.806 154.133 544.14 374.65 84.8652 197.319 996.935 1890.23 2442.84 1902 1115.08 1038.49 1520.34 2165.33 3232.99 4189.24 4825.04 4357.04 3241.89 2285.91 1345.11 532.417 258.256 921.264 1858.08 2499.88 2031.04 1592.08 999.575 269.928 455.622 1390.14 2269.25 2990.54 3583.56 4084.68 4662.49 5155.63 4362.45 3406.2 2449.95 1493.7 426.659 19.1762 29.3092 38.4753 12.5 40.625 61.7188 166.291 118.363 181.818 -9999 -9999 -9999 -9999 -9999 -9999
-9999 -9999 -9999 -9999 -9999 -9999 -9999 -9999 280.965 44.0453 6.32813 0 0 8.67188 211.393 853.096 1597.37 1156.49 713.058 439.891 440.34 225.058 15.4688 82.3208 781.104 1724.54 2221.43 1605.37 581.54 344.856 879.345 1745.05 2873.14 3829.39 4715.11 4684.47 3638.25 2702.6 1897.12 1321.66 985.376 1422.03 2199.38 2321.95 1363.42 776.097 434.926 146.903 579.844 1189.12 1691.3 2146.62 2732.34 3321.31 4100.13 4950.41 4577.32 3621.07 2664.82 1711.52 666.896 221.01 379.727 451.699 158.934 70.0132 6.09375 75.8923 44.226 62.5 -9999 -9999 -9999 -9999 -9999 -9999
-9999 -9999 -9999 -9999 -9999 -9999 -9999 -9999 269.205 0 0 0 0 3.75 207.059 922.026 1809.54 1462.44 663.641 207.472 148.045 27.2874 63.3501 422.752 1187.52 2015.08 2450.25 1799.23 803.996 491.658 889.373 1745.05 2873.14 3829.39 4769.82 5004.45 4049.79 3249.46 2678.79 2245.26 1932.08 2237.62 2622.05 2234.83 1141.28 349.652 59.8263 54.9385 352.106 493.233 804.576 1286.84 1957.81 2747.79 3681.73 4635.7 4916.44 4017.16 3064.29 2145.81 1282.1 942.107 1157.3 1224.53 638.866 218.426 12.1875 178.546 72.3954 62.5 -9999 -9999 -9999 -9999 -9999 -9999
-9999 -9999 -9999 -9999 -9999 -9999 76.9231 156.113 173.139 0 0 0 0 23.8166 352.45 1094.11 1995.08 1620.94 870.045 658.192 312.048 237.944 476.824 1020.69 1844.83 2539.86 2864.38 2256.46 1567.1 1353.66 1589.07 2169.06 3232.87 4163.22 4809 4914.29 4556.43 4026.35 3597.6 3199.02 2888.33 3173.58 3205.06 2479.14 1353.24 505.758 96.1037 305.124 134.463 130.12 220.331 495.397 1387.51 2329.39 3285.64 4241.89 5029.27 4416.2 3498.15 2734.52 2151.34 1888.33 2001.68 1674.9 690.107 120.045 48.125 143.769 16.0875 0 -9999 -9999 -9999 -9999 -9999 -9999
-9999 -9999 -9999 -9999 -9999 0 11.3122 2.5641 0 0 2.34375 3.125 47.8794 303.318 869.934 1687.36 2507.07 2311.36 1870.55 1642.65 1268.29 1245.16 1474.62 1856.43 2562.38 3258.42 3524.93 3154.83 2677.52 2465.03 2612.68 2861.7 3292.26 3728.04 3932.68 3913.15 4241.73 4347.43 4374.88 4211.92 3999.89 4203.83 3845.92 2934.71 1896.94 1270.19 840.249 930.095 479.496 378.052 583.929 762.988 1509.55 2433.49 3389.19 4345.44 5286.23 4948.99 4231.37 3743.63 3236.8 2883.85 2527.78 1726.88 670.259 234.143 193.298 146.69 -9999 -9999 -9999 -9999 -9999 -9999 -9999 -9999
-9999 -9999 -9999 -9999 -9999 0 48.8373 14.6119 0 0 7.03125 29.6875 113.906 632.302 1346.37 2131.71 3001.67 2965.56 2672.93 2488.65 2159.42 1931.42 1827.95 2010.79 2595.08 3386.88 4037.98 3937.56 3274.81 2880.41 2647.35 2401.74 2448.87 2776.61 2976.43 2956.9 3286.93 3452.31 3761.53 4109.7 4393.52 4644.59 4241.19 3363.23 2516.34 1993.84 1643.22 1646.79 1306.74 1246.68 1484.67 1706.46 2186.5 2878.32 3786.11 4741.53 5698.39 5523.58 4965.21 4376.69 3609.45 2871.76 2226.9 1524.84 628.717 490.732 801.644 912.229 -9999 -9999 -9999 -9999 -9999 -9999 -9999 -9999
-9999 -9999 -9999 -9999 -9999 -9999 202.675 104.518 0 0 0 20.3125 71.7021 591.584 1463.84 2366.83 2798.2 2625.27 2512.44 2449.82 2328.59 1767.45 1141.52 1212.83 2074.94 3018.37 3935.02 4004.6 3018.91 2275.77 1777.78 1450.11 1492.62 1820.85 2021.15 2000.81 2330.68 2496.06 2805.28 3189.24 3715.41 4214.43 4145.17 3498.18 2535.22 1872.94 1515.83 1658.69 2039.59 2197.87 2440.11 2662.71 3097.99 3550.24 4230.66 5130.41 5750.19 5496.74 4982.17 4186.79 3179.62 2343.2 1541.16 874.205 268.171 282.283 963.163 1144.99 -9999 -9999 -9999 -9999 -9999 -9999 -9999 -9999
-9999 -9999 -9999 -9999 -9999 -9999 457.588 190.109 18.75 18.75 9.375 0 54.1748 502.866 1361.14 2116.04 1939.42 1683.16 1603.06 1568.77 1618.76 1349.81 665.537 775.559 1821.36 2777.14 3658.27 3639.33 2596.08 1666.57 918.965 502.535 548.587 902.527 1101.86 1046.23 1394.31 1539.81 1849.03 2260.44 2964.73 3474.78 3368.3 2933.74 2093.06 1214.08 676.291 1055.64 2074.08 2714.73 3176.56 3576.79 4048.3 4437.35 4762.55 5169.69 5037.32 4647.43 4240.92 3694.5 2676.53 1831.12 1005.51 276.647 84.7311 399.784 797.009 513.639 -9999 -9999 -9999 -9999 -9999 -9999 -9999 -9999
