public/models/data/input/map/sulut/1000/mapdriver.asc
NCOLS 248
NROWS 182
XLLCORNER 510063.019283
YLLCORNER 211117.685435
CELLSIZE 1000.000000
NODATA_VALUE       -9999
[rows 99 to 131 of 182, columns 0 to 73 of 248]
-9999 -9999 -9999 -9999 -9999 -9999 -9999 -9999 -9999 -9999 -9999 -9999 -9999 -9999 -9999 -9999 -9999 -9999 -9999 -9999 -9999 -9999 -9999 -9999 -9999 -9999 -9999 -9999 -9999 -9999 -9999 -9999 -9999 -9999 -9999 -9999 -9999 -9999 -9999 -9999 -9999 -9999 -9999 -9999 -9999 -9999 -9999 -9999 -9999 -9999 -9999 -9999 -9999 -9999 -9999 -9999 -9999 -9999 -9999 -9999 -9999 -9999 -9999 -9999 -9999 -9999 -9999 -9999 -9999 -9999 -9999 -9999 -9999 -9999
-9999 -9999 -9999 -9999 -9999 -9999 -9999 -9999 -9999 -9999 -9999 -9999 -9999 -9999 -9999 -9999 -9999 -9999 -9999 -9999 -9999 -9999 -9999 -9999 -9999 -9999 -9999 -9999 -9999 -9999 -9999 -9999 -9999 -9999 -9999 -9999 -9999 -9999 -9999 -9999 -9999 -9999 -9999 -9999 -9999 -9999 -9999 -9999 -9999 -9999 -9999 -9999 -9999 -9999 -9999 -9999 -9999 -9999 -9999 -9999 -9999 -9999 -9999 -9999 -9999 -9999 -9999 -9999 -9999 -9999 -9999 -9999 -9999 -9999
-9999 -9999 -9999 -9999 -9999 -9999 -9999 -9999 -9999 -9999 -9999 -9999 -9999 -9999 -9999 -9999 -9999 -9999 -9999 -9999 -9999 -9999 -9999 -9999 -9999 -9999 -9999 -9999 -9999 -9999 -9999 -9999 -9999 -9999 -9999 -9999 -9999 -9999 -9999 -9999 -9999 -9999 -9999 -9999 -9999 -9999 -9999 -9999 -9999 -9999 -9999 -9999 -9999 -9999 -9999 -9999 -9999 -9999 -9999 -9999 -9999 -9999 -9999 -9999 -9999 -9999 -9999 -9999 -9999 -9999 -9999 -9999 -9999 -9999
-9999 -9999 -9999 -9999 -9999 -9999 -9999 -9999 -9999 -9999 -9999 -9999 -9999 -9999 -9999 -9999 -9999 -9999 -9999 -9999 -9999 -9999 -9999 -9999 -9999 -9999 -9999 -9999 -9999 -9999 -9999 -9999 -9999 -9999 -9999 -9999 -9999 -9999 -9999 -9999 -9999 -9999 -9999 -9999 -9999 -9999 -9999 -9999 -9999 -9999 -9999 -9999 -9999 -9999 -9999 -9999 -9999 -9999 -9999 -9999 -9999 -9999 -9999 -9999 -9999 -9999 -9999 -9999 -9999 -9999 -9999 -9999 -9999 -9999
-9999 -9999 -9999 -9999 -9999 -9999 -9999 -9999 -9999 -9999 -9999 -9999 -9999 -9999 -9999 -9999 -9999 -9999 -9999 -9999 -9999 -9999 -9999 -9999 -9999 -9999 -9999 -9999 -9999 -9999 -9999 -9999 -9999 -9999 -9999 -9999 -9999 -9999 -9999 -9999 -9999 -9999 -9999 -9999 -9999 -9999 -9999 -9999 -9999 -9999 -9999 -9999 -9999 -9999 -9999 -9999 -9999 -9999 -9999 -9999 -9999 -9999 -9999 -9999 -9999 -9999 -9999 -9999 -9999 -9999 -9999 -9999 -9999 -9999
-9999 -9999 -9999 -9999 -9999 -9999 -9999 -9999 5180.94 4928.54 4668.36 4569.54 -9999 -9999 -9999 -9999 4300.98 4070.85 3919.68 -9999 -9999 -9999 -9999 -9999 -9999 -9999 -9999 -9999 -9999 -9999 -9999 -9999 -9999 -9999 -9999 -9999 -9999 -9999 -9999 -9999 -9999 -9999 -9999 -9999 -9999 -9999 -9999 -9999 -9999 -9999 -9999 -9999 -9999 -9999 -9999 -9999 -9999 -9999 -9999 -9999 -9999 -9999 -9999 -9999 -9999 -9999 -9999 -9999 -9999 -9999 -9999 -9999 -9999 -9999
-9999 -9999 -9999 -9999 -9999 -9999 -9999 -9999 5133.52 4773.5 4438.2 3782.49 -9999 4322.3 4394.44 3971.08 3734.95 3463.22 2895.02 2250 -9999 -9999 -9999 -9999 -9999 -9999 -9999 -9999 -9999 -9999 -9999 -9999 -9999 -9999 -9999 -9999 -9999 -9999 -9999 -9999 -9999 -9999 -9999 -9999 -9999 -9999 -9999 -9999 -9999 -9999 -9999 -9999 -9999 -9999 -9999 -9999 -9999 -9999 -9999 -9999 -9999 -9999 -9999 -9999 -9999 -9999 -9999 -9999 -9999 -9999 -9999 -9999 -9999 -9999
-9999 -9999 -9999 -9999 -9999 -9999 -9999 -9999 4737.96 3973.03 3619.09 3142.57 3016.06 3612.7 4101.33 3772.05 2845.23 2494.67 2074.02 1921.15 -9999 -9999 -9999 -9999 -9999 -9999 -9999 -9999 -9999 -9999 -9999 -9999 -9999 -9999 -9999 -9999 -9999 -9999 -9999 -9999 -9999 -9999 -9999 -9999 -9999 -9999 -9999 -9999 -9999 -9999 -9999 -9999 -9999 -9999 -9999 -9999 -9999 -9999 -9999 -9999 -9999 -9999 -9999 -9999 -9999 -9999 -9999 -9999 -9999 -9999 -9999 -9999 -9999 -9999
-9999 -9999 -9999 -9999 -9999 -9999 -9999 -9999 3060.72 3026.54 2712.38 2284.24 2457.06 2889.4 3492.62 3363.19 2325.28 1613.11 1362.77 1359.49 -9999 -9999 -9999 -9999 -9999 -9999 -9999 -9999 -9999 -9999 -9999 -9999 -9999 -9999 -9999 -9999 -9999 -9999 -9999 -9999 -9999 -9999 -9999 -9999 -9999 -9999 -9999 -9999 -9999 -9999 -9999 -9999 -9999 -9999 -9999 -9999 -9999 -9999 -9999 -9999 -9999 -9999 -9999 -9999 -9999 -9999 -9999 -9999 -9999 -9999 -9999 -9999 -9999 -9999
-9999 -9999 121.61 566.888 1685.03 2506.5 2850.71 2897.21 -9999 -9999 1764.64 1231.93 1400.83 2082.2 2879.48 2878.4 1851.72 934.654 347.152 825.145 660.706 -9999 -9999 -9999 -9999 -9999 -9999 1103.55 666.053 666.053 -9999 -9999 -9999 2664.21 2619.83 2590.25 -9999 -9999 -9999 -9999 -9999 -9999 -9999 -9999 -9999 -9999 -9999 -9999 -9999 -9999 -9999 -9999 -9999 -9999 -9999 -9999 -9999 -9999 -9999 -9999 -9999 -9999 -9999 -9999 -9999 -9999 -9999 -9999 -9999 -9999 -9999 -9999 -9999 -9999
-9999 -9999 156.477 599.631 1604.61 2482.58 2729.93 1938.03 -9999 -9999 464.278 197.521 738.922 1537.65 2147.01 2403.89 1609.86 678.102 262.815 875.225 552.344 315.877 1091.74 1357.92 475.353 420.484 1138.74 1113.16 470.489 576.012 1087.03 1817.54 2496.32 2491.49 2423.54 1893.4 -9999 -9999 -9999 -9999 -9999 -9999 -9999 -9999 -9999 -9999 -9999 -9999 -9999 -9999 -9999 -9999 -9999 -9999 -9999 -9999 -9999 -9999 -9999 -9999 -9999 -9999 -9999 -9999 -9999 -9999 -9999 -9999 -9999 -9999 -9999 -9999 -9999 -9999
-9999 -9999 89.8918 346.021 1283.5 2092.61 2194.37 1409.73 303.191 328.988 332.82 243.52 302.601 802.823 1270.2 1752.7 1536.56 645.317 297.237 819.234 518.65 322.977 1087.62 1266.74 376.392 336.648 1067.54 979.426 186.325 378.05 840.297 1650.93 2503.56 2281.82 1711.62 1358.18 560.406 725.431 1273.09 1041.59 492.442 -9999 -9999 -9999 -9999 -9999 -9999 -9999 -9999 -9999 -9999 -9999 -9999 759.803 423.223 114.767 228.666 272.018 250 -9999 -9999 -9999 -9999 -9999 -9999 -9999 -9999 -9999 -9999 -9999 -9999 -9999 -9999 -9999
-9999 -9999 52.6316 163.743 833.486 1468.12 1751.03 1246.63 350.086 229.856 203.686 252.032 154.438 228.782 468.235 923.869 1284.24 923.433 505.254 752.176 401.248 377.306 1142.12 1152.35 252.55 257.977 860.27 627.937 186.066 209.964 449.147 1253.94 2242.4 2031.1 1102.15 475.694 452.036 454.422 1003.03 810.281 290.328 744.693 853.553 -9999 -9999 -9999 -9999 -9999 -9999 -9999 -9999 -9999 279.587 516.137 722.437 268.712 197.427 258.309 221.251 134.706 -9999 -9999 -9999 -9999 -9999 -9999 -9999 -9999 -9999 -9999 -9999 -9999 -9999 -9999
-9999 -9999 -9999 0 176.412 586.612 874.15 1109.96 973.555 713.424 305.237 181.585 145.519 250.195 213.047 173.365 545.424 1002.75 1208.38 772.817 242.187 889.128 1627.5 1550.66 724.72 247.584 425.015 341.39 444.569 239.467 280.498 913.486 1868.84 1675.7 736.789 276.49 649.723 352.809 441.878 427.326 368.72 544.271 463.643 728.3 268.204 477.014 1164.35 1722.44 805.834 269.306 630.099 846.265 661.267 278.085 629.602 510.333 133.719 267.538 557.334 676.65 295.992 462.159 1067.79 1916.16 2164.21 -9999 -9999 -9999 -9999 -9999 -9999 -9999 -9999 -9999
-9999 -9999 -9999 -9999 26.4925 155.992 225.911 452.426 539.188 792.228 736.838 349.094 181.572 289.38 348.112 313.183 259.123 462.961 930.78 729.674 310.731 1144.95 1923.21 1880.02 1205.99 550.784 181.461 241.998 532.547 380.513 172.72 559.539 1543.62 1631.82 786.583 280.82 768.337 590.773 338.715 360.902 433.003 705.319 332.607 459.032 473.311 261.443 871.797 1494.9 709.218 211.45 348.031 402.301 352.47 288.719 418.97 548.912 119.469 297.985 387.264 861.145 885.573 1033.54 1553.02 1749.6 2029.59 2044.4 1955.5 1957.11 1909.56 1510.3 1310.66 -9999 -9999 -9999
-9999 -9999 -9999 -9999 -9999 0 63.3787 141.757 75.0659 285.549 552.994 479.788 542.992 615.335 545.615 850.523 772.578 404.235 561.181 441.593 473.075 1303.96 1702.74 1345.79 1062.5 837.309 331.636 178.457 340.94 596.573 422.155 494.078 1448.21 1726.43 1073.22 294.382 541.771 737.347 330.192 284.481 459.309 1048.01 605.284 395.471 804.691 311.56 593.069 1354.69 859.974 280.337 447.308 769.702 392.988 262.111 258.388 245.665 147.278 546.226 372.577 377.029 692.193 989.009 1125.09 1034.27 1486.98 1683.1 1643.41 1370.14 1776.46 1231.78 551.861 829.134 -9999 -9999
-9999 -9999 -9999 -9999 -9999 -9999 -9999 -9999 1.85185 33.6943 91.4308 104.524 336.527 587.445 907.708 1371.85 1528.42 1097.3 929.733 443.345 513.019 1358.66 1420.02 647.834 321.557 368.63 246.376 238.684 219.684 554.731 715.11 915.592 1382.42 1236.02 799.254 250.276 813.121 1213.82 745.308 400.576 448.661 1126.53 751.554 310.957 687.336 270.382 445.056 1312.01 1334.45 538.025 492.658 1152.63 718.114 208.38 208.712 318.658 120.768 374.098 615.471 533.235 279.195 284.111 411.407 302.875 776.071 826.138 853.887 826.501 1163.26 752.278 312.885 851.454 -9999 -9999
-9999 -9999 -9999 -9999 -9999 -9999 -9999 -9999 -9999 -9999 -9999 -9999 19.2308 83.5742 315.207 790.118 1481.4 1823.39 1522.16 710.447 312.153 1138.38 1514.57 1141.76 819.016 553.62 337.464 182.364 200.547 147.022 236.356 487.173 570.315 400.616 273.862 318.396 1178.03 1733.26 1248.55 385.328 535.877 976.471 478.603 296.595 269.716 264.604 818.616 1595.81 1552.51 640.625 452.835 710.574 370.641 165.4 437.353 774.112 316.291 120.981 313.717 579.558 753.536 807.92 752.947 363.689 248.759 250.356 301.128 236.621 548.803 689.101 732.354 1297.83 1412.02 1642.57
-9999 -9999 -9999 -9999 -9999 -9999 -9999 -9999 -9999 -9999 -9999 -9999 -9999 0 61.0007 234.791 820.051 1255.33 1479.52 917.048 269.708 737.232 1368.91 1735.2 1741.38 1341.05 677.463 152.719 437.207 317.681 361.608 294.387 166.322 262.664 398.366 293.186 1110.86 1711.94 1310.59 512.599 363.329 704.341 432.523 173.835 313.038 812.887 1367.55 1664.06 1343.11 615.192 288.442 280.735 178.093 226.209 312.51 466.168 773.635 530.299 126.02 68.8833 525.652 1168.41 1187.34 503.721 252.181 734.614 925.389 691.541 291.627 515.941 992.932 1057.2 632.831 623.452
-9999 -9999 -9999 -9999 -9999 -9999 -9999 -9999 -9999 -9999 -9999 -9999 -9999 -9999 -9999 33.0882 183.911 532.64 1201.08 1268.73 553.024 332.673 781.914 1588.87 2071.46 1558.23 823.773 198 392.248 497.927 356.144 643.912 516.722 512.097 679.167 451.447 874.264 1271.88 1422.09 1052.86 402.21 389.65 295.854 146.81 556.149 1015.56 1176.3 946.288 632.019 337.15 236.266 409.616 169.867 279.564 367.951 249.491 775.417 771.552 223.804 98.3479 361.282 705.218 979.29 660.97 256.76 547.089 673.958 588.504 543.724 549.989 764.683 467.602 349.634 383.221
-9999 -9999 -9999 -9999 -9999 -9999 -9999 -9999 -9999 -9999 -9999 -9999 -9999 -9999 -9999 0 20.5696 201.526 914.419 1613.3 1180.82 575.546 597.348 1228.37 1425.1 1128.74 452.575 108.269 579.264 850.105 346.092 485.864 1069.04 1294.22 1408.29 1135.32 554.14 518.09 871.137 836.156 359.802 184.268 364.898 453.026 233.362 404.77 469.888 287.918 206.45 240.519 354.018 554.985 218.394 398.514 290.401 192.986 603.771 806.474 305.586 293.343 101.441 134.447 329.211 262.307 107.687 156.743 313.642 315.362 287.971 587.612 448.256 307.739 791.149 563.585
-9999 -9999 -9999 -9999 -9999 -9999 -9999 -9999 -9999 -9999 -9999 -9999 -9999 -9999 -9999 -9999 -9999 705.626 1207.59 1566.94 962.826 627.905 481.111 461.036 414.451 498.666 231.785 384.738 1169.46 1449.13 863.746 279.918 556.959 992.302 1415.23 1552.12 802.193 258.304 207.906 162.076 269.514 443.676 197.373 203.259 390.471 370.89 378.883 356.08 232.596 331.794 396.061 364.466 473.47 653.643 440.899 474.411 448.053 391.953 267.481 626.316 230.452 267.599 361.495 548.83 593.097 214.337 349.912 871.37 581.802 283.475 475.577 843.325 977.878 372.545
-9999 -9999 -9999 -9999 -9999 -9999 -9999 -9999 -9999 -9999 -9999 -9999 -9999 -9999 -9999 -9999 -9999 -9999 1803.26 1210.04 430.598 158.719 214.567 261.079 154.831 359.975 171.523 418.265 1211.34 1548.03 1368.34 797.776 230.301 298.38 627.466 1129.79 824.406 312.674 459.039 271.562 891.093 975.825 360.517 183.015 284.345 586.472 1071.41 967.22 556.99 395.353 488.063 547.65 487.742 252.632 148.255 218.999 247.608 252.386 728.824 1017.02 295.848 148.893 334.637 596.149 903.823 566.692 231.1 749.34 1090.85 548.141 376.432 674.455 582.466 387.843
-9999 -9999 -9999 -9999 -9999 -9999 -9999 -9999 -9999 -9999 -9999 -9999 -9999 -9999 -9999 -9999 -9999 -9999 -9999 656.954 304.409 218.284 211.867 212.147 399.911 843.701 485.817 213.887 498.543 891.643 1261.14 1227.65 467.964 179.192 257.075 497.014 800.808 361.236 428.888 326.065 1129.27 1044.37 356.256 390.12 288.715 632.389 1125.94 1317.39 1021.7 478.363 297.341 311.933 310.471 171.063 307.261 564.329 672.641 285.22 603.094 1074.06 397.668 184.528 430.789 334.056 589.926 885.208 328.351 436.488 915.921 471.535 298.233 362.066 263.169 522.487
-9999 -9999 -9999 -9999 -9999 -9999 -9999 -9999 -9999 -9999 -9999 -9999 -9999 -9999 -9999 -9999 -9999 -9999 -9999 560.406 639.581 339.466 277.965 461.485 1008.12 1400.49 1044.75 299.669 183.672 212.324 506.203 831.924 732.743 359.151 262.536 611.759 943.328 425.791 359.943 398.532 1146.7 805.813 359.04 643.319 347.975 229.459 387.437 657.801 810.454 340.158 510.446 783.245 553.164 214.295 244.093 674.646 1166.22 644.793 333.201 852.492 576.923 230.084 628.596 832.422 849.885 1169.54 555.564 171.198 270.878 213.754 251.136 166.518 223.964 548.475
-9999 -9999 -9999 -9999 -9999 -9999 -9999 -9999 -9999 -9999 -9999 -9999 -9999 -9999 -9999 -9999 -9999 -9999 -9999 1236.69 495.538 368.284 904.389 1298.1 1605.84 1744.96 1117.76 300.342 588.193 431.644 146.9 153.539 247.973 385.631 449.628 996.626 1278.82 1004.78 699.612 248.031 559.111 399.124 352.053 293.238 228.341 422.473 494.361 257.695 175.198 349.85 1004.15 1125.63 319.907 480.385 447.16 521.36 1318.51 1120.83 674.886 460.21 394.032 226.039 331.34 840.751 1382.11 1578.34 910.891 209.914 423.607 427.294 581.057 804.98 885.008 792.623
-9999 -9999 -9999 -9999 -9999 -9999 -9999 -9999 -9999 -9999 -9999 -9999 -9999 -9999 -9999 -9999 -9999 -9999 500 1057.67 702.424 704.545 965.497 985.149 899.934 1021.99 667.861 274.79 771.688 398.9 386.376 511.298 182.994 379.87 317.128 554.394 743.482 1064.62 788.914 270.716 523.437 372.499 323.315 241.143 289.366 762.458 1006.49 432.708 205.858 581.505 1228.9 948.766 275.943 830.465 908.711 689.645 845.236 572.205 400.024 237.719 281.529 312.657 371.757 322.343 811.023 1402.95 1189.52 449.8 271.592 744.128 1212.46 1252.01 865.936 496.379
-9999 -9999 -9999 -9999 -9999 -9999 -9999 -9999 -9999 -9999 -9999 -9999 -9999 -9999 -9999 -9999 -9999 926.887 579.783 500.533 448.125 389.566 381.551 346.894 319.015 307.767 323.63 576.125 825.047 316.789 597.701 823.399 255.582 707.164 664.123 385.911 285.252 392.762 323.116 423.491 1044.27 637.262 266.83 227.251 219.378 499.116 680.871 273.325 250.852 539.486 894.878 744.422 457.713 1067.57 1037.14 494.791 341.521 259.048 255.283 630.342 392.704 322.551 686.344 494.97 439.52 926.205 1012.84 786.738 217.762 485.535 1126.74 816.523 302.121 321.342
-9999 -9999 -9999 -9999 -9999 -9999 -9999 -9999 -9999 -9999 -9999 -9999 -9999 -9999 -9999 -9999 -9999 1243.4 918.442 362.914 310.796 648.124 765.326 631.225 252.11 218.831 550.414 972.418 540.358 181.033 351.577 673.166 254.111 856.377 1268.61 1105.29 665.927 256.305 377.96 814.571 1280.47 873.987 633.231 732.151 494.525 169.689 193.427 383.03 229.021 233.416 293.214 715.876 1065.6 1278.21 710.271 251.715 635.524 514.749 396.599 877.284 281.881 138.733 363.456 365.786 345.165 312.314 559.785 807.311 189.65 492.706 859.143 363.81 534.993 946.8
-9999 -9999 -9999 -9999 -9999 -9999 -9999 -9999 -9999 -9999 -9999 -9999 -9999 -9999 -9999 -9999 804.851 843.326 667.997 261.938 755.68 1215.51 870.303 330.013 393.919 351.872 269.85 740.032 283.718 429.302 326.393 445.123 147.467 476.958 1144.84 1787.13 1358.89 656.585 275.414 375.689 722.098 458.003 882.66 882.649 269.148 129.904 379.686 781.821 269.72 457.248 362.513 277.197 624.406 1013.87 920.692 304.746 410.877 333.426 393.802 974.79 531.942 196.149 197.192 194.509 200.856 510.746 805.323 671.792 161.447 301.403 294.12 269.318 816.875 860.959
-9999 -9999 -9999 -9999 -9999 -9999 -9999 -9999 -9999 -9999 -9999 -9999 -9999 -9999 -9999 -9999 221.81 324.293 344.381 486.261 1027.1 860.537 379.101 438.527 867.16 489.442 175.772 588.854 326.578 368.708 345.324 351.848 357.222 501.207 959.203 1494.43 1279.94 887.25 646.098 436.755 540.302 263.147 324.126 329.169 197.227 524.952 909.564 814.777 274.16 883.211 1037.73 649.108 381.742 785.886 1245.82 771.128 177.549 413.125 897.663 1207.54 595.885 229.903 245.832 515.841 354.762 412.489 498.221 327.182 233.704 191.724 261.498 372.685 405.794 331.21
-9999 -9999 -9999 -9999 -9999 -9999 -9999 -9999 -9999 -9999 -9999 -9999 -9999 -9999 -9999 -9999 622.2 578.922 363.027 375.498 572.405 350.95 461.269 970.804 751.932 272.205 195.13 606.689 369.617 351.442 295.331 286.702 578.66 658.106 808.995 743.205 486.318 344.369 325.545 363.619 231.61 196.646 232.007 212.663 390.006 1133.32 1406.04 834.782 530.005 1269.92 1624.95 1425.5 1049.32 1136.26 1399.01 1028.86 305.396 632.325 1321.45 1064.54 312.976 436.161 308.148 626.115 903.954 530.834 320.993 619.006 811.371 416.113 250.079 296.603 466.429 832.343
-9999 -9999 -9999 -9999 -9999 -9999 -9999 -9999 -9999 -9999 -9999 -9999 -9999 -9999 -9999 -9999 846.157 734.768 583.646 480.739 443.6 579.46 963.708 982.198 385.094 195.136 319.5 572.462 250.841 645.452 567.67 397.576 257.429 229.295 247.878 219.603 276.676 590.193 598.759 611.062 668.788 810.799 833.264 450.093 291.851 1179.9 1724.27 1389.86 1165.71 1379.41 1267.69 1283.91 1221.6 955.327 821.07 467.726 234.515 840.883 1341.88 773.223 245.685 715.858 432.661 579.073 1192.59 739.747 334.903 828.589 904.776 589.785 198.642 273.399 619.514 912.919
