public/models/data/input/map/sulut/1000/mapdroad.asc
NCOLS 248
NROWS 182
XLLCORNER 510063.019283
YLLCORNER 211117.685435
CELLSIZE 1000.000000
NODATA_VALUE       -9999
[rows 132 to 164 of 182, columns 74 to 147 of 248]
3450.57 3898.97 4586.06 5281.46 5859.84 6438.19 7383.13 8257.75 9057.04 9759.22 10324.1 10683.3 10715.7 10481.8 10527.3 10795.5 11147.6 11543.6 12012.2 12408.2 12800.4 13165.5 13398.1 13256.5 12925.5 12537.8 12061.1 11555.4 10842.8 9989.9 8895.23 7940.97 6984.72 6028.47 4897.22 3941.44 2988.96 2034.75 929.495 328.098 567.919 1236.89 2240.96 3171.05 3953.7 4451.96 4927.48 5368.97 5731.54 5964.7 6142.2 5570.33 4736.85 3811.55 2681.14 1724.89 795.446 181.166 71.3503 114.86 161.771 210.71 137.638 204.97 669.406 1385.43 1759.99 1356.07 927.314 537.042 193.444 202.674 295.815 509.795
3801.38 4543.96 5257.87 5932.75 6626.32 7212.18 7928.9 8727.45 9428.67 9752.08 10135.4 10525 10831.8 10982.7 11218.1 11527.9 11894.2 12290.3 12760 13138.4 13403.9 13478.5 13054.8 12462.9 11989.6 11582 11113 10716.9 10312.6 9834.34 9061.64 8215.53 7267.38 6311.13 5179.88 4223.63 3267.38 2324.86 1337.2 631.06 273.914 772.623 1855.76 2633.98 3102.06 3499.04 4019.98 4529.01 4824.82 5008.45 5207.99 4852.9 4486.69 3816.13 2704.63 1748.38 803.052 155.974 245.222 334.68 216.793 299.801 174.68 117.204 291.256 961.674 1970.27 2179.05 1851.12 1423.38 948.796 564.94 192.274 265.024
3469.27 4387.09 5415.91 6260.78 7113.55 7897.33 8634.53 9030.62 9077.95 8922.1 9182.94 9579.03 9975.12 10371.2 10831.8 11218.3 11611.1 12007.2 12494.9 12860.5 12910.1 12726.6 12283.5 11703.9 11110.6 10635.1 10156.7 9760.66 9364.56 8968.47 8484.58 7931.39 7109.28 6161.13 5029.88 4073.63 3117.38 2174.86 1218.99 569.921 257.48 717.243 1565.89 1890.52 2154.46 2581.47 3195.43 3738.66 3923.4 4052.2 4251.74 3904.46 3746.93 3517.97 2556.9 1601.59 660.81 141.724 585.267 791.964 366.098 465.577 181.367 133.618 299.606 1040.18 2159.99 2851.67 2765.52 2347.26 1683.36 897.553 267.969 245.833
3055.83 3940.58 5055.39 6010.4 6962.18 7903.4 8724.95 8572.88 8207.53 7967.81 8226.69 8622.78 9018.87 9414.96 9883.54 10279.6 10675.7 11079.9 11647.8 12008.4 11962.4 11772.8 11388.8 10931.2 10350.1 9746.87 9203.18 8804.41 8408.32 8012.22 7543.55 7134.51 6597.06 5770.06 4647.22 3694.37 2748.32 1795.47 715.672 258.348 435.707 704.663 922.097 969.102 1236.89 1737.36 2453.56 2972.09 2993.26 3095.96 3295.49 2948.21 2814.85 2799.49 2231.35 1381.55 495.275 150.214 666.209 978.257 410.674 332.717 255.744 144.718 531.635 1397.03 2522.86 3398.93 3639.5 3154.23 2148.84 1311.44 713.817 321.596
2512.83 3455.56 4586.54 5542.79 6499.04 7448.57 7858.13 7473.41 7077.32 6836.56 7095.44 7491.53 7887.62 8283.71 8752.29 9149.47 9564.73 10050 10650.5 10898.4 10831.4 10641.6 10265.9 9865.26 9426.92 8859.22 8147.04 7682.9 7277.48 6880.97 6412.4 6016.3 5659.83 5209.1 4198.17 3251.34 2367.63 1625.86 772.708 267.198 214.816 166.572 151.06 139.039 344.825 886.594 1658.49 1898.69 1863.74 1964.71 2188.19 1823.67 1683.6 1681.46 1336.89 854.923 317.242 184.461 322.026 854.46 851.04 258.128 127.567 339.137 986.769 1854.74 2976.69 3929.25 4382.88 3747.15 2765.6 2188.84 1641.59 1020.2
2111.2 3066.96 4198.21 5154.46 6110.71 6958.48 6913.25 6517.16 6121.07 5880.31 6139.19 6535.28 6931.37 7327.46 7797.13 8218.27 8735.3 9219.05 9697.89 9942.19 9875.17 9685.38 9309.7 8913.44 8515.31 8080.72 7397.93 6806.04 6332.7 5925.14 5456.15 5060.05 4714.44 4530.61 3768.56 2844.07 1902.62 1029.48 402.849 254.549 213.727 303.44 148.954 286.416 237.61 411.172 771.336 948.231 910.579 1031.23 1351.23 951.014 748.667 743.872 509.147 359.25 469.184 785.563 357.761 505.974 940.144 442.693 210.32 706.531 1548.99 2339.11 3375.53 4329.03 4796.46 4260.58 3541.18 2988.46 2377.74 1798.08
1986.45 2942.7 4073.95 5030.2 5921.3 6302.78 5957 5560.91 5164.82 4924.06 5182.94 5579.03 5975.12 6371.22 6861.76 7424.07 8038.54 8314.04 8741.64 8985.94 8918.92 8729.13 8353.45 7957.36 7569.52 7198.85 6636.22 6047.04 5453.7 4978.21 4499.9 4103.8 3758.19 3647.15 3296.8 2416.23 1506.95 635.876 316.479 619.974 326.91 295.508 246.732 744.565 598.644 174.207 223.503 298.372 304.156 335.733 526.736 315.672 255.777 346.43 478.278 687.104 1099.68 1384.47 581.869 339.916 749.545 365.868 484.939 1198.93 2045.33 2906.03 3845.21 4728.42 5302.64 4994.2 4346.28 3730.08 3155.49 2677
2304.75 3248.18 4379.43 5331.52 5877.76 5522.57 5000.75 4604.66 4208.57 3967.81 4226.69 4622.78 5018.87 5423.01 6046.57 6867.85 7313.59 7372.33 7785.39 8029.69 7962.67 7772.88 7397.2 7001.11 6614.11 6264.34 5786.6 5284.71 4693.25 4090.01 3546.33 3147.55 2801.94 2693.21 2690.62 1969.15 1068.92 290.089 602.894 1077.7 730.133 468.316 696.993 860.384 439.112 197.145 650.785 728.226 708.559 447.416 356.557 468.521 730.282 999.426 1309.14 1591.97 1909.18 1754.65 766.085 278.565 368.259 271.681 1018.74 1798.5 2544.42 3397.89 4413.17 5197.55 5891.64 5795.77 5077.22 4502.77 4029.34 3452.7
3009.72 3745.98 4845.29 5612.49 5552.1 4806.93 3934.01 3476.57 3077.32 2836.56 3095.44 3492.62 3909.59 4446.74 5456.63 6246.06 6309.72 6241.89 6654.14 6898.44 6831.42 6641.63 6265.95 5869.86 5482.86 5133.68 4689.49 4277.7 3790.49 3203.83 2490.18 2026.04 1671.11 1561.96 1747.98 1372.28 567.346 252.453 1065.91 1747.08 1668.17 1277.33 871.414 360.423 186.624 506.151 1372.94 1757.72 1694.42 1380.23 1330.79 1502.76 1788 2110.55 2366.69 2544.09 2507.88 1871.76 892.262 284.709 180.12 558.852 1577.69 2462.47 3256.96 3992.67 4997.71 5858.2 6597.06 6619.18 6003.06 5528.33 4923 4154.97
3702.12 4233.97 5133.38 5497.11 4917.43 4239.77 3316.45 2604.43 2125.46 1880.31 2140.28 2561.42 3120.16 3939.9 5042.06 5588.09 5371.07 5285.64 5697.89 5942.19 5875.17 5685.38 5309.7 4913.61 4526.61 4177.43 3733.94 3353.72 2959.33 2450.05 1741.08 1150.74 745 632.462 951.305 799.353 266.358 299.615 1104.45 1875.37 1751.46 1001.92 354.166 382.319 419.274 572.3 1549.37 2355.69 2604.49 2328.94 2287.04 2459.01 2711.54 2756.18 2460.83 2218.23 1985.36 1390.41 474.05 223.582 300.474 906.188 2000.35 2925.57 3812.17 4609.3 5496.59 6349.84 7186 7379.45 6880.67 6271.12 5508.05 4801.06
3582.12 4116.6 4902.17 5162.53 4397.79 3553.91 2753.16 1969.7 1252.09 927.216 1204.91 1767.82 2590.93 3534.43 4579.92 4779.59 4414.82 4329.39 4741.64 4985.94 4918.92 4729.41 4353.45 3957.36 3570.36 3221.18 2777.69 2401.8 2111.31 1675.96 987.22 468.271 302.711 186.686 366.149 292.23 129.633 102.238 808.099 1507.79 1246.21 481.698 395.964 988.886 1200.13 1283.19 1957.96 2836.58 3434.1 3281.88 3243.29 3381.01 3280.97 2644.22 1704.58 1275.58 1095.47 720.542 245.944 285.376 460.763 1264.48 2387.98 3338.81 4273.48 5166.84 6103.01 6854.62 7699.08 8189.82 7627.69 6860.39 6165.12 5680.04
2803.77 3444.43 4429.73 4761.52 3993.6 3042.39 2053.88 1400.82 628.266 257.766 458.187 1251.99 2197.25 3153.5 4025.29 3853.88 3458.57 3373.14 3785.39 4029.69 3962.67 3774.45 3413.28 3001.11 2614.11 2264.93 1822.11 1447.56 1187.56 899.059 305.972 112.004 177.676 138.439 133.918 171.44 96.4683 102.344 593.757 1068.47 682.441 262.139 890.545 1675.6 2091.86 2226.35 2685.39 3310.19 4097.17 4209.39 4117.14 3904.87 3241.66 2321.23 1204.39 501.704 306.204 138.823 151.098 247.512 691.503 1600.32 2730.83 3686.92 4641.26 5588.75 6667.45 7454.96 8201.27 8813.45 8211.99 7505.74 7032.39 6630.97
1993.1 2853.15 3911.11 4280.84 3579.23 2623.14 1497.56 687.47 304.282 484.218 225.35 922.053 1877.94 2834.19 3353.29 2767.99 2329.01 2241.89 2670.94 2927.96 2831.42 2643.47 2343.06 1893.54 1485.75 1151.08 758.279 434.638 240.328 124.444 186.309 108.197 90.6774 244.963 537.116 340.668 237.444 517.149 776.336 385.308 269.544 630.357 1532.58 2341.42 3005.36 3344.02 3787.35 4192.58 4616.43 4513.41 3844.9 3280.98 2733.7 2027.98 993.031 329.946 100.742 222.303 280.724 208.419 881.759 1835.26 2966.51 3922.76 4879.01 5835.26 6966.51 7912.14 8791.32 9429.87 8981.67 8550.02 8155.08 7745.38
1521.38 2406.33 3458.59 4086.94 3650.5 2708.57 1605.78 903.174 732.964 553.293 142.004 827.053 1778.39 2734.64 2967.14 2091.16 1426.4 1300.15 1879.53 2070.29 1875.17 1687.22 1495.76 1013.61 607.167 398.322 222.178 151.983 125.262 91.2859 125.251 192.505 365.491 406.267 562.988 246.519 376.46 927.009 538.513 273.364 795.695 1359.53 2096.85 2883.39 3666.27 4250.22 4739.93 5008.35 4740.19 3936.57 3087.19 2495.72 1929.06 1391.9 696.563 205.879 113.275 248.986 331.22 291.442 918.748 1871.51 3002.76 3959.01 4915.26 5871.51 7002.76 7959.01 8913.33 9673.74 9503.43 9132.18 8808.68 8257
1089.58 1945.53 3062.12 3923.26 3948.78 3110.15 2217.98 1763.84 1340.61 640.519 159.145 763.094 1705.38 2652.9 2577.4 1626.72 750.031 602.524 1240.51 1158.74 921.572 737.913 687.873 365.691 191.261 197.229 92.7106 178.55 170.728 253.58 141.573 175.376 398.742 448.254 191.992 93.125 199.716 498.45 270.844 487.646 1276.68 2104.28 2824.98 3454.12 4235.74 5013.23 5587.76 5300.35 4472.45 3519.23 2441.14 1733.93 1143.38 592.802 275.666 112.766 96.5843 119.33 359.098 567.02 1247.96 2164.62 3294 4250.25 5206.5 6162.75 7294 8248.32 9061.56 9303.86 8939.24 8598.99 8493.01 7950.14
692.943 1613 2743.7 3691.07 4142.97 3620.66 2907.89 2437.09 1768.56 949.239 247.199 712.501 1658.78 2576.9 2226.72 1271.36 408.795 260.925 422.929 331.318 284.199 274.912 156.44 113.379 113.426 44.5302 197.778 269.309 397.047 470.168 175.612 152.621 288.833 378.96 387.057 236.605 233.508 210.072 453.119 985.23 1745.02 2609.22 3598.2 4177.32 4801.53 5589.61 5876.19 5033.55 4079.39 3123.14 1994.08 1088.8 419.068 281.883 463.692 238.972 135.613 376.696 1008.05 1341.43 1840.45 2590.25 3690.09 4646.34 5602.59 6558.84 7689.02 8518.19 8743.7 8448.05 7982.98 7643.85 7681.9 7484.56
741.269 1621.68 2750.21 3702.22 4193.32 3582.97 2504.13 1818.98 1286.54 609.3 282.501 1009.05 1947.52 2746.77 2095.62 1139.37 310.143 148.133 96.5954 172.867 318.696 228.688 38.3203 78.1641 114.993 228.102 253.781 368.184 257.257 286.643 91.8581 263.924 460.227 319.433 296.453 266.525 575.057 456.571 1039.4 1815.36 2455.08 3194.01 4209.05 5054.79 5661.91 6264.14 5991.89 5035.64 4079.39 3123.14 1992.81 1061.99 328.007 319.705 299.949 316.311 594.062 1018.74 1854.85 2428.4 2858.64 3317.12 4190.08 5116.79 6071.17 7027.42 7971.95 8077.06 7716.4 7320.31 6851.73 6512.6 6574.73 6790.73
807.796 1566.31 2689.11 3626.12 3930.44 3196.33 2069.57 1175.31 551.285 303.704 688.475 1480.93 2347.17 2912.3 2074.91 1118.66 341.388 92.5161 163.614 134.82 53.2422 52.2266 14.4922 96.5567 168.994 365.604 224.112 300.974 274.712 164.18 38.4766 113.774 215.203 258.536 441.972 864.732 1293.55 1263.32 1625.37 2378.49 3153.87 3807.42 4697.19 5565.06 6396.43 6958.15 6387.98 5431.73 4475.48 3519.23 2404.59 1499.79 638.466 345.737 512.219 1043.72 1497.97 1882 2488.05 3190.13 3774.03 4210.98 4792.63 5551.5 6469.78 7412.31 7646.55 7164.35 6760.16 6364.06 5895.48 5556.35 5618.48 5981.19
481.902 1266.52 2391.43 3287.2 3571.36 2847.29 1758.9 858.792 341.784 683.372 1345.74 2032.83 2831.51 3078.28 2109.86 1154.09 357.789 178.286 265.639 231.372 119.034 219.067 150.804 322.415 508.472 369.178 207.155 133.745 179.255 125.251 79.3445 268.409 664.807 842.571 1197 1712.44 2164.56 2204.15 2498.14 2991.53 3730.84 4517.77 5284.6 6052.34 6917.4 7548.57 6784.07 5827.82 4871.57 3925.78 2849.64 1953.62 1218.94 1030.68 1308.78 1837.97 2381.79 2826.55 3316.03 3849.19 4542.47 5133.08 5645.46 6156.44 6903.85 7671.61 7143.66 6342.23 5812.01 5407.81 4939.24 4600.1 4662.23 5042.79
330.658 1041.3 2031.89 2859.24 3187.55 2476.69 1370.99 556.276 383.32 1110.5 2077.74 2697.41 3366.68 3416.17 2397.49 1454.76 616.989 170.767 430.298 325.908 128.509 188.407 174.472 433.737 587.029 392.132 157.886 158.884 183.702 427.784 604.961 838.234 1438.55 1779.91 2099.22 2547 3046.61 3151.67 3448.99 3850.49 4330.05 5080.86 6012.08 6636.94 7401.87 7980.19 7180.16 6223.91 5278.12 4370.93 3297.09 2558.61 2082.64 1976.72 2242.53 2661.13 3193.54 3738.32 4255.04 4668.37 5192.74 5910.77 6580.5 6997.8 7492.09 7671.13 6734.62 5791.32 4977.31 4456.6 3982.99 3643.85 3705.98 4086.54
300.816 526.676 1438.84 2328.3 2752.81 2190.95 1118.76 372.746 598.83 1474.03 2444.51 3075.65 3759.89 3867.55 2884.96 2028.14 1210.18 406.049 130.28 163.842 149.863 158.333 153.921 82.2645 143.695 311.875 206.769 339.146 586.208 1114.66 1672.9 1870.55 2309.91 2813.86 3226.69 3622.78 4051.95 4254.45 4580.24 4976.34 5372.43 5805.13 6680.69 7469.94 8111.93 8526.76 7649.67 6709.1 5801.81 4896.92 4037.36 3604.66 3208.57 3107.97 3373.14 3769.23 4170.81 4696.88 5338.14 5777.85 6182.45 6668.03 7510.39 8045.87 8077.84 7387.75 6265.95 5309.7 4353.45 3488.73 2856.77 2512.6 2574.73 2965.82
579.838 262.464 1036.53 1678.67 2156.11 1890.06 983.922 375.797 648.861 1235.21 1799.56 2497.1 3413.61 4038.51 3380.48 2551.58 1732.33 1113.28 717.583 345.609 187.505 307.394 50.7751 70.4228 275.261 432.945 310.333 966.439 1458.12 1878.16 2492.09 2824.76 3207.36 3638.41 4166.3 4579.03 4975.12 5195.52 5536.49 5932.59 6328.68 6724.77 7282.22 8035.35 8807.94 9007.26 8061.44 7152.4 6250.38 5447.63 4855.29 4456.25 4060.16 3878.92 4029.39 4425.48 4821.57 5225.9 5956.69 6596.91 7109.78 7534 8132.15 8492.39 7941.58 7001.11 5869.86 4913.61 3957.36 3001.11 2025.14 1564.45 1634.82 2151.57
790.022 291.775 437.686 885.708 1495.06 1450.19 535.941 277.511 475.279 512.541 1170.86 2092.33 3048.58 3958.81 3902.3 3084.67 2473.1 2037.06 1477.3 747.331 364.258 664.288 135.199 82.8481 166.918 329.232 743.776 1433.97 2221.78 2778.71 3306.8 3753.22 4163.61 4559.7 5063.44 5516.41 5931.37 6151.77 6492.74 6888.83 7284.93 7681.02 8155 8648.38 9344.82 9369.52 8362.48 7430.92 6506.05 5645 4847.51 4408.16 4008.69 3650.16 3579.39 3975.48 4374.87 4886.56 5847.33 6761.61 7593.12 8306.83 8814.36 8460.36 7576.8 6620.55 5489.3 4533.05 3576.8 2620.55 1502.34 768.353 833.522 1598.14
1365.4 879.514 398.389 317.603 822.67 1239.2 477.091 164.404 256.625 461.685 1223.08 2151.88 3108.13 4064.38 4408.97 3817.96 3385.51 2845.99 1868.06 942.492 508.626 772.899 254.461 162.667 196.456 655.692 1519.38 2072.5 2775.34 3596.86 4219.47 4648.15 5103.22 5515.95 5987.14 6415.78 6870.99 7108.02 7448.99 7845.08 8241.18 8637.27 9096.81 9365.81 9390.74 9083.87 8170.11 7214.75 6260.27 5305.06 4229.28 3565.51 3125.73 2726.69 2623.14 3021.98 3534.22 4333.68 5451.56 6407.81 7363.03 8304.38 9094.15 8519.27 7563.85 6607.6 5476.35 4520.1 3563.85 2607.6 1480.57 654.581 609.064 1415.69
2372.51 1841.09 967.416 357.945 401.473 993.438 448.344 318.929 919.712 1406.54 1972.81 2660.92 3557.39 4509.65 5215.57 4876.7 4281.27 3412.13 2292.78 1508.6 1207.8 1281.52 1048.81 670.058 320.005 840.507 1903.74 2758.98 3441.4 4203 5123.73 5355.31 5340.66 5552.14 6009.65 6405.75 6801.84 7212.57 7907.64 8660.66 9138.97 9236.58 9083.49 8876.63 8445.26 8045.19 7502.23 6728.46 5792.55 4836.54 3705.29 2783.02 2074.11 1602.33 1505.25 2058.13 2898.23 3851.74 4982.99 5939.23 6895.48 7851.73 8891.24 8888.03 7993.6 7037.35 5906.1 4949.85 3993.6 3041.47 2029.67 1473.83 1399.34 1905.06
2840.04 2254.64 1531.16 790.567 288.745 636.158 448.584 375.295 1199.42 2076.29 2827.78 3338.83 4022.77 4909.73 5764.29 5329.8 4451.17 3498.46 2375.67 1529.25 986.539 855.6 831.015 557.914 269.45 738.337 1817.48 2773.73 3723.24 4567.98 4987.46 4706.5 4430.79 4596.48 5053.4 5449.5 5868.38 6451.37 7493.75 8395 8733.94 8447.25 8159.66 8072 7557.46 7092.92 6616.43 6125.16 5372.09 4447.38 3316.96 2360.71 1443.25 745.384 744.78 1582.68 2535.64 3489.34 4618.04 5574.29 6530.54 7486.79 8599.92 9045.77 8389.35 7433.44 6302.19 5345.94 4396.15 3525.38 2810.64 2412.23 2350.1 2694.73
2316.09 1818.84 1396.43 828.536 255.065 257.103 296.569 534.106 1445.91 2386.08 3408.32 4041.21 4533.88 5150 5736.77 5259.61 4313.85 3357.6 2226.35 1282.6 580.575 406.263 300.867 303.547 660.249 1235.67 2165.4 3103.8 4020.69 4436.57 4146.34 3750.25 3474.54 3640.23 4097.15 4516.04 5112.85 5971.81 7095.64 7848.78 7857.68 7491 7217.29 7289.45 6846.55 6197.22 5664.11 5262.58 4784.3 4130.04 3103.39 2147.14 1190.89 339.974 592.285 1437.38 2330.57 3248.94 4367.53 5323.78 6280.03 7236.28 8366.56 9083.47 8763.57 7829.53 6698.28 5748.49 4886.21 4259.01 3749.04 3368.48 3306.35 3645.49
1705.05 940.458 640.521 335.052 308.655 340.469 123.297 489.797 1339.67 2185.12 3207.42 3768.57 4176.92 4599.93 5232.24 5357.02 4585.68 3629.43 2503.22 1671.58 1183.74 1031.92 446.496 327.795 982.577 1756.79 2677.41 3517.74 4192.04 3872 3199.25 2794 2518.29 2683.98 3155.55 3746.69 4619.46 5570.31 6671.35 7160.6 6915.43 6534.75 6261.69 6423.65 6253.38 5517.57 4735.32 4311.77 3914.61 3517.59 3086.18 2301.92 1359.9 443.007 381.489 1101.56 1989.29 2910.38 4037.35 4993.6 5949.85 6906.1 8037.35 8927.89 9040.85 8225.63 7098.49 6230.07 5611.35 5175.54 4705.29 4324.73 4262.6 4601.74
1279.67 584.194 236.243 293.286 746.166 1017.71 542.612 290.142 825.912 1693.29 2347.93 2682.29 3108.24 3674.84 4578.53 5229.27 4987.87 4102.98 3135.18 2647.36 2282.17 1830.57 865.893 268.641 693.962 1629.37 2760.14 3693.42 4040.41 3336.54 2296.29 1696.64 1388.46 1567.37 2269.6 3189.24 4145.23 5078.63 5932.84 6111.89 5784.43 5403.5 5130.44 5307.84 5440.45 4967.01 3918.61 3245.05 2788.41 2414.22 2246.24 2016.55 1620.29 988.309 325.676 670.777 1538.66 2491.89 3623.14 4579.39 5535.64 6491.89 7620.94 8571.99 9192.37 8659.02 7660.36 7085.69 6697.37 6297.61 5793 5392.11 5171.92 5313.07
737.746 741.868 333.919 277.458 419.095 1082.47 1030.49 390.315 566.17 1222.44 1407.61 1762.42 2334.35 3086.61 4019.08 4745.61 5114.52 4615.13 3997.81 3553.77 2969.27 2157.45 1040.54 376.004 764.602 1699.08 2802.74 3575.45 3712.87 2948.21 1823.9 974.459 549.963 870.209 1893.77 2840.77 3729.11 4482.66 5162.78 5194.65 4828.18 4447.25 4174.19 4351.59 4557.64 4427.33 3476.02 2582.24 1902.5 1461.95 1291.06 1118.66 1136.51 1197.42 851.336 918.374 1650.54 2577.59 3708.57 4664.82 5621.07 6577.32 7682.1 8618.18 9454.63 9133.08 8409.07 7968.65 7523.51 7061.78 6256.34 5811.95 5707.11 -9999
341.68 300.382 335.866 440.138 300.675 932.702 1382.35 609.629 316.791 478.499 503.859 982.011 1738.94 2524.34 3397.17 4251.12 4954.7 5195.06 4813.57 4190.26 3296.28 2344.9 1214.9 430.12 564.952 1423.84 2334.89 3013.23 3346.31 2685.82 1558.04 641.935 326.178 899.801 1856.34 2544.8 3148.2 3854.91 4381.06 4240.49 3871.93 3491 3217.94 3395.34 3602.93 3687.34 3077.32 2124.64 1229.9 588.884 440.49 355.389 379.966 792.662 1307.42 1422.24 1954.32 2819.32 3949.33 4905.58 5861.83 6818.08 7895.51 8579.39 9946.64 9715.75 9198.46 8867.7 7829.52 7296.85 -9999 -9999 -9999 -9999
931.974 676.637 851.297 496.478 402.877 1094.11 1726.17 1089.5 617.799 438.362 327.379 454.378 1172 1889.45 2910.31 3691.91 4458.27 4914.54 4671.64 4402.64 3616.37 2677.63 1549.52 655.779 380.351 880.831 1646.65 2495.81 2831.25 2411.97 1380.5 501.416 312.352 866.955 1442.33 1843.36 2506.67 3338.25 3457.94 3285.42 2915.68 2534.75 2261.69 2439.09 2646.68 2776.57 2727.83 1880.31 926.666 301.418 600.15 636.028 412.222 320.05 818.852 951.935 1662.64 2469.86 3834.43 4672.67 5777.72 6695.63 7660.28 8042.51 10223.5 10223.5 9666.35 10032.3 10248.7 -9999 -9999 -9999 -9999 -9999
2014.11 1690.82 1209.74 463.162 636.207 1518.65 1821.39 1260.24 869.269 764.073 677.076 285.825 519.045 1316.86 2234.95 2990.91 3717.93 3891.96 3624.77 3626.53 3226.73 2609.57 1652.85 759.549 213.352 264.372 1141.79 1821.67 1822.68 1736.42 1596.59 838.322 226.361 309.167 506.523 1105.3 1987.05 2488.75 2328.92 2170.8 1802.61 1406.95 1131.95 1309.18 1516.29 1646.49 2000.3 1730.39 855.243 310.878 1141.77 1542.65 1124.49 379.877 262.265 486.511 1389.37 2328.83 3348.66 3859.19 -9999 6853.55 7199.89 -9999 -9999 -9999 11264.1 -9999 -9999 -9999 -9999 -9999 -9999 -9999
