public/models/data/input/map/sulut/1000/mapdriver.asc
NCOLS 248
NROWS 182
XLLCORNER 510063.019283
YLLCORNER 211117.685435
CELLSIZE 1000.000000
NODATA_VALUE       -9999
[rows 66 to 98 of 182, columns 148 to 221 of 248]
-9999 -9999 -9999 -9999 -9999 -9999 -9999 -9999 1413.85 1311.7 626.852 343.054 881.212 731.461 321.908 299.999 598.602 1150.98 723.001 418.605 1272.84 1620.66 902.091 279.55 1010.05 1309.85 1009.92 721.512 324.23 366.431 562.356 631.303 341.286 468.798 689.188 611.982 553.505 328.371 192.231 208.912 277.157 334.262 264.052 177.135 237.078 586.769 1280.17 2027.48 2297 1864.99 1191.59 639.783 367.304 376.29 337.433 416.32 754.255 744.152 681.112 975.99 1374.85 1162.1 672.706 398.432 293.711 245.043 542.298 568.503 207.532 189.172 316.644 416.303 -9999 -9999
-9999 -9999 -9999 -9999 -9999 -9999 -9999 -9999 1516.51 1383.65 662.488 830.725 1158.95 497.027 413.644 373.796 419.824 900.421 427.545 470.399 1293.34 1354.3 900.933 293.279 710.696 525.963 229.291 245.789 570.378 1040.49 1412.13 1463.4 723.542 260.912 262.371 290.705 282.526 165.049 154.465 165.99 198.666 161.369 213.639 477.435 309.727 378.018 1018.46 1410.01 1613.73 1921.28 1884.54 1499.39 895.037 370.05 198.067 464.107 1341.46 1622 1609.86 1819.69 1344.49 683.641 476.454 619.883 517.899 174.915 308.94 592.125 223.282 142.776 173.269 373.753 -9999 -9999
-9999 -9999 -9999 -9999 -9999 -9999 -9999 -9999 -9999 -9999 -9999 -9999 869.634 318.348 690.102 803.43 296.171 662.779 558.664 274.431 689.069 452.475 314.154 188.936 215.479 184.191 415.194 625.103 810.066 1129.08 1475.06 1758.28 1223.62 516.709 177.953 281.355 541.019 438.366 217.101 249.597 335.98 504.774 816.302 1189.77 894.152 377.266 439.767 442.764 612.761 1187.73 1849.82 2263.76 1687.83 1155.74 534.753 547.932 1544.83 2328.83 2508.89 2111.73 1085.95 463.71 346.876 253.286 392.847 408.165 153.668 175.7 463.615 609.638 513.959 405.827 -9999 -9999
-9999 -9999 -9999 -9999 -9999 -9999 -9999 -9999 -9999 -9999 -9999 -9999 606.334 494.84 1086.71 1333.79 863.585 1040.72 736.787 193.894 217.616 238.239 308.885 195.627 244.262 212.249 248.24 254.648 286.338 390.89 630.027 1010.15 1196.03 975.885 404.003 150.833 176.26 258.063 334.911 306.258 372.25 387.732 461.675 874.523 733.852 375.814 273.547 175.55 215.794 648.085 1488.1 2375.62 2466.95 1767.64 1141.62 1194.99 1961.56 2577.22 2270.67 1618.1 855.572 382.849 502.692 567.383 316.485 281.623 161.957 229.208 517.463 709.687 868.608 897.383 -9999 -9999
-9999 -9999 -9999 -9999 -9999 -9999 -9999 -9999 -9999 -9999 -9999 -9999 -9999 1116.99 1349.75 1579.01 1194.79 1263.86 487.92 321.25 311.691 777.863 972.179 589.274 205.303 209.748 246.16 296.913 232.422 232.553 270.266 297.926 495.014 797.724 814.413 612.801 295.32 338.94 803.489 797.031 708.73 736.873 389.088 354.281 339.474 578.04 802.575 530.458 347.736 853.886 1633.5 2566.96 3053.26 2462.9 2049.41 2108.13 2468.6 2403.73 1790.52 942.491 480.513 306.051 186.287 308.273 386.972 416.14 406.212 455.436 454.82 349.389 413.579 745.946 -9999 -9999
-9999 -9999 -9999 -9999 -9999 -9999 -9999 -9999 -9999 -9999 -9999 -9999 -9999 -9999 -9999 -9999 -9999 -9999 301.724 655.574 873.928 996.254 741.915 398.565 140.357 214.256 399.084 513.081 553.844 304.694 148.742 258.062 318.625 309.85 737.846 1216.96 715.056 293.928 708.201 1162.03 1414.04 1458.73 1031.36 833.482 927.474 1342.82 1617.47 1276.07 971.938 1491.51 2173.95 2969.93 3687.67 3370.41 3004.83 2995.4 2516.33 1761 1263.77 791.635 151.981 185.553 164.163 168.552 160.237 199.003 293.854 433.622 633.432 811.192 824.204 823.228 -9999 -9999
-9999 -9999 -9999 -9999 -9999 -9999 -9999 -9999 -9999 -9999 -9999 -9999 -9999 -9999 -9999 -9999 -9999 -9999 -9999 -9999 456.053 345.556 154.106 161.679 337.885 308.067 157.413 163.317 335.338 486.328 275.969 188.966 181.307 237.694 650.751 1460.24 1179.77 394.739 234.445 416.769 800.606 1166.97 1251.45 1612.55 2002.77 2413.65 2613.46 2333.07 2071.36 2428.49 2986.86 3629.88 4363.61 4295.3 3889.38 3244.69 2148.69 1195.46 494.948 713.757 536.453 175.24 122.097 237.202 222.018 193.866 297.206 333.694 236.116 577.28 1098.96 1236.55 -9999 -9999
-9999 -9999 -9999 -9999 -9999 -9999 -9999 -9999 -9999 -9999 -9999 -9999 -9999 -9999 -9999 -9999 -9999 -9999 -9999 -9999 247.947 208.84 143.485 237.611 190.612 242.568 280.227 262.695 221.455 323.652 506.279 363.136 311.357 377.08 953.581 1698.55 1075.46 368.48 430.978 458.628 282.449 492.879 631.907 1417.38 2457.93 3167.56 3519.79 3285.63 3027.61 3371.93 3759.79 4131.16 4173.02 3867.32 3657.57 3220.88 2227.92 1303.09 513.197 344.229 559.453 392.338 173.256 130.495 273.33 176.716 212.562 325.403 283.003 191.067 476.288 714.664 -9999 -9999
-9999 -9999 -9999 -9999 -9999 -9999 -9999 -9999 -9999 -9999 -9999 -9999 -9999 -9999 -9999 -9999 -9999 -9999 -9999 -9999 326.788 158.907 259.762 511.155 434.412 345.843 281.016 206.455 187.961 158.455 309.949 524.903 615.077 775.214 1281.83 1856.01 1166.58 407.616 430.224 729.578 356.115 303.186 574.017 1416.83 2545.47 3477.38 4114.32 4144.88 3976.54 4263.04 4321.07 3873.04 3292.79 2912.23 2840.21 2781.47 2194.06 1621.79 1008.69 527.477 295.901 372.483 401.851 219.217 197.759 198.245 224.9 283.34 231.66 193.413 178.844 -9999 -9999 -9999
-9999 -9999 -9999 -9999 -9999 -9999 -9999 -9999 -9999 -9999 -9999 -9999 -9999 -9999 -9999 -9999 -9999 -9999 -9999 1333.33 528.49 200.395 235.036 406.242 387.922 430.62 510.74 440.713 296.71 148.106 189.142 232.191 318.966 565.526 1045.74 1484.83 1447.83 787.73 339.372 285.13 266.14 543.034 954.945 1666.28 2764.58 3461.99 3754.23 4028.19 4190.7 4250.05 3974.85 3360.93 2428.07 1955.98 1892.72 1998.19 1441.07 1197.89 1244.62 1249.49 732.191 339.546 232.196 356.731 466.395 392.023 244.158 278.196 299.964 428.131 499.969 -9999 -9999 -9999
-9999 -9999 -9999 -9999 -9999 -9999 -9999 -9999 -9999 -9999 2100.48 2231.71 2594.65 2963.13 3118.54 -9999 -9999 -9999 1724.43 1517.24 602.764 163.916 241.425 276.784 393.454 337.124 287.046 457.211 544.086 288.596 269.454 392.984 417.947 237.269 275.435 554.258 1238.69 1461.09 1132.02 948.116 587.528 246.961 533.575 1353.24 2390.61 2640.92 2664.22 2963.41 3197.4 3206.49 2920.69 2687.33 1809.43 995.948 803.624 1172.45 750.117 329.6 611.362 1150.14 1404.56 1091.51 739.751 357.183 284.335 521.613 508.13 488.904 491.388 381.783 -9999 -9999 -9999 -9999
-9999 -9999 -9999 -9999 -9999 -9999 -9999 -9999 -9999 -9999 1389.75 1438.11 1918.74 2502.21 2609.95 2337.86 -9999 156.25 875.28 1238.13 658.134 257.256 320.547 301.748 482.28 691.714 596.894 431.779 279.49 253.061 208.283 190.959 168.042 248.262 316.62 256.577 657.089 1388.69 1814.22 1835.07 1282.29 662.838 483.586 1177.83 1883.92 1707.97 1707.97 2007.96 2241.15 2250.24 1964.44 1867.37 1567.34 802.504 331.494 570.992 836.527 558.8 322.629 444.153 1079.31 1391.04 1220.99 718.538 377.033 197.928 220.571 311.905 515.543 674.955 -9999 -9999 -9999 -9999
932.53 -9999 -9999 -9999 -9999 -9999 -9999 -9999 580.826 1053.55 806.953 566.042 1207.8 1774.94 1998.95 1772.12 250 256.413 299.953 595.113 690.555 351.511 300.681 488.216 359.604 344.635 449.138 624.28 667.919 390.053 223.135 281.533 287.087 179.631 230.026 331.728 327.02 1038.9 1934.31 2494.5 1980.45 1316.22 1050.96 1420.03 1255.1 779.937 761.934 1064.29 1286.02 1309.67 1020.5 925.352 1307.28 1268.45 674.068 321.038 436.979 606.3 499.852 322.902 402.833 706.817 893.91 494.626 258.092 208.781 237.838 182.218 255.28 447.303 -9999 -9999 -9999 -9999
580.795 371.875 384.375 472.952 278.408 925.952 1342.06 647.079 474.566 1169.93 956.989 287.405 523.95 919.69 1192.29 1241.98 357.068 246.372 203.613 256.784 274.833 291.914 148.372 277.441 503.616 553.352 444.564 258.761 744.566 915.693 583.053 351.113 293.242 333.747 224.604 203.237 570.356 1199.34 2099.06 2879.47 2416.03 1743.65 1371.2 1298.91 676.12 273.77 270.983 296.977 372.71 408.654 296.079 247.019 949.328 1280.34 1002.64 759.164 355.382 221.469 238.128 300.909 348.412 275.145 358.848 517.051 467.227 328.712 191.559 240.963 330.882 -9999 -9999 -9999 -9999 -9999
420.781 404.073 398.298 414.602 319.474 499.29 1072.65 656.372 440.625 1331.56 1474.08 902.195 365.922 249.934 389.696 772.828 244.225 180.823 151.243 321.294 407.868 291.689 180.107 215.926 229.195 339.544 627.346 522.378 236.781 529.86 727.664 661.86 294.374 293.808 229.809 209.721 688.534 1608.87 2480.16 2788.75 1929.3 1163.63 558.591 433.588 281.318 631.08 901.237 675.923 194.738 340.575 404.545 255.869 892.308 718.364 322.769 340.309 270.617 177.663 112.747 120.248 130.941 205.163 254.71 216.82 303.923 587.403 643.69 458.462 250 -9999 -9999 -9999 -9999 -9999
423.101 325.658 323.819 543.792 747.341 322.536 686.708 488.007 505.465 1443.96 1988.27 1712.15 1158.97 656.831 481.431 1032.65 584.985 126.802 157.358 252.701 298.25 329.405 237.095 149.839 295.55 193.984 221.032 389.133 258.311 178.099 183.992 224.589 379.579 212.254 171.726 164.985 589.824 1458.08 2203.22 2223.42 1458.27 645.414 327.933 566.582 748.872 990.905 814.152 461.514 325.25 539.702 319.15 610.032 974.79 483.492 216.232 161.57 200.972 350.505 262.008 157.483 232.226 162.814 166.862 279.054 288.189 265.535 464.38 743.291 -9999 -9999 -9999 -9999 -9999 -9999
431.153 247.087 281.634 804.081 1156.24 446.903 443.579 342.928 655.465 1604.46 2440.81 2549.07 1874.19 1210.88 1095.34 1448.33 752.105 230.019 193.905 253.974 356.489 295.258 248.303 256.467 214.367 283.411 208.705 132.434 263.508 293.941 337.923 169.822 279.897 352.108 241.308 259.234 312.352 986.308 1564.5 1344.62 923.253 371.487 585.892 1127.86 1064.06 688.17 342.233 404.46 488.854 344.244 462.392 866.669 912.7 563.384 383.701 242.833 174.318 241.883 374.47 381.348 168.455 139.908 187.835 170.086 212.076 215.954 204.975 355.918 -9999 -9999 -9999 -9999 -9999 -9999
457.348 193.793 373.069 1104.92 1190.03 464.382 451.292 257.139 716.513 1672.76 2620.32 3146.54 2521.96 2077.89 1953.03 1669.06 676.718 219.219 440.513 274.507 169.211 157.072 155.541 320.374 237.481 193.558 222.393 152.34 181.229 240.157 258.223 235.658 224.024 293.66 418.552 398.977 522.729 888.576 1239.83 646.539 289.939 355.742 788.689 764.568 478.298 269.623 427.764 407.158 237.681 431.075 669.854 426.376 469.914 757.474 674.53 251.509 333.123 183.619 218.105 262.004 435.329 233.14 108.652 245.665 198.057 260.26 321.945 401.448 -9999 -9999 -9999 -9999 -9999 -9999
273.951 201.528 570.817 1324.46 793.255 302.162 638.91 357.271 693.214 1649.46 2603.9 3339.91 3084.41 2684.74 2226.13 1493.87 522.139 126.904 542.445 831.594 253.368 238.143 227.399 246.631 246.913 226.264 216.804 194.64 156.204 351.305 522.349 465.307 216.57 223.289 209.851 400.001 837.688 1219.93 1104.02 626.638 496.538 545.274 442.923 258.761 394.626 460.191 319.386 292.444 629.741 785.188 513.949 194.715 243.88 246.701 583.437 397.277 245.61 211.158 221.757 297.698 214.435 474.578 457.241 219.803 139.74 213.177 484.662 800.415 -9999 -9999 -9999 -9999 -9999 -9999
210.649 283.278 555.245 1160.04 623.103 392.024 658.766 312.222 826.658 1751.16 2565.45 2904.18 2338.23 1863.95 1476.48 942.358 277.157 234.417 353.704 985.898 534.406 284.299 382.271 234.816 191.918 235.369 231.635 263.246 231.209 262.308 516.83 672.65 346.935 194.375 266.506 542.894 721.754 637.54 523.005 330.71 402.609 218.177 257.627 545.639 519.668 260.694 238.291 298.511 398.642 374.396 236.206 140.48 239.584 200.964 271.338 369.095 186.493 199.115 277.926 281.995 232.956 232.436 406.698 566.064 347.635 377.485 325.416 250 -9999 -9999 -9999 -9999 -9999 -9999
267.421 309.528 268.93 804.464 617.611 395.35 763.692 747.151 1323.01 1949.1 2158.67 2132.86 1621.22 1000.07 592.373 351.827 380.43 503.622 233.8 711.593 895.783 393.398 371.05 463.656 357.405 319.625 275.074 285.056 242.825 355.473 308.278 258.035 228.767 378.71 623.252 1034.09 540.306 353.874 718.683 858.832 690.93 264.329 254.462 367.607 313.717 483.826 325.545 145.855 373.014 542.657 404.817 178.126 253.584 291.338 251.633 344.658 240.913 200.971 259.227 368.193 358.162 209.418 231.981 301.438 619.022 954.685 1026.89 -9999 -9999 -9999 -9999 -9999 -9999 -9999
220.502 338.565 187.757 327.435 594.425 384.898 1043.78 1585.28 1917.07 1666.57 1302.61 1214.97 931.148 381.557 337.787 580.769 828.592 501.451 152.982 384.958 1009.16 852.374 349.128 302.522 313.311 276.634 212.367 205.706 191.195 233.053 235.3 299.839 364.494 569.97 1227.58 1311.88 439.981 457.336 1017.35 826.348 329.241 385.793 715.07 820.42 554.94 483.161 577.278 233.976 177.107 356.777 579.137 264.477 274.655 283.916 282.223 374.3 575.531 225.283 245.218 230.679 304.733 401.594 255.889 349.407 331.87 827.279 1207.11 -9999 -9999 -9999 -9999 -9999 -9999 -9999
273.838 393.965 457.302 296.017 448.468 472.464 1160.82 1882.14 1545.41 921.808 389.519 298.958 317.696 441.021 893.075 1033.4 660.503 187.697 343.993 258.697 481.294 883.897 799.777 524.476 512.596 661.777 580.096 489.849 699.23 818.11 907.294 1018.91 1049.38 1040.54 1244.24 1057.12 398.726 430.441 616.012 275.885 553.834 1143.4 1653.37 1521.23 602.515 307.064 900.008 1003.37 658.565 198.584 212.039 152.575 537.294 310.588 453.392 284.402 410.62 457.924 185.18 149.134 171.315 223.53 239.745 262.478 -9999 -9999 -9999 -9999 -9999 -9999 -9999 -9999 -9999 -9999
148.716 230.115 342.521 249.916 580.422 1024.53 1535.08 1578.94 797.715 376.885 414.504 651.291 705.787 934.054 764.95 366.82 222.018 237.842 786.958 733.53 239.285 346.06 431.532 767.226 944.145 1192.95 1191.04 1178.6 1075.63 776.838 625.217 548.99 521.409 483.724 498.664 512.729 255.526 436.335 390.288 673.133 1050.98 1418.13 1823.68 1352.51 476.86 283.569 588.947 958.342 928.932 387.382 498.734 303.215 424 307.359 558.377 646.377 285.826 743.547 643.674 254.224 261.851 315.01 223.375 119.574 -9999 -9999 -9999 -9999 -9999 -9999 -9999 -9999 -9999 -9999
304.799 259.017 272.476 238.296 968.318 1704 1909.26 1319.83 378.783 440.441 986.855 1481.74 1547.43 1104.49 382.315 239.15 507.749 331.168 615.189 836.546 383.191 394.423 376.432 304.315 410.3 681.023 726.893 825.049 566.921 320.601 442.831 473.919 490.932 509.403 495.299 365.234 413.678 381.149 384.261 1016.49 712.341 810.141 1392.97 1229.68 341.727 259.68 333.161 326.614 697.363 403.125 756.622 678.616 234.735 365.194 369.429 706.128 317.413 415.092 742.016 493.869 315.398 726.882 571.208 109.468 -9999 -9999 -9999 -9999 -9999 -9999 -9999 -9999 -9999 -9999
769.501 578.64 546.292 329.532 1053.86 1844.77 1734.32 949.463 264.254 845.434 1681.13 2312.79 2125.22 1243.98 386.652 395.659 1016.3 497.26 206.959 452.5 437.944 588.121 840.111 297.079 263.725 187.592 267.197 309.342 311.462 501.022 578.425 559.201 562.199 491.029 496.115 328.915 434.696 223.543 431.017 1108.31 589.735 335.462 927.864 1368.74 570.135 208.579 495.472 342.694 334.635 343.089 833.575 973.086 262.683 440.928 351.637 322.306 323.646 323.055 361.205 654.981 310.577 486.547 759.819 -9999 -9999 -9999 -9999 -9999 -9999 -9999 -9999 -9999 -9999 -9999
1351.26 609.695 432.393 473.269 914.891 1410.34 1194.98 413.548 480.911 1318.61 2245.22 2920.96 2162.86 1216.03 400.094 415.59 1252.54 1184.62 687.429 265.454 341.058 505.479 1038.61 653.65 226.332 260.948 352.422 263.394 263.222 257.941 324.689 430.228 440.507 466.581 578.497 257.354 433.753 167.853 386.806 1141.58 1152.82 421.456 610.434 1283.63 613.277 185.153 243.738 584.066 358.553 317.988 1060.68 1431.49 659.459 322.759 595.045 565.884 353.839 321.973 353.833 305.706 661.083 353.553 -9999 -9999 -9999 -9999 -9999 -9999 -9999 -9999 -9999 -9999 -9999 -9999
1718.56 950.1 420.095 170.16 337.869 605.5 647.205 257.953 885.293 1769.69 2653.93 3161.46 2369.01 1568.43 767.451 274.005 998.012 1506 1102.28 309.561 414.476 307.47 693.668 750.691 149.034 240.447 344.839 603.411 969.489 1000.82 1159.7 1374.83 1355.66 1122 711.819 266.066 590.004 205.892 359.267 1077.71 1343.98 532.798 441.955 1028.1 712.107 234.391 146.389 503.798 727.475 389.982 1100.55 1782.46 1082.47 387.047 450.897 951.875 818.232 269.187 420.595 470.63 -9999 -9999 -9999 -9999 -9999 -9999 -9999 -9999 -9999 -9999 -9999 -9999 -9999 -9999
2292 1667.16 1002.02 374.681 169.852 206.972 202.558 350.612 1205.24 2074.81 2750.49 2842.22 2059.54 1368.19 827.543 273.13 505.479 1268 1331.17 563.478 292.086 370.064 352.828 682.02 242.258 362.436 302.316 653.032 1460.91 1854.38 2107.08 2288.76 1825.83 1033.69 380.411 446.806 937.066 382.068 187.194 663.962 1290.73 611.346 243.19 722.893 840.143 300.919 200.612 226.083 521.876 352.61 988.203 1864.95 1477.13 702.561 298.169 653.576 1088.6 525.516 346.062 777.985 -9999 -9999 -9999 -9999 -9999 -9999 -9999 -9999 -9999 -9999 -9999 -9999 -9999 -9999
2577.9 1828.86 1308.86 835.962 202.814 232.499 377.868 810.273 1313.14 1730.9 2077.62 2020.39 1453.84 741.421 301.291 238.413 437.848 1224.25 1626.51 1105.51 399.516 303.251 299.724 572.888 288.952 485.582 462.101 339.163 1232.97 2108.08 2822.92 2762.39 1772.4 829.148 370.571 934.023 1372.72 608.906 182.486 431.556 1091.2 491.338 197.568 791.308 898.098 326.488 327.64 226.643 218.498 333.33 865.676 1816.53 1969.62 1325.46 566.174 333.009 822.362 939.809 370.968 -9999 -9999 -9999 -9999 -9999 -9999 -9999 -9999 -9999 -9999 -9999 -9999 -9999 -9999 -9999
2201.2 1299.71 604.668 702.579 736.497 427.162 285.468 397.299 482.112 728.224 1018.23 1032.99 526.077 301.003 310.015 270.297 983.761 1635.56 2090.34 1819.8 982.525 350.542 354.451 712.321 596.42 333.847 606.758 260.404 923.211 1878.79 2763.14 2633.86 1561.96 637.149 404.24 1145.08 1286.61 477.878 185.232 426.152 886.793 317.732 215.907 824.237 1062.06 394.224 480.844 262.343 202.237 319.709 800.561 1745.46 2533.71 1969.98 1104.63 461.869 62.5 -9999 -9999 -9999 -9999 -9999 -9999 -9999 -9999 -9999 -9999 -9999 -9999 -9999 -9999 -9999 -9999 -9999
1801.66 1355.68 572.277 321.417 980.418 1165.95 871.622 537.966 401.524 327.474 374.238 434.22 187.277 345.771 447.68 182.007 672.838 1287.14 1576.24 1723.48 1390.08 789.68 372.406 321.356 477.214 466.759 640.001 276.545 817.666 1771.1 2651.46 2639.78 1668.03 743.447 348.092 796.104 830.159 281.92 219.893 572.023 533.011 200.687 298.706 941.89 1152.95 395.528 465.939 322.757 192.682 244.394 596.614 1500.33 2507.72 2432.07 1763.69 1041.31 -9999 -9999 -9999 -9999 -9999 -9999 -9999 -9999 -9999 -9999 -9999 -9999 -9999 -9999 -9999 -9999 -9999 -9999
1170.42 1504.98 1027.95 315.455 603.646 1209.73 1343.01 1283.49 1122.93 649.843 268.44 321.566 374.912 379.911 385.536 352.414 293.84 466.06 635.091 865.711 1267.92 1303.84 779.624 244.445 330.456 458.923 680.769 263.642 917.976 1841.76 2405.55 2266.77 1764.29 1058.57 360.131 283.307 309.656 158.311 389.794 741.255 252.239 276.112 454.262 1157.85 1192.26 459.18 457.018 317.543 263.519 213.17 467.283 1337.93 2430.34 2870.07 2479.49 1935.36 -9999 -9999 -9999 -9999 -9999 -9999 -9999 -9999 -9999 -9999 -9999 -9999 -9999 -9999 -9999 -9999 -9999 -9999
