public/models/data/input/map/sulut/1000/mapdset.asc
NCOLS 248
NROWS 182
XLLCORNER 510063.019283
YLLCORNER 211117.685435
CELLSIZE 1000.000000
NODATA_VALUE       -9999
[rows 132 to 164 of 182, columns 74 to 147 of 248]
13643.8 13983 14451.6 14847.7 15075.2 14838.7 14372.1 13976 13579.9 13183.8 12821.4 13062.1 13454.9 13816.2 14194.9 14341.9 14410.2 14565.4 14632.7 14270.7 13894.1 13899.2 14240.6 14235.4 13907.9 13212.1 12112.1 11155.9 10199.6 9243.39 8178.05 7512.28 6741.34 5810.84 4805.63 4293.61 3887.98 3491.89 3213.39 2816.48 1989.85 1200.54 945.616 1514.22 2238.11 2837.6 3622.62 4254.73 4680.52 5091.25 5805.13 6428.84 5986.37 5031.06 3899.81 2943.56 1992.8 1169.2 465.312 309.591 486.264 467.639 306.971 574.184 1289.72 2074.55 1961.48 1539.02 1092 833.329 1509.55 2433.49 3389.19 4345.44
14600.1 14939.2 15407.8 15803.9 16031.5 15794.9 15328.3 14932.2 14536.1 14140 13770.5 13934.3 14110.9 14103.5 14055 13706.5 13520.1 13617 13764.2 13413.6 13048.6 13108.1 13552.6 13808.4 13532 12814 11716 10759.8 9803.55 8847.3 7719.21 6848.95 6157.82 5389 4293.61 3481.48 2944.73 2535.64 2283.06 2174.2 1670.35 754.366 296.764 883.762 1493.34 2183.62 2923.76 3328.18 3747.06 4330.05 5372.43 6098.27 5786.27 4852.43 3721.18 2764.93 1808.68 892.7 636.916 983.067 1187.26 1178.79 1005.56 1406.05 1916.32 2631.45 2878.41 2445.57 2022.68 1777.61 2186.5 2878.32 3786.11 4741.53
15556.3 15895.5 16351.8 16618.5 16610.5 16296.5 15828.8 15432.7 15036.6 14640.5 14209.2 13996.3 13707.5 13329.1 13126.7 12750.3 12563.9 12660.7 12808 12457.4 12092.3 12151.9 12596.3 12853.6 12648.7 12188 11311.4 10363.7 9407.46 8451.21 7319.96 6368.1 5496.6 4807.6 3883.15 2944.73 2129.13 1588.93 1331.55 1420.86 1526.05 899.528 220.405 312.542 880.52 1702.99 2026 2394.72 2991.53 3850.49 4976.34 5859.99 5962.72 5147.55 4016.3 3060.05 2143.55 1446.01 1310.5 1760.06 2095.39 2100.36 1958.05 2333.24 2758.39 3261.39 3712.96 3375.02 2974.62 2733.86 3097.99 3550.24 4230.66 5138.17
16512.6 16769.9 16690.3 16424.3 16074.4 15684.4 15215.9 14819.8 14423.7 14027.6 13559.6 13165.3 12769.2 12373.1 12170.5 11794 11607.6 11704.5 11851.7 11501.1 11136.1 11195.6 11640.1 11897.3 11693.9 11297 10734.4 9959.06 9011.37 8055.12 6923.87 5967.62 5014.53 4121.02 3329.58 2530.81 1588.93 748.601 448.926 667.484 1337.34 1382.24 764.821 603.257 935.09 1234.43 1086.01 1625.37 2498.14 3448.99 4580.24 5531.1 6084.58 5535.46 4412.4 3490.93 2798.35 2347.66 2242.49 2643.11 3034.81 3055.9 2914.22 3284.51 3684.36 4108.72 4543.28 4326.96 3930.87 3690.11 4052.55 4450.33 4891.18 5566.57
17404.3 16842.9 15899.5 15363.5 14952 14555.6 14087 13690.9 13294.8 12898.7 12430.2 12034.1 11638 11241.9 11039.2 10662.8 10476.4 10573.2 10720.5 10369.9 10004.8 10064.4 10509 10769.1 10565.3 10166.5 9697.17 9235.82 8509.46 7585.63 6455.29 5499.04 4542.79 3586.54 2522.61 1915.57 1373.83 654.578 459.9 641.212 1238.57 1594.08 860.269 427.254 695.126 651.07 357.683 1212.05 2164.09 3120.34 4251.59 5207.84 6080.29 5950.91 4938.64 4292.17 3872.36 3476.06 3357.04 3689.14 4030.17 4109.42 4032.24 4407.64 4810.42 5207.86 5618.55 5458.21 5062.12 4821.36 5183.8 5579.89 5975.98 6381.23
17408.5 16479 15363.5 14567.5 14016.3 13599.6 13130.8 12734.7 12338.6 11942.5 11473.9 11077.8 10681.7 10285.6 10083 9706.5 9520.1 9617 9764.2 9413.61 9048.58 9108.13 9553.28 9856.57 9667.25 9215.66 8741.68 8344.22 7875.12 7159.39 6074.73 5118.48 4162.23 3205.98 2077.89 1210.88 809.671 644.633 837.725 977.038 1060.96 1330.82 599.606 249.038 479.444 345.712 392.241 1218.28 2154.96 3111.21 4242.46 5198.71 6126.15 6304.11 5625.88 5132.52 4593.72 4126.33 3825.04 3735.06 3860.62 4177.3 4478.24 4984.91 5589.84 6123.06 6558.72 6414.46 6018.37 5777.61 6140.05 6536.14 6932.23 7328.32
17039.2 16082.9 14952 14016.3 13215.1 12658.8 12174.5 11778.4 11382.3 10986.2 10517.7 10121.6 9725.48 9329.39 9126.74 8750.25 8563.85 8660.75 8807.95 8457.36 8092.33 8151.88 8597.15 8966.93 8912.38 8335.21 7785.43 7389.34 6991.88 6535.68 5807.24 5019.51 4100.1 3143.85 2013.15 1110.03 702.957 812.811 877.284 813.64 726.481 1381.66 1043.9 400.026 278.991 405.39 444.149 1085.62 2020.1 2976.35 4107.6 5063.85 6006.87 6429.96 5956.57 5331.45 4485.42 3743.01 3189.24 2850.1 2912.23 3292.79 3909.52 4720.4 5639.06 6504.33 7309.42 7351.23 6974.62 6733.86 7096.3 7492.39 7888.48 8284.57
16643.1 15686.8 14555.6 13599.6 12658.8 11842.5 11218.3 10822.2 10426.1 10030 9561.41 9165.32 8769.23 8373.14 8170.48 7794 7607.6 7704.5 7851.7 7501.11 7136.08 7195.62 7640.9 8024.05 8094.36 7643.31 6865.79 6433.09 6037 5640.9 5170.6 4844.72 4355.9 3472.26 2378.19 1635.63 1015.95 426.376 613.402 1133.22 1286.4 1809.77 1532.06 676.491 269.652 774.342 1118.12 1534.12 2304.75 3248.18 4379.43 5335.68 6133.56 5992.99 5352.44 4788.27 4036.88 3129.69 2269.6 1893.85 1955.98 2425.39 3363.14 4305.03 5260.51 6216.76 7321.18 7960.38 7914.17 7690.11 8052.55 8448.64 8844.73 9240.82
16174.5 15218.3 14087 13130.8 12174.5 11218.3 10242.6 9706.64 9295.11 8898.74 8430.16 8034.07 7637.98 7241.89 7039.23 6662.75 6476.35 6573.25 6720.45 6369.86 6004.83 6064.37 6509.65 6905.27 7077.84 6696.84 6043.48 5383.04 4911.15 4509.65 4055.31 3868.92 3893.11 3319.44 2269.68 1458.33 728.498 462.956 1157.81 1853.94 2348.31 2674.21 2094.29 1375.83 1055.99 1370 2133.35 2559.28 3018.62 3746.05 4848.01 5784.29 6145.65 5456.34 4442.62 3852.43 3312.04 2592.38 1530.02 860.591 978.157 1763.31 2879.43 3835.68 4791.93 5748.18 6879.43 7831.8 8563.38 8770.58 9183.42 9579.89 9975.98 10371.6
15778.4 14822.2 13690.9 12734.7 11778.4 10822.2 9706.65 8910.62 8359.45 7942.77 7473.91 7077.82 6681.73 6285.64 6082.98 5706.5 5520.1 5617 5764.2 5413.61 5048.58 5108.13 5553.4 5949.5 6289.5 6001.12 5245.47 4672.25 4041.72 3558.8 3099.06 2912.67 3085.98 2861.02 1823.51 937.15 316.616 517.739 1509.9 2377.76 3135.44 3390.44 2728.17 2253.55 2009.49 2234.72 2830.93 3440.03 3910.5 4370.97 5256.66 6056.29 5947.67 5061.77 3939.9 3113.71 2500.73 1959.7 1129.33 429.292 591.702 1477.53 2607.6 3563.85 4520.1 5476.35 6607.6 7563.85 8515.44 9337.12 10089.6 10535.5 10931.3 11224.2
15382.3 14426.1 13294.8 12338.6 11382.3 10426.1 9295.11 8359.45 7558.27 7001.96 6517.66 6121.57 5725.48 5329.39 5126.74 4750.25 4563.85 4660.75 4807.95 4457.36 4092.33 4151.88 4597.15 4994.89 5467.42 5511.26 4566.04 3893.5 3319.91 2678.36 2142.81 1956.42 2161.55 2386.67 1626.68 700.254 214.829 607.661 1672.84 2628.71 3566.04 4020.84 3605.34 3206.5 2965.74 3190.97 3669.55 4188 4792.37 5263.96 5827.97 6183.57 5616 4665.68 3534.43 2590.93 1761.37 1147.75 690.366 620.607 853.446 1673.04 2794 3750.25 4706.5 5662.75 6794 7750.25 8706.5 9662.75 10748.9 11434.4 11769.5 11500.8
14986.2 14030 12898.7 11942.5 10986.2 10030 8898.74 7942.76 7001.96 6185.61 5561.41 5165.32 4769.23 4373.14 4170.49 3794 3607.6 3704.5 3851.7 3501.11 3136.08 3195.63 3641.82 4109.49 4849.64 5092.4 4115.43 3213.69 2540.79 1986.46 1223.18 1000.17 1266.39 1946.32 1649.98 740.814 406.296 908.239 1935.22 2862.27 3665.4 4405.3 4549.69 4162.75 3921.99 4147.22 4613.3 5021.9 5535.61 6164.95 6567.99 6152.18 5251.72 4295.47 3164.22 2207.97 1261.1 440.052 506.583 1142.2 1587.83 2158.96 3192.77 4146.34 5102.59 6058.84 7190.09 8146.34 9102.59 10058.8 11188.5 12023 12036.2 11222.2
14517.7 13561.4 12430.2 11473.9 10517.7 9561.41 8430.16 7473.91 6517.66 5561.41 4585.79 4049.79 3638.25 3241.89 3048.55 2663.3 2476.35 2573.25 2772.86 2397.88 2006.33 2065.29 2612.17 3401.83 4352.59 4627.07 3649.81 2693.56 1760.65 1055.64 566.062 367.97 812.959 1554.58 1738.5 1398.04 1285.38 1527.69 1930.08 2443.19 3137.37 4058.84 5062.03 5216.29 5051.16 5278.47 5744.46 6140.55 6536.64 7023.15 7274.81 6389.19 5432.94 4476.69 3345.44 2390.88 1479.39 828.332 1092.7 1847.94 2564.52 3076.91 3758.79 4625.21 5571.59 6527.42 7658.67 8614.92 9571.17 10527.4 11652.9 12258.3 11775.2 10824.7
14121.6 13165.3 12034.1 11077.8 10121.6 9165.32 8034.07 7077.82 6121.57 5165.32 4049.79 3253.76 2702.6 2285.91 2179.17 1755.31 1521.41 1617.32 1876.89 1559.4 1084.59 1182.31 2049.49 3000.25 3956.5 4379.83 3471.18 2514.93 1560.32 698.258 463.707 842.294 1135.15 1133.6 1088.68 1640.86 1726.49 1224.73 1092.45 1790 2706.5 3662.75 4788.99 5571.46 5907.05 6231.67 6700.71 7096.8 7492.89 7886.37 7716.95 6785.28 5829.03 4872.78 3743.23 2843.13 2171.21 1752.27 1942.32 2468.47 3199.77 3916.86 4531.1 5133.1 5979.97 6923.93 8054.76 9011.01 9967.26 10923.5 12002.6 12213.6 11407.1 10450.9
13725.5 12769.2 11638 10681.7 9725.48 8769.23 7637.98 6681.73 5725.48 4769.23 3638.25 2702.6 1901.42 1345.11 1359.55 1062.36 675.172 687.938 1104.29 827.072 492.435 815.436 1857.6 2813.85 3769.54 4413.1 3737.51 2794.52 1892.34 1172.36 861.462 829.683 697.913 500.345 524.74 1361.49 1608.34 893.371 702.795 1563.85 2520.1 3476.35 4607.6 5556.82 6415.09 7114.23 7656.96 8053.05 8449.14 8772.58 8137.62 7181.37 6225.12 5268.87 4184.08 3523.56 3079 2707.97 2889.19 3298.04 3820.82 4552.62 5378.71 5890.21 6485.44 7329.89 8450.85 9407.1 10363.4 11319.6 12265.5 11950.7 11011 10054.8
13329.4 12373.1 11241.9 10285.6 9329.39 8373.14 7241.89 6285.64 5329.39 4373.14 3241.89 2285.91 1345.11 535.232 589.992 616.639 483.428 302.507 857.306 668.981 568.508 1222.46 2138.59 3085.68 3893.86 4024.25 3521.42 2789.35 1892.71 1093.93 451.964 389.607 360.024 335.596 387.666 1032.79 1655.05 1393.88 1271.18 1896.09 2791.93 3748.18 4879.43 5835.68 6791.77 7728.2 8584.64 9009.3 9405.39 9476.85 8533.71 7577.46 6621.22 5674.12 4859.47 4431.07 4034.43 3664.22 3845.44 4241.53 4647.01 5149.73 6044.25 6731.06 7235.78 7815.81 8849.63 9803.2 10759.4 11656 12192.7 11563.5 10614.9 9658.67
13402.6 12446.4 11315.1 10358.9 9402.61 8446.36 7315.11 6358.86 5402.61 4446.36 3315.11 2358.86 1403.16 505.568 239.017 426.021 540.684 546.443 1040.33 1290.05 1381.69 1904.65 2814.63 3507.73 3700.6 3117.87 2502.95 2073 1419.85 555.571 331.066 765.124 1218.21 1263.26 1076.4 1441.77 2198.75 2420.77 2373.14 2782.04 3363.76 4222.44 5348.01 6304.26 7260.51 8216.76 9328.03 10064.1 10457.2 10088 9002.29 8047.74 7136.25 6459.3 5957.86 5561.77 5165.68 4795.47 4976.69 5372.78 5768.87 6164.97 6749.55 7504.79 8221.37 8733.76 9415.63 10269.2 11018 11152.9 11247.4 10844.8 10115.5 9189.61
13768.4 12812.1 11680.9 10724.6 9768.37 8812.12 7680.87 6724.62 5768.37 4812.12 3680.87 2725.45 1817.66 1125.84 987.867 1212.06 1174.5 710.016 536.016 1275.86 1967.6 2576.68 3285.52 3526.38 3111.67 2477.83 1665.89 1211.17 918.165 505.061 569.944 1136.23 1911.4 2197.03 2027.61 2276.47 2804.37 3260.98 3329.39 3725.48 4136.4 4716.1 5744.1 6700.35 7656.6 8612.85 9743.94 10669.8 11120.4 10522.6 9400.08 8499.98 7828.07 7383.24 6914.11 6518.02 6121.93 5751.72 5932.94 6329.03 6725.12 7121.21 7599.17 8125.33 8856.62 9573.71 10132.5 10479.5 10521.3 10233.8 10291.9 9955.05 9526.15 8782.44
14164.5 13208.2 12077 11120.7 10164.5 9208.21 8076.96 7120.71 6164.46 5208.21 4077.51 3170 2489.58 2011.2 1761.64 1704.86 1478.43 806.119 345.893 1019.24 1964.09 2886.24 3199.93 2846.55 2395.79 1769.43 1007.55 456.372 316.273 697.45 1339.96 1782.47 2456.69 3048.44 2983.86 3224.62 3628.81 4067.29 4285.64 4681.73 5077.82 5486.73 6200.6 7096.44 8052.69 9008.94 10140.2 11096.2 11564.6 10924.8 9840.93 9180.41 8735.85 8338.94 7870.36 7474.27 7078.18 6707.97 6889.19 7285.28 7681.37 8077.46 8546.04 8944.97 9425.44 10052.2 10259 9992.38 9621.93 9277.61 9335.68 9000.25 8764.08 8478.08
14560.6 13604.3 12473.1 11516.8 10560.6 9604.3 8473.05 7516.8 6560.56 5604.31 4505.16 3788.37 3142.64 2352.8 1515.68 1115.89 1014.06 956.591 675.782 1174.55 2087.41 2995.22 2685.17 1957.96 1579.11 1226.22 433.772 373.14 609.13 1103.18 2059.47 2666.62 3123.42 3749.06 3940.11 4180.87 4576.96 4974.13 5241.89 5637.98 6034.07 6430.16 6928.03 7552.94 8448.79 9405.03 10536.3 11492.5 11961.2 11330.1 10516.3 10087.9 9691.28 9295.19 8826.61 8430.52 8034.43 7664.22 7845.44 8241.53 8637.62 9033.71 9361.57 9324.42 9281.28 9589.58 9457.86 9061.77 8665.68 8321.36 8379.43 8044 7856.44 8055.44
14924.8 13968.6 12837.3 11881.1 10924.8 9968.57 8837.32 7881.07 6924.82 5968.57 4871.98 3957.97 3001.72 2045.47 936.436 314.929 337.627 606.43 406.522 1020.06 1853.99 2549.36 2220.98 1299.95 659.074 827.165 652.541 563.19 1222.27 1901.18 2691.55 3514.15 4163.56 4611.89 5029.12 5312.12 5708.21 6104.31 6373.14 6769.23 7165.32 7561.41 8029.99 8438.9 9020.61 9879.29 11003 11825.8 11991.9 11581.9 11095.1 10699 10303 9906.86 9438.28 9042.19 8749.4 8609.42 8863.14 9216.73 9373.57 9240.64 8808.84 8412.75 8226.35 8481.18 8326.61 7930.52 7534.43 7190.11 7248.18 6912.75 6726.35 6998.18
15164.8 14208.6 13077.3 12121.1 11164.8 10208.6 9077.32 8121.07 7164.82 6208.57 5077.32 4121.07 3164.82 2208.57 1153.54 658.099 840.562 1146.21 922.45 1019.97 1312.34 1724.76 2081.14 1404.27 645.856 395.132 798.586 864.744 1428.92 2329.01 3332.69 4061.87 4862.24 5515.9 5950.71 6268.37 6664.46 7060.55 7329.39 7725.48 8121.57 8517.66 8986.24 9382.33 9793.25 10373 11370.4 11756.2 11246.3 10737.4 10259.4 9863.35 9467.26 9071.17 8602.59 8206.5 8020.1 8286.72 8739.55 8961.66 8717.26 8321.17 7852.59 7456.5 7270.1 7524.93 7370.36 6974.27 6578.18 6233.86 6291.93 5956.5 5770.1 6041.93
15560.9 14604.7 13473.4 12517.2 11560.9 10604.7 9473.41 8517.16 7560.91 6604.66 5473.41 4517.16 3560.91 2647.22 1842.46 1522.58 1657.66 1487.89 695.092 404.185 487.058 1063.14 1990.44 1886.63 1205.43 768.636 1207.79 1698.65 2109.34 2769.86 3842.82 4679.38 5414.21 6218.83 6891.01 7224.62 7620.71 8016.8 8285.64 8681.73 9077.82 9473.91 9942.49 10338.6 10734.7 11136.4 11606.1 11456.1 10641.8 9884.63 9303.2 8907.1 8511.01 8114.92 7646.34 7250.25 7063.85 7335.68 7801.04 8014.96 7761.01 7364.92 6896.34 6500.25 6313.85 6568.68 6414.11 6018.02 5621.93 5277.61 5335.68 5000.25 4813.85 5085.68
15957 15000.8 13869.5 12913.3 11957 11000.8 9869.5 8913.25 7957 7000.75 5869.5 4913.25 3999.56 3290.9 2749.1 2473.61 2357.21 1687.02 699.077 187.21 176.565 757.388 1822.32 2317.21 2046.66 1690.57 1973.34 2495.72 3005.26 3445.26 4259.83 5195.16 6037.37 6748.58 7666.67 8178.05 8576.96 8973.05 9241.89 9637.98 10034.1 10430.2 10877.6 11069 11106.6 11322.4 11150 10835 10197.5 9278.11 8411.02 7950.85 7554.76 7158.67 6690.09 6294 6107.6 6379.43 6844.79 7058.72 6804.76 6408.67 5940.09 5544 5357.6 5612.43 5457.86 5061.77 4665.68 4321.36 4379.43 4044 3857.6 4129.43
16309.3 15446.5 14337.7 13381.8 12425.6 11469.3 10338.1 9381.83 8425.58 7469.33 6342.18 5456.73 4794.63 4348.93 3879.36 3533.86 3039.08 2192.79 1172.39 587.637 391.698 895.348 1977.68 2853.5 3105.09 2821.33 3080.24 3488.82 4003.36 4521.96 5045.08 5722.03 6631.8 7480.62 8264.01 8978.38 9463.88 9809.22 9794.56 9965.62 10170.7 10498.2 10757.1 10412.8 10172 10324 10052.7 9858.02 9609.3 8785.67 7678.28 6932.46 6432.85 6027.51 5558.84 5162.75 4976.35 5248.18 5716.76 5983.68 5731.82 5281.52 4808.84 4412.75 4226.35 4498.18 4427.91 3940.06 3534.43 3190.11 3249.1 2912.75 2726.35 2998.18
15887.5 15398.9 14578 13742.4 12819.4 11865.4 10734.2 9777.92 8821.67 7865.42 6809.07 6153.08 5702 5304.26 4824.65 4302.1 3536.2 2625.51 1606.92 839.444 663.07 1311.34 2383.42 3319.9 3896.64 3774.3 4036.49 4432.59 4843.11 5353.9 5845.89 6211.44 6843.91 7517.23 8093.24 8523.35 8932 9213.23 8956.46 9043.07 9220.92 9541.93 9800.81 9456.5 9215.74 9367.74 9096.48 8929.74 8979.34 8376.99 7259.49 6337.29 5590.28 5080.51 4602.59 4206.5 4020.1 4291.93 4760.79 5131.56 5001.2 4396.07 3852.59 3456.5 3270.1 3541.93 3734.21 3127.92 2591.17 2233.86 2324.48 1978.81 1770.1 2076.71
14953.2 14589.8 14099.3 13597.1 12977.5 12213.1 11130.3 10174 9217.76 8304.08 7499.31 7054.34 6656.6 6258.24 5642.48 4856.05 3947.42 3008.07 1895 1139.17 1035.03 1643.81 2710.86 3657.33 4490.31 4689.15 4992.74 5382.11 5690.03 5812.72 5761.89 5893.12 6301.76 6706.68 7175.58 7579.77 8084 8310.14 8000.21 8086.82 8264.67 8585.68 8844.56 8500.25 8259.49 8411.49 8140.23 7974.54 8202.05 7926.77 6862.85 5907.43 4984.95 4227.78 3646.34 3250.25 3063.85 3335.68 3826.37 4401.82 4492.02 3733.97 2938.9 2500.25 2313.85 2585.68 3030.58 2591.17 1775.58 1287.15 1493.91 1218.46 876.392 1384.14
13996.9 13633.5 13165 12768.3 12361.4 11916.2 11365.8 10570.1 9656.42 8947.75 8405.95 8001.39 7509.32 6821.13 5799.47 4858.38 3907.32 2953.12 1828.23 1021.78 883.455 1486.93 2569.66 3524.85 4470.33 5256.57 5827.52 5832.38 5606.97 5276.01 4873.14 4958.57 5354.66 5750.75 6224.37 6745.07 7397.73 7413.49 7043.96 7130.57 7308.42 7629.43 7888.31 7544 7303.24 7455.24 7183.98 7018.29 7291.76 7395.25 6466.76 5510.51 4554.81 3621.26 2754.16 2294 2107.6 2379.43 3057.45 3827.22 4006.16 3286.06 2230.24 1586.56 1357.6 1720.96 2528.4 2232.25 1287.15 528.741 933.045 1007.61 676.412 1258.75
12865.7 12502.3 12033.7 11637.6 11241.5 10845.4 10719.2 10774.8 10377.8 9967.72 9464.66 8763.57 7829.39 6873.14 5741.89 4785.64 3829.39 2873.14 1745.98 867.161 561.975 1204.39 2321.36 3277.61 4233.86 5190.11 5697.42 5037.16 4557.59 4156.1 3741.89 3827.32 4223.41 4624.54 5256.5 6096.11 6554.13 6302.39 5912.71 5999.32 6177.17 6498.18 6757.06 6412.75 6171.99 6323.99 6052.73 5887.04 6162.75 6528.05 5995.78 5041.93 4085.68 3129.43 2021.43 1275.8 1008.99 1464.54 2461.01 2934.21 3181.59 2815.38 1743.71 847.226 513.16 1255.72 2236.23 2427.24 1555.49 735.856 888.094 1486.72 1398.56 1569.35
11909.4 11546 11077.5 10681.4 10285.3 9889.19 9785.64 10172.5 10418.5 10230.6 9811.18 9160.39 8225.48 7269.23 6137.98 5181.73 4225.48 3269.23 2212.87 1556.88 1318.8 1704.58 2668.42 3621.93 4578.18 5502.86 5382.41 4454.17 3698.64 3205.25 2785.64 2871.07 3275.26 3792.9 4768.17 5586.79 5711.29 5346.3 4956.46 5043.07 5220.92 5541.93 5800.81 5456.5 5215.74 5367.74 5096.48 4930.79 5206.5 5602.59 5578.07 4752.65 3809.26 2853.06 1722.35 806.722 447.379 1113.02 1945.16 2014.93 2327.79 2607.2 1891.08 938.843 425.545 1261.12 2953.51 2894.56 1986.28 1389.48 1172.92 1807.54 2060.66 -9999
10953.2 10589.8 10121.2 9725.12 9329.03 8932.94 8829.39 9225.48 9549.56 9420.26 9221.16 9219.81 8594.58 7665.03 6534.07 5577.82 4621.57 3707.88 2903.12 2458.15 2270.1 2544.68 3180.66 4020.91 4915.23 5557.28 4991.53 4035.28 3101.82 2332.48 1829.39 1922.92 2453.15 3254.58 4359.6 4958.57 4784.41 4390.05 4000.21 4086.82 4264.67 4585.68 4844.57 4500.25 4259.49 4411.49 4140.23 3974.54 4250.25 4646.34 4976.71 4565.7 3818.43 2985.78 1871.81 945.156 549.232 1166 1334.49 1084.76 1577.32 2397.03 2565.46 1885.24 724.395 854.277 4230.88 3840.7 2170.07 1614.87 -9999 -9999 -9999 -9999
10005.1 9633.54 9164.96 8768.87 8372.78 7976.69 7873.14 8269.23 8593.31 8464.01 8295.26 8589.22 8445.87 7907.74 6930.16 5973.91 5060.22 4351.56 3809.76 3412.75 3226.35 3498.18 3978.99 4434.4 4717.5 4918.15 4586.29 3639.19 2682.94 1741.34 914.784 1088.22 1902.23 2845.53 3940.45 4283.79 3842.7 3433.8 3043.96 3130.57 3308.42 3629.43 3888.32 3544 3303.24 3455.24 3183.98 3018.29 3294 3690.09 4195.84 4101.31 3375.73 2833.35 2134.51 1500.96 1241.3 1597.92 860.315 471.631 1280.28 2361.96 3244.23 3361.43 1135.68 1135.68 4819.62 5387.76 5764.42 -9999 -9999 -9999 -9999 -9999
8911.43 8502.38 8033.71 7637.62 7241.53 6845.44 6741.89 7137.98 7462.06 7332.76 7164.22 7477.47 7415.34 7190.11 7154.39 6462.53 5806.23 5319.02 4812.42 4415.42 4173.65 4207.17 4331.4 4016.3 3721.18 3802.53 4012.39 3487.48 2578.84 1628.17 729.312 918.263 1791.04 2741.89 3709.94 3577.73 2905.34 2329.62 1912.71 1999.32 2177.17 2502.3 2787.32 2415.91 2171.99 2329.72 2053.64 1887.04 2172.29 2684.31 3602.78 3601.55 2694.73 1905.06 1442.6 1686.48 2101.14 2584.83 3823.08 5242.09 -9999 4328.43 3823.18 -9999 -9999 -9999 -9999 -9999 -9999 -9999 -9999 -9999 -9999 -9999
