public/models/data/input/map/sulut/1000/mapdriver.asc
NCOLS 248
NROWS 182
XLLCORNER 510063.019283
YLLCORNER 211117.685435
CELLSIZE 1000.000000
NODATA_VALUE       -9999
[rows 33 to 65 of 182, columns 148 to 221 of 248]
-9999 -9999 -9999 -9999 -9999 -9999 -9999 -9999 -9999 -9999 -9999 -9999 -9999 -9999 -9999 -9999 -9999 -9999 -9999 -9999 -9999 -9999 -9999 -9999 -9999 -9999 -9999 -9999 -9999 -9999 -9999 -9999 -9999 -9999 -9999 -9999 -9999 -9999 10081.6 9462.49 8780.63 -9999 -9999 -9999 -9999 -9999 1941.51 1353.9 299.281 256.382 397.039 190.809 307.915 547.969 859.142 685.93 830.772 1282.83 1245.43 758.2 798.017 621.363 363.184 798.065 477.296 286.825 231.724 299.647 454.24 900.375 590.464 229.47 320.609 218.896
-9999 -9999 -9999 -9999 -9999 -9999 -9999 -9999 -9999 -9999 -9999 -9999 -9999 -9999 -9999 -9999 -9999 -9999 -9999 -9999 -9999 -9999 -9999 -9999 -9999 -9999 -9999 -9999 -9999 -9999 -9999 -9999 -9999 -9999 -9999 -9999 -9999 -9999 -9999 9137.96 8708.94 -9999 -9999 -9999 2996.84 2775.33 1966.9 1210.83 331.19 177.724 262.709 535.29 483.534 293.564 338.07 303.781 374.725 1058.76 1471.14 1179.69 572.919 540.514 310.267 726.72 874.366 447.504 345.194 245.224 536.72 819.15 376.48 228.488 284.017 276.717
-9999 -9999 -9999 -9999 -9999 -9999 -9999 -9999 -9999 -9999 -9999 -9999 -9999 -9999 -9999 -9999 -9999 -9999 -9999 -9999 -9999 -9999 -9999 -9999 -9999 -9999 -9999 -9999 -9999 -9999 -9999 -9999 -9999 -9999 -9999 -9999 -9999 -9999 -9999 -9999 -9999 -9999 -9999 4207.11 3450.55 2659.25 1738.43 808.301 244.277 455.818 278.082 654.377 839.805 763.178 721.962 609.494 222.182 427.321 1007.81 1165.28 440.114 238.736 172.179 298.898 671.723 462.156 513.838 433.478 436.319 704.04 361.567 703.324 656.083 305.299
-9999 -9999 -9999 -9999 -9999 -9999 -9999 -9999 -9999 -9999 -9999 -9999 -9999 -9999 -9999 -9999 -9999 -9999 -9999 -9999 -9999 -9999 -9999 -9999 -9999 -9999 -9999 -9999 -9999 -9999 -9999 -9999 -9999 -9999 -9999 -9999 -9999 -9999 -9999 -9999 -9999 -9999 4934.89 4447.52 3388.33 2432.08 1476.38 561.596 579.639 1009.95 514.573 253.046 262.849 357.736 315.87 579.591 685.91 304.963 287.344 747.662 1022.26 560.743 259.03 199.25 251.09 296.988 531.328 503.527 446.141 807.599 340.9 752.699 609.241 369.831
-9999 -9999 -9999 -9999 -9999 -9999 -9999 -9999 -9999 -9999 -9999 -9999 -9999 -9999 -9999 -9999 -9999 -9999 -9999 -9999 -9999 -9999 -9999 -9999 -9999 -9999 -9999 -9999 -9999 -9999 -9999 -9999 -9999 -9999 -9999 -9999 -9999 -9999 -9999 -9999 -9999 -9999 5291.56 4754.36 3650.75 2712.72 1816.84 1125.84 1234.37 1535.84 1204.85 869.873 305.425 336.431 483.653 273.868 641.263 554.706 195.16 321.6 554.656 336.133 435.364 665.644 409.215 219.623 376.65 328.127 548.545 993.908 445.305 506.393 615.625 339.276
-9999 -9999 -9999 -9999 -9999 -9999 -9999 -9999 -9999 -9999 -9999 -9999 -9999 -9999 -9999 -9999 -9999 -9999 -9999 -9999 -9999 -9999 -9999 -9999 -9999 -9999 -9999 -9999 -9999 -9999 -9999 -9999 -9999 -9999 -9999 -9999 -9999 -9999 -9999 -9999 -9999 -9999 5269.55 4733.57 3663.06 2771.02 2072.84 1621.56 1659.88 1593.33 1496.98 1413.53 590.75 307.843 635.107 669.726 770.71 505.645 351.275 411.224 237.162 466.449 723.104 1064.19 437.921 340.991 399.561 422.3 471.341 1053.44 559.857 391.888 506.009 214.29
-9999 -9999 -9999 -9999 -9999 -9999 -9999 -9999 -9999 -9999 -9999 -9999 -9999 -9999 -9999 -9999 -9999 -9999 -9999 -9999 -9999 -9999 -9999 -9999 -9999 -9999 -9999 -9999 -9999 -9999 -9999 -9999 -9999 -9999 -9999 -9999 -9999 -9999 -9999 -9999 -9999 -9999 5181.98 4241.4 3272.35 2366.39 1565.28 1051.69 1069.25 813.321 817.162 1280.19 1020.93 466.64 325.063 708.715 1032.1 583.027 391.423 526.294 201.569 292.022 454.169 926.492 337.63 381.001 332.914 421.253 367.155 881.286 424.756 325.847 306.34 419.514
-9999 -9999 -9999 -9999 -9999 -9999 -9999 -9999 -9999 -9999 -9999 -9999 -9999 -9999 -9999 -9999 -9999 -9999 -9999 -9999 -9999 -9999 -9999 -9999 -9999 -9999 -9999 -9999 -9999 -9999 -9999 -9999 -9999 -9999 -9999 -9999 -9999 -9999 -9999 -9999 -9999 -9999 -9999 -9999 2747.84 1889.61 1003.53 258.248 265.594 250.537 264.191 512.998 1045.6 1087.59 497.377 217.149 384.629 501.71 294.295 244.478 167.504 444.236 897.868 1012.98 312.102 489.108 364.771 203.163 321.861 755.145 621.407 332.779 668.203 1232.16
-9999 -9999 -9999 -9999 -9999 -9999 -9999 -9999 -9999 -9999 -9999 -9999 -9999 -9999 -9999 -9999 -9999 -9999 -9999 -9999 -9999 -9999 -9999 -9999 -9999 -9999 -9999 -9999 -9999 -9999 -9999 -9999 -9999 -9999 -9999 -9999 -9999 -9999 -9999 -9999 -9999 -9999 -9999 -9999 -9999 1355.38 855.992 269.884 398.508 707.87 538.039 265.826 511.187 936.429 725.512 439.919 307.142 268.573 312.535 233.975 306.499 341.264 605.625 689.727 373.995 320.207 354.343 291.344 333.116 588.423 874.801 315.252 714.427 1309.18
-9999 -9999 -9999 -9999 -9999 -9999 -9999 -9999 -9999 -9999 -9999 -9999 -9999 -9999 -9999 -9999 -9999 -9999 -9999 -9999 -9999 -9999 -9999 -9999 -9999 -9999 -9999 -9999 -9999 -9999 -9999 -9999 -9999 -9999 -9999 -9999 -9999 -9999 -9999 -9999 -9999 -9999 -9999 -9999 -9999 -9999 564.915 535.88 281.337 605.782 448.323 273.301 224.527 317.681 295.04 341.374 308.879 449.282 561.227 242.536 580.892 567.882 305.642 279.243 328 726.386 945.946 873.374 551.026 337.306 660.534 335.773 630.398 1050.28
-9999 -9999 -9999 -9999 -9999 -9999 -9999 -9999 -9999 -9999 -9999 -9999 -9999 -9999 -9999 -9999 -9999 -9999 -9999 -9999 -9999 -9999 -9999 -9999 -9999 -9999 -9999 -9999 -9999 -9999 -9999 -9999 -9999 -9999 -9999 -9999 -9999 -9999 -9999 -9999 -9999 -9999 -9999 -9999 -9999 -9999 903.553 934.839 382.016 191.346 279.857 201.083 471.51 464.035 239.853 594.37 844.461 1094.13 997.234 290.921 493.908 757.824 789.823 717.146 254.996 495.35 1104.59 1518.81 1068.39 445.615 271.855 281.612 309.643 652.045
-9999 -9999 -9999 -9999 -9999 -9999 -9999 -9999 -9999 -9999 -9999 -9999 -9999 -9999 -9999 -9999 -9999 -9999 -9999 -9999 -9999 -9999 -9999 -9999 -9999 -9999 -9999 -9999 -9999 -9999 -9999 -9999 -9999 -9999 -9999 -9999 -9999 -9999 -9999 -9999 -9999 -9999 -9999 -9999 -9999 1207.11 542.634 355.517 637.483 488.899 510.939 344.994 722.675 1054.08 506.539 264.282 916.199 1129.5 978.198 518.712 272.268 247.815 469.534 1011.67 794.223 290.178 481.767 1225.23 1729.88 1259.24 780.415 380.398 238.999 243.184
-9999 -9999 -9999 -9999 -9999 -9999 -9999 -9999 -9999 -9999 -9999 -9999 -9999 -9999 -9999 -9999 -9999 -9999 -9999 -9999 -9999 -9999 -9999 -9999 -9999 -9999 -9999 -9999 -9999 -9999 -9999 -9999 -9999 -9999 -9999 -9999 -9999 -9999 -9999 -9999 -9999 -9999 -9999 -9999 -9999 1266.25 962.047 395.775 246.815 303.895 368.732 268.066 576.869 1009.59 898.462 360.414 321.208 391.437 384.229 314.414 481.646 616.486 342.793 564.096 1046.49 607.437 370.417 1059.38 1917.16 1651.56 1161.36 754.327 465.233 253.899
-9999 -9999 -9999 -9999 -9999 -9999 -9999 -9999 -9999 -9999 -9999 -9999 -9999 -9999 -9999 -9999 -9999 -9999 -9999 -9999 -9999 -9999 -9999 -9999 -9999 -9999 -9999 -9999 -9999 -9999 -9999 -9999 -9999 -9999 -9999 -9999 -9999 -9999 -9999 -9999 -9999 -9999 -9999 -9999 -9999 1038.86 993.766 772.149 180.974 362.218 711.852 625.68 231.018 475.692 913.728 881.077 305.689 399.828 631.781 835.127 979.618 1189.76 675.111 312.866 1016.68 680.444 378.668 1096.36 1552.47 1045.82 572.277 343.493 364.571 236.644
-9999 -9999 -9999 -9999 -9999 -9999 -9999 -9999 -9999 -9999 -9999 -9999 -9999 -9999 -9999 -9999 -9999 -9999 -9999 -9999 -9999 -9999 -9999 -9999 -9999 -9999 -9999 -9999 -9999 -9999 -9999 -9999 -9999 -9999 -9999 -9999 -9999 -9999 -9999 -9999 -9999 -9999 -9999 -9999 -9999 337.331 355.441 716.309 621.006 320.28 330.167 709.741 482.038 341.803 731.046 1131.91 427.756 372.934 822.182 1291.24 1792.74 1731.31 910.671 249.569 716.141 645.01 333.9 887.606 1029.12 380.9 321.417 649.373 942.354 562.939
-9999 -9999 -9999 -9999 -9999 -9999 -9999 -9999 -9999 -9999 -9999 -9999 -9999 -9999 -9999 -9999 -9999 -9999 -9999 -9999 -9999 -9999 -9999 -9999 -9999 -9999 -9999 -9999 -9999 -9999 -9999 -9999 -9999 -9999 -9999 -9999 -9999 1125.52 648.65 132.219 547.188 299.154 844.001 1113.83 339.022 625.55 330.581 576.378 1207.53 942.199 359.101 385.772 701.171 370.438 264.178 827.996 884.23 420.535 303.459 802.385 1833.21 2101.22 1384.18 668.863 248 320.371 250.384 515.694 889.355 477.884 793.125 1151.6 1260.49 1011.54
-9999 -9999 -9999 -9999 -9999 -9999 -9999 -9999 -9999 -9999 -9999 -9999 -9999 -9999 -9999 -9999 -9999 -9999 -9999 -9999 -9999 -9999 -9999 -9999 -9999 -9999 -9999 -9999 -9999 -9999 -9999 -9999 -9999 -9999 -9999 -9999 290.329 890.323 749.519 212.55 484.532 298.684 823.098 1168.56 375.74 412.453 423.923 312.758 882.922 1298.75 882.158 317.663 210.686 292.523 242.862 432.89 969.397 859.078 649.723 954.217 1916.12 2407.14 2017.37 1447.48 917.271 553.664 391.672 742.79 1297.22 748.932 425.619 457.594 487.879 490.142
-9999 -9999 -9999 -9999 -9999 -9999 -9999 -9999 -9999 -9999 -9999 -9999 -9999 -9999 -9999 -9999 -9999 -9999 -9999 -9999 -9999 -9999 -9999 -9999 -9999 -9999 -9999 -9999 -9999 -9999 -9999 -9999 -9999 -9999 -9999 976.17 341.926 601.553 978.798 491.833 299.533 280.364 604.712 1221.96 641.577 309.357 599.688 324.507 635.184 1401.38 1233.6 416.947 267.049 347.851 353.334 299.289 367.918 421.974 547.89 1048.15 1790.01 2367.81 2603.34 2331.25 1814.48 1417.6 1167.64 1267.39 1604.57 1149.63 672.607 451.264 419.192 281.812
-9999 -9999 -9999 -9999 -9999 -9999 -9999 -9999 -9999 -9999 -9999 -9999 -9999 -9999 -9999 -9999 -9999 -9999 -9999 -9999 -9999 -9999 -9999 -9999 -9999 -9999 -9999 -9999 -9999 -9999 -9999 -9999 -9999 -9999 -9999 1220.37 557.408 311.705 872.537 768.004 234.081 401.615 343.27 988.358 1067.18 431.252 312.77 376.117 469.92 1290.22 1155.75 335.823 326.228 413.969 467.968 685.009 483.471 420.418 286.259 461.401 1095.64 1867.75 2439.62 2821.38 2741.92 2279.69 1653.02 1098.38 1160.44 1195 679.088 400.201 597.288 328.055
-9999 -9999 -9999 -9999 -9999 -9999 -9999 -9999 -9999 -9999 -9999 -9999 -9999 -9999 -9999 -9999 -9999 -9999 -9999 -9999 -9999 -9999 -9999 -9999 -9999 -9999 -9999 -9999 -9999 -9999 -9999 -9999 3308.42 3128.33 2687.24 1852.74 765.179 199.063 428.67 843.894 298.838 423.9 349.699 821.719 1584.55 1127.68 471.251 282.888 395.93 1224.23 1398.06 817.143 267.912 503.579 276.318 290.446 950.38 1223.52 860.152 290.134 527.921 1019.97 1589.58 2354.22 3068.83 2422.91 1467.94 525.842 309.203 574.91 480.866 299.896 281.258 411.608
-9999 -9999 -9999 -9999 -9999 -9999 -9999 -9999 -9999 -9999 -9999 -9999 -9999 -9999 -9999 -9999 -9999 -9999 -9999 -9999 2240.8 1735.21 1092.63 890.399 -9999 -9999 -9999 -9999 -9999 -9999 -9999 2474.87 3111.57 3228.11 2668.99 1766.57 672.672 217.506 242.822 540.812 319.762 266.026 325.188 884.891 1832.77 1556.98 661.241 198.354 238.052 754.973 1351.7 1067.76 301.353 601.11 816.279 333.743 635.143 1391.93 1299.94 473.741 227.369 406.675 1013.61 1884.36 2755.12 2532.98 1616.87 670.129 178.663 296.686 334.795 310.338 267.495 400.111
-9999 -9999 -9999 -9999 -9999 -9999 -9999 -9999 -9999 -9999 -9999 -9999 -9999 -9999 -9999 -9999 -9999 -9999 -9999 -9999 2132.59 1578.28 803.744 280.315 -9999 -9999 -9999 -9999 0 126.528 727.309 1858.76 2361.3 2603.36 2447.74 1823.82 944.92 347.093 256.193 232.465 346.424 211.691 288.78 965.034 1888.73 1491.46 568.948 152.485 335.411 402.502 1110.11 1073.54 313.829 699.642 1192 611.377 352.888 1062.51 1223.06 481.964 238.613 287.811 590.59 1370.84 2220.68 2452.93 1697.36 742.716 196.627 280.925 411.61 581.624 275.876 613.73
-9999 -9999 -9999 -9999 -9999 -9999 -9999 -9999 -9999 -9999 -9999 -9999 -9999 -9999 -9999 -9999 -9999 -9999 -9999 832.107 1735.02 1149.22 454.426 367.076 443.998 388.889 -9999 -9999 221.246 209.78 534.414 1073.46 1420.47 1707.84 1764.05 1264.21 826.854 504.204 331.972 277.456 475.937 305.441 227.387 848.12 1770.17 1364.77 478.271 149.171 417.367 368.892 1006.09 759.822 281.828 990.599 1326.65 675.52 178.268 547.339 1087.81 757.2 245.313 304.611 298.341 755.081 1733.16 2368.17 1963.03 1054.74 261.807 364.003 297.018 638.732 447.594 243.824
-9999 -9999 -9999 -9999 -9999 -9999 -9999 -9999 -9999 -9999 -9999 -9999 -9999 -9999 -9999 -9999 1081.02 1210.28 485.637 614.091 1122.89 524.892 248.526 439.449 245.276 584.918 322.978 673.919 530.541 171.397 216.809 231.158 400.017 732.617 1035.66 508.034 218.465 252.992 232.42 206.689 347.475 361.342 270.069 853.268 1698.54 1147.1 361.149 238.771 648.458 311.124 809.783 635.873 397.66 1007.64 784.312 319.894 362.914 296.688 679.456 604.505 243.885 596.144 273.021 395.044 1383.15 1808.74 1630.54 1153.62 523.861 289.051 387.52 247.694 632.457 773.721
-9999 -9999 -9999 -9999 -9999 -9999 -9999 -9999 -9999 -9999 -9999 -9999 -9999 -9999 1138.89 652.778 694.808 1149.52 533.502 372.615 683.192 301.03 484.643 375.128 201.381 476.007 275.093 344.149 533.482 165.021 263.69 319.662 152.231 236.943 414.019 276.869 623.153 434.922 252.554 278.501 466.39 665.284 720.659 1185.94 1636.97 843.122 254.572 239.283 795.477 393.94 646.083 669.619 393.078 619.152 334.089 438.374 586.514 303.621 336.803 181.24 301.066 467.554 209.856 410.858 1140.64 978.2 762.073 452.048 419.452 284.346 322.224 333.429 277.176 807.713
-9999 -9999 -9999 -9999 -9999 -9999 -9999 -9999 -9999 -9999 -9999 -9999 -9999 1957.11 1470.48 722.161 361.573 978.623 893.48 325.039 362.463 298.813 352.608 228.858 370.385 324.496 278.116 152.941 312.431 250.646 265.254 278.408 301.025 213.146 323.164 498.098 896.022 753.006 354.701 495.154 1041.74 1420.15 1620.77 1916.42 1574.5 663.965 358.803 397.113 782.238 390.856 645.811 1000.6 699.915 451.989 481.134 668.792 298.348 219.632 209.611 178.771 545.153 326.944 298.68 431.228 739.728 332.135 305.263 434.458 386.28 309.185 172.451 238.863 235.906 542.154
-9999 -9999 -9999 -9999 -9999 -9999 -9999 -9999 -9999 -9999 -9999 -9999 1310.66 1505.03 1657.41 1041.71 265.552 611.03 1103.57 722.781 210.374 245.176 233.778 177.311 656.04 650.26 303.234 186.175 228.276 203.132 200.2 322.255 208.056 221.934 238.178 274.244 391.109 372.619 349.909 792.305 1711.55 2306.77 2568.77 2498.43 1559.38 640.625 435.354 681.456 844.515 448.348 674.002 1063.38 385.542 270.135 683.88 745.667 318.501 167.155 142.205 389.386 725.747 335.558 321.257 421.923 317.652 441.558 754.001 925.973 901.874 508.736 350.373 552.866 220.079 182.412
-9999 -9999 -9999 -9999 -9999 -9999 -9999 -9999 -9999 -9999 -9999 -9999 222.598 613.813 949.367 1082.78 651.327 351.862 1035.76 1129.14 376.883 332.594 790.087 476.298 459.848 890.85 391.769 257.426 234.374 262.457 344.663 322.442 413.098 231.595 319.965 307.184 227.095 290.043 542.389 1168.57 2226.96 3120.33 3477.09 2862.12 1742.99 821.34 293.537 211.895 314.451 654.641 1215.31 1362.54 823.288 964.467 1119.66 645.771 167.197 240.592 355.997 945.833 1006.9 340.918 300.322 360.89 302.29 681.556 462.695 335.753 375.307 275.649 625.103 1295.31 1108.08 977.273
-9999 -9999 -9999 -9999 -9999 -9999 -9999 -9999 -9999 -9999 -9999 -9999 529.343 341.965 349.076 456.502 694.223 339.846 905.988 1378.2 599.646 555.127 1074.76 678.398 372.097 967.424 742.56 717.698 283.488 221.508 321.958 411.817 191.621 334.969 461.418 574.523 882.088 1094.67 1380.64 1845.9 2662.2 3523.5 3900.15 3261.24 2164.62 1385.19 967.107 804.888 714.98 1067.99 1819.14 2073.32 1760.7 1717.98 1200 408.55 200.762 327.984 821.586 1571.06 1450.62 643.376 422.356 356.548 369.316 388.78 191.484 219.442 344.492 621.356 1002.73 1600.47 1781.9 1577.67
-9999 -9999 -9999 -9999 -9999 -9999 -9999 -9999 -9999 -9999 -9999 -9999 1219.96 865.004 492.149 230.494 332.901 336.302 911.279 1349.51 872.395 685.748 707.651 586.92 296.122 949.154 1388.11 1346.48 531.543 243.236 302.318 577.489 188.293 280.348 359.024 575.09 749.09 1199.71 1609.03 2137.26 2766.86 3340.58 3672.84 3322.96 2633.77 2177.32 1912.93 1743.29 1652.93 1814.62 2104 2385.8 2438.35 2063.81 1162.41 306.985 393.718 787.391 1273.3 1915.91 1868.51 1000.86 386.433 301.175 350.015 289.433 418.263 450.172 292.193 395.647 633.258 1011.14 1543.87 1843.95
-9999 -9999 -9999 -9999 -9999 -9999 -9999 -9999 -9999 -9999 2017.77 1755.77 1117.67 599.038 282.213 424.986 418.248 434.771 633.066 666.58 372.266 268.345 235.355 590.031 747.493 1202.15 1965.26 1850.82 900.221 523.565 394.731 587.231 304.375 188.114 163.983 192.028 237.582 497.984 963.364 1514.27 2080.1 2575.27 2857.11 2615.71 2357.44 2244.22 2401.1 2573.55 2364.86 1863.91 1550.15 1685.41 2211.99 2223.25 1395.45 510.543 255.069 570.685 903.136 1512.45 1773.02 1061.45 369.795 477.99 264.07 232.667 280.679 345.414 190.522 272.197 306.441 310.65 843.268 1693.8
-9999 -9999 -9999 -9999 -9999 -9999 -9999 -9999 -9999 1310.66 1343.5 1088.72 432.231 275.35 443.515 449.161 273.966 290.412 271.89 290.774 613.243 738.001 374.724 529.707 1338.28 1928.73 2368.94 2159.36 1497.78 991.249 562.509 296.444 289.517 285.29 320.884 204.677 163.75 165.268 249.048 552.763 1134.44 1705.66 1772.82 1488.79 1277.34 1235.47 1671.58 2490.33 2241.51 1299.87 604.668 714.408 1442.15 1780.03 1487.77 982.327 450.151 295.386 523.198 666.349 1067.49 774.68 352.821 837.469 490.686 263.458 368.971 301.587 356.641 860.539 1041.92 909.408 -9999 -9999
-9999 -9999 -9999 -9999 -9999 -9999 -9999 -9999 1353.55 1298.41 937.873 408.739 354.173 600.859 393.484 235.966 578.269 950.462 822.388 668.048 1243.96 1359.68 686.007 297.728 1194.38 1900.42 1910.8 1522.56 969.852 473.524 183.475 252.133 359.573 502.919 401.647 369.404 329.65 285.046 191.5 194.907 578.801 947.369 835.335 593.345 470.456 556.532 1245.37 2186.54 2296.29 1401.96 588.341 307.429 638.646 946.376 779.093 482.91 304.156 335.703 347.373 347.26 960.655 868.559 472.245 627.189 486.006 309.995 326.94 252.309 185.986 478.176 960.643 1156.24 -9999 -9999
