public/models/data/input/map/sulut/1000/mapdem.asc
NCOLS 248
NROWS 182
XLLCORNER 510063.019283
YLLCORNER 211117.685435
CELLSIZE 1000.000000
NODATA_VALUE       -9999
[rows 33 to 65 of 182, columns 150 to 224 of 248]
-9999 -9999 -9999 -9999 -9999 -9999 -9999 -9999 -9999 -9999 -9999 -9999 -9999 -9999 -9999 -9999 -9999 -9999 -9999 -9999 -9999 -9999 -9999 -9999 -9999 -9999 -9999 -9999 -9999 -9999 -9999 -9999 -9999 -9999 -9999 -9999 -9999 12.9167 6 -9999 -9999 -9999 -9999 -9999 -9999 0 0.666667 4 12.5625 9.1875 28.375 75.125 89.125 96.5625 125.125 126 211.25 329.813 283.438 184.125 188.563 270.313 315.063 287.063 164.938 151.188 143.688 260.625 307.125 223.813 232.438 145.563 168.625 169.625 91.375
-9999 -9999 -9999 -9999 -9999 -9999 -9999 -9999 -9999 -9999 -9999 -9999 -9999 -9999 -9999 -9999 -9999 -9999 -9999 -9999 -9999 -9999 -9999 -9999 -9999 -9999 -9999 -9999 -9999 -9999 -9999 -9999 -9999 -9999 -9999 -9999 -9999 0 13 -9999 -9999 -9999 -9999 10.25 4.5 10.2143 14.25 12.875 18.8125 15.5625 13.5 21.5625 43.625 32.5625 63.5 190.125 284.063 436.375 414.938 237.313 182 287.813 361.813 263.875 170.625 196.625 195.688 291.125 283.6 210.625 199.25 243.625 197.313 177.375 83.6875
-9999 -9999 -9999 -9999 -9999 -9999 -9999 -9999 -9999 -9999 -9999 -9999 -9999 -9999 -9999 -9999 -9999 -9999 -9999 -9999 -9999 -9999 -9999 -9999 -9999 -9999 -9999 -9999 -9999 -9999 -9999 -9999 -9999 -9999 -9999 -9999 -9999 -9999 -9999 -9999 -9999 3 6 24.75 50.9375 114.563 74.8125 38.375 21.125 38.625 39.625 84.6875 83.1875 50.6875 47.75 106.688 207.688 280.813 387.5 260.2 205.625 260.25 383.125 235.375 218.25 215 225.5 310.625 273.938 255.313 283.375 309.75 263.75 213.25 96
-9999 -9999 -9999 -9999 -9999 -9999 -9999 -9999 -9999 -9999 -9999 -9999 -9999 -9999 -9999 -9999 -9999 -9999 -9999 -9999 -9999 -9999 -9999 -9999 -9999 -9999 -9999 -9999 -9999 -9999 -9999 -9999 -9999 -9999 -9999 -9999 -9999 -9999 -9999 -9999 9 9.42857 31.8125 131.063 220.188 232.25 154.625 76.875 33.4375 29.75 54.9375 94.25 80.8125 63.9375 52.375 55.0625 169.188 156.875 273.375 266.625 232.25 286.533 375.125 232.5 235 295.875 258 302.063 302.938 352.75 364.063 357.313 339 276.125 172.688
-9999 -9999 -9999 -9999 -9999 -9999 -9999 -9999 -9999 -9999 -9999 -9999 -9999 -9999 -9999 -9999 -9999 -9999 -9999 -9999 -9999 -9999 -9999 -9999 -9999 -9999 -9999 -9999 -9999 -9999 -9999 -9999 -9999 -9999 -9999 -9999 -9999 -9999 -9999 -9999 4.8 18.0625 98.5625 261.467 422.5 461.667 199 110.875 46.875 48.0625 43.75 41.375 53.75 60.875 72.75 70.625 78.3125 142 174.75 181.938 291.813 292.5 270.75 255.8 263.75 331.875 339.5 373.875 345.875 391.75 464 459.375 329.563 234.688 152.813
-9999 -9999 -9999 -9999 -9999 -9999 -9999 -9999 -9999 -9999 -9999 -9999 -9999 -9999 -9999 -9999 -9999 -9999 -9999 -9999 -9999 -9999 -9999 -9999 -9999 -9999 -9999 -9999 -9999 -9999 -9999 -9999 -9999 -9999 -9999 -9999 -9999 -9999 -9999 -9999 0 6.07692 91.25 228.813 267.563 333.25 211.625 76.5625 42.25 57.8125 55.375 46.9375 56.6875 83.25 80.9375 78.625 89.1875 101.563 100.063 216.313 370.5 266.438 236.375 268.313 307.188 371.813 383.625 466.5 408 410.5 557.875 485 318.125 293.938 184.688
-9999 -9999 -9999 -9999 -9999 -9999 -9999 -9999 -9999 -9999 -9999 -9999 -9999 -9999 -9999 -9999 -9999 -9999 -9999 -9999 -9999 -9999 -9999 -9999 -9999 -9999 -9999 -9999 -9999 -9999 -9999 -9999 -9999 -9999 -9999 -9999 -9999 -9999 -9999 -9999 -9999 1 27.3846 89.125 86.9375 88.125 61.875 39.75 43.625 56.1875 62.6875 51.375 62.9375 72.4375 81.75 85.875 90 94.4375 131.438 246.375 316.563 236.563 227.313 280.25 354.75 436.688 429.813 506.25 541.625 511 564.438 472.625 479.063 407.375 224.688
-9999 -9999 -9999 -9999 -9999 -9999 -9999 -9999 -9999 -9999 -9999 -9999 -9999 -9999 -9999 -9999 -9999 -9999 -9999 -9999 -9999 -9999 -9999 -9999 -9999 -9999 -9999 -9999 -9999 -9999 -9999 -9999 -9999 -9999 -9999 -9999 -9999 -9999 -9999 -9999 -9999 -9999 8.66667 22.75 28 23.4375 37.875 32.125 38.6875 45.9375 57 62.75 55.0625 63.4375 77.4375 85.9375 95.0625 105.875 128.063 178.375 224.667 225.125 220.313 290.267 404.375 515 539.563 603.438 704.5 685.75 713.25 652.938 556.813 383.313 255.688
-9999 -9999 -9999 -9999 -9999 -9999 -9999 -9999 -9999 -9999 -9999 -9999 -9999 -9999 -9999 -9999 -9999 -9999 -9999 -9999 -9999 -9999 -9999 -9999 -9999 -9999 -9999 -9999 -9999 -9999 -9999 -9999 -9999 -9999 -9999 -9999 -9999 -9999 -9999 -9999 -9999 -9999 -9999 -9999 13 17.8125 25.75 36.625 43.9375 45.5 54.0625 64.4375 65.625 69.5625 78.5 86.25 96.875 109.375 127.875 154.313 214.375 218.938 227.688 255.25 380.25 511.5 625.313 555.313 592.938 682.125 665.438 646.125 535.313 414.875 357.625
-9999 -9999 -9999 -9999 -9999 -9999 -9999 -9999 -9999 -9999 -9999 -9999 -9999 -9999 -9999 -9999 -9999 -9999 -9999 -9999 -9999 -9999 -9999 -9999 -9999 -9999 -9999 -9999 -9999 -9999 -9999 -9999 -9999 -9999 -9999 -9999 -9999 -9999 -9999 -9999 -9999 -9999 -9999 -9999 -9999 8.92857 16.1875 34.0625 37.3125 46.6875 50.9375 54.3125 63.375 70.9375 77.625 94.25 137.25 121.563 134 167.688 195.125 223.688 244.313 274.188 361.5 453.25 504.063 419.563 471.625 544.438 539.625 592 527.625 442 395.375
-9999 -9999 -9999 -9999 -9999 -9999 -9999 -9999 -9999 -9999 -9999 -9999 -9999 -9999 -9999 -9999 -9999 -9999 -9999 -9999 -9999 -9999 -9999 -9999 -9999 -9999 -9999 -9999 -9999 -9999 -9999 -9999 -9999 -9999 -9999 -9999 -9999 -9999 -9999 -9999 -9999 -9999 -9999 -9999 -9999 7.92857 14 18.8125 25.75 42.875 53.5625 57.625 62 67.6875 77.125 108.563 146.688 148.125 154.063 180.375 211 255.75 281.25 310.25 330.313 421.813 416.375 397.375 398.063 435.25 442.313 482.125 435.938 434.75 441.5
-9999 -9999 -9999 -9999 -9999 -9999 -9999 -9999 -9999 -9999 -9999 -9999 -9999 -9999 -9999 -9999 -9999 -9999 -9999 -9999 -9999 -9999 -9999 -9999 -9999 -9999 -9999 -9999 -9999 -9999 -9999 -9999 -9999 -9999 -9999 -9999 -9999 -9999 -9999 -9999 -9999 -9999 -9999 -9999 8.5 14.5 19.625 25.875 30.1875 44.375 59.4375 61.625 65.4375 70.75 76.25 89.3125 136.063 197.75 198.5 219.188 246.813 317.25 345.25 369.75 389 422.063 443.375 431.875 416.688 384.25 359.313 331.688 315.625 348.438 426
-9999 -9999 -9999 -9999 -9999 -9999 -9999 -9999 -9999 -9999 -9999 -9999 -9999 -9999 -9999 -9999 -9999 -9999 -9999 -9999 -9999 -9999 -9999 -9999 -9999 -9999 -9999 -9999 -9999 -9999 -9999 -9999 -9999 -9999 -9999 -9999 -9999 -9999 -9999 -9999 -9999 -9999 -9999 -9999 6.71429 8.1875 12.3125 12.9375 16.3125 25 37.5 61.8125 71.0625 75.125 81.5625 108.563 136.313 181.625 211.875 258.313 327.375 382.75 423.25 465.75 504.125 523.438 533.375 517.188 476.563 431.938 374.125 315.938 280.5 317.938 385.188
-9999 -9999 -9999 -9999 -9999 -9999 -9999 -9999 -9999 -9999 -9999 -9999 -9999 -9999 -9999 -9999 -9999 -9999 -9999 -9999 -9999 -9999 -9999 -9999 -9999 -9999 -9999 -9999 -9999 -9999 -9999 -9999 -9999 -9999 -9999 -9999 -9999 -9999 -9999 -9999 -9999 -9999 -9999 -9999 16.8 11.6875 13.0625 19.375 29.125 31.75 25.6875 40.0625 62.125 80.9375 90.9375 105.875 139.75 217.25 234.438 280.625 346 416.938 522.25 606.313 657.688 736.688 681.5 642.75 568.688 486.063 410.938 317.938 256.688 278.375 267.063
-9999 -9999 -9999 -9999 -9999 -9999 -9999 -9999 -9999 -9999 -9999 -9999 -9999 -9999 -9999 -9999 -9999 -9999 -9999 -9999 -9999 -9999 -9999 -9999 -9999 -9999 -9999 -9999 -9999 -9999 -9999 -9999 -9999 -9999 -9999 -9999 -9999 -9999 -9999 -9999 -9999 -9999 -9999 15 25.875 24.375 20.0625 14.125 25.5625 37.5625 44.8125 29.6875 75.75 102.5 106 116.875 147.25 188.063 239.938 299.938 367.875 450.563 570.188 735.875 854.375 896.375 906.25 828.938 686.125 550.75 422.125 321.125 237.75 263.267 197.875
-9999 -9999 -9999 -9999 -9999 -9999 -9999 -9999 -9999 -9999 -9999 -9999 -9999 -9999 -9999 -9999 -9999 -9999 -9999 -9999 -9999 -9999 -9999 -9999 -9999 -9999 -9999 -9999 -9999 -9999 -9999 -9999 -9999 -9999 -9999 -9999 -9999 -9999 -9999 -9999 -9999 -9999 -9999 9.11111 11.875 41.75 35 29.3125 15.5625 25.5 34.75 39.4375 61.625 118.563 116.375 122.438 145.938 187.438 240 302.375 374.063 486.938 632.188 823.688 1089.75 1268.63 1287.06 1085.75 805.063 600.188 442.188 336.125 256 188.188 199.875
-9999 -9999 -9999 -9999 -9999 -9999 -9999 -9999 -9999 -9999 -9999 -9999 -9999 -9999 -9999 -9999 -9999 -9999 -9999 -9999 -9999 -9999 -9999 -9999 -9999 -9999 -9999 -9999 -9999 -9999 -9999 -9999 -9999 -9999 -9999 6.4 8.44444 14.25 31.6 28.4167 17.9167 5.6 6.21429 17.875 17.6875 39.1875 49.5 42.9375 35.3125 27.3125 36.8125 51.25 53.5 108.688 130.938 132.25 142.688 181.438 230.875 300.813 466.313 570.375 727.75 927.438 1268.63 1673.06 1673.31 1277.13 847.375 617.188 444.688 323.688 244.625 182.813 144.875
-9999 -9999 -9999 -9999 -9999 -9999 -9999 -9999 -9999 -9999 -9999 -9999 -9999 -9999 -9999 -9999 -9999 -9999 -9999 -9999 -9999 -9999 -9999 -9999 -9999 -9999 -9999 -9999 -9999 -9999 -9999 -9999 -9999 -9999 9.66667 15 28.875 57.125 80.125 87.625 74.0625 33.5 38.5625 65.1875 76.625 42.875 66.4375 56.1875 61.8125 51.5 50.1875 61.75 74.75 62.5 109.563 107 132.563 166.125 215.438 315.188 529.875 699.688 808.063 973.813 1227.44 1569 1501.13 1134.06 802.75 614.125 429.75 322.188 238 154.375 84.3125
-9999 -9999 -9999 -9999 -9999 -9999 -9999 -9999 -9999 -9999 -9999 -9999 -9999 -9999 -9999 -9999 -9999 -9999 -9999 -9999 -9999 -9999 -9999 -9999 -9999 -9999 -9999 -9999 -9999 -9999 -9999 -9999 -9999 19.6 34.5625 54.8125 69.4375 109.625 119 150.188 137.563 108.188 110.688 90.9375 116.313 92.625 85.125 84.25 72.8125 68.8125 66 68.8125 74.625 85.8125 96.625 103 107.875 147 190.063 245.188 386 527.563 692.875 831.688 987.625 1098 1061.69 906.688 727.313 538.875 400.688 294.5 214.4 144 84.9375
-9999 -9999 -9999 -9999 -9999 -9999 -9999 -9999 -9999 -9999 -9999 -9999 -9999 -9999 -9999 -9999 -9999 -9999 -9999 -9999 -9999 -9999 -9999 -9999 -9999 -9999 -9999 -9999 -9999 -9999 -9999 -9999 64.3333 81.625 89.625 125.313 190 200.75 170.125 192.25 205.813 208.375 195.5 170.125 134.688 129.25 129.875 122 148.125 141.313 125.063 106.875 76.6875 96.0625 120.125 127.125 140.938 132.5 171.813 213.938 266.4 350.25 426.625 578.688 727.688 737.125 749.75 679.438 577.938 457.625 342.75 254.563 185.875 121.5 66.0625
-9999 -9999 -9999 -9999 -9999 -9999 -9999 -9999 -9999 -9999 -9999 -9999 -9999 -9999 -9999 -9999 -9999 -9999 -9999 3 6 -9999 -9999 -9999 -9999 -9999 -9999 -9999 -9999 -9999 6.66667 68.0769 221.188 262 227.75 237.375 291.133 319.375 299.25 284.188 300.563 276.133 294.125 243.125 184.125 163.438 151.938 162.125 232.75 241.938 217.938 182.688 107.938 103.75 122.125 145.938 168.938 148 161.313 183.5 231 281.75 338.5 444.625 499.125 527.5 540.875 528.375 488.5 383.25 291 217.938 154.563 98.875 60.875
-9999 -9999 -9999 -9999 -9999 -9999 -9999 -9999 -9999 -9999 -9999 -9999 -9999 -9999 -9999 -9999 -9999 -9999 5.4 9.86667 17.8667 8 -9999 -9999 -9999 -9999 -9999 -9999 -9999 3 66.375 94.1875 195.25 432.563 380.438 345.875 395.25 428.063 440.438 440.375 446.063 422.75 367.125 318.25 222.188 210.938 199.688 209.125 288.25 352.875 287.125 253.25 181.5 160.688 152.438 171.75 180.625 175.688 175.063 175.813 212.188 256.067 288.063 335.813 356 385.813 378.813 348.5 380.5 341.5 237.375 179.625 125.313 76.6875 40.3125
-9999 -9999 -9999 -9999 -9999 -9999 -9999 -9999 -9999 -9999 -9999 -9999 -9999 -9999 -9999 -9999 -9999 4 5.69231 33.375 47 48.2 14 12 -9999 -9999 -9999 20.3 56.625 127.5 152.438 310.2 263.375 348.467 538.5 502.125 554 565 520.5 528.375 551.75 527.313 452.938 361.938 282.75 307.063 313.875 308.25 317.933 374.5 356.438 374.625 327.313 254.438 224.313 234.938 224.5 216.063 193.813 226.8 199.813 215.563 239.188 256.125 272.2 288.313 280.5 254.75 213.313 185.125 155.5 129.438 87.125 48.25 16.25
-9999 -9999 -9999 -9999 -9999 -9999 -9999 -9999 -9999 -9999 -9999 -9999 -9999 -9999 -9999 6.5 5.83333 11.875 41.125 66.0625 62.875 85.3125 59.4375 85.8 49.5556 75.0909 26.8 33.75 95.375 129.313 191.188 241.938 333.813 466.438 531.938 633.5 684.375 709.563 625.125 660.5 661.375 637.5 539.563 468.375 384.875 390.813 455.563 444.688 431.125 431.688 466.563 434.438 406.938 334 293.938 284.875 269 261.688 216.313 209 192.875 194.188 200.188 203.563 199.25 210.688 202.5 182.625 153.188 112.063 96 79.4375 46.625 20.25 5.75
-9999 -9999 -9999 -9999 -9999 -9999 -9999 -9999 -9999 -9999 -9999 -9999 -9999 -9999 3 19.7333 33.5 84.1875 154.438 92.9375 136 114.938 109.625 131.688 106.625 112.438 80.125 84.625 104.75 138.375 179.688 230.313 393.688 436.375 594.625 731.625 869.75 807.25 774.125 849.125 815.188 770.875 673.5 588.688 537.5 563.125 621.813 576.5 596.188 547.063 595.313 478.438 419.5 385 390.125 328.813 298.813 260.438 240 206.438 197.5 221.688 212.438 163.688 146.813 146.375 136.125 119.438 95.125 65.8125 42.5625 45.25 14.0625 2.5 -9999
-9999 -9999 -9999 -9999 -9999 -9999 -9999 -9999 -9999 -9999 -9999 -9999 3.6 2.75 6.93333 40.625 131 117.625 232 190.438 167.313 179.313 149.125 161.563 156 136.063 127.813 108.625 141.188 170.375 216.188 260.25 325.5 435 603.438 837.813 1150.81 1012.69 873.125 1029.81 1161.25 1056.19 876.625 701.5 666.75 799.188 853.313 819.438 758.75 669.625 720.438 562.25 508.688 467 439.938 385.188 332.063 303.188 262.875 228 257.25 292.25 271.5 172.813 143.5 144.563 125.063 82.125 57.0625 22 9.75 19 3.18182 0 -9999
-9999 -9999 -9999 -9999 -9999 -9999 -9999 -9999 -9999 -9999 -9999 8 6.86667 14.0625 18.3125 102.5 245.813 284.938 340.25 267 196.313 207.375 295.533 221.75 211.25 168.813 165.375 157.875 180.375 186.625 238.125 280.875 353.188 458.313 615.188 890.688 1323 1201 1140.5 1155.38 1129.25 1059.5 850.188 730 771.438 936.688 1064.19 1042.06 984 868.875 822.188 670.5 589.188 548.125 476.25 398.063 351.063 387.313 345.438 331.563 349 370.813 284.5 246.667 225.563 214.333 199.438 100.188 63.875 30.125 7 0.333333 -9999 -9999 -9999
-9999 -9999 -9999 -9999 -9999 -9999 -9999 -9999 -9999 -9999 7.5 6.90909 17 68.375 50.5 79.625 274.063 455.938 487.313 371.125 334.563 257.625 347.188 294.333 253.438 250.688 247.5 228.933 202.125 213 250.438 294.5 364.438 466.625 612.875 847.313 1117.44 1168.44 1199.94 1405.44 1215.5 944.563 815.688 759.375 788.25 928.188 1098.94 1186.94 1110.5 992.375 895.5 725.625 627.063 545.813 490.938 453.813 397.625 432.75 477.688 446.438 494.375 370.438 343.5 356.438 285.813 267.75 230.875 146.813 89.5625 45.5625 10.9286 -9999 -9999 -9999 -9999
-9999 -9999 -9999 -9999 -9999 -9999 -9999 -9999 -9999 -9999 7 11.3125 41.5 120.25 170.563 119.813 265.375 510.375 565.125 590.25 541.813 413.375 468.938 452.625 402.438 342.438 327.438 286.188 263 255.313 258.867 304.813 358.813 436.438 546.813 695.063 835.125 905.063 967.813 1148.38 1035.13 876.813 793.75 772.438 790.625 891.375 1074.81 1221.44 1148.38 951.688 807.063 678.938 628.625 547.313 559.25 505.813 559.875 600.938 564.875 614.5 563.063 462.375 510.438 416.125 342.875 342.375 269.25 218.063 123.313 61.9375 26.0909 -9999 -9999 -9999 -9999
-9999 -9999 -9999 -9999 -9999 -9999 -9999 -9999 -9999 -9999 7.42857 44.25 107.438 117.438 260 296.438 360.938 506.375 607.625 626.625 627.438 583 565.375 563.75 486.313 411.375 379.25 358.75 328 298.125 279.667 293.75 324.75 392.875 475.375 580.688 662.25 725.438 802.625 907.5 841.5 811.813 779.625 765.438 791.5 860.188 978.063 1097.56 1066.31 952.813 844.75 716.375 647.5 628.375 699.125 638.25 728.938 795.438 687.125 715.688 645.313 559.813 649.5 480.25 481.25 412.375 255.813 194.563 156.75 61.625 17.9231 -9999 -9999 -9999 -9999
-9999 -9999 -9999 -9999 -9999 -9999 -9999 -9999 17 17.7778 9.0625 53.875 105.938 255 363.063 386.188 363.313 463.875 529.75 585 618.563 621.5 577.875 500.813 451.875 416.75 390.625 388.938 362.563 321.063 299.125 315.563 330.063 386.188 429.125 515.438 566.938 598.5 703.063 765.875 691.5 688.375 684 739.5 767.688 835.125 901.188 1080.38 1118.56 942.75 827.75 756.125 704 672.125 709.688 765.813 863.063 940.375 864.188 805.75 687.875 843.063 743.688 631.813 567.563 374.813 274.563 137.938 80.1875 38.2667 7.16667 -9999 -9999 -9999 -9999
-9999 -9999 -9999 -9999 -9999 -9999 -9999 -9999 12 43.375 33.1875 59.375 132.563 234.875 244.875 253.875 298.375 348.438 440.25 510.375 556.688 525.125 498.75 439.625 387.438 347.063 355.938 348.375 267.938 212 257.063 310.938 362.188 399.25 440.063 495.063 521.813 552.563 600.5 623.188 671 708.375 748.688 752.625 755.375 788.188 853.563 956.25 1083.31 911 783.438 738.813 708.625 695.313 717.063 736.438 826.875 988.5 956.188 882.25 794.938 958.188 797.313 702.313 613.688 492.188 346.375 263.5 122.438 22.8333 -9999 -9999 -9999 -9999 -9999
-9999 -9999 -9999 -9999 -9999 -9999 -9999 -9999 12.5556 28.375 31.6875 120.625 136.688 175.125 215.688 254.375 257.188 222.75 317 415.688 459.688 432.25 334.625 333.438 327.188 273.875 270.733 190.188 132.813 161.75 255.625 322.688 381.563 397 425.688 484.813 524.063 578.5 581.938 668.125 724.625 744.688 762.375 765 754.625 775.688 805.563 841.625 897.813 859 777.688 737.563 702.125 689 705.5 733.375 756.563 844.188 947.188 943.813 982.375 907.375 784.125 754.063 615.438 424.188 319.438 212.188 124.938 21 -9999 -9999 -9999 -9999 -9999
