public/models/data/input/map/sulut/1000/mapdem.asc
NCOLS 248
NROWS 182
XLLCORNER 510063.019283
YLLCORNER 211117.685435
CELLSIZE 1000.000000
NODATA_VALUE       -9999
[rows 99 to 131 of 182, columns 75 to 149 of 248]
-9999 -9999 -9999 -9999 -9999 -9999 -9999 -9999 -9999 -9999 -9999 -9999 -9999 -9999 -9999 -9999 -9999 -9999 -9999 -9999 -9999 -9999 -9999 -9999 -9999 -9999 -9999 -9999 -9999 -9999 -9999 -9999 -9999 -9999 -9999 -9999 -9999 -9999 -9999 -9999 -9999 -9999 -9999 -9999 -9999 -9999 -9999 -9999 -9999 -9999 -9999 -9999 -9999 -9999 6 -9999 -9999 -9999 6.85714 5.42857 9.25 12.4375 46.3125 121.25 181.625 100.5 126.625 178.25 196.313 356.625 415.25 449.375 510.688 588.688 651.563
-9999 -9999 -9999 -9999 -9999 -9999 -9999 -9999 -9999 -9999 -9999 -9999 -9999 -9999 -9999 -9999 -9999 -9999 -9999 -9999 -9999 -9999 -9999 -9999 -9999 -9999 -9999 -9999 -9999 -9999 -9999 -9999 -9999 -9999 -9999 -9999 -9999 -9999 -9999 -9999 -9999 -9999 -9999 -9999 -9999 -9999 -9999 -9999 -9999 -9999 5 -9999 5.66667 14.8667 10.6875 3.66667 4.66667 5.66667 5.5625 5.625 6.4375 16.25 28.75 71.0625 79.875 184.375 211.125 278.313 292.8 237 337.125 458.25 559.313 639.438 719.625
-9999 -9999 -9999 -9999 -9999 -9999 -9999 -9999 -9999 -9999 -9999 -9999 -9999 -9999 -9999 -9999 -9999 -9999 -9999 -9999 -9999 -9999 -9999 -9999 -9999 -9999 -9999 -9999 -9999 -9999 -9999 -9999 -9999 -9999 -9999 -9999 -9999 -9999 -9999 -9999 -9999 -9999 -9999 -9999 -9999 -9999 -9999 19 43.1111 35.0909 16.2143 33.1538 20.5 19.0625 4.4375 4.0625 6.4375 3.25 8.5625 18.375 70.9375 74.125 67.8125 43.8125 45 68.0625 212.125 356.563 434 346.625 338.188 422.813 603.125 677.438 737.688
-9999 -9999 -9999 -9999 -9999 -9999 -9999 -9999 -9999 -9999 -9999 -9999 -9999 -9999 -9999 -9999 -9999 -9999 -9999 -9999 -9999 -9999 -9999 -9999 -9999 -9999 -9999 -9999 -9999 -9999 -9999 -9999 -9999 -9999 -9999 -9999 -9999 -9999 -9999 -9999 -9999 -9999 -9999 -9999 -9999 -9999 25 62.6154 119.125 127.063 70.3125 115.563 24.4375 50.3125 3.6875 2.875 7 43.875 94.9375 87.875 193.867 182.688 266.688 123.313 170.125 83.875 200.75 459.313 401.313 483.875 503.125 517.188 569.25 648.375 736.313
-9999 -9999 -9999 -9999 -9999 -9999 -9999 -9999 -9999 -9999 -9999 -9999 -9999 -9999 -9999 -9999 -9999 -9999 -9999 -9999 -9999 -9999 -9999 -9999 -9999 -9999 -9999 -9999 -9999 -9999 -9999 -9999 -9999 -9999 -9999 -9999 -9999 -9999 -9999 -9999 -9999 -9999 -9999 -9999 -9999 -9999 66.1111 171.438 230.688 206.875 211.438 200.625 51.0625 83.5 10.75 15.6875 44.375 91.3125 153.188 243.25 318.625 265.875 449.313 148.188 272 184.75 143.75 300.813 353.313 398.938 536.938 585.813 608.25 726.188 789.75
-9999 -9999 -9999 -9999 -9999 -9999 -9999 -9999 -9999 -9999 -9999 -9999 -9999 -9999 -9999 -9999 -9999 -9999 -9999 -9999 -9999 -9999 -9999 -9999 -9999 -9999 -9999 -9999 -9999 -9999 -9999 -9999 -9999 -9999 -9999 -9999 -9999 -9999 -9999 -9999 -9999 -9999 -9999 -9999 -9999 8 81.9375 243.667 337.75 319.188 259.938 235.688 88.375 150.063 49.125 26.1875 56.8125 109.125 192.125 391.75 426 309.563 429.125 229.733 281.875 199.375 203.313 156.438 180.313 272.133 355.375 407.813 470.188 729.813 889.25
-9999 -9999 -9999 -9999 -9999 -9999 -9999 -9999 -9999 -9999 -9999 -9999 -9999 -9999 -9999 -9999 -9999 -9999 -9999 -9999 -9999 -9999 -9999 -9999 -9999 -9999 -9999 -9999 -9999 -9999 -9999 -9999 -9999 -9999 -9999 -9999 -9999 -9999 -9999 -9999 -9999 -9999 -9999 -9999 3 15.3333 111.188 154.938 193.938 318.063 347.375 350.688 173.625 178.75 78.625 103.313 103.375 110.938 231.125 379.313 521.563 450.125 374.875 379.375 383.813 338.375 319.125 217.438 183.188 328.938 466.75 650.75 623.813 798 894.125
-9999 -9999 -9999 -9999 -9999 -9999 -9999 -9999 -9999 -9999 -9999 -9999 -9999 -9999 -9999 -9999 -9999 -9999 -9999 -9999 -9999 -9999 -9999 -9999 -9999 -9999 -9999 -9999 -9999 -9999 -9999 -9999 -9999 -9999 -9999 -9999 -9999 -9999 -9999 -9999 -9999 -9999 -9999 2.66667 6.25 6.3125 9 18.9375 77.8125 232.5 436.938 463.75 328.063 290.625 123.125 152.438 235.688 164.125 225.188 397.563 367.5 520.563 464.563 333.875 533.625 421.188 392.938 218.063 233.063 334.875 505.563 569.688 781.25 946.75 850.25
-9999 -9999 -9999 -9999 -9999 -9999 -9999 -9999 -9999 -9999 -9999 -9999 -9999 -9999 -9999 -9999 -9999 -9999 -9999 -9999 -9999 -9999 -9999 -9999 -9999 -9999 -9999 -9999 -9999 -9999 -9999 -9999 -9999 -9999 -9999 -9999 -9999 -9999 -9999 -9999 -9999 5 4.625 6.625 31.625 58.9375 100.938 92.375 65.875 188.625 497.5 649 504.625 258 150.75 212.563 296.75 144 214.438 242.75 309.75 374.688 495.625 441.063 669.313 527.313 474.188 270.375 295.063 375.875 622.938 707.75 817.125 871.125 737.75
-9999 -9999 -9999 -9999 -9999 -9999 -9999 -9999 -9999 -9999 -9999 -9999 -9999 -9999 -9999 -9999 -9999 -9999 -9999 -9999 -9999 -9999 -9999 -9999 -9999 -9999 -9999 -9999 -9999 -9999 -9999 -9999 -9999 -9999 0.25 1.125 9.66667 -9999 2 2 5.6 23.7333 21.875 39.25 82.5625 183.875 172.438 103 218.813 121.063 357.25 675.375 606.375 360.563 309.25 321 321.688 169.75 286.813 430.125 525.75 504.25 538.063 547.875 604 693.188 401.375 331.8 417.813 417.313 554.938 743.688 888.75 870.688 634.563
-9999 -9999 -9999 -9999 -9999 -9999 -9999 -9999 -9999 -9999 -9999 -9999 -9999 -9999 -9999 -9999 -9999 -9999 -9999 -9999 -9999 -9999 -9999 -9999 -9999 -9999 -9999 -9999 -9999 -9999 -9999 -9999 6 3.42857 2.25 2.3125 25.0625 29.625 6.875 2.75 14.125 128.375 100.813 74.1875 205.25 305.375 318 207.75 200.188 213 245.125 563.688 698.875 572.313 472.625 412.188 393.563 286.125 301.813 496.063 645.563 749.375 638.563 622.938 716.75 708.375 358.563 365 494.625 634.813 574.813 655.25 848.438 751.813 505.125
-9999 -9999 -9999 -9999 -9999 -9999 -9999 -9999 -9999 -9999 -9999 -9999 -9999 -9999 -9999 -9999 -9999 -9999 -9999 -9999 -9999 -9999 -9999 13 -9999 -9999 -9999 -9999 -9999 -9999 5 52.0769 21.3125 4.6875 3.4375 4.3125 6.1875 45.375 150.313 73.25 100.938 244.5 265.063 177.688 365.75 510.813 496.5 221.625 246.938 381.438 176.688 332.688 543.938 641.563 638.438 561.688 505.5 586.625 376.125 551.438 860.625 993.313 841.938 728.875 822.875 626.813 404.25 547.625 490.375 715.625 816.938 833 869.125 797 491.313
-9999 -9999 -9999 -9999 -9999 -9999 -9999 -9999 -9999 -9999 -9999 -9999 -9999 -9999 -9999 -9999 -9999 -9999 -9999 -9999 -9999 -9999 -9999 2 -9999 -9999 -9999 -9999 5.66667 4.66667 4.53333 16.125 37.1875 5.125 4.75 40 24.875 6.375 59.125 275.5 375.2 432 475.938 352.25 420.75 664.438 442.5 263.75 483.375 642.375 327.688 182 291.938 415.625 610.5 756.188 667.313 736.063 489.813 694.688 1022.38 1108.75 934.938 860.313 843 644.813 537.25 625.188 501.563 683.563 906.188 1000.06 854.313 653.75 497.188
-9999 -9999 -9999 -9999 -9999 -9999 -9999 -9999 -9999 -9999 -9999 -9999 -9999 -9999 -9999 -9999 -9999 -9999 -9999 -9999 -9999 -9999 -9999 -9999 -9999 -9999 4.2 4.16667 3.9375 3.3125 4.0625 3.5625 6.375 3.9375 6.1875 5.5625 23.8125 11.6875 9.5625 63.1875 322.688 550.5 667.563 612.75 565.313 694.438 627.375 368 547 625.5 386.813 321.75 271.188 363.625 606.375 921.188 891.313 765.875 661.188 932.125 1166.5 1167.94 1021.31 964.5 926.5 772 628.563 723.188 579.75 738.813 869.375 1079.75 835.375 646.063 572.75
-9999 -9999 0 -9999 -9999 -9999 -9999 -9999 -9999 -9999 -9999 -9999 -9999 -9999 -9999 -9999 -9999 -9999 -9999 -9999 -9999 -9999 -9999 5.33333 4.7 4 5.8125 5.6875 4.9375 5.25 8.875 15.5 9.3125 7.8125 11.6875 7.75 6.6875 6.875 7.4375 15.1875 85.3125 316.188 456.5 685 703.688 890.875 797.438 469.25 700.313 825.063 572.625 526.438 456.25 402.5 634.813 809.625 920.375 781.313 789.438 947.375 1153.44 1194.31 1031.31 947.5 914.438 879.25 742.75 775.938 631.938 809.563 1038.38 1068.06 847 804.813 653.063
-9999 -9999 -9999 -9999 11.5 -9999 -9999 -9999 -9999 -9999 -9999 -9999 -9999 -9999 -9999 -9999 -9999 -9999 -9999 -9999 -9999 10 4.9 4.4375 6.125 9.5 9.625 9.1875 9.875 15.75 43 77.4375 22 82.3125 100.438 46.1875 60.875 14.5 6.75 6.3125 28.25 120.938 261.563 323.188 448.688 711.563 798.5 681.875 958.688 1023.81 795.188 680.5 708.688 533.688 565.563 725.563 954.938 875.625 960.5 995.25 1116.63 1111.31 1045 919.563 853.688 913.938 881.875 822 648.063 784.688 946.938 972.563 876.688 788.438 742.938
-9999 -9999 -9999 -9999 -9999 1 -9999 -9999 -9999 -9999 -9999 -9999 -9999 -9999 -9999 -9999 -9999 -9999 16.5 29.125 30.4167 4.4 4.3125 5.125 6.9375 9.75 27.0625 12.9375 12.6875 14.8125 53.625 69.0625 146.063 216.5 299.75 211 159.75 55.75 9.0625 10.1875 15.9375 27.625 79.1875 144.25 273.063 498.125 753.063 921.938 995.5 1024.56 925.125 900.25 741 611.75 698.313 851.375 1081.63 1021.31 950.438 865.688 999.688 1031.19 958.75 971.313 905.688 859.75 910.313 768.375 790.563 869.25 888.313 838.5 905.938 899 863.75
-9999 -9999 -9999 19 43.2857 -9999 -9999 -9999 -9999 -9999 -9999 -9999 -9999 -9999 -9999 -9999 16.3333 -9999 -9999 27 56.0833 52.8125 12.4375 3.9375 14.25 11.9375 23.9375 48.9375 17.375 14.875 20 48.9375 140.5 128.313 270.563 204.625 82.375 21.4375 56 24.8125 66.9375 36.3125 25.5625 66.375 112.813 246.267 511.813 897.063 912.063 700.375 797.063 857.75 878.563 782.563 837.75 1069.75 1171.44 1050.56 906.25 756.438 910.125 852.563 868.625 907.688 824.875 924 969.063 900.188 971.125 922.563 935.563 896.375 967.375 972.438 963.188
1.33333 7 -9999 -9999 33.5455 47.25 34.625 4.25 5 68.7 43 5 -9999 5.75 4.25 3.58333 38.2 91.3 30.8 -9999 -9999 6.5 15.0625 24.8125 23.0625 12.875 17.25 23.4375 44.4375 46 53.0625 27.5 33.875 89.5 174.438 233.063 99.4375 45.75 207.313 53.8125 175 191.563 65.625 35.25 68.0625 124.813 274.063 521.563 563.813 486.625 557.875 618.938 904.375 961 1058.5 1200.69 1145.81 874.75 841.438 697.25 704.75 621.063 666 755.938 951.25 1042.13 1116.56 1000.56 1067.19 1034.25 1045.44 1023.56 974.813 1012.88 1016.81
7.5625 15.0833 8 61.125 32.9286 122.063 176.813 57.9375 5.5 64.25 59.125 5.25 5.25 5.5625 6.5 6.75 9.8125 139 82 29.0833 24.5333 55.4375 24.6875 28.8125 57.5 118.188 73 160.375 82.9375 82.4375 185.813 116.063 48.9375 115 158.625 138.813 46.1875 65.4375 208.625 68.3125 249.25 320.813 140.188 72.3125 44.375 90.5 141.688 237.133 291.625 457.063 445.625 541.875 813.313 895.938 1005.13 1127.13 1013.56 783.5 722.875 811 595.75 504.188 590.313 790.5 921.563 1149.81 1226.69 1124.44 1157.38 1188.06 1123 1176.94 1138.5 992.25 965.313
29.125 137.313 126.733 272.25 303.375 327.5 171.5 118.813 6.1875 8.4375 21.9375 5.375 13.625 13.25 9.1875 6.0625 20.6875 103.813 208 189.813 83.9375 203.938 161.688 260 159.313 172.813 193.8 365.625 214.125 142.563 90.25 133 66.625 151.688 132.125 64.375 24.9375 189.063 276.875 65.125 256.429 360 256.933 259 199.375 71.875 71.8125 103.75 172.813 353.313 353 576.188 790.688 821.813 991.5 1007.75 930.063 704.188 649.125 786.313 574.25 455.688 542.5 702.188 821.125 1142.56 1367.5 1291.81 1281 1326.13 1157.06 1385.19 1325.56 1047.06 961.875
179.625 186.563 360.063 544.563 518.5 182.375 44.0625 21.3125 10.375 5.9375 6.1875 41.3125 164.813 138.625 8.625 7.375 6.6875 21.5 147.688 382 306.75 337.563 493.813 454.625 297.375 170.875 227.563 420.5 305.375 201.563 218.938 180.875 88.3125 88 164.188 102.563 27.9375 176.75 232.313 129.625 88.0625 237.438 374.813 489.625 446.125 319.438 210.867 77.375 85.3125 160.875 239.375 570.75 844.125 758.5 912.688 888.625 778.438 525.625 644.813 659.375 512.875 427.125 491.938 646.5 877.875 942.5 1159.44 1221.81 1228.75 1261.94 1292.94 1235.56 1161.69 1018.69 1026.69
564.375 329.375 390 575.75 609.75 301.938 112.188 106.438 69.3125 165.563 90.5 21.25 80.875 148 18.125 51.25 164.063 193.188 298 380.938 406.688 518.563 746.563 646.938 487 228.563 410.875 678.313 434.813 362.813 438.625 393.75 193.625 106.625 108.75 93.1875 42.3125 75.0625 135.467 299.25 152.563 173.125 402.063 592.25 585 621.313 442.188 389.625 218.813 89.3125 152 322.563 601.188 630.563 719.063 818.625 575 481.125 612.688 489 367.563 501.375 650.25 718.563 815.313 962.75 954.938 1065.56 1225.56 1263.25 1190 1079.88 1049.94 1030 1067.75
854.75 839.938 732.125 633.938 432.438 294.688 439.875 281.438 254.313 380.938 282 108.75 39 22.4375 29.9375 178 224.688 259.938 228.375 170.313 246.438 359.688 583.875 709.438 477.313 322.5 621.938 709.5 577.188 466.313 346.667 358.75 383.625 242.813 114.688 91.125 33.75 128.2 126.813 254.938 173.688 165.563 329.563 457.5 714.813 767.5 624.438 766.688 584 256.375 156.313 167.188 340.375 366.75 589.563 783.375 522.563 378.25 474.25 349.813 383.625 553.125 664.625 624.75 699.5 783.438 894.313 1076 1177.5 1169 1112.38 1093.75 1080.25 1046.69 1058.44
815.688 877.625 911.125 555.375 401.375 391.438 525.188 588.5 498.438 583.75 463.375 386.188 197.188 185.125 122.688 66.4375 52.8125 127.5 251.438 381.813 484.5 529.938 537.813 736.375 608.688 442.688 538.438 837.438 775.875 557.563 437 332.063 229.563 182.5 150.063 195.125 72.8125 32.875 67.6875 186 281.4 178.5 186.875 362.125 570.563 779.563 873.313 776.875 737.625 543.25 315.75 150.438 161.25 240.375 439.125 576.75 498.313 314 325.8 384 459.125 468.438 528 534.188 580.313 665.438 846.125 1018.19 1156.69 1386.06 1276.06 1144.13 1137.81 1097.31 1067.38
736 803.063 893.375 692.938 619.875 630.188 536.125 640.875 726.813 740.625 689.688 527.375 441 576.625 502.875 239.313 52 202.938 269.75 315.25 370.125 526.25 699.063 978.813 888.313 736.75 645.563 832.125 607.938 547.375 563.188 458.25 348.375 389.688 223.75 311.813 237 97.5 62.4375 95.625 283.8 231.875 143.125 306.25 447.25 506.938 686.375 787 856.625 649.188 513.063 360.125 183.625 144.063 230.5 311.813 292.125 245.938 386.563 406.75 389.813 397.125 416.375 481.563 539.563 633.625 897.688 1169.88 1359.06 1469.94 1374.75 1240.56 1237 1131.06 1078.69
710.625 778.563 882.875 867.313 765.688 836.125 737.938 733.75 874.25 860.813 771.688 662.563 604.25 571 633.188 365.875 104.375 94.8125 299 367.563 654.063 725.438 785.5 833.625 926.063 1052.13 967.625 880.063 899.375 905.563 791.313 639.25 524.563 382.75 263.313 461.313 336.875 152.25 117.188 159.125 201.875 345.063 254.125 191.063 274.063 337.25 607.625 822.375 851.875 792.813 650.875 660 427.938 197.938 206.625 218.188 224.5 325.375 371.125 370.25 355.75 389.063 408.375 454.188 523.875 667.313 830 1048.75 1345.94 1458.63 1437.63 1456.94 1495.38 1317.38 1137.94
665.813 757.25 881.938 952.25 901.438 1037.5 944.75 993.5 1115.81 962.938 705.25 624.125 524.313 434.5 499.375 268.563 269.933 295.063 300.188 444.688 621.375 561.063 658.125 719 830.75 1070.19 1301.88 1340.19 1264 1069.56 896.125 707.063 674.25 380.25 431.063 406.625 237.267 139.75 150.563 360.75 303.313 267.5 185.875 353.25 362.5 384.5 497.063 610.625 686.313 684.625 672.25 596.625 411.125 220.667 191.25 181.125 275.938 324.75 333.625 340.125 322.813 340.313 372.313 442.875 541.813 658.875 833.188 1102.56 1447.94 1399.69 1308.25 1528.94 1604.56 1422.44 1222.38
672.625 698.563 748.813 904.75 1068.31 1051.5 1033.81 1040.69 1082.75 1075.38 757 619.25 554.75 411.875 377.938 269 414.5 594.063 658.625 473.813 488 583.625 729.375 1026.5 1129.69 1230.44 1505.5 1424.06 1377.06 1139.31 774.375 568.188 512.938 495 783.938 568 300.667 176.813 176.5 437.375 416.688 339.25 240 252 399.188 562 533.813 492.875 538.75 585.188 659.5 539.063 434.75 347 320.063 230.875 253.563 319.438 335.625 322 284.438 297.938 345.688 405.188 579.063 625 745.25 1066.56 1232.88 1003.5 1267.38 1444.06 1504.25 1426.63 1428.13
697.375 823.563 804.188 784.5 988.813 1051.44 1040.63 1048 1074.56 1075.75 1042.5 730.125 558.813 422.938 323.063 254 514.5 665.938 810.563 869.438 865.625 773.813 831.188 963.938 1260.88 1473.75 1500.56 1342.94 1203.38 1010.88 965.313 862.5 674.5 816.813 806.125 527.813 544.938 266.938 181.688 355.375 484.375 466.625 326.867 313.625 509.125 541.063 652.75 635.375 646.813 660.438 656.563 655.375 547.625 406.125 366.063 255.938 232.25 268.125 261.875 222.5 246.438 260 318.188 403.063 442.875 527.313 622.438 769.063 843.125 841.313 984.688 1080.38 1153.81 1395.81 1422.56
473.438 509.5 583.5 836.625 1030.69 1047.13 1041 1060.13 1091.69 1040.75 1004.56 957.188 685.313 461.438 308.5 363.188 450.563 560.063 650.5 798.188 997.688 1059.75 1176.13 1229.25 1423.69 1453.25 1473.63 1408.63 1213.63 1074.94 965.375 868.75 742.188 696.438 704.188 464.938 435.5 159.563 242.063 523.375 515.813 438.438 404.5 327.25 335.125 372.563 500.813 559.625 601.563 658.625 633.188 536.063 475.063 426.063 277.625 266.125 209 179.75 189.5 195.813 218.125 241.938 280.813 336.375 392.563 458 518.563 594.188 652.188 710.75 811.625 887.75 1013.06 1270.81 1413.88
492.75 637.5 791.313 805.313 759.125 902.063 1053.69 1055.25 1051.94 968.063 880.5 900.188 833.125 422.438 302.688 357.938 518.688 621.438 730.313 666.438 791.25 985.938 1108.31 1285.19 1479.94 1556.63 1476.88 1447.5 1192.38 1064.75 1042.44 901.25 884.563 774 646.5 515.063 368.938 283.438 192 486.875 491.688 456.125 468.063 475.313 392.125 396.5 401.688 467.688 570.813 717.625 598.188 403.438 320.563 278.5 237.625 221.313 183 186.063 194.875 184.688 220.813 243.533 274.313 313.625 356.75 405.563 463.375 520.375 576.063 637.625 715.875 778.938 892.375 1033.88 1092.25
467.188 632.625 756.875 632.813 653.625 903.938 1105.94 1081.19 1087.19 1067.38 973.625 880.313 729.313 497.938 510.313 495.938 582.438 680.375 775.438 813.125 749 847 971.438 1128.06 1340.06 1488 1330.75 1309.38 1037.5 755 811.375 690.75 815.563 796.813 721.063 725.313 677.125 406.188 194 407.375 355.688 416.813 444.313 461.188 468.438 434.75 380.438 558.375 739.688 817 753.375 535.938 409.5 323.313 304.125 232.75 186.938 187.813 196.188 196.938 230.313 253 278 309.688 342.875 384.438 433.438 478.313 526.563 584.688 649.688 727.938 789.313 876.938 1018.5
