public/models/data/input/map/sulut/1000/mapdset.asc
NCOLS 248
NROWS 182
XLLCORNER 510063.019283
YLLCORNER 211117.685435
CELLSIZE 1000.000000
NODATA_VALUE       -9999
[rows 66 to 98 of 182, columns 148 to 221 of 248]
-9999 -9999 -9999 -9999 -9999 -9999 -9999 -9999 -9999 -9999 4077.14 3632.03 2860.57 2072.21 1235.82 737.76 1115.66 1384.9 1659.93 1767.12 1931.22 2208.02 2412.23 2637.46 2273.57 1931.9 1379.38 1009.72 1453.54 1209.71 787.242 1167.43 2051.41 2268.09 2412.23 2800.4 2918.41 2630.99 2002.27 1323.76 831.743 886.467 1227.62 1296.95 704.439 376.952 658.789 1475.71 2601.2 3252.98 2809.78 1857.6 789.5 251.016 69.1754 414.201 1121.3 922.085 1019.66 1660.81 2668.42 3619.64 4313.25 4233.91 3813.85 3805.5 3755.58 3159.43 2462.93 1745.44 1026.19 855.6 -9999 -9999
-9999 -9999 -9999 -9999 -9999 -9999 -9999 -9999 -9999 -9999 3558.15 2929.04 2264.72 1926.13 1778.13 1556.43 996.217 554.801 847.328 870.084 993.271 1277.73 1479.32 1758.55 1372.37 1453.9 1824.57 1918.44 1948.93 1493.51 1234.16 1399.98 1728.23 1398.56 1479.32 1957.67 2116.99 2370.38 1978.9 1084.87 378.114 642.749 1419.62 1444.15 529.382 397.307 947.773 1675.28 2632.4 3299.15 3054.65 2138.59 1222.05 557.487 203.601 614.012 1237.9 578.319 470.418 1202.26 2321.36 3243.58 3600.79 3287.91 2857.6 2869.71 3075.29 2543.75 1687.83 1175.52 597.131 529.747 -9999 -9999
-9999 -9999 -9999 -9999 -9999 -9999 -9999 -9999 -9999 -9999 -9999 -9999 1238.44 948.909 1264.52 1381.69 1045 496.788 627.013 605.423 439.672 561.462 711.756 952.435 488.736 816.122 1729.12 2310.78 1654.34 853.436 474.789 663.687 1219.13 670.123 798.776 1070.03 1035.83 1655.86 1945.6 1262.59 621.147 1042.91 1663.87 1438.47 835.673 985.695 1139.97 1344.46 2138.59 3056.2 3364.13 2817.64 2002.21 1462.85 1116.37 1224.08 1639.33 1194.96 1072.51 1551.23 2579.61 3307.28 3021.19 2258.61 1727.27 1744.7 2174.02 2036.74 1020.7 439.288 575.83 950.865 -9999 -9999
-9999 -9999 -9999 -9999 -9999 -9999 -9999 -9999 -9999 -9999 -9999 -9999 801.501 496.528 811.945 624.597 1109.63 615.558 490.21 1050.33 1047.4 726.349 473.361 506.708 614.56 1158.58 1812.85 1948.16 1147.46 576.914 542.104 854.884 1442.43 1134 1130.22 831.025 536.517 1298.84 1715.86 1196.52 525.861 1045.61 1595.68 1052.53 384.842 738.496 540.072 744.57 1795.47 2751.44 3528.82 3432.62 2810.64 2401.01 2050.7 1860.95 1553.99 1405.17 1702.11 2239.85 3017.68 3354.54 2662.23 1711.47 865.314 906.632 1633.54 1993.73 1176.92 623.661 622.439 980.502 -9999 -9999
-9999 -9999 -9999 -9999 -9999 -9999 -9999 -9999 -9999 -9999 -9999 -9999 -9999 797.228 811.274 358.923 1213.54 755.907 1007.95 1383.22 996.82 759.126 716.413 894.788 1403.72 1689.61 1523.12 1249.05 996.504 641.981 1051.51 1678.87 1918.7 1510.92 1324.53 1210.41 1014.46 1426.72 1310.22 774.928 898.633 1424.38 1745.3 1135.93 620.424 856.491 508.462 743.616 1793.74 2700.24 3448.39 3774.76 3656.57 3220.61 2571.7 1793.61 851.505 772.228 1542.86 2445.61 3371.87 3461.25 2600.1 1643.85 727.945 777.913 1564.45 2291.29 1925.04 1529.76 1450.2 1274.86 -9999 -9999
-9999 -9999 -9999 -9999 -9999 -9999 -9999 -9999 -9999 -9999 -9999 -9999 -9999 -9999 -9999 -9999 -9999 -9999 1425.18 1376.41 444.913 315.724 904.988 1632.08 2092.47 1661.25 975.563 475.459 1014.8 1367.88 1708.81 2265.35 1835.48 1012.92 691.039 1218.02 1815.1 1737.1 952.678 230.096 588.201 1182.36 1809.69 1723.04 1437.94 1558.82 1262.08 1347.56 2047.28 2443.68 2782.44 3193.28 3766.51 3450.22 2524.78 1571.36 545.192 511.228 1390.66 2346.91 3442.5 3730.47 2939.24 2074.51 1481.48 1502.34 2025.14 2806.85 2852.94 2484.12 2362.99 2385.78 -9999 -9999
-9999 -9999 -9999 -9999 -9999 -9999 -9999 -9999 -9999 -9999 -9999 -9999 -9999 -9999 -9999 -9999 -9999 -9999 -9999 -9999 8.08614 124.983 732.812 1648.02 2101.47 1241.78 531.353 579.875 1280 1980.62 2090.95 1877.46 1550.11 737.943 461.963 922.733 1734.96 1975.35 1271.51 722.974 386.91 829.554 1735.55 2507.23 2550.26 2640.7 2345.82 2118.41 1670.47 1424.23 1709.2 2384.59 3438.7 3686.55 2892.51 1982.9 1223.08 1170.86 1798.27 2632.46 3398.62 3725.81 3447.82 3032.11 2607.6 2620.55 3001.11 3488.73 3933.54 3613.77 3386.67 3340.43 -9999 -9999
-9999 -9999 -9999 -9999 -9999 -9999 -9999 -9999 -9999 -9999 -9999 -9999 -9999 -9999 -9999 -9999 -9999 -9999 -9999 -9999 89.7012 157.806 620.051 1429.99 1899.17 1494.02 1040.96 1153.98 1598.99 1788.87 1385.09 947.873 1259.47 976.594 429.674 470.963 1327.45 2010.29 1942.56 1534.9 1168.13 1407.72 2074.54 2909.21 3035.44 3025.17 2736.58 1938.04 937.28 586.876 1085.75 1992.44 3118.52 3742.42 3341.82 2661.68 2151.71 2057.73 2276.04 2409.93 2535.64 2943.08 3419.71 3768.45 3563.85 3576.8 3957.36 4353.45 4764.49 4562.98 4155.1 3888.89 -9999 -9999
-9999 -9999 -9999 -9999 -9999 -9999 -9999 -9999 -9999 -9999 -9999 -9999 -9999 -9999 -9999 -9999 -9999 -9999 -9999 -9999 134.435 485.836 1050.36 1265.45 1192.97 1476.15 1698.99 1443.07 1004.88 1156.13 986.006 512.387 1042.16 1113.75 479.014 350.887 1115.84 1995.59 2159.16 1556.18 1177.65 1460.68 2019.07 2615.69 2401.88 2329.7 2405.29 1803.06 767.374 497.89 1083.86 1992.44 3123.14 3942.53 3988.57 3557.39 3069.13 2629.49 2091.69 1587.58 1588.93 2129.13 2944.73 3847.94 4389.62 4530.72 4847.68 5113.61 5495.47 5445.02 5310.78 -9999 -9999 -9999
-9999 -9999 -9999 -9999 -9999 -9999 -9999 -9999 -9999 -9999 -9999 -9999 -9999 -9999 -9999 -9999 -9999 -9999 -9999 402.369 141.996 733.189 1300.46 838.289 408.557 1048.46 1712.7 1300.89 477.267 742.203 757.52 575.808 1211.23 1264.4 946.29 904.156 1438.62 1863.4 1730.67 1046.61 426.097 748.592 1539.97 1925.57 1454.78 1396.12 1813.37 1929.24 1347.56 1262.08 1692.46 2383.39 3482.99 4390.66 4755.05 4325.87 3411.3 2521 1588.93 748.601 748.601 1588.93 2535.64 3491.89 4549.55 4998.45 4861 4769.21 5156.56 5429.69 5491.46 -9999 -9999 -9999
-9999 -9999 -9999 -9999 -9999 -9999 -9999 -9999 -9999 -9999 2557.59 2610.3 2927.61 2956.02 2724.9 -9999 -9999 -9999 216.532 601.95 670.382 1112.56 1608.2 1277.56 998.692 1404.21 1554.5 1040.75 953.553 1237.03 899.746 714.995 684.867 804.888 1452.84 1543.82 1109.89 1017.04 933.456 567.957 543.412 557.029 1134.21 1024.39 541.26 429.893 886.671 1381.18 1431.39 1808.57 2439.69 2930.73 3577.93 4087.39 4512.08 4553.37 3595.44 2639.47 1698.66 882.314 748.601 1588.93 2535.64 3491.35 4303.48 4216.59 3827.32 3664.22 4049.31 4300.44 -9999 -9999 -9999 -9999
-9999 -9999 -9999 -9999 -9999 -9999 -9999 -9999 -9999 -9999 1846.85 1817.56 2255.02 2359.28 1727.01 1091.2 -9999 0 136.122 489.922 717.369 825.883 1491.14 1936.84 1946.34 2059.16 1533.77 698.258 892.151 1632 1659.36 1433.17 806.025 783.925 1397.29 1129.62 464.78 411.526 575.502 428.546 421.414 199.904 626.568 480.125 128.242 75.93 244.711 655.985 625.914 1282.85 2144.81 2427.84 2744.16 3180.21 3792.74 4508.9 3991.81 3056.15 2254.97 1698.66 1588.93 2129.13 2944.73 3836.95 3786.08 3275.26 2871.07 2707.97 3101.37 3384.47 -9999 -9999 -9999 -9999
3104.88 -9999 -9999 -9999 -9999 -9999 -9999 -9999 1479.83 724.264 544.698 896.035 1665.13 1809.36 1029.06 224.798 0 62.4668 356.753 932.594 784.467 603.411 1282.6 2195.42 2827.38 2692.06 1935.36 1314.1 1446.01 2108.81 2470.65 2157.72 1604.99 1559.25 1780.26 1258.04 672.241 538.895 681.854 660.606 355.269 145.494 247.429 196.088 146.571 170.705 124.181 393.864 242.359 894.729 1569.3 1520.85 1820.38 2440.4 3294.71 4232.47 4375.77 3607.32 3056.15 2639.47 2535.64 2944.73 3481.48 3951.23 3232.86 2453.15 1922.92 1751.72 2159.05 2965.07 -9999 -9999 -9999 -9999
2481.11 1996.79 1695.46 1688.74 1933.45 1864.83 2187.4 2447.64 1511.71 773.198 530.498 691.771 1555.24 1644.62 784.945 171.427 16.9205 151.418 655.417 1482.39 1453.49 1237.38 1671.58 2503.22 3453.63 3266.64 2666.45 2242.53 2347.66 2773.83 2834.12 2248.61 1739.56 1741.63 2054.61 1941.97 1544.23 1278.97 1158.31 657.706 181.12 70.9312 49.3942 52.5585 470.641 698.777 399.763 240.939 184.025 810.691 1103.7 643.595 1067.69 1939.87 2889.19 3845.44 4652.08 4403.34 3991.81 3595.44 3491.89 3866.5 4069.38 3793.37 2776.37 1880.52 1088.22 803.188 1052.71 -9999 -9999 -9999 -9999 -9999
1467.22 1119.73 836.747 955.382 1115.86 1065.77 1725.75 2488.56 2073.11 1643.85 1550.65 1620.55 2091.41 2075.58 1296.28 578.023 258.871 704.776 1231.86 1977.27 2493.62 2352.43 2647.55 3135.18 4008.8 4151.92 3769.23 3373.14 3438.58 3386.67 2648.32 1695.63 825.875 874.012 1620.94 2471.49 2264.77 1659.86 1202.43 671.176 341.735 29.1004 123.086 138.583 472.682 878.299 757.293 457.225 280.922 640.036 672.651 181.527 754.222 1699.95 2656.2 3612.45 4727.33 5304.62 5109.87 4705.73 4534.57 4405.45 3663.53 3032.47 2249.29 1363.46 562.88 269.224 390.165 -9999 -9999 -9999 -9999 -9999
906.493 408.295 342.675 700.201 625.403 626.331 1466.56 2412.1 2815.54 2490.69 2361.18 2468.62 2837.23 2623.34 1932.89 1363.19 985.376 1399.24 2021.4 2584.2 3249.13 3307.91 3603.8 3999.9 4598.64 4980.99 4725.34 4329.39 4206.73 3544.32 2592.33 1638.83 726.929 772.228 1561.58 2423.87 1992.44 1085.75 605.823 854.975 347.698 28.665 300.253 567.308 661.009 356.457 238.698 158.777 224.738 684.48 908.012 714.899 1214.66 2034.71 2974.62 3930.87 5061.63 5812.36 5677.07 5112.09 4670.5 4101.53 3205.49 2311.52 1565.9 962.813 411.262 478.883 -9999 -9999 -9999 -9999 -9999 -9999
783.03 350.258 587.632 1133.04 1056.58 1090.9 1755.79 2651.91 2854.43 2430.78 2212.73 2413.37 2918.48 3118.87 2714.86 2250.8 1932.08 2237.62 2751.58 3383.25 3983.2 4246.04 4560.05 4956.15 5435.49 5788.79 5674.69 5285.64 4819.63 3913.61 2960.65 2120 1522.85 1546.05 2067.26 2687.67 1992.44 1085.75 609.118 781.534 219.292 14.4887 103.362 277.519 441.15 293.376 58.2864 72.6333 746.097 1365.68 1694.87 1654.24 2013.57 2577.29 3387.05 4326.96 5447.95 5991.85 5450.62 4586.04 3870.02 3407.82 2757.16 1881.08 884.02 515.996 387.172 588.07 -9999 -9999 -9999 -9999 -9999 -9999
1335.58 1105.35 1347.86 1881.67 1976.35 1990.99 2416.31 2926.77 2331.84 1604.41 1303.24 1565.08 2445.48 3269.61 3513.5 3198.98 2888.33 3180.87 3586.51 4083.88 4836.27 5179.45 5516.3 5912.4 6381.07 6709.11 6625.39 6179.77 5264.65 4312.45 3472.35 2919.46 2476.35 2489.3 2879.4 3175.15 2384.59 1709.2 1415.52 1228.08 520.727 169.841 250.132 383.772 432.623 323.565 287.758 520.32 1212.79 2051.07 2577.68 2607.1 2949.54 3365.91 3919.34 4733.58 5787.92 5908.87 5054.26 4102.13 3090.33 2517.68 2097.93 1763.01 963.561 610.96 359.759 252.795 -9999 -9999 -9999 -9999 -9999 -9999
1875.3 1841.87 2217.96 2748.72 3079.66 3120.35 3394.45 3019.12 1940.2 1009.72 493.271 969.793 2071.36 3027.61 3929.68 4246.47 4019.58 4312.12 4708.21 5104.31 5672.94 6237.75 6645.96 7042.62 7474.48 7743.72 7593.29 6850.77 5747.89 4948.43 4436.19 4037.35 3607.6 3620.55 3984.38 3883.06 3199.25 2794 2482.96 2059.79 1433.75 1065.12 942.846 987.485 1045.11 873.303 1202.96 1576 2069.03 2682.35 3440.18 3713.17 4080.24 4476.34 4877.92 5385.68 6056.6 5541.93 4585.68 3629.43 2502.3 1633.87 1051.13 1136.26 1624.58 1219.38 733.196 342.846 -9999 -9999 -9999 -9999 -9999 -9999
1075.82 1223.77 1979.29 2896.28 3638.62 3837.9 3933.78 3258.82 2187.29 1392.49 1020.88 1353.61 2314.87 3268.37 4224.62 4987.84 4975.83 5268.37 5664.46 6060.56 6537.94 7025.8 7507.12 7752.34 7762.78 7703.96 7577.16 7042.61 6289.4 5789.08 5389.69 4993.6 4563.85 4576.8 4862.56 4634.46 4146.34 3747.55 3340.35 2846.38 2181.72 1509.45 792.245 488.199 1232.84 1713.76 2112.8 2518.9 2995.47 3430.67 4033.86 4579.22 5036.49 5432.59 5828.68 6190.23 6041.61 5173.67 4264.36 3351.38 2226.35 1280.95 524.909 636.717 1598.4 1880.1 1475.44 1138.89 -9999 -9999 -9999 -9999 -9999 -9999
615.503 707.792 1592.26 2548.51 3217.88 3503.42 3670.41 3164.03 2251.73 1760.77 1664.96 2022.91 2803.81 3667.76 4606.63 5454.47 5894.85 6224.62 6620.71 7016.8 7447.9 7643.12 7651.77 7425.91 6987.31 6784.57 6720 6504.51 6586.83 6558.7 6321.94 5949.69 5520.1 5533.05 5777.89 5568.01 5100.62 4674.47 4186.01 3527.14 2504.36 1564.45 768.353 646.01 1463.69 2338.9 2998.28 3456.06 3943.49 4348.46 4783.01 5333.15 5981.13 6388.84 6738.81 6660.52 5755.3 4810.38 3944.11 3212.69 2236.38 1342.56 642.318 650.849 1614 2287.18 2465.19 -9999 -9999 -9999 -9999 -9999 -9999 -9999
609.939 498.873 1378.79 2226.32 2320.07 2562.12 2833.36 2522.65 1746.97 1164.69 1254.33 1958.35 3006.86 3856.41 4527.56 5262.61 6268.52 7005.38 7555.16 7813.39 7563.98 7258.69 6888.57 6494.46 6031.06 5828.32 5763.75 5571.36 5930.02 6287.46 6565.92 6675.22 6470.53 6489.3 6733.18 6523.94 6032.74 5539.26 4875.53 3980.17 2856.77 2025.14 1502.34 1410.48 1854.66 2491.26 3239.64 4051.76 4831.85 5295.83 5700.15 6125.45 6778.67 7293.43 7220.68 6482.19 5363.21 4407.23 3466.43 2645.38 1876.28 1065.35 377.915 599.225 1569.31 2178.96 2603.55 -9999 -9999 -9999 -9999 -9999 -9999 -9999
1038.07 958.265 1575.03 1607.3 1199.9 1531.58 2048.6 1729.83 964.293 557.608 807.871 1630.9 2545.96 3144.25 3844.48 4765.95 5897.2 6853.45 7751 7741.36 6765.25 6177.5 5759.57 5363.21 4899.81 4697.07 4632.5 4440.11 4802.55 5198.64 5595.5 6005.03 6607.7 7246.35 7685.24 7540.08 6975.32 6290.9 5368.65 4412.58 3340.51 2587.59 1752.72 1055.64 1169.58 1878.24 2791.93 3748.18 4878.74 5798.58 6563.42 7137.63 7676.06 7722.31 6987.31 6031.06 4899.81 3943.56 2987.31 2031.06 1062.2 629.527 415.189 539.88 -9999 -9999 -9999 -9999 -9999 -9999 -9999 -9999 -9999 -9999
1901.88 1813.81 1816.74 1152.61 519.462 1007.38 1358.43 1112.96 490.931 605.788 1115.67 1369.9 1799.56 2497.1 3413.61 4369.86 5501.11 6449.97 7209.21 7275.76 6305 5437.16 4832.52 4407.23 3943.56 3740.82 3676.25 3483.86 3846.3 4243.44 4657.32 5162.28 6048.46 6867.77 7393.08 7479.52 6997.45 6274.83 5440.31 4545.23 3466.21 2514.93 1559.16 643.441 629.325 1530.2 2486.45 3442.7 4573.95 5530.2 6486.45 7420.57 8202.67 7753.06 6804.13 5847.88 4716.63 3760.38 2804.13 1847.88 780.024 510.544 921.848 907.938 -9999 -9999 -9999 -9999 -9999 -9999 -9999 -9999 -9999 -9999
2857.21 2637.16 2133.62 1266.39 783.55 962.321 658.42 484.238 580.729 883.958 877.69 623.112 1170.86 2092.33 3048.58 4004.83 5135.53 6001.53 6434.92 6628.27 5905.75 4953.89 4084.82 3472.81 2987.31 2784.57 2720 2527.61 2890.81 3304.98 3817.24 4550.28 5550.34 6104.8 6459.31 6565 6157.67 5678.89 5059.22 4344.44 3470.75 2728.64 1862.44 1052.98 896.649 1669.29 2610.71 3566.96 4698.21 5654.46 6610.71 7566.96 8421.18 7859.9 6903.65 5947.4 4816.15 3859.9 2903.65 1947.4 856.589 420.865 814.836 1291.36 -9999 -9999 -9999 -9999 -9999 -9999 -9999 -9999 -9999 -9999
3580.42 3197.41 2580.8 1978.28 1606.12 1309.09 781.79 712.782 1067.66 1077.88 524.227 561.675 1232.24 2151.88 3108.13 4064.38 5142.06 5553.13 5531.09 5773.56 5500.5 4553.4 3600.31 2708.22 2031.06 1829.66 1765.09 1571.36 1948.01 2457.59 3197.94 4078.27 4789.93 5173.7 5503.06 5664.13 5207.84 4805.33 4336.36 3719.19 2945.1 2356.99 1906.75 1683.54 1747.56 2241.22 3011.85 3955.29 5086.54 6042.79 6999.04 7955.29 8710.38 8011.04 7054.79 6098.54 4967.29 4011.04 3054.79 2098.54 994.891 409.578 336.005 -9999 -9999 -9999 -9999 -9999 -9999 -9999 -9999 -9999 -9999 -9999
2856.77 2512.6 2538.23 2609.38 1815.62 1000.26 780.161 912.221 600.22 1134.61 1274.95 1445.63 2043.4 2681.55 3558.26 4456.08 4894.36 4574.73 4403.87 4649.81 4839.73 4089.25 3133.88 2177.63 1120.81 782.225 796.941 539.784 972.353 1747.68 2599.7 3195.3 3747.53 4111.95 4371.81 4684.76 4226.29 3696.24 3284.7 2853.1 2132.35 1462.48 967.235 1125.86 2020.2 2869.63 3578.39 4411.74 5535.05 6491.3 7446.28 8374.26 9066.86 8438.49 7493.6 6537.35 5406.1 4449.85 3494.15 2547.84 1534.86 1207.11 -9999 -9999 -9999 -9999 -9999 -9999 -9999 -9999 -9999 -9999 -9999 -9999
2025.14 1564.45 1634.82 2079.3 1717.24 903.63 665.437 925.543 649.867 1342.27 2008.99 2387.12 2875.18 3394.91 3994.24 4315.25 3999.04 3618.48 3447.62 3693.56 4071.52 3731.91 2829.63 1873.38 773.773 280.273 332.781 338.271 656.071 1313.95 1841.26 2328.29 2916.8 3174.23 3415.56 3761.6 3590.16 2900.21 2349.04 1980.92 1564.34 816.138 354.983 723.982 1803.24 2759.49 3709 4642.97 5769.3 6692.1 7506.79 8171.64 8671.61 8588.49 7874.04 6933.44 5802.19 4846.99 3907.21 3111.52 -9999 -9999 -9999 -9999 -9999 -9999 -9999 -9999 -9999 -9999 -9999 -9999 -9999 -9999
1502.34 768.353 808.603 1498.12 1607.44 1027.45 925.929 1225.84 1470.78 1922.63 2552.05 3062.09 3547.69 4055.74 4288.43 3739.56 3048.28 2662.23 2491.37 2737.31 3232.74 3499.41 2907.73 1955.98 980.111 523.216 410.432 663.901 648.163 662.049 1007.65 1498.77 2031.69 2238.33 2459.31 2805.35 2862.09 2340.51 1547.87 1043.33 1111.04 577.432 471.94 1061.57 2049.49 3000.25 3956.5 4912.75 6003.2 6563.83 6887.9 7292.12 7760.86 8095.96 8028.34 7318.17 6202.88 5297.6 4479.25 3511.73 -9999 -9999 -9999 -9999 -9999 -9999 -9999 -9999 -9999 -9999 -9999 -9999 -9999 -9999
1477.65 603.97 452.151 1130.37 1071.44 491.552 374.483 945.99 1891.78 2215.14 2267.95 2615.76 3211.89 3997.05 4108.18 3288.18 2258.61 1711.47 1535.12 1790.21 2569.82 3350.85 3231 2425.39 1763.31 1370.75 956.906 449.683 342.392 277.274 458.99 667.852 1284.06 1297.56 1503.06 1854.46 2009.3 1865.36 1043.33 377.872 914.38 1047.09 1135.05 1716.81 2548.1 3401.83 4352.59 5308.84 6012.32 5879.84 5955.98 6336.54 6805.12 7200.71 7551.29 7543.56 6661.39 6083.08 5065.66 -9999 -9999 -9999 -9999 -9999 -9999 -9999 -9999 -9999 -9999 -9999 -9999 -9999 -9999 -9999
1954.69 1263.83 1094.94 1001.95 416.702 639.645 813.19 1202.75 1806.81 1363.42 1203.94 1623.65 2629.43 3540.1 3677 2857.6 1727.27 861.364 529.852 1031.08 2123.14 3069.07 3595.46 3356.94 2869.25 2348.2 1620.35 1060.12 1031.23 1009.99 799.813 592.61 820.222 351.832 519.563 867.962 947.016 1406.2 1367.54 1024.01 1441.17 1957.96 2204.86 2614 3316.64 4011.14 4798.54 5349.88 5101.74 4762.6 4824.73 5205.29 5673.96 6079.3 6575.62 7263.65 7394.29 -9999 -9999 -9999 -9999 -9999 -9999 -9999 -9999 -9999 -9999 -9999 -9999 -9999 -9999 -9999 -9999 -9999
2601.51 2135.57 1645.2 886.921 603.845 1191.82 1615.82 1781.61 1607.56 852.655 597.34 1241.3 2357.6 3294.94 3602.7 2870.55 1743.28 864.452 521.477 1107.37 2208.57 3164.82 4048.48 4252.03 3698.64 2983.46 2394.72 2001.72 1987.48 1914.16 1672.41 1482.44 1052.94 367.913 427.799 486.397 462.028 1248.82 1916.94 1959.97 2295.34 2735.4 3145.39 3542.66 4067.44 4605.32 4843.08 4606.06 4145.49 3806.35 3868.48 4249.04 4726.95 5232.18 5952.27 6785.36 -9999 -9999 -9999 -9999 -9999 -9999 -9999 -9999 -9999 -9999 -9999 -9999 -9999 -9999 -9999 -9999 -9999 -9999
3485.82 2924.58 2133.07 1446.01 1312.41 1855.69 2043.88 1589.96 1132.36 995.283 970.458 1449.37 2429.28 3352.72 3855.32 3248.02 2184.39 1521.58 1281.77 1665.15 2615.52 3560.91 4511.65 5012.99 4323.14 3747.06 3328.18 2957.97 2943.73 2861.49 2619.74 2293.82 1501.63 1011.26 1103.98 1036.98 986.438 1581.8 2420.95 2853.67 3242.74 3641.77 4058.13 4449.19 4724.24 4672.23 4332.94 3734.56 3189.24 2850.1 2912.23 3292.79 3867.94 4567.27 5351.89 5998.73 -9999 -9999 -9999 -9999 -9999 -9999 -9999 -9999 -9999 -9999 -9999 -9999 -9999 -9999 -9999 -9999 -9999 -9999
