public/models/data/input/map/sulut/1000/mapdem.asc
NCOLS 248
NROWS 182
XLLCORNER 510063.019283
YLLCORNER 211117.685435
CELLSIZE 1000.000000
NODATA_VALUE       -9999
[rows 132 to 164 of 182, columns 75 to 149 of 248]
381.875 410.625 473.063 471.125 650 917.063 1114.31 1107.06 1186.06 1169.63 1135.88 1013.81 760.5 767.75 902.375 903.875 685.25 743.875 846.5 846.875 762.125 848.063 980.75 1161.19 1357.25 1429.44 1277.44 1103.06 758.313 590.063 545.5 462.688 477.063 507.813 436.938 431.813 395.188 342.938 182.75 211.625 229.8 316.688 377.75 358.938 388.875 401.563 393.063 508.938 704.5 837.625 852.5 603 477.813 442.125 339.125 253.188 184.25 190.813 201.625 212.5 234.313 249.313 275.688 299.563 334 374.563 416.563 451.25 489.188 552.75 609.625 664.438 771.75 860.75 1028.88
465.75 406.375 408.875 536.188 703.563 906.188 955 974 1031.13 1119.69 1139.38 1135.81 888.5 851.875 1045.06 1092.38 1103.88 939.188 941.813 994.75 898.438 889.063 1001.31 1119.19 1273.88 1370.63 1218.75 1100.19 866.938 741.5 565.875 559.313 495.688 418.375 374.867 299.875 251 316.688 343.875 142.813 98.5625 169.125 242.563 320.75 309.625 379.5 379.688 436.5 490.188 644 614.625 480.688 559 566.75 373.063 221.313 183.563 189.063 201 213.438 230.125 249.375 260.067 285.75 366.125 437 582.5 621 600.938 646 673.938 653.813 684.625 828.875 924.313
403.375 440.688 413.875 447.313 614.125 788.125 791.938 803.313 897.813 944.5 1048.94 1113.56 918.75 872.438 1009.69 1108.06 1128.06 1170.56 1183.38 1134.13 1101.25 1117.31 1169.38 1210.31 1294.19 1397.94 1312.5 1068.63 944.25 827.875 772.813 865.688 719.75 609.188 525.5 381.688 459.375 495.875 290.813 166.5 107.688 125.313 208.75 347.375 382.313 409.938 357.5 424.625 533 659.375 637.688 596.75 548.688 467.813 285.813 196.188 182.688 187.25 199.375 208.375 223 235.688 248.25 299.533 531.188 642.938 632.813 804.375 889.438 898.188 863.625 784.688 772.313 750.75 846.313
336 379.875 463.5 457.375 481.75 536.75 620.125 700.563 744.25 820.563 1012.69 1019.31 964.063 998.438 970.125 1091.38 1173.31 1173.06 1250.75 1319.88 1393.63 1367.63 1325.69 1341.88 1253.06 1195.19 1223.25 1137.88 968.188 874.375 922.125 843.063 740.5 565.438 403.188 510.875 472.063 246.938 140.375 120.563 112.375 116.563 127.688 249.375 313.188 297.125 306.563 347.375 456.438 615.438 797.563 762.563 536.813 377.125 281.25 237.25 166.188 186.75 195 205.688 214.313 225 231.75 349.25 612.063 821.938 761.188 880.5 969.125 987.188 841.438 673.688 654.875 670.5 737.813
422.625 371.938 441.25 454.75 535.25 535.75 548.438 697.563 788.688 808.938 999 1008.88 1056.06 1099.19 1054.06 1146.81 1158.19 1198.44 1236.56 1304.81 1364.69 1265.88 1242.88 1236.31 1113.44 974.375 1119.19 1106.13 1054.13 923.25 808.875 693.063 709.188 593.813 541.5 541.813 307.188 133.188 119.438 109.938 111.563 114.5 122.125 148.875 188.125 227.467 250.813 264.125 381.25 504.188 639.625 757 556.625 415.063 293.25 228.313 181.25 187.5 194.625 202.438 204.438 220.563 259.563 445.375 774.375 914.125 854.188 860.063 886.375 920 866 775 609.438 606 619.625
540.375 475.813 472.375 483.188 536.75 589.938 617.063 626.563 765.875 896 1071.94 1044 1077.75 1080.81 1050.75 1015.44 1063.13 1156.5 1290.06 1338.31 1313 1180.63 1107.25 1058.88 986.688 875.5 1044.81 1006.69 950.75 843.875 847.875 707.438 625.813 589.25 474.313 334.467 157.067 117.563 130.375 115.563 111.313 121.5 198.188 165.375 136 201.313 173.375 225 296.063 401.438 468.313 513.313 433.188 296.875 262.375 210.188 214.438 193.625 190.125 197.125 201.75 220.533 371.625 597.813 845.875 855.25 740.875 782.063 888.938 917 790.938 713.25 609.563 502.188 486.375
438.125 500.563 590.063 579.125 611.75 693.25 778.375 784.313 822.188 979.75 965.875 950.688 1034.56 904.375 1034.25 940.5 958.875 1101.25 1187.06 1287.13 1270.88 1241.63 1128.88 967.063 741.188 746.813 937.75 939.063 808.938 664.938 840.813 712.813 588 400.938 278.125 174.188 119.5 132.438 160.125 131.438 113 145.5 254.563 222.063 137.688 148.063 150.125 171 206.188 257.438 288.313 370.813 386.5 424 328.938 347.375 316.5 248.188 208.875 220.125 204.625 285 521 754.188 894.813 811.313 711.438 702.188 765.75 743.875 808.563 731.625 542.375 401.438 384.813
405.313 496 649 683.875 712.25 850.938 911.813 991.438 1000.75 955.438 887.5 863.563 786.375 783.188 848.938 879.188 891.875 960.688 1063.25 1101 1134.13 1070.56 1048.69 948.875 649.813 645.125 746.875 808.5 627.25 547.688 692.313 519.375 474.875 283.188 180.75 135.813 117.625 143.188 204.063 177.063 157.188 152.813 276.188 189.5 172.563 207 189.875 286.625 181.063 185.688 227 371 620.25 593.875 451.375 484.375 391.938 309.813 231.333 206.938 227.188 354.375 663.375 855.875 853.25 772.875 785.125 716.625 632.25 574.375 568.25 508.563 408.625 309.688 321.313
488.625 590.5 643.938 626.063 750.563 882.938 1076.75 1166.88 1041.88 895.563 747.563 763.5 661.563 653.563 797.125 865.063 824.938 874.938 954.875 999.375 1074 937.375 835.625 774.875 710.75 463.375 510.125 551.25 494.625 530.25 456.313 352.813 281.688 187.813 133.563 117.813 118.375 136.625 208.267 241.75 222.188 197.625 194.938 178.125 239.75 265.25 295.75 341.313 212.25 205.063 291.063 475.313 713.375 767.625 661.063 524.938 395.625 364.75 270.5 206.313 287.75 425.188 654.188 930 929.375 897.625 851.75 762.313 738.438 775.188 598.188 676 596.625 446.75 307.688
660.75 628.938 688.438 652.75 699.063 765.125 862.188 1036.13 1033.5 1010.56 746.688 599.625 657.25 572.375 698.563 726.375 725.75 910.375 955.938 1052.75 1043.63 936.313 728 546.063 541.188 469.625 351.875 387.813 354.313 388.688 282.933 199.4 190.313 138.375 118 117.063 116.813 129.438 245.188 344.75 368.25 197.333 194 196.25 284.375 300.375 364.25 424.813 414.063 449.563 449.25 603.125 752.938 669.563 660.563 465.75 321.063 251.563 211.688 233.125 389.063 575.563 810.25 1029.19 1019.44 972.375 924.375 865.063 992.375 976.5 862.688 784.125 699.313 477.063 475.938
814.375 727.813 788.375 736.25 799.25 877.688 844.313 890 947.75 971.813 812.438 586.688 464.75 602.813 571.438 584.375 770.438 929.125 922.938 833.75 843.25 870.625 739.875 529.125 367.438 459.125 345.063 258.438 266.438 216.938 195.313 156.688 152.438 132 122.313 118.938 116.938 121.438 181.133 291.125 252.625 215.5 266.875 261.188 301.5 373.75 511.5 723.313 860.375 664.813 497.188 679.125 678.813 533.938 446.25 363.5 252.25 209.5 212 304 452.688 663.063 958.375 1160.25 1138.56 1025.44 941.938 1013.75 1113.19 1084.38 1008 857.125 625.625 536.938 340.125
800.938 824.813 868.438 841 870.125 873.813 797.813 813.063 840.688 843 719.938 524.875 405.875 512.375 459.875 701.688 791.75 819.5 822.25 640.375 642.313 696.5 659.313 474.375 362.813 311.867 381.063 307.313 179.75 178.875 161.5 147.063 137.625 130.75 122.063 120.5 118.063 126.938 143.125 133.25 156.375 261.125 349 350.375 444.938 498.063 701.75 920.188 669.125 539.188 451.875 681.125 598.063 422.875 347.625 287.75 228.625 211.438 225.125 285.6 431.75 640.375 855.375 1102.38 1151.69 1091.25 1063.69 1057.69 951.125 849.688 801.188 630 554 450.063 535
892.375 891.938 906.5 890.875 869.938 797.5 758.5 714.75 716.125 630.063 573.563 564.625 402.75 384.625 452.813 636.375 658.688 729.188 719.563 561.938 527.813 458.313 527.875 398.5 272.313 212.875 246.188 198.813 155.875 158.625 149.625 141.813 134 129.688 121.875 120.375 119.063 118.813 117 125.75 154.125 254.125 453.938 562.813 762.563 808.125 1021.75 974.125 623.813 558.563 401 450.813 367.938 298.75 286.938 251 218 211.313 224.063 357.5 492.125 543.625 856.563 975.063 1012.56 973.688 1024.94 1072.25 980.5 816.063 701.75 662.5 593.188 560 744.188
972.813 954.5 961.688 931.438 879.125 733.813 687.25 677.625 599 551.313 461 460.875 386 310.5 449.938 515.563 541.188 501.875 549.688 444.313 377.875 343.688 385.438 315.938 208.813 164.438 148.625 140.938 144.188 147.5 141.063 135.688 130.125 129.5 125.75 123.625 117.063 118.625 124.688 164.75 288.5 401.438 661.313 824.438 972.938 1071.13 1086.25 768.125 615.313 583.313 398.313 305.625 257.188 242.625 232.125 226.813 220.5 223.313 244.313 334.063 539.188 679.625 744.313 876.125 925.313 863.313 880.188 959.875 1015.69 911.188 822.313 788.813 702.5 741.313 835
1084.81 1063.88 1031.44 952.563 848.5 738.75 573.188 515 448.375 410.25 377.188 365 361.25 365.438 304.625 348.875 363.313 335.438 345.938 282.75 228.733 243.563 197.813 153.75 140.25 142.875 141.563 138.5 137 139.688 134.25 131.5 125 129.063 128.875 130.125 123.125 126.125 153.625 289.063 562.625 801.313 921.5 1032.19 1137.81 1198.81 1095.63 813.688 709.188 570.938 441.063 313.75 259.929 247.25 240.688 239.125 242.938 262.438 317.5 456.125 633.188 736.063 707.688 837.938 838.938 854.063 791.563 897.813 1019.25 1016.63 969 937.063 805.75 884.813 863.5
1237.63 1195.44 1072.63 918.5 838.313 621.813 518.188 518.438 484.875 455.75 405.75 338.813 285.875 284.438 297.125 226.813 208.125 218.938 199.438 177.5 176 173.5 162.625 144.75 137.875 131.125 131.875 131.5 132.688 134.125 132.25 130 128.313 128.938 138.688 160.188 209.5 271.938 294.625 467.625 670.313 765.063 822.438 976.313 1237.94 1102.19 1087.69 943.438 751.313 594.625 389.813 335.125 276 262.375 264.714 286.467 315.75 429.875 507.188 680.063 726.688 642.75 633.688 687.813 749.313 728 772.688 943.563 926 827.813 979.5 979.688 962.25 1057.38 1038.88
1270.56 1223.69 1054.63 969.063 829.938 624.125 512.25 462.125 435.25 403.75 317.375 266 254.063 240.875 216.25 204.875 182.813 179.938 170.813 158.625 153.875 157.563 148 138.313 131.125 126.563 127.438 131.75 136.313 136.563 135 135.5 134.938 134.688 170.25 243.688 216.333 314.067 487.063 526.5 630.625 765.813 853.938 1072 1043.81 909.313 835.625 700.125 530.875 462.625 383.688 364.75 328.625 325.125 369.188 468.375 595.75 762.875 862.563 803.625 735.688 705.125 721.625 577.688 673.063 644.938 810 939.125 791.375 666.188 810.375 801.375 1025.75 1095.94 992.5
1228.75 1089.94 960.563 976.938 740.563 544.438 499.375 434.313 375.938 359.313 290.688 252.125 228.188 228 213.625 202.5 186.563 171.688 163.438 155.375 147.813 143.313 135.875 133.5 129.563 128 128.5 130.938 137.5 142.875 145.563 151.063 150.188 191.125 295.75 484.875 433.813 317.063 401.875 532.625 803.313 934.438 882.875 929.375 906.813 781.063 711.5 744.5 722.938 579.75 559.375 554.125 495.125 517.875 690 791.875 761.25 988.688 936.75 822.188 736 811.375 759.875 637.688 532.813 583.563 760.813 854.25 734.313 527.938 540.875 770.313 950.5 847.375 815.188
1131.63 1033.5 824.938 773.125 594 611.25 574.188 487.25 431.438 378.313 297.875 276.563 220.125 206.125 203.375 197.125 182.875 161.875 157.563 152.938 147.813 139.125 137.625 135.25 130.063 126 132.063 133.938 147.813 152.313 160.063 168.938 219 317.75 371.625 319.533 360 420.125 589.313 736.375 816.313 807.688 833.063 883.375 901.375 947.563 949.063 808.188 734.375 836.188 961.938 913.813 889.063 859.688 1008.25 1033.88 1052.25 1074 890.438 736.438 615.313 736.563 758.875 638.75 502.188 479.125 553.438 731.25 707.375 477.75 455.313 679.875 709.938 619.688 679.125
1042.81 873.313 717 629.25 630.813 596.438 584.688 438.438 393.188 427.625 407.375 282.2 224.875 214.5 199.563 188.188 180.5 165.813 158.188 147.938 146.063 143.125 137.75 138.938 134.188 129.875 137.063 146.125 174.125 185.625 192.813 196 215.125 229.313 273.375 343.938 465.438 580.063 710.938 823.125 777 894.813 996.313 1013.44 1045.94 1047.13 1052.5 978.313 1023.69 1115.94 1109.38 1013.19 883.875 796.563 854.125 899.313 942.438 958.938 819.563 763.063 609.438 611.875 727.5 694.375 523.438 358.688 385.063 594.688 722.688 508 364.188 447.625 425.375 469 561.625
901.063 770.5 683.125 635.688 614.438 574.875 553 531.625 390.063 460.75 439.75 346.938 287.438 269 231.875 190.75 182.313 173.188 166.188 154.125 149.375 145.938 142.813 136.688 132.563 141.25 161.25 185.313 222.625 237.125 362.313 347.125 393.563 423.188 462.25 561.313 658.25 717.25 762.125 759 772.813 883 953.563 955.625 1043.63 1152.81 1201.38 1172.75 1075.88 857.813 841.688 930 782.188 665.875 699.438 766.563 850.938 815.25 679.188 569.375 492.188 588.563 622.938 552.313 448.063 299.313 299.188 648.5 701.25 524.25 271.125 234.625 362.938 532.375 420.938
805.688 734.375 669.625 676.625 743.875 620.625 536.938 476.5 462.25 508.313 475.813 441.188 389.75 247.875 256.813 262.938 283.75 189.063 164.5 159.75 163.063 148.688 139.938 139.375 134.5 165.063 207.125 304.188 411.063 363.938 486.5 595.875 777.25 695.563 718.438 760.563 786 714.125 691 746.625 814 918.188 964.875 1041.88 1119.38 1251.31 1133.63 1026.13 936.563 760.125 679.125 827.125 758.813 615.688 570.5 667.563 716.625 799.063 727.438 521.438 455.375 594.625 484.438 439.625 376.313 208 273.313 605.875 643.375 463.063 298.813 173.188 329.5 449.438 265.563
796.063 746.75 692 746.75 773.25 710 581.313 558.813 612.5 602.188 423.5 379.438 353.375 391.938 497.438 425.563 378.438 274.125 198.188 175.688 229.313 170.688 146.938 160.688 204.125 237.125 312.313 341.125 534.75 487.375 539.25 758.438 750.688 695.813 708.75 749 743.438 649.688 700.625 809.5 878.5 974.438 1099.13 1137.38 1046.5 1075.44 907.813 726.125 599.813 525.875 534 675.125 722.5 522.5 569.813 620.188 588.688 665.563 677.5 602.563 396.938 466.313 393.875 313.938 306.438 122.813 205.313 429.375 620.625 453.5 154.375 71.9375 176.813 209.625 214.125
923.5 763.25 731.875 810.813 793.5 753.125 661.875 581 736.563 639.063 529.125 489.75 436.063 573.375 495.625 425.063 468.125 337.438 199.563 178.563 225.933 166.438 157.813 157.688 178.125 211.125 330.813 467.75 540.563 638.125 732.563 842.563 706.75 614.25 648.188 662 625.5 492.875 669.625 879.5 1070.94 1053.63 932.375 829.75 743.5 994.688 917.375 823.5 671.313 419.125 487.875 695.5 603.938 407.813 555.625 581.063 527.938 551.625 633.375 648.25 349.813 320.938 272 247.563 273.313 164.75 64.25 281.75 518.063 448.75 135.813 27 41.6875 84.8125 176.438
942.625 800.25 761.375 835 832.25 827.313 636.875 626.313 787 674.688 606 515.438 664 609.938 480.75 431.5 339.625 287.125 263.25 225.313 327.063 369.625 203.188 169 188.438 310.563 481 617.625 707.688 784.563 768.625 801.063 645.813 556.75 637.688 465.313 446.5 490.188 639.688 834.125 1033.19 829.25 640.25 516.5 693.625 765.125 729.625 621.313 478.938 349.438 315.75 473.688 380.5 267.563 407.75 535.75 585.875 581.625 541.438 459.875 224.625 265.375 199.938 254.375 293.375 190.625 45.75 103.125 221.125 330.133 151.563 20.8125 26.25 66.875 183.188
969.375 888.813 858.125 873 888.188 869.5 741.438 673.063 730.375 798 650.5 689.313 577.5 524.688 446.5 402.875 327.875 292.438 232 259.063 420.5 470.625 310.75 242.867 246.188 397 501.625 575.875 722.438 783.563 655.688 649.125 631.375 541.063 585.938 369.125 307.867 462.125 706.375 804.563 873.375 579.313 409 369.063 524.188 560.938 564.875 551.188 432.313 262 191 350.813 261.938 160 343.75 578.563 720.25 645.563 385.875 245.75 105.688 257.688 214.563 195 181.375 217 203.313 32.5 94 243.688 171.75 65.125 9 62.625 176.75
1088.56 1075.44 1057.38 1074.31 968.938 919.125 924.938 877.063 808.813 887.563 822.188 711.313 535.125 431.563 365.563 318.813 288.375 275.333 237.063 252.813 306.313 303.938 307.75 375.75 418 556.438 633 694.688 727.813 708.188 608.75 506.688 557 442.313 390.867 296.875 445.813 640.5 731 728.25 839.875 564.813 298.875 274.938 416.438 371 526.625 431.75 474.813 330.375 145.688 247.375 172.25 201.438 410.125 573.5 571.938 508.438 232.313 74.5625 65.0625 224.286 210.938 113.188 102.438 173.667 305.875 82.0625 27.5625 193.563 228.375 127.188 8.25 36.625 168.188
1270.13 1250.31 1208.56 1171.19 1055.13 1012.69 993.875 926 848.75 851 836.563 697.438 557 504.625 523.25 504.25 427.688 324.688 286.25 355.563 499.875 420.313 388.188 521.813 586.5 611.063 631.875 567.625 467.75 651.125 670.188 535.938 459.563 388 261.5 246.188 418.625 671.188 642.063 638.5 567.375 644.125 364.375 241.625 297.125 347.938 463.5 379.5 336.25 338.375 252.938 125.375 159.125 115.063 234.8 335.25 366.5 423.313 249.625 46.9375 139.375 253.5 127.25 60.6875 75.875 151 168.625 125.938 6.375 61.75 111.938 75.0625 4.375 54.625 164.688
1311 1387.13 1301.75 1240.31 1222.63 1175.25 1170.75 1092.5 983.563 889.625 801.375 820.813 796.375 808.75 827.125 677.75 530.563 373.813 333.5 450.938 775.688 534.5 304.688 302.4 405 438.125 378.813 329.5 335.875 548.688 555.875 578.063 651.25 623.875 453.688 238.375 192.313 410.4 506.75 418.813 440.25 564.75 209.375 201.75 176.125 247.313 416.75 487.75 501.125 415.125 265.625 162.188 177.867 106.625 123.75 129.5 140 196 145.188 30.125 65.6875 176.25 77.0625 10.6875 63.2857 63.9286 71.1875 82.625 44.1875 4.75 7 10 1.5 12.6667 42.7333
1072.06 1267.31 1376.06 1522.13 1447.56 1505.94 1484.69 1370.06 1111.75 1009.25 942.438 697.375 724.938 798.625 775.25 805.563 695.813 553.75 505.375 468.875 496.125 388.688 245.875 319.938 498.813 494.625 352.875 206.063 292.125 424.5 338.813 507.313 664 542.438 417.688 321.813 141.563 245.733 363.875 239.25 409.375 412.25 196.563 99.375 134 232.813 390.5 346.25 412.125 388.625 171.188 179.375 76.9375 175.5 55.25 33.0625 42.125 75.625 39.125 13.0625 22.5625 121.188 23.5 7.61538 16.8333 17 25.4 32.6923 18.8889 0 -9999 -9999 -9999 -9999 11
1006.56 1017.44 1267.75 1450.94 1324.19 1201.44 1240.75 1188.13 1121.13 1023.31 940.375 714.75 537.438 540 681.313 796.063 756.813 723.938 706.813 573.063 424.313 284.063 154.313 203.333 252.938 356.188 340.438 201.125 304.375 246.438 312.867 506.125 546.063 589.438 562.125 351.75 207.938 183.5 412.188 194.875 351.25 217 189.5 69.4375 125.063 183.188 239.533 201.25 210 186.938 78 34.1875 54.3125 214.25 110.438 17.0625 63.0625 134.313 36.0625 10.5 43.125 158.25 36 17 -9999 8 19.4 -9999 -9999 -9999 -9999 -9999 -9999 -9999 -9999
1120.56 952.063 1125.75 1436.44 1293.25 981.438 1037.19 1002.44 904.125 806.313 1004.81 818.875 530.063 430.75 562 578.25 550.563 608.125 712.938 768.875 636.625 435.188 161.938 114.813 226.125 173.813 214.75 127.438 221.563 194.25 389.938 457.063 392.25 327.75 349.467 299.8 184.063 80.125 218.75 128.188 166.063 113 231.467 86.25 128 336.688 256.25 144.438 128.063 210.063 208.063 118.563 28.9375 162.125 79.625 22.5625 63.1 19.7 11 11.75 50.0833 68.75 -9999 -9999 -9999 -9999 21.8 -9999 -9999 -9999 -9999 -9999 -9999 -9999 -9999
1033.44 948.438 1062.75 1238.63 1058.94 860.25 824.188 890.188 701.625 722.438 856.375 815.063 653.688 401.688 363.929 319.688 327.25 479.875 498.875 585.75 547.375 440.75 281.688 106.25 59.625 154.188 105.563 74.4375 64.3125 144.813 334.688 471.438 448.313 301.6 166.25 136.25 188.688 55.1875 147.375 188.375 51.9375 108.938 166.625 84.3125 308.188 418.313 336.563 216.25 102.063 171 176.938 225.625 26.25 65.5 53.375 227.875 194.4 25.5 -9999 -9999 21 25.8333 -9999 -9999 -9999 8 -9999 -9999 -9999 -9999 -9999 -9999 -9999 -9999 -9999
