public/models/data/input/map/sulut/1000/maphdi.asc
NCOLS 248
NROWS 182
XLLCORNER 510063.019283
YLLCORNER 211117.685435
CELLSIZE 1000.000000
NODATA_VALUE       -9999
[rows 37 to 73 of 182, columns 164 to 245 of 248]
-9999 -9999 -9999 -9999 -9999 -9999 -9999 -9999 -9999 -9999 -9999 -9999 -9999 -9999 -9999 -9999 -9999 -9999 -9999 -9999 -9999 -9999 -9999 -9999 -9999 -9999 77 77 77 76.9775 76.6147 76.4141 76.7075 76.8425 77 77 76.7 76.7975 76.5669 75.6731 75.2625 75 75 75 75 75 75 75 75 75 75 75 75 75 75 75 74.9159 74.4153 74 74 74.0038 74.1181 74.1181 74.0038 74 74 74 74 74 74 -9999 -9999 -9999 -9999 -9999 -9999 -9999 -9999 -9999 -9999 -9999 -9999
-9999 -9999 -9999 -9999 -9999 -9999 -9999 -9999 -9999 -9999 -9999 -9999 -9999 -9999 -9999 -9999 -9999 -9999 -9999 -9999 -9999 -9999 -9999 -9999 -9999 -9999 77 77 77 77 77 77 77 77 77 77 77 77 77 76.7625 75.8625 75 75 75 75 75 75 75 75 75 75 75 75 75 75 75 74.4153 74.1003 74 74 74 74 74 74 74 74 74 74 74 74 74 74 -9999 -9999 -9999 -9999 -9999 -9999 -9999 -9999 -9999 -9999
-9999 -9999 -9999 -9999 -9999 -9999 -9999 -9999 -9999 -9999 -9999 -9999 -9999 -9999 -9999 -9999 -9999 -9999 -9999 -9999 -9999 -9999 -9999 -9999 -9999 -9999 77 77 77 77 77 77 77 77 77 77 77 77 77 77 75.75 75 75 75 75 75 75 75 75 75 75 75 75 75 75 74.875 74.0281 74 74 74 74 74 74 74 74 74 74 74 74 74 74 74 74 -9999 -9999 -9999 -9999 -9999 -9999 -9999 74 74
-9999 -9999 -9999 -9999 -9999 -9999 -9999 -9999 -9999 -9999 -9999 -9999 -9999 -9999 -9999 -9999 -9999 -9999 -9999 -9999 -9999 -9999 -9999 -9999 -9999 -9999 -9999 -9999 77 77 77 77 77 77 77 77 77 77 77 77 75.5 75 75 75 75 75 75 75 75 75 75 75 75 75 75 74.875 74.0219 74 74 74 74 74 74 74 74 74 74 74 74 74 74 74 74 74 74 74 -9999 -9999 -9999 74 74 74
-9999 -9999 -9999 -9999 -9999 -9999 -9999 -9999 -9999 -9999 -9999 -9999 -9999 -9999 -9999 -9999 -9999 -9999 -9999 -9999 -9999 -9999 -9999 -9999 -9999 -9999 -9999 -9999 -9999 77 77 77 77 77 77 77 77 77 77 77 75.5 75 75 75 75 75 75 75 75 75 75 75 75 75 75 75 74.1656 74 74 74 74 74 74 74 74 74 74 74 74 74 74 74 74 74 74 74 -9999 -9999 -9999 74 74 74
-9999 -9999 -9999 -9999 -9999 -9999 -9999 -9999 -9999 -9999 -9999 -9999 -9999 -9999 -9999 -9999 -9999 -9999 -9999 -9999 -9999 -9999 -9999 -9999 -9999 -9999 -9999 -9999 -9999 -9999 77 77 77 77 77 77 77 77 77 77 75.7438 75 75 75 75 75 75 75 75 75 75 75 75 75 75 75 74.25 74 74 74 74 74 74 74 74 74 74 74 74 74 74 74 74 74 74 74 -9999 -9999 74 74 74 -9999
-9999 -9999 -9999 -9999 -9999 -9999 -9999 -9999 -9999 -9999 -9999 -9999 -9999 -9999 -9999 -9999 -9999 -9999 -9999 -9999 -9999 -9999 -9999 -9999 -9999 -9999 -9999 -9999 -9999 -9999 77 77 77 77 77 77 77 77 77 77 76.5313 75.225 75 75 75 75 75 75 75 75 75 75 75 75 75 75 74.4375 74 74 74 74 74 74 74 74 74 74 74 74 74 74 74 74 74 74 74 -9999 -9999 74 74 -9999 -9999
-9999 -9999 -9999 -9999 -9999 -9999 -9999 -9999 -9999 -9999 -9999 -9999 -9999 -9999 -9999 -9999 -9999 -9999 -9999 -9999 -9999 -9999 -9999 -9999 -9999 -9999 -9999 -9999 -9999 77 77 77 77 77 77 77 77 76.9806 76.78 76.0331 75.125 75 75 75 75 75 75 75 75 75 75 75 75 75 74.9564 74.8155 74.6625 74.0375 74 74 74 74 74 74 74 74 74 74 74 74 74 74 74 74 74 74 74 74 74 74 -9999 -9999
-9999 -9999 -9999 -9999 -9999 -9999 -9999 -9999 -9999 -9999 -9999 -9999 -9999 -9999 -9999 -9999 -9999 -9999 -9999 -9999 -9999 -9999 -9999 -9999 -9999 -9999 -9999 -9999 -9999 77 77 77 77 77 77 77 77 76.7631 75.7262 75.0544 75 75 75 75 75 75 75 75 75 75 75 75 74.9981 74.8988 74.5392 74.1233 74.1125 74 74 74 74 74 74 74 74 74 74 74 74 74 74 74 74 74 74 74 74 74 74 74 -9999 -9999
-9999 -9999 -9999 -9999 -9999 -9999 -9999 -9999 -9999 -9999 -9999 -9999 -9999 -9999 -9999 -9999 -9999 -9999 -9999 -9999 -9999 -9999 -9999 -9999 -9999 -9999 -9999 -9999 -9999 77 77 77 77 77 77 77 76.9737 76.2738 75.1525 75 75 75 75 75 75 75 75 75 75 75 75 75 74.9409 74.4872 74.07 74.0019 74 74 74 74 74 74 74 74 74 74 74 74 74 74 74 74 74 74 74 74 74 74 74 74 -9999 -9999
-9999 -9999 -9999 -9999 -9999 -9999 -9999 -9999 -9999 -9999 -9999 -9999 -9999 -9999 -9999 -9999 -9999 -9999 -9999 -9999 -9999 -9999 -9999 -9999 -9999 -9999 -9999 -9999 -9999 77 77 77 77 77 77 77 76.8575 75.7763 75.0038 75 75 75 75 75 75 75 75 75 75 75 75 75 74.7484 74.1078 74 74 74 74 74 74 74 74 74 74 74 74 74 74 74 74 74 74 74 74 74 74 74 74 74 74 -9999 -9999
-9999 -9999 -9999 -9999 -9999 -9999 -9999 -9999 -9999 -9999 -9999 -9999 -9999 -9999 -9999 -9999 -9999 -9999 -9999 -9999 -9999 74 74 74 75.994 77 77 77 77 77 77 77 77 76.985 76.7783 76.7773 76.7831 76.51 75.3737 75.005 75 75 75 75 75 75 75 75 75 75 75 75 74.275 74 74 74 74.0038 74.0212 74.0119 74.0006 74 74 74 74 74 74 74 74 74 74 74 74 74 74 74 74 74 74 74 74 -9999 -9999
-9999 -9999 -9999 -9999 -9999 -9999 -9999 -9999 -9999 -9999 -9999 -9999 -9999 -9999 -9999 -9999 -9999 -9999 -9999 -9999 74 74 74 74 75.7964 77 77 77 77 77 77 77 77 76.6869 75.3467 75.1883 75.2206 75.785 75.2544 75.0056 75 75 75 75 75 75 75 75 75 75 75 75 74.3625 74.325 74.325 74.325 74.3475 74.4525 74.2725 74.0275 74 74 74 74 74 74 74 74 74 74 74 74 74 74 74 74 74 74 74 74 -9999 -9999
-9999 -9999 -9999 -9999 -9999 -9999 -9999 -9999 -9999 -9999 -9999 -9999 -9999 -9999 -9999 -9999 -9999 -9999 -9999 74 74 74 74 74 74.9234 76.2406 76.6034 76.9887 77 77 77 77 76.7637 75.32 74.2288 74.0563 74.0338 74.1425 74.4289 74.9292 75 75 75 75 75 75 75 75 75 75 75 75 74.925 74.925 74.925 74.925 74.9362 74.9887 74.5219 74.0406 74 74 74 74 74 74 74 74 74 74 74 74 74 74 74 74 74 74 74 -9999 -9999 -9999
-9999 -9999 -9999 -9999 -9999 -9999 -9999 -9999 -9999 -9999 -9999 -9999 -9999 -9999 -9999 -9999 -9999 -9999 -9999 74 74 74 74 74 74.1078 74.3469 74.7997 75.9894 77 77 76.8875 75.9875 75.2862 74.2644 74.0056 74 74 74 74.1711 74.857 75 75 75 75 75 75 75 75 75 75 75 75 75 75 75 75 75 74.9812 74.4375 74.0188 74 74 74 74 74 74 74 74 74 74 74 74 74 74 74 74 74 74 74 -9999 -9999 -9999
-9999 -9999 -9999 -9999 -9999 -9999 -9999 -9999 -9999 -9999 -9999 -9999 -9999 -9999 -9999 -9999 74 74 74 74 74 74 74 74 74 74 74 74 74.75 75.0687 74.3656 74.0656 74 74 74 74 74 74 74.2438 74.8812 75 75 75 75 75 75 75 75 75 75 75 75 75 75 75 75 75 74.9362 74.3639 74.0092 74 74 74 74 -9999 -9999 -9999 -9999 74 74 74 74 74 74 74 74 74 74 74 -9999 -9999 -9999
-9999 -9999 -9999 -9999 74 74 74 74 -9999 -9999 -9999 -9999 -9999 -9999 -9999 74 74 74 74 74 74 74 74 74 74 74 74 74 74 74 74 74 74 74 74 74 74 74 74.1012 74.7988 75 75 75 75 75 75 75 75 75 75 75 75 75 75 75 75 75 74.9887 74.6142 74.0752 74 74 74 74 -9999 -9999 -9999 -9999 74 74 74 74 74 74 74 74 74 74 -9999 -9999 -9999 -9999
-9999 -9999 -9999 -9999 74 74 74 74 -9999 -9999 -9999 -9999 74 74 74 74 74 74 74 74 74 74 74 74 74 74 74 74 74 74 74 74 74 74 74 74 74 74 74.0113 74.5888 75 75 75 75 75 75 75 75 75 75 75 75 75 75 75 75 75 75 74.8631 74.2087 74 74 74 -9999 -9999 -9999 -9999 74 74 74 74 74 74 74 74 74 74 74 -9999 -9999 -9999 -9999
-9999 -9999 -9999 74 74 74 74 74 74 74 -9999 -9999 74 74 74 74 74 74 74 74 74 74 74 74 74 74 74 74 74.5 74.7 74.3812 74.0437 74 74 74 74 74 74 74 74.4375 75 75 75 75 75 75 75 75 75 75 75 75 75 75 75 75 75 75 74.9869 74.5788 74 74 74 -9999 -9999 -9999 74 74 74 74 74 74 74 74 74 74 74 74 -9999 -9999 -9999 -9999
74 74 74 74 74 74 74 74 74 74 74 74 74 74 74 74 74 74 74 74 74 74 74 74 74 74 74 74.5625 75 74.9859 74.4938 74.0359 74 74 74 74 74 74 74 74 74.3187 74.9063 75 75 75 75 75 75 75 75 75 75 75 75 75 75 75 75 75 75 74.1111 74 -9999 -9999 -9999 74 74 74 74 74 -9999 -9999 74 -9999 -9999 -9999 -9999 -9999 -9999 -9999 -9999 -9999
74 74 74 74 74 74 74 74 74 74 74 74 74 74 74 74 74 74 74 74 74 74 74 74 74 74 74 74.6687 75 74.9634 74.4647 74.0375 74 74 74 74 74 74 74 74 74.1606 74.8519 75 75 75 75 75 75 75 75 75 75 75 75 75 75 75 75 75 75 -9999 -9999 -9999 -9999 -9999 74 74 74 -9999 -9999 -9999 -9999 74 -9999 -9999 -9999 -9999 -9999 -9999 -9999 -9999 -9999
73.7469 74 74 74 74 74 74 74 74 74 74 74 74 74 74 74 74 74 74 74 74 74 74 74 74 74 74 74.5563 75 74.9944 74.8416 74.3047 74 74 74 74 74 74 74 74 74.4456 74.97 75 75 75 75 75 75 75 75 75 75 75 75 75 75 75 75 75 75 -9999 -9999 -9999 -9999 -9999 -9999 -9999 -9999 -9999 -9999 -9999 -9999 -9999 -9999 -9999 -9999 -9999 -9999 -9999 -9999 -9999 -9999
73.1937 73.7469 74 74 74 74 74 74 74 74 74 74 74 74 74 74 74 74 74 74 74 74 74 74 74 74 74.0375 74.7375 75 75 75 74.8781 74.3125 74 74 74 74 74 74 74.0625 74.9094 75 75 75 75 75 75 75 75 75 75 75 75 75 75 75 75 75 75 75 -9999 -9999 -9999 -9999 -9999 -9999 -9999 -9999 -9999 -9999 -9999 -9999 -9999 -9999 -9999 -9999 -9999 -9999 -9999 -9999 -9999 -9999
73 73.1813 73.6462 73.8506 73.95 74 74 74 74 74 74 74 74 74 74 74 74 74 74 74 74 74.0206 74.1772 74.1584 74.0994 74.2694 74.6969 74.9719 75 75 75 75 74.8944 74.3431 74.1837 74.3662 74.1813 74 74.0525 74.6569 74.9319 74.9962 75 75 75 75 75 75 75 75 75 75 75 75 75 75 75 75 -9999 -9999 -9999 -9999 -9999 -9999 -9999 -9999 -9999 -9999 -9999 -9999 -9999 -9999 -9999 -9999 -9999 -9999 -9999 -9999 -9999 -9999 -9999 -9999
73 73 73.0225 73.1744 73.5003 73.8997 74 74 74 74 74 74 74 74 74 74 74 74 74 74 74.0484 74.3503 74.7628 74.7759 74.6944 74.8931 75 75 75 75 75 75 74.9869 74.9006 74.9006 74.9869 74.3187 74 74.0225 74.2681 74.4209 74.8191 74.9944 75 75 75 75 75 75 75 75 75 75 75 75 75 75 75 -9999 -9999 -9999 -9999 -9999 -9999 -9999 -9999 -9999 -9999 -9999 -9999 -9999 -9999 -9999 -9999 -9999 -9999 -9999 -9999 -9999 -9999 -9999 -9999
73 73 73 73 73.0522 73.3728 73.7234 73.8453 73.7562 73.6625 73.7258 73.9086 74 74 74 74 74 74 74 74 74.4516 74.8884 74.9944 75 75 75 75 75 75 75 75 75 75 75 75 74.7 74.0563 74 74 74 74.0253 74.2688 74.7394 74.9822 75 75 75 75 75 75 75 75 75 75 75 75 75 75 -9999 -9999 -9999 -9999 -9999 -9999 -9999 -9999 -9999 -9999 -9999 -9999 -9999 -9999 -9999 -9999 -9999 -9999 -9999 -9999 -9999 -9999 -9999 -9999
73 73 73 73 73.0006 73.0244 73.1078 73.1484 73.1188 73.0875 73.1086 73.1945 73.4437 73.3688 73.5 73.5625 74 74 74 74.0625 74.9344 75 75 75 75 75 75 75 75 75 75 75 75 75 74.8406 74.2094 74.0062 74 74 74 74 74.0128 74.1694 74.6397 75 75 75 74.8125 74.9375 75 75 75 75 75 75 75 75 75 -9999 -9999 -9999 -9999 -9999 -9999 -9999 -9999 -9999 -9999 -9999 -9999 -9999 -9999 -9999 -9999 -9999 -9999 -9999 -9999 -9999 -9999 -9999 -9999
73 73 73 73 73 73 73 73 73 73 73 73 73 73 73 73 73.0859 73.6531 73.9953 74.3125 75 75 75 75 75 75 75 75 75 75 75 75 75 74.9594 74.3969 74.0125 74 74 74 74 74 74 74 74 74.6162 74.9869 74.918 74.2102 74.2359 74.8344 74.9891 75 75 75 75 75 -9999 -9999 -9999 -9999 -9999 -9999 -9999 -9999 -9999 -9999 -9999 -9999 -9999 -9999 -9999 -9999 -9999 -9999 -9999 -9999 -9999 -9999 -9999 -9999 -9999 -9999
73 73 73 73 73 73 73 73 73 73 73 73 73 73 73 73 73.0153 73.4169 73.9709 74.4187 75 75 75 75 75 75 75 75 75 75 75 75 75 74.8656 74.2656 74 74 74 74 74 74 74 74 74 74.1712 74.8138 74.4927 74.0473 74.0216 74.2831 74.7941 74.9919 75 75 75 75 -9999 -9999 -9999 -9999 -9999 -9999 -9999 -9999 -9999 -9999 -9999 -9999 -9999 -9999 -9999 -9999 -9999 -9999 -9999 -9999 -9999 -9999 -9999 -9999 -9999 -9999
73 73 73 73 73 73 73 73 73 73 73 73 73 73 73 73 73.0589 73.4961 73.9419 74.2688 75 75 75 75 75 75 75 75 75 75 75 75 74.9728 74.6275 74.1091 74 74 74 74 74 74 74 74 74 74.0705 74.3511 74.1453 74.0019 74.0019 74.0169 74.4153 74.9347 75 75 75 75 -9999 -9999 -9999 -9999 -9999 -9999 -9999 -9999 -9999 -9999 -9999 -9999 -9999 -9999 -9999 -9999 -9999 -9999 -9999 -9999 -9999 -9999 -9999 -9999 -9999 -9999
73 73 73 73 73 73 73 73 73 73 73 73 73 73 73 73.1875 73.7805 73.912 73.9856 74.0625 75 75 75 75 75 75 75 75 75 75 75 75 74.6709 74.11 74.0097 74 74 74 74 74 74 74 74 74 74.0077 74.0327 74.0097 74 74 74 74.1453 74.8359 75 75 75 75 -9999 -9999 -9999 -9999 -9999 -9999 -9999 -9999 -9999 -9999 -9999 -9999 -9999 -9999 -9999 -9999 -9999 -9999 -9999 -9999 -9999 -9999 -9999 -9999 -9999 -9999
73 73 73 73 73 73 73 73 73 73 73 73 73 73 73 73.25 73.9344 74 74 74 74.7203 74.7097 74.195 74.0687 74.375 74.7997 74.9478 74.9994 75 75 75 75 74.625 74 74 74 74 74 74 74 74 74 74 74 74 74 74 74 74 74 74 74 74.1188 74.1312 74.1312 74.3347 -9999 -9999 -9999 -9999 -9999 -9999 -9999 -9999 -9999 -9999 -9999 -9999 -9999 -9999 -9999 -9999 -9999 -9999 -9999 -9999 -9999 -9999 -9999 -9999 -9999 -9999
73 73 73 73 73 73 73 73 73 73 73 73 73 73 73 73 73.4328 73.8134 73.9756 74 74.0609 74.1716 74.0113 74 74 74.1003 74.5597 74.8244 75 75 75 75 74.5 74 74 74 74 74 74 74 74 74 74 74 74 74 74 74 74 74 74 74 74 74 74 74 -9999 -9999 -9999 -9999 -9999 -9999 -9999 -9999 -9999 -9999 -9999 -9999 -9999 -9999 -9999 -9999 -9999 -9999 -9999 -9999 -9999 -9999 -9999 -9999 -9999 -9999
73 73 73 73 73 73 73 73 73 73 73 73 73 73 73 73 73.0297 73.3147 73.8369 74 74 74 74 74 74 74 74.105 74.2262 74.8781 75 75 75 74.3313 74 74 74 74 74 74 74 74 74 74 74 74 74 74 74 74 74 74 74 74 74 74 74 -9999 -9999 -9999 -9999 -9999 -9999 -9999 -9999 -9999 -9999 -9999 -9999 -9999 -9999 -9999 -9999 -9999 -9999 -9999 -9999 -9999 -9999 -9999 -9999 -9999 -9999
-9999 -9999 73 73 73 73 73 73 73 73 73 73 73 73 73 73 73 73.0375 73.3187 73.4938 73.6937 73.8688 74 74 74 74 74 74 74.325 74.7156 74.5188 74.4375 74.0437 74 74 74 74 74 74 74 74 74 74 74 74 74 74 74 74 74 74 74 74 74 74 74 -9999 -9999 -9999 -9999 -9999 -9999 -9999 -9999 -9999 -9999 -9999 -9999 -9999 -9999 -9999 -9999 -9999 -9999 -9999 -9999 -9999 -9999 -9999 -9999 -9999 -9999
-9999 -9999 -9999 -9999 73 73 73 73 73 73 73 73 73 73 73 73 73 73 73 73 73.05 73.5313 73.9812 74 74 74 74 74 74 74 74 74 74 74 74 74 74 74 74 74 74 74 74 74 74 74 74 74 74 74 74 74 74 74 74 74 -9999 -9999 -9999 -9999 -9999 -9999 -9999 -9999 -9999 -9999 -9999 -9999 -9999 -9999 -9999 -9999 -9999 -9999 -9999 -9999 -9999 -9999 -9999 -9999 -9999 -9999
-9999 -9999 -9999 -9999 73 73 73 73 73 73 73 73 73 73 73 73 73 73 73 73 73.1263 73.7113 74 74 74 74 74 74 74 74 74 74 74 74 74 74 74 74 74 74 74 74 74 74 74 74 74 74 74 74 74 74 74 74 74 74 -9999 -9999 -9999 -9999 -9999 -9999 -9999 -9999 -9999 -9999 -9999 -9999 -9999 -9999 -9999 -9999 -9999 -9999 -9999 -9999 -9999 -9999 -9999 -9999 -9999 -9999
