public/models/data/input/map/sulut/1000/maplanduse.asc
NCOLS 248
NROWS 182
XLLCORNER 510063.019283
YLLCORNER 211117.685435
CELLSIZE 1000.000000
NODATA_VALUE       -9999
[rows 72 to 107 of 182, columns 162 to 242 of 248]
-9999 -9999 -9999 -9999 -9999 -9999 4.96766 4.68403 4.10344 4 4 4 4.09375 4.03125 5.03125 6.325 6.94375 7 7 6.86562 6.81406 6.97656 6.94375 5.6875 4.05625 4 5.125 5.6125 4.075 5.33125 7.0525 7.45531 7.84531 7.85625 6.70563 4.76312 4 4.06875 4.52375 5.745 6 6 6.1625 6.63906 6.08594 6.475 6.16563 5.15312 4.05625 5.66875 7 7 7 7 7 7 7 7 -9999 -9999 -9999 -9999 -9999 -9999 -9999 -9999 -9999 -9999 -9999 -9999 -9999 -9999 -9999 -9999 -9999 -9999 -9999 -9999 -9999 -9999 -9999
-9999 -9999 -9999 -9999 -9999 -9999 4.69271 4.55344 4.13781 4 4 4 4 4 4.36094 6.28281 7 6.925 7 6.97188 6.81719 6.85469 6.93062 5.60875 4.01687 4 4 4 4.1125 4.91875 7.00375 7.13219 7.32344 7.35 7.19187 5.47062 4.52187 4.95313 5.65125 5.955 6 6.06875 6.10938 5.99969 4.33469 4.61875 4.00562 4.22875 4.57188 5.81875 6.625 7 7 7 7 7 7 7 -9999 -9999 -9999 -9999 -9999 -9999 -9999 -9999 -9999 -9999 -9999 -9999 -9999 -9999 -9999 -9999 -9999 -9999 -9999 -9999 -9999 -9999 -9999
-9999 -9999 -9999 -9999 -9999 -9999 5.05514 4.33754 4.44109 4.59484 5.43437 5.575 5.575 5.575 5.71375 6.56125 7 6.85 7 7 6.80312 6.67188 6.97563 6.16563 4.4725 4.01125 4 4 4.26438 6.17312 7 7.01406 7.30375 7.67906 7.71969 6.33031 5.72188 5.94688 6 6 6.14203 6.56422 5.25625 4.77063 4.07312 4 4.55969 5.53094 6.37187 6.325 6.625 7 7 7 7 7 7 -9999 -9999 -9999 -9999 -9999 -9999 -9999 -9999 -9999 -9999 -9999 -9999 -9999 -9999 -9999 -9999 -9999 -9999 -9999 -9999 -9999 -9999 -9999 -9999
-9999 -9999 -9999 -9999 -9999 3 4.77775 4.18354 5.51453 6.54578 6.50313 6.925 6.925 6.925 6.75656 6.89969 6.925 6.925 7 7 6.93437 6.91563 7 6.90063 5.96688 4.70125 4.66563 4.08437 5.2825 6.73 7 7.00469 7.48375 7.68344 7.65781 6.32344 6 6 6 6 6.46734 6.94516 6.25938 6.27812 6.25 6.125 6.45969 6.83406 7 7 7 7 7 7 7 7 7 -9999 -9999 -9999 -9999 -9999 -9999 -9999 -9999 -9999 -9999 -9999 -9999 -9999 -9999 -9999 -9999 -9999 -9999 -9999 -9999 -9999 -9999 -9999 -9999
7 -9999 -9999 -9999 4.13387 3.48844 4.0875 5.59375 6.94375 7 7 7 7 6.96875 7 7 6.925 6.95 6.97219 6.94656 7 7 6.99219 6.97656 7 6.90625 6.70156 5.40844 6.2025 6.95 6.77969 6.73219 7.33313 7.32062 7.025 6 6 6 6 6.10469 6.70469 7 7 7 7 7 6.875 7 7 7 7 7 7 7 7 7 -9999 -9999 -9999 -9999 -9999 -9999 -9999 -9999 -9999 -9999 -9999 -9999 -9999 -9999 -9999 -9999 -9999 -9999 -9999 -9999 -9999 -9999 -9999 -9999 -9999
6.32957 5.54839 -9999 5 4.58794 4.08436 4.53188 6.18062 7 7 7 7 7 6.90625 7 7 7 7 6.94656 6.88469 7 7 6.83594 6.80719 6.93 6.82688 6.75156 6.01469 6.865 6.83125 5.87594 5.55781 6.09875 6.92063 6.4125 6 6 6 6 6.26406 6.86406 7 7 7 7 7 7 7 7 7 7 7 7 7 7 7 -9999 -9999 -9999 -9999 -9999 -9999 -9999 -9999 -9999 -9999 -9999 -9999 -9999 -9999 -9999 -9999 -9999 -9999 -9999 -9999 -9999 -9999 -9999 -9999 -9999
4.87419 4.91661 5 4.80692 4.541 5.35966 6.165 6.76 7 7 7 7 7 7 7 7 7 7 7 7 7 7 6.85938 6.90375 7.17844 7.50844 7.00187 6.00063 6.20406 6.01844 6.23734 6.37391 6.09359 6.88266 5.92875 6.02812 6.28406 6.07781 6 6.325 6.925 7 7 7 7 7 7 7 7 7 7 7 7 7 7 7 -9999 -9999 -9999 -9999 -9999 -9999 -9999 -9999 -9999 -9999 -9999 -9999 -9999 -9999 -9999 -9999 -9999 -9999 -9999 -9999 -9999 -9999 -9999 -9999 -9999
4.07942 4.54913 4.95649 4.84394 5.60984 6.75875 6.99687 6.99062 7 7 7 7 7 7 7 7 7 7 7 7 7 7 7 7.06875 7.62281 7.95844 6.52 5.5325 5.37219 5.56281 7.56641 7.82047 7.53078 6.81359 6.14625 6.73438 7.32219 6.72844 6.00625 6.3625 6.94375 7 7 7 7 7 7 7 7 7 7 7 7 7 7 -9999 -9999 -9999 -9999 -9999 -9999 -9999 -9999 -9999 -9999 -9999 -9999 -9999 -9999 -9999 -9999 -9999 -9999 -9999 -9999 -9999 -9999 -9999 -9999 -9999 -9999
4 4.125 4.53438 3.8125 5.45781 6.89531 7 7 7 7 7 7 7 6.79375 6.9625 7 7 7 6.97969 6.95781 7 7 7.01641 7.29922 7.85 7.8125 7.35 5.27187 6.05 5.90938 7.43281 7.9475 7.91656 7.78438 7.11453 7.75109 7.79891 6.17922 6.24062 6.74687 7 7 7 7 7 7 7 7 7 7 7 7 6.7675 6.48839 7 -9999 -9999 -9999 -9999 -9999 -9999 -9999 -9999 -9999 -9999 -9999 -9999 -9999 -9999 -9999 -9999 -9999 -9999 -9999 -9999 -9999 -9999 -9999 -9999 -9999 -9999
4 4 4.04563 4.0425 4.87594 6.72344 7 7 7 7 7 7 7 5.48125 5.59375 5.44375 6.07375 6.95125 6.93906 6.87344 7 7 7.04109 7.42766 7.68781 7.92781 7.19375 5.33 7.00906 7.94844 7.93344 7.34375 6.68844 6.30312 6.40109 7.65828 7.65266 7.18172 6.8875 7 7 7 7 7 7 7 7 7 7 7 7 6.98125 6.68313 6.8624 -9999 -9999 -9999 -9999 -9999 -9999 -9999 -9999 -9999 -9999 -9999 -9999 -9999 -9999 -9999 -9999 -9999 -9999 -9999 -9999 -9999 -9999 -9999 -9999 -9999 -9999 -9999
4 4 4.00437 3.92625 4.32375 6.14875 6.8875 7 7 7 7 7 7 6.1 5.10156 2.83094 3.53688 5.84312 6.865 6.235 6.5725 6.9775 7.005 7.07937 7.11312 7.49 6.71562 5.16687 5.80813 6.6125 7.42156 7.17781 5.59438 5.825 7.8875 8 7.62031 7.09219 7 7 7 7 7 7 7 7 7 7 7 7 6.97656 6.89219 6.78531 6.93003 -9999 -9999 -9999 -9999 -9999 -9999 -9999 -9999 -9999 -9999 -9999 -9999 -9999 -9999 -9999 -9999 -9999 -9999 -9999 -9999 -9999 -9999 -9999 -9999 -9999 -9999 -9999
4 4 4.25938 4.94375 4.205 4.36375 5.8 7 7 7 7 7 7 7 6.79844 6.03156 4.58313 2.74938 2.41 1.99 2.94625 5.87875 7 7 7.00844 7.24156 7.54063 6.48125 6.83281 7.40469 7.68406 7.45906 7.16937 7.56875 8 7.9 7.36562 7.02187 7 7 7 7 7 7 7 7 7 7 7 7 6.99219 6.93281 6.77169 6.35666 -9999 -9999 -9999 -9999 -9999 -9999 -9999 -9999 -9999 -9999 -9999 -9999 -9999 -9999 -9999 -9999 -9999 -9999 -9999 -9999 -9999 -9999 -9999 -9999 -9999 -9999 -9999
4 4 4.35813 5.86188 5.36125 5.3875 5.875 7 7 7 7 7 7 7 7 6.755 6.26 5.16 2.8475 1.78625 1.62875 3.725 6.1375 5.21125 6.01 7.32562 7.98344 7.98219 8 7.98125 8 8 7.93062 7.8725 7.87125 7.82094 7.44125 7.03844 7 7 7 7 7 7 7 7 7 7 6.96719 6.98906 7 7 7 7 -9999 -9999 -9999 -9999 -9999 -9999 -9999 -9999 -9999 -9999 -9999 -9999 -9999 -9999 -9999 -9999 -9999 -9999 -9999 -9999 -9999 -9999 -9999 -9999 -9999 -9999 -9999
4 4 4.56063 6.61625 6.86375 6.97188 7 7 7 7 7 7 7 6.8 6.39875 5.23125 3.5175 3.0525 3.39 3.62625 2.99625 3 3.45 3.12375 4.95375 7.11938 7.59438 7.6675 7.75844 7.69531 8 7.99438 7.63625 7.2475 7.22875 7.14156 7.1275 7.01781 7 7 7 7 7 7 7 7 7 7 6.83594 6.93281 7 7 7 7 -9999 -9999 -9999 -9999 -9999 -9999 -9999 -9999 -9999 -9999 -9999 -9999 -9999 -9999 -9999 -9999 -9999 -9999 -9999 -9999 -9999 -9999 -9999 -9999 -9999 -9999 -9999
4.14531 4.21094 4.51094 6.25719 6.73812 7 7 7 7 7 7 7 7 6.5375 4.61375 3.62625 3.06 3 3 3 3 3 3 2.96625 4.76531 6.93094 7.04406 7.18937 7.03562 6.72781 7.32734 5.53016 5.74438 6.91375 7 7 7 7 7 7 7 7 7 7 7 7 7 7 6.93437 6.96562 7 7 7 -9999 -9999 -9999 -9999 -9999 -9999 -9999 -9999 -9999 -9999 -9999 -9999 -9999 -9999 -9999 -9999 -9999 -9999 -9999 -9999 -9999 -9999 -9999 -9999 -9999 -9999 -9999 -9999
4.07344 4.07031 4.07031 4.80219 6.34625 6.98125 7 7 7 7 7 7 7 6.9125 5.625 3.075 3 3 3 3 3 3 2.9 2.27375 4.63344 6.88656 6.5125 3.76406 2.30906 2.0675 2.35078 1.57859 2.03562 5.96313 7 7 7 7 7 7 7 7 7 7 7 7 7 6.9625 6.45625 6.83125 7 7 7 -9999 -9999 -9999 -9999 -9999 -9999 -9999 -9999 -9999 -9999 -9999 -9999 -9999 -9999 -9999 -9999 -9999 -9999 -9999 -9999 -9999 -9999 -9999 -9999 -9999 -9999 -9999 -9999
4 4.0125 4.03438 4.12187 4.05625 5.125 7 7 7 7 7 7 7 7 6.6375 4.8125 3.86 3.3025 3.375 3.1375 3.0475 3.0025 2.75125 1.6675 2.51875 5.10625 3.63313 1.1525 1.20969 1.76094 1.8775 1.60187 3.58938 6.5125 7 7 7 7 7 7 7 7 7 7 7 7 6.98438 6.91563 6.56875 6.8361 -9999 -9999 -9999 -9999 -9999 -9999 -9999 -9999 -9999 -9999 -9999 -9999 -9999 -9999 -9999 -9999 -9999 -9999 -9999 -9999 -9999 -9999 -9999 -9999 -9999 -9999 -9999 -9999 -9999 -9999 -9999
4.05625 4.15625 4.09375 4.05625 4 4 7 7 7 7 6.865 6.96625 7 7 7 6.925 6.5725 4.365 5.475 5.0125 3.90812 2.82938 1.9425 1.10125 1 1 1.11688 1.905 2.41219 3.14719 5.265 4.86812 6.73562 7 7 7 7 7 7 7 7 7 7 7 7 7 6.95313 6.85938 7 7 -9999 -9999 -9999 -9999 -9999 -9999 -9999 -9999 -9999 -9999 -9999 -9999 -9999 -9999 -9999 -9999 -9999 -9999 -9999 -9999 -9999 -9999 -9999 -9999 -9999 -9999 -9999 -9999 -9999 -9999 -9999
4.48938 4.62313 4.35625 4.83813 4.03375 4.1125 7 7 7 6.57813 5.47844 6.26031 7.07312 7.04125 7 7 6.805 5.97 6.75 7 6.09812 3.02063 1.1625 1 1 1 1.37 2.73 3.77437 4.21313 6.8325 6.8425 7 7 7 7 7 7 7 7 7 7 7 7 7 7 6.925 6.72283 6.91848 7 -9999 -9999 -9999 -9999 -9999 -9999 -9999 -9999 -9999 -9999 -9999 -9999 -9999 -9999 -9999 -9999 -9999 -9999 -9999 -9999 -9999 -9999 -9999 -9999 -9999 -9999 -9999 -9999 -9999 -9999 -9999
4.9825 6.3675 6.39063 6.2275 4.86625 4.9375 7 7 7 6.85938 5.60656 6.56719 7.18313 7.02125 7 7 7 7 7 7 6.9775 4.61625 1 1 1 1 1.38 2.425 4.135 6.385 7 7 7 7 7 7 7 7 7 7 7 7 7 7 7 7 6.9664 6.8818 6.95652 -9999 -9999 -9999 -9999 -9999 -9999 -9999 -9999 -9999 -9999 -9999 -9999 -9999 -9999 -9999 -9999 -9999 -9999 -9999 -9999 -9999 -9999 -9999 -9999 -9999 -9999 -9999 -9999 -9999 -9999 -9999 -9999
5.27125 6.80688 7 7 7 7 7 7 7 7 6.33219 5.62563 6.56875 6.76406 7.24141 7.05859 7 7 7 7 6.97188 6.24062 1.61875 1 1 1 2.33656 1.91969 3.66812 6.56938 7 7 7 7 7 7 7 7 7 7 7 7 7 7 7 7 7 7 -9999 -9999 -9999 -9999 -9999 -9999 -9999 -9999 -9999 -9999 -9999 -9999 -9999 -9999 -9999 -9999 -9999 -9999 -9999 -9999 -9999 -9999 -9999 -9999 -9999 -9999 -9999 -9999 -9999 -9999 -9999 -9999 -9999
4.39375 6.46562 7 7 7 7 7 7 7 7 6.79844 5.81375 5.57 6.52719 7.35078 7.11484 7.09656 7.03156 7 7 5.875 6.3625 1.61875 1 1 1.3 3.80219 5.29781 6.11625 6.865 7 7 7 7 7 7 7 7 7 7 7 7 7 7 7 7 -9999 -9999 -9999 -9999 -9999 -9999 -9999 -9999 -9999 -9999 -9999 -9999 -9999 -9999 -9999 -9999 -9999 -9999 -9999 -9999 -9999 -9999 -9999 -9999 -9999 -9999 -9999 -9999 -9999 -9999 -9999 -9999 -9999 -9999 -9999
4.07875 5.43062 6.9625 7 7 7 7 7 7 7 6.985 6.88812 6.09031 6.01156 7.40938 7.16313 7.29953 7.06859 7 6.34188 4.01031 5.96031 3.025 1.18 1.585 2.785 6.8425 6.74813 6.675 6.95313 7 7 7 7 7 7 7 7 7 7 7 7 7 7 7 7 -9999 -9999 -9999 -9999 -9999 -9999 -9999 -9999 -9999 -9999 -9999 -9999 -9999 -9999 -9999 -9999 -9999 -9999 -9999 -9999 -9999 -9999 -9999 -9999 -9999 -9999 -9999 -9999 -9999 -9999 -9999 -9999 -9999 -9999 -9999
4.9625 6.15312 6.975 7 7 7 7 7 7 7 7.00625 7.19438 7.21781 5.66906 7.14219 6.98219 7.20391 6.96234 6.8875 4.54563 2.29281 6.13656 6.1375 4.8325 5.7775 5.89 7 6.97813 6.97813 7 7 7 7 7 7 7 7 7 7 7 7 7 7 7 7 -9999 -9999 -9999 -9999 -9999 -9999 -9999 -9999 -9999 -9999 -9999 -9999 -9999 -9999 -9999 -9999 -9999 -9999 -9999 -9999 -9999 -9999 -9999 -9999 -9999 -9999 -9999 -9999 -9999 -9999 -9999 -9999 -9999 -9999 -9999 -9999
6.9125 7 7 6.94063 6.88438 6.98125 7 7 7 7 7 7 7 7.0625 7.125 7.43125 7.10313 6.84062 6.89687 5.31 5.19187 6.81375 6.9125 7 7 7 7 7 7 7 7 7 7 7 7 7 7 7 7 7 7 7 7 -9999 -9999 -9999 -9999 -9999 -9999 -9999 -9999 -9999 -9999 -9999 -9999 -9999 -9999 -9999 -9999 -9999 -9999 -9999 -9999 -9999 -9999 -9999 -9999 -9999 -9999 -9999 -9999 -9999 -9999 -9999 -9999 -9999 -9999 -9999 -9999 -9999 -9999
7 7 7 6.85938 6.74687 6.9625 7 7 7 7 7 7 7 7 7 7 7 7 6.95687 6.41875 6.46938 6.805 6.6625 7 7 7 7 7 7 7 7 7 7 7 7 7 7 7 7 7 7 7 -9999 -9999 -9999 -9999 -9999 -9999 -9999 -9999 -9999 -9999 -9999 -9999 -9999 -9999 -9999 -9999 -9999 -9999 -9999 -9999 -9999 -9999 -9999 -9999 -9999 -9999 -9999 -9999 -9999 -9999 -9999 -9999 -9999 -9999 -9999 -9999 -9999 -9999 -9999
7 7 7 7 7 7 7 7 7 7 7 7 7 7 7 7 7 7 6.99625 6.95875 6.97 6.9625 6.925 7 7 7 7 7 7 7 7 7 7 7 7 7 7 7 6.30573 6.58218 7 7 -9999 -9999 -9999 -9999 -9999 -9999 -9999 -9999 -9999 -9999 -9999 -9999 -9999 -9999 -9999 -9999 -9999 -9999 -9999 -9999 -9999 -9999 -9999 -9999 -9999 -9999 -9999 -9999 -9999 -9999 -9999 -9999 -9999 -9999 -9999 -9999 -9999 -9999 -9999
7 7 7 7 6.4375 6.8125 7 7 7 7 7 7 7 7 7 7 7 7 7 7 7 7 7 7 7 7 7 7 7 7 7 7 7 7 7 7 7 7 5.31098 3.97165 7 -9999 -9999 -9999 -9999 -9999 -9999 -9999 -9999 -9999 -9999 -9999 -9999 -9999 -9999 -9999 -9999 -9999 -9999 -9999 -9999 -9999 -9999 -9999 -9999 -9999 -9999 -9999 -9999 -9999 -9999 -9999 -9999 -9999 -9999 -9999 -9999 -9999 -9999 -9999 -9999
7 7 7 7 5.965 3.8725 6.09438 6.94938 7 7 7 7 7 7 7 7 7 7 7 7 7 7 7 7 7 7 6.89687 6.90156 6.8425 6.96531 7 7 7 7 6.99875 6.90938 6.84562 6.9775 7 -9999 -9999 -9999 -9999 -9999 -9999 -9999 -9999 -9999 -9999 -9999 -9999 -9999 -9999 -9999 -9999 -9999 -9999 -9999 -9999 -9999 -9999 -9999 -9999 -9999 -9999 -9999 -9999 -9999 -9999 -9999 -9999 -9999 -9999 -9999 -9999 -9999 -9999 -9999 -9999 -9999 -9999
6.44031 6.24531 6.60437 5.48313 4.85875 2.76625 2.55063 5.57688 6.85375 7 7 7 7 7 7 7 7 7 7 7 7 7 7 7 7 6.7375 5.64063 5.50469 5.54969 6.38 6.525 7 7 6.9625 6.7675 6.18437 5.40812 6.73375 7 -9999 -9999 -9999 -9999 -9999 -9999 -9999 -9999 -9999 -9999 -9999 -9999 -9999 -9999 -9999 -9999 -9999 -9999 -9999 -9999 -9999 -9999 -9999 -9999 -9999 -9999 -9999 -9999 -9999 -9999 -9999 -9999 -9999 -9999 -9999 -9999 -9999 -9999 -9999 -9999 -9999 -9999
4.68531 3.82656 4.03375 1.95062 1.79875 3.91375 3.41125 2.30312 4.37313 4.975 6.26875 7 7 7 7 7 7 7 7 7 7 7 7 7 7 5.3875 4.15 3.98875 4.03516 4.16047 4.26563 5.365 4.79125 4.85313 4.24 3.43 4.43125 5.06916 5.36364 1 1 1 -9999 -9999 -9999 -9999 -9999 -9999 -9999 -9999 -9999 -9999 -9999 -9999 -9999 -9999 -9999 -9999 -9999 -9999 -9999 -9999 -9999 -9999 -9999 -9999 -9999 -9999 -9999 -9999 -9999 -9999 -9999 -9999 -9999 -9999 -9999 -9999 -9999 -9999 -9999
3.25563 1.62812 1.34312 1.0225 1.2025 2.7475 3.49375 2.67062 2.47937 3.26875 4.73125 7 7 7 7 7 7 7 7 7 7 7 7 7 7 5.3125 4 4.055 3.71328 3.21609 2.97813 2.61625 2.27125 1.76759 1.35625 1.27238 2.57651 1.8811 1 1 1 1 -9999 -9999 -9999 -9999 -9999 -9999 -9999 -9999 -9999 -9999 -9999 -9999 -9999 -9999 -9999 -9999 -9999 -9999 -9999 -9999 -9999 -9999 -9999 -9999 -9999 -9999 -9999 -9999 -9999 -9999 -9999 -9999 -9999 -9999 -9999 -9999 -9999 -9999 -9999
1.7725 1.01875 1 1 1 1 1 1 4.12187 6.84062 6.59125 5.92562 6.55562 6.9775 7 7 7 7 7 7 7 7 7 6.7375 5.13438 4.06563 4.00156 4.02344 4.15403 4.35759 4.45054 4.808 5 -9999 -9999 -9999 1 1 -9999 -9999 -9999 -9999 -9999 -9999 -9999 -9999 -9999 -9999 -9999 -9999 -9999 -9999 -9999 -9999 -9999 -9999 -9999 -9999 -9999 -9999 -9999 -9999 -9999 -9999 -9999 -9999 -9999 -9999 -9999 -9999 -9999 -9999 -9999 -9999 -9999 -9999 -9999 -9999 -9999 -9999 -9999
1.03375 1 1 1 1 1 1 1 3.07 6.43 4.0525 1.68062 4.00375 6.67562 7 7 7 7 7 7 7 7 7 6.74687 4.94688 4 4.11431 4.15319 4.05293 4.02235 5 -9999 -9999 -9999 -9999 -9999 1 1 -9999 -9999 -9999 -9999 -9999 -9999 -9999 -9999 -9999 -9999 -9999 -9999 -9999 -9999 -9999 -9999 -9999 -9999 -9999 -9999 -9999 -9999 -9999 -9999 -9999 -9999 -9999 -9999 -9999 -9999 -9999 -9999 -9999 -9999 -9999 -9999 -9999 -9999 -9999 -9999 -9999 -9999 -9999
1 1 1 1 1 1 1 1 1.26437 3.56687 1.6 1 3.26406 6.55469 7 7 7 7 7 7 7 7 7 6.45156 4.65156 4 4.20411 4.34783 4 -9999 -9999 -9999 -9999 -9999 -9999 -9999 -9999 -9999 -9999 -9999 -9999 -9999 -9999 -9999 -9999 -9999 -9999 -9999 -9999 -9999 -9999 -9999 -9999 -9999 -9999 -9999 -9999 -9999 -9999 -9999 -9999 -9999 -9999 -9999 -9999 -9999 -9999 -9999 -9999 -9999 -9999 -9999 -9999 -9999 -9999 -9999 -9999 -9999 -9999 -9999 -9999
1 1 1 1 1 1 1 1 1 1.20625 1 1 2.98281 6.38594 7 7 7 7 7 7 7 7 7 6.47031 4.67031 4 4.02431 4 -9999 -9999 -9999 -9999 -9999 -9999 -9999 -9999 -9999 -9999 -9999 -9999 -9999 -9999 -9999 -9999 -9999 -9999 -9999 -9999 -9999 -9999 -9999 -9999 -9999 -9999 -9999 -9999 -9999 -9999 -9999 -9999 -9999 -9999 -9999 -9999 -9999 -9999 -9999 -9999 -9999 -9999 -9999 -9999 -9999 -9999 -9999 -9999 -9999 -9999 -9999 -9999 -9999
