public/models/data/input/map/sulut/1000/maplanduse.asc
NCOLS 248
NROWS 182
XLLCORNER 510063.019283
YLLCORNER 211117.685435
CELLSIZE 1000.000000
NODATA_VALUE       -9999
[rows 36 to 71 of 182, columns 162 to 242 of 248]
-9999 -9999 -9999 -9999 -9999 -9999 -9999 -9999 -9999 -9999 -9999 -9999 -9999 -9999 -9999 -9999 -9999 -9999 -9999 -9999 -9999 -9999 -9999 -9999 -9999 -9999 -9999 -9999 3.31828 3.84491 4.00656 4.33 5.455 5.72406 4.12187 4 4 4 4.13125 5.14375 5.62187 4.29063 4.09375 4.14 2.43703 1.07609 1 1 1 1 1.58438 3.60625 4.01875 4 6.26875 7 7 7 7 7 5.99312 4.83187 5.84188 4.74344 4.07406 4 4 4.10422 4.35957 4.23644 -9999 -9999 -9999 -9999 -9999 -9999 -9999 -9999 -9999 -9999 -9999
-9999 -9999 -9999 -9999 -9999 -9999 -9999 -9999 -9999 -9999 -9999 -9999 -9999 -9999 -9999 -9999 -9999 -9999 -9999 -9999 -9999 -9999 -9999 -9999 -9999 -9999 -9999 -9999 1.50801 3.41535 4.02531 4.7275 4.30281 5.31625 4.19688 4 4 4 4 4.015 4.09094 4.02531 4.92375 4.405 3.34047 1.85266 1.5475 1.30562 1.58687 1.94125 3.20313 4 4.07594 4.13031 6.60625 7 7 7 7 7 6.51625 5.72125 6.40812 5.76906 4.16969 3.825 3.80875 3.49281 3.59462 3.17283 1 1 -9999 -9999 -9999 -9999 -9999 -9999 -9999 -9999 -9999
-9999 -9999 -9999 -9999 -9999 -9999 -9999 -9999 -9999 -9999 -9999 -9999 -9999 -9999 -9999 -9999 -9999 -9999 -9999 -9999 -9999 -9999 -9999 -9999 -9999 -9999 -9999 -9999 1.26667 3.40706 4.00562 4.31687 3.56312 3.89875 2.81875 4 4 4 4 4.02063 4.15141 4.34359 6.27938 5.33313 3.99437 3.53688 2.85672 1.65578 1.62063 3.17313 4.75 4 4.49359 4.97828 7 7 7 7 7 7 7 7 6.81172 5.38516 3.98125 3.69375 2.52063 1.9075 2.1325 1.41952 1 1.19686 2.4756 3 -9999 -9999 -9999 -9999 -9999 -9999 -9999
-9999 -9999 -9999 -9999 -9999 -9999 -9999 -9999 -9999 -9999 -9999 -9999 -9999 -9999 -9999 -9999 -9999 -9999 -9999 -9999 -9999 -9999 -9999 -9999 -9999 -9999 -9999 -9999 1 3.85069 4 4.01312 3.98219 3.95781 3.55 4 4 4 4 4.00187 4.05766 5.41859 6.03438 4.44063 2.84687 3.01563 3.03953 2.90734 2.52063 3.595 3.9625 4 4.92109 6.46328 7 7 7 7 7 7 7 7 6.95391 5.77422 4.1125 3.20625 1.20812 1.0325 1.04656 1.00656 1.1 1.97512 2.87512 3 3 -9999 -9999 -9999 -9999 -9999 -9999
-9999 -9999 -9999 -9999 -9999 -9999 -9999 -9999 -9999 -9999 -9999 -9999 -9999 -9999 -9999 -9999 -9999 -9999 -9999 -9999 -9999 -9999 -9999 -9999 -9999 -9999 -9999 -9999 -9999 -9999 4 4 4 4.0875 4.0625 4.1525 4.22375 4.03625 4 4 4.0525 4.75063 5.41031 3.66219 1.9025 2.1 3.85938 4 4 4.02812 2.79797 4.05578 5.44938 6.80312 7 7 7 7 7 7 7 7 6.95031 5.73625 4.02437 2.54531 1 1 1 1 1.05625 1.945 3.73375 4.0525 4.9187 7 7 7 -9999 -9999 -9999
-9999 -9999 -9999 -9999 -9999 -9999 -9999 -9999 -9999 -9999 -9999 -9999 -9999 -9999 -9999 -9999 -9999 -9999 -9999 -9999 -9999 -9999 -9999 -9999 -9999 -9999 -9999 -9999 -9999 -9999 -9999 4 4.1131 4.46042 4.1375 4.0225 4.045 4.095 4 4 4.0225 4.23688 4.56938 3.49375 2.1775 2.11562 3.40937 4 3.91 3.66812 1.62391 4.42234 6.91 7 7 7 7 7 7 7 7 7 6.97469 6.17312 4.30562 3.12156 1 1 1 1 1 2.08 5.635 6.985 7 7 7 7 -9999 -9999 -9999
-9999 -9999 -9999 -9999 -9999 -9999 -9999 -9999 -9999 -9999 -9999 -9999 -9999 -9999 -9999 -9999 -9999 -9999 -9999 -9999 -9999 -9999 -9999 -9999 -9999 -9999 -9999 -9999 -9999 -9999 -9999 -9999 4.75833 4.87292 4.06625 4.06469 4.05344 4.19063 4.0375 4 4.12094 4.41031 4.12969 3.99719 3.79187 3.6625 2.83984 3.27578 2.94109 1.99328 1.20625 3.70937 6.69063 6.8875 7 7 7 7 7 7 7 7 7 6.78062 5.00313 3.985 1.46875 1.99563 1.43875 1 1 1.76688 4.8775 6.83687 7 7 6.33053 3.8483 -9999 -9999 4
-9999 -9999 -9999 -9999 -9999 -9999 -9999 -9999 -9999 -9999 -9999 -9999 -9999 -9999 -9999 -9999 -9999 -9999 -9999 -9999 -9999 -9999 -9999 -9999 -9999 -9999 -9999 -9999 -9999 -9999 -9999 -9999 5 5 4.0025 4.03531 4.02781 4.09688 4.41563 4.15938 4.36656 4.67719 4.71875 4.20625 4 4 3.51953 2.57734 1.93328 3.23234 4.46875 6.27812 6.89687 5.9875 6.2625 6.7375 7 7 7 7 7 7 7 6.96625 6.53875 5.5825 2.70625 2.14188 1.42375 1.0125 1 1.07687 1.67875 5.02563 6.025 4.4 4.03434 2.72885 -9999 -9999 4
-9999 -9999 -9999 -9999 -9999 -9999 -9999 -9999 -9999 -9999 -9999 -9999 -9999 -9999 -9999 -9999 -9999 -9999 -9999 -9999 -9999 -9999 -9999 -9999 -9999 -9999 -9999 -9999 -9999 -9999 -9999 5 5.08222 5.02801 4.44141 4.10078 4.00844 4.065 4.38812 4.19938 4.0625 4.5 4.35625 3.5875 2.65937 3.14687 2.92188 2.82188 4.79063 6.72813 6.925 6.85 6.85 6.2625 6.45 6.925 7 7 7 7 7 7 7 7 7 7 3.8875 1.3375 1 1 1.075 1.015 1.34359 3.80078 3.6825 3.48938 3.59024 2.66537 4 4.19851 4.1988
-9999 -9999 -9999 -9999 -9999 -9999 -9999 -9999 -9999 -9999 -9999 -9999 -9999 -9999 -9999 -9999 -9999 -9999 -9999 -9999 -9999 -9999 -9999 -9999 -9999 -9999 -9999 -9999 -9999 -9999 -9999 5 5.09114 5.1085 4.58047 3.74609 3.07906 3.21625 3.85063 4.06187 4 4 3.925 2.575 1.135 2.29 1.4075 2.37625 5.79437 6.97188 4.7875 4.15 4.15 4.375 6.07188 6.91563 7 7 7 7 7 7 7 7 7 7 4.1125 1 1 1 2.65937 2.30687 1.84422 3.34891 3.53312 1.945 1.87633 2.04794 4 4 4
-9999 -9999 -9999 -9999 -9999 -9999 -9999 -9999 -9999 -9999 -9999 -9999 -9999 -9999 -9999 -9999 -9999 -9999 -9999 -9999 -9999 -9999 -9999 -9999 -9999 -9999 -9999 -9999 -9999 -9999 -9999 5 5 5.05 4.91 3.46625 2.9075 2.69125 2.73359 3.90297 4.41906 5.335 4.01031 3.21344 1.41625 2.81312 2.93563 4.105 6.8875 7 1.4125 1 1 1.1125 2.55625 4.19875 6.2575 7 7 7 7 7 7 7 6.84812 6.89875 3.83125 1 1 1 4.74062 5.85063 3.68641 3.35359 2.38937 1.29813 1 1 4 4 4
-9999 -9999 -9999 -9999 -9999 -9999 -9999 -9999 -9999 -9999 -9999 -9999 -9999 -9999 -9999 -9999 -9999 -9999 -9999 -9999 -9999 -9999 -9999 -9999 -9999 -9999 -9999 -9999 -9999 -9999 -9999 5 5 5 4.10875 3.55875 3.49875 2.12125 1.66203 4.46391 5.41219 5.38375 3.88344 2.72406 2.005 3.44688 3.95062 4.91875 6.8275 7 1 1 1 1 1.02813 1.31687 3.67375 6.60625 7 7 7 7 7 7 6.64563 6.8575 6.04375 3.925 3.025 4.525 6.49375 6.865 5.01016 2.73109 1.12937 1.03937 1 1 4 4 4
-9999 -9999 -9999 -9999 -9999 -9999 -9999 -9999 -9999 -9999 -9999 -9999 -9999 -9999 -9999 -9999 -9999 -9999 -9999 -9999 -9999 -9999 -9999 4.23077 4.58643 5.95042 4.3253 4.11364 4.525 4.975 5 5 5 5 4.1 1.3975 3.27531 3.78344 1.52125 2.89 5.81078 4.93109 4.48344 3.48656 4.005 4 4.03609 4.72328 5.875 4.525 1 1 1 1 1 1.3375 4.825 6.9625 7 7 7 7 6.9625 5.91563 5.16984 6.42391 6.63781 6.86219 6.98875 6.74875 6.10406 4.62906 4.1575 2.10313 1.48891 1.38571 1.33909 3.51303 4 4 4
-9999 -9999 -9999 -9999 -9999 -9999 -9999 -9999 -9999 -9999 -9999 -9999 -9999 -9999 -9999 -9999 -9999 -9999 -9999 -9999 -9999 -9999 4.00638 4.1977 4.55315 6.06494 4.80737 4.04662 4.41531 4.81906 4.8 4.925 5 4.4 3.025 1.78375 4.98719 5.02281 4.67125 3.715 5.71047 5.38141 4.3175 4.54063 4.98125 4.55438 4.06766 3.91484 2.45187 1.225 1 1 1 1 1 1.65625 5.25625 7 7 7 6.88375 6.91625 7 6.33687 4.91328 4.99672 4.95937 5.575 6.01094 5.25469 4.63688 4.39625 4.4075 2.3794 2.20296 2.02857 2.64835 3.86154 4 4 4
-9999 -9999 -9999 -9999 -9999 -9999 -9999 -9999 -9999 -9999 -9999 -9999 -9999 -9999 -9999 -9999 -9999 -9999 -9999 -9999 -9999 4 4.13896 4.36036 4.49754 6.16031 5.98422 4.07828 4.17906 3.27406 2.86875 4.01375 4.61188 2.90563 1.6975 4.36 6.5425 6.8875 6.9325 6.76375 6.96625 6.64375 5.55359 6.08891 6.82062 6.62437 4.60437 3.00125 1.24437 1 1 1 1 1 1.05062 2.86 6.30813 7 7 7 6.86125 6.62 6.17031 5.77156 5.01312 4.83875 4.52156 4.55219 4.68297 4.79016 4.88719 4.90906 4.985 4.39502 1 4 4 4 4 4 4
-9999 -9999 -9999 -9999 -9999 -9999 -9999 -9999 -9999 -9999 -9999 -9999 -9999 -9999 -9999 -9999 -9999 -9999 -9999 -9999 -9999 4 4.18172 3.69141 3.675 6.22687 6.79109 5.94953 5.56187 3.33188 1.15625 1.91125 3.82562 4.33187 4.8025 6.39625 6.83875 6.975 7 6.41875 5.77187 6.74687 6.84547 6.92766 7.01813 7.2525 6.89813 3.94187 1.49125 1.75 1 1 1 1 1.56813 4.84 6.96063 7 7 7 6.9925 5.97625 5.12344 5.07594 5.01312 4.9625 4.86662 4.90125 4.93609 4.99391 5 5 5 4.36 4.30833 4.11364 4.14634 4.04878 4 4 4
-9999 -9999 -9999 -9999 -9999 -9999 -9999 -9999 -9999 -9999 -9999 -9999 -9999 -9999 -9999 -9999 -9999 -9999 5.36522 6.95987 7 6.625 5.9125 5.18875 3.08125 5.3925 7 6.725 6.6875 6.9875 5.5 4.7 5.52969 6.62656 7 7 7 7 6.98125 6.34375 5.18875 4.71438 6.925 7 7 6.92188 7.5875 6.77594 5.02141 6.57766 6.46875 4.91875 4.1875 5.125 7 7 7 7 7 7 6.9175 5.6075 4.95625 5 5 5 -9999 -9999 -9999 -9999 4 4 4.06452 4.17685 4 4 4 4 4 4 4
-9999 -9999 -9999 -9999 -9999 -9999 1.36102 3.27728 5.45461 6.43396 -9999 -9999 -9999 -9999 -9999 -9999 -9999 3 5.6637 6.74614 7 7 7 6.89875 5.22625 4.325 6.775 6.925 6.925 7 6.97563 6.67938 6.38969 6.88656 6.85625 6.83125 7 7 7 7 6.84812 5.3425 6.8875 7 7 6.92188 7.25 7.58656 6.73953 6.90516 6.925 7 7 7 7 7 7 7 6.99625 6.8975 6.54688 5.28438 4.70781 4.98594 5 5 -9999 -9999 -9999 -9999 4 4 4 4 4 4 4 4 4 4 -9999
-9999 -9999 -9999 -9999 -9999 -9999 1.35113 3.76576 6.17653 6.93341 -9999 -9999 -9999 -9999 7 7 7 5.13149 6.64457 6.80875 7 7 7 7 6.59875 4.65125 4.825 6.775 7 7 6.79656 6.74219 6.93062 6.98688 6.85625 6.83125 7 7 7 7 6.96625 6.6775 7 7 7 6.96875 7.38125 8 7.68313 6.76687 7 7 7 7 7 7 7 7 6.92219 6.17375 4.99344 4.045 4.47437 4.64229 4.76667 -9999 -9999 -9999 -9999 4 4 4 4 4 4 4 4 4 4 4 -9999
-9999 -9999 -9999 -9999 -9999 1 1.93287 4.86016 6.80781 7 7 7 -9999 -9999 6.12195 6.39817 6.925 6.85366 7 7 7 7 7 7 7 5.725 4.85 6.775 7 7 6.94031 6.94094 7 7 7 7 7 6.75 7 7 7 7 7 7 7 7 7.0625 7.46875 7.84656 7.22219 7.03438 6.69688 6.89375 7 7 7 7 7 6.97531 6.35375 4.58281 3.95375 4.21911 4.71587 4.84949 -9999 -9999 -9999 4 4 4 4 4 4 4 4 4 4 4 4 -9999
-9999 -9999 1.13573 1.88942 4.80406 5.99541 5.2825 5.80188 6.94375 7 7 7 7 7 6.29586 6.38154 6.89313 7 7 7 7 7 7 7 7 7 7 7 7 7 6.98438 6.95313 7 7 7 7 7 6.875 6.98469 6.90969 6.95563 7 7 7 7 7 6.2625 7 7.3 7.725 6.5 6.59375 7.45625 6.65 6.84688 6.85938 7.34312 6.51937 6.43062 4.89594 3.89281 3.88026 4.11111 4 -9999 -9999 -9999 -9999 -9999 4 4 4 -9999 -9999 1 -9999 -9999 -9999 -9999 -9999 -9999
1 4.25 2.04872 4.77517 6.82 7 6.71875 6.61188 6.9325 6.9775 6.9375 7 7 7 6.91375 6.73562 6.76937 7 6.9625 7 7 7 7 7 7 7 6.97375 6.86125 6.895 6.97 6.95313 6.85938 7 7 7 7 7 7 6.95031 6.68781 6.83687 7 7 7 7 7 6.925 7 7 7.0375 6.0175 6.17375 7.865 7.8125 7.21094 7.22031 6.505 5.15125 4.55875 4.19219 4.12841 3.19704 -9999 -9999 -9999 -9999 -9999 -9999 -9999 4 -9999 -9999 -9999 -9999 1 -9999 -9999 -9999 -9999 -9999 -9999
1 4.69063 5.57713 6.28728 6.685 6.94375 6.71031 6.06344 6.08031 5.03969 6.7125 7 7 7 7 7 7 7 6.79375 6.94375 7 7 7 7 7 7 6.81063 5.47188 4.69 5.0275 6.8125 7 7 7 7 7 7 7 6.99625 6.95875 6.97 7 7 7 7 7 7 7 7 7 6.22 4.64375 6.21125 6.36875 4.81094 4.82031 4.33 4.0075 4.04125 4.015 3.94655 3.19415 -9999 -9999 -9999 -9999 -9999 -9999 -9999 -9999 -9999 -9999 -9999 -9999 -9999 -9999 -9999 -9999 -9999 -9999 -9999
2.79023 5.7625 5.1 4.53813 4.84937 5.84688 6.15719 4.87281 4.63094 2.92656 5.21875 6.49375 6.8875 7 7 7 7 7 6.94375 6.98125 7 7 6.9625 6.025 6.1375 7 6.79063 4.79187 3.065 3.1525 5.90938 6.90312 6.875 7 7 7 7 7 6.625 7 7 7 7 7 7 7 7 7 7 7 6.4 4.245 4.24875 4.28125 4.03125 4.1875 4.1875 4.15625 4.31884 4.63458 3.57034 3.0339 -9999 -9999 -9999 -9999 -9999 -9999 -9999 -9999 -9999 -9999 -9999 -9999 -9999 -9999 -9999 -9999 -9999 -9999 -9999
3.32594 4 4 3.86781 3.32078 1.94266 4.04125 2.34625 2.50938 2.90313 1.73125 3.2125 4.61875 5.65 6.925 7 7 7 6.94016 6.79109 6.95937 7 6.97563 5.01625 3.73938 3.775 1.6875 2.05 1.66 3.59 5.60313 6.96562 6.75 6.99375 7 7 6.96063 5.73625 6.31563 7 7 7 7 7 7 7 7 7 7 7 6.37469 4.22312 4.24984 4.33984 4.0625 4.1625 4.09688 4.3625 4.75664 4.72727 -9999 -9999 -9999 -9999 -9999 -9999 -9999 -9999 -9999 -9999 -9999 -9999 -9999 -9999 -9999 -9999 -9999 -9999 -9999 -9999 -9999
3.92406 4 4 3.89594 2.49109 1.13172 1.70875 1.30375 1 1.45 1.34687 2.4925 3.88188 4.79125 6.7375 7 7 7 6.75109 6.08641 6.76563 7 6.94938 4.74625 1.29813 1 1.07687 1.76688 3.51625 6.415 6.96875 6.46375 6.49 6.9775 6.985 6.76188 6.16844 5.30031 6.74687 7 7 7 7 7 7 7 7 7 7 7 6.67938 5.42781 5.90453 6.21953 5.05469 4.52219 4.03562 4.29063 4.1769 4.25 -9999 -9999 -9999 -9999 -9999 -9999 -9999 -9999 -9999 -9999 -9999 -9999 -9999 -9999 -9999 -9999 -9999 -9999 -9999 -9999 -9999
4 4 4 3.955 2.54594 1.13031 1 1.0675 1.71297 3.73516 3.54063 3.7075 4.56109 6.18766 6.9625 7 7 7 6.83687 6.39437 6.85 7 6.94938 4.74625 1.29813 1.225 1.53813 2.61063 5.9125 6.98875 6.97813 6.64 6.57062 6.955 7.13828 6.19234 4.50906 4.64781 5.9875 6.20406 6.81156 7 7 7 7 7 7 7 7 7 6.98031 6.89594 6.955 7 6.76375 5.60875 4.14625 4.1875 4.28958 4.25 -9999 -9999 -9999 -9999 -9999 -9999 -9999 -9999 -9999 -9999 -9999 -9999 -9999 -9999 -9999 -9999 -9999 -9999 -9999 -9999 -9999
4 4 4 3.7375 2.06406 1.04219 1 1.4575 3.82141 6.31797 6.08125 5.74375 6.45391 6.93672 7 7 7 7 7 7 7 6.25 6.56313 5.65375 3.53312 4.28125 4.9225 2.7475 5.6425 6.9375 7 6.92438 5.96438 6.88 7.38922 4.97078 3.565 5.9875 5.3125 5.65844 6.05406 6.72188 7.0625 7 7 7 7 7 7 7 7 7 7 7 6.74406 5.07531 4.22125 4.03792 4.06435 4 -9999 -9999 -9999 -9999 -9999 -9999 -9999 -9999 -9999 -9999 -9999 -9999 -9999 -9999 -9999 -9999 -9999 -9999 -9999 -9999 -9999
4.01875 4.01875 4.41563 5.11562 3.92125 3.16 1.0375 1.13875 2.84875 4.99375 5.39687 6.35313 7 6.95625 7 7 7 7 7 7 7 5.425 2.30875 5.25063 6.74687 6.675 6.91875 6.95937 6.89656 6.69406 6.91 7.11625 5.43391 6.30547 6.42859 1.99172 2.63906 6.29688 6.49375 6.50125 7.70687 7.87 7.6725 7.08063 7 7 7 7 7 7 6.835 5.6825 5.81 6.9225 6.75875 5.69125 5.24687 4.9993 -9999 -9999 -9999 -9999 -9999 -9999 -9999 -9999 -9999 -9999 -9999 -9999 -9999 -9999 -9999 -9999 -9999 -9999 -9999 -9999 -9999 -9999 -9999
4.05625 4.1375 4.93375 6.7975 6.20687 3.83687 2.2 3.7825 3.85 4.31125 2.93125 5.48125 7 6.83125 6.97375 6.95437 6.9 6.91563 6.9625 7 7 5.9875 1.6975 2.01813 3.84063 4.075 5.55625 6.87813 6.73469 6.71219 6.9025 7.32125 6.92703 6.94609 5.86797 3.61797 4.67969 6.87813 6.97125 6.84625 6.67188 7.27625 7.78094 7.10406 7.00562 7 7 7 7 7 6.44 5.29 6.385 6.91 6.68313 6.24813 6.9625 7 -9999 -9999 -9999 -9999 -9999 -9999 -9999 -9999 -9999 -9999 -9999 -9999 -9999 -9999 -9999 -9999 -9999 -9999 -9999 -9999 -9999 -9999 -9999
4 4.08125 4.55969 6.46844 5.57406 5.42594 5.4625 6.96625 6.76375 6.595 5.72969 6.11406 7 6.9625 6.9475 6.94312 6.9 6.91563 6.925 7 6.5275 4.7725 1.225 1 1 1 4.6 7 7 7 6.92781 7.03156 7.64844 7.56719 6.70094 4.31594 4.66187 6.84625 7.09734 6.44266 5.53 7.29875 7.81563 7.28406 7.02531 7 7 7 7 7 6.81875 6.20875 6.30813 6.73938 5.79625 4.57562 5.8075 6.37375 -9999 -9999 -9999 -9999 -9999 -9999 -9999 -9999 -9999 -9999 -9999 -9999 -9999 -9999 -9999 -9999 -9999 -9999 -9999 -9999 -9999 -9999 -9999
4.075 4 4.43156 6.15281 6.66656 6.89594 6.925 7 7 7 6.96719 6.87031 6.82813 6.89063 6.99125 6.99625 7 7 6.9875 7 5.11 2.74 1.4125 1 1.225 2.275 5.59375 6.83125 7 7 6.84094 6.68094 7.30625 7.82188 7.55875 6.59312 5.21313 6.71 7.41578 7.36922 6.63188 7.68937 7.34344 6.91875 6.79406 6.9875 7 7 7 7 6.38125 6.29375 6.88438 5.34062 4.14 3.31938 3.63625 4.04457 -9999 -9999 -9999 -9999 -9999 -9999 -9999 -9999 -9999 -9999 -9999 -9999 -9999 -9999 -9999 -9999 -9999 -9999 -9999 -9999 -9999 -9999 -9999
4.08 3.925 3.00227 4.9125 6.61406 6.98281 6.67812 6.7025 6.60172 6.59266 6.43984 6.61891 6.96625 7 7 6.96 6.84 6.95 6.98438 6.85938 6.33016 6.12922 4.07875 2.83469 1.66047 3.49797 6.28875 6.40656 6.80031 6.98875 6.95687 7.02125 7.07422 7.35078 7.3875 6.69063 5.81313 7.40875 7.95687 7.68344 6.93156 7.0875 7.71016 7.34328 7.05594 7 7 7 7 6.975 7 7 6.66672 4.61453 4.03422 3.68953 3.72422 3.71176 -9999 -9999 -9999 -9999 -9999 -9999 -9999 -9999 -9999 -9999 -9999 -9999 -9999 -9999 -9999 -9999 -9999 -9999 -9999 -9999 -9999 -9999 -9999
4.015 3.95 3.13757 5.50283 5.39755 6.93003 5.81563 5.74312 5.18672 4.73578 4.44766 5.20797 6.31469 6.79844 6.97813 6.85563 6.74125 6.925 7 7 6.67234 5.40578 5.08187 4.09844 3.15016 4.01641 4.78094 5.12687 5.98469 6.86688 6.65562 6.9975 7.16484 7.16016 7.0375 6.57813 4.98063 5.6725 7.38312 7.28156 6.16969 6.0375 6.73859 7.27047 7.06281 7 7 7 7 6.85 6.95937 6.91563 6.57391 5.34484 5.10109 4.95766 5.7837 5.63769 -9999 -9999 -9999 -9999 -9999 -9999 -9999 -9999 -9999 -9999 -9999 -9999 -9999 -9999 -9999 -9999 -9999 -9999 -9999 -9999 -9999 -9999 -9999
4 4.15625 5.03313 6.25708 5.42165 5.24258 3.875 5.03062 4.36031 4.03406 4 4.07312 4.55969 5.05469 6.14563 6.76375 6.98125 7 7 7 6.96625 6.5275 5.90312 4.50625 4.74625 5.35375 5.20563 5.43906 6.28281 6.26312 6.76813 6.89437 6.91406 6.06094 5.72078 6.18016 4.64594 3.98125 5.6375 6.42 6.01125 6 6.14656 6.75344 7 7 7 7 7 6.8125 6.84688 6.91563 7 5.56563 4.69469 5.32656 6.74605 6.98865 -9999 -9999 -9999 -9999 -9999 -9999 -9999 -9999 -9999 -9999 -9999 -9999 -9999 -9999 -9999 -9999 -9999 -9999 -9999 -9999 -9999 -9999 -9999
-9999 -9999 -9999 -9999 5.96552 1.84265 2.12733 4.46898 4.045 4 4 4 4 4.14375 4.35437 5.39875 6.79375 7 7 6.9625 6.925 6.9875 6.62687 4.945 4.18375 5.19125 7.08406 5.80562 5.78219 6.58125 7.09125 7.33375 7.21562 7.27812 6.65109 5.16672 4.08531 4 4.29125 5.35875 6 6 6.00469 6.43281 6.98125 7 7 6.94375 6.1 5.25625 6.925 7 7 5.73438 6.08875 6.595 6.96625 7 -9999 -9999 -9999 -9999 -9999 -9999 -9999 -9999 -9999 -9999 -9999 -9999 -9999 -9999 -9999 -9999 -9999 -9999 -9999 -9999 -9999 -9999 -9999
