public/models/data/input/map/sulut/1000/maplanduse.asc
NCOLS 248
NROWS 182
XLLCORNER 510063.019283
YLLCORNER 211117.685435
CELLSIZE 1000.000000
NODATA_VALUE       -9999
[rows 108 to 143 of 182, columns 81 to 161 of 248]
-9999 -9999 -9999 -9999 -9999 -9999 -9999 -9999 -9999 -9999 -9999 -9999 -9999 -9999 -9999 -9999 -9999 -9999 -9999 -9999 -9999 -9999 -9999 -9999 -9999 -9999 2.5 1.82617 4.01621 7.8127 5.81368 5.32083 4.34681 3.87031 3.96548 4.9745 4.99687 4.12781 4 4 4.0625 4.0625 4 3.52625 1.88312 2.67812 4.25313 6.7 5.6875 5.89141 5.44609 5.81891 3.81484 3.2725 1.4875 1.17625 2.53938 3.85 4 5.725 3.45625 1.54375 1 1 1.35625 3.00156 3.94844 4 4.03875 4.515 6.45875 7.80781 7.31094 6.22813 4.24687 4 4 3.98875 3.79562 2.29922 1.14766
-9999 -9999 -9999 -9999 -9999 -9999 -9999 -9999 -9999 -9999 -9999 -9999 -9999 -9999 -9999 -9999 -9999 -9999 -9999 -9999 -9999 -9999 -9999 -9999 4 3.19884 2.15287 2.16695 5.17893 7.74125 6.02437 5.59739 4.69435 3.69719 4.16437 4.83094 4.48812 3.77281 3.88937 4 4 4.04688 3.71563 3.62844 1.86531 1.92813 3.86875 6.12813 5.575 5.56797 6.02266 6.38266 3.15859 1.25875 1 1.62625 3.81437 4 4 4.20062 2.935 1.20812 1 1 1 1.73969 3.61656 4 4.59875 6.785 7.92875 7.72344 7.62031 7.34188 4.72062 4 4 3.78625 2.36687 2.53141 1.40922
-9999 -9999 -9999 -9999 -9999 -9999 -9999 -9999 -9999 -9999 -9999 -9999 -9999 -9999 -9999 -9999 -9999 1 1 -9999 -9999 -9999 -9999 8 6.62936 3.81176 2.17249 1.43547 4.51484 7.42063 6.21656 4.56156 5.335 5.59656 6.26625 6.28594 5.76031 4.38688 2.995 3.8875 3.74125 3.18062 2.16875 3.11469 2.83281 1.855 1.585 4.81187 4.09562 5.85625 4.76125 5.93594 3.77031 1 1 1.44906 3.40094 4 4 3.95594 2.81687 1.14906 1 1 1 1.09 3.31 4 5.2625 7.6625 7.46562 6.965 7.72719 7.88469 5.645 4 4 3.27578 1.35859 1.07875 1.03375
-9999 -9999 -9999 -9999 -9999 -9999 -9999 -9999 -9999 -9999 -9999 -9999 -9999 -9999 -9999 -9999 -9999 1 1 -9999 -9999 4 5.52381 8 7.00861 3.31157 1.95766 2.58797 4.04297 6.5325 7.06156 5.44094 4.30375 4.97031 6.62563 6.99531 6.98594 6.26875 2.30312 1.76875 1.89625 1.3225 1.08438 1.365 1.77813 1.6825 1.09312 1.90375 1.76688 4.08437 3.20125 2.8375 2.575 1 1 1.13594 2.25156 3.44688 3.93438 3.99344 3.02312 1.24281 1 1 1 1.1125 3.325 4 5.3 7.55 5.68437 4.5475 5.68531 7.54531 6.75 4 3.75625 2.25859 1.10078 1 1
-9999 -9999 -9999 -9999 -9999 -9999 -9999 -9999 -9999 -9999 -9999 -9999 -9999 -9999 -9999 -9999 -9999 7 6.70732 5.39247 4.69353 4.43958 6.93105 7.95625 7.52969 5.62656 3.72187 3.07813 7.475 8 7.6875 6.44656 4.18469 3.90156 4.17344 6.03813 6.38875 5.34812 1.975 1 1 1 1 1 1 1 1 1 1 1 1 1 1 1 1 1 1.02437 1.18187 3.12812 4 3.36812 1.57375 1.00188 1 1.00563 2.305 3.83313 4 4.075 4.3375 4.0875 4 5.13594 7.53594 6.9125 3.96531 3.44969 1.97172 1.07266 1 1
-9999 -9999 -9999 -9999 -9999 -9999 -9999 -9999 -9999 -9999 -9999 -9999 -9999 -9999 -9999 7 6.81699 6.98831 6.71833 6.93939 5.58656 4.93594 7.28219 8 7.42469 7.05719 7.465 6.75313 7.96063 7.92125 7.85563 6.74875 5.04187 4.78875 3.88313 5.20563 4.16125 1.15188 1 1 1 1 1 1 1 1 1 1 1 1 1 1 1 1 1 1 1.46312 2.31813 3.07188 4 3.82562 2.3575 1.11063 1 1.06187 2.58625 3.90812 4 4 4 4 4.05906 5.36375 7.46656 5.9325 3.30063 3.09437 2.42078 1.21234 1 1
-9999 -9999 -9999 -9999 -9999 -9999 -9999 -9999 -9999 -9999 -9999 -9999 -9999 -9999 -9999 6.99152 6.99105 7.42705 7.41707 5.57422 5.61609 5.44641 7.48516 6.30312 4.42938 4.51609 7.36703 5.5325 6.54969 7.02219 5.48 7.21797 5.22234 4.84125 3.49969 4.06703 3.79703 1.59344 1.03937 1 1 1 1 1 1 1 1 1 1 1 1 1 1 1 1 1 1.77813 3.57813 4 4 4 3.24062 1.34687 1.0675 1.4275 2.51312 3.82938 4 4 4 4 4.34875 6.39313 7.03625 4.67812 3.10094 2.43062 1.76125 1.10406 1 1
-9999 -9999 -9999 -9999 -9999 -9999 -9999 -9999 -9999 -9999 -9999 7 7 6.47317 6.09106 5.99808 7.11892 7.72281 7.97437 6.71078 5.90016 7.38984 7.86484 5.51875 3.00688 2.95953 3.49297 1.805 2.79594 3.41281 3.79562 5.83672 4.35109 4.90281 4.52187 3.63297 3.42172 3.23469 1.695 1 1 1 1 1 1 1 1 1 1 1 1 1 1 1 1.1875 3.0625 3.40937 3.85938 4 4 4 2.65 1.15 1.27 2.41125 4.10813 4.04812 4 4 4 4 4.50156 6.92281 6.155 4.05813 1.61125 1.22219 1.09 1.00469 1 1
4 4 8 7.78049 7 -9999 -9999 4 4.11111 3.79293 1.258 2.80488 3 5.36729 4.42547 6.58493 7.06684 7.82594 7.04437 5.225 5.22 6.20719 7.66656 7.27125 5.88562 3.51375 2.74813 2.5 1 2.54219 4.37969 6.15625 4.5125 5.225 4.91875 6.2225 4.40875 3.54719 3.50281 1.92109 1.28828 1.1125 2.09687 2.5 2.06031 1.16594 1.00188 1 1 1 1 1.07078 1.70734 2.85625 3.4375 4 4 4 4 4 4 2.50938 1.27813 3.65625 4 3.96578 3.99359 4 4 4 4 3.95313 3.91406 3.72141 3.46141 1.86875 1 1 1 1 1
4.16221 5.4668 7.84897 7.78046 5.92033 2.10584 6.49219 6.8575 4.70437 3.76544 2.45297 2.64543 2.87672 1.97091 2.90622 4.67789 5.26802 6.25531 6.09812 6.25 5.51125 4.74906 5.58344 4.6225 4.36562 4.2175 4.06313 2.72406 1.26344 2.93594 5.29844 5.06875 4.0375 5.06406 4.21094 6.99625 6.22375 4.4425 4.025 3.78203 3.06484 2.5375 3.46563 4 3.55844 2.16062 1.13406 1 1 1.07594 1.48656 2.13859 3.48953 4 4 4 4 4 4 3.94375 4 2.90313 1.68438 3.1 4 3.93109 3.98453 4.135 4.03375 4 4 2.9875 2.36406 1.65672 1.62922 1.75625 1 1 1 1 1
4.16221 5.56875 7.4621 7.84982 6.16211 4.13765 6.94688 7.74153 5.6802 3.69047 3.49453 3.01 3.13453 3.28622 5.94372 5.92121 6.08938 5.94125 5.14375 3.75625 3.91563 3.53594 3.87344 4 4.01125 4.2175 4.1025 3.59031 3.4375 4.89344 6.76937 4.12187 3.41875 5.24687 2.93125 6.8875 6.9175 6.35406 5.75656 4.08437 4 4 4 4 4 3.63156 2.09031 1 1 1.68344 3.12906 3.7375 4 4 4 4 4 4 3.8875 2.66406 3.00719 2.43344 1.16406 2.1625 3.91 3.64 4.02812 5.83094 5.04625 4.07594 3.8875 1.83438 1.19687 1 1.5125 1.75625 1 1 1 1 1
4 4.855 7.395 7.28422 7.48672 7.24156 6.45937 6.92812 4.8275 5.57609 6.57766 6.165 5.10594 4.97844 5.3925 7 5.94625 5.7775 4.77625 3.60625 2.64063 2.57031 3.75156 4 4 4.02625 4.1425 3.98875 4.16469 5.59719 4.7275 1.71563 3.3625 5.31719 2.31719 4.8625 6.49375 6.94375 6.91563 5.8375 4.85313 4.20625 4 4 4 3.98875 1.95812 1 1 1.47812 3.52187 4 4 4 4 4 4 4 3.925 1.22969 2.38656 2.34156 1.07969 2.33125 3.58375 2.16625 3.85938 6.94656 5.90125 4.90844 4.79688 3.30625 2.0125 1 1.1375 1.11875 1 1 1 1 1
4.4375 5.76875 5.81875 7.32188 7.41062 7.11953 6.25109 3.89406 3.96719 6.60672 7.71641 6.78375 5.49125 6.03125 6.175 3.0625 3.9325 3.80875 3.03063 2.5 1 1.1125 2.0125 3.3925 2.85437 3.36063 4.01438 4.25 4 4.075 4.01563 1.98438 1.67313 3.4675 5.45 2.45313 2.74281 5.31344 6.69063 6.36953 6.49766 6.11984 4.82547 4.04219 4.01219 3.95688 1.76688 1.25125 1.46125 2.9125 3.8875 4 4 4 4.03125 4 4 4 4 2.95 2.10625 2.1175 2.66687 3.97375 4.53625 4.81187 5.85313 6.93437 6.65312 6.84062 6.99687 6.5875 6.3175 3.69906 1.28969 1 1 1 1 1 1
3.49656 3.92688 3.90625 4.30937 5.29187 5.86984 6.06953 3.95594 4.45469 6.51203 7.04922 6.58375 3.97 2.3275 3.475 1.05625 1.34875 1.2475 1.38812 1 1 1 1 1.41062 1.405 1.99563 2.70438 3.47187 4.04688 4 4.72188 5.47656 3.90719 2.76813 5.34812 2.18125 1.44156 3.04187 4.81656 4.58359 4.83672 5.19953 5.95516 4.93594 4.53906 4.0075 2.57687 2.67625 1.54562 3.27813 4 4 4 4 4.09375 4 4 4 4 4 4 4.045 5.80188 5.58625 5.67875 6.70062 6.85313 7 7 6.86875 6.89375 7 6.9325 4.91031 1.52594 1 1 1 1.1125 1.3375 1
1.84 3.13656 3.11875 2.59562 3.955 4.045 4.27 3.98125 4.75938 6.41875 6.93437 6.92875 5.47094 1.97219 1 1 1 1 1 1 1 1 1 1 1 1 1.1125 2.04406 3.59406 3.37703 4.00984 4.5625 4.64687 4.30937 4.46875 3.3625 1 1.30094 2.10531 3.38125 4 4.03375 5.11938 5.94562 6.10094 4.80156 3.88 3.385 2.29375 3.4525 4 4 4.0225 4.11531 4.03094 4 4 4 4 4 4 4.1125 5.70625 6.79 6.69125 6.90312 6.94688 7 7 6.89687 6.62187 6.90625 6.94375 5.93125 1.84375 1 1 1 2.29375 4.49312 1.89437
1.06656 1.53344 1.40313 1.28875 2.05188 2.8 3.475 3.925 4.11875 4.94375 6.5125 4.485 2.31781 1.23781 1 1 1 1 1 1 1 1 1 1 1 1 1.375 3.14344 3.07469 2.21359 3.46203 3.85469 4.09469 4.28312 4.08 3.69375 1.69375 1 1.0375 1.5625 2.9875 3.94375 4.08437 4.62625 6.17906 5.81531 4.37625 3.8875 3.78063 3.93812 4 4 4.015 4.05344 4.01281 4 4 4 4 4.07813 3.57813 3.71875 3.11875 2.81875 4.91875 7 7 7 7 7 6.85625 6.6375 6.8875 6.24062 2.09687 1 1.225 3.8125 5.93125 6.54437 3.36812
1 1 1 1 1 1.1125 1.2625 1.60938 2.1775 3.96625 5.375 5.76312 2.3275 1 1 1 1 1 1 1 1 1 1 1 1 1 1 3.54422 1.90891 1.09375 1.17188 3.77969 4.16406 3.99062 4 4.025 3.20094 1.37375 1.01594 1 1.91875 3.71875 4 4 4.15 4.4875 4.1125 4.1875 4 4.0075 4.03625 4.14531 4.11844 4.09688 4.07688 4 4.00781 4.16016 4.28828 3.94563 2.41844 1.3075 1.02531 1.0375 2.5 5.3125 5.575 6.60625 7 6.9925 6.92938 6.37375 5.30125 4.01875 1.81562 1 1 1.50625 1.24375 1.6375 4.01687
1 1 1 1 1 1 1 1 2.66313 5.46156 4.87844 6.16 2.58063 1 1 1 1 1 1 1 1 1 1 1 1 1 1 3.01922 1.75891 1 1.51563 3.54688 3.58562 3.62687 4 4 3.67281 2.60125 1.53531 1.35625 1.65625 3.45625 4 4 4 4 4 4.15312 4.03438 4.09812 4.13312 4.04844 4.16594 4.24656 4.16406 4.13906 4.04688 4.08672 4.05859 3.99813 3.50219 1.9525 1.04406 1 1 1.3375 1.1125 3.79562 6.62313 6.90812 6.4575 4.3825 4.0675 3.83969 2.59469 1 1 1 1 1 1.69562
1 1 1 1 1 1 1 1 2.78125 4.96516 4.78797 4.94312 1.66937 1 1 1 1 1 1 1 1 1 1 1 1 1 1 1.76156 1.39469 1 1 2.72469 2.33406 2.58063 3.28562 3.90859 2.99734 2.44891 2.92328 2.93125 2.35375 3.715 4 4 4 4 4 4.04063 4.03438 4.24438 4.08063 4.01563 4.05625 4.21281 4.21844 5.25328 4.10922 4 4 4 3.92406 2.61484 1.52359 1.3375 1 1 1 1.54281 4.60094 6.50313 5.80312 4 4 3.80594 2.26281 1 1 1 1 1 1.15
1 1 1 1 1 1 1 1 1.75 2.56328 2.02109 1.67125 1.135 1 1 1 1 1 1 1 1 1 1 1 1 1 1 1.01875 1 1 1 2.84562 1.59438 2.33313 2.67062 2.45078 1.41953 1.61359 3.06297 2.92188 3.23688 3.985 4 4 4 4 4 4 4 4.05625 4.01875 4 4 4.02812 4.59375 6.72016 4.31734 4 4 4 3.98031 3.75953 3.56641 3.27813 1.75937 1 1 1.05531 1.52594 3.4525 5.57875 4 4 3.98875 3.67375 1.5625 1 1 1 1 1
1 1 1 1 1 1 1 1 1 1 1 1 1 1 1 1 1 1 1 1 1 1 1 1 1 1 1 1 1 1 1.3 3.08797 1.64641 1 1 1.63984 1.17578 1.14063 1.04688 1.09656 2.44563 3.79844 3.91563 4 4 4 4 4 4 4.09375 4.14375 4.32422 4.39141 4.67359 5.32953 5.08422 4.59547 4.39766 4.29141 4.01875 4 4 4 4 3.85 2.62375 1.24188 1 1 2.2375 4.92812 4 4 4 4 3.37188 1.90562 1.32062 1.03937 1.21094 1.23844
1 1 1 1 1 1 1 1 1 1 1 1 1 1 1 1 1 1 1 1 1 1 1 1 1 1 1 1 1 1 1.075 2.77922 1.79266 1 1.09375 2.23516 1.56484 1.22875 1.00563 1.10969 1.91688 2.19531 2.90313 4 4 4 4 4 4 4 4.85 6.14984 6.23891 5.93516 5.18234 6.70953 6.94203 6.79297 5.79922 4.17625 4.04875 4 4 4 4 3.76375 2.48312 1.19781 1.34594 1.52031 2.32656 4 4 4 4 4 3.85375 3.05219 1.92531 2.83281 2.89281
1 1 1 1 1 1 1 1.05859 1.17578 1 1 1 1 1 1 1 1 1 1 1 1 1 1 1 1 1 1 1 1 1 1.075 2.76281 1.91219 1 1.09375 3.46563 3.175 2.53094 1.22219 1 1 1 1.69375 4 4 4 4 4 4 4 5.7875 7.52938 6.95281 5.78281 5.57562 7.11359 7.74266 8 5.8625 4.19312 4.10687 4.01875 4 4 4 4 3.85 2.96125 3.07 3.32031 3.95781 4 4 4 4 4 4 3.92406 3.60719 4 4
1 1 1 1 1 1 1 1.01953 1.05859 1 1 1 1 1 1 1 1 1 1 1 1 1 1 1 1 1 1 1 1 1 1.3 2.27312 2.37063 1 1 3.7375 3.8875 3.01844 2.86281 2.02187 1.96563 1.2625 1.1125 4 4 4 4 4 4 4 5.875 7.42156 6.42312 6.81781 6.52187 6.66766 6.71984 7.49375 4.7875 4.02437 4.04437 4.13438 4.10938 4 4 4 4 3.98781 3.97469 4 4.04688 4 4 4 4 4 4 4 4 4 4
1 1 1 1 1 1 1 1 1 1 1 1 1 1 1 1 1 1 1 1 1 1 1 1 1 1 1 1 1.075 1.25219 1.21656 2.28125 2.77437 1.87531 2.23469 2.06375 1.94875 1.7125 1.28125 2.61438 3.85375 2.19438 1.08438 3.8125 4 4 4 4 4 4.405 7.27 7.71875 7.24062 7.41078 7.02672 6.66813 7.37125 6.14125 4.21 4 4 4 4 4 4 4 4 4 4 4 4 4 4 4 4 4 4 4 4 4 4
1 1 1 1 1 1 1 1 1 1 1 1 1 1 1 1 1 1 1 1 1 1 1 1 1 1 1 1 1.225 2.35844 1.87281 1.56813 1.91875 2.89094 3.68156 3.32656 1.51094 1 1 2.03312 3.8425 3.10562 1.85312 2.58437 3.595 3.98312 4 4 4 4.67125 7.37875 7.85938 8 7.94234 7.58891 7.64 7.15562 4.87375 4.015 4 4 4 4 4 4 4 4 4 4 4 4 4 4 4 4 4 4 4 4 4 4
1 1 1 1 1 1 1 1 1 1 1 1 1 1 1 1 1 1 1 1 1 1 1 1 1 1 1 1 1 1.98156 1.34969 2.67344 3.51531 3.83219 4.11656 4.86031 3.36531 1.67313 2.31063 3.09625 3.91 4 2.95 1.23438 1.91031 3.3025 3.97469 4.015 4.3975 6.17125 7.79125 7.925 8 8 7.9625 7.61938 5.59562 3.98312 2.99875 3.52187 4 3.76375 3.67375 4 4 4 4 4 4 4 4 4 4 4 4 4 4 4 4 4 4
1 1 1 1 1 1 1 1 1 1 1 1 1 1 1 1 1 1 1 1 1 1 1 1 1 1 1 1 1 1.80156 3.05469 3.95844 5.01031 4.08594 4.39531 6.52437 5.79375 3.43313 3.75813 3.98125 4 4 3.04375 1 1.03844 2.07063 3.74406 4.01 4.4775 5.6775 7.61 7.95 8 8 7.75 5.33813 4.17438 3.81437 1.77625 1.72187 3.325 2.54875 1.57 3.625 4 4 4 4 4 4 4 4 4 4 4 4 4 4 4 4 4
1 1 1 1 1 1 1 1 1 1 1 1 1 1 1 1 1 1 1 1 1 1 1 1 1 1 1 1.76219 3.81063 4.58969 4.41875 4.38703 4.56672 4.71438 5.24125 7.23547 5.61484 4.34406 4.82438 4.18437 3.87812 4 3.10938 1.85547 1.47578 2.38562 3.77688 4 4.36875 5.69438 7.47437 7.99125 7.6725 6.44719 4.68281 4 3.99062 3.64609 1.78516 1.08438 2.00312 1.91875 1.05625 2.70813 3.88469 3.88609 3.86172 3.8425 3.98875 4 4 4 4 4 4 4 4 4 4 4 4
1 1 1 1 1 1 1 1 1 1 1 1 1 1 1 1 1 1 1 1 1 1 1 1 1 1 1 2.17281 4.89813 4.01031 4.0875 4.76297 5.02703 6.295 4.71812 5.33516 4.62453 4.07469 4.67812 4.3575 4.545 4.2225 3.57813 3.05078 3.43047 3.81437 3.96062 4 4.37313 5.37156 6.13656 7.79625 6.0775 4.24656 4.08594 3.97563 3.48062 2.09547 1.11391 1 1 1 1 1.90188 2.86281 3.15109 2.61859 2.40906 3.49094 4 4 4 4 4 4 4 4 4 4 4 4
1 1 1 1 1 1 1 1 1 1 1 1 1 1 1 1 1 1 1 1 1 1 1 1 1.27281 1.585 1.52031 3.28375 4.285 3.9625 3.35625 3.83437 4.10687 5.41844 5.14656 3.8225 4.38688 3.75688 5.16187 4.60875 4.6275 4.2825 4 4 4 4 4 4.02531 4.73031 5.99594 6.27344 6.86812 4.585 4 4.0625 3.97 3.08687 1.43594 1.01969 1 1 1 1 1.0525 1.40875 2.00078 1.71297 1.50906 2.02 3.55844 4 4 4 4 4 4 4 4 4 4 4.05625
1 1 1 1 1 1 1 1 1 1 1 1 1 1 1 1 1 1 1 1 1 1 1 1 1.45844 2.58063 3.39531 3.98125 4 3.5875 2.85625 3.6875 3.29625 2.97844 3.06906 4.24438 5.51125 4.23063 4.96688 4.18375 4.0275 4.02 5 5.4125 5.0125 3.9625 2.8 4.11531 6.05594 6.9475 7 6.61938 4.80875 4.11875 4 3.99813 3.19187 1.3975 1 1 1 1 1 1 1 1.10266 1.15984 1.1425 1.10969 2.20094 3.54063 4 4 4 4 4 4 4 4 4 4.0375
1 1 1 1 1 1 1 1 1 1 1 1 1 1 1 1 1 1 1 1.02813 1.21094 1.99844 2.5 1.62625 2.39406 3.92969 4 3.97469 3.91219 3.56203 4.54484 4.02891 2.79297 1.16875 1.05625 4.20781 5.14187 3.09437 3.77781 4 4 4 4.16563 4.85391 3.85328 2.89469 1.48563 1.61312 4.75375 6.73938 6.98125 6.92469 5.97094 4.21688 4 3.92969 2.97344 1.35625 1 1 1 1 1 1 1 1 1 1 1 1 1.06562 3.16797 3.55609 3.81625 3.85656 4 4 4 4 4 4
1 1 1 1 1 1 1 1 1 1 1 1 1 1 1 1 1 1 1.05625 1.22125 2.21031 3.40281 3.63438 2.84875 3.29969 3.95781 4 3.80594 3.33156 4.74953 5.87547 4.73766 2.09547 1.045 1.7375 5.23187 4.27844 3.69625 3.77781 3.48438 3.7 3.40469 2.70156 2.06172 2.01109 3.14031 1.79313 1.95812 3.1525 6.53312 6.64375 5.62187 5.2725 4.18687 4 3.42906 1.59906 1 1 1 1 1 1 1 1 1 1 1 1 1 1.34687 2.36266 2.64016 2.8525 3.12906 4 4 4 4 4 4
1 1 1 1 1 1 1 1 1 1 1 1 1 1 1 1 1 1 1.9 1.42094 2.90219 3.83313 3.94375 3.56875 4 4 4 3.82797 3.20922 4.60609 5.65984 5.50219 3.15156 2.24312 3.18125 3.56219 2.66687 2.98328 2.52203 1.69844 1.94219 1.60469 1.15469 1.0675 1.39375 2.51875 2.70438 4.12937 3.90062 6.11688 5.51875 4.08156 4.19719 4.065 4 2.99172 1.67078 1.08438 1 1 1 1 1 1 1 1 1 1 1 1 1.15 2.24875 2.67531 2.20844 2.77375 4 4 4 4 4 4
1 1 1 1 1 1 1 1 1 1 1 1 1 1 1 1 1 1.64688 3.33437 2.95469 3.67656 4 4 3.79375 3.7 3.75625 3.625 3.54141 3.89703 4.15109 5.41359 5.3375 4.7475 3.99 3.93438 1.5325 1.22219 1.28547 1.20672 1.00469 1.01406 1 1 1.4575 2.86375 1.92438 2.78875 4.13688 4.08063 4.40125 4.46562 4.0875 4 4 4 3.42766 1.57234 1.02813 1 1 1 1 1 1 1 1 1 1 1 1 1 1.30813 1.44719 2.16344 3.16875 4.3 4.61875 4.64687 4.49687 5.3125 4
