public/models/data/input/map/sulut/1000/maplanduse.asc
NCOLS 248
NROWS 182
XLLCORNER 510063.019283
YLLCORNER 211117.685435
CELLSIZE 1000.000000
NODATA_VALUE       -9999
[rows 144 to 179 of 182, columns 81 to 161 of 248]
1 1 1 1 1 1 1 1 1 1 1 1 1 1 1.01875 1.10594 1.42938 2.59516 3.80391 3.97578 3.73984 3.3925 2.95438 2.71266 3.04922 3.18187 3.37188 2.31562 3.76719 4.36953 7.14141 7.33063 5.89187 4.93937 3.21937 2.125 1 1 1 1 1 1 1 1.37031 3.19844 4 3.85938 3.78859 3.64984 3.74406 4.13312 4 4 4 4 3.025 1.225 1 1 1 1 1 1 1 1 1 1 1 1 1 1 1 1 1.375 1.9375 3.15781 4.78156 5.95906 6.47031 5.4985 3.33681
1 1 1 1 1 1 1 1 1 1.04219 1.01406 1.04 1.11437 1.37688 1.7875 2.30125 3.39719 4.33047 5.19922 4.89391 3.17172 2.45125 2.78312 3.15766 2.41609 2.54219 3.64344 4.1325 4.99344 6.82484 7.78672 6.34875 3.235 2.63875 1.2775 1 1 1 1 1 1 1 1 1.735 3.24625 3.87344 3.08594 2.70203 2.51453 3.35406 4.0075 4 4 3.91 3.39625 2.0125 1 1 1 1 1 1 1 1 1 1 1 1 1 1 1 1 1 1 1.2125 3.05531 4.60656 4.75281 5.68531 5.33903 2.59724
1 1 1 1 1 1.15188 1.32625 1 1.1575 2.00125 1.67875 1.75812 2.37438 3.05031 3.53594 3.85469 5.28531 6.02875 5.89063 7.20719 4.27 2.12359 2.37109 2.24594 2.41469 3.03578 3.94109 5.33391 6.17609 7.34937 7.11875 5.03438 3.40094 1.61781 1.00937 1 1 1 1 1 1.03375 1.30375 1.61875 2.85719 3.85844 3.82188 3.44688 3.26875 3.4075 3.82375 4 4 3.86781 3.05219 1.71438 1.1125 1 1 1 1 1 1 1 1 1 1 1 1 1 1 1 1 1 1.0675 1.4825 3.3525 4.13688 3.75719 3.36996 5.17731 4.33333
1 1 1 1 1 1.88875 2.82063 1.8125 1.23625 3.09719 3.89781 3.37687 4.28625 5.61656 6.35156 3.35687 3.74437 3.82687 4.1 7.32937 5.17469 1.62953 2.96953 4.0275 5.3075 4.96203 4.67797 5.59297 5.20703 5.14375 4.18437 1.93625 1.74719 1.12281 1 1 1 1 1 1 1.0225 1.315 2.51875 3.025 3.84687 3.98281 3.97969 3.98125 4 4 3.625 3.37188 2.52906 1.49406 1.03937 1 1 1 1 1 1 1 1 1 1 1 1 1 1 1 1 1 1.1125 2.45125 3.29875 2.96875 3.63438 3.89031 3.61148 5 -9999
1 1 1 1.31875 2.61344 3.72719 4.24375 4.9175 3.595 3.4 3.10938 6.63062 7.64625 7.72875 7.11 4.02875 3.45969 4.18625 6.04094 3.35656 2.91219 3.53422 3.40641 5.41313 5.93062 4.635 5.23375 4.25109 3.78016 3.89734 3.06203 2.20937 1 1 1 1 1 1 1 1 1 1 1.75 2.71563 3.96625 3.97469 3.97469 3.95313 3.60063 3.07469 1.38719 1 1 1 1 1 1 1 1 1 1 1 1 1 1 1 1 1 1 1 1 1.07266 1.26016 1.64969 2.76437 2.60354 3.46964 4 4 -9999 -9999
1 1 1 1.41344 2.90313 3.86781 4.43125 5.68 4.6525 4.13781 3.18906 4.85656 6.77406 7.225 7.46625 6.23875 4.80906 4.75562 7.33719 4.76312 2.7475 3.73422 4.00203 4.26344 4.27094 5.14 4.63188 3.32078 2.93547 3.60203 2.19484 2.09687 1 1 1 1 1 1 1 1 1 1 1 1.83906 3.03344 2.87313 3.15438 3.06344 1.85781 1.58781 1.19406 1 1 1 1 1 1 1 1 1 1 1 1 1 1 1 1 1 1 1 1 1.42047 2.83422 3.32219 3.95125 3.78737 3.31696 4 -9999 -9999 -9999
1 1 1 1.30656 2.47844 3.35875 4.23438 4.79969 4.43875 4.64125 4.25781 3.55578 3.98359 5.10672 7.32891 6.235 4.66 4.26344 6.46344 5.85719 4.44156 3.95172 4.26828 5.01062 3.3175 3.925 3.38125 2.36922 3.09859 3.14922 2.07672 1.39375 1 1 1 1 1 1 1 1 1 1 1 1.30469 1.33469 1.14906 1.43031 1.39281 1.07594 1 1 1 1 1 1 1 1 1 1 1 1 1 1 1 1 1 1 1 1 1 1 2.1925 3.73563 4 4.0375 4 -9999 -9999 -9999 -9999 -9999
1 1 1 1.07687 1.43313 2.60875 3.85938 4.16219 4.09188 4.16781 3.07188 2.80391 3.03672 4.47391 4.96047 4.40063 4.83687 6.21031 4.76156 4.58875 3.25813 3.06734 3.92328 4.82219 5.20281 4.21562 3.79375 3.55891 3.14828 1.77016 1.22266 1.1125 1 1 1 1 1 1 1 1 1 1 1 1 1 1 1 1 1 1 1 1 1 1 1 1 1 1 1 1 1 1 1 1 1 1 1 1 1 1 1 1.86437 3.20125 4 4.00625 4 -9999 -9999 -9999 -9999 -9999
1 1 1 1 1 1.1125 2.0125 2.48781 3.39188 4.07625 3.94406 3.60625 3.04375 3.79844 4.20781 4.42703 4.53734 3.30312 3.1575 4.06594 4.94031 5.11938 5.69312 6.42438 6.57438 4.61688 2.35938 1 1 1 1 1 1 1 1 1 1 1 1 1 1 1 1 1 1.12188 1.41719 1.69844 1.705 1.405 1.09 1 1 1 1 1 1 1 1 1 1 1 1 1 1.00656 1.04406 1.02437 1 1 1 1 1 1.12937 2.44563 3.38781 3.34665 4 4 -9999 -9999 -9999 -9999
1 1 1 1 1 1 1 2.04719 2.8075 2.55437 2.62844 3.63438 3.57625 3.46656 3.80406 3.69609 3.00391 3.27437 3.95062 5.39969 5.90031 4.39 4.26625 6.09625 3.9925 1.77062 1.02813 1 1 1 1 1 1 1 1 1 1 1 1 1 1 1 1 1 1.36563 2.40625 3.74688 3.82 2.68375 1.39 1 1 1 1 1 1 1 1 1 1.1725 1.03375 1 1 1.25875 1.78375 1.78937 1.15562 1.00563 1.06187 1.07875 1.07875 1.03937 1.41062 1.45281 2.90969 4 4 -9999 -9999 -9999 -9999
1 1 1 1 1 1 1 1.15562 1.07875 1.07875 1.06187 2.04625 3.13562 2.89094 2.63969 3.40078 3.73328 4.97125 5.98219 6.47594 5.34906 3.60531 2.40719 4.36938 1.39937 1 1 1 1 1 1 1 1 1 1 1 1 1 1 1 1 1 1 1 1 1.25594 2.22531 3.57813 2.54875 1.60094 1.02531 1 1 1 1 1 1 1 1 1.87 1.54 1.03375 1.1125 2.78031 3.38969 3.14219 2.30031 1.37688 1.66375 1.81562 2.18125 1.50625 1 1.23625 3.4075 4 4 -9999 -9999 -9999 -9999
1 1 1 1 1 1 1 1 1 1 1 1.25688 3.13812 3.72219 3.03281 3.81984 3.96297 4.40125 4.69094 4.92719 4.27281 2.47281 1.40219 1.71625 1.09 1 1 1 1 1 1 1 1 1 1 1 1 1 1 1 1 1 1 1 1 1.01125 1.43875 3.1 1.68438 1.23156 1.01219 1 1 1 1 1 1 1 1 1.72 2.6575 1.285 1.6375 3.91375 3.97937 3.87531 3.74406 2.62375 2.48688 2.29 2.71187 3.00625 1.1125 1.57938 3.58938 4 4 -9999 -9999 -9999 -9999
1 1 1 1 1 1 1 1 1 1 1 1.02344 1.82906 2.81719 3.59906 3.91563 3.5725 2.70906 2.88719 1.79688 1.14063 1 1 1 1 1 1 1 1 1 1 1 1 1 1 1 1 1 1.3 2.09406 1.94969 1.38437 1.29062 1.01875 1 1.17297 1.79266 1.91875 1 1 1 1 1 1.42188 1.92813 1 1 1.06328 1.03047 1.37625 3.02312 2.51312 3.19375 4 4 4 4 4 4 3.18438 3.42812 4 3.8875 3.63438 3.91563 4 4 4 -9999 -9999 -9999
1 1 1 1 1 1 1 1 1 1 1 1.07031 1.91781 2.51969 2.99219 3.85938 3.73375 2.78312 1.39562 1 1 1 1 1 1 1 1 1 1 1 1 1 1 1 1 1 1 1 2.44375 3.97469 3.61469 3.235 3.03813 1.3 1 2.03641 2.65422 2.8625 1 1 1 1.05156 1.48281 3.67937 5.13625 1.79313 1.15375 1.54047 1.18141 1.06375 2.21688 3.76938 3.98125 4 4 4 4 4 4 3.91563 3.97187 4 4 4 4 4 4 4 -9999 -9999 -9999
1 1 1 1 1 1 1 1 1 1 1 1.16594 2.65656 3.84063 3.74312 3.89734 2.76766 1.45844 1.06094 1 1 1 1 1 1 1 1 1 1 1 1 1 1 1 1 1 1 1 2.64063 4 3.77781 2.71469 2.695 1.24375 1 1.67781 3.15344 1.88094 1.72844 1.25312 1.01875 1.36094 2.8225 4.91078 6.34328 4.7125 2.91719 2.83562 1.92531 1.47719 3.10844 3.955 4.01875 4 4.01125 4.0225 4.00375 4 4 4 4 4 4 4 4 4 4 4 -9999 -9999 -9999
1 1 1 1 1 1 1 1 1 1 1 1.04031 2.05281 3.73187 4 3.86828 2.46672 1.06187 1 1 1 1 1 1 1 1 1 1 1 1 1 1 1 1 1 1 1 1 1.92813 4 3.92031 2.60969 1.32625 1 1 1.14719 1.80281 2.90344 2.08094 1.95625 2.45937 2.70625 3.23844 5.35672 6.12359 5.035 4.03844 3.895 2.25344 1.87656 3.78906 4.00938 4.19063 4 4.0075 4.015 4.0025 4 4 4 4 4 4 4 4 4 4 -9999 -9999 -9999 -9999
1 1 1 1 1 1 1 1 1 1 1 1 1.40625 1.875 1.15625 2.34344 3.38313 2.35656 1.27 1 1 1 1 1 1 1 1 1 1 1.23438 1.23438 1 1 1 1.16875 1.9 1.22594 1.29906 2.33125 3.91094 3.64844 2.91438 1.29813 1.00188 1.01125 1.39937 1.35625 3.05625 4.04719 3.76312 3.31781 2.76531 3.09719 3.99531 5.33594 5.2 4.03404 3.97093 3.63161 3.67531 3.91421 3.94145 4.39221 4 3.90123 3.39686 1.42 4 4.01875 4.13125 4.0375 1 1 1 1 -9999 -9999 -9999 -9999 -9999 -9999
1 1 1 1 1 1 1 1 1 1 1 1 1 1 1 1.21281 1.80438 1.34031 1.03937 1 1 1 1 1 1 1 1 1 1 1 1.625 1 1 1 1.73125 1.43125 1.70219 2.425 2.37906 3.02031 1.74531 1.21375 1.105 1.36844 1.65719 2.28437 2.34625 2.66875 4.18719 4.18062 4.01656 3.22281 3.88469 3.80031 4.09844 4.1125 4.18713 3.8823 3.55877 3.43157 3.23153 3.58957 2.82588 4 4 4 -9999 4 4 4 4 1 1 1 1 -9999 -9999 -9999 -9999 -9999 -9999
1 1 1 1 1 1 1 1 1 1 1 1 1 1 1 1 1 1 1 1.1125 1 1 1 1 1 1 1 1 1 1.15188 2.045 1.1125 1 1 1.75937 2.10625 1.58125 2.96219 1.73781 1.4875 1 1 1.88125 2.90125 2.99594 3.61469 3.46 2.17188 4.1075 4.14313 4.01188 3.97516 4.14953 4.21281 4.9 4 4.21053 4.13258 3.96203 3.56296 2.27485 3.41304 1.40435 -9999 -9999 -9999 -9999 -9999 -9999 -9999 -9999 -9999 -9999 -9999 -9999 -9999 -9999 -9999 -9999 -9999 -9999
1 1 1 1 1 1 1 1 1 1 1 1 1 1 1 1 1 1 2.125 2.63125 1.69375 1.1875 1 1.1875 1 1 1 1 1.1875 1.62625 2.64563 3.275 2.3875 2.6125 2.82813 1.9375 1.55313 2.52625 1.33938 1 1 1 1.7125 2.20656 1.51375 2.69219 3.50312 2.05938 3.95187 4.06625 4.00063 4.07699 3.91723 4.41626 4.50438 4 4 4 4 2.41975 1.10145 1 -9999 -9999 -9999 -9999 -9999 -9999 -9999 -9999 -9999 -9999 -9999 -9999 -9999 -9999 -9999 -9999 -9999 -9999 -9999
1 1 1 1 1 1 1 1 1 1 1 1 1 1 1 1.01125 1.12469 1.56062 3.48156 2.98609 3.01953 3.8525 3.045 2.00938 1.29062 1 1.225 1.74344 2.88719 3.26406 2.64906 3.40625 2.11937 3.31188 4 2.45594 3.04469 2.89375 1.35563 1.02766 1.11203 1.70406 2.0875 1.28594 1.09844 1.52031 3.55781 3.67969 4.20156 4.0375 4 3.08051 1.13671 -9999 4 3.32258 -9999 -9999 -9999 1 -9999 -9999 -9999 -9999 -9999 -9999 -9999 -9999 -9999 -9999 -9999 -9999 -9999 -9999 -9999 -9999 -9999 -9999 -9999 -9999 -9999
1 1 1 1 1 1 1 1 1 1 1 1 1 1 1 1.61125 2.54031 3.3925 3.94656 3.36016 3.43609 3.89875 3.27063 2.67344 1.10969 1.01688 2.275 2.98938 2.77375 2.89469 3.10469 4.19344 3.54344 3.76938 3.83125 3.28 3.38313 3.78437 2.55875 1.39047 2.44047 3.09156 3.58375 2.81781 1.38531 1.43031 3.19156 4.19531 4.21431 4.02212 4 3.64153 2.61013 -9999 4 1 -9999 -9999 -9999 -9999 -9999 -9999 -9999 -9999 -9999 -9999 -9999 -9999 -9999 -9999 -9999 -9999 -9999 -9999 -9999 -9999 -9999 -9999 -9999 -9999 -9999
1 1 1 1 1 1 1 1 1 1 1 1.03937 1.15188 1.03375 1 2.9275 3.96625 4 4 3.99437 3.96625 4.03937 4.0375 3.63672 2.57641 1.96891 3.08359 3.94844 3.84531 3.76938 3.50875 3.95484 4.14391 4.14203 3.07797 3.17225 3.92108 4.20702 3.82501 2.97276 3.94727 3.95004 3.99437 3.40801 1.21814 1.03375 2.98523 4.33092 4.11587 4.03456 4 4 4 -9999 -9999 -9999 -9999 -9999 -9999 -9999 -9999 -9999 -9999 -9999 -9999 -9999 -9999 -9999 -9999 -9999 -9999 -9999 -9999 -9999 -9999 -9999 -9999 -9999 -9999 -9999 -9999
1 1 1 1 1 1 1 1 1 1 1 1.14188 1.99812 2.06 1.2 3.4375 4 4 4 4 4 4.01875 4.0125 3.98359 3.88891 3.68922 3.88516 4 4 3.69675 3.39579 3.42359 4.31065 4.57293 3.85352 3.88916 4.01131 4.04151 4.01459 3.95509 4.0143 4.00403 4 1.48267 1.04271 1 2.28739 4.2807 4 4 -9999 -9999 -9999 -9999 -9999 -9999 -9999 -9999 -9999 -9999 -9999 -9999 -9999 -9999 -9999 -9999 -9999 -9999 -9999 -9999 -9999 -9999 -9999 -9999 -9999 -9999 -9999 -9999 -9999 -9999 -9999
1 1 1 1 1 1.02531 1.03094 1 1.00563 1.08578 1.03047 1.0075 1.13781 2.82813 4.20156 4.005 3.53219 3.57437 3.66379 2.6875 4 4.12302 4.04815 4 3.96975 3.95487 3.97629 3.80645 4 4 -9999 -9999 -9999 -9999 -9999 -9999 -9999 -9999 -9999 -9999 -9999 -9999 -9999 1 1 -9999 -9999 -9999 -9999 -9999 -9999 -9999 -9999 -9999 -9999 -9999 -9999 -9999 -9999 -9999 -9999 -9999 -9999 -9999 -9999 -9999 -9999 -9999 -9999 -9999 -9999 -9999 -9999 -9999 -9999 -9999 -9999 -9999 -9999 -9999 -9999
1 1 1 1.00563 1.27562 1.9675 2.15125 1.20156 1.38344 2.09078 1.99609 1.72938 2.02844 3.09437 4.27281 4.08437 3.58031 3.0364 3.15977 4 4 4.14634 4.08449 4 3.42924 2.92967 3.36343 2.70323 -9999 -9999 -9999 -9999 -9999 -9999 -9999 -9999 -9999 -9999 -9999 -9999 -9999 -9999 -9999 -9999 -9999 -9999 -9999 -9999 -9999 -9999 -9999 -9999 -9999 -9999 -9999 -9999 -9999 -9999 -9999 -9999 -9999 -9999 -9999 -9999 -9999 -9999 -9999 -9999 -9999 -9999 -9999 -9999 -9999 -9999 -9999 -9999 -9999 -9999 -9999 -9999 -9999
1.36 1.09 1 1.42609 2.55672 3.64937 3.85844 2.86094 3.09906 3.61656 3.70469 3.50688 3.62917 3.34747 3.88173 3.36687 3.91875 3.43203 3.6243 -9999 -9999 -9999 -9999 4 2.8 1.34876 1.63456 2.5 -9999 -9999 -9999 -9999 -9999 -9999 -9999 -9999 -9999 -9999 -9999 -9999 -9999 -9999 -9999 -9999 -9999 -9999 -9999 -9999 -9999 -9999 -9999 -9999 -9999 -9999 -9999 -9999 -9999 -9999 -9999 -9999 -9999 -9999 -9999 -9999 -9999 -9999 -9999 -9999 -9999 -9999 -9999 -9999 -9999 -9999 -9999 -9999 -9999 -9999 -9999 -9999 -9999
3.2275 1.885 1.8125 3.42766 3.82703 4.02344 4.15 3.95313 4.04625 4.20858 4.04848 3.53978 2.60084 1.90749 2.545 2.94167 3.8375 3.2625 2.75 -9999 -9999 -9999 -9999 -9999 -9999 1 1 -9999 -9999 -9999 -9999 -9999 -9999 -9999 -9999 -9999 -9999 -9999 -9999 -9999 -9999 -9999 -9999 -9999 -9999 -9999 -9999 -9999 -9999 -9999 -9999 -9999 -9999 -9999 -9999 -9999 -9999 -9999 -9999 -9999 -9999 -9999 -9999 -9999 -9999 -9999 -9999 -9999 -9999 -9999 -9999 -9999 -9999 -9999 -9999 -9999 -9999 -9999 -9999 -9999 -9999
4 3.74688 3.37812 3.87641 4.22547 4.07875 4.08648 4 4 4 -9999 1 -9999 -9999 -9999 -9999 -9999 -9999 -9999 -9999 -9999 -9999 -9999 -9999 -9999 -9999 -9999 -9999 -9999 -9999 -9999 -9999 -9999 -9999 -9999 -9999 -9999 -9999 -9999 -9999 -9999 -9999 -9999 -9999 -9999 -9999 -9999 -9999 -9999 -9999 -9999 -9999 -9999 -9999 -9999 -9999 -9999 -9999 -9999 -9999 -9999 -9999 -9999 -9999 -9999 -9999 -9999 -9999 -9999 -9999 -9999 -9999 -9999 -9999 -9999 -9999 -9999 -9999 -9999 -9999 -9999
3.90625 3.90625 4 4.01454 4.05989 4.13918 4.02409 -9999 -9999 -9999 -9999 -9999 -9999 -9999 -9999 -9999 -9999 -9999 -9999 -9999 -9999 -9999 -9999 -9999 -9999 -9999 -9999 -9999 -9999 -9999 -9999 -9999 -9999 -9999 -9999 -9999 -9999 -9999 -9999 -9999 -9999 -9999 -9999 -9999 -9999 -9999 -9999 -9999 -9999 -9999 -9999 -9999 -9999 -9999 -9999 -9999 -9999 -9999 -9999 -9999 -9999 -9999 -9999 -9999 -9999 -9999 -9999 -9999 -9999 -9999 -9999 -9999 -9999 -9999 -9999 -9999 -9999 -9999 -9999 -9999 -9999
3.76563 3.76563 4 3.96907 3.92349 4.05926 4.01804 -9999 -9999 -9999 -9999 -9999 -9999 -9999 -9999 -9999 -9999 -9999 -9999 -9999 -9999 -9999 -9999 -9999 -9999 -9999 -9999 -9999 -9999 -9999 -9999 -9999 -9999 -9999 -9999 -9999 -9999 -9999 -9999 -9999 -9999 -9999 -9999 -9999 -9999 -9999 -9999 -9999 -9999 -9999 -9999 -9999 -9999 -9999 -9999 -9999 -9999 -9999 -9999 -9999 -9999 -9999 -9999 -9999 -9999 -9999 -9999 -9999 -9999 -9999 -9999 -9999 -9999 -9999 -9999 -9999 -9999 -9999 -9999 -9999 -9999
-9999 -9999 -9999 4 4 4 -9999 -9999 -9999 -9999 -9999 -9999 -9999 -9999 -9999 -9999 -9999 -9999 -9999 -9999 -9999 -9999 -9999 -9999 -9999 -9999 -9999 -9999 -9999 -9999 -9999 -9999 -9999 -9999 -9999 -9999 -9999 -9999 -9999 -9999 -9999 -9999 -9999 -9999 -9999 -9999 -9999 -9999 -9999 -9999 -9999 -9999 -9999 -9999 -9999 -9999 -9999 -9999 -9999 -9999 -9999 -9999 -9999 -9999 -9999 -9999 -9999 -9999 -9999 -9999 -9999 -9999 -9999 -9999 -9999 -9999 -9999 -9999 -9999 -9999 -9999
-9999 -9999 -9999 -9999 -9999 -9999 -9999 -9999 -9999 -9999 -9999 -9999 -9999 -9999 -9999 -9999 -9999 -9999 -9999 -9999 -9999 -9999 -9999 -9999 -9999 -9999 -9999 -9999 -9999 -9999 -9999 -9999 -9999 -9999 -9999 -9999 -9999 -9999 -9999 -9999 -9999 -9999 -9999 -9999 -9999 -9999 -9999 -9999 -9999 -9999 -9999 -9999 -9999 -9999 -9999 -9999 -9999 -9999 -9999 -9999 -9999 -9999 -9999 -9999 -9999 -9999 -9999 -9999 -9999 -9999 -9999 -9999 -9999 -9999 -9999 -9999 -9999 -9999 -9999 -9999 -9999
-9999 -9999 -9999 -9999 -9999 -9999 -9999 -9999 -9999 -9999 -9999 -9999 -9999 -9999 -9999 -9999 -9999 -9999 -9999 -9999 -9999 -9999 -9999 -9999 -9999 -9999 -9999 -9999 -9999 -9999 -9999 -9999 -9999 -9999 -9999 -9999 -9999 -9999 -9999 -9999 -9999 -9999 -9999 -9999 -9999 -9999 -9999 -9999 -9999 -9999 -9999 -9999 -9999 -9999 -9999 -9999 -9999 -9999 -9999 -9999 -9999 -9999 -9999 -9999 -9999 -9999 -9999 -9999 -9999 -9999 -9999 -9999 -9999 -9999 -9999 -9999 -9999 -9999 -9999 -9999 -9999
-9999 -9999 -9999 -9999 -9999 -9999 -9999 -9999 -9999 -9999 -9999 -9999 -9999 -9999 -9999 -9999 -9999 -9999 -9999 -9999 -9999 -9999 -9999 -9999 -9999 -9999 -9999 -9999 -9999 -9999 -9999 -9999 -9999 -9999 -9999 -9999 -9999 -9999 -9999 -9999 -9999 -9999 -9999 -9999 -9999 -9999 -9999 -9999 -9999 -9999 -9999 -9999 -9999 -9999 -9999 -9999 -9999 -9999 -9999 -9999 -9999 -9999 -9999 -9999 -9999 -9999 -9999 -9999 -9999 -9999 -9999 -9999 -9999 -9999 -9999 -9999 -9999 -9999 -9999 -9999 -9999
-9999 -9999 -9999 -9999 -9999 -9999 -9999 -9999 -9999 -9999 -9999 -9999 -9999 -9999 -9999 -9999 -9999 -9999 -9999 -9999 -9999 -9999 -9999 -9999 -9999 -9999 -9999 -9999 -9999 -9999 -9999 -9999 -9999 -9999 -9999 -9999 -9999 -9999 -9999 -9999 -9999 -9999 -9999 -9999 -9999 -9999 -9999 -9999 -9999 -9999 -9999 -9999 -9999 -9999 -9999 -9999 -9999 -9999 -9999 -9999 -9999 -9999 -9999 -9999 -9999 -9999 -9999 -9999 -9999 -9999 -9999 -9999 -9999 -9999 -9999 -9999 -9999 -9999 -9999 -9999 -9999
