public/models/data/input/map/sulut/1000/mappop.asc
NCOLS 248
NROWS 182
XLLCORNER 510063.019283
YLLCORNER 211117.685435
CELLSIZE 1000.000000
NODATA_VALUE       -9999
[rows 35 to 69 of 182, columns 160 to 239 of 248]
-9999 -9999 -9999 -9999 -9999 -9999 -9999 -9999 -9999 -9999 -9999 -9999 -9999 -9999 -9999 -9999 -9999 -9999 -9999 -9999 -9999 -9999 -9999 -9999 -9999 -9999 -9999 -9999 -9999 -9999 -9999 163837 164485 165758 165758 165758 165758 165758 165758 165758 165758 165758 165758 165758 165758 165758 165758 165758 165758 165758 165758 165758 165758 165758 165758 165758 165758 165758 165758 165758 165758 165758 165758 165758 165758 165758 165758 155119 83840.6 80649 80649 -9999 -9999 -9999 -9999 -9999 -9999 -9999 -9999 -9999
-9999 -9999 -9999 -9999 -9999 -9999 -9999 -9999 -9999 -9999 -9999 -9999 -9999 -9999 -9999 -9999 -9999 -9999 -9999 -9999 -9999 -9999 -9999 -9999 -9999 -9999 -9999 -9999 -9999 -9999 163837 163837 163921 164584 165370 165561 165465 165307 164954 164954 165470 165407 165474 165720 165758 165758 165758 165758 165758 165758 165758 165758 165758 165758 165758 165758 165758 165758 165758 165758 165226 141821 105118 112565 125278 142672 139481 91234.4 80649 80649 80649 80649 -9999 -9999 -9999 -9999 -9999 -9999 -9999 -9999
-9999 -9999 -9999 -9999 -9999 -9999 -9999 -9999 -9999 -9999 -9999 -9999 -9999 -9999 -9999 -9999 -9999 -9999 -9999 -9999 -9999 -9999 -9999 -9999 -9999 -9999 -9999 -9999 -9999 -9999 163837 163837 163837 163859 164207 164400 164118 163988 163837 163837 164125 164032 164253 165111 165506 165758 165758 165758 165758 165758 165758 165758 165758 165758 165758 165758 165758 165758 165758 165758 158604 115996 80649 80649 80968.2 90702.5 90702.5 80968.2 80649 80649 80649 80649 80649 80649 -9999 -9999 -9999 -9999 -9999 -9999
-9999 -9999 -9999 -9999 -9999 -9999 -9999 -9999 -9999 -9999 -9999 -9999 -9999 -9999 -9999 -9999 -9999 -9999 -9999 -9999 -9999 -9999 -9999 -9999 -9999 -9999 -9999 -9999 -9999 -9999 163837 163837 163837 163837 163837 163837 163837 163837 163837 163837 163837 163837 163837 164065 164930 165758 165758 165758 165758 165758 165758 165758 165758 165758 165758 165758 165758 165758 165758 165758 115996 89186.5 80649 80649 80649 80649 80649 80649 80649 80649 80649 80649 80649 80649 80649 80649 -9999 -9999 -9999 -9999
-9999 -9999 -9999 -9999 -9999 -9999 -9999 -9999 -9999 -9999 -9999 -9999 -9999 -9999 -9999 -9999 -9999 -9999 -9999 -9999 -9999 -9999 -9999 -9999 -9999 -9999 -9999 -9999 -9999 -9999 163837 163837 163837 163837 163837 163837 163837 163837 163837 163837 163837 163837 163837 163837 165038 165758 165758 165758 165758 165758 165758 165758 165758 165758 165758 165758 165758 165758 165758 155119 83042.7 80649 80649 80649 80649 80649 80649 80649 80649 80649 80649 80649 80649 80649 80649 80649 80649 -9999 -9999 -9999
-9999 -9999 -9999 -9999 -9999 -9999 -9999 -9999 -9999 -9999 -9999 -9999 -9999 -9999 -9999 -9999 -9999 -9999 -9999 -9999 -9999 -9999 -9999 -9999 -9999 -9999 -9999 -9999 -9999 -9999 -9999 -9999 163837 163837 163837 163837 163837 163837 163837 163837 163837 163837 163837 163837 165278 165758 165758 165758 165758 165758 165758 165758 165758 165758 165758 165758 165758 165758 165758 155119 82510.8 80649 80649 80649 80649 80649 80649 80649 80649 80649 80649 80649 80649 80649 80649 80649 80649 80649 80649 80649
-9999 -9999 -9999 -9999 -9999 -9999 -9999 -9999 -9999 -9999 -9999 -9999 -9999 -9999 -9999 -9999 -9999 -9999 -9999 -9999 -9999 -9999 -9999 -9999 -9999 -9999 -9999 -9999 -9999 -9999 -9999 -9999 -9999 163837 163837 163837 163837 163837 163837 163837 163837 163837 163837 163837 165278 165758 165758 165758 165758 165758 165758 165758 165758 165758 165758 165758 165758 165758 165758 165758 94745.2 80649 80649 80649 80649 80649 80649 80649 80649 80649 80649 80649 80649 80649 80649 80649 80649 80649 80649 80649
-9999 -9999 -9999 -9999 -9999 -9999 -9999 -9999 -9999 -9999 -9999 -9999 -9999 -9999 -9999 -9999 -9999 -9999 -9999 -9999 -9999 -9999 -9999 -9999 -9999 -9999 -9999 -9999 -9999 -9999 -9999 -9999 -9999 -9999 163837 163837 163837 163837 163837 163837 163837 163837 163837 163837 165044 165758 165758 165758 165758 165758 165758 165758 165758 165758 165758 165758 165758 165758 165758 165758 101926 80649 80649 80649 80649 80649 80649 80649 80649 80649 80649 80649 80649 80649 80649 80649 80649 80649 80649 80649
-9999 -9999 -9999 -9999 -9999 -9999 -9999 -9999 -9999 -9999 -9999 -9999 -9999 -9999 -9999 -9999 -9999 -9999 -9999 -9999 -9999 -9999 -9999 -9999 -9999 -9999 -9999 -9999 -9999 -9999 -9999 -9999 -9999 -9999 163837 163837 163837 163837 163837 163837 163837 163837 163837 163837 164287 165542 165758 165758 165758 165758 165758 165758 165758 165758 165758 165758 165758 165758 165758 165758 117884 80649 80649 80649 80649 80649 80649 80649 80649 80649 80649 80649 80649 80649 80649 80649 80649 80649 80649 80649
-9999 -9999 -9999 -9999 -9999 -9999 -9999 -9999 -9999 -9999 -9999 -9999 -9999 -9999 -9999 -9999 -9999 -9999 -9999 -9999 -9999 -9999 -9999 -9999 -9999 -9999 -9999 -9999 -9999 -9999 -9999 -9999 -9999 163837 163837 163837 163837 163837 163837 163837 163837 163856 164048 164766 165638 165758 165758 165758 165758 165758 165758 165758 165758 165758 165758 165758 165758 165758 162048 150053 137034 83840.6 80649 80649 80649 80649 80649 80649 80649 80649 80649 80649 80649 80649 80649 80649 80649 80649 80649 80649
-9999 -9999 -9999 -9999 -9999 -9999 -9999 -9999 -9999 -9999 -9999 -9999 -9999 -9999 -9999 -9999 -9999 -9999 -9999 -9999 -9999 -9999 -9999 -9999 -9999 -9999 -9999 -9999 -9999 -9999 -9999 -9999 -9999 163837 163837 163837 163837 163837 163837 163837 163837 164065 165060 165706 165758 165758 165758 165758 165758 165758 165758 165758 165758 165758 165758 165758 165598 157141 126541 91141.3 90223.8 80649 80649 80649 80649 80649 80649 80649 80649 80649 80649 80649 80649 80649 80649 80649 80649 80649 80649 80649
-9999 -9999 -9999 -9999 -9999 -9999 -9999 -9999 -9999 -9999 -9999 -9999 -9999 -9999 -9999 -9999 -9999 -9999 -9999 -9999 -9999 -9999 -9999 -9999 -9999 -9999 -9999 -9999 -9999 -9999 -9999 -9999 -9999 163837 163837 163837 163837 163837 163837 163837 163862 164535 165612 165758 165758 165758 165758 165758 165758 165758 165758 165758 165758 165758 165758 165758 160731 122113 86606.6 80808.6 80649 80649 80649 80649 80649 80649 80649 80649 80649 80649 80649 80649 80649 80649 80649 80649 80649 80649 80649 80649
-9999 -9999 -9999 -9999 -9999 -9999 -9999 -9999 -9999 -9999 -9999 -9999 -9999 -9999 -9999 -9999 -9999 -9999 -9999 -9999 -9999 -9999 -9999 -9999 -9999 -9999 -9999 -9999 -9999 -9999 -9999 -9999 -9999 163837 163837 163837 163837 163837 163837 163837 163974 165012 165754 165758 165758 165758 165758 165758 165758 165758 165758 165758 165758 165758 165758 165758 144348 89824.8 80649 80649 80649 80649 80649 80649 80649 80649 80649 80649 80649 80649 80649 80649 80649 80649 80649 80649 80649 80649 80649 80649
-9999 -9999 -9999 -9999 -9999 -9999 -9999 -9999 -9999 -9999 -9999 -9999 -9999 -9999 -9999 -9999 -9999 -9999 -9999 -9999 -9999 -9999 -9999 -9999 -9999 288539 288539 288539 205653 163837 163837 163837 163837 163837 163837 163837 163837 164461 173053 173092 172344 165526 166160 165753 165758 165758 165758 165758 165758 165758 165758 165758 165758 165758 165758 165758 104054 80649 80649 80649 80968.2 82457.6 81659.7 80702.2 80649 80649 80649 80649 80649 80649 80649 80649 80649 80649 80649 80649 80649 80649 80649 80649
-9999 -9999 -9999 -9999 -9999 -9999 -9999 -9999 -9999 -9999 -9999 -9999 -9999 -9999 -9999 -9999 -9999 -9999 -9999 -9999 -9999 -9999 -9999 -9999 288539 288539 288539 288539 213867 163837 163837 163837 163837 163837 163837 163837 163837 176853 232559 239145 237801 209621 184320 165981 165758 165758 165758 165758 165758 165758 165758 165758 165758 165758 165758 165758 111501 108309 108309 108309 110224 119161 103841 82989.5 80649 80649 80649 80649 80649 80649 80649 80649 80649 80649 80649 80649 80649 80649 80649 80649
-9999 -9999 -9999 -9999 -9999 -9999 -9999 -9999 -9999 -9999 -9999 -9999 -9999 -9999 -9999 -9999 -9999 -9999 -9999 -9999 -9999 -9999 -9999 288539 288539 288539 288539 288539 250154 195402 180321 164305 163837 163837 163837 163837 173657 233670 279030 286201 287136 280636 237248 174449 165758 165758 165758 165758 165758 165758 165758 165758 165758 165758 165758 165758 159375 159375 159375 159375 160332 164801 125065 84106.6 80649 80649 80649 80649 80649 80649 80649 80649 80649 80649 80649 80649 80649 80649 80649 80649
-9999 -9999 -9999 -9999 -9999 -9999 -9999 -9999 -9999 -9999 -9999 -9999 -9999 -9999 -9999 -9999 -9999 -9999 -9999 -9999 -9999 -9999 -9999 288539 288539 288539 288539 288539 284058 274120 255298 205846 163837 163837 168513 205924 235073 277550 288305 288539 288539 288539 267532 183312 165758 165758 165758 165758 165758 165758 165758 165758 165758 165758 165758 165758 165758 165758 165758 165758 165758 164162 117884 82244.8 80649 80649 80649 80649 80649 80649 80649 80649 80649 80649 80649 80649 80649 80649 80649 80649
-9999 -9999 -9999 -9999 -9999 -9999 -9999 -9999 -9999 -9999 -9999 -9999 -9999 -9999 -9999 -9999 -9999 -9999 -9999 -9999 288539 288539 288539 288539 288539 288539 288539 288539 288539 288539 288539 288539 257364 244114 273341 285811 288539 288539 288539 288539 288539 288539 258611 180338 165758 165758 165758 165758 165758 165758 165758 165758 165758 165758 165758 165758 165758 165758 165758 165758 165758 160332 111621 81433.6 80649 80649 80649 80649 -9999 -9999 -9999 -9999 80649 80649 80649 80649 80649 80649 80649 80649
-9999 -9999 -9999 -9999 -9999 -9999 -9999 -9999 288539 288539 288539 288539 -9999 -9999 -9999 -9999 -9999 -9999 -9999 288539 288539 288539 288539 288539 288539 288539 288539 288539 288539 288539 288539 288539 288539 288539 288539 288539 288539 288539 288539 288539 288539 288539 276107 190468 165758 165758 165758 165758 165758 165758 165758 165758 165758 165758 165758 165758 165758 165758 165758 165758 165758 164801 132925 87045.5 80649 80649 80649 80649 -9999 -9999 -9999 -9999 80649 80649 80649 80649 80649 80649 80649 80649
-9999 -9999 -9999 -9999 -9999 -9999 -9999 -9999 288539 288539 288539 288539 -9999 -9999 -9999 -9999 288539 288539 288539 288539 288539 288539 288539 288539 288539 288539 288539 288539 288539 288539 288539 288539 288539 288539 288539 288539 288539 288539 288539 288539 288539 288539 287158 216252 165758 165758 165758 165758 165758 165758 165758 165758 165758 165758 165758 165758 165758 165758 165758 165758 165758 165758 154109 98415.5 80649 80649 80649 -9999 -9999 -9999 -9999 80649 80649 80649 80649 80649 80649 80649 80649 80649
-9999 -9999 -9999 -9999 -9999 -9999 -9999 288539 288539 288539 288539 288539 288539 288539 -9999 -9999 288539 288539 288539 288539 288539 288539 288539 288539 288539 288539 288539 288539 288539 288539 288539 288539 144270 86561.7 178534 275915 288539 288539 288539 288539 288539 288539 288539 234822 165758 165758 165758 165758 165758 165758 165758 165758 165758 165758 165758 165758 165758 165758 165758 165758 165758 165758 164641 129906 80649 80649 80649 -9999 -9999 -9999 80649 80649 80649 80649 80649 80649 80649 80649 80649 80649
-9999 -9999 -9999 -9999 288539 288539 288539 288539 288539 288539 288539 288539 288539 288539 288539 288539 288539 288539 288539 288539 288539 288539 288539 288539 288539 288539 288539 288539 288539 288539 288539 126236 0 4057.58 146073 278170 288539 288539 288539 288539 288539 288539 288539 288539 249403 177269 165758 165758 165758 165758 165758 165758 165758 165758 165758 165758 165758 165758 165758 165758 165758 165758 165758 165758 90105.6 80649 -9999 -9999 -9999 80649 80649 80649 80649 80649 -9999 -9999 80649 -9999 -9999 -9999
-9999 -9999 275997 275997 288539 288539 288539 288539 288539 288539 288539 288539 288539 288539 288539 288539 288539 288539 288539 288539 288539 288539 288539 288539 288539 288539 288539 288539 288539 288539 288539 95578.5 0 10549.7 154459 277719 288539 288539 288539 288539 288539 288539 288539 288539 268817 183945 165758 165758 165758 165758 165758 165758 165758 165758 165758 165758 165758 165758 165758 165758 165758 165758 165758 165758 -9999 -9999 -9999 -9999 -9999 80649 80649 80649 -9999 -9999 -9999 -9999 80649 -9999 -9999 -9999
-9999 275997 275997 275997 285364 288539 288539 288539 288539 288539 288539 288539 288539 288539 288539 288539 288539 288539 288539 288539 288539 288539 288539 288539 288539 288539 288539 288539 288539 288539 288539 128039 0 1623.03 45715.4 200625 288539 288539 288539 288539 288539 288539 288539 288539 233825 169441 165758 165758 165758 165758 165758 165758 165758 165758 165758 165758 165758 165758 165758 165758 165758 165758 165758 165758 -9999 -9999 -9999 -9999 -9999 -9999 -9999 -9999 -9999 -9999 -9999 -9999 -9999 -9999 -9999 -9999
275997 275997 275997 275997 278427 285364 288539 288539 288539 288539 288539 288539 288539 288539 288539 288539 288539 288539 288539 288539 288539 288539 288539 288539 288539 288539 288539 288539 288539 288539 277719 75741.5 0 0 0 35165.7 198371 288539 288539 288539 288539 288539 288539 280865 176885 165758 165758 165758 165758 165758 165758 165758 165758 165758 165758 165758 165758 165758 165758 165758 165758 165758 165758 165758 -9999 -9999 -9999 -9999 -9999 -9999 -9999 -9999 -9999 -9999 -9999 -9999 -9999 -9999 -9999 -9999
275997 275997 275997 275997 275997 278270 284102 286666 287912 288539 288539 288539 288539 288539 288539 288539 288539 288539 288539 288539 288539 288539 288539 288539 288539 282588 237414 242824 259865 210814 87463.4 8115.16 0 0 0 0 30476.9 189534 235520 182862 236241 288539 282093 207887 174122 166218 165758 165758 165758 165758 165758 165758 165758 165758 165758 165758 165758 165758 165758 165758 165758 165758 -9999 -9999 -9999 -9999 -9999 -9999 -9999 -9999 -9999 -9999 -9999 -9999 -9999 -9999 -9999 -9999 -9999 -9999
275997 275997 275997 275997 275997 275997 276279 278184 282272 287281 288539 288539 288539 288539 288539 288539 288539 288539 288539 288539 288539 288539 288539 288539 274563 187460 68437.8 64650.8 88184.7 30837.6 0 0 0 0 0 0 3787.07 28673.6 28673.6 3787.07 196567 288539 285776 255618 236856 187974 166449 165758 165758 165758 165758 165758 165758 165758 165758 165758 165758 165758 165758 165758 165758 165758 -9999 -9999 -9999 -9999 -9999 -9999 -9999 -9999 -9999 -9999 -9999 -9999 -9999 -9999 -9999 -9999 -9999 -9999
275997 275997 275997 275997 275997 275997 275997 275997 276652 280673 285070 286599 285482 284306 285100 287393 288539 288539 288539 288539 288539 288539 288539 288539 158246 32190.1 1623.03 0 0 0 0 0 0 0 0 0 0 0 0 86561.7 272309 288539 288539 288539 285431 255542 197758 167945 165758 165758 165758 165758 165758 165758 165758 165758 165758 165758 165758 165758 165758 165758 -9999 -9999 -9999 -9999 -9999 -9999 -9999 -9999 -9999 -9999 -9999 -9999 -9999 -9999 -9999 -9999 -9999 -9999
275997 275997 275997 275997 275997 275997 275997 275997 276005 276303 277349 277859 277486 277094 277359 278437 281563 280622 282268 283052 288539 288539 288539 270505 18935.4 0 0 0 0 0 0 0 0 0 0 0 0 0 45985.9 228126 286736 288539 288539 288539 288539 286966 267743 209998 165758 165758 165758 188779 173432 165758 165758 165758 165758 165758 165758 165758 165758 165758 -9999 -9999 -9999 -9999 -9999 -9999 -9999 -9999 -9999 -9999 -9999 -9999 -9999 -9999 -9999 -9999 -9999 -9999
275997 275997 275997 275997 275997 275997 275997 275997 275997 275997 275997 275997 275997 275997 275997 275997 275997 275997 275997 275997 277075 284189 288480 198371 0 0 0 0 0 0 0 0 0 0 0 0 0 11721.9 174025 284932 288539 288539 288539 288539 288539 288539 288539 288539 212875 167370 175830 262736 259570 186094 167101 165758 165758 165758 165758 165758 -9999 -9999 -9999 -9999 -9999 -9999 -9999 -9999 -9999 -9999 -9999 -9999 -9999 -9999 -9999 -9999 -9999 -9999 -9999 -9999
275997 275997 275997 275997 275997 275997 275997 275997 275997 275997 275997 275997 275997 275997 275997 275997 275997 275997 275997 275997 276189 281225 288175 167713 0 0 0 0 0 0 0 0 0 0 0 0 0 38772.4 211896 288539 288539 288539 288539 288539 288539 288539 288539 288539 267513 188626 228050 282726 285892 253777 191043 166756 165758 165758 165758 165758 -9999 -9999 -9999 -9999 -9999 -9999 -9999 -9999 -9999 -9999 -9999 -9999 -9999 -9999 -9999 -9999 -9999 -9999 -9999 -9999
275997 275997 275997 275997 275997 275997 275997 275997 275997 275997 275997 275997 275997 275997 275997 275997 275997 275997 275997 275997 276736 282219 287810 210994 0 0 0 0 0 0 0 0 0 0 0 0 7844.65 107481 257070 288539 288539 288539 288539 288539 288539 288539 288539 288539 279887 245431 270697 288309 288309 286467 237547 173777 165758 165758 165758 165758 -9999 -9999 -9999 -9999 -9999 -9999 -9999 -9999 -9999 -9999 -9999 -9999 -9999 -9999 -9999 -9999 -9999 -9999 -9999 -9999
275997 275997 275997 275997 275997 275997 275997 275997 275997 275997 275997 275997 275997 275997 275997 275997 275997 275997 275997 278349 285786 287436 288359 270505 0 0 0 0 0 0 0 0 0 0 0 0 94947.4 256800 285744 288539 288539 288539 288539 288539 288539 288539 288539 288539 287599 284529 287350 288539 288539 288539 270697 185902 165758 165758 165758 165758 -9999 -9999 -9999 -9999 -9999 -9999 -9999 -9999 -9999 -9999 -9999 -9999 -9999 -9999 -9999 -9999 -9999 -9999 -9999 -9999
275997 275997 275997 275997 275997 275997 275997 275997 275997 275997 275997 275997 275997 275997 275997 275997 275997 275997 275997 279133 287716 288539 288539 288539 80700.8 83766.5 232274 268702 180337 57798 15058.1 180.337 0 0 0 0 108202 288539 288539 288539 288539 288539 288539 288539 288539 288539 288539 288539 288539 288539 288539 288539 288539 288539 288539 288539 273959 272424 272424 247449 -9999 -9999 -9999 -9999 -9999 -9999 -9999 -9999 -9999 -9999 -9999 -9999 -9999 -9999 -9999 -9999 -9999 -9999 -9999 -9999
275997 275997 275997 275997 275997 275997 275997 275997 275997 275997 275997 275997 275997 275997 275997 275997 275997 275997 275997 275997 281425 286199 288233 288539 270956 239037 285293 288539 288539 259595 127047 50674.7 0 0 0 0 144270 288539 288539 288539 288539 288539 288539 288539 288539 288539 288539 288539 288539 288539 288539 288539 288539 288539 288539 288539 288539 288539 288539 288539 -9999 -9999 -9999 -9999 -9999 -9999 -9999 -9999 -9999 -9999 -9999 -9999 -9999 -9999 -9999 -9999 -9999 -9999 -9999 -9999
