public/models/data/input/map/sulut/1000/mapslope.asc
NCOLS 248
NROWS 182
XLLCORNER 510063.019283
YLLCORNER 211117.685435
CELLSIZE 1000.000000
NODATA_VALUE       -9999
[rows 132 to 164 of 182, columns 74 to 147 of 248]
14.5119 15.1082 18.3085 24.4086 25.61 28.9117 27.4616 16.5172 14.2135 13.6177 7.8044 17.3515 20.4143 44.4254 40.4658 36.1171 48.616 36.3324 18.4389 14.8423 17.2485 15.3096 17.442 19.5062 20.4742 22.9154 17.7414 20.4283 33.1038 37.1153 25.9465 27.5343 27.4022 32.5581 36.3015 30.588 33.2035 35.5343 37.8592 25.7079 24.1439 19.6766 19.0158 16.77 17.9483 13.743 9.14691 10.6354 19.4003 24.3602 25.0672 26.1898 28.3463 18.7266 19.679 20.7099 14.776 2.68393 1.60287 1.70124 2.47913 2.62071 1.95963 2.86987 3.60357 5.06212 8.17364 9.98284 10.0239 8.72491 8.88867 8.30942 12.6993 19.4622
18.5875 15.5929 9.57229 10.8875 19.2381 27.4077 18.2215 18.2478 21.7655 20.4094 14.1503 13.3798 18.0148 35.3137 27.932 13.7477 11.7416 26.8105 27.3973 19.5691 17.8623 20.0168 21.4378 20.37 18.3978 18.9071 17.3371 21.1712 26.2343 31.2423 27.9294 32.5237 30.3657 27.337 26.1154 28.1811 29.4393 29.674 30.2482 27.7701 18.8983 16.4894 11.9571 14.2602 12.1046 11.3046 8.34251 8.39722 12.9639 23.0636 24.4528 24.6003 17.9286 16.016 20.0521 23.6682 12.2067 2.13618 1.58352 1.44767 1.56839 2.39728 2.06325 2.76276 6.85818 16.554 21.5937 23.9691 23.2637 22.8395 20.8669 17.8153 16.5825 18.5582
11.2699 10.6002 9.27722 10.5391 15.2082 28.0252 24.6367 17.8638 19.5433 19.4446 19.2772 16.3045 19.0274 22.413 18.9934 14.7004 11.5124 9.87036 23.9697 26.5017 22.9101 28.0879 26.9794 20.2977 16.0031 16.6769 18.2884 23.9732 26.5672 24.9928 24.496 30.8202 29.0357 24.8631 25.5214 30.2439 30.3613 27.9888 31.0013 24.747 13.0194 4.54695 6.10394 14.7085 17.4637 14.2192 9.97117 9.38923 11.9344 21.5579 18.8537 18.9846 17.6756 15.6179 19.2464 17.9418 6.1896 1.81101 1.39292 1.61589 1.78639 1.85815 2.22508 3.15463 14.5428 27.1201 25.2665 23.775 23.1584 25.473 24.6713 23.6448 19.1451 16.529
19.4458 11.5796 12.4821 13.2109 16.6692 22.2035 24.484 21.0633 20.2176 15.4622 18.3144 17.9767 14.4466 20.0902 19.4242 16.9234 16.9306 14.6648 15.5679 17.8358 19.5403 22.1228 21.9201 16.1392 15.8242 25.0715 32.0977 25.94 23.3483 24.3398 18.1476 22.9775 24.5504 22.1518 22.8717 28.3402 30.946 33.1746 24.4093 11.6427 4.89573 1.39141 1.92891 8.86041 20.5406 15.8686 15.3385 10.1673 14.9136 24.4578 22.7596 25.4861 26.6644 25.0162 17.2779 13.1138 11.9409 12.1736 1.49778 1.74498 1.4603 1.67071 1.9429 7.07926 21.6311 35.6161 25.3329 20.6378 18.2792 14.5365 14.549 20.2243 16.2135 16.4585
19.1882 15.6903 15.7827 15.1183 15.0255 15.8646 16.1453 16.7126 18.1949 17.4093 18.6449 19.363 9.95922 15.2512 15.0448 14.3152 12.5466 14.5401 12.7713 10.6203 13.2206 20.4101 24.8779 17.147 17.2881 29.2278 20.5076 13.0173 13.0148 15.1112 18.5029 15.2544 15.2962 19.2037 15.8 14.0526 29.0512 34.9447 8.12797 3.12947 1.38562 0.747944 1.33539 4.15655 9.77754 13.7347 12.777 10.306 12.0608 17.1345 23.023 27.2631 30.2812 25.1448 19.6625 9.83181 15.5587 8.43543 2.18025 1.71621 1.46976 1.68772 3.63603 14.8257 31.2611 31.3347 14.9184 12.2526 13.7596 13.3608 11.9248 15.3674 23.1454 19.0853
22.656 20.431 17.5204 15.831 12.9445 12.2626 13.8651 13.5952 16.641 19.4508 19.5268 20.2773 12.8718 13.1294 14.0677 9.9318 12.7747 13.1917 15.8283 13.1396 12.4788 16.5508 19.0776 17.478 21.6541 29.7839 22.8815 17.9843 12.9459 17.8251 22.6964 20.4463 16.4535 11.813 18.3843 19.603 24.6853 14.9117 3.067 4.6901 2.37614 0.911415 5.51828 13.1076 10.9108 5.95426 9.37774 8.30482 11.1637 14.474 18.1519 20.3958 19.7383 20.0007 16.0925 11.5872 17.3851 11.865 4.19084 2.034 3.37323 2.70665 9.48575 24.114 31.101 22.3401 14.1878 15.5902 14.946 16.6097 16.5835 17.3999 18.7079 20.2045
20.0325 16.4174 16.7251 19.9996 16.5558 14.1612 16.139 17.6294 20.7939 22.2516 15.1625 12.5783 15.7204 23.5883 28.8602 17.7349 13.8634 18.3897 18.6281 19.0999 17.4931 20.3236 21.149 20.6848 25.888 25.2572 19.5021 21.9692 15.7226 25.0187 28.4581 24.2768 22.5249 18.4955 23.9723 20.0813 14.2031 4.76364 5.02708 6.84658 4.8335 1.79957 8.50707 13.1746 12.2259 4.16692 8.03936 6.74951 13.5611 11.9462 13.1149 14.9 16.4014 21.8007 25.3649 19.9331 15.1743 14.725 14.1236 7.22891 6.49592 4.15376 19.9945 30.8259 24.7075 15.8358 16.8483 13.4316 16.1613 19.8489 23.8603 25.4521 24.5109 17.9397
14.7349 12.7798 24.1883 18.707 12.8993 13.0626 23.3339 21.5464 22.9954 16.9392 16.4619 11.2952 15.8075 25.2456 25.2748 19.4432 14.7433 19.7733 18.2297 16.5164 19.3024 21.343 21.5187 22.9265 27.9621 24.7866 23.6374 25.1335 21.0299 31.5384 22.2424 29.0123 29.3333 27.2442 19.1101 11.5863 5.95175 1.41345 6.46387 8.52957 10.2881 8.63609 8.65922 16.3286 11.7604 8.77911 10.4839 14.101 20.0533 8.85873 5.16239 11.3094 24.6392 31.7625 24.5169 22.85 17.506 14.9704 15.7925 10.7166 5.23125 7.03156 24.8818 30.7655 16.1799 11.1964 12.3854 12.6895 17.7 19.8639 23.0946 27.7171 31.9011 28.3919
12.7734 15.3367 20.3839 12.776 11.451 19.503 22.1987 26.9328 21.7988 15.2797 21.9138 20.1518 21.0202 21.0546 22.1586 18.9232 18.9592 23.7727 19.4646 17.3322 14.2576 15.4999 21.4293 24.4479 25.3323 27.8415 27.5394 25.6852 24.771 23.3387 26.5387 25.7885 20.2122 16.5126 10.3828 3.99671 1.30777 0.492376 6.47301 11.646 11.9025 12.1858 8.09712 8.54278 8.82359 11.0848 13.6118 11.7644 19.4104 13.8711 13.2561 21.8275 29.5618 24.7899 30.9388 29.8443 18.7219 13.1844 12.8543 13.5055 6.38878 17.4472 25.2471 31.9748 22.8216 16.5017 15.1295 12.945 18.3273 24.0887 28.5727 28.8753 33.3456 37.8486
18.6067 19.5274 17.4755 14.5506 13.2897 17.9129 21.7476 24.75 22.3174 14.4362 26.113 23.9492 18.9085 24.0592 23.1072 21.0661 20.5938 21.6733 16.096 14.1332 20.2427 19.3195 21.8944 26.644 22.7849 20.5295 22.3908 21.5153 15.8699 14.7151 22.7042 20.4317 12.0394 8.42674 5.88945 1.82408 0.63255 0.658642 5.96225 15.4669 15.9136 22.3407 9.14406 5.13191 7.18369 14.6026 11.0032 15.1783 27.6805 39.111 37.3235 27.536 23.4467 21.1091 29.5246 28.5959 20.7775 14.8257 10.729 7.83155 11.0279 21.3375 31.5093 35.9997 25.5085 18.0726 14.1114 16.1055 22.5504 22.9434 26.0554 32.3788 31.7212 30.0941
15.252 16.8918 16.9661 11.9393 14.1775 14.7571 11.5572 15.8422 15.7047 14.7355 21.0871 28.8382 20.1327 21.6009 26.5984 23.0222 22.2873 24.7111 16.2975 16.7891 23.873 22.8773 23.6678 25.9851 24.2521 18.4657 23.5675 22.2548 17.8134 11.8656 11.976 7.79635 3.86268 3.12181 2.64258 1.09118 0.625681 0.765379 4.88283 14.1457 18.8216 18.8423 9.86786 9.54452 10.9239 15.9167 16.9457 27.2185 38.219 42.0105 38.0971 25.9763 23.9859 20.7702 24.0946 18.325 17.0157 10.7495 2.55214 4.68379 14.1876 24.2251 34.8997 29.579 21.6343 17.5519 16.9214 16.4654 20.4157 21.0181 25.5613 29.5114 29.7085 27.3373
17.9901 16.0223 12.0751 8.96345 8.30192 5.55948 6.74162 12.3181 16.1159 21.339 20.8496 24.593 19.8797 15.5533 21.026 27.8746 21.6806 20.833 16.1206 20.1167 22.4574 17.0604 23.8749 23.9425 23.8116 15.9536 23.8939 20.6203 17.09 8.52914 4.2884 2.93485 1.58321 1.34282 1.54513 1.00542 0.661268 0.820521 4.53334 7.97293 7.07342 8.59943 13.9156 12.7476 19.5692 30.064 23.6797 35.1581 36.3802 29.156 23.6927 20.5233 26.3185 28.6035 19.2937 8.39345 9.29441 5.11782 1.35036 4.23489 11.7071 26.7022 31.5937 30.5124 22.2935 18.4734 16.9451 12.9756 16.4813 20.6957 22.8515 29.0496 28.3326 25.8876
14.4094 13.2466 8.69939 9.24107 7.62651 8.50898 13.737 10.0691 17.9054 29.3782 24.8418 21.027 17.3703 17.4325 21.0033 28.0595 23.9477 19.336 16.3648 19.8583 19.3497 19.0619 25.6475 21.0571 18.241 12.9031 10.3863 13.2016 11.2592 4.09588 1.97433 1.30862 1.17524 1.06722 1.26853 1.18562 0.922419 0.812679 0.803945 1.26682 3.13455 7.99257 21.568 25.4181 30.5659 31.8026 44.6096 42.033 39.4234 25.2304 18.1425 17.6621 25.8452 23.885 11.7638 10.9211 7.96541 2.47133 1.7398 7.06757 21.5322 25.2768 27.7689 29.4781 20.3412 17.0463 17.0511 18.3149 14.3646 18.0438 17.8798 16.0987 23.1823 22.4432
16.0837 10.7679 10.2727 9.47826 8.36862 13.7763 17.4196 16.578 18.5025 18.5161 18.7467 16.0699 15.4634 14.9614 14.7561 23.9744 21.1333 20.419 24.4518 22.9443 19.4383 18.6878 16.5267 20.1892 18.8414 12.6236 4.85857 5.46584 2.58497 1.86383 1.57207 1.11369 1.08028 1.18029 1.14224 1.53033 1.36977 0.926359 0.99826 3.36065 14.641 28.1305 36.4937 40.8936 33.4137 25.2376 25.6068 35.3792 34.817 17.3893 22.5552 17.5459 13.169 6.44434 2.51831 2.55353 1.59443 1.57283 3.24756 8.19328 20.4035 25.1042 21.1084 18.8394 17.7517 12.8626 12.1913 16.7995 15.0835 14.9536 17.5761 16.4784 18.2726 18.6838
13.2861 13.7398 12.7041 11.1317 10.4807 12.6193 20.6754 21.2217 22.806 20.2644 17.1493 15.3459 13.947 11.9546 11.5966 16.3822 20.2124 19.2727 17.3183 20.3399 18.1472 12.1796 11.1207 13.1406 8.99993 4.77958 1.9121 1.40527 1.08445 1.67067 1.38771 0.847461 1.0664 1.53975 1.04577 1.54879 2.22207 2.32801 4.92 13.7936 28.7804 33.5714 36.1996 32.3663 30.4145 21.6734 22.1637 33.1861 32.6589 20.9298 23.9931 18.1853 13.3105 3.35263 1.63086 1.78478 2.86041 3.89205 9.87767 17.0497 27.0195 30.6615 15.4253 17.6322 17.4741 15.4291 16.2308 17.045 13.7578 14.5851 21.5693 19.9968 20.553 20.0441
14.5019 15.1488 17.5728 15.6084 12.279 16.1408 21.7495 15.0326 10.1945 8.54189 9.12417 11.7275 11.8485 9.2496 9.33511 9.99684 10.1832 8.97952 9.08553 7.96241 5.60318 3.99634 4.3298 3.99484 1.54567 1.36366 1.52038 1.4504 0.931171 1.04275 0.791 0.908847 1.74798 1.28876 1.05706 1.8052 6.88715 16.7389 27.898 31.4658 29.8412 24.3517 17.3029 15.8421 27.5357 23.9805 28.3365 30.6809 30.3693 25.2886 21.7446 18.0802 11.4144 4.45169 2.91134 5.22576 8.00624 16.7463 29.3962 31.4759 27.6991 21.6951 13.1111 15.7758 18.9865 16.7632 20.7467 18.4521 15.431 15.9213 22.9316 27.4755 21.5099 21.4585
13.0646 10.3874 18.8366 16.9819 13.9257 22.5348 18.025 10.9686 8.39406 7.30559 10.7112 9.69369 5.58879 2.75401 3.71262 5.59393 4.24082 1.7229 1.78044 1.92487 1.85968 1.54262 1.60098 1.82996 1.33627 1.43524 1.18531 1.25012 1.56516 1.32395 0.934423 0.966019 1.34548 1.52646 4.04752 12.7936 21.0067 18.9123 25.6288 27.3357 23.8364 24.8329 25.7051 25.9212 25.5097 27.7113 25.1356 26.7358 37.376 31.4841 24.4366 14.7441 12.8932 11.4909 14.0732 24.6535 32.5392 39.9989 35.5795 27.9064 18.0211 12.881 16.3006 18.1411 16.901 22.6527 23.5312 20.4798 16.6039 24.9863 23.2584 31.1113 26.3379 26.8223
15.8124 13.3519 22.0531 19.7404 21.3189 27.0788 15.3535 8.67878 9.46003 12.9844 14.851 7.23606 4.25219 2.8302 2.87503 2.43746 2.02931 2.33231 1.3906 1.45204 1.24122 1.13026 1.45096 1.20955 0.777384 0.961066 0.85809 1.10887 1.08646 1.11441 0.981516 1.45613 2.03397 4.07341 14.3298 21.8909 29.6875 30.805 20.6892 24.3691 29.4778 27.174 21.0226 20.2334 18.7593 13.7668 26.7943 29.683 28.9264 30.0541 28.0065 28.0757 29.1609 30.2121 33.2884 40.429 37.1477 37.9243 22.8697 16.3457 14.4559 14.0601 19.0749 17.3404 15.0717 20.271 26.4031 23.0218 20.2476 22.8512 21.4294 26.1066 29.446 26.8157
13.7619 11.1988 23.5872 23.0001 25.6865 20.9984 12.4622 17.8845 16.579 17.8538 20.4473 13.2761 10.6975 3.27392 2.66144 1.73547 1.67735 2.65784 1.60312 1.07525 1.30614 1.13434 1.21629 0.980271 0.91123 0.846058 0.808792 1.0483 1.70635 2.36857 2.2011 2.02073 2.92218 14.1471 21.7044 20.8009 21.2223 23.8943 24.5033 28.1698 24.0958 13.6472 15.4545 16.6438 17.6219 14.4871 19.5638 21.0709 21.3666 27.4447 40.9259 41.4792 37.0814 35.6619 34.1422 30.5045 25.1964 26.1602 20.6197 20.0723 16.882 15.4283 21.2202 14.0362 18.771 18.0937 24.6562 24.1262 24.393 25.9628 24.6859 23.3929 29.9839 29.9539
11.4111 22.5504 23.4991 22.1257 17.4688 11.9115 17.5433 25.7904 18.9212 16.8136 23.5374 19.6159 14.3332 4.44731 5.43449 4.75837 2.75502 2.15784 2.00869 1.67646 2.01123 1.10147 1.0746 1.35186 1.37533 1.43131 1.26562 1.85993 3.02305 3.17716 5.65131 10.4173 7.45801 10.4064 12.8921 18.03 22.8702 25.5735 27.6383 23.6133 13.7958 11.9322 21.1276 17.0566 15.7778 14.2334 18.5425 20.1344 27.1693 27.7827 34.2236 32.4345 25.026 20.0465 19.0444 20.622 22.0572 16.267 17.6166 22.179 20.6371 21.1294 23.0105 18.5533 19.291 19.9439 19.3466 19.4962 25.8294 23.0584 26.3992 29.2155 28.8766 29.3281
21.2221 14.8178 15.804 11.011 12.081 11.1036 10.5028 12.5735 14.9625 16.4893 13.1998 11.8314 17.2365 16.9168 13.5724 10.8481 6.64903 5.5517 2.02031 1.69896 1.59939 1.2887 1.15525 0.908752 1.08961 1.03514 3.34364 5.11617 10.7517 12.8175 13.5414 21.8662 26.4018 35.2315 30.4917 29.2188 30.3939 22.8047 11.6168 10.4681 9.04286 12.0516 16.7073 15.3333 16.6681 15.8535 17.7839 17.543 19.4648 24.2723 28.3123 22.9907 20.0381 19.4211 16.4007 16.5954 15.7074 14.6485 16.5538 22.1339 25.1874 17.574 22.0137 21.8128 17.5958 16.838 20.5247 29.0463 30.1732 22.0724 24.809 29.0362 23.729 26.203
20.5572 16.4843 12.6547 11.7565 15.6398 17.7175 16.8032 11.8952 14.1438 16.0353 12.7107 11.3641 12.8923 20.5522 17.0539 19.7034 15.4677 15.2251 7.81412 3.9288 4.12838 5.13633 2.94502 1.07413 1.50867 3.62923 9.9352 13.0698 18.761 25.021 22.6364 22.2418 29.9641 30.6461 21.8136 21.0176 15.9054 14.52 11.2546 12.2405 11.0425 13.5001 17.7437 16.65 17.787 23.6111 25.488 27.2169 32.0608 34.624 31.2788 22.4737 23.4699 21.1595 18.6662 17.1087 18.0816 18.4747 18.1526 22.059 20.6242 18.18 20.1599 20.8393 14.211 16.8238 23.5774 30.8055 30.7455 24.4005 21.6798 28.8748 25.6307 29.8915
14.6194 14.9054 13.6586 14.7274 13.9618 11.4732 19.8144 16.5863 18.5879 20.0872 19.044 18.3138 15.9537 18.2743 24.0479 23.5756 17.3582 16.9403 15.9981 7.60462 7.67991 9.56135 6.11801 1.61383 5.46694 11.2977 13.3304 16.7649 20.0254 24.6923 26.7619 25.0512 21.4512 15.5848 11.1792 10.1801 9.48572 17.6278 17.226 17.2492 19.3606 21.2678 20.6737 20.5873 25.3283 33.461 27.6178 28.2432 32.0579 32.7895 23.8438 20.4565 19.6675 22.3145 25.0063 16.9442 13.082 13.3142 16.4181 17.1826 23.7259 23.768 18.8342 19.8517 14.6433 12.5443 26.1292 25.5762 32.4871 22.7219 29.1089 26.9821 18.6765 22.6374
14.5529 16.652 17.4286 15.0805 9.90575 11.6823 19.1186 20.2102 24.9321 21.1283 19.7237 17.5505 19.5524 26.9661 20.9533 15.51 13.9822 14.0701 17.4282 9.5702 8.03826 10.8968 8.78133 2.36917 2.88495 5.77462 10.6303 19.8181 24.3063 28.8758 21.1767 24.2459 21.6404 16.4604 11.6692 15.0515 22.8852 26.5743 22.8414 29.0098 31.29 21.8971 27.5629 35.0081 40.1835 36.4515 28.5817 27.0002 29.9922 31.1648 24.5444 28.0088 29.1057 37.6698 27.9128 21.276 15.7402 10.1395 12.1735 15.5588 24.9807 29.877 19.9183 14.9374 12.5222 12.4502 21.9021 21.1589 33.8363 29.4435 29.6388 26.3379 9.88971 11.1892
18.3894 18.6745 17.7094 15.0995 9.45178 10.3773 15.7776 19.8847 23.4454 19.5339 20.3181 23.2443 26.3914 23.6507 18.3894 17.8994 17.1678 18.2154 13.4969 12.2817 14.698 20.5058 30.4762 16.2651 5.22616 8.95689 24.4961 26.7485 19.1171 15.973 18.3657 16.4478 20.9133 18.8072 14.3947 20.3273 26.4704 25.7357 24.928 28.193 27.1806 26.4701 43.2439 39.1115 37.2551 27.2257 31.8986 23.1294 23.4665 24.0968 24.2231 21.2117 23.5685 27.1226 23.8802 24.4859 19.9356 16.3817 17.0115 25.189 33.4172 28.6473 18.7277 14.5216 13.9106 17.0441 11.8902 18.6645 20.6947 28.6243 16.2686 21.5104 7.57772 6.11538
20.1122 21.0167 17.4853 17.7901 14.7476 9.32135 16.9682 22.7443 21.8296 20.6579 22.2921 24.9291 21.9304 19.9449 16.6628 17.7878 15.3324 13.1856 12.9238 12.1296 14.9694 23.4787 24.4611 15.1968 12.4361 20.8613 24.3782 24.6887 22.957 21.4216 17.1773 18.3029 19.1595 20.0438 21.3345 24.8735 26.3993 24.6959 26.2595 23.9712 19.6402 28.6331 38.2384 29.0617 28.8556 24.1654 22.7216 17.0777 17.3095 19.8581 22.3329 18.4903 19.0814 20.3826 22.0118 29.3525 28.833 20.1496 24.9673 30.2398 24.695 18.2514 23.495 16.662 16.1125 13.5793 17.5574 22.8052 15.8937 17.7931 15.0665 16.6335 12.9264 3.3805
27.663 27.8657 27.1628 23.4616 22.8581 14.0642 11.7253 15.6571 18.1979 19.479 16.1883 17.0452 17.7833 16.1278 14.4985 15.9311 16.3773 14.6339 10.6169 9.51477 10.8386 16.0406 16.6222 14.7849 20.8936 27.4927 22.1785 20.1756 22.5502 25.6605 18.9766 16.268 19.0047 24.389 25.2346 25.2041 24.893 31.9713 28.7826 24.9518 23.8745 29.0085 36.6318 25.7555 23.1243 23.536 22.2714 16.5378 17.596 18.207 23.058 20.722 18.0335 18.1688 24.3711 31.8616 29.2584 21.1008 23.8391 31.0037 19.0997 17.0239 19.5904 15.06 15.7019 12.5246 22.1239 22.1411 19.0177 13.2835 17.757 15.0347 16.2022 4.39315
31.818 31.2226 29.7473 21.518 17.4475 16.9656 12.0858 11.5107 13.3796 13.8829 15.2034 14.5659 19.0455 21.5447 21.1667 25.3 24.0601 15.7811 14.5389 11.1624 19.663 33.682 24.5744 19.097 24.2297 22.4447 18.2993 23.9106 24.9437 26.8938 25.0416 17.2752 19.9313 24.8713 25.0206 23.284 26.6394 32.2151 34.3425 27.559 27.0996 27.1802 27.3115 31.8267 25.2357 23.6847 23.8505 14.2118 14.6828 18.1439 22.7674 23.2293 21.8698 21.0285 19.6459 21.992 23.9399 23.8794 25.0314 28.4253 17.5213 24.5486 16.9983 13.9725 12.707 16.6034 17.4651 19.2063 18.4259 6.42499 15.5525 16.0432 13.6687 3.00719
42.0901 27.601 23.6055 18.6086 23.9069 24.8941 27.1054 30.6663 29.7613 22.6992 21.0183 16.4127 23.0543 26.6142 35.9403 30.1313 25.978 25.8742 16.251 14.4384 24.345 39.5193 35.8997 17.9628 22.3402 26.1723 24.2404 26.4613 26.5215 24.5912 26.3384 26.7163 23.6466 18.8611 26.6995 34.6663 30.1814 31.1429 30.7912 22.5949 26.3692 27.1505 30.482 30.5424 16.6262 18.9104 25.1186 22.5943 19.0107 21.9668 30.3154 28.5506 23.7091 23.0123 21.0458 18.5085 17.1904 18.3202 21.5739 19.2169 9.44321 19.3442 17.1461 14.3138 8.71875 11.1024 13.4527 11.0128 10.0368 9.89287 1.82083 4.08556 5.72103 1.57724
20.0352 22.9255 33.3998 29.9176 36.1407 31.2344 45.3661 39.8652 38.8555 29.0212 21.6914 28.5281 28.4448 25.2792 27.2314 24.3283 23.7225 26.7085 24.3333 24.0703 19.7746 34.3308 27.2101 16.3884 22.418 27.934 23.0057 22.5591 18.7913 19.785 27.2447 28.6967 26.0425 17.9437 24.6502 26.7368 24.0625 25.5495 28.844 27.8304 27.6647 24.0465 27.2906 25.5254 11.6849 15.1703 21.2977 23.0554 22.8036 22.254 25.9175 29.3332 22.1273 17.0921 20.2546 14.8823 7.14505 9.88017 15.0267 13.0983 3.81115 10.8726 18.396 12.3334 3.80827 1.8399 4.27845 5.63336 6.87167 6.09899 0.757833 0.703088 0.897063 -9999
21.9272 13.4195 22.5353 39.7121 39.484 37.3597 37.6988 30.6516 30.492 27.9896 29.3842 34.8507 29.4802 19.6939 23.5372 27.7079 24.0022 24.2967 20.2015 20.7006 23.9519 27.8826 25.8368 17.0421 19.6981 31.1351 24.9812 22.7694 20.0595 18.6708 24.0598 24.6573 22.45 22.3676 27.2276 27.8157 18.9028 25.7155 27.2927 32.145 31.3328 27.2411 22.1294 20.6427 12.658 14.2836 25.2614 15.3937 15.6926 15.3873 20.7027 20.5221 12.9667 10.8516 25.2831 18.1787 5.44102 11.3569 15.4202 9.53242 2.1386 13.966 18.8579 14.9286 1.88848 1.23769 2.53852 3.34187 4.74597 1.87108 -9999 -9999 -9999 -9999
28.142 28.9644 13.3049 36.2408 33.8441 33.1991 36.7469 26.524 23.6374 29.3473 27.1186 35.6559 36.5008 23.1212 19.3279 27.8063 25.5052 29.8604 20.542 21.0157 24.732 24.6739 31.6984 25.3796 18.9256 25.9146 22.6747 20.1579 16.8153 22.6409 21.3548 24.0146 16.2686 18.285 26.5335 27.3851 22.0048 21.1882 18.9788 24.1718 22.4171 24.2925 17.2598 20.2423 16.8603 26.2147 24.4962 16.9492 17.3727 16.8104 17.4451 23.9866 21.4717 10.6572 22.9089 18.1787 11.1785 16.5907 7.13225 4.46343 3.35906 12.9142 13.5787 9.58766 2.14398 2.14398 2.83102 3.0004 2.67125 -9999 -9999 -9999 -9999 -9999
26.7807 26.2521 14.6167 29.26 40.4088 43.0681 30.3372 25.5476 27.0852 22.2045 19.7836 22.7363 27.3121 30.3989 23.8446 23.5086 24.9076 27.0071 17.8442 25.9029 24.3717 20.3066 24.7821 30.7424 24.7252 15.86 15.8641 14.116 15.9518 14.5823 21.2894 24.8911 16.1331 16.3319 18.1939 19.8962 24.2692 22.704 14.8353 18.7115 22.1405 11.2029 18.4807 21.011 20.8368 28.8546 19.5332 18.5816 23.0484 24.3369 19.3636 19.4681 25.5344 13.2937 14.7242 20.9753 31.6413 32.847 11.4754 2.49523 -9999 2.30818 2.17442 -9999 -9999 -9999 0.6 -9999 -9999 -9999 -9999 -9999 -9999 -9999
