public/models/data/input/map/sulut/1000/mapslope.asc
NCOLS 248
NROWS 182
XLLCORNER 510063.019283
YLLCORNER 211117.685435
CELLSIZE 1000.000000
NODATA_VALUE       -9999
[rows 33 to 65 of 182, columns 148 to 221 of 248]
-9999 -9999 -9999 -9999 -9999 -9999 -9999 -9999 -9999 -9999 -9999 -9999 -9999 -9999 -9999 -9999 -9999 -9999 -9999 -9999 -9999 -9999 -9999 -9999 -9999 -9999 -9999 -9999 -9999 -9999 -9999 -9999 -9999 -9999 -9999 -9999 -9999 -9999 2.07351 1.56325 1.18685 -9999 -9999 -9999 -9999 -9999 0.648735 1.32532 0.885652 0.977762 1.7787 2.42796 6.08567 9.34773 9.53316 10.2029 9.14909 12.2665 16.4788 15.9718 15.0237 12.0457 10.0818 9.0558 11.7377 12.3654 12.6046 10.8654 10.666 12.1757 10.5393 9.41549 11.0046 11.8598
-9999 -9999 -9999 -9999 -9999 -9999 -9999 -9999 -9999 -9999 -9999 -9999 -9999 -9999 -9999 -9999 -9999 -9999 -9999 -9999 -9999 -9999 -9999 -9999 -9999 -9999 -9999 -9999 -9999 -9999 -9999 -9999 -9999 -9999 -9999 -9999 -9999 -9999 -9999 1.49119 0.91013 -9999 -9999 -9999 4.27675 4.30978 3.28952 4.80375 4.34961 3.06164 2.68438 2.23766 3.77522 6.63214 6.8307 4.97844 9.98261 19.1644 21.3523 22.5611 14.7845 17.0843 9.1624 11.0482 11.2829 15.2843 11.4526 9.24519 11.7495 9.7941 9.77384 8.55586 12.6015 12.6632
-9999 -9999 -9999 -9999 -9999 -9999 -9999 -9999 -9999 -9999 -9999 -9999 -9999 -9999 -9999 -9999 -9999 -9999 -9999 -9999 -9999 -9999 -9999 -9999 -9999 -9999 -9999 -9999 -9999 -9999 -9999 -9999 -9999 -9999 -9999 -9999 -9999 -9999 -9999 -9999 -9999 -9999 -9999 0.835996 4.01496 8.33466 12.1951 15.9519 9.26585 6.26972 4.24153 2.80591 6.51536 11.4622 8.48258 3.25315 5.19494 15.6837 16.8557 25.7472 17.2762 11.6594 6.2809 11.9262 14.5694 15.4633 6.84898 9.12522 10.042 9.75787 8.53569 11.0537 11.6437 12.6119
-9999 -9999 -9999 -9999 -9999 -9999 -9999 -9999 -9999 -9999 -9999 -9999 -9999 -9999 -9999 -9999 -9999 -9999 -9999 -9999 -9999 -9999 -9999 -9999 -9999 -9999 -9999 -9999 -9999 -9999 -9999 -9999 -9999 -9999 -9999 -9999 -9999 -9999 -9999 -9999 -9999 -9999 1.36258 2.65985 8.349 18.6098 24.0388 23.4754 9.81096 8.51032 3.30435 2.33418 6.89926 10.6179 7.71705 3.30248 2.01716 7.37205 14.894 17.2562 14.8341 10.9531 8.23181 11.4025 17.9777 11.0869 7.29394 10.1231 11.5385 10.6004 10.9684 10.6402 12.3961 12.0729
-9999 -9999 -9999 -9999 -9999 -9999 -9999 -9999 -9999 -9999 -9999 -9999 -9999 -9999 -9999 -9999 -9999 -9999 -9999 -9999 -9999 -9999 -9999 -9999 -9999 -9999 -9999 -9999 -9999 -9999 -9999 -9999 -9999 -9999 -9999 -9999 -9999 -9999 -9999 -9999 -9999 -9999 0.740498 4.44779 15.2996 24.2191 27.8917 34.5279 15.6495 9.62311 3.66883 2.61145 3.94432 3.10925 2.97508 2.68524 1.9088 2.54724 6.61587 11.9717 14.1391 17.6342 16.0234 10.3498 8.97142 5.6524 8.99952 11.1099 14.801 12.4897 12.8712 13.724 14.8293 16.0157
-9999 -9999 -9999 -9999 -9999 -9999 -9999 -9999 -9999 -9999 -9999 -9999 -9999 -9999 -9999 -9999 -9999 -9999 -9999 -9999 -9999 -9999 -9999 -9999 -9999 -9999 -9999 -9999 -9999 -9999 -9999 -9999 -9999 -9999 -9999 -9999 -9999 -9999 -9999 -9999 -9999 -9999 1.21964 3.78185 15.5078 21.2766 24.8534 30.33 20.1531 11.1793 2.60062 1.96356 2.43503 1.61337 2.88258 2.9476 2.1968 1.76766 2.88656 6.98744 10.4685 20.3828 17.3426 9.54497 2.94476 6.29109 8.9829 11.5255 14.8113 13.0989 13.4969 17.8857 16.9521 18.0969
-9999 -9999 -9999 -9999 -9999 -9999 -9999 -9999 -9999 -9999 -9999 -9999 -9999 -9999 -9999 -9999 -9999 -9999 -9999 -9999 -9999 -9999 -9999 -9999 -9999 -9999 -9999 -9999 -9999 -9999 -9999 -9999 -9999 -9999 -9999 -9999 -9999 -9999 -9999 -9999 -9999 -9999 1.35503 2.73647 8.40538 12.2522 13.691 16.2229 11.1198 5.06295 1.6472 2.56441 2.4674 1.91762 2.22883 1.77414 1.83787 1.33772 1.65903 3.00615 9.62201 20.8319 19.2933 6.75989 2.68607 9.16597 10.311 13.7028 13.545 13.4221 17.1078 19.5994 16.9804 19.2181
-9999 -9999 -9999 -9999 -9999 -9999 -9999 -9999 -9999 -9999 -9999 -9999 -9999 -9999 -9999 -9999 -9999 -9999 -9999 -9999 -9999 -9999 -9999 -9999 -9999 -9999 -9999 -9999 -9999 -9999 -9999 -9999 -9999 -9999 -9999 -9999 -9999 -9999 -9999 -9999 -9999 -9999 -9999 -9999 4.43258 6.96498 5.04232 4.996 5.10875 2.5734 1.88619 1.44473 1.59587 1.66156 1.77067 1.99476 1.33665 1.08295 0.983898 3.025 3.68636 6.59302 4.95846 2.6491 2.60447 11.3983 13.0541 15.9414 15.8039 17.1779 20.1984 19.9624 22.5423 17.1531
-9999 -9999 -9999 -9999 -9999 -9999 -9999 -9999 -9999 -9999 -9999 -9999 -9999 -9999 -9999 -9999 -9999 -9999 -9999 -9999 -9999 -9999 -9999 -9999 -9999 -9999 -9999 -9999 -9999 -9999 -9999 -9999 -9999 -9999 -9999 -9999 -9999 -9999 -9999 -9999 -9999 -9999 -9999 -9999 -9999 2.97886 3.21438 3.37005 2.71416 2.70559 2.07697 1.87979 1.45554 1.64382 1.50671 1.38607 1.38925 2.03074 2.66251 1.78006 3.10856 5.9152 5.87517 2.4994 2.56603 9.14949 14.0795 17.1502 16.7035 17.6374 20.2037 19.044 19.0115 18.5292
-9999 -9999 -9999 -9999 -9999 -9999 -9999 -9999 -9999 -9999 -9999 -9999 -9999 -9999 -9999 -9999 -9999 -9999 -9999 -9999 -9999 -9999 -9999 -9999 -9999 -9999 -9999 -9999 -9999 -9999 -9999 -9999 -9999 -9999 -9999 -9999 -9999 -9999 -9999 -9999 -9999 -9999 -9999 -9999 -9999 -9999 1.48879 1.74105 2.75077 2.78907 2.65243 2.23355 1.3107 1.2345 0.962254 1.07532 1.44111 5.53585 6.91411 3.15393 3.0878 4.3235 4.35908 3.25734 3.68603 6.67486 13.6092 18.5897 14.7226 12.6691 14.5759 16.2309 15.7676 17.0594
-9999 -9999 -9999 -9999 -9999 -9999 -9999 -9999 -9999 -9999 -9999 -9999 -9999 -9999 -9999 -9999 -9999 -9999 -9999 -9999 -9999 -9999 -9999 -9999 -9999 -9999 -9999 -9999 -9999 -9999 -9999 -9999 -9999 -9999 -9999 -9999 -9999 -9999 -9999 -9999 -9999 -9999 -9999 -9999 -9999 -9999 0.681143 1.04905 1.77976 1.90635 2.72395 2.41734 1.19803 0.975431 0.907442 1.02596 1.72636 7.71679 10.7757 7.33041 4.0565 4.19009 5.04201 5.62275 6.00182 6.15642 9.67383 13.6678 5.69197 4.107 7.24421 13.2797 12.6039 17.9341
-9999 -9999 -9999 -9999 -9999 -9999 -9999 -9999 -9999 -9999 -9999 -9999 -9999 -9999 -9999 -9999 -9999 -9999 -9999 -9999 -9999 -9999 -9999 -9999 -9999 -9999 -9999 -9999 -9999 -9999 -9999 -9999 -9999 -9999 -9999 -9999 -9999 -9999 -9999 -9999 -9999 -9999 -9999 -9999 -9999 -9999 1.13723 1.98702 2.23605 2.71599 2.77876 2.59153 1.78849 1.47283 1.33465 0.932249 1.54022 4.97673 10.1215 7.47646 5.1864 5.53537 8.96655 9.78809 7.62132 7.90357 8.89663 8.10228 6.75307 6.19453 5.90721 5.48728 7.85795 9.54982
-9999 -9999 -9999 -9999 -9999 -9999 -9999 -9999 -9999 -9999 -9999 -9999 -9999 -9999 -9999 -9999 -9999 -9999 -9999 -9999 -9999 -9999 -9999 -9999 -9999 -9999 -9999 -9999 -9999 -9999 -9999 -9999 -9999 -9999 -9999 -9999 -9999 -9999 -9999 -9999 -9999 -9999 -9999 -9999 -9999 2.56816 1.4606 1.71464 2.37418 2.66452 3.03735 3.87928 3.33742 2.44331 1.59752 1.05791 1.8201 5.42388 8.31986 8.37298 4.20282 6.56001 9.36395 7.27911 10.8642 13.0051 14.7576 16.4462 12.4718 11.6702 8.92276 7.70642 7.44342 5.63571
-9999 -9999 -9999 -9999 -9999 -9999 -9999 -9999 -9999 -9999 -9999 -9999 -9999 -9999 -9999 -9999 -9999 -9999 -9999 -9999 -9999 -9999 -9999 -9999 -9999 -9999 -9999 -9999 -9999 -9999 -9999 -9999 -9999 -9999 -9999 -9999 -9999 -9999 -9999 -9999 -9999 -9999 -9999 -9999 -9999 2.26179 2.73926 1.81759 2.90322 2.64171 2.15175 2.74181 4.72106 3.81641 3.19985 2.02573 1.82587 2.57053 6.39342 10.7607 5.4092 6.09662 7.35885 8.38566 14.4124 16.7627 18.0732 23.941 20.0423 16.3171 13.3373 10.4817 11.4409 8.24444
-9999 -9999 -9999 -9999 -9999 -9999 -9999 -9999 -9999 -9999 -9999 -9999 -9999 -9999 -9999 -9999 -9999 -9999 -9999 -9999 -9999 -9999 -9999 -9999 -9999 -9999 -9999 -9999 -9999 -9999 -9999 -9999 -9999 -9999 -9999 -9999 -9999 -9999 -9999 -9999 -9999 -9999 -9999 -9999 -9999 2.60736 3.65905 3.683 3.00878 3.34747 3.49937 3.38864 3.79465 4.66132 4.4365 2.96299 1.64097 2.32956 4.02267 5.72591 5.60085 6.43185 7.74264 10.1859 15.5515 19.947 24.9479 27.6284 27.4396 25.4016 20.2455 14.2246 12.379 9.84459
-9999 -9999 -9999 -9999 -9999 -9999 -9999 -9999 -9999 -9999 -9999 -9999 -9999 -9999 -9999 -9999 -9999 -9999 -9999 -9999 -9999 -9999 -9999 -9999 -9999 -9999 -9999 -9999 -9999 -9999 -9999 -9999 -9999 -9999 -9999 -9999 -9999 0.647778 1.0989 2.62702 5.93708 5.24593 3.11652 1.20372 1.09158 1.15446 2.8827 3.39498 3.92273 4.19168 3.55478 2.44982 2.03971 3.84356 6.7048 3.63931 1.79227 2.26405 3.35476 4.78859 5.74921 7.36962 11.3708 15.514 19.1817 26.9058 33.2285 44.944 47.917 39.445 29.1127 18.8836 13.3096 9.47079
-9999 -9999 -9999 -9999 -9999 -9999 -9999 -9999 -9999 -9999 -9999 -9999 -9999 -9999 -9999 -9999 -9999 -9999 -9999 -9999 -9999 -9999 -9999 -9999 -9999 -9999 -9999 -9999 -9999 -9999 -9999 -9999 -9999 -9999 -9999 -9999 0.922756 1.09029 1.78909 3.35193 6.02476 5.8867 4.62818 2.30049 2.23048 3.57813 3.90434 3.99002 3.55369 3.7481 4.02267 3.84985 2.49693 2.92195 5.63558 6.24981 3.05149 2.39813 2.90839 4.7729 6.13807 12.7379 21.3043 22.3249 24.3927 28.3196 38.9223 50.4589 46.6449 47.6845 32.2149 19.6825 15.6132 9.69458
-9999 -9999 -9999 -9999 -9999 -9999 -9999 -9999 -9999 -9999 -9999 -9999 -9999 -9999 -9999 -9999 -9999 -9999 -9999 -9999 -9999 -9999 -9999 -9999 -9999 -9999 -9999 -9999 -9999 -9999 -9999 -9999 -9999 -9999 -9999 2.8176 2.2353 2.51887 4.30419 6.24457 6.56213 6.95039 7.68285 5.99601 6.44363 6.73559 6.83345 6.27066 3.68789 3.31995 3.10343 3.85731 3.23821 2.5092 3.73064 6.50882 6.68901 4.40186 4.24642 4.89659 6.65479 17.3382 22.8782 22.5947 20.718 26.3505 37.1097 49.4142 50.0765 42.8662 27.7787 20.198 15.4125 9.94703
-9999 -9999 -9999 -9999 -9999 -9999 -9999 -9999 -9999 -9999 -9999 -9999 -9999 -9999 -9999 -9999 -9999 -9999 -9999 -9999 -9999 -9999 -9999 -9999 -9999 -9999 -9999 -9999 -9999 -9999 -9999 -9999 -9999 -9999 -9999 3.87078 4.26075 6.92289 7.78453 12.1852 7.25624 5.13543 8.90882 11.0409 7.74876 7.44701 5.26575 7.70303 5.1381 3.98307 3.66994 6.49009 3.92231 2.72764 2.13162 5.01268 6.90596 5.56291 5.65369 5.32725 5.80857 12.7986 22.0248 27.5622 29.6306 33.4212 36.3154 46.2608 39.8811 31.954 24.0914 18.238 14.0726 10.1133
-9999 -9999 -9999 -9999 -9999 -9999 -9999 -9999 -9999 -9999 -9999 -9999 -9999 -9999 -9999 -9999 -9999 -9999 -9999 -9999 -9999 -9999 -9999 -9999 -9999 -9999 -9999 -9999 -9999 -9999 -9999 -9999 2.90998 13.2425 14.8758 13.905 11.3356 11.1815 13.2844 10.9178 10.2187 6.96189 7.76361 9.84592 12.9253 13.8215 7.37957 7.11152 5.6938 5.64053 11.1041 9.56485 10.8029 8.91863 4.00369 3.95791 3.58382 4.08001 5.15151 5.45937 4.7214 5.34969 9.08427 16.6862 19.6871 24.4721 26.2461 25.2073 26.0469 21.5483 18.6839 14.6992 11.8331 8.51732
-9999 -9999 -9999 -9999 -9999 -9999 -9999 -9999 -9999 -9999 -9999 -9999 -9999 -9999 -9999 -9999 -9999 -9999 -9999 -9999 0.35349 0.831146 1.28235 1.53485 -9999 -9999 -9999 -9999 -9999 -9999 -9999 -9999 5.23693 16.2477 26.1842 25.4267 16.6085 15.0094 12.9485 13.0064 15.0855 14.3995 13.0689 11.6608 14.7262 14.0502 7.41489 7.06659 4.92179 6.98504 10.793 11.9984 9.89141 11.3104 7.33715 4.69485 4.46103 4.06147 4.56853 5.16563 4.14374 4.22028 5.77649 6.65943 9.76042 17.1815 19.5914 18.0214 17.8677 16.038 13.7722 12.3693 10.0951 7.68534
-9999 -9999 -9999 -9999 -9999 -9999 -9999 -9999 -9999 -9999 -9999 -9999 -9999 -9999 -9999 -9999 -9999 -9999 -9999 -9999 0.562436 2.23104 3.24746 4.49554 -9999 -9999 -9999 -9999 5.95116 5.37177 7.02595 13.5117 14.5779 20.5003 26.1516 27.4338 22.9116 19.2937 17.5032 14.2547 12.5057 14.3524 13.8022 14.448 10.9592 11.0927 8.46478 8.11721 8.32701 8.52915 12.6807 11.7871 10.8021 13.0042 12.9179 8.74519 6.8817 5.22781 5.33684 6.393 4.02909 4.48056 5.24921 5.70513 7.11257 11.2158 11.4236 12.0603 13.2987 15.0094 18.4536 17.651 10.4665 7.34129
-9999 -9999 -9999 -9999 -9999 -9999 -9999 -9999 -9999 -9999 -9999 -9999 -9999 -9999 -9999 -9999 -9999 -9999 -9999 0.435896 1.30988 4.62038 5.01256 7.29393 6.26404 8.80696 -9999 -9999 4.85882 5.34992 8.38811 15.5822 18.6711 22.2598 18.619 20.1854 20.6485 19.9388 20.0692 17.2317 7.44751 9.93223 10.9687 12.9674 11.9613 11.6581 11.8976 11.5216 13.6245 13.1533 12.6463 8.00644 10.9478 14.0547 15.924 12.8335 7.39222 6.95302 6.46708 7.88662 6.57662 8.81122 5.983 4.46648 5.62339 6.44775 7.64956 8.74185 9.31849 9.2395 10.5721 11.9588 7.67614 6.47059
-9999 -9999 -9999 -9999 -9999 -9999 -9999 -9999 -9999 -9999 -9999 -9999 -9999 -9999 -9999 -9999 1.41414 1.66029 1.60518 5.41989 9.87581 6.91405 6.58375 8.86584 9.16967 10.1315 10.2705 11.1139 8.5233 7.62246 10.0148 8.60058 8.76225 14.6349 23.2513 20.0433 14.1326 15.8574 18.7205 24.3611 16.9673 17.5209 13.1736 13.4442 15.9307 17.1045 17.4429 14.5138 19.0699 18.518 15.1436 13.3163 13.0859 6.54966 6.66803 10.7105 9.81098 6.00398 4.45856 4.74467 5.53909 4.15249 3.15078 3.26893 4.49335 5.32613 6.72247 7.08542 6.95081 6.87241 6.87695 6.28999 5.70601 5.24571
-9999 -9999 -9999 -9999 -9999 -9999 -9999 -9999 -9999 -9999 -9999 -9999 -9999 -9999 0.644806 0.524347 1.9221 5.98782 8.40191 15.1904 14.8999 10.1339 10.489 9.31096 8.10102 5.61408 6.59588 4.88078 11.3466 10.1612 6.92312 5.81044 6.04716 10.3525 19.5485 16.9388 19.4759 19.6737 25.9065 27.7882 15.6144 21.9953 26.1942 23.7761 21.1581 16.1219 20.7786 23.7937 22.0702 22.4618 19.5177 18.4976 16.927 11.7774 8.41492 9.84319 9.93109 7.41145 5.43998 6.64489 5.87988 4.13245 4.76712 7.12533 8.62468 4.40091 3.9431 5.85758 6.99475 6.0043 6.16228 5.31437 4.94243 4.95571
-9999 -9999 -9999 -9999 -9999 -9999 -9999 -9999 -9999 -9999 -9999 -9999 -9999 0.529216 0.650397 0.714666 2.36607 8.79401 16.6369 19.5493 18.1521 14.9298 9.66248 13.7745 12.8859 7.28172 6.88425 3.73202 6.51196 9.75082 7.37787 6.76922 6.07195 7.67573 11.2362 14.9794 19.4622 30.8665 37.4471 37.9567 20.4683 22.1362 28.6374 28.9049 26.3879 16.6292 19.8462 23.4055 24.3138 25.2484 22.3448 24.7782 20.5911 15.3689 12.2663 10.6269 6.95442 8.27242 7.41493 11.2494 8.55588 7.79868 12.2194 13.6236 12.2145 11.307 8.08342 8.7313 9.76928 5.43465 5.1135 4.92307 2.76806 4.52071
-9999 -9999 -9999 -9999 -9999 -9999 -9999 -9999 -9999 -9999 -9999 -9999 -9999 0.721123 1.40133 3.15697 4.89429 15.6037 25.1944 31.2384 21.6601 14.9377 11.8697 14.7695 12.6318 10.3241 7.70529 6.47961 5.47813 7.58861 5.90823 6.11015 6.0674 6.35704 8.85987 13.6041 20.9403 37.4778 38.0532 37.1331 27.4342 19.0784 17.1576 25.5698 18.946 11.1918 15.5958 19.5906 21.5289 23.5056 23.7868 24.1849 21.8732 14.7346 10.6122 8.83384 8.65949 10.2563 8.5675 14.1406 16.7196 14.9433 16.6255 14.3982 13.8808 13.0385 13.3047 14.7684 13.6045 7.77357 6.12152 6.17019 2.1185 1.66191
-9999 -9999 -9999 -9999 -9999 -9999 -9999 -9999 -9999 -9999 -9999 -9999 0.386182 1.07883 5.68488 11.9338 9.67954 14.7437 26.3151 22.0441 20.8666 21.2264 19.591 20.2882 17.0894 14.6295 10.0853 10.3436 10.7512 9.1699 8.30159 6.67068 5.99099 5.97747 8.55183 12.6428 19.9743 30.7004 37.5508 35.5488 24.9478 39.3687 37.6945 20.4169 9.23841 5.60294 10.0634 17.3131 16.1233 13.5791 15.715 13.8289 18.576 13.5367 9.39591 9.25996 10.5805 12.0113 13.6575 15.1822 16.4795 18.2081 16.4552 15.4068 19.363 14.7303 9.64274 13.065 16.7334 12.2381 7.16866 7.29026 2.89574 1.26889
-9999 -9999 -9999 -9999 -9999 -9999 -9999 -9999 -9999 -9999 -9999 -9999 0.7481 3.43909 10.2839 15.8923 17.7709 17.4325 23.9928 21.0785 12.7542 15.161 19.1163 21.794 23.3441 18.9229 17.0751 11.6063 7.6628 9.33631 8.08538 6.64337 4.97729 5.93425 8.07828 9.91057 15.811 21.8822 25 26.1403 27.9877 39.7225 32.0685 15.4531 5.3021 2.49185 5.39601 15.5544 19.8838 17.2306 18.9321 15.3562 17.7492 11.4628 7.75777 11.5707 13.693 15.4734 18.081 19.6992 16.9995 18.057 17.7445 20.0164 25.8155 18.2238 17.9526 20.063 17.2669 16.4045 9.59902 6.08271 4.58577 1.38265
-9999 -9999 -9999 -9999 -9999 -9999 -9999 -9999 -9999 -9999 -9999 -9999 1.6418 7.61898 11.7014 18.1658 23.4629 19.5046 21.2144 19.0658 6.32935 2.97106 5.62909 18.2004 19.1201 11.9644 11.7999 11.559 5.29025 6.68939 6.87814 6.38628 4.88881 5.60804 6.87506 9.19073 12.2508 14.595 14.984 17.2935 19.2498 19.5144 17.0477 11.5902 6.51142 4.06927 5.61477 10.6541 15.3815 18.6391 15.5334 14.5839 12.5657 12.973 8.24553 15.0678 16.9618 19.0078 20.4553 19.9816 18.843 16.0072 19.8225 30.0775 25.855 21.3704 20.1041 21.6531 15.7469 18.0896 15.711 8.38574 4.14199 1.4597
-9999 -9999 -9999 -9999 -9999 -9999 -9999 -9999 -9999 -9999 5.13448 4.99119 2.53312 6.93152 10.3718 20.5699 15.0558 14.6634 17.5568 20.9653 20.3645 12.604 8.10632 12.0812 12.3096 9.75253 9.62385 11.1873 4.39776 4.03523 6.40412 6.96227 4.10896 3.95574 5.46368 11.572 8.58793 11.3516 9.41181 10.5733 17.8333 20.5521 16.5404 12.1791 11.3617 6.4334 5.4031 8.35523 14.0878 22.7034 18.8311 20.0685 10.1109 8.45178 6.54594 11.1227 12.0605 15.9345 18.116 18.5172 19.3826 18.4306 23.4408 22.5241 24.7663 19.06 18.6514 19.5318 21.563 17.976 13.3894 8.58367 2.10667 1.22209
-9999 -9999 -9999 -9999 -9999 -9999 -9999 -9999 -9999 1.11046 4.49171 5.80752 4.63309 6.36264 13.7031 15.4593 16.6832 12.4805 11.0408 14.2934 16.2808 11.916 8.82771 10.8011 12.0802 10.7283 8.38449 5.70384 6.48097 11.1951 16.6447 15.2295 10.3921 9.2021 6.78491 8.02771 8.47871 6.50038 4.07752 6.51057 8.55866 10.9409 10.4934 11.5947 7.2262 3.27874 3.10542 5.5834 11.464 20.1691 24.4904 19.1294 7.91201 5.33018 3.47519 2.38913 4.98755 6.62621 15.7991 16.2452 9.5486 13.3262 22.9241 18.6344 15.66 15.3714 22.2253 27.4962 22.2066 15.0548 14.9789 6.95887 -9999 -9999
-9999 -9999 -9999 -9999 -9999 -9999 -9999 -9999 1.48629 1.22702 2.2875 3.57441 5.82572 12.342 11.5552 8.69144 10.0782 11.1481 12.608 17.7069 22.2119 17.7851 14.6892 15.1274 19.5115 15.3538 11.0673 11.9073 16.5743 18.3123 13.6319 10.8118 12.1816 10.0997 5.55742 4.37901 7.92342 8.70737 7.57245 10.9087 8.03972 10.9764 5.09485 2.32765 1.82237 1.61408 2.52141 6.02477 11.098 11.6079 14.4743 12.5086 8.61639 5.4155 3.38957 1.1805 3.89326 4.13556 9.6529 16.1029 15.5665 15.6691 18.8339 17.1191 14.0644 12.4362 22.2362 20.7048 18.7128 13.8561 14.6669 9.03121 -9999 -9999
