public/models/data/input/map/sulut/1000/mapslope.asc
NCOLS 248
NROWS 182
XLLCORNER 510063.019283
YLLCORNER 211117.685435
CELLSIZE 1000.000000
NODATA_VALUE       -9999
[rows 99 to 131 of 182, columns 0 to 73 of 248]
-9999 -9999 -9999 -9999 -9999 -9999 -9999 -9999 -9999 -9999 -9999 -9999 -9999 -9999 -9999 -9999 -9999 -9999 -9999 -9999 -9999 -9999 -9999 -9999 -9999 -9999 -9999 -9999 -9999 -9999 -9999 -9999 -9999 -9999 -9999 -9999 -9999 -9999 -9999 -9999 -9999 -9999 -9999 -9999 -9999 -9999 -9999 -9999 -9999 -9999 -9999 -9999 -9999 -9999 -9999 -9999 -9999 -9999 -9999 -9999 -9999 -9999 -9999 -9999 -9999 -9999 -9999 -9999 -9999 -9999 -9999 -9999 -9999 -9999
-9999 -9999 -9999 -9999 -9999 -9999 -9999 -9999 -9999 -9999 -9999 -9999 -9999 -9999 -9999 -9999 -9999 -9999 -9999 -9999 -9999 -9999 -9999 -9999 -9999 -9999 -9999 -9999 -9999 -9999 -9999 -9999 -9999 -9999 -9999 -9999 -9999 -9999 -9999 -9999 -9999 -9999 -9999 -9999 -9999 -9999 -9999 -9999 -9999 -9999 -9999 -9999 -9999 -9999 -9999 -9999 -9999 -9999 -9999 -9999 -9999 -9999 -9999 -9999 -9999 -9999 -9999 -9999 -9999 -9999 -9999 -9999 -9999 -9999
-9999 -9999 -9999 -9999 -9999 -9999 -9999 -9999 -9999 -9999 -9999 -9999 -9999 -9999 -9999 -9999 -9999 -9999 -9999 -9999 -9999 -9999 -9999 -9999 -9999 -9999 -9999 -9999 -9999 -9999 -9999 -9999 -9999 -9999 -9999 -9999 -9999 -9999 -9999 -9999 -9999 -9999 -9999 -9999 -9999 -9999 -9999 -9999 -9999 -9999 -9999 -9999 -9999 -9999 -9999 -9999 -9999 -9999 -9999 -9999 -9999 -9999 -9999 -9999 -9999 -9999 -9999 -9999 -9999 -9999 -9999 -9999 -9999 -9999
-9999 -9999 -9999 -9999 -9999 -9999 -9999 -9999 -9999 -9999 -9999 -9999 -9999 -9999 -9999 -9999 -9999 -9999 -9999 -9999 -9999 -9999 -9999 -9999 -9999 -9999 -9999 -9999 -9999 -9999 -9999 -9999 -9999 -9999 -9999 -9999 -9999 -9999 -9999 -9999 -9999 -9999 -9999 -9999 -9999 -9999 -9999 -9999 -9999 -9999 -9999 -9999 -9999 -9999 -9999 -9999 -9999 -9999 -9999 -9999 -9999 -9999 -9999 -9999 -9999 -9999 -9999 -9999 -9999 -9999 -9999 -9999 -9999 -9999
-9999 -9999 -9999 -9999 -9999 -9999 -9999 -9999 -9999 -9999 -9999 -9999 -9999 -9999 -9999 -9999 -9999 -9999 -9999 -9999 -9999 -9999 -9999 -9999 -9999 -9999 -9999 -9999 -9999 -9999 -9999 -9999 -9999 -9999 -9999 -9999 -9999 -9999 -9999 -9999 -9999 -9999 -9999 -9999 -9999 -9999 -9999 -9999 -9999 -9999 -9999 -9999 -9999 -9999 -9999 -9999 -9999 -9999 -9999 -9999 -9999 -9999 -9999 -9999 -9999 -9999 -9999 -9999 -9999 -9999 -9999 -9999 -9999 -9999
-9999 -9999 -9999 -9999 -9999 -9999 -9999 -9999 1.47165 4.4857 7.84907 7.91953 -9999 -9999 -9999 -9999 2.3593 2.89557 2.80591 -9999 -9999 -9999 -9999 -9999 -9999 -9999 -9999 -9999 -9999 -9999 -9999 -9999 -9999 -9999 -9999 -9999 -9999 -9999 -9999 -9999 -9999 -9999 -9999 -9999 -9999 -9999 -9999 -9999 -9999 -9999 -9999 -9999 -9999 -9999 -9999 -9999 -9999 -9999 -9999 -9999 -9999 -9999 -9999 -9999 -9999 -9999 -9999 -9999 -9999 -9999 -9999 -9999 -9999 -9999
-9999 -9999 -9999 -9999 -9999 -9999 -9999 -9999 1.6285 5.21357 9.75813 9.53567 -9999 1.58988 5.6759 13.9904 1.73719 3.14068 2.53315 1.52837 -9999 -9999 -9999 -9999 -9999 -9999 -9999 -9999 -9999 -9999 -9999 -9999 -9999 -9999 -9999 -9999 -9999 -9999 -9999 -9999 -9999 -9999 -9999 -9999 -9999 -9999 -9999 -9999 -9999 -9999 -9999 -9999 -9999 -9999 -9999 -9999 -9999 -9999 -9999 -9999 -9999 -9999 -9999 -9999 -9999 -9999 -9999 -9999 -9999 -9999 -9999 -9999 -9999 -9999
-9999 -9999 -9999 -9999 -9999 -9999 -9999 -9999 3.4581 8.82695 12.3951 10.7333 16.4943 12.5249 13.5662 18.8147 5.36748 3.82305 4.10474 3.50077 -9999 -9999 -9999 -9999 -9999 -9999 -9999 -9999 -9999 -9999 -9999 -9999 -9999 -9999 -9999 -9999 -9999 -9999 -9999 -9999 -9999 -9999 -9999 -9999 -9999 -9999 -9999 -9999 -9999 -9999 -9999 -9999 -9999 -9999 -9999 -9999 -9999 -9999 -9999 -9999 -9999 -9999 -9999 -9999 -9999 -9999 -9999 -9999 -9999 -9999 -9999 -9999 -9999 -9999
-9999 -9999 -9999 -9999 -9999 -9999 -9999 -9999 5.18503 7.7597 12.0755 12.0461 24.6038 23.3547 29.0796 31.3778 18.2511 8.3486 6.00089 4.02018 -9999 -9999 -9999 -9999 -9999 -9999 -9999 -9999 -9999 -9999 -9999 -9999 -9999 -9999 -9999 -9999 -9999 -9999 -9999 -9999 -9999 -9999 -9999 -9999 -9999 -9999 -9999 -9999 -9999 -9999 -9999 -9999 -9999 -9999 -9999 -9999 -9999 -9999 -9999 -9999 -9999 -9999 -9999 -9999 -9999 -9999 -9999 -9999 -9999 -9999 -9999 -9999 -9999 -9999
-9999 -9999 0.710002 0.464492 0.561117 0.38362 0.472215 0.617644 -9999 -9999 5.87045 6.90566 17.1558 25.8659 27.384 38.3919 16.1629 7.59019 3.00031 0.660374 0.566658 -9999 -9999 -9999 -9999 -9999 -9999 4.3213 2.66378 2.66378 -9999 -9999 -9999 2.43772 1.87514 1.50009 -9999 -9999 -9999 -9999 -9999 -9999 -9999 -9999 -9999 -9999 -9999 -9999 -9999 -9999 -9999 -9999 -9999 -9999 -9999 -9999 -9999 -9999 -9999 -9999 -9999 -9999 -9999 -9999 -9999 -9999 -9999 -9999 -9999 -9999 -9999 -9999 -9999 -9999
-9999 -9999 0.588915 0.628011 0.837608 1.39464 1.06387 0.953784 -9999 -9999 0.943257 4.06225 10.7566 20.6493 26.3142 33.0587 13.8535 4.49713 0.755231 0.764078 0.65421 1.00515 0.942745 1.01365 0.798881 1.24813 2.67356 4.93978 2.00604 2.91156 7.5348 10.0219 7.43722 3.18193 3.53631 5.56042 -9999 -9999 -9999 -9999 -9999 -9999 -9999 -9999 -9999 -9999 -9999 -9999 -9999 -9999 -9999 -9999 -9999 -9999 -9999 -9999 -9999 -9999 -9999 -9999 -9999 -9999 -9999 -9999 -9999 -9999 -9999 -9999 -9999 -9999 -9999 -9999 -9999 -9999
-9999 -9999 0.388136 0.773338 3.37985 7.00056 5.90431 3.33932 3.263 2.75594 2.49797 1.73498 5.71605 11.8405 19.8834 25.0414 13.9871 2.82248 1.02865 0.76892 1.26791 1.95565 1.37973 0.978404 0.839797 1.82829 3.76893 6.05869 1.86053 4.55495 11.4026 15.9611 11.0067 2.98497 6.85143 7.10389 4.54017 5.35754 5.93969 18.7519 18.1125 -9999 -9999 -9999 -9999 -9999 -9999 -9999 -9999 -9999 -9999 -9999 -9999 0.685438 0.714552 0.447225 0.333308 0.353993 0.304917 -9999 -9999 -9999 -9999 -9999 -9999 -9999 -9999 -9999 -9999 -9999 -9999 -9999 -9999 -9999
-9999 -9999 0.361892 0.92178 5.57926 8.59796 12.2042 17.4413 7.45112 4.39508 7.66243 6.56301 2.98775 5.85355 12.2107 18.0212 15.1891 2.882 1.18161 3.80613 6.53342 3.32002 2.45695 7.55486 3.16977 5.0077 8.48129 5.64096 4.82747 4.05955 9.93964 14.5895 10.7487 1.989 3.22074 2.99249 4.30522 5.93262 10.2628 18.6861 11.6753 0.546496 0.717877 -9999 -9999 -9999 -9999 -9999 -9999 -9999 -9999 -9999 0.435777 0.493999 0.601555 0.548755 0.359201 0.279784 0.292484 0.477267 -9999 -9999 -9999 -9999 -9999 -9999 -9999 -9999 -9999 -9999 -9999 -9999 -9999 -9999
-9999 -9999 -9999 0.371214 1.90789 8.55363 14.9606 19.167 19.7895 9.82639 9.7412 13.0437 14.7319 9.94868 8.33292 12.065 17.5384 9.63177 4.11626 2.34656 2.09149 2.23924 4.38538 5.49667 3.78907 4.59023 9.3408 7.24825 7.84805 5.84408 4.96036 5.19543 6.3538 7.14517 8.45769 3.80365 3.91402 4.48949 8.52472 12.2268 0.866315 0.578603 0.48825 0.961374 1.63892 1.36411 1.51329 1.40573 4.39634 10.496 2.36638 0.297102 0.72336 0.516957 0.503898 0.640829 0.451004 0.449486 0.478363 0.426508 0.47469 0.757658 0.976208 4.55083 10.1229 -9999 -9999 -9999 -9999 -9999 -9999 -9999 -9999 -9999
-9999 -9999 -9999 -9999 1.38958 6.22998 10.3286 14.7221 12.4514 12.8339 13.9569 11.3472 15.9738 17.1711 16.2283 15.8378 19.8254 16.3126 12.3976 6.64862 5.93118 7.60901 9.13134 7.54959 3.88336 1.11687 6.55993 10.5479 6.6176 5.88574 5.04524 3.67293 5.72179 10.4992 10.4197 8.919 8.52526 7.2183 9.82879 10.3391 2.38473 3.48563 1.84338 4.3169 4.51993 1.83374 2.23037 4.05928 3.25182 3.95401 1.03181 0.656088 0.382749 0.373685 0.599079 0.53118 0.641738 0.485774 0.399567 0.577703 0.52632 1.52109 6.54607 9.99514 12.6507 24.5782 12.8436 7.56796 3.19912 3.65687 2.76725 -9999 -9999 -9999
-9999 -9999 -9999 -9999 -9999 4.60346 4.40155 13.9962 8.00973 15.9624 19.0226 14.088 11.8142 25.5045 26.4394 21.4676 28.9787 24.1487 17.1401 9.06192 16.8547 23.2816 26.6061 23.981 14.6141 8.33415 5.94967 9.30442 9.86989 5.73368 4.33889 9.51467 13.6321 14.5333 13.3594 12.0481 12.8234 14.036 14.1945 14.2521 11.0797 17.3964 8.89138 11.2482 10.4733 4.00531 5.18694 11.2572 6.65525 1.47798 4.83934 5.6658 3.30905 1.11871 1.79899 0.638884 0.838487 0.779543 0.478458 0.967328 2.54809 11.2926 25.0948 24.8704 13.0173 24.6476 17.3366 9.49851 4.38984 6.04744 5.76972 1.62315 -9999 -9999
-9999 -9999 -9999 -9999 -9999 -9999 -9999 -9999 12.616 25.173 24.1355 16.178 14.0312 21.2231 22.5845 25.0335 27.055 29.3175 28.9963 13.6866 14.0579 23.1389 23.7458 24.9413 19.3795 13.7182 7.94255 11.3428 10.943 11.1374 8.71024 14.0869 22.7048 24.6819 21.9041 14.974 12.6321 15.8246 14.1167 14.1763 17.3918 23.6883 15.472 13.8389 11.3546 5.67333 6.42565 13.8832 18.6897 6.16875 9.09746 11.6105 8.69406 2.33786 2.17497 0.699871 1.11782 2.42252 3.32167 2.35556 5.64082 20.9292 23.7723 24.0942 11.6978 16.688 18.7212 16.4211 5.16762 9.46499 8.25005 4.66359 -9999 -9999
-9999 -9999 -9999 -9999 -9999 -9999 -9999 -9999 -9999 -9999 -9999 -9999 6.80328 11.6166 17.9851 19.299 32.4864 26.4616 27.9827 26.58 23.8734 32.5442 31.8998 35.1506 29.5214 17.7137 11.5052 10.53 11.3599 11.0981 14.1769 12.6342 23.8521 22.5216 24.2335 26.7446 22.3153 21.4111 17.6438 10.2077 12.5124 13.7797 14.0482 13.072 16.8486 18.198 15.0417 14.87 19.0447 17.8007 10.4497 13.2151 4.6318 5.31586 7.57775 6.08928 3.31883 3.2234 4.38749 5.96141 10.4212 21.5375 25.0306 16.7204 8.26432 14.1907 17.7388 17.8719 18.1161 13.2046 8.89865 7.27161 3.05244 2.57415
-9999 -9999 -9999 -9999 -9999 -9999 -9999 -9999 -9999 -9999 -9999 -9999 -9999 4.2826 6.99002 12.3512 20.2499 24.1719 24.712 28.9291 27.4111 28.9392 29.0546 29.1919 35.2719 26.8756 12.5006 11.1128 17.6252 14.1178 16.9123 19.4183 20.7668 20.9791 23.4922 31.0191 28.118 25.7288 16.2192 7.82512 11.3395 15.6599 12.7904 8.8919 15.5177 21.0479 21.4926 12.2358 12.4827 14.5708 11.478 9.4202 4.62034 14.87 14.6229 11.464 11.7196 7.58742 3.19933 6.10012 13.8417 13.8208 17.2732 11.3781 17.7369 30.9729 31.8617 30.0711 24.3424 29.8198 23.39 10.2096 3.48545 1.11741
-9999 -9999 -9999 -9999 -9999 -9999 -9999 -9999 -9999 -9999 -9999 -9999 -9999 -9999 -9999 7.28308 18.6399 15.0406 20.7597 26.0298 26.8453 27.7873 26.6656 21.1786 26.8458 31.3861 18.7468 6.59648 16.1016 16.3712 21.0548 30.1183 22.9178 20.0795 20.838 28.9382 28.786 30.7285 21.6783 9.56363 11.4665 15.528 9.37522 9.39624 25.4894 27.1541 20.4183 15.2372 12.515 11.2818 13.8906 14.0794 5.98208 9.76304 16.4144 14.2297 16.8249 10.7363 5.7748 3.87543 7.67538 14.7225 18.7172 20.4395 19.8695 34.2111 28.9436 27.441 28.2075 32.2632 38.5922 21.281 10.663 6.92991
-9999 -9999 -9999 -9999 -9999 -9999 -9999 -9999 -9999 -9999 -9999 -9999 -9999 -9999 -9999 6.30583 14.9098 11.4027 14.2911 27.9422 24.8912 24.5519 24.8069 28.3969 29.5473 30.1738 19.612 7.11266 11.0678 19.6246 22.1128 25.1463 19.5497 18.6023 20.8754 19.7005 25.794 30.8933 23.6591 16.0558 9.89564 6.17545 7.13397 13.7477 30.867 32.8777 31.9861 22.392 15.8576 15.1096 15.5561 19.4435 10.0734 9.37029 12.5782 11.5595 15.3304 11.0723 12.98 14.7677 2.33313 12.6205 26.0729 23.6665 18.4273 23.2899 32.0802 34.3859 32.5531 26.31 37.4981 40.3438 28.9014 15.8685
-9999 -9999 -9999 -9999 -9999 -9999 -9999 -9999 -9999 -9999 -9999 -9999 -9999 -9999 -9999 -9999 -9999 11.8759 14.4226 22.0273 31.9913 27.3414 25.5004 25.9855 31.9159 27.0896 15.73 21.3562 11.0809 17.0749 20.6684 9.56354 13.4472 16.7314 23.7537 24.8667 23.1283 19.9819 16.3603 14.3167 19.7453 19.5136 9.88 15.3209 24.9094 30.4125 29.4547 36.1838 20.1183 21.08 17.2 11.9669 18.2088 20.2983 14.0844 13.4838 21.9282 22.3667 13.4726 11.8088 8.21313 7.79247 9.02294 24.2333 29.6658 22.361 29.4739 33.4535 36.3598 23.5741 26.1229 38.2657 44.0196 33.7734
-9999 -9999 -9999 -9999 -9999 -9999 -9999 -9999 -9999 -9999 -9999 -9999 -9999 -9999 -9999 -9999 -9999 -9999 19.2218 22.4696 20.5181 21.5048 25.7031 28.6593 27.2909 28.5595 18.5972 16.6139 12.9666 16.8513 17.3023 9.9393 9.08509 13.2345 18.3557 16.7952 12.947 16.1213 24.7952 20.651 24.52 26.8479 16.286 13.9981 20.16 27.6601 27.0783 30.8502 26.2061 19.0015 22.846 20.5755 18.9048 20.7825 16.3433 12.5998 16.3183 22.2471 21.1731 17.3393 10.9382 10.0646 16.0842 22.3694 24.5849 19.912 23.7002 39.0393 38.8234 15.5179 10.4284 13.6631 31.4987 41.2017
-9999 -9999 -9999 -9999 -9999 -9999 -9999 -9999 -9999 -9999 -9999 -9999 -9999 -9999 -9999 -9999 -9999 -9999 -9999 13.6637 14.8036 17.3 17.7614 19.0697 26.444 33.2942 22.9308 16.6287 15.2754 19.4228 16.3795 10.6315 11.7708 18.0063 23.6383 21.6898 13.8361 14.9765 20.098 25.7384 28.6218 27.032 21.9626 12.4868 12.317 18.101 25.2766 24.0192 24.0808 26.5844 21.202 24.4157 22.7819 17.7792 17.3638 17.4696 18.8465 24.9851 24.8516 23.9441 16.2013 14.2936 19.8396 21.436 16.4149 18.8476 20.4411 37.2513 34.3751 14.2063 9.78232 8.37048 7.22159 13.3891
-9999 -9999 -9999 -9999 -9999 -9999 -9999 -9999 -9999 -9999 -9999 -9999 -9999 -9999 -9999 -9999 -9999 -9999 -9999 9.3138 20.8062 21.7412 20.186 19.2074 26.5366 30.1269 21.8166 17.3866 15.8867 17.9901 18.9935 11.6289 12.4591 22.3395 22.8562 25.0498 17.235 17.1595 20.5536 27.5134 24.9735 26.0559 20.7702 12.7847 12.5772 11.3404 16.5805 22.5972 25.6186 30.9909 32.5318 29.5197 17.2163 11.1534 11.1179 18.0008 16.6574 22.9558 24.3447 25.727 28.0803 16.7908 23.9088 18.6155 16.6232 21.71 19.5738 27.5095 35.2842 30.4288 13.4278 8.26073 4.79322 8.81829
-9999 -9999 -9999 -9999 -9999 -9999 -9999 -9999 -9999 -9999 -9999 -9999 -9999 -9999 -9999 -9999 -9999 -9999 -9999 10.2406 35.8812 32.0329 29.4083 28.8524 24.795 24.7513 33.4019 26.6086 23.7911 20.5863 11.2116 7.3715 10.7913 19.1312 23.8742 21.5546 17.9645 19.2406 23.6938 28.5687 24.6411 25.755 20.7686 9.06825 8.49379 8.27682 9.89042 13.527 15.6483 19.709 24.9779 24.0117 16.3919 18.3177 20.6989 29.1263 22.6186 18.1429 18.9736 30.4177 28.3654 24.4826 28.4744 29.9612 25.3716 18.8079 14.9474 30.6735 29.7513 30.3083 15.7436 8.27487 11.3326 12.0155
-9999 -9999 -9999 -9999 -9999 -9999 -9999 -9999 -9999 -9999 -9999 -9999 -9999 -9999 -9999 -9999 -9999 -9999 17.7137 20.2492 38.3321 36.6694 33.8071 29.6566 29.3578 25.4393 22.6895 25.8126 33.2544 29.2319 21.2547 17.0626 10.9237 12.1503 14.8765 18.1069 16.2119 19.4587 24.8872 31.2525 24.2498 25.1054 23.5571 11.702 7.7856 8.48369 16.9112 14.6758 14.5686 16.7313 22.6581 23.2175 23.2245 22.5076 19.7825 23.8654 25.4467 17.3609 13.0427 18.25 28.7925 28.807 31.2753 31.3524 38.044 23.7511 19.0566 23.0506 30.1235 34.5507 12.9409 8.28105 12.159 9.42744
-9999 -9999 -9999 -9999 -9999 -9999 -9999 -9999 -9999 -9999 -9999 -9999 -9999 -9999 -9999 -9999 -9999 42.1737 35.5206 42.2863 42.4361 33.7377 28.7532 24.2608 24.7671 26.1825 25.1836 21.7675 31.498 32.8536 19.6108 13.005 12.8594 11.0772 9.49455 10.9017 11.0205 20.3623 20.8094 30.4564 29.6369 22.9495 24.3809 22.1933 11.1409 8.58522 10.636 12.9431 13.9079 19.9284 22.6854 21.5906 24.9833 23.4371 19.4327 15.7479 15.7314 21.1495 17.449 21.2717 19.9549 27.6537 27.6625 29.175 31.9102 22.4845 17.9408 22.3564 30.2588 38.1884 22.5342 20.0533 14.3509 13.1037
-9999 -9999 -9999 -9999 -9999 -9999 -9999 -9999 -9999 -9999 -9999 -9999 -9999 -9999 -9999 -9999 -9999 52.9914 50.6299 34.9023 38.6812 33.7759 22.9004 17.3649 18.2719 21.885 20.2993 16.2893 20.4348 22.6908 12.9928 8.1047 9.18381 13.8759 13.6413 10.2332 10.5677 14.2986 15.2926 24.8102 21.4008 26.7016 22.1056 28.2418 23.0472 9.3988 8.43135 8.56175 10.8312 19.2698 17.4893 26.2071 18.7932 24.9676 20.6506 14.5904 19.263 19.0045 17.7199 18.4018 17.2406 16.9089 21.9863 30.1592 26.9136 26.4067 20.3534 18.7928 29.6249 31.7059 23.3685 27.0022 25.8903 17.3352
-9999 -9999 -9999 -9999 -9999 -9999 -9999 -9999 -9999 -9999 -9999 -9999 -9999 -9999 -9999 -9999 8.96439 25.8757 51.6172 34.3535 38.9349 41.5928 27.618 19.7808 16.098 11.615 13.1028 16.9818 18.3124 19.6488 15.3411 16.3341 16.5565 19.8737 34.6284 37.384 29.5408 23.3213 18.9998 15.3538 15.7802 18.9493 23.8454 25.3483 26.3597 20.3426 13.5218 6.26126 6.9857 11.6088 14.2216 19.6051 20.6043 17.3086 21.4679 17.5905 23.3538 22.9841 25.3566 25.9296 19.4471 13.9991 11.185 7.40583 13.6995 30.7007 27.3774 24.4623 22.11 24.7499 25.9856 26.1708 20.2752 16.6376
-9999 -9999 -9999 -9999 -9999 -9999 -9999 -9999 -9999 -9999 -9999 -9999 -9999 -9999 -9999 -9999 21.0199 29.9029 39.7436 37.9199 41.2239 37.8701 24.8156 25.3756 25.2851 19.1918 19.5449 20.6676 16.9671 16.6565 16.9406 19.0306 27.2126 26.6084 20.5189 15.9563 17.9466 19.2426 22.7593 15.5796 12.778 13.0084 16.9469 18.2352 21.5406 30.7033 23.2063 9.4387 5.91295 10.5049 18.3423 22.0035 21.567 22.4672 28.8325 32.6766 24.7045 26.7812 24.8393 25.1777 28.2815 20.117 14.7939 10.9879 9.57459 12.7578 18.7768 21.9165 18.6308 16.6774 19.0319 18.7308 26.083 27.7299
-9999 -9999 -9999 -9999 -9999 -9999 -9999 -9999 -9999 -9999 -9999 -9999 -9999 -9999 -9999 -9999 28.5258 32.3168 33.5027 30.7311 29.6847 27.2489 28.1997 33.4653 29.9231 28.5053 31.5143 34.8139 22.4754 23.8641 20.7276 26.743 34.612 26.6665 17.7242 14.9885 16.8361 14.0942 12.552 11.9851 14.7745 12.4072 13.9604 11.7022 12.5218 19.324 16.8306 16.3386 8.27458 10.7385 18.7738 19.832 26.8791 24.5731 26.8999 31.3561 31.5054 31.2812 23.9441 30.8284 26.6722 24.3002 16.3187 14.4133 17.8945 16.1523 14.0285 16.1742 15.4802 15.4465 20.4647 20.395 19.1519 14.6022
-9999 -9999 -9999 -9999 -9999 -9999 -9999 -9999 -9999 -9999 -9999 -9999 -9999 -9999 -9999 -9999 31.1832 33.8631 41.2767 42.5632 41.9594 38.0824 37.4038 33.256 35.2759 33.201 27.2351 32.8968 26.6138 29.0396 30.0729 38.5528 30.4966 22.2912 15.3907 12.7657 16.3454 13.7386 10.9428 12.1833 11.7381 14.5402 15.0079 14.7298 11.4113 14.7867 13.4354 14.7279 15.4338 10.3299 15.9336 14.4813 19.8048 21.6806 19.9919 19.4153 20.5135 28.0898 21.3315 35.9729 27.8904 24.341 17.7065 15.7921 14.9345 15.807 16.9962 14.9835 16.7863 15.7745 17.7303 15.8091 12.5935 8.61172
