public/models/data/input/map/sulut/1000/mapslope.asc
NCOLS 248
NROWS 182
XLLCORNER 510063.019283
YLLCORNER 211117.685435
CELLSIZE 1000.000000
NODATA_VALUE       -9999
[rows 66 to 98 of 182, columns 148 to 221 of 248]
-9999 -9999 -9999 -9999 -9999 -9999 -9999 -9999 1.45867 1.25411 1.63026 3.02378 6.06199 9.6342 8.86112 11.2381 9.52672 12.4024 16.0749 16.933 19.9729 19.5548 15.0528 13.3709 18.2747 17.2408 16.702 14.7818 16.8346 19.8942 20.8438 20.3421 17.1093 16.4243 8.83757 8.27731 11.4495 9.81018 10.3923 15.2218 7.54323 7.11823 4.19927 2.90653 1.91485 1.87126 4.56213 9.82033 9.88064 8.75983 8.0917 7.86279 7.21002 3.9524 2.36993 1.11528 2.60053 4.52018 7.28832 15.0427 22.2492 16.7399 15.4972 14.4956 18.7443 17.261 22.3163 21.2382 16.2682 11.4035 9.25599 6.87962 -9999 -9999
-9999 -9999 -9999 -9999 -9999 -9999 -9999 -9999 1.32932 1.03546 0.987493 3.68255 5.4768 6.51013 9.75721 10.7465 7.72012 8.14209 12.4982 14.4098 19.5642 23.4548 19.5952 15.4354 16.4118 13.435 15.4838 20.7794 28.0258 28.3814 20.8276 18.2974 20.8985 16.1855 14.9929 12.7733 11.0636 12.0977 10.8843 13.0159 7.48844 5.122 4.1623 4.59746 2.57277 2.65736 8.18673 9.20779 7.26122 11.1801 9.45356 8.11147 6.58028 1.34205 0.999452 1.04522 1.31174 2.5653 9.47544 18.6819 19.534 16.2161 18.823 21.1188 21.2649 21.0817 18.5708 21.7673 11.5905 7.3247 6.53119 4.58636 -9999 -9999
-9999 -9999 -9999 -9999 -9999 -9999 -9999 -9999 -9999 -9999 -9999 -9999 7.11793 8.51278 10.9585 5.94207 2.16082 1.87037 1.70156 1.87246 4.6658 8.77641 13.434 13.1083 9.311 11.5845 16.2325 16.1413 12.9347 9.54571 5.3864 8.63513 20.9036 20.6723 15.9514 13.2966 13.5724 14.4683 11.1997 12.5044 9.725 8.63437 6.48521 5.46605 4.27948 7.76123 9.37582 10.7317 9.02882 11.2574 8.52199 2.62272 1.78411 0.721967 0.857174 0.804923 1.22026 3.03569 8.59034 15.7027 21.4537 18.2941 24.6577 22.6242 19.6203 20.9976 12.8582 13.1168 9.87299 6.62289 5.93906 3.43592 -9999 -9999
-9999 -9999 -9999 -9999 -9999 -9999 -9999 -9999 -9999 -9999 -9999 -9999 5.4595 5.15075 4.90094 2.2168 1.0521 0.956846 0.824126 0.700722 0.981503 1.34243 3.69805 6.82709 9.91154 11.9534 8.93835 7.50752 7.58663 7.06739 6.81288 7.67641 10.7942 17.5201 20.6183 15.4831 12.8992 14.2434 11.208 8.56873 9.5605 12.5587 10.1408 6.72951 8.35299 13.4866 8.69446 9.91298 17.1924 15.5784 7.9899 4.24028 2.54152 1.31895 0.601815 0.693883 1.16222 3.65162 10.2854 16.2116 19.4443 17.81 18.8517 22.8914 21.1324 19.274 10.7377 10.4633 8.28685 6.69931 5.25873 3.81481 -9999 -9999
-9999 -9999 -9999 -9999 -9999 -9999 -9999 -9999 -9999 -9999 -9999 -9999 -9999 3.81837 3.23926 1.27673 0.450743 0.803143 1.08011 1.22984 0.928154 2.67865 4.82631 5.8903 6.18738 6.57869 6.23158 4.67646 5.97948 5.27373 5.75364 4.77897 7.2305 9.81124 19.977 23.0514 21.281 16.6518 8.49455 6.43943 7.2274 7.88002 7.65157 5.91309 10.3907 13.2046 9.07252 16.9826 23.1474 16.8919 10.7961 9.47501 6.91741 3.60777 0.231867 0.371988 1.08341 4.96715 15.4933 15.6369 15.9537 19.5518 18.1199 21.6051 17.0602 10.7216 8.25836 8.01552 6.81886 6.40198 5.25762 4.23142 -9999 -9999
-9999 -9999 -9999 -9999 -9999 -9999 -9999 -9999 -9999 -9999 -9999 -9999 -9999 -9999 -9999 -9999 -9999 -9999 1.43859 0.964897 0.832265 2.68537 4.45911 4.3322 5.44663 5.54663 5.55355 4.78916 5.36974 6.13992 5.76344 4.26257 5.0433 5.74843 11.4924 16.8029 20.4075 20.621 10.9711 6.54198 5.4592 8.11027 12.1224 16.6866 12.0374 11.9267 11.0402 11.0041 16.3413 12.7818 10.9003 14.1011 8.84656 5.93273 0.491176 0.258341 0.829799 7.12541 16.9654 16.078 16.4716 17.5669 16.1558 17.7607 10.2268 7.72628 7.75254 7.53458 6.16093 6.69345 5.19945 4.13819 -9999 -9999
-9999 -9999 -9999 -9999 -9999 -9999 -9999 -9999 -9999 -9999 -9999 -9999 -9999 -9999 -9999 -9999 -9999 -9999 -9999 -9999 1.43677 2.2312 5.03046 6.96875 5.84942 5.8898 5.38394 6.13268 5.86397 5.61459 4.59282 4.81432 5.32755 7.58494 7.34482 8.29453 13.6963 23.088 14.6801 8.06195 5.64451 10.2354 14.3731 15.061 12.9201 9.66798 9.19998 12.6076 15.8376 10.861 10.4265 12.4985 6.0222 3.26392 0.625748 0.41913 1.84522 9.51877 16.1061 18.6892 18.6579 17.0229 12.6476 10.7136 7.55588 7.75419 6.70218 6.94217 6.13166 6.57423 4.19173 3.00774 -9999 -9999
-9999 -9999 -9999 -9999 -9999 -9999 -9999 -9999 -9999 -9999 -9999 -9999 -9999 -9999 -9999 -9999 -9999 -9999 -9999 -9999 0.87557 2.21283 6.09365 6.44103 6.43439 5.79366 5.80932 6.16885 5.87329 4.37001 4.75539 6.06142 7.09888 7.18776 4.69529 4.59987 10.4532 18.691 11.8097 4.71732 5.45942 14.2272 17.3504 20.6347 18.1947 13.03 9.6626 12.9679 6.94615 5.64552 6.63176 8.07394 3.91719 1.01308 0.66042 0.843897 3.41764 14.7048 18.9028 15.5587 12.6568 12.8789 9.38783 7.63338 7.53266 6.89025 6.7938 6.3409 7.15274 6.05644 4.04078 3.03522 -9999 -9999
-9999 -9999 -9999 -9999 -9999 -9999 -9999 -9999 -9999 -9999 -9999 -9999 -9999 -9999 -9999 -9999 -9999 -9999 -9999 -9999 0.985161 3.05033 6.7985 7.28765 6.43499 6.09029 5.43696 5.23457 5.08783 4.20236 4.70241 6.74309 6.99295 8.07539 5.97105 4.09883 7.03513 15.8544 12.9985 5.5029 4.62466 12.3031 16.9387 17.0516 17.4591 14.6902 10.3947 6.6625 4.65761 3.68613 3.60554 2.88285 0.583408 0.0537126 0.810459 3.49262 10.7557 15.6267 15.9853 14.7538 13.4561 11.9837 8.08258 7.12855 6.44535 6.32848 7.26245 6.75832 7.12164 5.79686 3.99824 -9999 -9999 -9999
-9999 -9999 -9999 -9999 -9999 -9999 -9999 -9999 -9999 -9999 -9999 -9999 -9999 -9999 -9999 -9999 -9999 -9999 -9999 1.27563 1.85159 4.84197 7.34109 7.27374 5.94586 6.37811 6.50002 5.58516 4.59185 5.89425 5.51031 8.40888 6.58158 8.44 8.00297 4.94883 5.62156 10.1403 16.9669 12.2508 4.1687 11.6669 15.2423 13.8967 15.0816 12.5555 7.76599 8.14767 6.4681 3.08042 0.558635 0.807612 0.185258 0.0895311 3.02739 9.93974 25.207 17.8816 13.5649 11.91 10.7978 7.94696 6.66395 6.43693 6.73437 6.96694 6.85117 6.71389 7.51523 4.64323 2.48707 -9999 -9999 -9999
-9999 -9999 -9999 -9999 -9999 -9999 -9999 -9999 -9999 -9999 1.78566 2.27041 2.54015 3.32483 3.01611 -9999 -9999 -9999 0.598407 1.98599 4.25664 5.09903 5.87686 6.40742 5.77359 6.31061 5.08618 6.26989 7.67109 6.79998 8.41768 9.04609 9.29147 8.15208 6.68451 7.32514 6.61034 5.84462 7.99428 8.51464 5.52676 11.4314 13.7271 11.2799 6.96963 5.72789 10.0611 15.6021 11.1731 1.13439 0.00721094 0.485295 0.0415532 0.843799 11.2778 17.2531 15.8554 16.8509 13.1375 9.55298 8.01488 7.18967 6.97579 6.96541 7.81326 6.99191 6.78099 7.33606 6.73188 5.00468 -9999 -9999 -9999 -9999
-9999 -9999 -9999 -9999 -9999 -9999 -9999 -9999 -9999 -9999 2.29945 2.45701 2.86242 3.47296 3.66219 3.69385 -9999 0.0416667 2.53626 5.36498 6.69996 6.53648 6.249 7.02715 6.2085 5.61637 5.46022 6.36348 7.71524 7.16983 7.49973 9.12469 8.02329 7.64688 6.30651 7.52529 8.54346 7.24671 5.5408 4.54701 3.98669 5.47013 7.60713 5.65598 2.14292 3.55459 7.85737 13.4346 7.41498 0.418812 0.126211 0.486888 0.00979074 2.72992 17.4627 16.4995 13.231 10.7979 9.77104 8.00753 7.14683 6.86371 7.44982 7.47245 7.92754 6.98455 7.33937 7.19067 5.7579 3.62958 -9999 -9999 -9999 -9999
0.999696 -9999 -9999 -9999 -9999 -9999 -9999 -9999 0.776538 0.23585 2.25446 5.15701 5.58194 6.57665 6.83248 3.65404 3.07688 2.71494 4.53194 7.5328 6.80667 7.58541 7.48073 7.28147 6.43933 5.20113 5.12164 6.22575 8.89427 7.55951 7.64547 7.90864 7.31522 8.38018 7.2504 7.48193 9.5787 8.01068 5.61465 3.93545 4.16599 3.73953 2.48175 2.25663 2.21903 2.68874 5.27227 10.314 8.7996 0.966023 0.525068 0.488061 0.0374667 5.68294 16.4404 14.0517 10.5071 10.0018 8.76887 7.64375 9.36747 7.569 6.83435 7.77297 6.68667 6.69155 6.998 6.686 4.91512 2.7904 -9999 -9999 -9999 -9999
2.68434 1.59949 0.943384 0.638364 0.814288 0.838022 0.579865 0.675936 1.10481 1.11986 2.06225 4.55864 7.34646 7.33203 8.79889 6.5679 1.68892 3.98963 6.48928 7.99565 7.01112 8.10313 8.68331 8.89834 5.78125 6.89411 5.96299 6.90754 8.52678 8.39385 8.05152 7.26975 8.99087 9.32965 8.02622 7.97164 9.93211 8.09632 4.83736 3.63869 3.98555 3.23049 2.76998 1.96415 2.32296 2.79966 2.21094 3.20457 3.23754 1.33851 0.814285 0.606747 0.288434 5.76244 11.2117 9.27013 8.88751 7.42384 6.95969 7.59148 10.1753 9.10732 6.97952 6.90176 6.3461 6.30377 6.62515 6.34353 4.43498 -9999 -9999 -9999 -9999 -9999
3.92273 4.23469 4.00946 2.75155 1.25047 4.663 6.22769 2.58363 2.68661 2.85389 6.0033 7.57749 7.84901 8.32586 7.72964 9.27805 7.7453 8.17423 7.57954 7.16082 6.50325 6.77279 6.27655 6.30892 6.49047 7.61689 7.28479 7.42818 7.63135 7.30672 10.5864 11.0535 9.74235 10.2116 11.7778 11.3597 11.8212 9.32068 5.54142 3.19265 3.02409 2.84371 3.86458 2.20012 2.71037 4.79016 6.7935 3.89231 1.15398 1.2322 1.64501 2.36609 2.18855 8.74027 8.85546 7.16177 7.79653 6.1242 7.62547 8.93794 7.39292 6.74241 6.23491 4.96514 6.511 6.66872 6.89608 5.25553 2.87714 -9999 -9999 -9999 -9999 -9999
4.34956 4.53541 6.639 6.6833 2.46659 4.86294 7.41438 4.85642 3.72285 5.40927 8.87942 8.3731 7.28674 9.02434 7.75549 7.62594 11.0339 10.4325 8.41438 6.9363 5.9716 6.96467 6.49856 7.47936 7.87195 7.50459 6.31449 8.23406 7.79316 8.1528 8.25618 10.7487 9.41851 11.5585 17.7958 18.1096 15.6054 14.6925 11.9044 6.363 3.84067 3.26703 4.32448 3.79826 3.98419 4.6632 5.66054 5.0533 1.62251 1.31016 4.27789 8.15205 8.96114 14.61 10.248 9.52539 6.18055 6.19073 8.21981 7.62679 7.39061 7.16744 6.18958 5.31569 6.59882 6.94973 6.59788 4.15228 -9999 -9999 -9999 -9999 -9999 -9999
7.11943 5.77062 13.0688 20.0297 6.19048 6.45062 5.2622 4.32757 4.85667 8.367 13.3962 11.6446 13.6069 10.1342 6.80114 5.9664 9.45068 12.9261 9.47694 8.93058 7.24389 7.42682 7.43069 8.7857 9.8522 8.1356 6.92373 7.18879 7.6332 7.70366 7.96121 9.07137 10.1344 14.4721 19.0809 22.9642 26.8467 30.6831 32.3001 23.6771 7.06607 4.79377 4.31483 5.01891 4.13808 2.07847 1.85522 1.66406 1.89872 1.20012 2.68672 7.44823 15.7254 18.6262 14.2616 9.79717 7.22014 7.76441 7.74183 6.60454 6.96498 6.24216 6.18084 6.59978 6.31312 6.74686 6.31084 3.19661 -9999 -9999 -9999 -9999 -9999 -9999
10.5394 6.7369 13.718 20.5902 16.8673 10.7313 6.79268 7.22595 7.38807 11.0666 13.5294 14.8299 16.4133 8.95503 6.04029 6.30577 16.1612 14.9635 10.1311 9.25934 7.21845 8.63951 9.13447 10.101 11.5634 9.15209 8.17834 6.68452 6.8341 9.40335 9.34153 9.89398 10.9358 14.9972 22.7808 30.0844 20.0556 19.4526 29.5458 26.6614 11.13 7.15887 4.49619 4.35676 3.71475 1.5931 1.62731 1.48399 1.47712 1.32715 2.91009 10.5197 20.2889 21.903 16.296 9.0532 7.01652 6.21703 6.81636 6.9743 6.99563 5.42943 5.65078 6.61896 6.24045 6.67985 5.54506 1.96331 -9999 -9999 -9999 -9999 -9999 -9999
10.7914 10.9613 13.0414 11.993 12.1344 11.4936 10.5242 11.9927 10.563 13.4199 11.3558 13.0746 10.3663 11.0484 7.8645 7.7135 17.3675 14.719 10.6214 7.57828 6.11502 7.34008 8.22505 10.3548 8.26061 7.83118 9.34195 11.5932 10.578 8.47969 8.7231 9.78497 10.9729 14.2115 24.955 31.4872 19.3481 20.9376 31.5686 26.3695 9.24441 5.63251 4.48507 4.02382 4.02912 2.36535 3.97182 5.01064 1.85157 2.65297 6.71258 10.7103 14.5581 14.8102 12.5523 9.69849 8.65123 9.04635 7.62887 9.2038 9.05347 6.08 6.39115 6.76867 6.63976 6.68192 4.2141 1.17167 -9999 -9999 -9999 -9999 -9999 -9999
11.2582 13.4276 17.3129 14.0045 14.4627 15.1807 18.7391 19.7591 12.8812 15.3645 9.75234 7.29995 10.755 12.7696 9.28807 12.0413 17.153 15.4267 11.9783 8.134 6.1971 6.58296 7.65075 6.49653 5.85424 7.87567 8.3751 9.43593 10.8807 9.82213 9.02299 10.6782 13.5462 17.8666 21.2922 20.8996 19.3509 13.7941 24.5372 25.7707 13.0436 5.227 4.49957 3.41892 3.13976 5.17198 13.6639 14.8129 6.34592 7.33152 9.70172 11.3128 10.9933 11.4662 9.41372 10.146 8.33247 7.51885 6.88907 5.9927 6.48604 6.67132 6.54765 6.71197 5.55587 5.02557 2.46468 1.67662 -9999 -9999 -9999 -9999 -9999 -9999
9.52117 14.3734 23.2943 26.065 14.8188 17.807 22.9486 23.5737 19.0842 14.4796 8.45026 7.25331 6.79804 10.5818 13.7931 16.2028 14.3229 13.5371 14.1437 9.55377 6.3459 5.51045 7.63254 8.59377 8.23177 8.36745 8.14093 7.69735 7.2648 7.77266 9.38851 10.4519 16.5342 26.0161 36.1946 31.8609 19.9804 16.5907 24.0133 29.229 17.4137 7.22335 6.88227 10.5796 10.6703 22.298 22.8471 16.4075 10.5006 8.92187 8.79233 10.2482 10.2862 9.04398 9.32178 9.95066 7.64966 7.16362 7.23659 5.94276 5.50691 5.89584 6.33046 6.85427 5.95654 3.63084 2.22278 -9999 -9999 -9999 -9999 -9999 -9999 -9999
8.93792 13.3786 22.9677 22.7939 18.1196 20.4856 14.8374 13.356 17.524 11.9913 8.70011 9.2914 12.182 10.8909 13.7589 12.018 13.4439 14.065 12.2935 10.5546 6.12866 5.9295 6.39449 8.36278 13.3771 10.7445 8.67446 9.9616 9.09032 9.01597 9.65942 11.0515 17.2137 33.1561 42.7017 41.0843 29.3303 27.5758 25.3491 24.1513 13.1497 13.8212 15.3126 23.5407 22.345 28.129 21.1334 14.5316 11.0603 9.61753 7.92542 7.42017 7.94969 8.38726 7.35718 6.76529 4.88137 7.65701 8.64594 7.6531 6.65536 6.32235 6.30501 6.64572 4.52005 2.64827 1.96232 -9999 -9999 -9999 -9999 -9999 -9999 -9999
10.7261 13.3716 14.0997 17.1086 18.9087 9.97838 9.4989 7.62118 13.0267 10.2628 14.1932 19.2569 19.6834 11.5012 9.72358 9.826 13.4416 15.1117 10.6121 11.9692 9.87854 7.85033 8.17652 7.42155 8.14129 9.14543 7.71255 7.5629 7.46304 8.13817 6.3596 9.65272 15.9197 32.661 41.6383 41.8199 23.1616 22.4308 25.7702 24.7839 26.5384 24.3999 18.3439 16.6775 22.119 21.6542 18.9689 16.9028 12.7381 10.0485 8.27954 7.0725 6.00843 8.04337 8.62314 7.98308 7.00411 8.29296 10.0071 7.64104 7.06686 8.08057 6.72651 5.16852 -9999 -9999 -9999 -9999 -9999 -9999 -9999 -9999 -9999 -9999
16.5117 18.9126 19.2165 22.5833 14.9629 9.87503 11.1897 9.8371 11.5401 11.5603 13.1579 14.8354 14.3857 14.865 14.7742 14.3025 15.3085 12.3671 7.29533 7.50505 10.968 9.82432 7.44658 7.20193 7.71099 6.05407 6.67372 6.93371 6.14594 7.31686 7.14277 10.3696 14.0906 20.2568 28.1326 26.7443 26.2106 36.8236 35.365 33.5499 28.058 22.3286 17.7057 13.4877 13.2549 14.1867 14.8891 13.5618 11.0378 9.02519 7.37638 7.22732 6.29978 6.16188 6.45498 6.90203 6.45886 6.91712 8.4249 7.76918 8.71878 7.49539 5.68504 3.58656 -9999 -9999 -9999 -9999 -9999 -9999 -9999 -9999 -9999 -9999
24.5792 23.1783 24.7456 25.9642 12.4167 11.3015 10.6558 8.41028 12.3836 12.3321 8.83037 7.01866 9.25723 17.1039 22.6626 18.5926 17.2966 15.3919 8.68922 6.70251 8.14272 8.55965 6.14866 6.14722 5.35286 5.94636 7.96408 7.2912 4.82439 5.40335 6.32438 8.1076 10.166 14.5038 19.6571 18.6941 27.2149 34.732 40.1208 36.101 25.7243 18.3937 14.4342 11.3409 8.62134 8.56226 9.97679 9.03959 8.8821 8.24615 7.49552 6.62364 6.53823 5.94565 6.81049 6.06293 5.13282 6.1637 5.63277 6.87467 6.0429 4.97631 4.57399 5.37683 -9999 -9999 -9999 -9999 -9999 -9999 -9999 -9999 -9999 -9999
31.1509 32.1419 24.6135 27.0957 11.3093 11.1258 9.92017 9.62425 12.7725 9.57852 5.53545 6.99549 12.5506 14.8405 18.8395 17.3643 12.3479 17.8421 10.9225 9.82243 8.69765 8.71002 6.22292 5.39941 4.01315 4.44352 4.49062 5.18829 4.31305 4.29569 7.68715 7.55089 9.7822 14.2169 14.9361 15.4068 22.757 25.9619 31.0895 29.2935 23.0318 15.9099 9.87678 8.63329 6.88986 6.41864 7.24918 7.27477 7.38599 6.35561 5.81531 5.17125 5.28332 4.77394 5.36143 5.08472 5.07432 5.79998 5.57825 6.87485 4.73984 3.85676 3.78963 -9999 -9999 -9999 -9999 -9999 -9999 -9999 -9999 -9999 -9999 -9999
32.1538 30.598 23.6985 18.4308 11.6692 9.4633 10.142 13.3227 8.82363 5.39349 4.47063 6.52845 9.21804 12.7811 17.3974 14.1776 10.5207 12.84 10.6627 13.7753 10.456 8.46508 5.52317 5.7793 4.87194 2.86011 3.38511 3.09877 4.49927 5.17953 6.58862 7.71917 8.47046 10.0843 18.9153 19.8924 14.1633 21.1505 22.3849 19.6154 14.9037 11.675 10.2497 7.00671 6.3813 6.83573 6.56799 5.34394 6.31848 6.45737 4.91508 3.72619 3.35974 3.75923 5.24276 5.27484 5.50776 5.40207 5.39168 4.93469 3.87238 2.28351 -9999 -9999 -9999 -9999 -9999 -9999 -9999 -9999 -9999 -9999 -9999 -9999
27.0929 25.9314 19.9907 14.8181 10.8677 8.95308 10.4331 10.8178 7.71399 4.68241 4.8637 7.27634 11.3427 13.9922 15.3333 15.992 11.1689 11.0084 12.052 15.1069 15.0291 9.66075 7.53431 8.37807 5.27132 2.7869 3.53437 2.74018 5.63079 8.56799 8.56534 9.399 9.49963 10.1327 15.9247 16.5162 9.59577 11.3873 12.6219 11.74 10.6096 8.83655 7.90806 7.87177 5.85109 6.27082 6.36498 6.97209 6.15774 7.16101 5.5013 3.73223 4.83827 5.15199 5.65875 5.27862 5.96834 6.47562 5.68233 3.57912 -9999 -9999 -9999 -9999 -9999 -9999 -9999 -9999 -9999 -9999 -9999 -9999 -9999 -9999
21.9497 11.4282 9.14513 9.56744 7.73068 8.2541 9.17145 6.96214 7.90588 8.78078 9.85112 12.4059 16.0373 14.1542 15.0466 16.0134 12.5574 9.37342 11.9606 14.9613 14.3208 12.8338 9.37833 10.1073 6.16961 4.14133 3.07745 3.39254 3.26722 6.15701 5.06722 3.62341 5.9474 8.77168 10.479 10.011 8.82346 8.02253 7.90814 7.54274 6.87658 6.96853 7.38298 6.39656 5.83109 5.53643 6.49458 5.52614 5.07173 5.76945 4.1664 3.96088 5.94682 5.47365 4.69222 5.01316 4.4594 3.99765 3.281 2.55702 -9999 -9999 -9999 -9999 -9999 -9999 -9999 -9999 -9999 -9999 -9999 -9999 -9999 -9999
12.2499 8.23882 7.63026 11.2573 6.22521 8.47686 7.34045 6.98781 8.19168 11.0474 11.7788 14.1629 15.2563 16.3982 16.3597 16.8119 14.641 10.3233 10.7466 16.1424 13.091 16.8862 11.7586 10.3074 11.935 10.3366 5.23179 5.72111 2.08743 1.77926 1.73009 2.71373 6.20699 6.88146 6.38658 7.74527 7.42374 6.81651 6.50434 5.46472 6.01124 6.46381 6.98134 5.00621 5.49001 4.64874 4.63583 3.88835 4.57246 6.64624 5.24518 5.75509 5.40708 3.62868 4.12702 4.43662 4.25922 3.85919 0.796424 -9999 -9999 -9999 -9999 -9999 -9999 -9999 -9999 -9999 -9999 -9999 -9999 -9999 -9999 -9999
14.4979 15.7873 17.3529 22.4229 11.8887 8.74155 7.05022 7.36283 7.66688 11.0501 14.5718 16.3593 13.8744 16.1628 16.2189 14.0487 14.4901 11.8273 11.2083 12.6538 16.6034 17.634 14.3849 13.7402 16.5259 15.2049 14.2908 11.0529 6.81855 4.16578 3.07635 3.50115 5.67802 4.29604 5.0909 6.59306 5.22267 4.36833 4.25004 4.29328 5.73674 6.53685 5.4264 6.15575 4.93337 3.83046 3.8877 3.54808 3.44315 6.55554 4.64217 3.9828 6.02119 5.49372 5.7842 5.3681 4.67591 -9999 -9999 -9999 -9999 -9999 -9999 -9999 -9999 -9999 -9999 -9999 -9999 -9999 -9999 -9999 -9999 -9999
12.8081 12.7775 14.6098 20.2353 15.6259 13.2241 11.1249 10.1844 13.4614 13.1169 11.1405 10.9146 14.2826 14.9636 15.2357 15.0783 16.1673 13.458 13.8212 12.9982 14.1984 17.3207 16.7956 17.9909 20.1989 14.5986 13.4126 11.5489 10.3232 11.7834 11.6387 7.12857 7.67389 3.19049 4.12866 4.8707 4.67393 4.12675 4.30621 4.47419 5.98693 5.54677 4.53621 4.96793 4.78345 4.79394 4.12675 2.92543 4.14705 5.94739 5.20043 4.90209 4.97193 5.05381 4.64459 4.74009 -9999 -9999 -9999 -9999 -9999 -9999 -9999 -9999 -9999 -9999 -9999 -9999 -9999 -9999 -9999 -9999 -9999 -9999
12.4657 11.4964 15.4707 18.2984 14.2635 11.9342 13.1481 13.5626 11.5195 8.5327 5.02263 7.97982 15.1474 9.29031 10.1431 13.4662 15.6823 16.203 17.7939 17.7428 13.4804 14.662 14.6696 20.1693 21.4359 16.5759 12.9653 12.1441 12.5937 13.972 19.0371 15.3079 12.287 6.25067 3.04457 3.13331 3.92607 4.29675 3.93111 3.65817 4.66189 5.439 4.99703 4.94184 3.67373 3.57335 2.84578 2.90444 4.66242 5.246 4.60065 4.51339 4.99853 4.04621 3.58936 4.20278 -9999 -9999 -9999 -9999 -9999 -9999 -9999 -9999 -9999 -9999 -9999 -9999 -9999 -9999 -9999 -9999 -9999 -9999
