public/models/data/input/map/sulut/1000/maptghk.asc
NCOLS 248
NROWS 182
XLLCORNER 510063.019283
YLLCORNER 211117.685435
CELLSIZE 1000.000000
NODATA_VALUE       -9999
[rows 74 to 110 of 182, columns 164 to 245 of 248]
-9999 -9999 -9999 -9999 6 6 6 6 6 6 6 6 6 6 6 6 6 6 6 6 6 6 6 6 6 6 4.70437 2.38313 2.24062 4.32188 6 6 6.0075 6.44625 7.365 7.78125 7.9625 8 7.78625 6.73875 3.49 4.005 5.8425 6 6 6 6 6 6 6 6 6 6 6 6 -9999 -9999 -9999 -9999 -9999 -9999 -9999 -9999 -9999 -9999 -9999 -9999 -9999 -9999 -9999 -9999 -9999 -9999 -9999 -9999 -9999 -9999 -9999 -9999 -9999 -9999 -9999
-9999 -9999 -9999 6 6 6 6 6 6 6 6 6 6 6 6 6 6 6 6 6 6 6 6 6 6 6 5.67188 4.34062 4.34062 5.67188 6 6 6.105 7.08625 7.97125 8 8 8 7.1075 6.105 2.1725 3.81 5.955 6 6 6 6 6 6 6 6 6 6 6 6 -9999 -9999 -9999 -9999 -9999 -9999 -9999 -9999 -9999 -9999 -9999 -9999 -9999 -9999 -9999 -9999 -9999 -9999 -9999 -9999 -9999 -9999 -9999 -9999 -9999 -9999 -9999
-9999 -9999 6 6 6 6 6 6 6 6 6 6 6 6 6 6 6 6 6 6 6 6 6 6 6 6 6 6 6 6 6 6 6.395 7.8425 8 8 8 7.85 6.6875 5.425 2.24688 4.34062 6 6 6 6 6 6 6 6 6 6 6 6 -9999 -9999 -9999 -9999 -9999 -9999 -9999 -9999 -9999 -9999 -9999 -9999 -9999 -9999 -9999 -9999 -9999 -9999 -9999 -9999 -9999 -9999 -9999 -9999 -9999 -9999 -9999 -9999
-9999 6 6 6 6 6 6 6 6 6 6 6 6 6 6 6 6 6 6 6 6 6 6 6 6 6 6 6 6 6 6 6 6.33563 7.61938 7.97 8 8 7.6375 6.3925 3.9825 2.92062 5.34188 6 6 6 6 6 6 6 6 6 6 6 6 -9999 -9999 -9999 -9999 -9999 -9999 -9999 -9999 -9999 -9999 -9999 -9999 -9999 -9999 -9999 -9999 -9999 -9999 -9999 -9999 -9999 -9999 -9999 -9999 -9999 -9999 -9999 -9999
6 6 6 6 6 6 6 6 6 6 6 6 6 6 6 6 6 6 6 6 6 6 6 6 6 6 6 6 6 6 6 6 6.05062 6.47188 7.21344 7.88281 8 7.51563 5.40438 2.63625 4.97 5.955 6 6 6 6 6 6 6 6 6 6 6 6 -9999 -9999 -9999 -9999 -9999 -9999 -9999 -9999 -9999 -9999 -9999 -9999 -9999 -9999 -9999 -9999 -9999 -9999 -9999 -9999 -9999 -9999 -9999 -9999 -9999 -9999 -9999 -9999
2.77519 5.55349 6 6 6 6 6 6 6 6 6 6 6 6 5.5125 4.2375 5 6 6 6 6 6 6 6 6 6 6 6 6 6 6 6 6 6.01 6.14781 6.81094 8 7.37187 4.20313 2.14375 5.975 6 6 6 6 6 6 6 6 6 6 6 6 -9999 -9999 -9999 -9999 -9999 -9999 -9999 -9999 -9999 -9999 -9999 -9999 -9999 -9999 -9999 -9999 -9999 -9999 -9999 -9999 -9999 -9999 -9999 -9999 -9999 -9999 -9999 -9999 -9999
3.1225 5.4525 6 6 6 6 6 6 6 5.8675 4.06 2.9975 3.6625 4.0625 2.525 2 2.775 3.89875 5.26937 5.18188 5.73438 5.82312 5.915 5.9775 6 6 6 6 6 6 6 6 6 6 6 6 7.15375 6.42875 3.5075 2.1725 5.6625 6 6 6 6 6 6 6 6 6 6 6 6 -9999 -9999 -9999 -9999 -9999 -9999 -9999 -9999 -9999 -9999 -9999 -9999 -9999 -9999 -9999 -9999 -9999 -9999 -9999 -9999 -9999 -9999 -9999 -9999 -9999 -9999 -9999 -9999 -9999
5.3775 5.7975 6 6 6 6 6 6 5.9925 5.0375 2.705 2.015 2 2 2 2 2 2.17625 2.64313 2.30562 3.60313 3.89188 4.19 5.215 6 6 6 6 6 6 6 6 6 6 6 6 5.47875 3.75125 2.93 3.7525 4.7375 6 6 6 6 6 6 6 6 6 6 6 -9999 -9999 -9999 -9999 -9999 -9999 -9999 -9999 -9999 -9999 -9999 -9999 -9999 -9999 -9999 -9999 -9999 -9999 -9999 -9999 -9999 -9999 -9999 -9999 -9999 -9999 -9999 -9999 -9999 -9999
6 6 6 6 6 6 6 6 5.9325 4.295 2.0975 2 2 2 2 2 2 2 2 2 2 2.0225 2.045 3.37 6 6 6 6 6 6 6 6 6 6 6 6 4.0425 3.2075 4.6475 5.7775 5.6 6 6 6 6 6 6 6 6 6 6 6 -9999 -9999 -9999 -9999 -9999 -9999 -9999 -9999 -9999 -9999 -9999 -9999 -9999 -9999 -9999 -9999 -9999 -9999 -9999 -9999 -9999 -9999 -9999 -9999 -9999 -9999 -9999 -9999 -9999 -9999
6 6 6 6 6 6 6 6 5.7125 3.5375 2 2 2 2 2 2 2 2 2 2 2 2 2 3.4625 6 6 6 6 6 6 6 6 6 6 6 6 5.55625 5.56875 5.9025 5.9975 5.8 5.4 5.925 6 6 6 6 6 6 6 6 6 -9999 -9999 -9999 -9999 -9999 -9999 -9999 -9999 -9999 -9999 -9999 -9999 -9999 -9999 -9999 -9999 -9999 -9999 -9999 -9999 -9999 -9999 -9999 -9999 -9999 -9999 -9999 -9999 -9999 -9999
6 6 6 6 6 6 6 6 5.975 4.97 2.92062 2.43438 2.21 2.015 2 2 2 2 2 2 2 2 2 4.35 5.9375 6 6 6 6 6 6 6 6 6 6 6 6 6 6 5.9125 4.625 4.53687 5.71438 5.9925 6 6 6 6 6 6 6 6 -9999 -9999 -9999 -9999 -9999 -9999 -9999 -9999 -9999 -9999 -9999 -9999 -9999 -9999 -9999 -9999 -9999 -9999 -9999 -9999 -9999 -9999 -9999 -9999 -9999 -9999 -9999 -9999 -9999 -9999
6 6 6 6 6 6 6 6 6 5.955 5.34188 4.90312 3.91 2.165 2 2 2 2 2 2 2 2 2 2.225 5.8125 6 6 6 6 6 5.955 5.12 5.245 5.955 6 6 6 6 6 5.375 4 4.08813 4.91313 5.8675 6 6 6 6 6 6 6 6 -9999 -9999 -9999 -9999 -9999 -9999 -9999 -9999 -9999 -9999 -9999 -9999 -9999 -9999 -9999 -9999 -9999 -9999 -9999 -9999 -9999 -9999 -9999 -9999 -9999 -9999 -9999 -9999 -9999 -9999
6 6 6 6 6 6 6 6 6 6 6 6 5.2525 2.435 2 2 2 2 2 2 2 2 2 2.675 6 5.71125 5.55375 5.9475 4.8375 4.14375 4.11 2.78375 3.02125 4.99875 5.955 6 6 6 6 5.50625 4.075 4 4.1725 5.15875 6 6 6 6 6 6 6 -9999 -9999 -9999 -9999 -9999 -9999 -9999 -9999 -9999 -9999 -9999 -9999 -9999 -9999 -9999 -9999 -9999 -9999 -9999 -9999 -9999 -9999 -9999 -9999 -9999 -9999 -9999 -9999 -9999 -9999 -9999
6 6 6 6 6 6 6 6 6 6 6 6 5.64 3.3725 2 2 2 2 2 2 2 2 2 2.25 5.0125 3.32625 3.74625 5.7025 3.4125 2.18125 2.185 2.02125 2.05875 3.07125 5.22 5.975 6 6 6 5.95625 4.925 4 4 4.18125 5.3875 5.7375 6 6 6 6 -9999 -9999 -9999 -9999 -9999 -9999 -9999 -9999 -9999 -9999 -9999 -9999 -9999 -9999 -9999 -9999 -9999 -9999 -9999 -9999 -9999 -9999 -9999 -9999 -9999 -9999 -9999 -9999 -9999 -9999 -9999 -9999
4.83938 5.9325 6 6 6 6 6 6 6 6 6 6 5.85 4.625 3.1025 2.2975 2 2 2 2 2 2 2 2 2 2 3.1625 5.5875 5.8625 4.3375 3.1 3.6 2.53813 2.18187 3.4775 5.69 6 6 6 5.7375 5.275 4.075 4.0075 4.0175 4.11562 5.14687 6 6 -9999 -9999 -9999 -9999 -9999 -9999 -9999 -9999 -9999 -9999 -9999 -9999 -9999 -9999 -9999 -9999 -9999 -9999 -9999 -9999 -9999 -9999 -9999 -9999 -9999 -9999 -9999 -9999 -9999 -9999 -9999 -9999 -9999 -9999
3.35437 5.055 5.94375 6 6 6 6 6 6 6 6 6 6 6 5.685 4.44 3.155 2.345 2 2 2 2 2 2 2 2 2.6 5.4 6 5.925 5.925 6 5.20687 4.02563 4.695 5.91 6 6 6 5.15 4.1875 4 4.2925 4.5825 4.51188 5.56313 6 6 -9999 -9999 -9999 -9999 -9999 -9999 -9999 -9999 -9999 -9999 -9999 -9999 -9999 -9999 -9999 -9999 -9999 -9999 -9999 -9999 -9999 -9999 -9999 -9999 -9999 -9999 -9999 -9999 -9999 -9999 -9999 -9999 -9999 -9999
3.01688 4.02 5.76937 6 6 6 6 6 6 6 6 6 6 6 6 6 5.49125 3.63875 2.045 2 2 2 2 2 2 2 3.10625 5.56875 6 6 6 6 5.9925 5.88 5.9025 6 6 6 6 5.8625 5.00781 4.63281 5.27688 5.72625 5.5975 5.94 6 6 -9999 -9999 -9999 -9999 -9999 -9999 -9999 -9999 -9999 -9999 -9999 -9999 -9999 -9999 -9999 -9999 -9999 -9999 -9999 -9999 -9999 -9999 -9999 -9999 -9999 -9999 -9999 -9999 -9999 -9999 -9999 -9999 -9999 -9999
3.00187 3.38625 5.18062 6 6 6 6 6 6 6 6 6 6 6 6 6 5.97875 5.29125 3.705 2.35 2 2 2 2 2.025 3 5.11875 5.93125 6 6 6 6 6 6 6 6 6 6 6 6 5.92344 5.81094 5.93563 5.99875 6 6 6 -9999 -9999 -9999 -9999 -9999 -9999 -9999 -9999 -9999 -9999 -9999 -9999 -9999 -9999 -9999 -9999 -9999 -9999 -9999 -9999 -9999 -9999 -9999 -9999 -9999 -9999 -9999 -9999 -9999 -9999 -9999 -9999 -9999 -9999 -9999
3 3 4.00125 5.73 6 6 6 6 6 6 6 6 6 6 6 6 6 6 6 4.75 2.27875 2.1225 2.44875 2.6375 3.8625 5.1375 6 6 6 6 6 6 6 6 6 6 6 6 6 6 6 6 6 6 6 6 -9999 -9999 -9999 -9999 -9999 -9999 -9999 -9999 -9999 -9999 -9999 -9999 -9999 -9999 -9999 -9999 -9999 -9999 -9999 -9999 -9999 -9999 -9999 -9999 -9999 -9999 -9999 -9999 -9999 -9999 -9999 -9999 -9999 -9999 -9999 -9999
3 3 3.23625 5.4075 6 6 6 6 6 6 6 6 6 6 6 6 6 6 6 6 4.3975 3.75375 4.84875 5.3625 6 6 6 6 6 6 6 6 6 6 6 6 6 6 6 6 6 6 6 6 -9999 -9999 -9999 -9999 -9999 -9999 -9999 -9999 -9999 -9999 -9999 -9999 -9999 -9999 -9999 -9999 -9999 -9999 -9999 -9999 -9999 -9999 -9999 -9999 -9999 -9999 -9999 -9999 -9999 -9999 -9999 -9999 -9999 -9999 -9999 -9999 -9999 -9999
3 3 3.23625 5.4075 6 6 6 6 6 6 6 6 6 6 6 6 6 6 6 6 5.96125 5.78625 5.9025 6 6 6 6 6 6 6 6 6 6 6 6 6 6 6 6 6 6 6 6 6 -9999 -9999 -9999 -9999 -9999 -9999 -9999 -9999 -9999 -9999 -9999 -9999 -9999 -9999 -9999 -9999 -9999 -9999 -9999 -9999 -9999 -9999 -9999 -9999 -9999 -9999 -9999 -9999 -9999 -9999 -9999 -9999 -9999 -9999 -9999 -9999 -9999 -9999
3.02187 3.24688 3.86375 5.59875 6 6 6 6 6 6 6 6 6 6 6 6 6 6 6 6 6 6 6 6 6 6 6 6 6 6 6 6 6 6 6 6 6 6 6 6 6 6 6 -9999 -9999 -9999 -9999 -9999 -9999 -9999 -9999 -9999 -9999 -9999 -9999 -9999 -9999 -9999 -9999 -9999 -9999 -9999 -9999 -9999 -9999 -9999 -9999 -9999 -9999 -9999 -9999 -9999 -9999 -9999 -9999 -9999 -9999 -9999 -9999 -9999 -9999 -9999
3.6 3.9625 4 4.5 5.79375 5.96625 5.99625 6 6 6 6 6 6 6 6 6 6 6 6 6 6 6 6 6 6 6 6 6 6 6 6 6 6 6 6 6 6 6 6 6 6 -9999 -9999 -9999 -9999 -9999 -9999 -9999 -9999 -9999 -9999 -9999 -9999 -9999 -9999 -9999 -9999 -9999 -9999 -9999 -9999 -9999 -9999 -9999 -9999 -9999 -9999 -9999 -9999 -9999 -9999 -9999 -9999 -9999 -9999 -9999 -9999 -9999 -9999 -9999 -9999 -9999
4 4 4 4 4.58125 5.16625 5.58063 5.94063 6 6 6 6 6 6 6 6 6 6 6 6 6 6 6 6 6 6 6 6 6 6 6 6 6 6 6 6 6 6 6 6 -9999 -9999 -9999 -9999 -9999 -9999 -9999 -9999 -9999 -9999 -9999 -9999 -9999 -9999 -9999 -9999 -9999 -9999 -9999 -9999 -9999 -9999 -9999 -9999 -9999 -9999 -9999 -9999 -9999 -9999 -9999 -9999 -9999 -9999 -9999 -9999 -9999 -9999 -9999 -9999 -9999 -9999
4 4 4 4 4 4.0675 4.39187 5.47188 6 6 6 6 6 6 6 6 6 6 6 6 6 6 6 6 6 6 6 6 6 6 6 6 6 6 6 6 6 6 6 6 -9999 -9999 -9999 -9999 -9999 -9999 -9999 -9999 -9999 -9999 -9999 -9999 -9999 -9999 -9999 -9999 -9999 -9999 -9999 -9999 -9999 -9999 -9999 -9999 -9999 -9999 -9999 -9999 -9999 -9999 -9999 -9999 -9999 -9999 -9999 -9999 -9999 -9999 -9999 -9999 -9999 -9999
4 4 4 4 4 4 4 4.41875 5.375 6 6 6 6 6 6 6 6 6 6 6 6 6 6 6 6 6 6 6 6 6 6 6 6 6 6 6 6 6 6 -9999 -9999 -9999 -9999 -9999 -9999 -9999 -9999 -9999 -9999 -9999 -9999 -9999 -9999 -9999 -9999 -9999 -9999 -9999 -9999 -9999 -9999 -9999 -9999 -9999 -9999 -9999 -9999 -9999 -9999 -9999 -9999 -9999 -9999 -9999 -9999 -9999 -9999 -9999 -9999 -9999 -9999 -9999
4 4 4 4 4 4 4 4 4.11875 5.01813 5.85813 5.99875 6 6 6 6 6 6 6 6 6 6 6 6 6 6 6 6 6 6 6 6 6 6 5.9475 5.54232 2.9697 -9999 -9999 -9999 -9999 -9999 -9999 -9999 -9999 -9999 -9999 -9999 -9999 -9999 -9999 -9999 -9999 -9999 -9999 -9999 -9999 -9999 -9999 -9999 -9999 -9999 -9999 -9999 -9999 -9999 -9999 -9999 -9999 -9999 -9999 -9999 -9999 -9999 -9999 -9999 -9999 -9999 -9999 -9999 -9999 -9999
4 4 4 4 4 4 4 4 4 4.20062 5.02563 5.6175 5.925 6 6 6 6 6 6 6 6 6 6 6 6 6 6 6 6 6 6 6 6 5.9025 5.05125 3.11571 2 -9999 -9999 -9999 -9999 -9999 -9999 -9999 -9999 -9999 -9999 -9999 -9999 -9999 -9999 -9999 -9999 -9999 -9999 -9999 -9999 -9999 -9999 -9999 -9999 -9999 -9999 -9999 -9999 -9999 -9999 -9999 -9999 -9999 -9999 -9999 -9999 -9999 -9999 -9999 -9999 -9999 -9999 -9999 -9999 -9999
4 4 4 4 4 4 4 4 4 4 4.11625 4.42125 4.8 4.97813 5.32969 5.89219 6 6 6 6 6 6 6 6 6 6 6 6 6 6 6 6 5.84438 4.59188 2.925 2.08875 2 2 2 2 -9999 -9999 -9999 -9999 -9999 -9999 -9999 -9999 -9999 -9999 -9999 -9999 -9999 -9999 -9999 -9999 -9999 -9999 -9999 -9999 -9999 -9999 -9999 -9999 -9999 -9999 -9999 -9999 -9999 -9999 -9999 -9999 -9999 -9999 -9999 -9999 -9999 -9999 -9999 -9999 -9999 -9999
4 4 4 4 4 4 4 4 4 4 4 4 4.025 4.05937 4.17656 4.56406 5.875 6 6 6 6 6 6 6 6 6 6 6 6 6 6 6 5.20146 2.44313 2.03875 2 2 2 2 2 -9999 -9999 -9999 -9999 -9999 -9999 -9999 -9999 -9999 -9999 -9999 -9999 -9999 -9999 -9999 -9999 -9999 -9999 -9999 -9999 -9999 -9999 -9999 -9999 -9999 -9999 -9999 -9999 -9999 -9999 -9999 -9999 -9999 -9999 -9999 -9999 -9999 -9999 -9999 -9999 -9999 -9999
4.49375 4.16187 4.05688 4 4 4 4 4 4 4 4 4 4 4 4 4 4.13125 5.13438 5.94063 6 6 6 6 6 6 6 6 6 6 6 6 -9999 -9999 -9999 2 2 -9999 -9999 -9999 -9999 -9999 -9999 -9999 -9999 -9999 -9999 -9999 -9999 -9999 -9999 -9999 -9999 -9999 -9999 -9999 -9999 -9999 -9999 -9999 -9999 -9999 -9999 -9999 -9999 -9999 -9999 -9999 -9999 -9999 -9999 -9999 -9999 -9999 -9999 -9999 -9999 -9999 -9999 -9999 -9999 -9999 -9999
5.75625 5.22563 4.43062 4 4 4 4 4 4 4 4 4 4 4 4 4 4 4.48438 5.68437 6 6 6 6 6 6 6 6 6 6 -9999 -9999 -9999 -9999 -9999 2 2 -9999 -9999 -9999 -9999 -9999 -9999 -9999 -9999 -9999 -9999 -9999 -9999 -9999 -9999 -9999 -9999 -9999 -9999 -9999 -9999 -9999 -9999 -9999 -9999 -9999 -9999 -9999 -9999 -9999 -9999 -9999 -9999 -9999 -9999 -9999 -9999 -9999 -9999 -9999 -9999 -9999 -9999 -9999 -9999 -9999 -9999
5.9925 5.58938 4.41187 4 4 4 4 4 4 4 4 4 4 4 4 4 4 4.4 5.6 6 6 6 6 6 6 6 6 -9999 -9999 -9999 -9999 -9999 -9999 -9999 -9999 -9999 -9999 -9999 -9999 -9999 -9999 -9999 -9999 -9999 -9999 -9999 -9999 -9999 -9999 -9999 -9999 -9999 -9999 -9999 -9999 -9999 -9999 -9999 -9999 -9999 -9999 -9999 -9999 -9999 -9999 -9999 -9999 -9999 -9999 -9999 -9999 -9999 -9999 -9999 -9999 -9999 -9999 -9999 -9999 -9999 -9999 -9999
5.62625 4.57937 4.05062 4 4 4 4 4 4 4 4 4 4 4 4 4 4 4.525 5.725 6 6 6 6 6 6 -9999 -9999 -9999 -9999 -9999 -9999 -9999 -9999 -9999 -9999 -9999 -9999 -9999 -9999 -9999 -9999 -9999 -9999 -9999 -9999 -9999 -9999 -9999 -9999 -9999 -9999 -9999 -9999 -9999 -9999 -9999 -9999 -9999 -9999 -9999 -9999 -9999 -9999 -9999 -9999 -9999 -9999 -9999 -9999 -9999 -9999 -9999 -9999 -9999 -9999 -9999 -9999 -9999 -9999 -9999 -9999 -9999
4 4 4 4 4 4 4 4 4 4 4 4 4 4 4 4 4.17375 5.2575 6 6 6 6 6 6 6 6 -9999 -9999 -9999 -9999 -9999 -9999 -9999 -9999 -9999 -9999 -9999 -9999 -9999 -9999 -9999 -9999 -9999 -9999 -9999 -9999 -9999 -9999 -9999 -9999 -9999 -9999 -9999 -9999 -9999 -9999 -9999 -9999 -9999 -9999 -9999 -9999 -9999 -9999 -9999 -9999 -9999 -9999 -9999 -9999 -9999 -9999 -9999 -9999 -9999 -9999 -9999 -9999 -9999 -9999 -9999 -9999
4 4 4 4 4 4 4 4 4 4 4 4 4 4 4 4.0375 4.9325 5.89875 6 6 6 6 6 6 6 6 -9999 -9999 -9999 -9999 -9999 -9999 -9999 -9999 -9999 -9999 -9999 -9999 -9999 -9999 -9999 -9999 -9999 -9999 -9999 -9999 -9999 -9999 -9999 -9999 -9999 -9999 -9999 -9999 -9999 -9999 -9999 -9999 -9999 -9999 -9999 -9999 -9999 -9999 -9999 -9999 -9999 -9999 -9999 -9999 -9999 -9999 -9999 -9999 -9999 -9999 -9999 -9999 -9999 -9999 -9999 -9999
4 4 4 4 4 4 4 4 4 4 4 4 4 4 4 4.76875 5.8625 6 6 6 6 6 6 6 -9999 -9999 -9999 -9999 -9999 -9999 -9999 -9999 -9999 -9999 -9999 -9999 -9999 -9999 -9999 -9999 -9999 -9999 -9999 -9999 -9999 -9999 -9999 -9999 -9999 -9999 -9999 -9999 -9999 -9999 -9999 -9999 -9999 -9999 -9999 -9999 -9999 -9999 -9999 -9999 -9999 -9999 -9999 -9999 -9999 -9999 -9999 -9999 -9999 -9999 -9999 -9999 -9999 -9999 -9999 -9999 -9999 -9999
