public/models/data/input/map/sulut/1000/maptghk.asc
NCOLS 248
NROWS 182
XLLCORNER 510063.019283
YLLCORNER 211117.685435
CELLSIZE 1000.000000
NODATA_VALUE       -9999
[rows 111 to 147 of 182, columns 82 to 163 of 248]
-9999 -9999 -9999 -9999 -9999 -9999 -9999 -9999 -9999 -9999 -9999 -9999 -9999 -9999 -9999 -9999 -9999 -9999 -9999 -9999 -9999 6 6 6 6 6 6 6 6 6 6 5.97094 5.75016 5.41641 3.9375 3 3 3.25 3.89375 4 3.99625 3.87562 3.5625 3.58125 3.74625 3.85063 3.94375 3.98312 3.99813 4 4 4 4 4 4.61875 6.775 7 7 7 7 7 7 7 6.91125 5.89125 3.46 3 3 3.42188 5.50313 6 6 6 5.04375 4.0125 4 4 4 4 4 4 4
-9999 -9999 -9999 -9999 -9999 -9999 -9999 -9999 -9999 -9999 -9999 -9999 -9999 -9999 -9999 -9999 6 6 6 6 6 6 6 6 6 6 6 6 6 5.975 6 6 6 6 5.81563 4.44688 3.66875 3.95625 4 4 4 4 4 4 4 4 4 4 4 4 4 4 4 4 4.35156 6.25469 7 7 7 7 7 7 7 7 6.85 4.2625 3 3 3 4.66875 6 5.99625 5.355 4.18625 4 4 4 4 4 3.98688 3.28 2.43937
-9999 -9999 -9999 -9999 -9999 -9999 -9999 -9999 -9999 -9999 -9999 -9999 -9999 -9999 -9999 6 6 6 6 6 6 6 6 6 6 6 5.9925 5.595 4.8375 4.55 6 6 6 6 5.90063 5.16187 4.65 4.2 4 4 4 4 4 4 4 4 4 4 4 4 4 4 4 4 4.15844 5.52906 6.51625 6.715 7 7 7 7 7 7 7 6.1375 3.2 3 3 4.18125 5.40562 5.20437 4.7075 4.045 4 4 4 4 3.7375 3.29938 2.54 2.01688
-9999 -9999 -9999 -9999 -9999 -9999 -9999 -9999 -9999 -9999 -9999 -9999 -9999 -9999 6 6 6 6 6 6 6 6 6 6 6 6 5.80125 4.06125 2.4375 2.5625 6 6 6 6 5.99625 5.92875 5.85 5.23125 4.075 4 4 4 4 4 4 4 4 4 4 4 4 4 4 4 4.315 4.67875 5.36219 6.05031 6.91563 7 7 7 7 7 7 7 3.8 3 3 3.3375 3.85734 4.43328 4.19375 4 4 4 4 3.925 2.70625 2.13875 2.04875 2
-9999 -9999 -9999 -9999 -9999 -9999 -9999 -9999 -9999 -9999 6 6 6 6 6 6 6 6 6 6 6 6 6 6 6 6 5.84375 3.93125 2.15 4.2625 6 6 6 6 6 6 6 5.94375 5.30625 4.24375 4 4 4.55 4.575 4.74375 4.75625 4 4 4 4 4 4 4.24375 5.25625 5.7 5.7 5.81531 5.97844 6.77187 7 7 7 7 7.1 7.23125 7.04375 3.75 3.05625 3.50625 4.3125 5.17141 5.14422 4.1125 4 4 4 4 3.2 2.05625 2 2 2
6 6 6 6 -9999 -9999 6 6 6 6 6 6 6 6 6 6 6 6 6 6 6 6 6 6 6 6 5.9 4.1 3.6125 5.7375 6 6 6 6 6 6 6 6 5.9875 5.6625 5.26875 5.70625 6 6 6 4.7625 3.99563 3.91687 3.7125 3.85625 4.00125 4.14187 5.26312 5.975 6 6 6 6 6.77187 7 7 7 7 7 7 7 3.33562 4.59562 5.85 6 5.1375 3.7025 3.5975 3.79375 3.8875 3.8475 2.94 2.0875 2 2 2 2
6 6 6 6 6 6 6 6 6 6 6 6 6 6 6 6 6 6 6 6 6 6 6 6 6 6 5.92 4.3175 3.88625 5.77625 6 6 6 6 6 6 6 6 6 6 6 6 6 6 6 4.775 3.63625 3.00125 2.39375 2.9875 4.07375 4.82062 5.79938 6 6 6 6 6 6.86562 7 7 7 7 7 7 7 4.63938 5.67938 6 6 3.0125 2.0225 2.2025 2.58125 2.8625 2.8775 2.2475 2 2 2 2 2
6 6 6 6 6 6 6 6 6 6 6 6 6 6 6 6 6 6 6 6 6 6 6 6 6 6 5.98 5.4575 5.36375 5.94875 5.67375 5.76375 6 6 6 6 6 6 6 6 6 6 6 6 6 5.6 2.59938 2.05063 2 2.5 4.28 5.595 6 6 6 6 6 6 6.8375 7 7 7 7 7 7 7 5.94063 6 6 6 2.075 2 2 2 2 2 2 2 2 2 2 2
6 6 6 6 6 6 6 6 6 6 6 6 6 6 5.95625 5.50625 5.3 5.7375 5.95625 5.76875 5.9 6 6 6 6 6 6 6 6 5.72571 3.5325 3.79875 5.25 5.04375 4.5 6 6 6 6 6 6 6 6 6 6 5.9875 3.7 2.15 2 2.875 5.345 5.955 6 6 6 6 6 6 6.9625 7 7 7 7 7 7 6.9375 6.14687 6 6 6 3 2 2 2 2 2 2 2 2 2 2 2
5.20313 6 6 6 6 6 6 6 6 6 5.84375 4.93125 4.1625 4 4 4 4 4 4 4 4.43125 5.19375 5.45625 5.34625 5.70531 5.96094 6 6 6 4.9995 3 3 3.47813 4.51875 3.28125 3.7875 3.05625 3.375 3.74062 4.97979 5.65198 5.92122 6 6 6 6 6 5.675 5.6 5.975 6 6 6 6 6 6 6 6 7 7 7 7 6.99937 6.94781 6.63094 6.16875 6 6 6 6 5.975 4.875 2.55 2 2.05813 2.03562 2 2 2 2 2 2
4.82813 6 6 6 6 6 6 6 5.59219 4.75156 4.0975 3.14313 3.27813 3.11875 3.025 3.025 3.025 3.11875 3.5875 3.65313 3.35781 3.37656 3.60719 3.94656 4.52594 5.15781 5.9625 6 6 5.07996 3.35625 3 3 3.75938 3 3 3 3 3 3.14625 3.79594 4.76991 5.77627 6 6 6 6 6 6 6 6 6 6 6 6 6 6 6 6.98125 7 7 7 6.9725 6.61781 6.10031 6 6 6 6 6 6 5.6475 3.27 2.27 2.92937 2.45187 2.02813 2.00938 2 2 2 2
4.575 5.95781 5.01563 4.67344 5.68594 6 6 5.85938 3.73594 1.77969 1.3525 1.27562 1.47812 1.31875 1.225 1.225 1.225 1.31875 1.7875 1.85312 1.55781 1.57656 1.82687 2.38562 3.32219 4.02156 5.49375 6 6 5.79574 5.02547 3.72141 3 3.05625 2.98688 2.83969 2.67656 2.70937 3 3 3 3.20625 4.62315 6 6 6 6 6 6 6 6 6 6 6 6 6 6 6 6.52563 6.92125 7 7 6.9725 6.6225 6.105 6 6 6 6 6 6 5.9025 4.07062 3.31437 3.95125 3.35188 2.95625 2.34687 2 2 2 2
2.15937 3.05781 1.67188 1.57656 3.79844 5.82813 6 5.95313 4.875 1.70313 1 1 1 1 1 1 1 1 1 1 1 1 1.00656 1.08719 1.53719 2.91906 4.66875 6 6 6 5.95005 5.07965 3.41826 3 2.82875 2.20094 2.09219 2.10313 2.475 2.9625 3 3 3.30938 4.81875 6 6 6 6 6 6 6 6 6 6 6 6 6 6 6.11812 6.70375 7 7 6.99937 6.87437 6.42625 6.0625 6 6 6 6 6 6 5.67188 4.32813 3.99875 3.93563 3.90937 3.4125 2 2 2 2
1 1 1 1 1 1.9375 2.25 2.65625 3.59375 3.25 1.125 1 1 1 1 1 1 1 1 1 1 1 1 1 1 1 1.67188 3.44375 5.52031 5.98906 5.88807 4.82421 3.50625 3.30625 3.74375 3.09437 2.10437 2.00125 2.02813 2.43594 2.95156 3.2625 4.56563 5.74687 6 6 6 6 6 6 6 6 6 6 6 6 6 6.00625 6.28125 6.87813 7 7 7 7 7 7 6.68984 6.11953 6 6.05625 6.13625 6.0075 6 5.25 4 4 4 4 3.1425 2.02625 2 2
1 1 1 1 1 1 1 1 1 1.375 1.1875 1 1 1 1 1 1 1 1 1 1 1 1 1 1 1 1 1.29062 3.2125 5.34062 5.74947 4.38841 3.85 3.925 3.56562 3.4825 2.80938 2.07375 2 2.24219 2.84219 3.675 5.17125 5.85375 6 6 6 6 6 6 6 6 6 6 6 6 6 6.11875 6.84062 7 7 7 7 7 7 7 6.95266 6.49172 6.03375 6.56875 7.12313 6.24563 6 5.7375 4 4 4 4 3.64188 2.22688 2 2
1 1 1 1 1 1 1 1 1 1 1 1 1 1 1 1 1 1 1 1 1 1 1 1 1 1 1 1 1.22031 3.21719 5.70123 4.3037 4 3.6625 2.36562 2.6575 3.39063 2.59875 2 2.2 2.8 3 3.57797 5.36016 5.69625 5.8875 6 6 6 6 6 6 6 6 6 6 6 6.16563 6.9625 7 7 7 7 7 7 7 6.99813 6.825 6.24188 7.00375 7.90125 6.95437 6.05062 4.875 4 4 4 4 3.83406 2.82219 2.3 2.675
1 1 1 1 1 1 1 1 1 1 1 1 1 1 1 1 1 1 1 1 1 1 1 1 1 1 1 1 1 1.34375 5.21572 4.05275 4 3.625 2 2.14063 3.29562 3.73875 2.5 2.2625 2.8625 3 3.08203 3.52359 3.5475 5.3625 6 6 6 6 6 6 6 6 6 6 6 6.02187 6.34688 6.87813 7 7 7 7 7 7 7 6.98562 6.54313 6.9275 7.83313 6.72375 6.02437 4.5125 4 4 4 4 3.98156 3.82469 3.7 3.825
1 1 1 1 1 1 1 1 1 1 1 1 1 1 1 1 1 1 1 1 1 1 1 1 1 1 1 1 1 1 3.05626 4.15849 4 4 2.29375 2 2.89531 3.89844 4 3.93125 3.39687 3.02187 3.00656 3.24563 4.16109 5.07422 6 6 6 6 6 6 6 6 6 6 6 6 6.02812 6.28438 6.36875 6.38125 6.81484 6.95266 6.99813 7 7 7 7 7 7.66406 6.28594 6 4.70625 4 4 4 4 4 4 4 3.75312
1 1 1 1 1 1 1 1 1 1 1 1 1 1 1 1 1 1 1 1 1 1 1 1 1 1 1 1 1 1 1.73526 4.11779 4 4 2.93125 2.14875 3.12094 3.92406 4 4 3.70656 3.10594 3.02531 3.87562 4.54922 3.24984 5.85 6 6 6 6 6 6 6 6 6 6 6 6 6 6 6 6.11953 6.49172 6.83906 6.99031 7 7 6.85375 6.3775 6.74969 6.23156 5.9775 4.65375 4 4 4 4 4 4 3.91375 3.32687
1 1 1 1 1 1 1 1 1 1 1 1 1 1 1 1 1 1 1 1 1 1 1 1 1 1 1 1 1 1 1.35397 3.26192 4 4 3.61562 3.10687 3.80625 3.99625 4 4 3.93719 3.21281 3.00563 3.22875 3.29906 3.02906 5.2875 6 6 6 6 6 6 6 6 6 6 6 6 6 6 6 6 6.03375 6.27 6.5525 6.64609 6.53828 5.94063 4.70313 4.65344 5.62406 5.42906 4.24969 4 4 4 4 4 4 3.64797 3.19891
1 1 1 1 1 1 1 1 1 1 1 1 1 1 1 1 1 1 1 1 1 1 1 1 1 1 1 1 1 1 1.18797 2.76392 4 4 3.97187 3.91937 3.99625 4 4 4 4 3.4375 3 3 3 3 4.8 6 6 6 6 6 6 6 6 6 6 6 6 6 6 6 6 6 6.00844 6.05406 6.08203 6.04609 5.88062 5.43188 4.26406 4.63969 4.28719 4.02156 4 4 4 4 4 3.94375 3.37891 4.39922
1 1 1 1 1 1 1 1 1 1 1 1 1 1 1 1 1 1 1 1 1 1 1 1 1 1 1 1 1 1 1.01875 2.31401 4.08505 4.0091 4 4 4 4 4 4 4 3.725 3.07984 3.02953 3 3.31875 5.625 6 6 6 6 6 6 6 6 6 6 6 6 6 5.94562 5.34188 5.6575 5.9925 6 6 6 6 6 6 5.16906 4.08719 4 4 3.99219 3.94531 4.06156 4.43219 4.70625 4.34469 3.82297 5.54484
1 1 1 1 1 1 1 1 1 1 1 1 1 1 1 1 1 1 1 1 1 1 1 1 1 1 1 1 1 1 1.19219 3.48534 5.24461 4.27871 4 4 4 4 4 4 4 3.9625 3.62672 3.29578 3.00563 4.59375 6 6 6 6 6 6 6 6 6 6 6 6 6 5.98875 5.4225 4.22625 4.645 5.4475 5.8825 6 6 6 6 6 5.82844 4.94031 4.31875 4.15625 3.75156 3.43594 3.86344 5.64281 6 5.81156 5.54578 5.91141
1 1 1 1 1 1 1 1 1 1 1 1 1 1 1 1 1 1 1 1 1 1 1 1 1 1 1 1 1 1 3.11406 5.15156 5.97394 5.10019 4 4 4 4 4 4 4 4 3.98719 3.61219 3.05063 3.8625 5.055 5.9325 6 6 6 6 6 6 6 6 6 6 5.96438 5.47875 4.4625 4.02563 4.0225 4.28125 4.96656 5.83594 6 6 6 6 5.99625 5.87875 5.51875 5.35625 4.31687 3.0675 3.3825 5.505 6 6 6 6
1 1 1 1 1 1 1 1 1 1 1 1 1 1 1 1 1 1 1 1 1 1 1 1 1 1 1 1 1 2.5625 5.65938 5.98125 6 5.60793 4 4 4 4 4 4 4 4 3.9875 3.6 3.0375 3.0375 3.50437 5.19562 6 6 6 6 6 6 6 6 5.925 5.075 4.85437 4.26375 4.02563 4 4 4.00375 4.09469 5.17031 6 6 6 6 6 6 6 6 5.67375 4.19812 3.23625 5.37 6 6 6 6
1 1 1 1 1 1 1 1 1 1 1 1 1 1 1 1 1 1 1 1 1 1 1 1 1 1 1 1.04844 2.01875 5.26094 6 6 6 6 5.33125 4.66875 4.32656 4.04219 4 4.00375 4.20906 4.84344 4.53188 3.89063 3.8025 4.3875 4.55625 5.38125 6 6 6 6 6 6 6 5.99625 5.62687 4.22062 3.66875 3.2625 3 3.125 3.63094 3.91281 4 4 5.39219 5.92406 5.99625 6 6 6 6 6 6 5.64375 5.05312 5.80312 6 6 6 5.39797
1 1 1 1 1 1 1 1 1 1 1 1 1 1 1 1 1 1 1 1 1 1 1 1 1 1 1.12656 2.25 4.60313 5.91094 6 6 6 6 6 6 5.61469 4.44156 4 4.14 5.13469 5.93156 5.91187 5.69063 5.91 6 6 6 6 6 6 6 6 6 5.99625 5.775 4.7175 3.28 2.31875 2 2 2 2.25281 3.23969 3.95125 4 4.27656 5.02094 5.3275 5.5375 6 6 6 6 6 6 6 6 6 6 6 5.8439
1 1 1 1 1 1 1 1 1 1 1 1 1 1 1 1 1 1 1 1 1 1 1 1 1 1 2.44844 5.04844 5.925 6 6 6 6 6 6 6 5.9775 5.485 4.68437 5.03062 5.7975 6 6 6 6 6 6 6 6 6 6 6 6 6 5.85844 4.83656 3.17438 2.14937 2 2 2 2 2.01 2.35938 3.47875 3.98312 4 4.04875 4.13875 4.3375 6 6 6 6 6 6 6 6 6 6 6 6
1 1 1 1 1 1 1 1 1 1 1 1 1 1 1 1 1 1 1 1 1 1 1 1 1.1875 3 5.37813 5.98125 6 6 6 6 6 6 6 6 6 5.9875 5.82813 5.90063 5.99625 6 6 6 6 6 6 6 6 6 6 6 6 6 5.43906 4.09844 3.7 3.50625 3.43125 2.69375 2 2 2 2.01938 2.46375 3.32312 3.625 4 4 4 5.75 6 6 6 6 6 6 6 6 6 6 6
1 1 1 1 1 1 1 1 1 1 1 1 1 1 1 1 1 1 1 1 1 1 1.05391 2.06172 4.9 6 6 6 6 6 6 6 6 6 6 6 6 6 6 6 6 6 6 5.89687 5.64141 5.91484 6 6 6 6 6 6 6 6 4.875 4 4 3.9875 3.3875 2.24375 2 2 2 2 2 2 2 2.0375 2.675 3.7 4.89563 5.72062 5.95875 6 6 6 6 6 6 6 6 6
1 1 1 1 1 1 1 1 1 1 1 1 1 1 1 1 1 1 1 1 1.05625 1.31875 2.37422 4.57266 5.94375 6 6 6 6 6 6 6 6 6 6 6 6 6 5.90625 6 5.475 5.025 4.6875 3.94375 3.00859 5.28203 6 6 6 6 6 6 6 6 4.5 3.98875 3.86125 3.375 2.24375 2 2 2 2 2 2 2 2 2 2 2.8 4.03562 4.47437 5.41563 5.94938 6 6 6 6 6 6 6 6
1 1 1 1 1 1 1 1 1 1 1 1 1 1 1 1 1 1 1 1 1.50625 3.86875 5.2125 5.94375 6 6 6 6 6 6 6 6 6 6 6 5.77969 4.59141 4.01953 3.5625 4.85156 3.14531 2.03437 1.6875 1.25312 1.08438 4.7875 6 6 6 6 6 6 6 5.925 4.15969 3.35219 2.73813 2.2125 2 2 2 2 2 2 2 2 2 2 2 2.1625 4 4.01125 4.41813 5.70188 6 6 6 6 6 6 6 6
1 1 1 1 1 1 1 1 1 1 1 1 1 1 1 1 1 1 1 1 2.6875 5.5625 6 6 6 6 6 6 6 6 6 6 6 6 6 4.97031 2.17422 1.33984 1.21875 1.61719 1.22344 1.00312 1 1 1 4.4375 6 6 6 6 6 6 6 5.075 3.59656 2.20281 2.02562 2 2 2 2 2 2 2 2 2 2 2 2 2.25 4 4 4.02625 5.5175 6 6 6 6 6 6 6 6
1 1 1 1 1 1 1 1 1 1 1 1 1 1 1 1 1.01875 1.62188 2.875 3 5.25 6 6 6 6 6 6 6 6 6 6 6 6 6 5.56563 3.5125 1.1875 1 1 1 1 1 1 1 1 1.9375 6 6 6 6 6 6 5.64844 4.30781 3.7 2.3 2 2 2 2 2 2 2 2 2 2 2 2.00375 2.17156 3.33094 4 4 4 5.08125 6 6 6 6 5.3375 4.0875 4.425 5.825
1 1 1 1 1 1 1 1 1 1 1 1 1 1.25 1.84375 1.5 2.19844 4.56719 6 6 6 6 6 6 6 6 6 6 6 6 6 6 6 5.25 2.85625 1.25312 1 1 1 1 1 1 1 1 1 1.5 6 6 6 6 6 5.98125 5.03906 4.08594 3.7 2.3 2 2 2.0375 2.15 2.15 2.075 2 2 2 2.075 2.29688 2.58812 3.22094 3.91281 4 4 4 4.70625 6 6 6 6 2.825 2 3.35 5.77174
1 1 1 1 1 1 1 1 1 1 1 1 1 2.1875 4.84375 4.5 5.14219 5.88906 6 6 6 6 6 6 6 6 6 6 6 6 6 6 5.46562 2.69062 1 1 1 1 1 1 1 1 1 1 1 3.1875 6 6 6 6 6 5.98125 4.96875 4.0625 3.76844 2.52781 2.18 2.57375 3.125 3.35 3.35 3.2 2.76875 2.70313 2.92812 3.2 3.49688 3.77688 3.95125 4 4 4 4.21375 5.205 6 6 5.7975 5.89121 2 2 -9999 6
1 1 1 1 1 1 1 1 1 2.5625 3.8125 4.65625 3.90625 4.875 6 6 6 6 6 6 6 6 6 6 6 6 6 6 6 6 6 5.65625 3.2375 1.2 1 1 1 1 1 1 1 1 1 1 1 4.5625 6 6 6 6 6 6 5.3625 4.1875 3.96281 3.70344 3.62 3.78875 3.9625 4 4 3.975 3.85625 3.83437 3.90937 3.975 4 4 4 4 4.0125 4.5625 5.54875 5.92 6 5.925 4.14 5.11998 -9999 -9999 -9999 6
