public/models/data/input/map/sulut/1000/maptghk.asc
NCOLS 248
NROWS 182
XLLCORNER 510063.019283
YLLCORNER 211117.685435
CELLSIZE 1000.000000
NODATA_VALUE       -9999
[rows 111 to 147 of 182, columns 0 to 81 of 248]
-9999 -9999 6 6 6 6 6 6 6 6 5.55 2.77873 5.49004 6 6 6 6 6 5.7 2.8 3.25 6 6 6 6 6 6 6 6 6 6 5.8875 5.81255 5.90118 5.8093 5.96938 6 6 6 6 6 6 -9999 -9999 -9999 -9999 -9999 -9999 -9999 -9999 -9999 -9999 6 5.50188 3.16166 2 2 2 2.26446 5.29697 -9999 -9999 -9999 -9999 -9999 -9999 -9999 -9999 -9999 -9999 -9999 -9999 -9999 -9999 -9999 -9999 -9999 -9999 -9999 -9999 -9999 -9999
-9999 -9999 -9999 6 6 6 6 6 6 6 6 5.25 6 6 6 6 6 6 6 4.5 3.45 6 6 6 6 6 6 6 6 6 6 6 6 6 6 6 6 6 6 6 6 6 6 6 6 6 6 6 6 6 6 6 6 6 5.6625 5.3375 5.975 5.525 5.525 5.975 6 6 6 6 6 -9999 -9999 -9999 -9999 -9999 -9999 -9999 -9999 -9999 -9999 -9999 6 6 6 -9999 -9999 -9999
-9999 -9999 -9999 -9999 6 6 6 6 6 6 6 6 6 6 6 6 5.7475 5.8275 6 6 5.55 6 6 6 6 6 6 6 6 6 6 6 6 6 6 6 6 6 6 6 6 6 6 6 6 6 6 6 6 6 6 6 6 6 6 6 6 6 6 6 6 6 6 6 6 6 6 6 6 6 6 -9999 -9999 -9999 -9999 -9999 6 6 6 6 -9999 -9999
-9999 -9999 -9999 -9999 -9999 6 6 6 6 6 6 6 6 6 5.89875 5.445 4.73875 5.12437 5.94938 6 6 6 6 6 6 6 6 6 6 6 6 6 6 5.865 5.70188 5.94562 6 6 6 6 6 6 6 6 6 6 6 6 6 6 6 6 6 6 6 6 6 6 6 6 6 6 6 6 6 6 6 6 6 6 6 6 -9999 -9999 -9999 -9999 -9999 -9999 -9999 6 -9999 -9999
-9999 -9999 -9999 -9999 -9999 -9999 -9999 -9999 6 6 6 6 6 6 5.42625 4.355 4.27625 5.36062 5.56313 5.0375 5.1375 4.775 5.4125 5.925 6 6 6 6 6 6 6 6 5.53125 4.89125 4.47312 4.84188 5.875 6 6 6 6 6 6 6 6 6 6 6 6 6 6 6 6 6 6 6 6 6 6 6 6 6 6 6 6 6 6 6 6 6 6 6 -9999 -9999 -9999 -9999 -9999 -9999 -9999 6 -9999 -9999
-9999 -9999 -9999 -9999 -9999 -9999 -9999 -9999 -9999 -9999 -9999 -9999 6 6 6 6 4.80625 4.61875 4.2625 4 4.85 4 4 4.2625 6 6 6 6 6 6 5.94094 5.09656 4 4 4 4 4.45 5.49 5.83313 5.98938 6 6 6 6 6 6 6 6 6 6 6 6 6 6 6 6 6 6 6 6 6 6 6 5.9875 5.9875 6 6 6 6 5.99438 5.97469 5.99344 6 6 6 6 -9999 6 6 6 6 6
-9999 -9999 -9999 -9999 -9999 -9999 -9999 -9999 -9999 -9999 -9999 -9999 -9999 -9999 6 6 5.15 4 4 4 4.15 4 4 4.95 6 6 6 6 6 6 5.73469 4.56531 4 4 4 3.7375 3.56 4.075 4.7725 5.4925 5.83813 5.87437 6 6 5.89875 5.17625 4.86875 5.68125 6 6 6 6 6 6 6 6 6 6 6 6 6 6 6 5.7125 5.7125 6 5.69906 5.11969 5.3625 5.79938 5.1525 5.69812 6 6 6 6 2 -9999 4.4 4.99901 6 6
-9999 -9999 -9999 -9999 -9999 -9999 -9999 -9999 -9999 -9999 -9999 -9999 -9999 -9999 -9999 6 4.6625 4 4 4 4 4 4 4.6125 6 6 6 6 5.65872 5.89875 5.91187 5.34438 4 4 4 2.875 2.47438 3.60063 4.05062 4.32438 4.65125 5.13997 5.94622 6 5.25375 2.93375 2.46875 3.7125 5.46375 5.955 6 6 6 6 6 6 6 6 6 6 6 6 6 5.3 5.19688 5.56406 4.61062 3.40031 3.88313 5.47875 4.08094 4.46344 6 6 6 6 3.60017 3.80896 2.11334 3.74825 6 6
-9999 -9999 -9999 -9999 -9999 -9999 -9999 -9999 -9999 -9999 -9999 -9999 -9999 -9999 -9999 -9999 4.27778 4 4 4 4 4 4 5.05 6 6 6 6 4.83249 5.445 6 4.90625 4 4 3.68125 2.33125 2.08437 3.05312 4 4 4.00437 4.3252 5.21207 5.125 2.935 2.0525 2 2.14375 3.5425 5.20125 5.9625 6 6 6 6 6 6 6 6 6 5.75572 6 6 5.43182 5.01563 5.05469 4.83719 4.05188 3.13875 4.13062 3.8325 3.20438 5.4375 6 6 6 5.68572 5.46679 5.06174 5.55308 6 6
-9999 -9999 -9999 -9999 -9999 -9999 -9999 -9999 -9999 -9999 -9999 -9999 -9999 -9999 -9999 -9999 -9999 4 4 4 4 4 4.075 5.175 4.95625 5.06875 5.8 6 4.92375 4.84312 5.16 4.85437 4 3.925 2.8 2.025 2.05 2.95 4 4 4 4 4 3.875 2.45469 2.17656 2.275 2.35 3.125 4.0375 4.40594 4.72531 5.12437 5.96344 5.83969 5.95375 5.98438 5.91719 5.81497 5.43905 5.09785 5.65385 5.83389 5.69536 5.0625 5 5 4.8625 3 3.1125 4.32188 3.64687 3.37313 5.07844 5.85187 5.99344 6 6 6 6 5.35938 3.89063
-9999 -9999 -9999 -9999 -9999 -9999 -9999 -9999 -9999 -9999 -9999 -9999 -9999 -9999 -9999 -9999 -9999 -9999 4 4 4 4 4 4 4 4.5625 5.7625 5.73439 5.02625 4.70687 4.7275 4.03312 4 3.89875 2.7475 2.01625 2.05 2.95 4 4 4 4 4 4 3.63906 3.32969 3.625 3.775 4.00656 4.14031 4.67469 5.27219 5.67125 5.54094 5.19781 5.6025 5.67188 5.35156 5.13219 5.00375 5.03259 5.2187 5.16031 5.01312 5 5 4.97257 4.60836 3 3 3.44438 4.26188 3.01125 3.36844 4.43156 4.98562 5.19469 5.86781 5.94375 5.36875 2.92188 1.82813
-9999 -9999 -9999 -9999 -9999 -9999 -9999 -9999 -9999 -9999 -9999 -9999 -9999 -9999 -9999 -9999 -9999 -9999 -9999 4 4 4 4 4 4 4.26813 4.99253 4.70393 4.93333 4.24 4.31125 4.02375 4 3.98875 2.9275 2.04625 2.05 2.95 4 4 4 4 4 4 4 4 4 4 4.16313 4.68687 5.06938 5.19625 5.07312 5.03937 5 5.11875 5.11875 5 5 5 5 5 5 5 4.98313 4.65125 4.00588 3.463 3 3 3.09 4.05375 3 3 3.07594 3.20531 3.38344 4.34156 4.14609 2.50703 1.09375 1.70156
-9999 -9999 -9999 -9999 -9999 -9999 -9999 -9999 -9999 -9999 -9999 -9999 -9999 -9999 -9999 -9999 -9999 -9999 -9999 4 4 4 4 4 4 4.01937 4.10084 4.05651 4.17778 4.01 4.01375 4.00125 4 4 2.95 2.05 2.05 2.95 4 3.75 2.775 3.85 4 4 4 4 4 4 4.70219 4.98219 5 5 5 5 5 5 5 5 5 5 5 5 5 5 4.95437 4.12375 3.07777 3.00571 3 3 3 3.13125 3.19375 3.2625 2.71875 2.075 1.48125 1.50625 1.40078 1.04609 1 1.04844
-9999 -9999 -9999 -9999 -9999 -9999 -9999 -9999 -9999 -9999 -9999 -9999 -9999 -9999 -9999 -9999 -9999 -9999 -9999 4 4 4 4 4 4 4 4 4 4 4 4 4 4 4 3.01563 2.07188 2.09719 3.08406 3.97375 2.7325 2.16281 3.28469 3.99625 4 4 4 4 4.1875 5 5 5 5 5 5 5 5 5 5 5 5 5 5 5 5 5 4.51625 3.32 3.00125 3 3.00187 3.08578 3.54047 4 3.775 1.975 1 1 1 1 1 1 1
-9999 -9999 -9999 -9999 -9999 -9999 -9999 -9999 -9999 -9999 -9999 -9999 -9999 -9999 -9999 -9999 -9999 -9999 4 4 4 4 4 4 4 4 4 4 4 4 4 4 4 4 3.50688 2.55562 2.77781 3.71594 3.72625 2.3425 2.06844 2.93406 3.92875 4 4 4 4 4.25 5 5 5 5 5 5 5 5 5 5 5 5 5 5 5 5 5 4.88375 3.755 3.02375 3.00689 3.12753 3.57609 3.95641 4 3.775 1.975 1 1 1 1 1 1 1
-9999 -9999 -9999 -9999 -9999 -9999 -9999 -9999 -9999 -9999 -9999 -9999 -9999 -9999 -9999 -9999 -9999 2 2.67954 3.60652 4 4 4 4 4 4 4 4 4 4 4 4 4 4 3.94 3.66 3.825 4 3.20313 2.13438 2.02625 2.8075 3.92875 4 4 4 4 4.25 5 5 5 5 5 5 5 5 5 5 5 5 5 5 5 5 4.98219 4.75063 3.89188 3.36594 3.5123 3.70372 3.94125 4 4 3.775 1.975 1 1 1 1 1 1 1
-9999 -9999 -9999 -9999 -9999 -9999 -9999 -9999 -9999 -9999 -9999 -9999 -9999 -9999 -9999 -9999 -9999 2 2.03027 2.29384 3.5 4 4 4 4 4 4 4 4 4 4 4 4 4 4 4 4 4 3.14687 2.11562 2.1425 3.22375 3.99625 4 4.0625 4.3125 4.5 4.375 5 5 5 5 5 5 5 5 5 5 5 5 5 5 5 5 4.76469 4.17125 3.97062 3.91531 3.96847 3.99394 4 4 4 3.775 1.975 1 1 1 1 1 1 1
-9999 -9999 -9999 -9999 -9999 -9999 -9999 -9999 -9999 -9999 -9999 -9999 -9999 -9999 -9999 -9999 2 2 2 2 2.13125 3.06813 3.78813 3.96875 4 4 4 4 4 4 4 4 4 4 4 4 4 4 3.75625 2.6125 2.3675 3.46375 4 4 4.2875 4.545 4.38 4.15 4.9625 5 5 5 4.99781 4.98344 4.975 4.975 4.9125 4.9125 4.9125 4.9125 4.8475 4.8025 4.7125 4.475 4 4 4 3.5 3.25655 3.82281 3.97937 4 4 3.775 1.975 1 1 1 1 1 1 1
-9999 -9999 -9999 -9999 -9999 -9999 -9999 -9999 -9999 -9999 -9999 -9999 -9999 -9999 -9999 -9999 2 2 2 2 2 2.12562 2.58687 3.40625 3.925 4 4 4 4 4 4 4 4 4 4 4 4 4 4 3.75625 3.47125 4.0975 4.34875 4.42625 4.6 4.2925 4.045 4 4.61875 4.81875 4.75781 4.68594 4.66187 4.57562 4.525 4.525 4.3375 4.3375 4.3375 4.3375 4.14625 4.07875 4 4 4 4 4 3.25 3.01781 3.23719 3.75938 3.99187 4 3.775 1.975 1 1 1 1 1 1 1
-9999 -9999 -9999 -9999 -9999 -9999 -9999 -9999 -9999 -9999 -9999 -9999 -9999 -9999 -9999 -9999 2 2 2 2 2 2 2 2.3 2.83281 3.19844 3.52187 3.84063 4 4 4 4 4 4 4 4 4 4.09375 4.375 4.09375 4.48375 4.6225 4.5475 4.88375 4.075 4 4 4 4.13125 4.21875 4.15781 4.08594 4.06844 4.02531 4 4 4 4 4 4 4 4 4 4 4 4 4 3.38125 3 3.00563 3.53625 3.97688 4 3.89313 2.21125 1.03937 1 1 1 1 1 1
-9999 -9999 -9999 -9999 -9999 -9999 -9999 -9999 -9999 -9999 -9999 -9999 -9999 -9999 -9999 -9999 2 2 2 2 2 2 2 2 2.03594 2.13281 2.24062 2.39687 2.5 2.5 2.66875 2.95625 3.875 4 4 4 4 4.03125 4.125 4.03125 4.15875 4.16 4.06625 4.1525 4.75 4 4 4 4 4 4 4 4 4 4 4 4 4 4 4 4 4 4 4 4 4 4 3.74375 3 3 3.525 3.975 4 3.99437 2.41375 1.07313 1 1 1 1 1 1
-9999 -9999 -9999 -9999 -9999 -9999 -9999 -9999 -9999 -9999 -9999 -9999 -9999 -9999 -9999 -9999 -9999 -9999 1.30769 1.60942 1.95876 2 2 2 2 2 2 2 2 2 2 2 2.24875 3.39188 3.88875 3.98938 4 4 4 4 4 4 4 4.35 4 4 4 4 4 4 4 4 4 4 4 4 4 4 4 4 4 3.98375 3.98 3.99875 4 4 4 4 3.42875 3.24125 3.69875 3.99375 4 4 2.49953 1.15984 1.2625 1.2625 1.13875 1.01125 1 1
-9999 -9999 -9999 -9999 -9999 -9999 -9999 -9999 -9999 -9999 -9999 -9999 -9999 -9999 -9999 -9999 -9999 -9999 -9999 1 1.79381 2 2 2 2 2 2 2 2 2 2 2 2.0075 2.26437 2.88875 3.29562 3.475 3.66125 3.90125 4 4 4 4 4.15 4 4 4 4 4 4 4 4 4 4 4 4 4 4 4 4 3.97438 3.56562 3.2675 3.855 4 4 4 4 3.98688 3.93062 3.97 4 4 4 3.27859 2.49953 2.9875 2.9875 2.21125 1.13875 1 1
-9999 -9999 -9999 -9999 -9999 -9999 -9999 -9999 -9999 -9999 -9999 -9999 -9999 -9999 -9999 -9999 -9999 -9999 -9999 -9999 -9999 2 2 2 -9999 2 2 2 2 2 2 2 2 2 2.0225 2.1275 2.275 2.4725 3.17094 3.91281 4 4 4 4 4 4 4 4 4 4 4 4 4 4 4 4 4 4 4 4 3.85063 2.76312 2.1275 3.29625 4 4 4 4 4 4 4 4 4 4 4 4 4 4 2.9875 1.2625 1 1
-9999 -9999 -9999 -9999 -9999 -9999 -9999 -9999 -9999 -9999 -9999 -9999 -9999 -9999 -9999 -9999 -9999 -9999 -9999 -9999 -9999 -9999 -9999 -9999 -9999 -9999 2 2 2 2 2 2 2 2 2 2 2 2.00375 2.17156 3.45594 4 4 4 4 4 4 4 4 4 4 4 4 4 4 4 4 4 4 4 4 3.66875 2.28125 2 2.6375 4 4 4 4 4 4 4 4 4 4 4 4 4 4 2.9875 1.2625 1 1
-9999 -9999 -9999 -9999 -9999 -9999 -9999 -9999 -9999 -9999 -9999 -9999 -9999 -9999 -9999 -9999 -9999 -9999 -9999 -9999 -9999 -9999 -9999 -9999 -9999 -9999 -9999 -9999 2 2 2 2 2 2 2 2 2 2 2 2.125 3.2675 3.67313 3.88875 3.98938 4 4 4 4 4 4 4 4 4 3.98375 3.88812 3.76563 3.53312 3.75437 3.95125 3.93 3.13125 2 2 2 3.95625 4 4 4 4 4 4 4 4 4 4 4 4 4 2.56562 1.12188 1 1
-9999 -9999 -9999 -9999 -9999 -9999 -9999 -9999 -9999 -9999 -9999 -9999 -9999 -9999 -9999 -9999 -9999 -9999 -9999 -9999 -9999 -9999 -9999 -9999 -9999 -9999 -9999 -9999 2 2 2 2 1.94375 1.93062 1.97563 2 2 2 2 2 2.02625 2.32063 2.88875 3.68313 4 4 4 4 4 4 4 4 3.94937 3.49062 2.87562 2.49688 2.05437 2.50813 3.1325 3.02375 2.24375 2 2 2 3.63125 4 4 4 4 4 4 4 4 4 4 4 4 3.955 2.335 1.06 1 1
-9999 -9999 -9999 -9999 -9999 -9999 -9999 -9999 -9999 -9999 -9999 -9999 -9999 -9999 -9999 -9999 -9999 -9999 -9999 -9999 -9999 -9999 -9999 -9999 -9999 -9999 -9999 -9999 2 2 1.94098 1.6286 1.3625 1.33625 1.42625 1.56875 1.81625 1.94938 2 2 2 2 2.0225 2.7775 4 4 4 4 4 4 4 4 3.58938 2.36188 2.01125 2 2 2 2.07875 2.03375 2 2 2 2 3.0875 4 4 4 4 4 4 4 4 4 4 4 4 3.82 2.065 1.015 1 1
-9999 -9999 -9999 -9999 -9999 -9999 -9999 -9999 -9999 -9999 -9999 -9999 -9999 -9999 -9999 -9999 -9999 -9999 -9999 -9999 -9999 -9999 -9999 -9999 -9999 -9999 -9999 -9999 -9999 2 1.90164 1.09072 1.00625 1.00188 1.01688 1.05625 1.14382 1.22742 1.3969 1.49593 1.75625 1.86875 2 2.0875 3.625 4 4 4 4 4 4 4 2.83 2.0075 2 2 2 2 2 2 2 2 2 2 2.44375 3.75625 4 4 4 4 4 4 4 4 4 4 4 3.775 1.975 1 1 1
-9999 -9999 -9999 -9999 -9999 -9999 -9999 -9999 -9999 -9999 -9999 -9999 -9999 -9999 -9999 -9999 -9999 -9999 -9999 -9999 -9999 -9999 -9999 -9999 -9999 -9999 -9999 -9999 -9999 -9999 -9999 -9999 -9999 -9999 -9999 -9999 -9999 -9999 -9999 1 1 1 1.08438 1.29062 1.89813 3.52938 3.985 4 4 4 4 3.75 2 2 2 2 2 2 2 2 2 2 2 2.0375 2.28 3.4075 4 4 4 4 4 4 4 4 4 4 4 3.48438 1.68438 1 1 1
-9999 -9999 -9999 -9999 -9999 -9999 -9999 -9999 -9999 -9999 -9999 -9999 -9999 -9999 -9999 -9999 -9999 -9999 -9999 -9999 -9999 -9999 -9999 -9999 -9999 -9999 -9999 -9999 -9999 -9999 -9999 -9999 -9999 -9999 -9999 -9999 -9999 -9999 -9999 -9999 -9999 1 1 1 1.0675 1.95062 3.24437 3.71875 4 4 4 3.5 2 2 2 2 2 2 2 2 2 2 2.0975 2.7775 3.22 3.8425 4 4 4 3.98312 3.84812 3.49375 3.025 3.14687 3.56875 3.76563 3.74219 2.94344 1.37688 1 1 1
-9999 -9999 -9999 -9999 -9999 -9999 -9999 -9999 -9999 -9999 -9999 -9999 -9999 -9999 -9999 -9999 -9999 -9999 -9999 -9999 -9999 -9999 -9999 -9999 -9999 -9999 -9999 -9999 -9999 -9999 -9999 -9999 -9999 -9999 -9999 -9999 -9999 -9999 -9999 -9999 -9999 -9999 -9999 -9999 1 1.07313 1.48937 1.91875 3.24062 4 4 3.5 2 2 2 2 2 2 2 2 2 2 2.17625 3.6175 4 4 4 4 3.86922 2.94391 2.12125 1.69375 1.225 1.34687 1.76875 1.96563 1.94219 1.53156 1.045 1 1 1
-9999 -9999 -9999 -9999 -9999 -9999 -9999 -9999 -9999 -9999 -9999 -9999 -9999 -9999 -9999 -9999 -9999 -9999 -9999 -9999 -9999 -9999 -9999 -9999 -9999 -9999 -9999 -9999 -9999 -9999 -9999 -9999 -9999 -9999 -9999 -9999 -9999 -9999 -9999 -9999 -9999 -9999 -9999 -9999 1 1 1 1 1.75 3.63438 4 3.5 2 2 2 2 2 2 2 2 2 2 2.02625 3.5175 4 4 4 4 3.18391 1.27609 1.02437 1 1 1 1 1 1 1 1 1 1 1
-9999 -9999 -9999 -9999 -9999 -9999 -9999 -9999 -9999 -9999 -9999 -9999 -9999 -9999 -9999 -9999 -9999 -9999 -9999 -9999 -9999 -9999 -9999 -9999 -9999 -9999 -9999 -9999 -9999 -9999 -9999 -9999 -9999 -9999 -9999 -9999 -9999 -9999 -9999 -9999 -9999 -9999 -9999 -9999 1 1 1 1 1.01875 1.50625 2.74375 2.60625 1.79203 1.96109 2 2 1.99375 1.975 1.975 1.975 1.9125 1.9125 1.90313 2.03437 2.6125 3.1375 3.25 2.875 1.1875 1 1 1 1 1 1 1 1 1 1 1 1 1
-9999 -9999 -9999 -9999 -9999 -9999 -9999 -9999 -9999 -9999 -9999 -9999 -9999 -9999 -9999 -9999 -9999 -9999 -9999 -9999 -9999 -9999 -9999 -9999 -9999 -9999 -9999 -9999 -9999 -9999 -9999 -9999 -9999 -9999 -9999 -9999 -9999 -9999 -9999 -9999 -9999 -9999 -9999 -9999 1 1 1 1 1 1 1 1 1.09516 1.53297 1.675 1.675 1.6375 1.525 1.525 1.525 1.3375 1.3375 1.30938 1.06562 1 1 1 1 1 1 1 1 1 1 1 1 1 1 1 1 1 1
-9999 -9999 -9999 -9999 -9999 -9999 -9999 -9999 -9999 -9999 -9999 -9999 -9999 -9999 -9999 -9999 -9999 -9999 -9999 -9999 -9999 -9999 -9999 -9999 -9999 -9999 -9999 -9999 -9999 -9999 -9999 -9999 -9999 -9999 -9999 -9999 -9999 -9999 -9999 -9999 -9999 -9999 -9999 -9999 -9999 1 1 1 1 1 1 1 1.00656 1.04969 1.075 1.075 1.05625 1 1 1 1 1 1 1 1 1 1 1 1 1 1 1 1 1 1 1 1 1 1 1 1 1
-9999 -9999 -9999 -9999 -9999 -9999 -9999 -9999 -9999 -9999 -9999 -9999 -9999 -9999 -9999 -9999 -9999 -9999 -9999 -9999 -9999 -9999 -9999 -9999 -9999 -9999 -9999 -9999 -9999 -9999 -9999 -9999 -9999 -9999 -9999 -9999 -9999 -9999 -9999 -9999 -9999 -9999 -9999 -9999 -9999 -9999 -9999 -9999 1 1 1 1 1 1 1 1 1 1 1 1 1 1 1 1 1 1 1 1 1 1 1 1 1 1 1 1 1 1 1 1 1 1
