public/models/data/input/map/sulut/1000/maptghk.asc
NCOLS 248
NROWS 182
XLLCORNER 510063.019283
YLLCORNER 211117.685435
CELLSIZE 1000.000000
NODATA_VALUE       -9999
[rows 37 to 73 of 182, columns 164 to 245 of 248]
-9999 -9999 -9999 -9999 -9999 -9999 -9999 -9999 -9999 -9999 -9999 -9999 -9999 -9999 -9999 -9999 -9999 -9999 -9999 -9999 -9999 -9999 -9999 -9999 -9999 -9999 2.8532 5.02689 6 6 5.24625 2.76625 2.24375 4.25625 5.925 6 6 6 6 6 6 6 5.23125 3.91875 4 4 4 4.1 5.915 5.3275 4.1575 4 3.99625 3.775 2.79156 2.06844 2 2 2.195 5.13 6 6 6 6 6.01656 6.31469 6.7696 6.62217 7 -9999 -9999 -9999 -9999 -9999 -9999 -9999 -9999 -9999 -9999 -9999 -9999 -9999
-9999 -9999 -9999 -9999 -9999 -9999 -9999 -9999 -9999 -9999 -9999 -9999 -9999 -9999 -9999 -9999 -9999 -9999 -9999 -9999 -9999 -9999 -9999 -9999 -9999 -9999 1.27778 2.75926 5.85 5.955 4.30688 2.25062 2.42563 4.59937 5.925 6 6 6 6 6 6 6 5.20313 4.13438 4 4 4.1575 5.01125 5.94125 5.05375 4.03 4 3.72531 2.98844 2.1175 2 2 2 2.465 5.31 6 6 6 6.075 6.29313 6.75063 7 6.93632 7 7 7 7 -9999 -9999 -9999 -9999 -9999 -9999 -9999 -9999 -9999 -9999
-9999 -9999 -9999 -9999 -9999 -9999 -9999 -9999 -9999 -9999 -9999 -9999 -9999 -9999 -9999 -9999 -9999 -9999 -9999 -9999 -9999 -9999 -9999 -9999 -9999 -9999 1 1.93947 3.56809 4.695 3.08063 2.03688 2.61188 5.18813 6 6 6 6 6 6 6 6 5.68125 4.31875 3.9875 3.7625 4.63625 5.845 5.84375 4.73125 4 3.25 2.33469 2.13406 2 2 2 2 2.09 4.56 6 6 6 6.6125 6.89281 6.98219 7 7 7 7 7 7 7 -9999 -9999 -9999 -9999 -9999 -9999 -9999 6 6
-9999 -9999 -9999 -9999 -9999 -9999 -9999 -9999 -9999 -9999 -9999 -9999 -9999 -9999 -9999 -9999 -9999 -9999 -9999 -9999 -9999 -9999 -9999 -9999 -9999 -9999 -9999 -9999 2.04571 2.81458 4.16798 3.47029 2.35 3.53625 5.72625 6 6 6 6 6 6 6 6 4.86875 3.53125 2.27 3.515 5.69625 5.92312 4.9825 3.57063 2.2675 2 2 2 2 2 2 2 2.5 5.035 5.315 5.75938 6.7375 7 7 7 7 7 7 7 7 7 7 7 -9999 -9999 -9999 -9999 6 6 6
-9999 -9999 -9999 -9999 -9999 -9999 -9999 -9999 -9999 -9999 -9999 -9999 -9999 -9999 -9999 -9999 -9999 -9999 -9999 -9999 -9999 -9999 -9999 -9999 -9999 -9999 -9999 -9999 -9999 2 3.42175 5.29809 4.65 5.08875 5.89875 6 6 6 6 6 6 6 6 5.63125 2.675 2.46125 4.6475 5.92875 5.98313 5.41 4.58687 2.90125 2.55 2.94 2.235 2 2 2 2 2 2.0525 2.5475 3.92188 6.475 7 7 7 7 7 7 7 7 7 7 7 7 -9999 -9999 -9999 6 6 6
-9999 -9999 -9999 -9999 -9999 -9999 -9999 -9999 -9999 -9999 -9999 -9999 -9999 -9999 -9999 -9999 -9999 -9999 -9999 -9999 -9999 -9999 -9999 -9999 -9999 -9999 -9999 -9999 -9999 -9999 3.77778 5.79798 6 6 6 6 6 6 6 6 6 6 6 5.875 4.15625 4.29875 5.72 6 6 5.90125 5.7925 4.95625 4.6875 5.26125 3.58313 2.15563 2 2 2 2 2 2 2.24375 5.9125 7 7 7 7 7 7 7 7 7 7 7 7 -9999 -9999 6 6 6 -9999
-9999 -9999 -9999 -9999 -9999 -9999 -9999 -9999 -9999 -9999 -9999 -9999 -9999 -9999 -9999 -9999 -9999 -9999 -9999 -9999 -9999 -9999 -9999 -9999 -9999 -9999 -9999 -9999 -9999 -9999 -9999 6 6 6 6 6 6 6 6 6 6 6 6 6 5.89375 5.83875 5.9925 6 6 6 6 5.725 3 3.63625 4.10687 4.09438 2.975 2.6 3.05 2.375 2 2.325 3.3 6.25 7 7 7 7 7 7 7 7 7 7 7 7 -9999 -9999 6 6 -9999 -9999
-9999 -9999 -9999 -9999 -9999 -9999 -9999 -9999 -9999 -9999 -9999 -9999 -9999 -9999 -9999 -9999 -9999 -9999 -9999 -9999 -9999 -9999 -9999 -9999 -9999 -9999 -9999 -9999 -9999 -9999 6 6 6 6 6 6 6 6 6 6 6 6 6 6 6 6 6 6 6 5.725 3.6625 3.3625 3.35 2 2 2.5 3.8475 4.9725 5.88 4.15 2.75 4.65 5.925 6.02187 6.875 7 7 7 6.99438 6.98688 7 7 7 6.95906 6.91397 6.9821 6 5.91086 5.53652 5.86096 -9999 -9999
-9999 -9999 -9999 -9999 -9999 -9999 -9999 -9999 -9999 -9999 -9999 -9999 -9999 -9999 -9999 -9999 -9999 -9999 -9999 -9999 -9999 -9999 -9999 -9999 -9999 -9999 -9999 -9999 -9999 6 6 6 6 6 6 6 6 6 6 6 6 6 6 6 6 6 6 6 5.9425 4.805 2.5775 2 2.15 2 2 2 2.015 2.8025 5.1575 5.85 5.175 6 6 6.16563 7 7 7 7 6.79125 6.62125 6.86594 6.99031 6.95937 6.67781 6.3569 6.37452 5.92993 5.37639 3.88963 5.4904 -9999 -9999
-9999 -9999 -9999 -9999 -9999 -9999 -9999 -9999 -9999 -9999 -9999 -9999 -9999 -9999 -9999 -9999 -9999 -9999 -9999 -9999 -9999 -9999 -9999 -9999 -9999 -9999 -9999 -9999 -9999 6 6 6 6 6 6 6 6 6 6 6 6 6 6 6 6 6 6 6 5.185 2.93 2.0975 2 2 2 2 2 2 2.2925 4.6475 5.985 6 6 6 6.29688 7 7 7 7 6.69187 6.11125 6.31938 6.4775 6.39687 6.20062 6.015 6 5.52428 3.80329 4.26211 5.82945 -9999 -9999
-9999 -9999 -9999 -9999 -9999 -9999 -9999 -9999 -9999 -9999 -9999 -9999 -9999 -9999 -9999 -9999 -9999 -9999 -9999 -9999 -9999 -9999 -9999 -9999 -9999 -9999 -9999 -9999 -9999 6 6 6 6 6 6 6 6 6 6 6 6 6 6 6 6 6 6 6 4.7975 2.165 2 2 2 2 2 2 2 2.045 4.19 5.915 6 6 6 6.14063 6.9375 7 7 7 6.84125 6.13688 6.01781 6.02906 6.0125 6 6 6 5.00383 3.02428 5.1932 5.97172 -9999 -9999
-9999 -9999 -9999 -9999 -9999 -9999 -9999 -9999 -9999 -9999 -9999 -9999 -9999 -9999 -9999 -9999 -9999 -9999 -9999 -9999 -9999 6 6 6 6 6 6 6 6 6 6 6 6 6 6 6 6 6 6 6 6 6 6 6 6 5.72 4.8425 3.9625 2 2 2 2 2 2 2 2 2.325 4.375 5.8 6 6 6 6 6 6.50313 6.93281 6.97031 6.975 6.52812 6.0375 6 6 6 6 6 6 4.09688 3.81562 5.925 6 -9999 -9999
-9999 -9999 -9999 -9999 -9999 -9999 -9999 -9999 -9999 -9999 -9999 -9999 -9999 -9999 -9999 -9999 -9999 -9999 -9999 -9999 6 6 6 6 6 6 6 6 6 6 6 6 6 6 6 6 6 6 6 6 6 6 6 6 6 5.88 5.4075 3.7625 2 2 2 2 2 2 2 2 2.6 5.4 6 6 6 6 6 6 6.12187 6.39844 6.51094 6.525 6.12187 6 6 6 6 6 6 6 3.89063 4.24687 6 6 -9999 -9999
-9999 -9999 -9999 -9999 -9999 -9999 -9999 -9999 -9999 -9999 -9999 -9999 -9999 -9999 -9999 -9999 -9999 -9999 -9999 -9999 6 6 6 6 6 6 6 6 6 6 6 6 6 6 6 6 6 6 6 6 6 6 6 6 6 6 6 5.45 2.825 2 2 2 2 2 2 2.4875 2.735 5.6025 6 6 6 6 6 6 6 6 6 6 6 6 6 6 6 -9999 6 6 2.98329 4.33737 6 -9999 -9999 -9999
-9999 -9999 -9999 -9999 -9999 -9999 -9999 -9999 -9999 -9999 -9999 -9999 -9999 -9999 -9999 -9999 -9999 -9999 -9999 6 6 6 6 6 6 6 6 6 6 6 6 6 6 6 6 6 6 6 6 6 6 6 6 6 6 6 6 5.975 5.0375 2.6375 2 3.5 3.4375 2.6375 3.2 4.9875 5.215 5.9475 6 6 6 6 6 6 6 6 6 6 6 6 6 6 6 6 6 5 2.51086 4.33835 6 -9999 -9999 -9999
-9999 -9999 -9999 -9999 -9999 -9999 -9999 -9999 -9999 -9999 -9999 -9999 -9999 -9999 -9999 -9999 6 6 6 6 6 6 6 6 6 6 6 6 6 6 6 6 6 6 6 6 6 6 6 6 6 6 6 6 6 6 6 6 5.975 5.2 4.4125 5.6625 5.975 5.35 5.425 6 6 6 6 6 6 6 6 6 -9999 -9999 -9999 -9999 6 5.9925 5.76375 5.50625 5.75313 5.68437 5.165 2.685 3.37152 5.6701 -9999 -9999 -9999 -9999
-9999 -9999 -9999 -9999 1.38983 3.55411 4.25254 4.11321 -9999 -9999 -9999 -9999 -9999 -9999 -9999 -9999 6 6 6 6 6 6 6 6 6 6 6 6 6 6 6 6 6 6 6 6 6 6 6 6 6 6 6 6 6 6 6 6 6 6 6 6 6 6 6 6 6 6 6 6 6 6 6 6 -9999 -9999 -9999 -9999 6 5.88 4.25625 2.92625 3.65937 3.45313 2.64875 2.5808 5.5125 6 -9999 -9999 -9999 -9999
-9999 -9999 -9999 -9999 1.90735 4.79664 5.23786 4.79317 -9999 -9999 -9999 -9999 -9999 6 6 6 6 6 6 6 6 6 6 6 6 6 6 6 6 6 6 6 6 6 6 6 6 6 6 6 6 6 6 6 6 6 6 6 6 6 6 6 6 6 6 6 6 6 6 6 6 6 6 -9999 -9999 -9999 -9999 6 6 5.9025 4.55438 2.86812 2.975 3.5 4.03925 4.8643 6 6 -9999 -9999 -9999 -9999
-9999 -9999 -9999 1.5 4.69326 5.925 5.97895 5.77677 6 6 -9999 -9999 6 6 6 6 6 6 6 6 5.95625 5.50625 5.46875 5.94375 6 6 6 6 6 6 6 6 6 6 6 6 6 6 6 6 6 6 6 6 6 6 6 6 6 6 6 6 6 6 6 6 6 6 6 6 6 6 6 -9999 -9999 -9999 6 6 6 6 5.86312 5.48688 5.525 5.7 5.846 5.94074 6 6 -9999 -9999 -9999 -9999
1.74611 2.18364 3.98111 5.73776 6 6 6 6 6 6 6 6 6 6 6 6 6 6 6 5.9875 5.18125 4.075 4.675 5.825 6 6 6 6 6 6 6 6 6 6 6 6 6 6 6 6 6 6 6 6 6 6 6 6 6 6 6 6 6 6 6 6 6 6 6 6 6 6 -9999 -9999 -9999 -9999 -9999 6 6 6 -9999 -9999 -9999 -9999 -9999 -9999 -9999 -9999 -9999 -9999 -9999 -9999
2.19537 4.03738 5.74875 6 6 6 6 6 6 6 6 6 6 6 6 6 6 6 6 5.625 4.24375 4 4.6 5.8 6.10625 6.30625 6.325 6.13125 6 6 6 6 5.82625 5.82375 5.67375 5.85125 6 6 6 6 6 6 6 6 6 6 6 6 6 6 6 6 6 6 6 6 6 6 6 6 -9999 -9999 -9999 -9999 -9999 -9999 -9999 6 -9999 -9999 -9999 -9999 -9999 -9999 -9999 -9999 -9999 -9999 -9999 -9999 -9999 -9999
4.75246 5.70492 6 6 6 6 6 6 6 6 6 6 6 6 6 6 6 6 5.65969 4.59656 4 4 4.27375 5.77938 6.6875 6.90625 6.925 6.5625 6 6 6 6 4.02437 4.26937 3.81 5.25875 6 6 6 6 6 6 6 6 6 6 6 6 6 6 6 6 6 6 6 6 6 6 6 6 -9999 -9999 -9999 -9999 -9999 -9999 -9999 -9999 -9999 -9999 -9999 -9999 -9999 -9999 -9999 -9999 -9999 -9999 -9999 -9999 -9999 -9999
5.975 6 6 6 5.96875 5.5 4.98438 2.85938 5.0625 6 6 6 6 6 6 6 5.94375 5.33125 4.43406 4.04719 4 4 4.02625 5.77063 6.99375 7 7 6.80625 6 6 6 6 3.99938 2.28187 2.47875 5.2025 6 6 6 6 6 6 6 6 6 6 6 6 6 6 6 6 6 6 6 6 6 6 6 6 -9999 -9999 -9999 -9999 -9999 -9999 -9999 -9999 -9999 -9999 -9999 -9999 -9999 -9999 -9999 -9999 -9999 -9999 -9999 -9999 -9999 -9999
6 6 5.72344 4.30781 1 1 1 1 2.38281 5.64844 6 6 6 6 6 6 5.71531 4.34969 4.00375 4 4 4 4 4.5625 7 7 7 6.66563 6 6 6 6 4.8475 2.2775 4.1375 5.825 6 6 6 6 6 6 6 6 6 6 6 6 5.6125 5.5575 5.88 6 6 6 6 6 6 -9999 -9999 -9999 -9999 -9999 -9999 -9999 -9999 -9999 -9999 -9999 -9999 -9999 -9999 -9999 -9999 -9999 -9999 -9999 -9999 -9999 -9999 -9999 -9999 -9999
6 5.87813 3.92344 1.38594 1 1 1 1 1.33594 4.00781 6 6 6 6 6 6 5.86594 5.06156 4.35 4.02875 4 4 4 4 6.75625 6.99438 6.865 6.275 6 6 6 6 4.99125 3.32375 5.0225 6 6 6 6 6 6 6 6 6 6 6 6 5.65 3.2375 3.5325 5.04375 5.86125 6 6 6 6 6 -9999 -9999 -9999 -9999 -9999 -9999 -9999 -9999 -9999 -9999 -9999 -9999 -9999 -9999 -9999 -9999 -9999 -9999 -9999 -9999 -9999 -9999 -9999 -9999 -9999
5.85234 4.38047 1.89844 1.025 1 1 1 1 1.125 3.375 6 6 6 6 6 6 6 5.9325 5.51625 5.10125 4.5925 4.1575 4 4 5.61062 6.75156 6.34094 6.04063 6 6 6 6 5.63625 4.0175 4.97375 5.985 6 6 6 6 6 6 6 6 6 6 5.7975 3.715 2 2.535 3.12375 4.95375 6 6 6 6 6 -9999 -9999 -9999 -9999 -9999 -9999 -9999 -9999 -9999 -9999 -9999 -9999 -9999 -9999 -9999 -9999 -9999 -9999 -9999 -9999 -9999 -9999 -9999 -9999 -9999
5.44453 2.38203 1.04844 1 1 1 1 1 1.20313 3.60938 6 6 6 5.9625 5.4 5.0125 5.0125 5.2375 5.755 5.945 5.78875 5.48625 4.85625 4.11875 4.5925 5.83219 6.02531 6 6 6 6 6 5.1875 3.06875 3.72875 5.7275 6 6 6 6 6 6 6 6 5.975 5.275 3.79 2.2975 2 2.025 2.3775 4.26 6 6 6 6 6 -9999 -9999 -9999 -9999 -9999 -9999 -9999 -9999 -9999 -9999 -9999 -9999 -9999 -9999 -9999 -9999 -9999 -9999 -9999 -9999 -9999 -9999 -9999 -9999 -9999
1.9375 1 1 1 1 1 1 1 1.52813 4.56563 6 6 6 5.485 4.32438 4.05312 4 4 4 4.25 4.75 5.0625 4.81875 4.13125 6 6 6 6 6 6 6 6 6 5.4 4.8 5.8 6 6 6 6 6 6 6 6 5.49375 2.88125 2 2.0875 5.1625 3.6125 5 5.975 6 6 6 6 -9999 -9999 -9999 -9999 -9999 -9999 -9999 -9999 -9999 -9999 -9999 -9999 -9999 -9999 -9999 -9999 -9999 -9999 -9999 -9999 -9999 -9999 -9999 -9999 -9999 -9999
1 1 1 1 1 1 1 1 2.08125 5.60625 6 6 6 5.8275 5.22563 4.95937 4.60625 4.31875 4.15 4.15 4.15 4.12 4.03 4.375 6 6 6 6 6 6 6 6 6 6 6 6 6 6 6 6 6 6 6 6 5.55625 3.06875 2 2.6625 5.325 5.1225 5.9025 6 6 6 6 6 -9999 -9999 -9999 -9999 -9999 -9999 -9999 -9999 -9999 -9999 -9999 -9999 -9999 -9999 -9999 -9999 -9999 -9999 -9999 -9999 -9999 -9999 -9999 -9999 -9999 -9999
1 1 1 1 1 1 1 1 3.09375 6 6 6 6 6 6 6 5.80625 5.51875 5.35 5.35 5.35 5.29 5.11 5.5 6 6 6 6 6 6 6 6 6 6 6 6 6 6 6 6 6 6 6 6 5.815 3.94625 2.10125 2.475 2.94 3.5925 5.7675 6 6 6 6 6 -9999 -9999 -9999 -9999 -9999 -9999 -9999 -9999 -9999 -9999 -9999 -9999 -9999 -9999 -9999 -9999 -9999 -9999 -9999 -9999 -9999 -9999 -9999 -9999 -9999 -9999
1.3125 2.65625 2.98438 1.73438 1 1 1 1 3.5 6 6 6 6 6 6 6 6 6 6 6 6 5.99 5.96 5.9875 6 6 6 6 6 6 6 6 6 6 6 6 6 6 6 6 6 6 6 6 5.8475 3.99125 2.04875 2.025 2.335 4.56 5.955 6 6 6 6 6 -9999 -9999 -9999 -9999 -9999 -9999 -9999 -9999 -9999 -9999 -9999 -9999 -9999 -9999 -9999 -9999 -9999 -9999 -9999 -9999 -9999 -9999 -9999 -9999 -9999 -9999
4.89302 5.35113 5.985 5.6775 4.75 5.15438 5.48251 4.83945 4.6722 6 6 6 6 6 6 6 6 6 6 6 6 6 6 6 6 6 6 6 6 6 6 6 6 6 6 6 6 6.01937 6.2575 6.37937 6.1675 6.0075 6 6 5.25 3.0125 2.015 3.16 5.25 6 6 6 6 6 6 6 -9999 -9999 -9999 -9999 -9999 -9999 -9999 -9999 -9999 -9999 -9999 -9999 -9999 -9999 -9999 -9999 -9999 -9999 -9999 -9999 -9999 -9999 -9999 -9999 -9999 -9999
3.57583 5.21124 5.09146 5.6212 6 6 6 6 6 6 6 6 6 6 6 6 6 6 6 6 6 6 6 6 6 6 6 6 6 6 6 5.85 5.35125 5.89875 6 6 6 6.26813 7.36125 7.81437 7.19187 6.17063 6 5.675 3.1625 2 2.285 5.04 6 6 6 6 6 6 6 6 -9999 -9999 -9999 -9999 -9999 -9999 -9999 -9999 -9999 -9999 -9999 -9999 -9999 -9999 -9999 -9999 -9999 -9999 -9999 -9999 -9999 -9999 -9999 -9999 -9999 -9999
6 5.85714 2.96902 3.63015 5.40853 6 6 6 6 6 6 6 6 6 6 6 6 6 6 6 6 6 6 6 6 6 6 6 6 6 5.91 4.065 3.015 4.605 5.955 6 6 6.6 7.8 8 7.78438 6.55312 6 5.075 2.075 2 2.99375 5.53125 6 6 6 6 6 6 6 6 -9999 -9999 -9999 -9999 -9999 -9999 -9999 -9999 -9999 -9999 -9999 -9999 -9999 -9999 -9999 -9999 -9999 -9999 -9999 -9999 -9999 -9999 -9999 -9999 -9999 -9999
-9999 -9999 2 2.15038 4.6239 6 6 6 6 6 6 6 6 6 6 6 6 6 6 6 6 6 6 6 6 6 6 6 6 6 5.94 4.485 2.32125 3.70875 5.895 6 6.0125 6.725 7.8875 8 7.7625 6.4875 6 5 2 2.15 4.19375 5.88125 6 6 6 6 6 6 6 6 -9999 -9999 -9999 -9999 -9999 -9999 -9999 -9999 -9999 -9999 -9999 -9999 -9999 -9999 -9999 -9999 -9999 -9999 -9999 -9999 -9999 -9999 -9999 -9999 -9999 -9999
-9999 -9999 -9999 -9999 6 6 6 6 6 6 6 6 6 6 6 6 6 6 6 6 6 6 6 6 6 6 6 5.8 5.69625 5.92875 6 6 6 6 6 6 6.205 7.22 8 8 7.50625 6.075 6 6 5.7 4.825 5.725 6 6 6 6 6 6 6 6 6 -9999 -9999 -9999 -9999 -9999 -9999 -9999 -9999 -9999 -9999 -9999 -9999 -9999 -9999 -9999 -9999 -9999 -9999 -9999 -9999 -9999 -9999 -9999 -9999 -9999 -9999
-9999 -9999 -9999 -9999 6 6 6 6 6 6 6 6 6 6 6 6 6 6 6 6 6 6 6 6 6 6 5.59875 4.00125 3.5475 5.0025 6 6 6 6.03 6.25125 6.58125 7.145 7.8425 8 7.7625 6.38125 5.535 5.9775 6 6 6 6 6 6 6 6 6 6 6 6 6 -9999 -9999 -9999 -9999 -9999 -9999 -9999 -9999 -9999 -9999 -9999 -9999 -9999 -9999 -9999 -9999 -9999 -9999 -9999 -9999 -9999 -9999 -9999 -9999 -9999 -9999
