public/models/data/input/map/sulsel/1000/mapdroad.asc
NCOLS 496
NROWS 622
XLLCORNER -95260.364462
YLLCORNER 9790791.912663
CELLSIZE 1000.000000
NODATA_VALUE       -9999
[rows 66 to 98 of 622, columns 300 to 374 of 496]
761.976 450.093 182.235 454.726 1091.91 1104.52 1616.45 2479.06 3595.22 4555.22 5495.21 6289.64 7013.39 7508.17 7924.86 8322.71 8786.74 9209.63 9449.68 9188.14 8923.67 8843.97 9179.48 9577.12 10041 10380.1 10314.1 9930.99 9467.07 9069.43 8671.79 8398.41 8362.19 8205.62 8455.22 8852.86 9128.73 8643.52 7790.44 6839.8 5719.8 4759.8 3799.8 2839.8 1721.2 818.211 247.879 187.119 184.459 173.3 100.73 84.6779 114.909 163.55 190.574 289.341 206.795 154.945 216.093 574.818 462.072 123.309 116.917 180.84 379.613 810.626 1454.32 1188.41 395.707 392.121 621.49 472.883 464.076 329.764 176.329
393.866 200.652 212.468 843.154 1733.14 2031.56 2376.48 2951.03 3992.86 4924.08 5480.69 5737.02 6169.78 6567.42 6965.07 7362.71 7848.72 8387.31 8563.85 8228.36 7963.68 7883.97 8219.48 8617.13 9081.05 9420.11 9354.08 8970.99 8507.08 8109.43 7711.79 7438.41 7402.19 7245.62 7495.22 7892.86 8261.18 8087.38 7576 6777.9 5667.8 4707.8 3747.8 2789.94 1780.19 953.213 308.081 359.018 198.174 123.925 86.833 117.083 106.153 151.19 216.571 169.657 156.512 212.827 225.732 191.951 301.948 124.155 232.275 133.122 100.485 340.468 955.434 1081.8 367.892 386.954 266.046 233.368 785.135 565.215 318.637
251.04 354.606 436.715 1162.56 2183 2849.09 3267.46 3703.62 4372.77 4819.96 4621.74 4636.98 5049.78 5447.42 5845.18 6264.8 6933.4 7498.54 7490.7 7108.36 6843.68 6763.97 7099.48 7497.13 7961.05 8300.57 8234.54 7851 7387.08 6989.43 6591.79 6318.41 6282.19 6125.62 6375.22 6772.86 7162.22 6996.54 6598.89 6139.69 5237.73 4284.74 3324.74 2364.74 1280.88 657.038 299.839 223.619 89.7881 100.75 98.7867 106.344 44.115 70.8163 144.171 139.543 69.8008 110.99 99.5144 168.778 421.374 494.117 767.98 514.412 339.771 280.653 306.211 472.67 158.727 226.567 267.503 222.146 296.354 308.35 596.217
455.396 356.002 755.204 1503.28 1992.24 2392.43 2851.64 3481.68 3964.15 4079.07 3694.76 3677.28 4089.78 4487.57 4917.74 5473.86 6274.55 6753.37 6545.98 6148.36 5883.68 5803.97 6139.48 6537.13 7001.05 7351.26 7290.71 6892.82 6427.08 6029.43 5631.79 5358.41 5322.19 5165.62 5415.22 5812.86 6202.23 6036.54 5638.89 5241.25 4834.08 4047.65 3088.64 2128.64 1009.41 311.291 182.776 153.925 90.6846 89.1291 97.0597 146.272 99.8408 170.572 241.579 413.642 184.788 46.7334 110.991 184.047 183.139 307.349 647.562 811.105 1137.88 939.456 446.704 269.32 112.129 135.637 400.32 634.892 184.959 547.013 1261.65
786.723 348.437 752.952 1129.76 1106.97 1494 2140.49 2771.33 3104.78 3510.94 2951.61 2719.06 3129.89 3560.09 4120.01 4799.67 5704.51 5951.06 5586 5188.36 4923.68 4843.97 5179.48 5577.13 6042.15 6457.56 6458.49 5965.37 5467.08 5069.43 4671.79 4398.41 4362.19 4205.62 4455.22 4852.86 5242.23 5076.54 4678.89 4281.25 4202.01 3906.18 3003.22 2043.24 957.072 338.518 195.168 110.688 101.647 96.4926 132.765 162.568 126.616 190.464 287.19 286.04 216.376 117.219 292.366 163.982 121.869 186.955 349.493 708.314 1517.58 1277.09 679.03 588.18 225.869 600.817 1053.51 876.4 262.031 903.887 1787.76
892.594 356.823 377.196 457.782 296.425 803.168 1484.09 1880.46 1902.73 2073.4 1741.18 1748.47 2191.86 2758.57 3442.03 4264.83 4994.91 5073.93 4659.37 4228.36 3963.68 3883.97 4219.48 4617.13 5119.26 5680.87 5790.86 5180.83 4521.68 4109.43 3711.79 3438.41 3402.19 3245.62 3495.22 3892.86 4298.04 4120.4 3718.89 3321.25 3314.03 3405.24 2709 1749.88 681.929 231.918 149.127 79.897 114.895 116.951 98.2595 115.433 224.832 229.816 507.326 451.446 176.15 133.748 338.94 391.941 137.955 263.547 701.876 1312.2 1769.53 1159.74 437.083 648.252 318.927 559.159 1092.05 737.803 296.501 1126.14 2074.95
228.563 249.75 261.527 152.674 191.716 304.82 583.996 882.865 775.106 924.358 642.79 669.902 1277.12 1989.42 2815.29 3474.08 3906.72 3942.27 3509.13 3108.61 2843.68 2763.97 3100.58 3542.31 4297.56 4707.14 4958.88 4527.04 3597.49 3023.8 2593.61 2318.41 2282.19 2125.62 2378.72 2821.75 3401.19 3116.62 2610.88 2201.57 2202.53 2583.31 2465.29 1649.74 599.113 192.804 233.766 181.755 142.489 102.687 193.885 227.029 201.359 147.833 347.806 691.839 356.564 182.086 292.788 543.38 164.353 198.739 660.839 1528.41 2096.72 1239.06 467.965 347.709 395.116 233.279 539.375 536.495 421.677 1097.05 1900.98
273.627 472.608 376.453 154.402 279.526 154.822 173.02 403.593 302.475 644.505 340.554 208.009 651.611 1461.16 2154.27 2555.67 2964.45 3170.67 2733.54 2167.06 1885.14 1805.43 2202.67 2899.21 3687.26 3756.34 4089.51 4022.94 3057.26 2255.08 1671.53 1360.52 1324.46 1170.95 1473.96 2092.52 2922.86 2543.96 1770.32 1253.35 1278.62 1806.33 2083.02 1595.15 631.342 202.552 262.963 156.627 171.142 203.371 163.473 99.0772 77.4579 71.9919 145.782 231.909 211.177 225.028 124.178 200.28 149.731 477.954 1072.14 1791.56 2458.33 1709.19 953.608 434.844 133.898 137.455 278.788 262.644 263.938 591.18 1311.16
305.307 568.647 299.169 130.065 288.935 178.246 249.389 186.62 280.441 592.979 331.176 183.772 300.181 913.763 1299.14 1606.42 2013.75 2374.98 2139.61 1378.96 894.447 913.273 1550.87 2452.44 2847.32 2796.34 3138.39 3419.95 2634.61 1703.75 898.931 524.428 522.511 381.883 768.819 1602.87 2532.13 2133.77 1195.64 482.308 632.724 1005.47 1274.11 1064.98 323.162 294.811 396.951 232.046 113.083 250.748 215.543 104.971 99.0116 173.927 147.049 136.7 160.635 103.114 66.7985 71.5746 167.936 823.4 1672.25 2201.1 2380.13 1962.79 1277.36 666.956 231.781 395.032 850.466 602.331 256.299 490.055 893.767
304.249 669.675 294.055 115.57 182.851 201.655 198.004 119.039 196.257 249.033 221.081 245.672 152.626 278.798 511.033 684.516 1149.59 1583.84 1579.39 974.131 244.855 468.477 1301.15 2057.31 1922.09 1836.34 2188.11 2774.21 2289.41 1330.81 458.957 243.695 240.872 330.622 549.258 1392.32 2052.87 1761.15 932.608 261.131 430.223 296.373 558.378 436.005 136.454 298.244 293.253 273.091 127.283 204.324 160.559 152.145 261.696 241.02 96.3142 56.4628 123.136 91.7314 60.9235 144.58 349.033 1058.37 1624.05 1771.73 1557.18 1357.15 854.693 300.931 247.809 777.157 1223.09 638.857 344.078 424.5 334.896
291.361 729.736 414.938 196.406 153.826 197.071 266.991 379.929 524.692 165.555 81.9195 89.4226 261.139 246.227 208.82 121.603 431.649 602.336 763.838 929.342 310.246 697.069 1479.74 1479.93 866.381 791.922 1424.78 2303.88 2224.14 1462.33 789.027 224.59 623.808 626.784 377.834 715.852 1078.72 997.619 461.019 163.841 215.392 192.574 114.581 199.507 762.589 1060.48 725.264 281.502 706.43 636.341 170.534 130.965 394.742 330.722 367.493 230.425 329.827 230.435 126.423 214.946 281.33 414.109 725.065 871.993 530.095 427.232 221.046 379.8 285.624 799.389 998.411 527.852 108.529 145.343 238.447
460.755 982.013 562.767 204.194 238.596 169.878 268.25 265.162 347.505 230.341 149.522 155.063 264.976 203.508 159.325 182.625 220.83 201.606 206.217 428.004 292.934 568.064 1014.31 842.185 310.495 492.966 1165.55 1703.32 1605.91 1029.64 635.967 254.824 845.602 958.066 477.918 236.675 445.769 594.906 243.562 134.558 175.479 231.009 213.416 432.817 1256.59 1374.27 578.444 435.885 1231.93 1110.4 365.562 402.993 914.458 485.548 329.182 220.286 440.725 388.136 482.441 799.947 641.563 177.982 247.079 594.975 322.696 178.15 188.918 380.124 131.022 273.465 305.247 119.022 23.7637 25.1878 17.9695
871.841 1381.69 852.808 248.953 420.69 250.203 270.789 290.846 219.241 277.169 232.703 213.486 179.528 84.0435 126.691 496.995 770.617 484.157 203.624 242.122 161.921 261.771 373.129 277.741 266.272 588.14 788.643 840.501 803.855 439.863 220.806 279.743 932.976 845.706 506.665 243.837 312.496 330.596 201.168 288.556 221.078 201.32 297.302 287 1043.57 1160.54 441.6 572.972 1568.14 1644.45 526.496 1354.46 1395.61 663.897 521.145 430.164 400.828 429.279 906.115 1397.33 774.891 192.377 186.232 364.703 345.717 285.802 314.754 249.963 140.698 219.987 287.407 92.6368 74.4426 270.465 362.132
1010.78 1394.85 805.837 192.975 159.65 108.188 200.823 557.477 177.9 300.238 277.702 325.272 430.608 181.853 197.066 790.864 1298.77 569.172 312.095 365.986 115.085 262.858 468.845 367.415 226.626 237.179 251.266 225.566 180.765 142.096 127.109 260.467 489.69 419.01 136.134 149.507 288.201 205.145 186.653 383.573 485.87 395.764 403.856 238.302 496.053 605.957 320.407 446.619 1676.91 2027.82 -9999 1895.47 2445.28 2217.15 712.688 1124.39 842.63 380.649 907.838 1640.98 944.314 341.805 479.512 516.027 541.072 877.812 1079.76 1588.01 443.926 938.162 936.03 401.52 244.121 276.414 977.626
465.436 1197.99 1109.39 338.651 128.813 96.5371 213.387 627.354 192.516 171.654 77.5818 234.821 517.375 216.593 262.257 939.797 1281.5 477.187 450.531 578.005 91.13 130.936 174.42 411.193 140.542 173.41 208.298 113.086 96.357 139.915 187.847 206.473 262.974 168.864 102.813 174.81 232.999 486.246 550.185 301.058 929.97 629.719 381.157 292.308 474.158 33.3333 73.3333 100 -9999 -9999 -9999 -9999 3096.22 -9999 -9999 -9999 231.234 329.004 870.702 1843.76 1431.16 1292.86 1411.3 1522.87 1569.36 1812.45 1829.79 1786.9 1804.39 1882.66 2000.06 -9999 -9999 -9999 2131.68
407.168 1174.18 1226.53 403.768 372.887 407.002 171.275 328.233 209.965 234.811 227.107 87.0086 169.563 194.015 313.527 1002.2 1346.78 527.782 533.728 810.556 186.255 136.866 100.065 215.137 142.037 156.819 227.229 142.308 136.689 317.796 324.112 386.073 123.596 168.317 444.689 767.212 713.359 320.717 353.528 293.904 904.834 572.819 495.424 748.852 978.399 -9999 -9999 -9999 -9999 -9999 -9999 -9999 -9999 -9999 -9999 -9999 -9999 -9999 -9999 2406.75 1805.69 1954.58 2227.22 2158.85 2139.59 2576.5 -9999 -9999 2286.74 2318.23 2365.47 -9999 -9999 -9999 3310.72
743.518 1536.33 1525.13 666.861 366.227 705.48 339.714 479.022 440.723 318.293 279.458 102.745 287.201 248.327 247.401 739.017 1275.52 541.109 509.57 597.478 179.821 161.213 336.104 222.92 213.62 263.293 183.291 141.064 161.016 327.074 209.536 262.405 154.223 170.888 580.624 1219.52 978.73 223.862 119.512 351.156 919.25 529.253 563.039 1034.91 1209.56 -9999 -9999 -9999 -9999 -9999 -9999 -9999 -9999 -9999 -9999 -9999 -9999 -9999 -9999 -9999 -9999 2404.28 2579.14 1917.71 1589.04 2889.95 -9999 -9999 -9999 -9999 -9999 2455.64 -9999 -9999 3881.93
1008.79 1874.75 1920.49 1098.5 308.367 375.708 296.086 397.59 336.074 486.576 458.512 131.255 147.091 84.7091 137.21 476.919 868.665 721.888 778.064 371.898 72.2428 146.786 524.913 607.4 581.101 425.47 247.863 193.763 184.376 400.904 170.534 340.026 174.789 172.958 206.946 1380.04 -9999 141.421 141.421 -9999 -9999 -9999 -9999 -9999 -9999 -9999 -9999 -9999 -9999 -9999 -9999 -9999 -9999 -9999 -9999 -9999 -9999 -9999 -9999 -9999 -9999 -9999 2663.92 536.979 363.814 -9999 -9999 -9999 -9999 -9999 -9999 2044.21 -9999 -9999 -9999
729.893 1616.69 2128.99 1628.81 675.477 285.533 113.729 34.2301 320.779 703.901 751.529 250.377 117.794 14.7911 46.888 193.986 517.527 1066.83 1257.97 724.119 181.498 290.307 459.542 1063.07 1179.15 712.652 712.652 -9999 227.068 379.67 152.955 145.953 219.311 286.661 227.846 228.921 -9999 -9999 -9999 -9999 -9999 -9999 -9999 -9999 -9999 -9999 -9999 -9999 -9999 -9999 -9999 -9999 -9999 -9999 -9999 -9999 -9999 -9999 -9999 -9999 -9999 -9999 948.528 756.134 -9999 -9999 -9999 -9999 -9999 130.474 684.693 1272.27 -9999 -9999 -9999
411.673 1222.22 2066.18 1897.75 970.084 503.989 258.805 75.0986 202.408 295.912 426.029 237.937 119.779 63.905 256.076 604.53 349.636 440.472 837.694 870.714 206.593 472.142 997.789 1241.42 -9999 -9999 -9999 -9999 121.622 288.344 320.423 199.108 227.724 293.272 603.553 -9999 -9999 -9999 -9999 -9999 -9999 -9999 -9999 -9999 -9999 -9999 -9999 -9999 -9999 -9999 -9999 -9999 -9999 -9999 -9999 -9999 -9999 -9999 -9999 -9999 -9999 -9999 -9999 -9999 -9999 -9999 -9999 -9999 -9999 130.474 256.289 340.165 -9999 -9999 -9999
324.847 1186.92 2131.15 2324.8 1764.85 1357.82 896.348 292.956 186.605 191.844 174.425 192.092 72.5914 111.741 594.965 1237.82 982.573 517.602 373.392 754.618 399.438 393.593 926.145 -9999 -9999 -9999 -9999 47.1405 69.4656 240.9 571.296 350.639 306.252 220.208 -9999 -9999 -9999 -9999 -9999 -9999 -9999 -9999 -9999 -9999 -9999 -9999 -9999 -9999 -9999 -9999 -9999 -9999 -9999 -9999 -9999 -9999 -9999 -9999 -9999 -9999 -9999 -9999 -9999 -9999 -9999 -9999 -9999 -9999 -9999 -9999 -9999 -9999 -9999 -9999 -9999
516.623 1433.2 2391.72 2974.16 2403.97 1611.91 952.976 598.549 232.603 399.119 592.46 380.476 111.096 116.782 629.161 1461.59 1748.15 1167.41 487.09 396.585 619.176 220.245 159.222 -9999 -9999 -9999 -9999 47.1405 32.1008 42.8571 629.166 407.255 269.004 -9999 -9999 -9999 -9999 -9999 -9999 -9999 -9999 -9999 -9999 -9999 -9999 -9999 -9999 -9999 -9999 -9999 -9999 -9999 -9999 -9999 -9999 -9999 -9999 -9999 -9999 -9999 -9999 -9999 -9999 -9999 -9999 -9999 -9999 -9999 -9999 -9999 -9999 -9999 -9999 -9999 -9999
888.935 1707.33 2602.79 2915.31 2154.95 1219.78 409.07 487.331 303.873 957.681 1301.21 1016.15 593.734 203.615 362.895 1045.05 2000.44 1860.84 1102.79 399.08 263.72 172.985 64.2679 7.69231 -9999 -9999 -9999 -9999 -9999 -9999 -9999 -9999 -9999 -9999 -9999 -9999 -9999 -9999 -9999 -9999 -9999 -9999 -9999 -9999 -9999 -9999 -9999 -9999 -9999 -9999 -9999 -9999 -9999 -9999 -9999 -9999 -9999 -9999 -9999 -9999 -9999 -9999 -9999 -9999 -9999 -9999 -9999 -9999 -9999 -9999 -9999 -9999 -9999 -9999 -9999
641.079 1477.98 2079.8 2064.52 1732.21 1050.27 353.739 426.37 255.316 706.884 1062.23 1192.29 682.208 318.102 577.707 1079.08 2082.34 2363.44 1707.64 1080.23 562.812 216.809 137.717 135.456 -9999 -9999 -9999 -9999 -9999 -9999 -9999 -9999 -9999 -9999 -9999 -9999 -9999 -9999 -9999 -9999 -9999 -9999 -9999 -9999 -9999 -9999 -9999 -9999 -9999 -9999 -9999 -9999 -9999 -9999 -9999 -9999 -9999 -9999 -9999 -9999 -9999 -9999 -9999 -9999 -9999 -9999 -9999 -9999 -9999 -9999 -9999 -9999 -9999 -9999 -9999
565.071 1213.26 1303.58 1108.19 892.034 561.67 300.058 206.993 288.259 353.114 377.735 472.882 481.779 432.706 1154.52 1752.34 2516.57 2901.06 2443.49 1941.37 1322.8 1338.51 939.868 462.085 -9999 -9999 -9999 -9999 -9999 -9999 -9999 -9999 -9999 -9999 -9999 -9999 -9999 -9999 -9999 -9999 -9999 -9999 -9999 -9999 -9999 -9999 -9999 -9999 -9999 -9999 -9999 -9999 -9999 -9999 -9999 -9999 -9999 -9999 -9999 -9999 -9999 -9999 -9999 -9999 -9999 -9999 -9999 -9999 -9999 -9999 -9999 -9999 -9999 -9999 -9999
284.247 553.745 408.089 304.91 295.524 391.176 409.731 301.489 890.974 965.88 774.313 490.665 245.209 640.772 1573.59 2367.42 3127.95 3561.71 3298.6 2726.08 2212.85 2307.27 2102.71 582.843 -9999 -9999 -9999 -9999 -9999 -9999 -9999 -9999 -9999 -9999 -9999 -9999 -9999 -9999 -9999 -9999 -9999 -9999 -9999 -9999 -9999 -9999 -9999 -9999 -9999 -9999 -9999 -9999 -9999 -9999 -9999 -9999 -9999 -9999 -9999 -9999 -9999 -9999 -9999 -9999 -9999 -9999 -9999 -9999 -9999 -9999 -9999 -9999 -9999 -9999 -9999
208.426 426.826 647.677 849.715 1076.33 1168.21 634.368 394.174 1308.52 1847.5 1623.37 894.867 290.731 994.978 1835.29 2857.38 3859.59 4562.48 4225.36 3724.38 3253.24 2872.79 -9999 -9999 -9999 -9999 -9999 -9999 -9999 -9999 -9999 -9999 -9999 -9999 -9999 -9999 -9999 -9999 -9999 -9999 -9999 -9999 -9999 -9999 -9999 -9999 -9999 -9999 -9999 -9999 -9999 -9999 -9999 -9999 -9999 -9999 -9999 -9999 -9999 -9999 -9999 -9999 -9999 -9999 -9999 -9999 -9999 -9999 -9999 -9999 -9999 -9999 -9999 -9999 -9999
286.063 695.395 930.045 1028.06 1324.05 1458.59 824.627 287.644 1003.31 1639.87 1564.41 717.683 252.19 740.472 1426.06 2366.37 3988.68 5247.8 5360.12 4555.62 4334.65 -9999 -9999 -9999 -9999 -9999 -9999 -9999 -9999 -9999 -9999 -9999 -9999 -9999 -9999 -9999 -9999 -9999 -9999 -9999 -9999 -9999 -9999 -9999 -9999 -9999 -9999 -9999 -9999 -9999 -9999 -9999 -9999 -9999 -9999 -9999 -9999 -9999 -9999 -9999 -9999 -9999 -9999 -9999 -9999 -9999 -9999 -9999 -9999 -9999 -9999 -9999 -9999 -9999 -9999
495.859 328.289 373.899 371.213 587.957 1037.49 792.446 239.356 464.779 945.013 1187.67 573.862 146.099 330.945 849.893 1456.43 2086.4 5862.77 6583.29 5449.83 4635.97 -9999 -9999 -9999 -9999 -9999 -9999 -9999 -9999 -9999 -9999 -9999 -9999 -9999 -9999 -9999 -9999 -9999 -9999 -9999 -9999 -9999 -9999 -9999 -9999 -9999 -9999 -9999 -9999 -9999 -9999 -9999 -9999 -9999 -9999 -9999 -9999 -9999 -9999 -9999 -9999 -9999 -9999 -9999 -9999 -9999 -9999 -9999 -9999 -9999 -9999 -9999 -9999 -9999 -9999
1111.97 834.324 800.529 584.372 196.666 399.081 598.575 254.472 205.006 314.26 583.961 512.629 219.249 233.883 623.788 1350.31 2086.4 -9999 6986.14 6986.14 -9999 -9999 -9999 -9999 -9999 -9999 -9999 -9999 -9999 -9999 -9999 -9999 -9999 -9999 -9999 -9999 -9999 -9999 -9999 -9999 -9999 -9999 -9999 -9999 -9999 -9999 -9999 -9999 -9999 -9999 -9999 -9999 -9999 -9999 -9999 -9999 -9999 -9999 -9999 -9999 -9999 -9999 -9999 -9999 -9999 -9999 -9999 -9999 -9999 -9999 -9999 -9999 -9999 -9999 -9999
1228.34 1682.02 1554.37 762.422 230.654 414.467 372.648 623.118 264.63 543.293 360.035 238.983 130.81 220.296 -9999 -9999 -9999 -9999 -9999 -9999 -9999 -9999 -9999 -9999 -9999 -9999 -9999 -9999 -9999 -9999 -9999 -9999 -9999 -9999 -9999 -9999 -9999 -9999 -9999 -9999 -9999 -9999 -9999 -9999 -9999 -9999 -9999 -9999 -9999 -9999 -9999 -9999 -9999 -9999 -9999 -9999 -9999 -9999 -9999 -9999 -9999 -9999 -9999 -9999 -9999 -9999 -9999 -9999 -9999 -9999 -9999 -9999 -9999 -9999 -9999
721.233 1513.82 1585.52 832.53 325.293 761.997 400.206 500.93 317.244 631.466 740.181 368.177 432.874 838.635 -9999 -9999 -9999 -9999 -9999 -9999 -9999 -9999 -9999 -9999 -9999 -9999 -9999 -9999 -9999 -9999 -9999 -9999 -9999 -9999 -9999 -9999 -9999 -9999 -9999 -9999 -9999 -9999 -9999 -9999 -9999 -9999 -9999 -9999 -9999 -9999 -9999 -9999 -9999 -9999 -9999 -9999 -9999 -9999 -9999 -9999 -9999 -9999 -9999 -9999 -9999 -9999 -9999 -9999 -9999 -9999 -9999 -9999 -9999 -9999 -9999
361.098 944.382 919.305 530.059 238.505 581.311 398.472 251.876 272.403 459.308 428.722 184.527 568.352 1094.68 -9999 -9999 -9999 -9999 -9999 -9999 -9999 -9999 -9999 -9999 -9999 -9999 -9999 -9999 -9999 -9999 -9999 -9999 -9999 -9999 -9999 -9999 -9999 -9999 -9999 -9999 -9999 -9999 -9999 -9999 -9999 -9999 -9999 -9999 -9999 -9999 -9999 -9999 -9999 -9999 -9999 -9999 -9999 -9999 -9999 -9999 -9999 -9999 -9999 -9999 -9999 -9999 -9999 -9999 -9999 -9999 -9999 -9999 -9999 -9999 4117.4
