public/models/data/input/map/sulsel/1000/mapdriver.asc
NCOLS 496
NROWS 622
XLLCORNER -95260.364462
YLLCORNER 9790791.912663
CELLSIZE 1000.000000
NODATA_VALUE       -9999
[rows 231 to 263 of 622, columns 225 to 299 of 496]
314.73 339.648 217.636 882.466 300.022 233.12 198.042 302.347 284.904 454.466 566.394 763.893 740.006 628.522 512.586 265.16 534.789 392.792 377.295 960.749 1906.69 2854.96 3416.92 2740.23 1807.54 927.902 426.004 494.345 387.575 269.336 956.369 1739.58 1079.28 325.232 317.983 847.28 1138.19 1276.14 -9999 1395.69 1180.01 679.207 777.158 1175.3 643.857 265.965 178.219 250.217 546.265 1308.89 1419.77 573.597 245.957 245.823 167.719 374.56 538.108 887.962 1145.28 645.821 183.264 224.252 206.535 292.042 200.463 262.773 250.769 164.199 291.825 310.008 150.374 367.288 130.724 26.2064 15.7135
346.976 180.76 254.974 1197.83 641.588 264.941 182.146 344.34 422.159 497.224 336.985 279.98 282.986 261.433 241.199 281.043 813.622 1003.01 1142.02 1517.1 2252.76 3146.41 3802.48 3223.15 2380.56 1705.74 1038.89 457.223 345.696 584.545 1371.08 1995.14 1220.1 370.201 194.915 327.559 477.372 74.9613 -9999 1661.76 1764.09 1561.3 1636.68 1592.67 1125.79 807.839 756.566 845.586 1060.57 1346.36 1306.1 470.573 514.257 468.597 251.816 277.351 312.756 503.175 626.515 670.121 631.572 599.941 415.166 198.794 566.684 565.387 190.277 196.634 317.82 362.58 422.003 401.975 561.942 491.246 140.282
440.266 182.411 293.077 979.099 827.951 286.355 387.044 403.788 730.507 1161.25 1141.64 760.44 531.1 424.029 386.791 197.536 277.42 533.41 1021.53 1584.15 2207.91 2781.15 3215.8 3380.35 3008.72 2402.85 1816.4 1395.13 1228.06 1323.18 1868.8 1908.03 1005.35 264.328 250.464 185.169 183.895 301.041 751.391 1285.48 1645.68 1570.34 1235.03 878.729 522.058 374.876 535.612 635.17 598.155 699.489 1230.18 928.123 803.528 556.576 306.061 611.264 747.97 426.546 404.835 343.06 424.404 476.38 330.209 574.879 1112.33 834.371 276.981 589.965 1074.85 1269.16 1362.68 1328.43 1501.66 1729.16 0
200.526 211.188 262.078 322.146 413.625 615.146 839.628 882.142 1117.27 1593.61 1507.97 670.269 329.09 483.336 459.027 242.839 436.63 308.66 338.925 904.111 1451.35 1860.13 2286.95 2866.86 3284.78 3153.94 2748.97 2355.13 2188.06 2259.27 2334.89 1563.12 649.539 146.451 348.044 302.631 296.056 358.211 494.486 524.833 727.783 720.78 436.478 337.438 393.385 623.765 410.899 413.44 376.987 623.266 1421.4 1592.82 892.014 371.411 633.037 1345.71 1534.43 1237.1 1210.75 813.488 337.616 268.599 594.96 1254.2 1506.99 847.69 324.924 1101.39 1802.28 2208.09 2322.68 2288.43 2495.09 2772.74 0
271.752 631.828 701.401 240.959 364.448 365.781 347.621 423.615 596.976 1225.95 1470.57 590.102 285.31 816.769 752.782 286.306 843.506 745.238 439.321 289.922 550.197 929.515 1420.27 2208.06 3078.2 3737.51 3690.36 3315.13 3148.06 3053.13 2520.04 1430.29 524.035 120.665 404.106 -9999 345.914 258.626 232.036 311.317 345.269 319.996 445.039 827.125 989.067 1318.25 1137.91 1171.75 1112.37 1285.13 1881.33 1789.4 837.658 380.837 924.846 1731.15 2245.25 2137.79 1722.19 811.626 342.766 774.542 1343.99 1915.61 1695.22 784.87 333.087 1244.27 2176.89 2867.6 2918.94 2766.54 3026.58 1474.24 8.88889
350.122 445.138 855.278 402.008 414.214 493.15 416.512 495.799 314.243 773.877 1321.61 591.151 324.817 692.97 475.577 227.523 917.829 1483.3 1244.09 735.487 505.22 291.816 656.34 1677 2631.08 3494.41 4012.54 4154.82 4022.98 3370.63 2441.07 1321.07 447.75 75.2115 0 1776.9 1103.03 606.563 268.118 207.949 331.739 266.246 292.015 537.117 760.405 1096.54 1693.86 1993.96 2085.02 2286.97 2635.04 2084.46 1148.75 420.924 412.067 1285.99 2020.63 1947.22 1333.94 511.912 456.099 1309.75 2176.95 2390.86 1529.7 626.059 468.092 1419.75 2236.25 2416.47 2090.86 1862.03 2084.61 2335.1 2443.36
248.491 314.431 794.929 346.528 447.774 371.067 394.939 635.923 238.328 558.84 1045.53 456.221 370.12 376.321 214.155 245.06 785.602 1431.33 1649.61 1554.79 1310.08 621.649 376.803 1315.31 2186.54 2730.76 3122.91 3621.62 3945.83 3489.38 2552.9 1441.07 609.224 117.456 20.8239 484.61 1663.48 1333.26 829.183 278.358 298.475 792.882 750.851 416.349 439.298 850.824 1205 1424.84 1977.98 2286.44 2557.91 2368.59 1555.43 762.749 284.855 959.346 1307.32 1263.76 648.384 352.103 675.011 1538.77 2494 2697.74 1781.75 1064.24 1037.1 1615.59 1929.12 1567.61 1136.57 904.136 1117.94 1661.08 2181.72
591.414 290.862 523.386 279.568 636.502 621.871 251.181 417.49 345.745 304.125 791.975 794.095 738.161 559.658 451.286 218.752 368.094 709.103 1070.39 1496.92 1652.34 1012.33 304.593 921.687 1566.86 1808.08 2184.57 2840.53 3594.75 3723.83 2919.48 1903.24 1191.94 222.161 12.305 112.174 501.532 1123.7 1187.25 313.818 499.253 1335.12 1594.82 1255.56 1184.01 1107.16 581.349 796.38 1364.57 1390.9 1692.41 2202.37 1516.31 609.964 387.961 542.876 626.661 849.588 416.825 778.89 1336.56 2001.2 2885.9 3095.09 2263.55 1652.13 1258.61 1104.64 1167.36 759.494 390.905 325.845 359.604 668.745 639.055
1180.35 465.127 243.592 214.639 501.969 539.291 341.341 896.413 932.947 402.69 595.721 1361.61 1474.49 1177.98 842.505 265.199 323.697 272.559 271.371 793.237 1272.63 1096.37 428.809 548.008 780.689 870.418 1362.39 2284.55 3226.95 3828.88 3383.58 2934.61 5993.33 9132.59 0 6508.67 5648.27 7144.65 8597.42 1367.66 875.365 1723.57 2398.73 2204.93 1872.85 1146.3 323.571 705.614 734.232 523.046 1075.1 1706.97 1218.11 413.354 510.55 199.846 298.978 806.108 997.081 1480.85 2131.58 2687.17 3323.15 3126.08 2196.99 1364.9 679.452 305.826 369.371 313.135 584.566 859.063 812.176 1090.89 493.943
831.285 343.561 354.148 141.887 408.218 419.116 493.805 919.041 656.185 348.262 553.352 1481.8 1563.99 916.251 359.042 372.303 911.601 919.451 358.401 209.387 449.509 351.249 247.52 243.333 283.993 264.08 2423.07 6891.79 5268.63 4088.45 4221.53 6122.66 8976.87 8179.47 7728.94 7400.07 7174.93 7485.76 7818.83 1452.62 1791.95 2333.25 3110.17 2985.38 2147.35 1189.3 324.657 433.678 336.907 633.365 855.572 811.81 762.783 330.713 366.357 424.814 290.66 979.285 1763.2 2311.67 2879.65 3577.24 3828.73 2926.69 1966.98 1032.47 418.543 677.717 609.701 854.568 1324.48 1784.47 1854.88 2138.71 2472.92
265.795 244.55 424.645 246.33 458.306 537.928 364.504 313.467 326.019 530.817 962.043 1326.89 935.659 390.674 181.138 810.243 1422.88 1455.85 996.793 449.98 311.111 468.022 658.104 872.698 940.992 544.751 9983.86 11195.2 10368.7 6974.32 6074.74 8832.2 8115.27 7421.41 6904.14 6442.14 6230.89 6498.06 6879.36 2798.48 2767.32 3151.13 3480.47 2821.96 1862.23 908.684 224.613 342.016 685.732 1110.65 653.818 403.822 506.237 344.473 236.987 552.712 383.485 997.218 1458.21 2080.91 2893.7 3756 4158.9 3274.71 2331.42 1518.83 1070.88 1276.07 1294.52 1189.09 1091.27 1525.56 2233.15 2608.01 2688.2
622.43 340.282 335.341 285.87 604.036 369.652 242.336 245.623 619.712 1271.43 1378.83 779.903 322.532 199.954 211.184 597.867 1147.94 1198.57 1063.32 860.027 857.535 987.177 881.592 976.866 1282.1 1358.69 11750 10768.9 9831.38 8862.79 7936.68 7086.95 6619.93 6321.42 5943.99 5482.14 5270.89 5538.06 5906.73 4936.53 3727.64 4009.11 3724.63 2681.85 1721.85 764.366 174.997 748.552 1407.97 1407.32 612.32 332.071 346.472 360.014 267.686 591.645 367.752 617.607 689.396 1551.62 2438.85 3353.5 4093.33 3440.73 2506.27 1623.83 905.062 993.726 1011.54 562.931 397.107 1193.89 2214.21 -9999 -9999
1175.91 896.995 525.197 206.176 403.912 222.156 187.633 210.403 688.321 1296.48 1078.8 345.801 246.848 375.33 442.664 305.039 605.38 376.968 343.062 344.451 454.953 491.374 313.102 341.64 782.121 1020.67 -9999 10297.2 9432.41 8472.42 7512.56 6456.92 5814.15 5383.18 4983.99 4522.14 4310.89 4578.06 5023.88 5141.38 3680.92 4030.04 3807.26 2763.67 1808.98 865.14 255.633 1039.41 1849.91 1706.67 809.282 191.637 216.471 266.105 447.208 449.577 339.648 539.227 315.543 1079.38 1994.3 2948.48 3731.84 3115.99 2335.54 1499.97 604.688 353.77 403.87 387.053 756.025 1601.22 -9999 -9999 -9999
302.248 804.35 761.166 331.681 241.458 226.604 267.358 376.338 413.876 680.677 375.074 337.286 419.866 612.259 393.573 396.868 449.358 513.37 732.661 686.571 543.534 568.735 693.444 603.174 208.783 124.802 -9999 9867.77 8968.5 8008.5 7048.5 5928.65 5014.18 4329.47 3868.55 3402.14 3190.89 3454.27 3508.5 2523.54 2644.39 3044.86 3307.82 2449.72 1491.77 604.065 359.187 1291.02 2094.81 1982.44 1103.01 233.594 193.264 379.167 662.426 264.471 813.214 994.749 393.421 632.322 1583.42 2514.53 3268.6 2601.54 1723.11 1155.25 876.601 508.945 520.72 928.511 1584.49 2115.67 3045.38 80 80
208.94 379.115 527.56 498.764 187.159 360.348 352.966 284.408 439.94 804.731 818.175 1037.37 967.155 899.563 369.054 547.294 621.331 579.918 828.441 613.169 644.181 859.457 1103.52 845.566 347.401 515.892 1074.26 8890.56 8567.83 7608.01 6650.85 5530.85 4571.07 3662.11 2971.82 2443.69 2230.89 2515.09 2888.92 1318.44 1709.98 2249.51 2879.46 2361.82 1401.82 493.412 517.581 1364.26 1856.16 1715.48 1171.96 544.199 322.197 275.811 390.246 403.402 1036.62 939.688 357.72 586.536 1338.41 2133.41 2871.7 2336.47 1386.46 573.892 607.463 819.28 721.752 878.66 1414.05 2361.76 2989.01 144.569 265.709
320.324 286.159 248.419 296.178 348.59 273.967 303.231 418.933 387.776 1071.55 1638.95 1729.43 1429.7 1086.71 372.416 688.944 773.168 362.891 339.997 293.142 328.068 366.446 470.603 356.161 392.047 1024.69 1431.57 1284.47 7961.65 7145.47 6253.21 5133.21 4173.21 3213.43 2298.89 1522.72 1291.8 1659.68 2380.69 543.92 903.868 1617.56 2475.89 2488.7 1542.5 638.971 338.982 732.436 1007.98 939.354 1043.22 1042.71 445.371 314.457 181.06 606.934 835.411 409.028 244.94 394.073 869.058 1717.95 2310.05 2247.41 1592.39 755.223 358.047 321.272 371.798 366.954 942.328 1973.54 2463.32 241.421 321.421
469.031 204.424 313.434 235.749 219.809 228.421 311.994 564.849 440.77 1278.52 1916.56 1470.08 880.856 653.81 529.041 851.001 1003.93 810.042 582.387 215.639 216.147 286.464 518.323 720.686 898.803 1160.72 920.313 301.653 1732.81 4952.66 5913.87 4818.41 3858.41 2898.41 1938.55 895.717 436.847 379.805 230.84 86.5389 351.403 1134.27 2084.37 2583.99 1735.3 866.182 226.96 206.228 259.18 226.461 410.27 665.125 321.009 387.612 351.48 764.893 541.822 454.805 818.33 672.286 989.753 1519.62 1503.31 1634.88 1699.46 1384.88 945.974 701.747 783.218 355.964 649.611 1429.59 1773.65 -9999 -9999
307.065 363.448 825.799 545.036 237.186 250.476 539.43 1024.35 1073.21 1634.48 1600.78 736.122 302.772 245.785 219.812 531.932 351.602 408.994 411.282 222.118 430.574 777.005 1167.61 1027.14 672.663 554.74 268.05 746.404 1528.75 4764.45 6190.92 5108.36 4148.36 3188.36 2237.36 1270.88 729.921 831.52 316.698 78.4809 183.265 808.355 1716.72 2225.71 1408.93 515.961 329.081 615.55 694.816 720.827 421.882 247.387 284.026 219.02 71.5257 202.07 348.752 866.151 1644.34 1738.13 1742.56 1253.76 573.811 602.639 986.33 1610.21 1742.97 1469.56 1001.05 360.247 187.042 427.055 617.728 -9999 -9999
201.246 357.702 444.767 231.955 282.65 355.077 831.011 1477.77 1739.47 1691.36 1031.36 372.137 463.858 520.259 289.99 330.146 233.469 221.281 252.937 218.647 215.88 346.413 582.838 402.515 280.513 393.405 539.234 1200.76 2757.9 6098.17 6621.71 5506 4546 3599.84 2787.17 1835.15 1469.83 1235.52 599.05 254.762 223.162 535.764 1203.4 1804.55 1179.81 381.565 238.252 303.85 379.221 554.367 682.359 510.649 426.839 573.533 355.052 235.664 888.44 1526.37 2211.58 2626.92 2216.55 1360.79 707.585 380.434 469 1023.9 1173.56 1003.85 524.842 344.381 349.174 329.855 725.281 1651.42 -9999
314.036 587.899 595.562 523.383 319.215 249.069 481.275 1052 1628.58 1336.3 521.487 376.347 484.757 331.857 593.227 437.835 311.996 310.49 240.271 277.29 525.332 361.286 225.716 241.695 376.4 495.52 524.069 766.669 5949.87 7936.9 7023.65 5913.07 4911.13 4070.13 3357.9 1802.4 1549.01 885.772 293.916 251.391 528.994 299.032 614.108 1287.63 945.448 319.113 262.001 283.475 210.691 284.693 268.463 240.747 188.522 507.546 531.289 306.755 1184.24 2085.59 2845.29 3333.14 2710.23 2029.44 1582.19 858.423 324.861 375.133 392.984 366.383 415.858 836.459 1095.15 1122.26 1483.65 1790.36 753.553
350.819 1056.34 1334.73 1279.26 926.69 587.707 319.591 691.004 1401.15 1123.17 464.489 749.511 597.098 387.382 790.303 674.686 721.261 427.976 280.833 766.332 1045.95 630.649 337.277 403.83 397.526 429.839 403.941 323.459 8627.5 8303.15 7835.32 6051.91 5022.01 4237.27 4016.81 1796.07 1580.85 789.523 197.643 654.198 1065.79 643.099 243.885 560.892 414.31 215.915 370.921 291.326 776.687 956.054 722.084 586.75 288.062 727.702 616.012 304.211 1161.69 2108.93 3048.51 3783.69 3376.69 2920.1 2307.08 1297.98 616.659 522.918 702.556 824.71 1083.04 1431.66 1670.75 1657.41 1269.21 669.086 393.638
358.297 770.838 740.041 945.847 918.621 661.268 277.245 776.948 1450.81 1651.45 1399.08 1593.96 1219.68 449.767 301.602 512.918 572.49 294.859 561.454 1484.35 1782.68 1505.93 1303.63 1381.87 1304.09 1243.38 1081.27 720.733 7139.79 8947 8598.8 -9999 -9999 -9999 -9999 1612.72 1376.99 663.465 173.876 778.233 1488.51 1260.38 600.516 370.474 481.233 513.68 248.503 716.054 1530.38 1990.06 1739.09 993.213 313.123 658.106 687.536 194.853 845.614 1800.42 2760.42 3845.26 4268.98 3750.01 2864.19 1957.23 1499.51 1419.33 1480.55 1202.85 951.853 823.515 862.669 872.327 567.61 505.915 833.026
254.039 347.558 359.573 319.71 322.187 337.11 237.445 440.186 1274.14 2095.35 2303.43 2168.74 1457.44 582.349 266.884 343.693 386.108 429.468 842.701 1564.09 1734.66 1771.29 1910.22 2017.55 1558.48 987.108 555.995 339.025 2884.01 4591.45 1561.35 -9999 -9999 -9999 -9999 1725.21 1297.95 686.923 177.933 691.09 1583.11 1859.02 1486.52 1294.57 1351 936.298 288.508 954.293 1844.04 2403.19 1987.02 967.037 316.425 463.157 355.951 393.505 1119.42 2013.42 2965.01 4079.13 4604.36 4002 3077.64 2096.71 1540.79 1222.65 950.83 485.463 360.655 380.956 352.509 356.235 398.908 721.944 1449.34
169.518 555.491 927.051 390.139 208.317 313.647 240.478 743.203 1510.37 2368.86 2763.64 2005.36 1160.17 426.947 467.547 622.645 820.834 1036.67 1337.25 1134.13 841.471 995.282 1481.08 1605.13 1062.04 443.436 424.934 841.625 1360.88 1343.85 721.804 125.501 300 -9999 1889.95 1889.24 1330.02 547.767 287.378 1064.81 1985.19 2588.21 2427.07 2125.02 1695.81 912.302 279.087 1003.61 1902.49 2099.8 1508.5 599.653 234.353 266.466 279.974 844.769 1486.41 2402.78 3255.03 4616.64 4581.46 3758.18 2800.54 1686.69 854.001 433.639 337.858 449.211 844.189 1077.3 955.976 952.057 1168.07 1458.32 2004.39
193.55 769.571 887.853 419.382 185.305 208.184 266.787 847.257 1362.12 2134.5 2490.35 1654.39 742.467 248.345 328.47 258.314 363.705 635.639 938.07 481.767 257.188 327.048 743.375 771.681 378.128 315.382 769.816 1005.41 761.893 590.041 295.892 206.778 479.326 -9999 1543.74 1687.41 1079.66 332.8 614.134 1551.78 2377.3 2801.83 2549.57 2163.63 1378.65 531.164 433.793 1350.56 2050.53 1712.56 860.54 228.455 161.09 243.725 588.944 981.889 1548.76 2523.9 3318.35 4905.09 4281.68 3527.86 2814.87 1763.3 972.568 681.527 780.97 1143.19 1690.47 2029.62 1910.59 1909.53 2127.81 2394.64 2804.53
267.84 458.939 293.163 309.115 545.739 450.84 243.223 285.476 719.727 1533.31 1607.91 1173.44 688.364 230.189 364.314 246.885 254.675 228.819 291.741 248.619 539.609 447.178 215.718 262.446 330.583 286.868 284.135 369.964 221.302 160.64 341.858 275.794 490.516 349.001 445.485 1118.48 779.266 294.487 796.456 1882.31 2443.8 2123.97 1565.87 1332.68 902.236 348.796 824.969 1862.37 2216.6 1479.77 535.485 173.6 164.712 94.5455 319.889 478.969 381.213 403.033 5572.79 5060.78 3990.68 2744.38 2292.93 2175.68 1885.58 1722.27 1705.69 1730.06 2076.95 2600.11 2875.41 3024.2 3247.81 3514.45 3910.02
313.301 320.165 380.554 312.426 609.288 397.031 557.867 593.493 393.203 908.005 799.189 413.222 347.794 468.174 607.249 502.247 439.138 757.772 847.203 595.01 349.862 309.603 254.735 368.984 329.244 536.037 755.536 630.126 596.54 279.291 272.876 281.372 256.576 206.301 327.298 476.885 228.383 302.358 1044.23 1972.57 1850.52 1406.19 832.066 529.26 477.239 340.007 1009.8 2097.06 2518.02 1828.71 959.457 301.744 214.518 154.308 247.57 337.372 279.75 231.942 245.837 5380.55 3043.72 1369.23 1307.65 1721.2 2164.12 2157.99 1513.52 963.827 1345.08 2108.1 2913.83 3675.2 4095.92 4424.09 4855.76
387.929 568.08 521.488 190.685 268.56 237.97 669.325 971.592 401.478 526.517 540.428 513.693 569.818 632.247 412.584 406.286 866.297 1261.96 1405.41 1056.42 450.569 204.853 399.567 612.692 827.152 1195.05 1348.12 1181.9 741.613 260.445 220.432 266.697 433.065 432.504 307.627 126.271 111.038 475.963 1344.12 1937.57 1199.78 620.598 375.148 251.787 202.068 290.44 999.419 2110.93 2711.83 2300.28 1608.31 1048.77 741.617 313.066 406.705 481.088 473.224 269.247 177.313 127.176 368.507 521.533 428.51 950.292 1731.52 2008.02 1268.64 407.685 758.143 1580.97 2459.73 3468.2 4092.47 4617.41 5338.53
320.95 261.884 251.618 558.986 480.525 187.852 570.811 1199.92 569.924 618.051 1146.24 1193.39 608.302 291.086 220.761 182.726 474.28 768.537 855.209 665.774 329.61 403.222 792.238 1170.8 1209.43 1291.73 915.717 670.175 381.839 187.406 159.578 499.655 460.717 286.472 263.676 345.84 255.675 844.864 1711.81 2077.23 1196.56 538.883 344.629 262.601 207.511 293.153 1046.79 2118.4 2488.8 2207.57 1883.24 1631.91 988.874 313.965 580.808 1172.38 1323.94 947.103 567.364 459.963 428.228 401.753 303.219 424.4 1329.09 1980.58 1508.16 559.354 392.851 1107.24 1990.9 2798.83 3355.38 4146.96 5086.81
226.603 359.307 409.318 619.377 895.716 706.37 927.464 1570.01 1234.62 1209.88 1523.6 1500.3 1035.29 975.123 830.318 569.44 440.032 291.841 259.593 308.373 577.832 1111.51 973.756 450.668 387.036 452.585 238.664 362.097 460.018 319.722 209.98 469.718 266.184 284.386 290.112 230.04 621.936 1443.83 2276.02 2450.19 1518.9 703.059 381.9 208.976 252.773 317.943 940.372 1773.78 1513.76 1185.07 941.279 927.908 595.111 203.277 247.09 1145.94 1766.78 1522.24 1030.43 1034.29 1182.94 1724.09 720.137 252.747 1058.11 1893.11 1909.27 1009.36 335.257 598.85 1219.14 1873.5 2707.41 3664.34 4502.17
726.154 596.067 364.276 407.924 973.719 1367.19 1378.06 1566.94 1649.57 1313.5 840.212 788.072 841.612 1123.54 1043.51 893.885 848.289 674.467 593.759 534.553 809.255 1064.54 550.498 176.489 205.905 103.99 211.668 961.5 1264.72 926.853 401.87 251.816 293.647 507.127 243.504 747.795 1326.7 1970.5 2796.54 2806.26 1890.75 1099.48 579.387 288.578 534.17 369.637 934.043 1315.9 722.603 425.268 370.065 359.51 325.611 301.814 322.113 1199.59 1497.02 888.608 426.605 602.321 1739.82 1863.15 1000.16 208.847 690.304 1256.59 1663.23 1057.01 365.196 234.836 501.302 1393.26 2350.18 3289.84 3784.25
1238.02 1452.59 1171.28 1048.27 1331.19 1360.36 905.501 799.923 1264.17 887.17 342.572 355.576 363.301 410.979 375.645 352.217 364.214 413.692 354.382 197.349 334.871 480.657 213.199 192.399 195.626 138.604 557.701 1389.59 1555.1 1005.82 480.668 219.609 223.93 250.307 341.761 1223.89 1909.22 2398.99 2955.83 2750.41 2054.79 1216.64 547.564 262.814 416.326 328.49 944.993 759.239 339.045 570.071 907.548 819.916 605.737 389.668 413.42 1258.89 1056.16 407.799 452.842 723.96 1206.52 1298.5 1244.66 292.892 284.681 520.44 1176.22 861.728 333.807 186.359 438.455 1417.61 2372.93 3029.14 2939.96
1024.99 1595.26 1391.43 877.946 1030.75 908.178 308.521 390.211 1139.28 1146.73 860.073 973.188 636.702 221.367 187.86 163.956 174.09 266.237 553.989 264.309 195.037 145.598 196.356 325.406 417.137 466.829 1023.15 1345.24 1064.11 588.54 282.93 230.771 337.522 209.796 420.352 1192.37 1474.46 1998.92 2388.67 1998.48 1699.64 1273.48 522.207 207.635 327.189 327.237 897.184 538.551 334.7 1057.01 1720.12 1705.01 1074.28 378.722 578.255 1249.87 654.664 382.077 982.979 1057.21 630.7 631.297 857.62 693.764 390.412 333.219 869.236 501.734 212.854 480.891 964.474 1713.32 2543.72 2777.79 2121.19
