public/models/data/input/map/sulsel/1000/mapdset.asc
NCOLS 496
NROWS 622
XLLCORNER -95260.364462
YLLCORNER 9790791.912663
CELLSIZE 1000.000000
NODATA_VALUE       -9999
[rows 99 to 131 of 622, columns 225 to 299 of 496]
32352.7 31392.7 30434.1 29359.6 28486.2 27552 26753.7 26089.1 25303.1 24527.2 24027.3 23560.5 23162.8 22765.2 22367.5 21903.6 21506 21108.3 20691.9 20245.5 19849.1 19451.5 19053.8 18589.9 18192.3 17794.6 17434.3 17645.5 18043.2 18440.8 18838.4 19297.4 19417.6 18751.3 17792.3 16672.3 15712.3 14752.3 13792.3 12672.3 11712.3 10752.3 9792.31 8675.33 7758.15 6971.9 6437.78 5961.64 5568.01 5170.37 4946.69 5215.4 5000.38 4623.32 4639.77 5069.78 5467.42 5898.82 6336.61 6796.58 7331.8 8109.94 9048.41 10168 11127.9 12025.4 12649.7 13191.1 13841.7 14668.4 15257.5 14470 13641.8 13007.4 12453.7
31888.8 30928.8 29968.8 28849.6 27899.9 26896.8 26006 25160.5 24604.8 23844.8 23040.3 22443.4 22042.8 21645.2 21247.5 20783.6 20386 19988.3 19590.7 19126.7 18729.1 18331.5 17933.8 17469.9 17072.3 16674.6 16314.3 16525.5 16923.2 17320.8 17718.4 18182.3 18512.2 18224.8 17328.4 16208.4 15248.4 14288.4 13328.4 12208.4 11248.4 10288.4 9328.39 8208.4 7248.91 6319.08 5489.17 4853.86 4448.01 4050.37 3826.69 4096.05 3882.33 3503.32 3519.77 3949.78 4347.25 4734.18 5203.34 5850.62 6685.9 7648.21 8592.91 9698.78 10562.1 11149.5 11607.2 12380 13232.5 14188.1 15116.4 15074.6 14497.6 13960.6 13534.9
31486.4 30531.2 29571.2 28451.2 27491.2 26531.2 25572.9 24529.4 23820.4 23239.3 22487.1 21585.6 21087.2 20685.2 20287.5 19823.6 19426 19028.3 18630.7 18166.7 17769.1 17371.5 16973.8 16509.9 16112.3 15714.6 15354.3 15565.5 15963.2 16360.8 16758.4 17222.3 17613.9 17654.6 16927.6 15810.7 14850.7 13890.7 12930.7 11810.7 10850.7 9890.75 8930.75 7810.75 6850.75 5891.33 4961.43 4030.34 3500.31 3090.37 2866.69 3141.87 2932.73 2543.32 2559.77 2990.06 3399.61 3852.26 4390.04 5308.4 6316.66 7327.62 8235.69 9204.43 9790.89 10264.9 10900.1 11874.8 12830.4 13790.4 14750.4 15529.1 15310.3 14892.6 14494.9
30974.7 30128.7 29173.5 28053.5 27093.5 26133.5 25173.5 24061.4 23176.6 22462.8 21889.5 21003.9 20238.4 19729.6 19327.5 18863.6 18466 18068.3 17670.7 17206.7 16809.1 16411.5 16013.8 15549.9 15152.3 14754.6 14394.3 14605.5 15003.1 15400.8 15798.4 16262.3 16660 16949.3 16500.4 15413.1 14453.1 13493.1 12533.1 11413.1 10453.1 9493.1 8533.11 7413.11 6453.11 5493.11 4533.62 3458.94 2683.09 2142.67 1906.69 2227.46 2100.22 1595.62 1599.77 2039.63 2494.61 3039.73 3810.73 4900.71 5885.23 6852.56 7770.24 8434.17 8907.29 9546.35 10370.4 11472.8 12432.8 13392.8 14352.8 15433.6 15964.2 15841.1 15454.9
30191.9 29627.6 28819.2 27639 26695.9 25735.9 24775.9 23656 22703.7 21814.1 21087.5 20432.3 19646.2 18870.3 18370.5 17903.6 17506 17108.3 16710.7 16246.7 15849.1 15451.5 15053.8 14589.9 14192.3 13794.6 13434.3 13645.5 14043.2 14440.8 14838.4 15302.3 15700 16088 16017.7 15015.5 14055.5 13095.5 12135.5 11015.5 10055.5 9095.46 8135.46 7015.46 6055.46 5095.46 4135.46 3018.47 2101.3 1315.05 958.992 1487.9 1551.5 791.985 654.553 1136.36 1674.75 2453.08 3391.55 4579.12 5630.79 6531.37 7066.48 7534.27 8184.83 9012.8 9955.52 11075.2 12035.1 12996.4 13915.5 15290.9 16224.5 16643.6 16317.4
29088.4 28689.2 28171.4 27188.7 26232.2 25278.8 24324.2 23195.1 22235.4 21273.3 20363.2 19503.6 18947.9 18187.9 17383.4 16786.5 16386 15988.3 15590.7 15126.8 14729.1 14331.5 13933.8 13469.9 13072.3 12674.6 12314.3 12525.5 12923.2 13320.8 13718.4 14182.3 14580 14977.6 15270.6 14574.5 13616.4 12656.4 11696.4 10576.4 9616.39 8656.39 7696.4 6576.4 5616.4 4656.4 3696.4 2576.4 1616.91 696.781 265.315 1092.11 1506.6 940.018 401.739 397.213 1178.12 2306.39 3218.78 4335.47 5258.37 5498.91 5930.22 6724.25 7575.63 8531.24 9491.24 10611.2 11562.6 12689.9 13660.8 16225.2 16505.2 17313.4 17572.2
28128.4 27730.8 27331.5 26686 25830.3 24912.9 24088.2 23013.8 22184.7 21018.7 19906 18872.5 18163.5 17582.4 16830.3 15928.8 15430.4 15028.3 14630.7 14166.8 13769.1 13371.5 12973.8 12509.9 12112.3 11714.6 11354.3 11565.5 11963.1 12360.8 12758.4 13222.4 13620 14017.6 14409.9 14331.4 13531 12573.6 11613.6 10493.6 9533.55 8573.55 7613.55 6493.55 5533.55 4573.55 3613.55 2493.55 1535.02 653.507 338.327 1044.5 1779.29 1699.1 1204.97 973.497 1528.43 2629.76 3450.89 3773.11 4127.64 4602.56 5208.13 6221.36 7173.6 8133.59 9093.59 10237.5 11219.2 12065.1 12889.4 13933.5 -9999 -9999 -9999
27168.4 26770.8 26373.1 25892.6 25317.9 24489.9 23690.6 22945.9 22122.7 20629.3 19515.3 18404.5 17519.8 16805.9 16232.6 15347 14581.5 14072.7 13670.7 13206.8 12809.1 12411.5 12013.8 11549.9 11152.3 10754.6 10394.3 10605.5 11003.2 11400.8 11798.4 12262.4 12660 13057.6 13455.3 13845.5 13677.5 12894.7 11936.6 10816.6 9856.64 8896.64 7936.64 6816.64 5856.64 4896.64 3936.64 2817.74 1919.83 1277.35 1075.55 1519.88 2245.71 2494.85 2142.2 1914.34 2162.29 2699.31 2949.18 2818.99 3247.14 3882.58 4712.1 5815.95 6775.95 7735.95 8695.95 9815.46 10898.6 12611.8 13588.5 14038 -9999 -9999 -9999
26208.4 25810.8 25413.1 24949.1 24535 23970.8 23128.1 22245.8 21378.9 20198.6 19150.9 17999.1 17046.8 16157.2 15430.6 14824.5 13984 13213.5 12713.6 12246.8 11850.7 11457.3 11055.3 10589.9 10192.3 9794.63 9434.26 9645.51 10043.2 10440.8 10838.4 11302.4 11700 12097.6 12495.3 12972.5 13414.9 13226.5 12334.3 11214.3 10254.3 9294.28 8334.28 7214.29 6254.29 5294.29 4334.29 3259.46 2616.67 2194.73 2034.53 2373.2 2870.27 3289.25 3100.16 2731.61 2258.74 2215.67 1801.73 1875.25 2519.99 3354.45 4298.63 5418.31 6378.31 7338.31 8298.3 9404.22 10391.4 13118.4 14497.6 14753.8 -9999 -9999 0
25088.4 24690.8 24293.1 23829.2 23431.5 23064.6 22558.9 21553.2 20589 19590.8 18648.1 17535.1 16575.1 15616.8 14706.4 13826.1 13086.8 12493.1 11724.7 11129.7 10733.3 10492.6 9988.47 9469.92 9072.27 8674.63 8314.26 8525.51 8923.16 9320.8 9718.44 10182.4 10580 10977.7 11390.2 12090.5 12995 13427.9 12791.6 11677.7 10716.9 9758.2 8798.2 7678.2 6718.2 5759.3 4843.38 4105.83 3702.33 3314 3154.53 3486.93 3884.42 4179.22 3813.71 2795.04 1835.12 919.217 484.28 1100.8 1932.84 2888.88 3848.88 4968.88 5928.88 6888.88 7848.88 8918.34 9961.57 10935.1 14499.2 16383.5 17110.9 17904.9 0
24140.7 23730.8 23333.1 22869.2 22471.5 22129.8 21865.1 21112.4 20190 19226.9 18257 17137.4 16177.4 15217.4 14259.2 13202.3 12395.4 11788.2 11135.4 10271.9 9778.27 9675.54 9053.07 8509.92 8112.27 7714.63 7354.26 7565.51 7963.16 8360.8 8758.45 9222.37 9620.14 10039.7 10621.3 11646.2 12606.2 13404.6 13152.1 12077.2 11114.2 10152.6 9195.85 8075.85 7117.31 6219.04 5558.23 5059.97 4662.33 4274 4114.53 4446.93 4824.08 4750.78 3951.82 2832.31 1877.29 992.531 429.096 888.099 1808.76 2768.76 3728.76 4848.76 5808.76 6768.76 7710.38 8602.51 9768.55 11088.1 15393.3 16888.9 17870.1 17904.9 0
23340.6 22783.1 22373.1 21909.2 21511.5 21170.1 20957.7 20628.9 19812.9 18940.1 17913.6 16736.2 15777.7 14815.1 13859.8 12747.6 11844.6 11039.6 10427.7 9667.34 8926.94 8520.32 7965.16 7549.92 7152.27 6754.63 6394.26 6605.51 7003.16 7400.8 7798.45 8262.46 8682.04 9275.88 10134.4 11248.5 12208.5 13150.7 13427.1 12511.2 11515.8 10550.2 9593.49 8474.59 7576.69 6924.88 6484.62 6019.97 5622.33 5234 5074.53 5406.93 5683.36 5270.39 4343.75 3227.48 2343.63 1689.19 1265.33 1479.45 2177.6 3098.06 4058.06 5178.06 6138.06 7098.06 7885.4 8415.68 -9999 541.421 12627.7 18207.5 18207.5 -9999 -9999
22805.9 21970.7 21421.3 20949.2 20551.5 20210.6 19993.1 20068.2 19343.2 18472.6 17342.2 16284.6 15408.8 14438.1 13462 12342.3 11389.9 10486.4 9663.6 8966.85 8309.7 7540.96 7072.4 6593.23 6192.27 5794.63 5434.26 5645.51 6043.16 6440.8 6838.45 7317.32 7905.97 8776.72 9730.89 10850.9 11810.9 12770.9 13520.3 12882.8 11911.1 10951.1 9991.13 8916.32 8273.52 7842.27 7443.89 6979.97 6582.33 6194 6034.53 6342.21 6375.98 5693.24 4741.39 3685.02 3038.71 2594.28 2222.84 2386.14 2837.09 3530.85 4455.71 5574.45 6469.17 7195.36 7690.6 -9999 341.421 278.442 244.853 -9999 -9999 -9999 -9999
22124.5 21351.7 20491.6 19837.4 19431.5 19033.9 18694.1 18062.9 17761 17377 16797.5 15830.1 14978.6 14044.9 13007.6 11878.2 10918.2 9959.97 9048.95 8079.68 7486.15 6836.21 6059.36 5450.92 5072.27 4674.63 4314.26 4525.51 4923.16 5320.9 5733.4 6433.61 7346.98 8306.98 9266.97 10387 11347 12307 13261.2 13313.9 12375 11416.1 10500.2 9762.68 9359.18 8961.53 8563.89 8099.97 7702.33 7306.96 7057.23 6576.54 5922.28 5458.65 4912.87 4260.26 3887.18 3621.48 3320.85 3398 3893.3 4323.98 4975.86 6007.45 6518.75 -9999 -9999 -9999 -9999 -9999 -9999 -9999 -9999 -9999 -9999
21523.3 20769.8 19994 19029.1 18483.8 18073.9 17676.3 17212.3 16814.7 16417 16017.8 15400.6 14516.7 13609.3 12616.5 11480.6 10520.6 9560.6 8602.33 7544.88 6740.39 6131.4 5478.57 4615.07 4116.67 3714.63 3354.26 3565.51 3963.29 4382.83 4964.41 5989.33 6949.33 7909.33 8869.33 9989.33 10949.3 11909.3 12869.3 13511.9 12774.2 11875.9 11215.1 10716.8 10319.2 9921.53 9523.89 9048.26 8564.11 7968.71 7245.76 6169.77 5257.81 4575.03 4122.61 3660.34 3417.88 3814.26 4158.24 4799.86 5053.36 5246.73 5681.63 6409.08 6788.51 -9999 -9999 -9999 -9999 -9999 -9999 -9999 -9999 -9999 -9999
21049.4 20165.7 19409.2 18506.7 17683.8 17126.2 16716.3 16252.3 15854.7 15457 15059.4 14586.3 14000.1 13158.1 12202.9 11082.9 10123 9162.95 8202.96 7090.73 6187.77 5382.74 4770.86 4010.49 3267.82 2759.02 2394.26 2605.61 3025.18 3619.03 4477.52 5591.69 6551.69 7511.69 8471.68 9591.68 10551.7 11511.7 12471.7 13424.5 13218 12581.7 12141.5 11676.8 11279.2 10870.1 10371.5 9586.8 8766.2 7848.9 6891.69 5771.69 4812.27 3900.16 3206.99 2700.34 2449.62 3091.61 4980.85 6338.6 5894.78 6138.56 6598.05 6998.33 6976.28 -9999 -9999 -9999 -9999 -9999 -9999 -9999 -9999 -9999 -9999
20589.2 19720.9 18793.4 17925.1 17149 16313.8 15764.5 15292.3 14894.7 14497 14099.4 13633 13219.9 12657 11802.1 10685.3 9725.31 8765.31 7805.31 6685.46 5733.09 4829.59 4006.75 3310 2652.85 1899.78 1437.19 1660.46 2249.12 3119.87 4074.04 5194.04 6154.04 7114.04 8074.04 9194.04 10154 11114 12074 13166.4 13694.4 13496.3 13100.7 12621.3 12080.2 11336.7 10465.5 9373.72 8414.04 7454.04 6494.04 5374.04 4414.04 3454.48 2527.58 1752.05 1480.41 1305.16 3238.91 6549.5 6333.17 7120.4 7363.6 7586.04 -9999 -9999 -9999 -9999 -9999 -9999 -9999 -9999 -9999 -9999 -9999
20187.4 19256.5 18304.8 17205.8 16467.7 15694.8 14834.7 14180.5 13774.7 13377.1 12979.4 12515.5 12117.8 11718.6 11200.8 10218.2 9261.39 8301.39 7341.39 6221.39 5261.39 4303.12 3392.09 2422.83 1829.29 1193.98 499.223 795.134 1707.83 2667.83 3627.83 4747.83 5707.83 6667.83 7627.83 8747.83 9707.83 10667.8 11627.8 12747.8 13693.4 14266.5 13927.2 12956.5 12000.3 11040.3 10080.3 8960.25 8000.26 7040.26 6080.26 4960.26 4000.26 3040.26 2080.26 998.309 475.704 518.995 570.954 -9999 -9999 -9999 -9999 -9999 -9999 -9999 -9999 -9999 -9999 -9999 -9999 -9999 -9999 -9999 -9999
19818.9 18858.9 17924.7 16754.5 15866.4 15112.9 14337.2 13372.3 12827 12417.1 12023.8 11555.5 11157.8 10760.2 10361 9715.49 8858.95 7903.75 6943.75 5823.75 4863.75 3903.75 2945.47 1888.03 1086.95 593.232 364.46 695.568 1604.49 2563.84 3523.84 4643.83 5603.83 6563.83 7523.83 8643.83 9603.83 10563.8 11523.8 12643.8 13603.8 14373 14017.4 12920.3 11960.3 11000.3 10040.3 8920.34 7960.34 7000.34 6040.34 4920.34 3960.34 3000.34 2040.34 929.864 222.154 189.266 273.135 -9999 -9999 -9999 -9999 -9999 -9999 -9999 -9999 -9999 -9999 -9999 -9999 -9999 -9999 -9999 -9999
19421.2 18461.2 17502.2 16409.4 15504.9 14499 13752.4 12849.8 12026.9 11469.4 11126.6 10606.7 10197.9 9800.21 9402.57 8922.85 8356.14 7511.59 6552.31 5432.31 4472.31 3512.31 2552.31 1440.1 576.888 145.808 498.002 1239.62 1992.69 2898.72 3858.06 4978.06 5938.06 6898.06 7858.06 8978.06 9938.06 10898.1 11858.1 12978.1 13938.1 14653.4 14223.2 13116.4 12156.4 11196.4 10236.4 9116.41 8156.41 7196.41 6236.41 5116.41 4156.41 3196.41 2236.41 1122.79 338.927 161.794 213.098 -9999 -9999 -9999 -9999 -9999 -9999 -9999 -9999 -9999 -9999 -9999 -9999 -9999 -9999 -9999 -9999
19002.9 18063.6 17103.6 16005.5 15026.4 14012 13136.5 12268.3 11492.2 10657 10120.5 9734.86 9256.72 8848.08 8444.03 7980.43 7688.61 7267.43 6380.48 5260.48 4300.48 3340.48 2380.48 1262.94 410.153 146.018 700.478 1747.22 2576.41 3344.63 4256.15 5375.71 6335.71 7295.71 8255.71 9375.7 10335.7 11295.7 12255.7 13375.7 14335.7 15011 14536.2 13424.9 12464.9 11504.9 10544.9 9424.9 8464.9 7504.9 6544.9 5424.9 4464.9 3504.9 2544.9 1429.37 570.987 224.883 252.467 -9999 -9999 -9999 -9999 -9999 -9999 -9999 -9999 -9999 -9999 -9999 -9999 -9999 -9999 -9999 -9999
18345.9 17581.5 16639.6 15519.6 14557.1 13597.1 12639.7 11552.6 10810.8 10038 9177.86 8599.63 8339.1 7716.06 7316.31 6860.72 6649.11 6745.28 6293.66 5230.83 4270.83 3310.83 2350.83 1242.81 520.204 663.974 1299.38 2236.57 3174.91 4021.73 4783.38 5840.06 6799.63 7759.63 8719.62 9839.62 10799.6 11759.6 12719.6 13839.6 14786.8 15166.7 14472.9 13353 12393 11433 10473 9352.96 8392.96 7432.96 6472.96 5352.96 4392.96 3432.96 2472.96 1373.4 542.868 66.7023 0 38.1192 -9999 -9999 -9999 -9999 -9999 -9999 -9999 -9999 -9999 -9999 -9999 -9999 -9999 -9999 -9999
17522.3 17110.1 16240.6 15122 14162 13202 12242 11122.5 10209.6 9456.1 8680.34 7710.37 7163.11 6760.21 6362.57 5900.72 5689.47 5955.6 6174.91 5592.37 4656.05 3696.05 2739.86 1765.13 1325.98 1445.9 2002.99 2788.48 3599.98 4532.28 5379.38 6286.2 7197.93 8157.27 9117.27 10237.3 11197.3 12157.3 13117.3 14237.3 15115 15125.6 14255 13135 12175 11215 10255 9134.97 8174.97 7214.97 6254.97 5134.97 4174.97 3214.97 2254.97 1149.93 406.931 65.0698 5.41421 74.9617 -9999 -9999 -9999 -9999 -9999 -9999 -9999 -9999 -9999 -9999 -9999 -9999 -9999 -9999 -9999
16587.4 16902 15732.5 14724.4 13764.4 12804.4 11844.4 10724.4 9764.96 8851.97 8097.03 7316.92 6509.74 5803.43 5402.57 4940.72 4729.47 4996.64 5393.36 5579.28 5027.05 4097.98 3238.66 2576.66 2361.18 2439.78 2738.29 3461.23 4155.06 4957.62 5890.2 6875.62 7649.54 8555.57 9514.91 10634.9 11594.9 12554.9 13514.9 14634.9 15474.6 15366 14453.8 13333.8 12371.5 11407.8 10447.8 9327.8 8367.8 7407.81 6447.8 5327.81 4367.8 3407.8 2447.8 1364.54 588.811 101.718 13.2249 107.416 124.153 -9999 -9999 -9999 -9999 -9999 -9999 -9999 -9999 -9999 -9999 -9999 -9999 -9999 -9999
15198.6 14774.9 15059 14326.7 13366.7 12406.7 11446.7 10326.7 9366.73 8407.17 7480.18 6906.5 6291.7 4840.38 4442.57 3980.72 3769.47 4036.64 4434.29 4887.68 5044.63 4582.34 4010.7 3526.41 3302.73 3372.11 3656.38 4176.37 4818.87 5503.77 6309.51 7397.83 8233.27 9001.48 9913 11032.6 11992.5 12952.5 13912.5 15032.5 15853.1 15700.6 14778.4 13665.8 12695.1 11679.2 10719.3 9599.25 8639.25 7679.25 6719.25 5599.25 4639.25 3679.25 2719.25 1610.16 729.888 268.204 148.361 168.966 221.589 345.781 -9999 -9999 -9999 -9999 -9999 -9999 -9999 -9999 -9999 -9999 -9999 -9999 -9999
14220.3 13951.8 14019.2 13831 12902.8 11942.8 10982.8 9862.81 8902.81 7942.81 6982.81 5864.66 4899.63 3989.98 3357.46 2860.72 2649.47 2916.74 3319.73 3857.02 4456.13 5037.26 5065.48 4646.99 4356 4337.85 4843.34 5232.67 5676.51 6300.1 6956.24 7893.43 8831.77 9678.58 10440.2 11496.9 12456.5 13416.5 14376.5 15496.5 16293.3 16087 15152.6 14037.9 13141.5 12165.8 11152.6 10032.6 9072.62 8112.62 7152.62 6032.62 5072.62 4112.62 3153.21 2096.52 1419.4 1143.72 1055.56 1018.76 844.725 1179.16 2231.37 -9999 -9999 -9999 -9999 -9999 -9999 -9999 -9999 -9999 -9999 -9999 -9999
13235.6 12957.2 13056.2 13236.6 12505 11545.2 10585.2 9465.16 8505.17 7545.17 6585.17 5465.17 4505.17 3545.5 2641.37 1919.17 1689.6 1964.4 2416.8 3101.31 3910.2 4850.51 5584.95 5596.54 5425.87 5512.57 5840.34 6192.52 6590.38 7039.81 7657.74 8445.33 9256.83 10189.1 11036.2 11943 12854.8 13814.1 14774.1 15894.1 16690.9 16484.6 15550.3 14430.5 13462.2 12510.3 11550.3 10430.3 9470.26 8510.26 7550.27 6430.27 5470.27 4511.14 3594.98 2777.05 2315.12 2102.55 2015.56 1971.16 1807.38 2149.78 2349.4 -9999 -9999 -9999 -9999 -9999 -9999 -9999 -9999 -9999 -9999 -9999 -9999
12253.3 11942.9 12085.5 12450.2 12081.9 11147.5 10187.5 9067.52 8107.52 7147.52 6187.52 5067.52 4107.52 3147.52 2187.82 1163.65 758.751 1062.55 1626.41 2550.72 3496.05 4456.05 5412.33 6098.11 6230.54 6426.47 6839.44 7152.52 7550.16 7948.03 8391.8 9118.08 9811.91 10614.5 11547 12532.5 13306.4 14212.4 15171.7 16291.7 17088.6 16882.3 15956.7 14854.3 13830 12907.9 11947.9 10827.9 9867.91 8907.91 7947.91 6827.91 5868.79 4957.66 4233.56 3672.61 3273.8 3062.55 2975.56 2913.97 2634.64 2697.99 2774.29 -9999 -9999 -9999 -9999 -9999 -9999 -9999 -9999 -9999 -9999 -9999 -9999
11295.2 10993.9 11128.5 11563.4 11636.7 10959.3 10005.3 8885.27 7925.27 6965.27 6005.27 4885.27 3925.27 2965.27 2005.27 896.408 236.729 360.663 1071.3 2163.26 3123.26 4077.38 4915.79 5523.07 5864.4 7129.31 7765.87 8056.65 8508.62 8907.81 9305.6 9833.22 10475.7 11160.6 11966.4 13054.7 13890.1 14658.3 15569.8 16689.4 17486.2 17279.9 16378.9 15240.5 14255.6 13305.5 12345.5 11225.5 10265.5 9305.55 8345.56 7226.14 6310.27 5591.21 5101.87 4631.44 4233.8 4022.55 3895.06 3352.09 2568.24 2025.42 1349.83 0 0 -9999 -9999 -9999 -9999 -9999 -9999 -9999 -9999 -9999 -9999
10175.2 9873.88 10008.5 10456.9 10845.7 10942.4 10341.5 9249.77 8289.78 7329.78 6369.78 5249.78 4289.78 3329.78 2372.88 1360.63 841.357 812.11 1318.95 2324.88 3065.87 3537.26 3948.54 4455.87 5057.39 6693.01 7302.6 8072.14 8996.55 9765.72 10339.5 10878 11333.3 11942.6 12610.4 13550.3 14488.6 15335.4 16097.1 17153.7 17950.2 17743.8 16809.4 15689.5 14729.5 13769.5 12809.5 11689.5 10729.5 9769.47 8810.06 7753.37 7076.26 6614.18 6215.36 5748.65 5312.98 4846.05 4119.57 3015.92 2055.92 1135.98 616.204 492.013 332.212 513.909 -9999 -9999 -9999 -9999 -9999 -9999 -9999 -9999 -9999
9215.22 8913.88 9048.5 9496.88 9894.52 10282.2 10380.1 9641.41 8687.42 7727.42 6767.42 5647.42 4687.42 3732.08 2850.27 2136.87 1785.98 1755.52 2004.9 2372.3 2484.42 2603.38 3013.2 3773.81 4688.05 5610.98 6556.36 7675.12 8635.12 9595.11 10534.9 11472.9 12105.3 12664.3 13390 14106.3 14913.7 15846 16693.1 17599.9 18348.5 18141.5 17207.1 16087.1 15127.1 14167.1 13207.1 12087.1 11127.1 10168 9251.83 8433.9 7971.97 7571.85 7137.45 6494.83 5764.51 4857.11 3898.88 2778.88 1819.22 862.168 211.216 631.095 1125.35 1878.82 -9999 -9999 -9999 -9999 -9999 -9999 -9999 -9999 -9999
8255.22 7953.88 8088.5 8536.88 8934.53 9332.17 9720.97 9769.06 9078.31 8125.07 7165.07 6045.07 5089.72 4215.36 3583.12 3081.49 2731.89 2464.73 2082.34 1687.67 1539.26 1688.17 2296.7 3301.77 4277.43 5226.62 6176.11 7296.11 8256.11 9216.11 10176.1 11295.3 12229.1 13111.4 14043.2 14833.1 15471.2 16271.3 17203.9 18189.3 18800.1 18539.8 17604.7 16484.7 15524.7 14564.7 13604.7 12484.8 11525.6 10614.5 9890.41 9326.2 8869.91 8269.67 7521.75 6494.18 5539.12 4579.12 3619.12 2499.12 1542.26 635.054 187.811 806.184 1684.7 2101.41 -9999 -9999 -9999 -9999 -9999 -9999 -9999 -9999 -9999
7295.22 6993.88 7128.5 7576.88 7974.53 8372.17 8769.82 9200.53 9211.14 8519.82 7562.71 6445.82 5565.56 4940.76 4506.69 3964.42 3298.57 2475.95 1565.91 768.925 623.788 906.001 1778.11 2856.54 4006.8 5138.8 6022.85 7142.85 8102.85 9062.85 10022.9 11142.9 12102.3 13060.6 14046.6 15122.1 15980.3 16760.3 17618.8 18711.5 19353.2 18953.8 18002.4 16882.4 15922.4 14962.4 14002.4 12883 11967.1 11248.1 10758.7 10132.4 9300.87 8386.19 7434.16 6314.26 5354.26 4394.26 3434.26 2314.26 1356.37 551.023 542.483 1310.05 2120.31 2527.76 -9999 -9999 -9999 -9999 -9999 -9999 -9999 -9999 -9999
