public/models/data/input/map/sulsel/1000/mapdroad.asc
NCOLS 496
NROWS 622
XLLCORNER -95260.364462
YLLCORNER 9790791.912663
CELLSIZE 1000.000000
NODATA_VALUE       -9999
[rows 363 to 395 of 622, columns 225 to 299 of 496]
1236.19 1867.54 2495.58 2907.8 2590.92 2162.45 1508.38 598.057 179.82 303.966 868.466 1503.68 978.889 405.055 493.708 1426.2 1936.51 2030.33 2351.63 3163.63 3771.94 3548.88 2514.11 1514.92 684.828 214.646 362.554 564.943 265.307 172.408 293.951 249.978 323.84 350.444 295.592 1017.07 1349.83 1356.7 1596.61 945.729 303.645 198.307 281.907 551.847 565.697 452.277 190.11 205.278 178.69 287.124 300.062 163.659 219.729 177.921 221.892 212.059 280.591 241.637 314.587 280.882 264.272 219.857 224.181 245.062 490.921 430.335 171.895 206.348 112.797 100 -9999 -9999 -9999 -9999 -9999
558.567 1123.34 2002.1 2000.68 1501.49 1189.1 759.339 252.242 477.535 960.837 1472.81 1707.61 863.613 384.213 266.821 1162.43 2104.16 2775.71 3098 3449.74 3399.44 2984.32 2142.23 1036.3 327.88 445.316 350.691 200.648 536.317 536.001 262.973 69.8515 201.445 184.941 145.415 294.645 401.922 370.919 693.89 560.304 206.387 232.478 381.699 248.542 235.249 231.234 370.039 494.231 276.533 182.916 215.557 620.7 330.7 145.873 145.474 218.845 309.305 331.368 222.262 160.287 219.125 471.106 266.624 227.085 560.15 458.183 200.63 191.098 250.165 126.346 126.476 -9999 -9999 -9999 -9999
355.054 944.507 1633.01 1330.38 705.553 448.773 320.517 402.146 962.816 1740.69 2224.93 1849.9 910.651 300.709 262.162 1176.55 2046.41 2381.36 2407.5 2660.34 2480.59 2413.78 2105.24 1147.03 391.103 448.891 688.344 270.898 791.194 778.265 277.131 73.0001 294.749 290.973 111.144 111.273 125.683 126.907 185.644 184.13 142.99 396.58 885.451 894.3 684.152 321.04 458.289 230.237 157.647 119.219 312.073 760.264 440.03 205.688 122.741 309.598 313.111 216.467 199.661 154.115 205.272 284.149 251.052 219.351 215.577 280.542 172.244 238.237 329.179 213.56 173.557 -9999 -9999 -9999 -9999
309.507 648.122 962.82 665.113 301.575 262.381 514.247 1058.4 1493.39 2096.8 2244.33 1870.4 1303.73 727.068 687.284 1463.19 1916.92 1570.79 1449.98 1721.62 1520.74 1539.38 1763.87 1515.52 743.177 327.554 447.449 316.716 634.756 335.959 170.908 80.9606 180.537 188.766 218.277 120.351 164.155 151.742 98.1748 185.752 144.699 317.002 592.643 1172.04 1044.67 374.862 144.942 178.968 278.675 291.208 225.944 313.551 315.929 195.618 129.588 341.698 241.957 172.466 153.661 248.799 210.909 212.017 220.387 298.264 186.576 211.058 198.641 179.085 200.945 252.886 167.575 288.237 474.264 -9999 -9999
324.389 329.056 242.651 168.258 174.859 231.664 457.264 821.167 1287.64 1661.58 1411.66 1254.54 1480.48 1217.85 955.108 1475.68 1615.95 827.388 642.52 870.196 575.128 594.176 902.997 1312.63 899.749 414.641 185.382 485.657 519.658 284.952 365.841 89.3837 105.262 99.305 150.116 127.95 144.316 173.491 80.009 140.391 242.819 251.404 293.664 670.974 819.273 279.049 225.015 539.674 334.8 221.22 185.6 435.726 262.432 451.648 241.851 311.341 242.028 159.359 276.122 210.196 102.235 135.969 232.902 248.478 168.055 222.064 353.091 116.112 132.853 235.322 258.829 199.024 318.953 -9999 -9999
395.629 551.915 310.514 134.79 158.715 221.365 246.034 330.06 780.217 809.132 439.485 491.166 1030.69 666.673 372.825 1213.96 1506.1 708.797 237.595 225.821 143.99 131.46 310.613 470.16 271.929 211.617 184.337 265.969 320.711 581.76 300.096 138.974 133.643 115.764 266.579 362.243 123.21 155.885 193.875 192.508 630.795 450.701 229.837 588.435 285.797 236.971 364.939 401.077 172.612 450.521 740.8 742.146 190.82 320.934 525.422 183.121 203.369 297.46 193.881 178.867 186.914 217.413 498.593 548.014 261.251 201.597 138.071 120.24 161.457 134.276 321.536 273.243 119.938 170.711 -9999
195.363 239.474 188.675 226.175 454.555 660.382 499.965 432.444 437.297 347.268 463.54 714.407 732.811 355.927 678.348 1545.77 1631.34 843.547 218.653 568.162 304.465 110.744 150.432 96.1038 173.347 360.321 357.08 108.27 260.077 551.475 239.585 170.64 215.769 354.105 719.677 325.948 189.017 209.601 254.432 267.3 588.404 299.106 325.284 424.022 218.517 360.075 371.491 179.136 170.484 345.097 668.938 660.108 178.252 179.783 186.405 148.355 177.834 157.179 201.843 153.468 136.83 164.143 200.439 149.919 220.867 212.475 152.129 223.608 206.248 145.768 182.793 122.866 141.777 147.438 -9999
199.566 225.263 266.519 204.758 378.778 402.268 316.723 446.325 578.565 892.847 1234.24 896.089 356.773 502.958 1303.13 1696.77 1207.39 519.386 413.717 695.859 333.527 143.944 78.8175 92.3272 173.336 249.414 280.715 118.653 194.578 386.247 257.02 185.956 218.871 329.558 594.521 200.651 176.883 193.706 205.366 276.083 322.874 196.824 178.349 223.134 216.578 245.525 173.926 236.519 231.897 189.877 252.897 453.138 164.147 134.202 133.295 92.6211 182.858 225.369 209.023 236.322 123.735 154.503 176.04 223.235 242.462 190.87 268.237 220.964 152.45 120.56 146.715 156.856 182.179 107.946 42.8571
130.093 228.103 325.999 285.508 232.558 214.627 541.222 1091.95 1039.22 1067.52 1225.33 774.848 300.755 808.079 1700.75 1399.85 597.855 310.523 615.326 314.797 131.46 82.9817 74.1999 93.8544 140.071 190.708 238.951 119.467 123.326 177.931 170.981 373.903 617.158 442.303 262.654 119.608 152.389 135.18 136.435 209.966 339.652 374.794 302.066 392.041 336.039 176.66 167.338 206.423 331.865 199.188 103.149 223.706 216.608 113.133 156.789 67.7513 185.762 244.361 276.084 216.244 135.438 192.514 175.439 262.966 266.72 218.371 186.18 220.47 178.709 233.121 164.044 157.135 307.839 210.405 80.7609
309.857 383.523 466.947 233.867 103.407 261.539 719.136 836.422 349.646 264.074 358.831 523.7 712.894 924.422 1451.7 927.911 318.065 390.288 218.768 157.215 133.984 160.686 163.805 452.921 788.47 1077.69 828.003 355.581 166.832 469.564 432.733 320.33 977.153 1240.87 733.698 260.905 131.083 143.404 168.358 138.299 166.718 175.046 188.232 162.539 278.927 181.933 504.612 302.035 321.492 175.897 158.294 146.768 126.024 144.264 125.301 99.664 141.652 164.175 146.623 226.808 258.405 194.881 297.553 187.056 227.577 244.755 159.181 397.462 411.23 570.396 501.063 256.77 454.792 302.28 138.367
283.374 420.958 545.779 402.154 221.167 189.469 325.535 349.481 156.117 154.347 149.138 587.924 876.228 739.011 693.11 501.23 213.546 251.306 250.532 265.008 150.948 134.092 148.686 533.945 1332.84 1714.68 1255.12 400.308 381.074 766.977 763.688 828.708 1494.74 1672.88 995.926 262.124 137.474 202.004 263.794 300.865 412.457 336.271 177.612 151.427 127.901 131.52 272.055 603.539 659.834 342.623 285.188 157.911 202.976 285.416 161.471 130.422 121.632 142.822 151.93 213.81 493.704 419.551 148.901 151.284 216.881 239.955 280.112 376.778 372.01 376.556 306.725 420.01 897.749 533.157 221.063
241.196 268.86 371.357 484.453 483.962 329.298 199.433 222.346 391.869 362.945 243.989 344.925 357.851 182.637 152.585 194.877 160.912 325.145 322.235 260.58 201.575 157.792 172.214 732.966 1217.77 1530.64 1222.96 535.446 887.326 1450.97 1582.74 1649.43 1951.93 1553.55 702.458 211.374 301.143 536.67 790.927 972.414 1023.01 670.141 464.696 135.386 98.9437 81.8068 116.039 487.643 300.636 189.026 164.746 111.084 159.12 153.666 233.785 121.676 110.257 105.066 116.564 239.114 384.623 330.171 345.49 335.629 248.435 426.534 393.77 170.206 478.172 648.566 540.117 314.645 584.258 589.175 223.285
553.093 287.89 403.002 855.633 1125.92 959.185 409.298 182.462 258.215 243.173 275.768 123.887 167.166 153.103 176.995 219.263 191.914 184.38 194.7 112.809 116.514 125.99 188.051 311.144 448.482 761.889 1290.46 1304.95 1604.37 2221.64 2519.61 2514.09 2166.7 1279.71 435.648 555.081 802.922 770.374 515.547 744.179 1152.3 1108.71 578.575 94.1708 80.9073 100.905 160.492 438.715 482.344 272.843 187.602 116.057 213.111 218.115 159.982 157.711 126.375 97.1412 106.907 144.071 146.264 299.742 456.908 170.226 132.036 230.747 323.335 441.756 305.409 721.203 926.406 531.491 308.556 237.888 142.218
1506.96 939.052 413.711 306.789 644.52 955.565 752.503 414.198 466.117 340.955 250.52 425.705 292.752 323.448 399.281 156.24 165.764 118.036 212.206 541.836 307.663 241.72 145.835 249.873 302.782 522.82 1301.55 2199.55 2641.04 3094.31 3524.39 3371.56 2554.51 1687.65 1158.12 1325.01 1483.9 996.663 329.311 208.968 490.362 465.716 143.135 207.746 233.25 208.976 226.861 141.01 205.501 198.741 285.925 80.2779 148.218 156.632 101.853 277.064 184.66 298.732 243.898 154.549 170.31 177.956 257.274 237.893 174.421 189.696 443.46 479.779 478.295 653.987 526.745 360.339 751.741 582.692 220.692
1894.66 1309.26 902.743 584.224 283.467 440.875 842.886 911.174 1173.89 1052.98 952.692 1173.23 825.117 366.967 365.924 193.281 176.83 374.218 331.116 361.561 299.034 405.726 253.023 275.504 394.555 595.148 1346.89 2439.45 3313.3 3972.58 4380.17 3899.82 3057.12 2445.12 1942.93 1440.69 1088.93 775.029 426.165 474.998 278.067 168.175 219.183 178.142 188.966 193.579 186.45 135.135 184.104 194.911 245.758 99.6418 106.319 102.867 92.5191 184.528 294.033 229.85 169.512 239.52 272.771 259.573 351.353 385.486 314.476 299.674 273.316 268.749 204.548 247.625 256.199 148.893 373.012 335.395 204.296
1347.84 860.822 478.007 596.836 334.662 267.295 351.245 544.967 1267.37 1689.05 1425.03 1018.87 863.766 465.311 175.171 162.899 300.218 866.482 1002.74 547.181 313.608 540.584 566.115 870.834 1212.6 1311.65 1817.68 2825.71 3738.75 4648.85 5119.88 4397.97 3725.76 2995.61 2147.87 1076.76 469.325 311.27 187.815 377.178 345.868 183.681 257.06 205.837 179.57 166.961 166.76 163.691 198.082 343.557 369.61 145.961 133.199 96.6881 108.031 187.944 141.103 118.705 191.335 185.423 153.049 158.823 223.117 272.572 326.632 354.571 310.932 353.174 405.927 347.774 222.796 155.012 273.928 214.051 256.693
544.379 520.419 369.055 226.188 374.305 744.892 602.917 307.243 1120.29 1643.06 1201.42 366.613 277.276 239.595 183.747 197.339 724.769 1505.63 1824.58 1315.89 1022.29 1199.11 1374.68 1658.35 2061.64 2255.92 2598.62 3312.85 4177.74 5096.41 5644.66 5093.24 4283.43 3340.51 2380.72 1360.69 679.441 261.03 277.167 165.172 146.552 99.774 150.134 142.404 100.401 157.622 155.618 120.947 129.528 184.331 210.972 182.125 102.741 111.181 125.302 157.808 155.79 169.634 189.951 144.046 220.166 434.147 327.77 152.371 175.86 159.697 258.449 250.606 506.79 729.416 340.265 170.603 423.771 369.339 342.035
411.606 300.947 501.964 437.96 666.324 1089.6 630.001 300.351 981.251 1142.05 537.047 188.615 270.516 314.542 299.202 805.675 1344.29 2032.16 2091.21 1736.36 1813.89 2153.36 2402.95 2691.22 3062.01 3349.74 3701.78 4184.18 4784.15 5611.91 6343.13 5722.27 4762.57 3811 2930.06 1980.81 1101.7 457.059 160.629 315.654 162.21 136.67 150.362 195.71 213.915 246.449 124.01 120.183 118.987 92.3866 107.988 110.704 76.5631 121.547 166.859 133.035 146.687 144.456 155.095 118.881 139.794 122.994 104.916 132.913 126.763 191.716 167.759 207.168 333.772 537.438 294.322 249.508 449.897 407.529 416.374
593.002 323.394 151.885 245.004 408.558 603.249 282.944 663.495 981.974 585.122 188.812 229.949 430.638 378.954 368.541 1045.3 1663.36 1959.45 1407.33 894.405 1361 2081.83 2449.48 2853.02 3320.93 3849.85 4288.01 4839.89 5421.67 6087.02 6722.4 6119.69 5171.46 4296.31 3472.45 2455.07 1699.87 981.288 281.714 198.546 211.396 225.052 236.592 359.125 354.431 173.065 138.941 143.403 114.876 104.684 136.728 139.903 131.773 154.278 171.051 142.061 151.313 198.147 204.633 181.271 194.87 192.463 152.518 163.019 184.1 144.372 226.928 414.667 225.952 247.182 205.535 221.679 285.884 265.035 440.874
444.96 332.606 174.261 239.963 177.727 242.867 204.83 834.168 809.485 266.733 105.629 197.7 300.529 324.071 315.391 530.922 1298.82 1453.83 836.708 367.595 941.926 1321.81 1544.77 2046.23 2716.05 3302.78 3799.34 4651.01 5411.34 5980.05 6435.31 6364.67 5653.25 4823.67 3949.37 3047.41 2229.42 1328.59 524.316 196.277 134.103 228.685 270.694 452.945 403.901 161.239 181.987 135.403 114.884 130.028 147.287 108.296 115.193 117.778 122.38 132.207 136.418 189.279 198.492 194.693 164.723 194.298 214.677 219.56 202.901 150.814 346.503 310.049 371.925 314.811 310.112 136.798 182.255 296.49 522.32
1190.16 995.217 511.412 155.795 196.026 219.542 197.246 334.743 342.256 252.977 453.306 287.418 361.252 727.567 399.499 487.548 903.025 714.896 303.048 432.37 468.901 461.215 632.433 1373.74 1951.5 2441.7 3168.49 4111.01 4767.49 5138.43 5527.18 5939.07 5927.06 5271.12 4416.28 3524.19 2668.94 1805.16 1020.56 518.035 200.509 497.873 580.796 309.098 291.108 315.104 264.295 94.0772 114.914 140.526 106.728 134.013 112.754 124.355 219.922 207.403 198.102 311.933 306.304 340.943 364.082 213.947 276.657 215.306 370.077 328.968 508.58 228.676 261.975 543.211 788.718 268.117 107.764 216.919 461.03
1303.88 1032.46 338.339 461.931 368.447 508.153 362.417 278.486 278.13 385.817 420.297 671.821 949.57 1172.27 611.947 220.615 254.937 150.07 244.674 262.271 239.62 234.268 363.709 586.244 975.684 1714.01 2532.74 3481.6 3858.14 4021.96 4407.18 4875.49 5276.65 5071.18 4175.71 3126 2481.04 1800.33 958.341 220.988 145.228 345.822 536.429 487.229 246.043 311.279 430.895 318.457 270.931 202.16 138.694 147.467 226.203 298.076 196.949 244.31 252.363 398.539 345.188 265.48 488.69 476.443 455.412 305.251 327.043 617.986 637.412 390.941 158.645 376.145 588.838 324.735 355.499 355.366 294.272
606.209 555.901 308.362 968.21 848.614 976.901 1129.21 1099.85 839.422 491.904 337.577 307.346 510.717 971.933 895.289 282.513 214.522 207.268 164.872 214.153 273.651 281.445 270.181 135.166 486.309 1190.79 2037.93 2916.29 2937.14 3061.96 3459.77 3999.09 4643.85 4630.42 3778.06 2661.91 1787.87 1130.81 533.433 135.151 178.528 148.922 255.046 347.299 298.862 177.798 220.722 466.792 473.142 271.619 158.183 183.794 152.98 235.148 173.024 92.2006 168.828 332.558 397.705 260.902 299.149 245.017 341.261 390.314 283.315 335.646 237.682 193.317 162.181 255.413 189.732 222.158 369.095 329.466 706.547
419.453 472.768 387.89 1253.14 1624.57 1813.95 2047.81 2035.5 1722.63 1367.46 1168.03 782.906 391.066 374.992 471.915 278.412 464.751 247.733 169.525 147.883 184.866 185.805 212.041 192.463 312.316 719.058 1593.65 2167.11 1977.7 2095.38 2548.51 3341.48 3954.53 4102.49 3460.44 2353.61 1398.96 577.681 257.973 131.427 201.081 156.095 264.689 184.741 175.768 142.105 149.663 144.902 201.319 312.334 245.928 234.65 216.262 200.791 251.644 363.824 175.772 152.752 204.501 142.063 273.58 231.806 230.731 159.127 198.722 248.408 245.405 234.187 277.37 295.898 345.756 183.487 258.161 378.889 725.301
349.986 509.209 305.324 1165.43 2038.46 2693.33 3000.37 2974.33 2659.41 2325.66 2119.37 1556.61 947.85 458.882 257.473 570.783 289.719 130.188 222.418 171.489 127.331 123.391 277.983 201.774 159.989 369.606 1047.11 1260.1 1020.17 1192.49 1879.56 2617.92 3036.22 3432.77 3242.4 2406.21 1570.17 763.935 205.886 109.474 152.971 161.421 246.696 206.057 370.264 338.326 216.279 220.508 185.414 236.493 286.626 228.514 155.274 144.234 386.219 494.812 273.269 190.632 191.575 197.752 154.643 146.688 179.055 262.656 485.488 304.321 327.182 652.401 332.609 234.19 234.765 156.77 233.616 481.811 358.361
863.581 626.009 319.195 1217.56 2177.56 3133.81 3850.37 3793.12 3407.63 3034.17 2663.81 2022.08 1448.96 663.684 307.705 539.787 121.824 176.798 251.025 259.922 128.788 185.943 274.466 183.452 175.887 152.415 265.351 308.33 215.506 513.327 1190.91 1549.49 2025.91 2620.85 2524.77 1805.62 1194.9 566.069 250.237 246.178 154.955 148.177 403.285 487.545 267.159 545.741 849.769 985.711 521.557 263.416 269.162 238.385 284.116 186.58 258.323 225.546 458.118 294.094 225.654 214.37 344.149 387.113 167.734 254.884 382.086 443.999 347.209 796.314 315.838 166.805 339.884 668.485 364.461 233.004 203.047
1422.9 739.855 352.027 1277.32 2237.21 3197.21 3865.28 3305.95 2745.71 2296.5 1921.18 1379.15 843.315 409.257 292.934 324.451 245.062 187.101 282.473 231.25 242.669 251.95 336.976 160.352 315.522 278.433 239.961 159.094 173.697 208.538 645.262 723.532 1439.67 1827.86 1705.06 1087 519.332 205.742 397.06 296.603 146.023 140.68 205.695 526.376 296.017 194.306 487.848 1038.99 916.554 453.898 357.341 528.465 571.054 394.44 254.026 177.277 215.812 190.35 121.012 302.91 343.842 303.045 205.842 233.307 260.879 258.569 528.117 620.588 147.008 242.86 292.276 366.118 242.663 431.148 401.182
1362.4 560.991 383.606 1282.38 2232.46 3183.82 3608.85 2723.75 1953.19 1388.07 986.729 676.272 292.802 149.878 210.755 279.466 250.308 284.127 387.222 427.086 247.189 238.734 301.574 203.511 374.705 443.129 297.43 172.108 164.18 138.258 261.768 492.304 1202.21 1078.54 801.247 457.951 175.902 139.394 177.448 166.719 163.118 167.168 165.477 204.502 256.172 212.601 246.597 433.239 598.98 538.88 363.535 372.725 788.476 908.251 656.873 471.786 373.943 253.595 153.523 282.16 297.146 276.823 444.344 293.692 243.668 221.39 305.871 275.594 135.04 404.555 551.15 602.431 439.659 325.066 197.701
766.897 451.568 227.579 1025.1 1978.49 2752.09 3018.17 2293.18 1366.11 609.153 232.314 197.104 233.771 220.716 188.554 577.624 339.871 783.888 905.996 482.359 134.358 235.563 215.696 161.242 132.997 220.926 288.061 202.534 289.022 174.958 135.031 815.173 1380.44 904.871 364.43 193.21 262.157 380.294 152.062 221.945 160.701 227.06 475.968 224.066 233.264 257.249 212.561 173.907 198.314 191.044 222.117 233.82 325.952 739.383 1164.42 1269.73 1077.3 788.365 350.529 190.977 223.112 532.877 631.743 270.728 643.347 335.199 148.217 117.468 132.067 223.683 306.799 964.55 1143.49 599.639 212.981
270.789 341.946 585.362 1317.96 1911.6 1940.62 1991.06 1573.45 1032.85 373.592 238.783 346.165 323.885 470.462 266.555 413.111 380.45 661.795 349.586 145.385 90.0013 281.439 333.637 235.449 249.996 162.269 152.177 297.124 157.989 230.747 327.401 1112.99 1626.34 1248.05 841.814 742.763 387.457 294.083 221.793 245.179 246.561 273.22 380.85 338.581 171.385 398.194 400.069 205.79 202.198 155.977 113.942 367.517 219.794 237.344 578.35 1129.63 1370.68 867.253 474.395 184.546 134.082 159.965 244.804 287.807 696.837 561.996 161.449 230.358 202.415 73.9266 323.133 1213.25 1720.48 1209 571.28
601.185 920.893 1251.32 1497.08 1381.96 1033.98 1221 799.935 416.99 307.67 192.564 728.487 514.58 300.445 405.625 201.418 258.779 264.153 155.623 175.353 163.558 423.013 286.202 639.082 585.581 180.196 253.317 233.178 234.264 632.68 981.639 1394.92 1299.1 679.887 339.468 580.522 415.377 156.634 113.642 192.026 209.024 220.49 114.472 130.794 154.512 295.89 390.602 276.526 388.923 310.861 160.774 362.99 504.823 570.417 367.738 458.169 830.429 642.151 347.576 228.891 189.055 218.482 381.783 151.966 332.47 631.44 296.105 187.492 213.395 195.105 655.576 1469.47 1864.05 1317.95 494.087
306.524 550.744 974.571 900.656 659.905 447.422 747.315 377.413 247.346 321.937 185.079 642.514 736.441 273.184 218.819 150.236 99.3449 123.122 202.63 186.395 241.363 423.812 300.386 909.282 597.308 170.764 363.89 204.927 316.557 809.147 922.552 1087.91 939.549 419.597 191.608 225.134 173.968 119.108 90.9928 105.784 146.48 323.954 185.038 123.852 215.308 336.224 281.966 282.494 245.56 471.894 244.788 475.336 375.149 820.018 769.827 192.979 328.832 393.778 552.554 612.426 361.917 393.019 289.719 144.01 239.422 305.472 278.307 171.624 216.576 310.054 944.287 1796.84 1666.6 836.314 297.32
282.606 344.541 303.306 256.954 201.14 355.626 368.358 304.25 360.243 188.404 296.918 286.806 480.036 274.249 362.043 567.185 206.181 173.962 168.881 356.532 316.627 342.576 479.17 612.79 297.744 186.389 263.192 150.453 304.93 546.756 325.824 334.808 582.084 365.566 198.649 222.779 195.721 228.871 205.351 165.398 133.273 419.522 253.126 124.544 149.348 348.599 299.885 149.47 167.557 423.302 256.826 640.767 419.771 499.192 684.833 165.012 194.27 114.217 321.005 601.839 302.513 418.369 256.143 393.191 485.09 169.264 210.234 298.785 293.92 297.303 680.384 1364.2 1134.34 479.364 230.359
