public/models/data/input/map/sulsel/1000/mapdagr.asc
NCOLS 496
NROWS 622
XLLCORNER -95260.364462
YLLCORNER 9790791.912663
CELLSIZE 1000.000000
NODATA_VALUE       -9999
[rows 340 to 373 of 622, columns 234 to 311 of 496]
1236.2 992.234 1231.05 861.912 287.376 81.3694 121.022 332.961 843.278 847.206 631.263 209.729 485.78 1351.76 2236.04 1822.6 1012.29 237.445 184.106 226.523 134.796 742.59 1837.73 2622.87 2770.46 2446.03 2003.07 1350.17 491.993 92.5154 244.661 405.327 209.498 34.2138 0 0 0 6 301.447 431.917 175.277 14.932 0 0 0 0 0 0 0 0 0 0 0 0 0 0 0 0 0 0 0 0 0 -9999 -9999 -9999 -9999 -9999 -9999 -9999 -9999 -9999 -9999 -9999 -9999 -9999 -9999 -9999
482.924 357.725 808.978 531.247 212.746 201.034 139.536 517.706 587.702 414.298 209.654 154.219 330.125 1077.18 1895.39 1303.56 542.861 216.788 541.379 633.929 209.81 675.671 1768.45 2717.24 3356.1 3063.37 2079.06 1124.56 407.083 392.229 867.137 1184.66 806.04 156.454 0 0 0 0 18.1443 17.5533 3.78033 0 0 0 0 0 0 0 0 0 0 0 0 0 0 0 0 0 0 0 0 0 0 -9999 -9999 -9999 -9999 -9999 -9999 -9999 -9999 -9999 -9999 -9999 -9999 -9999 -9999 -9999
310.061 639.936 788.556 524.986 441.84 574.717 422.013 456.306 169.114 32.8725 255.899 620.402 666.971 1147.94 1888.3 1235.82 502.413 429.511 903.967 573.035 192.038 729.904 1829.74 2789.74 3540.28 3167.21 2098.11 1308.24 759.768 571.987 1012.01 1430.95 1171.65 404.26 16.9283 64.6378 85.1043 12.3185 12.5781 127.65 97.1314 2.40533 0 0 0 0 0 0 0 0 0 0 0 0 0 0 0 0 0 0 0 0 0 -9999 -9999 -9999 -9999 -9999 -9999 -9999 -9999 -9999 -9999 -9999 -9999 -9999 -9999 -9999
145.619 563.614 291.068 130.089 158.374 463.664 358.945 290.731 321.034 135.421 524.755 1291.44 1524.44 1794.26 2265.18 1641.86 795.374 307.876 732.329 304.984 384.37 1119.91 2176.76 3071.17 3501.24 2899.47 1796.74 1013.18 598.303 181.831 477.703 761.226 1157.59 896.332 481.152 629.72 581.628 214.885 229.796 517.961 244.957 8.39797 0 0 0 0 0 0 0 0 0 0 0 0 0 0 0 0 0 0 0 0 0 -9999 -9999 -9999 -9999 -9999 -9999 -9999 -9999 -9999 -9999 -9999 -9999 -9999 -9999 -9999
1.97855 200.637 327.443 64.3689 32.5104 167.382 328.401 348.743 712.89 349.977 425.05 1342.61 2185.52 2690.44 2648.62 1989.1 1243.96 884.944 611.737 214.028 799.659 1545.36 2034.46 2463.18 2830.22 2526.43 1495.06 600.037 87.8192 4.01777 30.9712 201.163 966.792 1623.8 1553.46 1635.64 1439.61 1122.58 810.26 544.605 407.879 399.292 368.127 233.352 43.7831 0.614277 0 0 0 0 0 0 0 0 0 0 0 0 0 0 0 0 -9999 -9999 -9999 -9999 -9999 -9999 -9999 -9999 -9999 -9999 -9999 -9999 -9999 -9999 -9999 -9999
14.057 105.262 466.479 130.308 38.3603 76.7273 588.807 1135.06 1310.46 838.764 668.758 1460.41 2294.7 2427.6 1939.39 1445.67 895.352 650.348 417.136 289.222 902.679 1040.3 1109.67 1535.89 2037.62 2138.07 1189.76 405.69 49.5646 40.2221 10.5962 247.71 1033.93 1977.33 2349.59 2173.22 1776.71 1496 856.388 293.036 444.088 985.567 874.66 551.126 172.817 12.0248 0 0 0 0 0 0 0 0 0 0 0 0 0 0 0 0 -9999 -9999 -9999 -9999 -9999 -9999 -9999 -9999 -9999 -9999 -9999 -9999 -9999 -9999 -9999 -9999
56.3722 244.368 737.412 229.499 37.1898 177.431 934.092 1768.75 2045.15 1645.69 1483.76 1986.07 2314.49 1768.24 1052.68 636.391 277.323 97.7517 213.944 639.25 1009.31 528.858 315.162 698.632 1409.68 1840.81 946.174 203.591 36.5637 259.494 275.975 462.89 1235.92 2070.91 2187.9 1794.11 1133.77 865.392 1024.49 906.609 977.257 1024.44 492.183 171.98 86.2446 16.3828 0 0 0 0 0 0 0 0 0 0 0 0 0 0 0 0 -9999 -9999 -9999 -9999 -9999 -9999 -9999 -9999 -9999 -9999 -9999 -9999 -9999 -9999 -9999 -9999
319.436 439.195 944.701 422.865 88.6263 220.726 940.331 1779.67 2523.28 2555.61 2396.58 2452.41 2106.25 1301.39 417.667 135.966 24.2486 69.9774 493.169 1097.92 1083.1 386.65 90.9117 498.49 1296.39 1884.69 1099.39 304.45 114.57 684.808 1071.78 1124.15 1611.07 1706.71 1282.09 1002.24 512.047 319.046 631.093 1116.33 803.638 391.094 231.062 30.857 3.89017 2.06694 0 2.5 7 1.5 0 0 0 0 0 0 0 0 0 0 0 0 -9999 -9999 -9999 -9999 -9999 -9999 -9999 -9999 -9999 -9999 -9999 -9999 -9999 -9999 -9999 -9999
263.762 132.007 618.363 380.29 216.188 167.222 571.505 1491.9 2451.13 3230.23 2839.45 1975.22 1281.1 742.973 144.932 198.409 364.813 723.826 1359.88 1703.24 1211.46 506.945 689.553 1033.39 1132.67 1328.35 1204.27 525.878 431.952 1094.63 1984.92 2199.77 2109.03 1344.21 453.699 282.642 277.517 421.628 522.355 769.847 713.922 312.456 258.276 37.9025 0.5 0 0 0 0 2.5 4 0.875 0.125 0 0.75 1.875 0.375 0 0 0 -9999 -9999 -9999 -9999 -9999 -9999 -9999 -9999 -9999 -9999 -9999 -9999 -9999 -9999 -9999 -9999 -9999 -9999
364.567 212.403 250.414 348.138 568.84 780.144 1120.29 1820.99 2731.43 3313.97 2514.97 1555.8 668.318 220.006 325.945 913.593 1279.57 1625.13 2153.03 2349.88 1829.97 1385 1314.79 856.762 404.842 724.6 1480.45 1349.71 1211.47 1600.96 2515.29 2978.07 2510.15 1634.51 952.291 775.863 590.893 503.967 364.172 594.663 469.975 128.108 39.4277 5.5 4 2.25 0 0 0 1.5 6 3.625 4 3.875 3.25 7.375 2.875 0 0 0 0 0 -9999 -9999 -9999 -9999 -9999 -9999 -9999 -9999 -9999 -9999 -9999 -9999 -9999 -9999 -9999 -9999
354.568 254.781 96.7115 381.378 627.709 1051.88 1594.91 2182.45 2894.76 3153.46 2338.7 1389.2 489.664 54.7006 494.11 1398.72 2100.14 2571.29 3028.63 3127.75 2740.16 2327.06 1670.98 790.897 342.447 802.994 1833.08 2227.72 2167.17 2443 3067.38 3508.48 2999.32 2362.98 1864.81 1335.25 667.84 399.156 427.89 815.729 412.915 70.2762 2.20711 1.75 2.5 8.25 5.25 0 0 0 0 1 3.625 9.125 1.1875 5.3125 4.75 0 0 0 9.52381 5.1282 -9999 -9999 -9999 -9999 -9999 -9999 -9999 -9999 -9999 -9999 -9999 -9999 -9999 -9999 -9999 -9999
171.563 80.2524 244.021 350.381 177.771 466.336 1136.41 1795.63 2361.62 2491.98 2219.23 1634.1 844.296 469.432 729.411 1618.88 2558.91 3395.76 3975.59 4056.27 3688.73 3078.85 2073.49 1385.95 1099.45 1383.47 2043.92 2357.86 2623.57 3021.4 3655.81 3699.39 3324.98 2846.06 2256.72 1733.67 1213.08 701.886 463.411 420.523 130.773 6.89721 0 0 0 2 12 6.25 7.75 13.75 0 0 0 1.75 0.0625 1.1875 6.25 1.75 0 0 5.1282 22.2222 -9999 -9999 -9999 -9999 -9999 -9999 -9999 -9999 -9999 -9999 -9999 -9999 -9999 -9999 -9999 -9999
123.627 237.697 401.961 359.715 270.521 180.844 441.415 1095.06 1448.38 1394.38 1374.41 1739.06 1746.48 1525.28 1625.51 2155.66 2953.9 3770.53 4463.64 4799.87 4470.73 3654.14 2862.19 2405.05 1988.36 1622.78 1259.18 1369.47 1794.55 2540.49 3105.19 2793.02 2435.27 2071.87 1527.96 1051.65 799.896 248.417 0.25 0.75 0 0 0 0 0 0 1.5 2 0.5 5 5 0 0 0 2 0.75 0 4 8.9056 61.1618 119.632 -9999 -9999 -9999 -9999 -9999 -9999 -9999 -9999 -9999 -9999 -9999 -9999 -9999 -9999 -9999 -9999 -9999
145.82 92.5738 87.409 152.887 192.017 462.259 552.848 875.595 679.021 616.076 599.739 1381.53 2131.74 2275.88 2203.11 2364.83 2692.25 3097.91 3578.49 4361.5 4730.41 4238.47 3518.44 2767.61 1879.49 1007.18 403.307 542.91 1210.37 2087.36 2193.21 1861.6 1515.69 1125.17 981.398 415.957 281.855 59.2106 0 0 0 0 0 0 0 0 0 0 0 0 8.5 1.5 1.5 2.5 8 5.75 4.625 3.875 53.6237 147.227 24.7266 0 -9999 -9999 -9999 -9999 -9999 -9999 -9999 -9999 -9999 -9999 -9999 -9999 -9999 -9999 -9999 -9999
373.661 204.848 273.009 494.487 395.886 324.19 556.301 672.376 411.594 448.828 338.674 1028.26 1949.47 2114.93 1667.91 1586.63 1782.16 2140.14 2631.39 3414.75 4898.36 4585.44 3671.59 2712.25 1752.25 818.707 234.524 312.56 1054.46 1626.69 1237.57 952.94 771.434 384.91 636.772 346.408 79.5029 10.081 0 0 0 0 0 0 0 0 0 0 0 0 2.875 4.875 6 3.25 2 3.5 4.625 5.375 54.6606 192.43 11.3636 0 -9999 -9999 -9999 -9999 -9999 -9999 -9999 -9999 -9999 -9999 -9999 -9999 -9999 -9999 -9999 -9999
444.661 255.419 770.835 803.655 316.285 141.65 183.868 577.92 886.702 994.756 862.387 1235.69 1872.42 1623.64 785.611 635.142 826.411 1186.67 1826 2307.7 4171.98 4083.19 3873.73 3022.91 2082.92 1352.76 955.774 888.359 1384.93 1352.78 491.498 218.997 507.059 667.472 749.997 277.159 15.5167 0.515165 0 0 0 0 0 0 0 0 0 0 0 0 0.125 1.125 1.5 0.25 0 0 1.5 2 232.297 597.594 0 -9999 -9999 -9999 -9999 -9999 -9999 -9999 -9999 -9999 -9999 -9999 -9999 -9999 -9999 -9999 -9999 -9999
342.704 274.538 914.725 1057.62 490.711 460.07 529.602 613.086 1170.09 1706.6 1388.56 1010.03 1154.27 1231 376.757 53.7512 95.3564 431.735 1431.12 2364.33 3021.38 3014.19 3317.1 3292.48 2822.08 2403.75 2069.66 1968.12 2155.22 1698.61 966.053 807.021 1097.3 1503.56 832.297 131.272 0 0 0 0 0 0 0 0 0 0 0 0 0 0 0 0 0 0 0 0.25 32.9706 59.3116 39.2262 -9999 -9999 -9999 -9999 -9999 -9999 -9999 -9999 -9999 -9999 -9999 -9999 -9999 -9999 -9999 -9999 -9999 -9999 -9999
927.438 989.843 1313.35 1225.39 541.316 654.5 342.719 249.406 618.051 1294.6 1119.28 408.898 419.539 905.313 536.799 294.423 277.093 658.958 1601.32 2165.66 2282.31 2058.41 2402.43 2889.22 3261.71 3158.76 2818.29 2727.88 2780.78 2386.97 1910.36 1764.46 1945.22 1847.6 896.759 178.558 0.75 0 0 0 0 0 0 0 0 0 0 0 0 0 0.25 2 2.375 1.375 4.625 2.625 65.1571 70.0118 0 -9999 -9999 -9999 -9999 -9999 -9999 -9999 -9999 -9999 -9999 -9999 -9999 -9999 -9999 -9999 -9999 -9999 -9999 -9999
1188.29 1625.67 1563.99 1246.25 782.52 890.749 447.821 129.317 282.289 1036.24 952.245 294.556 190.529 852.976 1166.44 938.652 873.979 1035.85 1297.69 1383.27 1389.81 1106.64 1554.43 2197.71 2857.44 2908.97 2519.42 2450.25 2633.39 2641.71 2338.37 2205.09 2138.04 1704.99 746.817 175.033 3.15533 0 0 0 0 0 0 0 0 0 0 0 0 0 6.625 5.375 4.0625 3.4375 5.9375 7.6875 9.34283 10.2148 -9999 -9999 -9999 -9999 -9999 -9999 -9999 -9999 -9999 -9999 -9999 -9999 -9999 -9999 -9999 -9999 -9999 -9999 -9999 -9999
1002.82 1282.56 881.163 639.853 556.58 804.87 735.049 389.342 576.118 1249.49 874.505 416.423 512.969 1061.94 983.707 634.31 609.461 626.194 470.901 685.78 819.157 354.841 842.757 1592.91 2314.35 2079.05 1571.54 1505.27 1769.11 1899.49 1664.71 1542.79 1371.08 1233.19 479.824 109.108 7.50888 0 0 0 0 0 0 0 0 4 4.5 7.5 5.25 9.75 5.625 6.125 1.0625 0.6875 0.4375 3.4375 2.3125 0.0625 -9999 -9999 -9999 -9999 -9999 -9999 -9999 -9999 -9999 -9999 -9999 -9999 -9999 -9999 -9999 -9999 -9999 -9999 -9999 -9999
942.144 674.864 181.366 85.6175 58.0605 122.153 764.92 1289.85 1537.29 1899.88 1614.72 1396.77 1488.51 1331.33 425.997 66.1984 55.4465 36.2112 273.843 591.392 723.904 210.844 300.394 1054.4 1640.89 1400.43 600.54 499.067 966.824 935.184 599.912 520.8 432.877 590.999 305.669 32.3345 0 0 0 0 0 0 0 0 3 5 0 1.5 6.75 2.75 0 0 0 0 0 0 0 0 0 -9999 -9999 -9999 -9999 -9999 -9999 -9999 -9999 -9999 -9999 -9999 -9999 -9999 -9999 -9999 -9999 -9999 -9999 -9999
1419.48 1017.61 774 573.673 440.173 481.064 957.7 1720 2006.52 2527.82 2251.54 1974.82 2014.22 1547.35 523.223 143.838 240.012 148.789 239.692 283.701 436.068 287.108 159.741 561.356 814.641 845.474 274.934 235.643 802.53 757.516 420.628 457.53 476.5 281.989 9.18198 0 0 0 0 0 0 0 0 0 0 0 0 0 0 0 0 0 0 0 0 0 0 0 1.13636 12.5 -9999 -9999 -9999 -9999 -9999 -9999 -9999 -9999 -9999 -9999 -9999 -9999 -9999 -9999 -9999 -9999 -9999 -9999
2222.46 1888.64 1508.53 878.231 577.868 1008.66 1579.64 1760.31 1399.92 1689.17 1866.76 1426.2 1630.09 1424.63 554.052 179.735 203.879 267.495 125.919 252.766 124.268 55.8333 69.0808 160.959 169.237 296.066 130.953 161.544 515.839 898 887.935 1103.93 718.493 118.095 0 0 0 0 0 0 0 0 0 0 0 0 0 0 0 0 0 0 0 0 0 0 0.5625 3.1875 6.25 5 -9999 -9999 -9999 -9999 -9999 -9999 -9999 -9999 -9999 -9999 -9999 -9999 -9999 -9999 -9999 -9999 -9999 -9999
2989.29 2583.32 1900.86 1044.22 574.372 927.455 1608.02 1494.27 687.695 665.706 1281.43 700.02 541.462 556.202 436.777 142.398 164.956 180.763 74.0135 66.9454 15.223 14.1409 12.0873 9.88909 5.97043 32.077 206.816 332.278 416.458 619.387 556.459 1038.26 533.493 48.032 0 0 0 0 0 0 0 0 9.84619 29.5386 0 0 0 0 0 0 0 0 0 0 0 0 0.9375 1.3125 1.75 0 0 -9999 -9999 -9999 -9999 -9999 -9999 -9999 -9999 -9999 -9999 -9999 -9999 -9999 -9999 -9999 -9999 -9999
2701.21 1944.53 1360.06 869.584 299.404 298.567 850.48 1213.25 977.431 954.947 1432.06 773.545 242.819 50.6852 78.66 63.2088 65.8549 50.3289 52.4332 59.4991 26.2693 44.0992 21.2952 16.1006 0.375 0 49.3823 147.262 118.224 300.071 833.77 836.104 209.4 4.51777 0 0 0 0 0 0 0 9.53553 268.172 167.58 0 0 0 0 0 0 0 0 0 0 0 0 0 0 0 0 0 0 -9999 -9999 -9999 -9999 -9999 -9999 -9999 -9999 -9999 -9999 -9999 -9999 -9999 -9999 -9999 -9999
2227.17 1375.29 583.262 416.601 210.679 94.4145 341.783 1008.36 1438.21 1449.98 1602.83 1198.43 838.231 431.494 178.231 107.307 54.7661 26.7933 37.735 72.329 28.7013 0 49.0482 55.3892 3.375 0 0.1875 0.5625 9.84099 85.5113 576.29 510.089 64.8486 0 0 0 0 0 0 0 0 26.1066 309.134 96.2477 0 0 0 0 0 0 0 0 0 0 0 0 0 0 0 0 0 0 -9999 -9999 -9999 -9999 -9999 -9999 -9999 -9999 -9999 -9999 -9999 -9999 -9999 -9999 -9999 -9999
1699.63 1159.22 513.532 648.352 577.078 216.609 174.258 678.263 1001.83 862.281 944.981 808.728 900.998 947.975 766.4 607.457 250.929 82.6297 71.9022 51.9458 16.932 0 35.5914 23.4398 2.25 0 0 0 9.84099 33.2907 307.426 273.132 7.89277 0 0 0 0 0 0 0 0 0.5 40.4899 29.2013 11.148 3.46599 0 0 0 0 0 0 0 0 0 0 0 0 0 0 0 0 0 0 -9999 -9999 -9999 -9999 -9999 -9999 -9999 -9999 -9999 -9999 -9999 -9999 -9999 -9999
887.946 731.326 343.917 634.68 664.864 206.033 104.506 215.555 251.439 277.45 317.452 122.099 220.654 506.899 709.866 602.196 440.504 284.691 62.0545 54.6795 46.435 6.56066 7.23116 3.20083 0 0 0 0 0 2.85355 252.379 107.486 0.375 0 38.5282 44.0992 0 0 0 0 0 0 0 67.8688 236.588 56.2399 0 0 0 0 0 0 0 0 0 0 0 0 0 0 0 0 0 0 -9999 -9999 -9999 -9999 -9999 -9999 -9999 -9999 -9999 -9999 -9999 -9999 -9999 -9999
208.886 233.8 137.234 369.35 351.804 221.472 172.845 2.01517 3.25 134.747 53.9411 0 0 4.41421 74.6911 57.1556 52.8486 98.8192 91.4889 239.54 289.949 52.3181 0 0 0 0 0 0 0 0 0 0 0.1875 69.3927 262.782 56.3878 0 0 0 0.375 44.5464 144.132 148.388 53.7728 170.939 118.891 0 0 0 0 0 0 0 0 0 0 0 0 0 0 0 3 7.77778 7.84314 0 -9999 -9999 -9999 -9999 -9999 -9999 -9999 -9999 -9999 -9999 -9999 -9999 -9999
236.314 213.935 292.203 673.432 351.1 483.266 214.063 47.8947 0 7.5 0 7.60355 14.3802 5.25888 0 2.75 17.7766 61.5076 64.7417 448.23 551.217 89.3457 0 0 0 0 0 0 0 0 0 0 0.5625 125.716 162.703 2.25 0 0 0 1.125 176.833 401.567 260.366 44.9214 0 0 0 0 0 0 0 0 0 0 0 0 0 0 0 0 0 0 0 0 0 -9999 -9999 -9999 -9999 -9999 -9999 -9999 -9999 -9999 -9999 -9999 -9999 -9999
550.338 580.537 612.277 1038.17 832.716 670.164 167.739 106.289 1.65533 0 10.1971 86.8475 74.9817 14.8025 29.2978 14.1232 25.4453 62.6459 78.6489 197.286 294.149 56.5442 0.1875 0.5625 0 0 0 0 0 0 0 0 0 26.5637 25.1887 7.90165 6.77665 0 0 0 73.0864 104.007 13.1997 0.75 0 0 0 0 0 0 0 0 0 0 0 0 0 0 0 0 0 0 0 0 0 0 -9999 -9999 -9999 -9999 -9999 -9999 -9999 -9999 -9999 -9999 -9999 -9999
492.904 761.834 1274.16 1499.35 970.028 376.76 94.7953 62.6473 1.05178 0 6.0026 44.3466 33.3218 26.4239 21.7408 36.3015 51.0629 11.5222 18.148 15.2819 35.309 9.83103 27.0478 124.528 81.3774 27.9069 2 0 0 0 0 0 0 2.95711 84.8443 197.371 54.6289 0.5 0 0 6.21415 7.38204 0 0 0 0 0 0 0 0 0 0 0 0 0 0 0 0 0 0 0 0 0 0 0 0 -9999 -9999 -9999 -9999 -9999 -9999 -9999 -9999 -9999 -9999 -9999 -9999
130.887 354.365 746.033 479.687 138.565 11.3891 32.3566 39.8566 0 0 0 0 0 0 146.179 519.95 349.351 58.7817 28.5711 8.86764 7.98116 2.61872 154.375 638.763 876.838 511.984 15.3284 0 4.62316 9.26593 0.75 0.90533 1.65533 0.25 54.2976 254.911 107.822 1.85355 0 0 0 0 0 0 0 0 0 0 0 0 0 0 0 0 0 0 0 0 0 0 0 0 0 0 0 0 -9999 -9999 -9999 -9999 -9999 -9999 -9999 -9999 -9999 -9999 -9999 -9999
35.1218 72.937 152.416 82.136 18.307 8.05178 0 0 0 0 0 0 0 0 150.267 502.53 334.893 112.655 6.67678 15.1051 48.0109 12.1454 385.831 1187.09 1388.95 643.031 7 0 72.079 216.424 69.9071 32.0741 33.0438 1.125 2.858 13.6953 5.12132 0 0 0 0 0 0 0 0 0 0 0 0 0 0 0 0 0 0 0 0 0 0 0 0 0 0 0 0 0 -9999 -9999 -9999 -9999 -9999 -9999 -9999 -9999 -9999 -9999 -9999 -9999
