public/models/data/input/map/sulsel/1000/mapdem.asc
NCOLS 496
NROWS 622
XLLCORNER -95260.364462
YLLCORNER 9790791.912663
CELLSIZE 1000.000000
NODATA_VALUE       -9999
[rows 264 to 296 of 622, columns 225 to 299 of 496]
89.7288 217.307 299.706 274.67 259.883 305.694 351.865 528.158 629.376 649.736 583.107 578.634 563.083 506.612 438.913 361.34 329.409 283.87 211.44 141.806 142.164 95.8313 71.1813 56.6925 59.5612 49.3237 39.6725 26.1537 19.0287 13.4769 10.4006 10.1038 9.04125 11.1506 16.3369 14.9537 12.8763 16.6806 38.6694 51.0781 61.2594 83.9581 76.3694 56.3019 45.5519 37.8025 36.5187 38.5838 40.1263 34.9888 33.4688 33.8462 36.3213 28.5775 28.3075 20.7869 9.50438 14.9888 26.225 19.4019 13.5931 10.2388 9.27625 8.67125 10.68 9.80437 9.45187 9.14688 10.3631 17.34 22.085 15.5562 22.4475 22.1231 14.3931
67.68 159.897 292.483 222.926 205.805 277.839 368.247 402.973 478.911 605.156 572.6 550.367 511.778 453.144 426.16 397.132 313.242 237.757 212.383 191.991 159.039 128.107 100.68 80.865 78.4538 59.4525 46.4087 32.0037 19.0912 12.2006 12.7694 10.5562 8.36625 9.17062 11.7744 16.365 13.1125 14.9519 37.0156 53.2844 64.1556 89.3369 87.3381 66.3519 51.6844 45.3787 45.115 45.1012 44.1113 45.1725 46.2925 43.2188 40.0112 33.4075 36.025 23.3406 15.3181 23.1763 23.9 16.6794 15.7681 11.7238 12.2188 12.7238 11.6925 10.7981 10.7981 10.0594 8.90063 16.4287 19.6513 16.1075 16.3487 14.6856 11.4331
38.3606 106.448 232.482 178.423 209.147 243.584 229.529 251.21 326.583 551.355 573.5 488.327 430.279 390.439 379.219 324.974 282.48 242.757 233.72 195.898 159.853 145.228 110.511 92.2538 82.3575 65.8144 53.0369 34.0081 21.0469 15.1462 15.9963 11.5444 10.0594 12.2419 14.6469 17.1581 14.6481 16.4425 33.8338 54.0588 65.695 88.39 100.664 75.4063 55.5337 47.5294 51.7581 50.6775 50.0175 47.5294 56.3031 52.38 43.1237 35.665 37.3937 27.7881 28.1881 34.6625 25.3662 23.9956 21.4306 17.7237 16.655 21.1856 18.6431 9.9975 10.8713 8.1975 6.7425 8.29688 14.6581 16.6231 21.8069 13.7256 8.10688
52.5431 94.14 144.769 107.612 152.836 214.641 253.401 261.551 279.719 533.09 595.27 464.152 441.509 449.48 472.336 394.565 314.034 269.867 253.086 215.56 172.618 154.011 123.526 104.434 90.0825 72.2569 54.4944 35.7944 23.5631 16.5487 15.8112 12.6006 14.9081 19.7869 20.7519 22.1331 21.4781 23.055 34.8262 51.7762 60.7775 80.705 107.914 86.7175 62.1825 51.1819 52.5556 53.2025 51.535 51.7394 60.1706 55.535 36.4487 33.175 36.3037 30.1144 42.1044 63.425 37.8413 33.3531 20.8931 13.0763 18.3125 27.9144 24.0794 16.48 16.1488 8.62375 7.96625 10.9344 16.4056 17.6581 16.5369 9.92562 13.0019
144.647 216.851 162.254 140.626 192.658 313.697 350.89 400.036 338.68 492.631 628.938 482.578 497.853 502.406 526.741 419.57 360.867 308.086 247.015 203.118 181.671 156.904 131.402 112.257 84.6225 61.1063 46.6087 33.205 24.565 19.8269 16.8431 13.6706 17.0269 20.4338 22.1838 24.6869 27.8081 27.0281 42.2919 67.7 75.74 93.9331 119.752 101.577 76.4456 63.9375 62.5075 63.43 65.7875 63.7719 69.2006 51.4188 41.2775 42.9031 44.9206 59.7687 92.44 74.1269 44.1744 27.0769 17.7644 22.33 27.2013 25.1594 22.4456 12.5681 15.0744 8.9725 11.4213 15.0588 15.8775 15.6375 20.0413 17.915 16.9287
91.5631 216.715 282.379 289.44 301.024 402.833 447.239 479.32 444.11 580.601 721.567 537.682 579.464 610.233 589.478 434.288 361.204 359.449 292.491 197.562 168.689 181.737 135.216 102.938 78.1075 61.495 47.695 33.415 24.535 20.3556 18.6144 17.8744 19.0931 18.7763 19.1413 22.1331 23.0394 26.5644 41.8731 68.6062 84.0888 103.504 127.621 101.169 80.1006 71.9762 72.9912 69.7925 72.4275 70.8431 71.4469 56.7513 48.9925 53.3031 61.0981 55.9025 66.7462 62.9981 44.2181 29.5569 34.2344 72.2162 68.885 25.2556 29.9019 16.4431 14.5819 10.9462 10.7825 11.9637 9.9675 11.88 15.4338 14.185 14.8538
28.4 126.49 285.757 330.122 344.694 413.671 463.109 513.584 543.08 698.549 788.684 619.548 685.094 651.643 579.085 431.033 428.69 442.212 401.259 246.041 209.11 218.991 156.702 119.059 94.1012 66.5369 44.9406 32.6481 26.1981 21.8444 19.9194 17.3456 19.1569 22.4513 22.8612 26.1588 25.4525 31.9475 47.1662 62.865 78.22 95.0987 117.794 102.769 88.3675 86.0594 84.4494 66.3181 75.9056 76.7513 74.31 65.32 59.4625 60.8031 66.9594 62.8044 66.2981 58.3706 44.6644 35.4144 50.1869 92.23 86.1312 31.5425 29.285 17.4013 12.9487 11.5331 10.7431 17.0938 13.8225 9.525 9.87625 13.15 12.2813
10.4325 46.8937 204.038 335.824 386.661 455.041 471.172 520.08 582.706 726.693 874.363 679.097 720.103 707.959 641.986 435.94 567.403 627.376 472.984 276.998 217.726 195.093 152.646 128.339 103.616 77.6794 49.1881 35.6044 29.7994 26.2856 21.7906 16.2244 20.2031 23.7638 23.1238 31.3738 25.6625 31.7225 46.9313 70.9837 94.8962 105.546 113.971 113.647 98.8538 93.7219 80.0569 70.5294 78.7244 84.9887 83.2025 78.6325 73.075 74.7531 74.8294 59.7319 54.5331 49.4069 47.6456 44.0944 54.0619 70.9388 47.5475 38.16 28.805 19.7 17.4975 11.7856 12.7956 19.9112 14.375 8.18 9.87125 14.63 15.5913
57.4406 23.5275 101.213 303.069 376.361 427.652 470.902 541.886 703.844 886.976 882.042 785.249 847.594 819.071 578.181 487.697 595.342 566.808 371.248 314.997 349.407 281.082 206.032 129.531 102.778 80.2688 60.28 45.77 37.4813 32.7637 25.3525 25.3306 26.7519 27.2938 19.9112 25.9444 27.3694 32.2706 51.7131 75.8863 98.2813 98.8737 102.829 122.913 104.243 92.2244 87.8794 89.6981 93.8169 97.5444 90.1081 77.6988 74.7113 89.3344 91.3881 70.5644 60.3231 59.2094 62.8406 50.1206 45.8206 48.095 40.2363 41.6525 31.4963 29.8219 24.0344 25.6606 22.8206 21.5175 14.3112 11.8787 11.1375 11.535 9.79875
126.369 44.9625 23.7725 188.339 317.992 380.038 419.098 506.244 730.726 978.372 894.096 913.391 887.469 711.328 629.143 599.046 675.436 561.792 371.237 403.479 455.124 347.242 262.004 161.674 115.714 96.9662 80.8175 55.8725 43.2762 34.1188 31.29 34.1794 34.6006 32.0488 28.5138 23.8931 26.9906 33.8306 47.9631 66.2975 80.745 92.505 107.272 105.714 114.044 109.473 100.018 107.351 104.589 99.5906 90.4069 86.6188 85.3863 92.0856 100.417 95.0844 70.1906 59.5181 65.7844 58.1869 48.6719 48.22 50.0438 45.8563 34.81 30.9081 32.6306 32.1244 24.9594 21.4625 18.0837 14.7775 12.0063 10.945 10.7262
146.396 54.2287 18.4363 114.444 210.144 208.969 329.783 491.918 692.943 959.427 1025.58 996.371 813.305 650.619 767.157 690.54 694.157 615.316 527.394 452.962 481.346 412.056 318.636 196.844 138.186 116.839 96.8056 69.5244 51.6706 40.0719 38.1881 42.6037 41.2025 40.3662 39.0475 22.9931 25.7456 33.5588 44.365 58.5875 68.9587 81.6075 88.6162 98.3119 116.928 122.594 112.153 123.641 120.894 110.467 101.565 98.8569 93.2744 90.0006 103.961 102.086 77.3344 63.0788 62.9813 65.64 55.045 55.2681 63.7444 56.9338 49.9712 45.0119 41.4431 33.0938 19.4338 15.65 11.48 12.7975 10.42 8.90875 9.03875
159.296 68.7862 22.5588 56.6377 130.627 103.791 239.333 453.615 646.305 917.773 989.197 884.009 749.182 691.275 861.626 827.18 756.222 772.094 665.811 515.556 620.635 544.227 408.152 232.666 163.011 133.666 113.297 82.9656 65.1894 52.6081 47.4869 46.9437 49.3925 54.2337 46 20.0544 26.2294 35.295 56.8937 67.6162 75.6375 91.8788 87.3875 100.106 120.694 129.743 121.979 137.466 134.319 135.038 121.045 106.528 106.581 104.079 110.429 86.2981 83.5944 71.9788 66.1038 73.2275 65.6725 83.4644 104.233 71.215 57.945 50.7656 43.0044 34.8937 27.5088 15.6175 11.0825 10.4063 8.15125 7.60375 7.89875
191.711 109.284 37.3187 24.2306 37.2656 63.4519 129.149 358.925 564.284 871.191 950.66 943.113 844.343 875.712 955.664 965.254 898.813 868.893 713.716 651.09 663.071 540.996 417.483 272.763 197.441 159.395 127.887 99.9381 81.8344 66.6188 59.1763 61.6094 66.1944 67.1769 44.1869 22.7131 28.3094 34.4631 48.4244 54.4244 69.2656 99.2075 138.465 124.551 131.001 144.329 145.411 150.833 171.144 160.616 134.881 116.721 114.448 134.214 173.123 106.214 104.921 91.4737 76.3438 81.0025 77.9013 91.7819 109.294 103.51 82.5738 47.7025 35.9287 29.8981 27.0594 24.5694 20.0281 14.0037 9.51875 5.6825 4.11
140.846 108.298 88.6025 40.6069 32.4094 67.2019 114.084 289.728 541.331 852.128 1101.34 1108.6 1048.01 1060.15 1019.94 1013.18 948.263 909.291 752.668 682.508 626.166 546.241 444.431 306.579 226.316 179.191 135.424 112.014 96.2881 81.2937 71.1462 78.2056 78.5781 62.3444 56.0144 59.0081 38.5419 29.0544 30.7356 57.7069 76.5356 99.6038 135.576 140.133 154.63 163.739 168.746 164.829 190.321 167.376 131.088 122.43 124.394 134.208 192.811 162.634 148.166 108.855 84.5675 93.0912 84.12 93.7556 120.888 124.126 92.1375 43.4137 28.4575 22.6194 18.6531 25.2906 24.9169 17.1938 11.4237 3.87875 3.91375
73.1469 77.3975 138.087 61.3256 39.9994 68.3231 135.129 271.662 489.036 796.282 1151.81 1136.27 1083.34 1024.55 959.549 932.361 888.189 839.588 815.925 804.36 688.9 599.153 482.332 318.279 228.667 183.067 146.109 135.103 114.292 96.8225 84.0125 97.8856 93.3119 71.4081 102.612 112.078 68.3169 34.2313 27.6437 49.7569 79.7231 108.799 138.584 160.656 181.671 201.52 192.917 180.027 192.949 159.221 133.137 132.904 141.036 132.884 149.976 184.615 171.148 131.471 102.451 95.1969 97.1381 103.253 115.887 111.389 85.2806 44.7919 24.5931 19.3944 18.5706 23.9144 22.0181 21.7838 12.1775 4.98688 4.75938
60.6519 76.6212 82.7712 52.5844 51.8931 60.8106 113.404 303.051 525.644 873.691 1241.33 1217.43 1082 971.057 812.881 805.337 735.466 696.434 762.676 816.35 715.595 645.228 560.717 410.284 271.838 217.463 179.759 154.069 126.891 109.762 95.1775 114.964 114.606 95.4806 144.272 147.441 103.587 43.7912 25.2712 42.3769 84.8806 151.385 219.947 237.678 243.1 299.112 246.738 204.004 196.935 171.053 147.499 168.512 168.955 150.497 136.33 138.948 123.554 113.9 114.408 104.739 112.831 96.1525 98.2675 92.8419 71.2406 44.0194 23.0331 16.9006 21.6194 23.5056 21.4119 30.3312 15.9175 14.0444 12.9444
128.898 117.111 89.8613 66.0437 53.8713 65.0088 101.589 301.273 518.727 876.366 1230.82 1140.1 1024.16 972.364 932.695 904.211 842.53 684.304 711.417 760.162 630.477 582.449 531.703 414.279 316.881 253.709 207.501 172.432 143.023 120.126 107.219 120.298 138.136 144.773 178.993 176.656 163.417 91.505 37.6275 51.7981 122.172 230.891 304.943 300.076 287.565 323.039 320.843 252.207 227.894 213.402 189.672 189.567 181.744 166.904 148.758 130.963 128.006 137.169 157.3 125.398 123.132 97.8794 109.736 92.4069 83.5381 58.43 28.26 19.3275 24.02 24.4063 23.4212 13.8025 5.96 11.915 16.32
177.003 202.091 172.19 143.932 107.335 75.9362 103.014 334.726 605.889 922.237 1206.99 1148.02 1030.29 1087.55 1105.08 1048.86 995.629 725.784 810.629 736.482 621.675 556.322 507.768 407.77 348.587 275.876 212.593 176.366 156.714 144.703 120.102 125.281 150.838 185.001 220.516 259.986 232.109 133.923 49.47 49.2844 142.99 284.721 317.748 290.841 304.417 341.853 331.242 295.939 263.948 254.141 229.62 209.439 190.094 167.199 158.065 146.883 134.918 143.598 147.519 126.897 115.343 116.723 123.527 118.307 104.591 78.68 44.1625 24.515 18.565 18.205 16.4 7.24625 10.4987 13.795 11.7775
144.488 215.577 287.636 234.658 188.649 108.706 97.5969 238.297 447.261 819.885 1215.64 1194.62 1009.21 940.781 916.694 862.333 930.563 687.566 819.631 795.676 697.376 617.179 611.266 530.061 422.939 304.163 226.027 178.391 172.314 170.856 138.004 132.19 156.146 202.999 253.904 274.177 248.694 152.474 62.9663 45.3413 137.547 276.516 324.337 276.486 298.601 341.949 330.445 290.203 286.386 294.039 281.942 260.981 221.563 188.868 176.176 159.26 155.027 171.756 149.634 118.804 109.396 96.0269 101.353 95.0344 108.813 99.8675 72.04 37.1919 12.6756 11.9331 8.97688 14.1388 22.0413 15.2125 9.685
111.242 182.792 280.823 221.886 177.551 119.834 99.3556 192.101 386.123 817.456 1156.58 1158.48 1089.81 867.37 741.685 686.421 648.494 568.48 601.003 608.284 644.036 643.117 614.025 573.26 442.992 340.964 268.08 203.814 182.151 179.023 159.932 143.941 159.97 185.515 189.325 162.753 166.583 142.299 80.8512 46.3662 117.055 241.98 316.461 260.104 279.493 311.849 281.74 269.292 301.178 314.136 304.432 279.276 238.959 200.697 184.854 185.149 185.484 156.477 132.107 114.741 100.934 98.0956 80.4444 72.7644 83.8506 84.8725 87.7025 68.5781 30.9319 20.7206 24.8819 22.1325 25.045 19.9975 14.6125
166.591 200.613 176.385 151.708 176.964 155.069 131.502 215.777 343.25 708.234 1008.66 1026.38 978.666 866.539 908.284 813.347 662.681 592.867 595.331 595.378 462.903 499.164 530.04 490.741 468.932 359.375 286.354 230.842 201.507 178.771 163.018 165.12 166.223 152.241 99.1644 77 72.3037 93.8775 96.6387 64.5981 101.764 210.53 294.983 243.29 273.506 281.87 252.291 296.704 319.204 335.393 333.393 310.09 271.643 228.863 222.195 235.616 217.242 154.736 128.461 112.451 97.365 106.442 89.7394 66.6325 68.4437 80.9556 79.2431 86.55 65.3325 56.5612 40.8638 23.1437 15.3775 18.9925 11.8787
125.51 122.219 122.199 116.916 172.04 150.704 130.492 247.949 341.427 571.531 953.763 1057.35 1043.32 1060.74 1048.99 944.026 806.095 695.68 778.406 816.567 711.739 496.646 445.862 358.726 322.568 296.893 264.114 224.97 198.199 185.848 180.293 165.583 156.175 119.479 91.0006 124.379 127.63 103.829 95.2525 71.3781 114.722 236.751 281.179 218.784 249.848 248.021 265.262 323.273 342.621 377.038 404.833 343.353 305.464 265.484 249.011 292.086 225.231 162.146 134.161 118.092 111.114 118.117 109.409 74.9912 74.5175 89.7556 85.2206 71.7637 61.9512 64.67 53.2775 30.1287 17.945 15.1175 11.9762
74.2569 115.736 112.719 130.289 166.921 139.145 124.692 262.022 387.937 601.357 935.674 1111.73 1154.25 1176.18 1214.06 1051.36 860.487 729.906 769.841 821.684 733.172 564.12 493.295 307.844 238.313 213.094 210.291 236.173 202.611 168.514 177.708 150.429 137.477 105.383 98.1781 182.916 174.018 132.694 131.877 70.045 114.544 186.88 227.215 187.533 218.444 240.043 287.532 357.445 366.997 395.036 423.964 370.446 333.856 307.803 274.955 254.481 211.797 176.347 147.353 125.105 125.412 144.695 119.195 77.4681 72.0556 75.6894 77.9569 69.1687 53.1425 57.2056 52.6381 37.3306 21.4906 14.2981 12.3381
94.9894 170.625 174.26 92.0175 170.67 165.836 111.334 223.365 366.496 470.626 678.843 868.421 1024.09 1217.27 1228.7 1051.12 830.884 736.806 780.691 677.536 580.02 534.45 569.561 464.581 303.618 190.503 159.887 170.519 161.01 127.545 128.589 119.954 105.11 111.202 119.492 182.292 171.841 142.387 88.7144 53.8438 64.92 99.3484 135.988 153.524 189.986 222.46 261.191 406.435 400.935 392.453 404.535 391.66 367.075 346.407 306.776 247.552 222.254 192.262 160.851 137.151 135.149 151.941 127.891 79.3206 73.0156 75.5844 68.1794 64.145 49.6362 42.5281 39.3156 36.2444 32.8994 22.2719 16.3369
90.475 142.943 141.982 79.0794 121.376 117.131 115.279 146.189 226.512 309.508 414.352 546.419 773.899 1051.3 1105.85 1050.5 841.246 659.35 660.12 583.499 524.497 471.641 393.723 312.93 202.554 164.021 154.365 147.672 146.473 160.277 157.838 132.206 133.573 146.987 175.204 159.504 102.298 119.765 99.1738 74.51 65.1225 95.5612 141.099 161.565 200.605 237.183 264.842 393.996 408.396 402.901 406.692 402.311 396.666 367.284 331.919 266.935 228.629 198.863 162.511 142.647 145.989 139.155 120.759 81.3081 86.6556 85.0619 80.9069 67.9275 50.4463 48.3256 41.1931 37.5363 30.0037 23.8875 19.91
39.6813 54.2219 57.0131 81.5781 109.912 103.537 126.943 167.129 208.616 268.982 382.985 529.139 669.376 781.43 797.785 749.273 617.444 457.49 413.705 385.663 367.651 384.241 310.39 214.713 204.969 274.544 265.435 216.239 175.416 186.883 199.112 164.363 144.578 144.113 165.806 157.569 87.3625 114.28 90.7688 88.7438 98.1588 111.576 143.339 177.515 202.824 235.571 309.088 396.664 417.481 422.981 419.799 413.357 405.684 385.536 351.853 289.805 246.72 208.936 175.468 157.382 146.894 127.257 116.626 79.8306 80.1956 76.7119 72.9494 56.1387 45.8375 47.6844 47.4469 39.5425 26.16 24.825 21.28
20.9275 42.5725 73.2562 80.2131 79.9831 78.575 121.639 241.925 282.24 327.043 480.228 704.097 711.434 711.382 731.682 576.269 481.707 383.307 324.706 295.719 286.531 293.216 230.922 180.268 206.468 310.006 365.168 235.824 192.251 181.635 188.28 158.723 129.454 114.758 135.044 182.751 151.304 102.443 69.0244 89.7188 106.776 120.272 150.242 184.908 211.522 241.747 326.096 410.681 430.085 445.411 436.8 430.149 422.653 407.128 367.757 303.337 263.129 222.366 185.794 164.869 148.561 134.696 137.257 76.2381 68.8894 60.5794 54.8406 54.0219 48.9894 43.3606 41.2781 37.4969 32.4469 26.0831 22.6881
17.3962 57.2625 97.1338 69.0844 54.7094 65.755 139.946 266.186 357.888 475.641 650.499 837.548 864.268 857.394 774.089 614.536 550.883 499.56 425.701 364.625 287.66 256.983 219.864 177.965 231.181 322.552 367.229 226.69 177.17 161.217 160.527 136.238 110.564 97.9644 127.173 208.585 185.629 97.3994 101.101 117.61 123.22 124.39 144.7 176.247 202.306 244.638 330.8 424.396 462.265 466.263 458.549 453.321 430.249 414.507 385.696 326.826 284.955 229.212 202.595 180.542 161.875 159.229 139.801 68.6106 63.2469 54.0219 45.4031 49.8319 59.8769 56.7119 45.7394 42.0219 34.8869 33.0644 21.8469
31.4819 44.8075 62.5013 51.6906 52.8219 68.8569 107.238 290.325 440.357 689.279 770.296 776.256 763.396 798.444 832.889 817.089 790.448 807.731 780.448 686.693 619.852 478.995 309.231 213.646 318.199 369.409 310.152 246.884 189.162 159.827 163.59 129.814 106.554 95.0919 94.0606 158.091 152.148 97.5025 110.934 136.973 135.993 135.637 137.309 164.938 211.865 256.114 349.855 468.638 492.421 487.028 481.876 470.166 430.522 418.603 387.513 336.425 283.076 269.359 230.945 197.813 183.417 161.049 115.609 85.0013 72.1825 62.9406 56.5781 55.9894 67.7519 67.3581 54.0856 42.7513 39.2188 37.1862 23.7913
73.5781 102.32 66.8637 54.9944 54.3756 70.7144 88.1531 208.431 340.005 559.04 690.035 713.661 695.051 722.351 747.321 819.304 826.323 795.636 802.612 766.9 746.953 597.113 341.574 234.179 323.245 352.534 302.996 230.923 189.362 186.754 177.194 143.678 113.643 99.5894 90.5456 82.64 75.7562 88.8288 86.08 104.674 118.779 136.491 146.903 166.647 217.517 297.743 385.776 502.637 512.092 507.577 487.877 448.737 387.616 364.682 335.092 299.005 292.334 304.027 251.143 218.744 191.568 143.057 96.6025 101.714 79.6675 67.7969 61.9094 55.7219 65.2669 73.1869 57.6094 41.0713 39.4113 33.595 27.56
126.294 94.0606 81.9781 71.2431 63.1544 106.206 169.466 150.027 205.481 456.813 717.959 737.656 725.784 745.654 753.614 800.708 779.916 748.189 726.849 709.443 663.95 562.025 341.09 359.594 430.57 416.479 358.209 266.739 203.672 181.691 170.148 152.336 125.436 102.957 92.2481 78.8131 76.3394 78.955 70.15 80.9256 105.264 130.024 147.329 171.334 210.032 322.664 435.766 540.184 549.328 519.77 465.184 412.212 370.159 290.766 248.352 280.48 334.165 312.389 272.097 240.167 201.128 149.378 122.476 115.148 97.7069 80.8637 73.0563 57.1 57.1575 65.2744 59.2781 42.4081 35.7119 36.0044 36.8431
203.476 168.142 117.267 168.074 95.7556 134.315 252.36 255.095 215.899 487.106 796.112 848.432 832.748 799.724 800.029 808.138 765.266 739.513 727.711 756.765 738.195 595.211 361.991 639.546 587.164 432.221 358.874 267.057 222.694 206.675 191.236 169.443 135.747 105.989 100.308 111.243 123.494 93.3163 70.2487 74.8919 97.1331 129.839 144.224 162.383 208.694 300.685 440.374 529.889 542.122 513.682 452.336 405.731 363.243 275.916 273.937 341.213 357.043 326.146 289.365 253.102 204.997 164.696 138.023 122.764 92.1056 78.9563 76.0088 54.7062 46.1063 49.9256 52.4519 44.9219 37.5406 35.3844 40.7206
267.335 280.803 196.298 224.456 190.271 245.683 378.852 390.862 465.552 567.107 725.361 896.854 965.644 882.469 866.084 875.861 850.019 810.589 817.121 813.543 802.883 560.314 412.684 693.581 553.144 370.756 291.967 267.224 215.632 176.774 178.657 167.414 153.209 131.341 116.1 131.822 139.212 100.58 72.93 69.89 88.0225 115.131 140.704 166.398 213.66 306.162 387.379 436.44 456.321 514.412 484.931 391.433 356.108 319.648 336.897 370.149 351.781 329.549 285.341 246.679 197.428 168.666 150.532 113.503 77.0038 79.5313 81.9725 57.8138 46.0875 39.4706 39.3556 38.285 45.5325 39.9394 39.9781
