public/models/data/input/map/sulsel/1000/mapdcenter.asc
NCOLS 496
NROWS 622
XLLCORNER -95260.364462
YLLCORNER 9790791.912663
CELLSIZE 1000.000000
NODATA_VALUE       -9999
[rows 33 to 65 of 622, columns 300 to 374 of 496]
40693.9 41091.6 41489.2 41886.9 42350.8 42748.4 43146.1 43543.7 44007.6 44405.3 44802.9 45200.6 45664.5 46062.1 46459.8 46857.4 47321.4 47719 48116.7 48514.3 48978.2 49375.9 49773.5 50171.2 50635.1 51032.8 51430.4 51828.1 52292 52689.6 53087.3 53484.9 53948.9 54346.5 54744.2 55141.8 55535.9 55836.6 56118.6 -9999 -9999 -9999 -9999 -9999 -9999 -9999 -9999 -9999 -9999 -9999 -9999 -9999 -9999 -9999 -9999 -9999 -9999 -9999 -9999 -9999 -9999 -9999 -9999 -9999 -9999 -9999 -9999 -9999 -9999 -9999 -9999 -9999 -9999 -9999 -9999
39733.9 40131.6 40529.2 40926.9 41390.8 41788.4 42186.1 42583.7 43047.6 43445.3 43842.9 44240.6 44704.5 45102.1 45499.8 45897.4 46361.4 46759 47156.7 47554.3 48018.2 48415.9 48813.5 49211.2 49675.1 50072.8 50470.4 50868.1 51332 51729.6 52127.3 52524.9 52988.9 53386.5 53784.2 54186.2 54866.6 55691.1 56440.4 57302.1 -9999 -9999 -9999 -9999 -9999 -9999 -9999 -9999 -9999 -9999 -9999 -9999 -9999 -9999 -9999 -9999 -9999 -9999 -9999 -9999 -9999 -9999 -9999 -9999 -9999 -9999 -9999 -9999 -9999 -9999 -9999 -9999 -9999 -9999 -9999
38773.9 39171.6 39569.2 39966.9 40430.8 40828.4 41226.1 41623.7 42087.6 42485.3 42882.9 43280.6 43744.5 44142.1 44539.8 44937.4 45401.4 45799 46196.7 46594.3 47058.2 47455.9 47853.5 48251.2 48715.1 49112.8 49510.4 49908.1 50372 50769.6 51167.3 51564.9 52028.9 52426.5 52828.6 53380.6 54390.1 55348.7 56299.2 57217.3 58159.5 58564 -9999 -9999 -9999 -9999 -9999 -9999 -9999 -9999 -9999 -9999 -9999 58011.9 57861.4 57512.3 57052.5 56654.8 56237.6 55822.9 55486.1 -9999 -9999 -9999 -9999 -9999 -9999 -9999 -9999 -9999 -9999 -9999 -9999 -9999 -9999
37653.9 38051.6 38449.2 38846.9 39310.8 39708.4 40106.1 40503.7 40967.6 41365.3 41762.9 42160.6 42624.5 43022.1 43419.8 43817.4 44281.4 44679 45076.7 45474.3 45938.2 46335.9 46733.5 47131.2 47595.1 47992.8 48390.4 48788.1 49252 49649.6 50047.3 50444.9 50909.2 51330 51927.8 52806.2 53924.8 54884.8 55844.8 56804.8 57916.6 58806.7 59654.5 60245.7 60524 60196.9 -9999 -9999 -9999 57980.8 58342.6 58275.8 57929.3 57591 57204.1 56806.4 56342.5 55944.8 55547.2 55149.5 54677.6 54235.2 53794.2 53341.1 52823 52413.9 52038.6 51054.5 50495.5 50220.3 -9999 -9999 -9999 -9999 -9999
36693.9 37091.6 37489.2 37886.9 38350.8 38748.4 39146.1 39543.7 40007.6 40405.3 40802.9 41200.6 41664.5 42062.1 42459.8 42857.4 43321.4 43719 44116.7 44514.3 44978.2 45375.9 45773.5 46171.2 46635.1 47032.8 47430.4 47828.1 48292 48689.6 49087.3 49484.9 49972.4 50579.1 51449.3 52407.1 53527.1 54487.1 55447.1 56407.1 57527.1 58487.1 59447.1 60309.9 60262.5 59775.3 58916.6 58530.1 58066.2 57809.4 57753 57492 57039.4 56641.7 56244.1 55846.4 55382.5 54984.8 54587.2 54189.5 53725.6 53327.9 52930.3 52532.6 52068.7 51670.3 51245.7 50791 50269.5 49829 48950.1 48530.4 -9999 -9999 -9999
35733.9 36131.6 36529.2 36926.9 37390.8 37788.4 38186.1 38583.7 39047.6 39445.3 39842.9 40240.6 40704.5 41102.1 41499.8 41897.4 42361.4 42759 43156.7 43554.3 44018.2 44415.9 44813.5 45211.2 45675.1 46072.8 46470.4 46868.1 47332 47729.6 48127.3 48529.3 49212.5 50091.7 51049.5 52009.5 53129.5 54089.5 55049.5 56009.5 57129.5 58089.5 59048.2 59671 59392 58963.6 58533.3 58140.1 57676.2 57293.8 56932.1 56543.3 56079.4 55681.7 55284.1 54886.4 54422.5 54024.8 53627.2 53229.5 52765.6 52367.9 51970.3 51572.6 51108.7 50711.1 50313.4 49915.8 49451.3 49031.2 48582 48172 47331.1 47004.9 -9999
34773.9 35171.6 35569.2 35966.9 36430.8 36828.4 37226.1 37623.7 38087.6 38485.3 38882.9 39280.6 39744.5 40142.1 40539.8 40937.4 41401.4 41799 42196.7 42594.3 43058.2 43455.9 43853.5 44251.2 44715.1 45112.8 45510.4 45908.1 46372 46769.6 47171.7 47723.7 48733.3 49691.8 50651.8 51611.8 52731.8 53691.8 54651.8 55611.8 56731.8 57691.8 58603.2 58842.2 58433.1 58035.4 57637.8 57240.1 56776.2 56378.6 55980.9 55583.3 55119.4 54721.7 54324.1 53926.4 53462.5 53064.8 52667.2 52269.5 51805.6 51407.9 51010.3 50612.6 50148.7 49751.1 49353.4 48955.8 48491.9 48094.2 47696.6 47297.7 46802.5 46510.4 -9999
33653.9 34051.6 34449.2 34846.9 35310.8 35708.4 36106.1 36503.7 36967.6 37365.3 37762.9 38160.6 38624.5 39022.1 39419.8 39817.4 40281.4 40679 41076.7 41474.3 41938.2 42335.9 42733.5 43131.2 43595.1 43992.8 44390.4 44788.1 45252.4 45673.1 46270.9 47149.3 48267.9 49227.9 50187.9 51147.9 52267.9 53227.9 54187.9 55147.9 56267.9 57227.9 58079.3 57932.4 57321.3 56915.4 56517.8 56120.1 55656.2 55258.6 54860.9 54463.3 53999.4 53601.7 53204.1 52806.4 52342.5 51944.8 51547.2 51149.5 50685.6 50287.9 49890.3 49492.6 49028.7 48631.1 48233.4 47835.8 47371.9 46974.2 46576.6 46178.9 45715 45281.1 44782.4
32693.9 33091.6 33489.2 33886.9 34350.8 34748.4 35146.1 35543.7 36007.6 36405.3 36802.9 37200.6 37664.5 38062.1 38459.8 38857.4 39321.4 39719 40116.7 40514.3 40978.2 41375.9 41773.5 42171.2 42635.1 43032.8 43430.4 43828.1 44315.5 44922.3 45792.4 46750.2 47870.2 48830.2 49790.2 50750.2 51870.2 52830.2 53790.2 54750.2 55870.2 56830.2 57681.6 57464.4 56513 55967.8 55557.8 55160.1 54696.2 54298.6 53900.9 53503.3 53039.4 52641.7 52244.1 51846.4 51382.5 50984.8 50587.2 50189.5 49725.6 49327.9 48930.3 48532.6 48068.7 47671.1 47273.4 46875.8 46411.9 46014.2 45616.6 45218.9 44755 44357.3 43951.5
31733.9 32131.6 32529.2 32926.9 33390.8 33788.4 34186.1 34583.7 35047.6 35445.3 35842.9 36240.6 36704.5 37102.1 37499.8 37897.4 38361.4 38759 39156.7 39554.3 40018.2 40415.9 40813.5 41211.2 41675.1 42072.8 42470.4 42872.5 43555.6 44434.8 45392.6 46352.6 47472.6 48432.6 49392.6 50352.6 51472.6 52432.6 53392.6 54352.6 55472.6 56432.6 57284 57066.8 55999.4 55167.7 54610.1 54200.1 53736.2 53338.6 52940.9 52543.3 52079.4 51681.7 51284.1 50886.4 50422.5 50024.8 49627.2 49229.5 48765.6 48367.9 47970.3 47572.6 47108.7 46711.1 46313.4 45915.8 45451.9 45054.2 44656.6 44258.9 43795 43397.3 42999.7
30773.9 31171.6 31569.2 31966.8 32430.8 32828.4 33226.1 33623.7 34087.6 34485.3 34882.9 35280.6 35744.5 36142.1 36539.8 36937.4 37401.4 37799 38196.7 38594.3 39058.2 39455.9 39853.5 40251.2 40715.1 41112.8 41514.8 42066.8 43076.4 44034.9 44994.9 45954.9 47074.9 48034.9 48994.9 49954.9 51074.9 52034.9 52994.9 53954.9 55074.9 56034.9 56886.3 56669.1 55592.9 54641.7 53797.7 53248.4 52776.2 52378.6 51980.9 51583.3 51119.4 50721.7 50324.1 49926.4 49462.5 49064.8 48667.2 48269.5 47805.6 47407.9 47010.3 46612.6 46148.7 45751.1 45353.4 44955.8 44491.9 44094.2 43696.6 43298.9 42835 42437.3 42039.7
29653.9 30051.6 30449.2 30846.8 31310.8 31708.4 32106.1 32503.7 32967.6 33365.3 33762.9 34160.6 34624.5 35022.1 35419.8 35817.4 36281.4 36679 37076.7 37474.3 37938.2 38335.9 38733.5 39131.2 39595.5 40016.3 40614 41492.5 42611 43571 44531 45491 46611 47571 48531 49491 50611 51571 52531 53491 54611 55571 56422.4 56205.2 55129 54169 53209 52319.3 51664.4 51258.6 50860.9 50463.3 49999.4 49601.7 49204.1 48806.4 48342.5 47944.8 47547.2 47149.5 46685.6 46287.9 45890.3 45492.6 45028.7 44631.1 44233.4 43835.8 43371.9 42974.2 42576.6 42178.9 41715 41317.3 40919.7
28693.9 29091.6 29489.2 29886.8 30350.8 30748.4 31146.1 31543.7 32007.6 32405.3 32802.9 33200.6 33664.5 34062.1 34459.8 34857.4 35321.4 35719 36116.7 36514.3 36978.2 37375.9 37773.5 38171.2 38658.6 39265.4 40135.6 41093.4 42213.4 43173.4 44133.4 45093.4 46213.4 47173.4 48133.4 49093.4 50213.4 51173.4 52133.4 53093.4 54213.4 55173.4 56024.8 55807.6 54731.4 53771.4 52811.4 51851.4 50856.1 50310.9 49900.9 49503.3 49039.4 48641.7 48244.1 47846.4 47382.5 46984.8 46587.2 46189.5 45725.6 45327.9 44930.3 44532.6 44068.7 43671.1 43273.4 42875.8 42411.9 42014.2 41616.6 41218.9 40755 40357.3 39959.7
27733.9 28131.6 28529.2 28926.8 29390.8 29788.4 30186.1 30583.7 31047.6 31445.3 31842.9 32240.6 32704.5 33102.1 33499.8 33897.4 34361.4 34759 35156.7 35554.3 36018.2 36415.9 36813.5 37215.6 37898.7 38777.9 39735.7 40695.7 41815.7 42775.7 43735.7 44695.7 45815.7 46775.7 47735.7 48695.7 49815.7 50775.7 51735.7 52695.7 53815.7 54775.7 55627.1 55409.9 54333.7 53373.7 52413.7 51453.7 50342.5 49510.8 48953.2 48543.3 48079.4 47681.7 47284.1 46886.4 46422.5 46024.8 45627.2 45229.5 44765.6 44367.9 43970.3 43572.6 43108.7 42711.1 42313.4 41915.8 41451.9 41054.2 40656.6 40258.9 39795 39397.3 38999.7
26773.9 27171.6 27569.2 27966.8 28430.8 28828.4 29226.1 29623.7 30087.6 30485.3 30882.9 31280.6 31744.5 32142.1 32539.8 32937.4 33401.4 33799 34196.7 34594.3 35058.2 35455.9 35857.9 36409.9 37419.5 38378.1 39338.1 40298.1 41418.1 42378.1 43338.1 44298.1 45418.1 46378.1 47338.1 48298.1 49418.1 50378.1 51338.1 52298.1 53418.1 54378.1 55229.5 55012.3 53936.1 52976.1 52016.1 51056.1 49936.1 48984.9 48140.8 47591.5 47119.4 46721.7 46324.1 45926.4 45462.5 45064.8 44667.2 44269.5 43805.6 43407.9 43010.3 42612.6 42148.7 41751.1 41353.4 40955.8 40491.9 40094.2 39696.6 39298.9 38835 38437.3 38039.7
25653.9 26051.6 26449.2 26846.8 27310.8 27708.4 28106.1 28503.7 28967.6 29365.3 29762.9 30160.6 30624.5 31022.1 31419.8 31817.4 32281.4 32679 33076.7 33474.3 33938.6 34359.4 34957.2 35835.6 36954.1 37914.1 38874.1 39834.1 40954.1 41914.1 42874.1 43834.1 44954.1 45914.1 46874.1 47834.1 48954.1 49914.1 50874.1 51834.1 52954.1 53914.1 54765.5 54548.3 53472.5 52513.3 51552.1 50592.1 49472.1 48512.1 47552.1 46662.4 46007.6 45601.7 45204.1 44806.4 44342.5 43944.8 43547.2 43149.5 42685.6 42287.9 41890.3 41492.6 41028.7 40631.1 40233.4 39835.8 39371.9 38974.2 38576.6 38178.9 37715 37317.3 36919.7
24693.9 25091.6 25489.2 25886.8 26350.8 26748.4 27146.1 27543.7 28007.6 28405.3 28802.9 29200.6 29664.5 30062.1 30459.8 30857.4 31321.4 31719 32116.7 32514.3 33001.7 33608.5 34478.7 35436.5 36556.5 37516.5 38476.5 39436.5 40556.5 41516.5 42476.5 43436.5 44556.5 45516.5 46476.5 47436.5 48556.5 49516.5 50476.5 51436.5 52556.5 53516.5 54367.9 54150.7 53074.5 52114.5 51154.5 50194.5 49074.5 48114.5 47154.5 46194.5 45199.3 44654 44244.1 43846.4 43382.5 42984.8 42587.2 42189.5 41725.6 41327.9 40930.3 40532.6 40068.7 39671.1 39273.4 38875.8 38411.9 38014.2 37616.6 37218.9 36755 36357.3 35959.7
23733.9 24131.6 24529.2 24926.8 25390.8 25788.4 26186.1 26583.7 27047.6 27445.3 27842.9 28240.6 28704.5 29102.1 29499.8 29897.4 30361.4 30759 31156.7 31558.7 32241.9 33121 34078.8 35038.8 36158.8 37118.8 38078.8 39038.8 40158.8 41118.8 42078.8 43038.8 44158.8 45118.8 46078.8 47038.8 48158.8 49118.8 50078.8 51038.8 52158.8 53118.8 53970.2 53753 52676.8 51716.8 50756.8 49793.8 48676.8 47716.8 46756.8 45796.8 44685.6 43853.9 43296.4 42886.4 42422.5 42024.8 41627.2 41229.5 40765.6 40367.9 39970.3 39572.6 39108.7 38711.1 38313.4 37915.8 37451.9 37054.2 36656.6 36258.9 35795 35397.3 34999.7
22773.9 23171.6 23569.2 23966.8 24430.8 24828.4 25226.1 25623.7 26087.6 26485.3 26882.9 27280.6 27744.5 28142.1 28539.8 28937.4 29401.4 29799 30201.1 30753.1 31762.6 32721.2 33681.2 34641.2 35761.2 36721.2 37681.2 38641.2 39761.2 40721.2 41681.2 42641.2 43761.2 44721.2 45681.2 46641.2 47761.2 48721.2 49681.2 50641.2 51761.2 52721.2 53572.6 53355.4 52279.2 51319.2 50359.2 49398.2 48279.2 47319.2 46359.2 45399.2 44279.2 43328 42484 41934.6 41462.5 41064.8 40667.2 40269.5 39805.6 39407.9 39010.3 38612.6 38148.7 37751.1 37353.4 36955.8 36491.9 36094.2 35696.6 35298.9 34835 34437.3 34039.7
21653.9 22051.6 22449.2 22846.8 23310.8 23708.4 24106.1 24503.7 24967.6 25365.3 25762.9 26160.6 26624.5 27022.1 27419.8 27817.4 28281.7 28702.5 29300.3 30178.7 31297.3 32257.3 33217.3 34177.3 35297.3 36257.3 37217.3 38177.3 39297.3 40257.3 41217.3 42177.3 43297.3 44257.3 45217.3 46177.3 47297.3 48257.3 49217.3 50177.3 51297.3 52257.3 53108.7 52891.5 51815.3 50855.3 49895.3 48935.3 47815.3 46854.9 45894.4 44936.1 43814.9 42854.2 41898.4 41007.5 40350.7 39944.8 39547.2 39149.5 38685.6 38287.9 37890.3 37492.6 37028.7 36631.1 36233.4 35835.8 35371.9 34974.2 34576.6 34178.9 33715 33317.3 32919.7
20693.9 21091.6 21489.2 21886.8 22350.8 22748.4 23146.1 23543.7 24009.5 24405.3 24802.9 25200.6 25664.5 26062.1 26459.8 26857.4 27344.9 27951.6 28821.8 29779.6 30899.6 31859.6 32819.6 33779.6 34899.6 35859.6 36819.6 37779.6 38899.6 39859.6 40819.6 41779.6 42899.6 43859.6 44819.6 45779.6 46899.6 47859.6 48819.6 49779.6 50899.6 51859.6 52711 52493.8 51417.6 50457.6 49497.6 48537.3 47417.6 46456.7 45495 44537.1 43417.6 42457.6 41497.6 40540.3 39542.4 38997.1 38587.2 38190.4 37725.6 37327.9 36930.3 36532.6 36068.7 35671.1 35273.4 34875.8 34411.9 34014.2 33616.6 33218.9 32755 32357.3 31959.7
19733.9 20131.6 20529.2 20926.8 21390.8 21788.4 22186.1 22586.5 23049.3 23445.3 23842.9 24240.6 24704.5 25102.1 25499.8 25901.8 26585 27464.2 28422 29382 30502 31462 32422 33382 34502 35462 36422 37382 38502 39462 40422 41382 42502 43462 44422 45382 46502 47462 48422 49382 50502 51462 52313.4 52096.2 51020 50060 49100 48139.7 47020 46060 45100 44140 43020 42060 41100 40140 39028.8 38196.7 37639.2 37229.1 36765.7 36368.2 35970.3 35572.6 35108.7 34711.1 34313.4 33915.8 33451.9 33054.2 32656.6 32258.9 31795 31397.3 30999.7
18773.9 19171.6 19569.2 19966.8 20430.8 20828.4 21225.3 21617.8 22087.5 22485.3 22882.9 23280.6 23744.5 24142.1 24544.2 25096.2 26105.8 27064.3 28024.3 28984.3 30104.3 31064.3 32024.3 32984.3 34104.3 35064.3 36024.3 36984.3 38104.3 39064.3 40024.3 40984.3 42104.3 43064.3 44024.3 44984.3 46104.3 47064.3 48024.3 48984.3 50104.3 51064.3 51915.7 51698.5 50622.3 49662.3 48702.3 47742.3 46622.3 45662.3 44702.3 43742.3 42622.3 41662.3 40702.3 39742.3 38622.3 37671 36827 36277.3 35813.5 35408 35010.3 34612.6 34148.7 33751.1 33353.4 32955.8 32491.8 32094.2 31696.6 31298.9 30835 30437.3 30039.7
17653.9 18051.6 18448.4 18846.6 19310.8 19708.4 20103 20501.9 20967.6 21365.3 21762.9 22160.6 22624.9 23045.6 23643.4 24521.8 25640.4 26600.4 27560.4 28520.4 29640.4 30600.4 31560.4 32520.4 33640.4 34600.4 35560.4 36520.4 37640.4 38600.4 39560.4 40520.4 41640.4 42600.4 43560.4 44520.4 45640.4 46600.4 47560.4 48520.4 49640.4 50600.4 51451.8 51234.6 50158.4 49198.4 48238.4 47276.2 46158.4 45198.4 44238.4 43278.4 42158.4 41198.4 40238.4 39278.4 38158.4 37198.4 36238.4 35348.7 34693.8 34287.9 33890.3 33492.6 33028.6 32630.6 32234 31836.1 31373.9 30982.9 30578.2 30182.5 29719 29319.7 28919.6
16693.9 17091.6 17486.9 17887 18350.8 18748.4 19146.1 19542.2 20007.6 20405.3 20802.9 21200.6 21688 22294.8 23164.9 24122.7 25242.7 26202.7 27162.7 28122.7 29242.7 30202.7 31162.7 32122.7 33242.7 34202.7 35162.7 36122.7 37242.7 38202.7 39162.7 40122.7 41242.7 42202.7 43162.7 44122.7 45242.7 46202.7 47162.7 48122.7 49242.7 50202.7 51054.1 50836.9 49761.1 48801.9 47840.7 46880.7 45760.7 44800.7 43840.7 42880.7 41760.7 40800.7 39840.7 38880.7 37760.7 36800.7 35840.7 34880.7 33885.5 33339.7 32929 32532.4 32067.9 31668.5 31275.1 30878.4 30412.2 30015.3 29614.7 29218.3 28755 28356.9 27959.3
15733.9 16131.6 16529.2 16927.8 17390.8 17788.4 18186.1 18583.7 19047.6 19445.3 19842.9 20245 20928.1 21807.3 22765.1 23725.1 24845.1 25805.1 26765.1 27725.1 28845.1 29805.1 30765.1 31725.1 32845.1 33805.1 34765.1 35725.1 36845.1 37805.1 38765.1 39725.1 40845.1 41805.1 42765.1 43725.1 44845.1 45805.1 46765.1 47725.1 48845.1 49805.1 50656.5 50439.3 49363.5 48404.2 47443.1 46483.1 45363.1 44403.1 43443.1 42483.1 41363.1 40403.1 39443.1 38483.1 37363.1 36403.1 35443.1 34483.1 33371.9 32539.6 31981.3 31572.4 31107.7 30713.9 30314 29920.5 29451.2 29052.1 28656.5 28258.9 27795 27397.3 26999.7
14773.9 15171.6 15569.2 15966.9 16430.8 16828.4 17226.1 17623.7 18087.6 18485.3 18887.3 19439.3 20448.9 21407.4 22367.4 23327.4 24447.4 25407.4 26367.4 27327.4 28447.4 29407.4 30367.4 31327.4 32447.4 33407.4 34367.4 35327.4 36447.4 37407.4 38367.4 39327.4 40447.4 41407.4 42367.4 43327.4 44447.4 45407.4 46367.4 47327.4 48447.4 49407.4 50258.8 50041.6 48965.4 48005.4 47045.4 46085.4 44965.4 44005.4 43045.4 42085.4 40965.4 40005.4 39045.4 38085.4 36965.4 36005.4 35045.4 34085.4 32965.4 32014.2 31170.2 30620.9 30148.4 29750.9 29352.5 28956.7 28491.6 28093.5 27698 27299.4 26835 26437.3 26039.7
13654.7 14051.6 14449.2 14847.7 15310.8 15708.3 16105.7 16507.2 16968 17388.8 17986.5 18865 19983.5 20943.5 21903.5 22863.5 23983.5 24943.5 25903.5 26863.5 27983.5 28943.5 29903.5 30863.5 31983.5 32943.5 33903.5 34863.5 35983.5 36943.5 37903.5 38863.5 39983.5 40943.5 41903.5 42863.5 43983.5 44943.5 45903.5 46863.5 47983.5 48943.5 49794.9 49577.7 48502.7 47542.7 46579 45621.5 44501.5 43541.5 42581.5 41621.5 40501.5 39541.5 38581.5 37621.5 36501.5 35541.5 34581.5 33621.5 32501.5 31541.5 30581.5 29691.8 29036.9 28631.1 28233.4 27835.6 27371.8 26974.2 26576.6 26178.9 25715 25317.3 24919.7
12696.1 13091.6 13489.2 13888.4 14350.8 14748 15146.3 15544.5 16031.1 16637.9 17508.1 18465.9 19585.9 20545.9 21505.9 22465.9 23585.9 24545.9 25505.9 26465.9 27585.9 28545.9 29505.9 30465.9 31585.9 32545.9 33505.9 34465.9 35585.9 36545.9 37505.9 38465.9 39585.9 40545.9 41505.9 42465.9 43585.9 44545.9 45505.9 46465.9 47585.9 48545.9 49397.3 49180.1 48104.3 47143.9 46182.7 45223.9 44103.9 43143.9 42183.9 41223.9 40103.9 39143.9 38183.9 37223.9 36103.9 35143.9 34183.9 33223.9 32103.9 31143.9 30183.9 29223.9 28228.6 27683.4 27273.4 26875.2 26411.8 26014.2 25616.6 25218.9 24755 24357.3 23959.7
11735 12131.6 12529.2 12925.9 13390.8 13788.4 14186.1 14586.7 15271.3 16150.4 17108.2 18068.2 19188.2 20148.2 21108.2 22068.2 23188.2 24148.2 25108.2 26068.2 27188.2 28148.2 29108.2 30068.2 31188.2 32148.2 33108.2 34068.2 35188.2 36148.2 37108.2 38068.2 39188.2 40148.2 41108.2 42068.2 43188.2 44148.2 45108.2 46068.2 47188.2 48148.2 48999.6 48782.4 47707.6 46746.9 45786.2 44826.2 43706.2 42746.2 41786.2 40826.2 39706.2 38746.2 37786.2 36826.2 35706.2 34746.2 33786.2 32826.2 31706.2 30746.2 29786.2 28826.2 27715 26883.3 26325.7 25920.4 25451.3 25052.6 24656.6 24258.9 23794.2 23395 22999.7
10776.5 11171.2 11568.8 11966.9 12430.8 12828.4 13230.5 13782.8 14792 15750.6 16710.6 17670.6 18790.6 19750.6 20710.6 21670.6 22790.6 23750.6 24710.6 25670.6 26790.6 27750.6 28710.6 29670.6 30790.6 31750.6 32710.6 33670.6 34790.6 35750.6 36710.6 37670.6 38790.6 39750.6 40710.6 41670.6 42790.6 43750.6 44710.6 45670.6 46790.6 47750.6 48602 48384.8 47308.9 46348.6 45388.6 44428.6 43308.6 42348.6 41388.6 40428.6 39308.6 38348.6 37388.6 36428.6 35308.6 34348.6 33388.6 32428.6 31308.6 30348.6 29388.6 28428.6 27308.6 26357.4 25516.7 24966.7 24491.7 24093.7 23696.6 23298.9 22834.7 22437.4 22040.5
9653.94 10051.6 10449.2 10846.9 11310.3 11729.4 12329.1 13207.9 14326.7 15286.7 16246.6 17206.6 18326.6 19286.6 20246.6 21206.6 22326.6 23286.6 24246.6 25206.6 26326.6 27286.6 28246.6 29206.6 30326.6 31286.6 32246.6 33206.6 34326.6 35286.6 36246.6 37206.6 38326.6 39286.6 40246.6 41206.6 42326.6 43286.6 44246.6 45206.6 46326.6 47286.6 48139.4 47922 46844.6 45884.6 44924.6 43964.6 42844.6 41884.6 40924.6 39964.6 38844.6 37884.6 36924.6 35964.6 34844.6 33884.6 32924.6 31964.6 30844.6 29884.6 28924.6 27964.6 26844.6 25884.6 24924.6 24036.4 23380.1 22974 22576.4 22178.9 21715 21317.8 20920.1
8693.94 9091.58 9489.23 9886.87 10374.3 10981.1 11849.6 12808.5 13929 14889 15849 16809 17929 18889 19849 20809 21929 22889 23849 24809 25929 26889 27849 28809 29929 30889 31849 32809 33929 34889 35849 36809 37929 38889 39849 40809 41929 42889 43849 44809 45929 46889 47741.2 47525.6 46447 45487 44527 43567 42447 41487 40527 39567 38447 37487 36527 35567 34447 33487 32527 31567 30447 29487 28527 27567 26447 25487 24527 23567 22571.8 22025.9 21616 21218.9 20755 20357.3 19959.7
