public/models/data/input/map/sulsel/1000/mapdplant.asc
NCOLS 496
NROWS 622
XLLCORNER -95260.364462
YLLCORNER 9790791.912663
CELLSIZE 1000.000000
NODATA_VALUE       -9999
[rows 132 to 164 of 622, columns 225 to 299 of 496]
309.533 338.614 777.146 1674.97 2622.67 3582.67 4542.67 5662.67 6622.67 7582.67 8542.67 9662.67 10622.7 11582.7 12542.7 13662.7 14622.7 15582.7 16542.7 17375.6 16765.2 15847 14756.1 13822.3 12750.2 11808.7 10937.6 10243.9 9660.38 9031.83 8569.47 8104.13 7706.49 7308.84 6911.2 6536.23 6712.71 7102.33 7499.97 7963.89 8361.53 8759.62 9214.69 9917.74 10730 11666.6 12582.6 13542.7 14003.9 13348.1 12388.1 11268.1 10308.1 9348.11 8388.11 7268.11 6308.11 5348.11 4388.11 3286.38 2304.79 1362.57 579.509 241.928 440.812 1007.68 1244.45 -9999 -9999 -9999 -9999 -9999 -9999 -9999 -9999
944.544 992.345 1545.82 2248.69 3038.77 3980.32 4940.32 6060.32 7020.32 7980.31 8940.31 10060.3 11020.3 11980.3 12940.3 14060.3 15020.3 15980.3 16940.3 17773.2 17163.4 16222.9 15360 14215 13198.8 12312.7 11698.7 11018 10396.4 9927.83 9528.05 9064.13 8666.49 8268.84 7871.2 7496.23 7672.71 8062.32 8459.97 8923.89 9321.53 9719.18 10117.3 10664.2 11287.2 12092.7 13024.2 14070.8 14436.7 13737.5 12777.5 11657.5 10697.5 9737.47 8777.47 7657.47 6697.47 5737.47 4802.08 3959.56 2964.5 1926.55 1414.9 1083.46 1406.93 1687.23 -9999 -9999 -9999 -9999 -9999 -9999 -9999 -9999 -9999
1874.97 1900.05 2310.69 2997.39 3618.35 4396.41 5337.96 6457.96 7417.96 8377.96 9337.96 10458 11418 12377.9 13337.9 14457.9 15417.9 16377.9 17337.9 18170.9 17570.5 16738.1 16315.5 14449.1 13756 13038.6 12472.9 11747.1 11285.5 10885.7 10488 10024.1 9626.48 9228.84 8831.2 8456.23 8632.71 9022.32 9419.97 9883.88 10281.5 10679.2 11076.8 11548.3 12025.6 12644.9 13445.3 14519 14888.2 14135.1 13175.1 12055.1 11095.1 10135.1 9175.11 8055.12 7095.12 6162.47 5368.35 4551.16 3654.67 2770.52 2364.68 2067.8 2608.04 3311.3 3593.21 -9999 -9999 -9999 -9999 -9999 -9999 -9999 -9999
2834.97 2859.83 3224.48 3749.53 4355.04 4963.98 5747.91 6855.61 7815.61 8775.6 9735.6 10855.6 11815.6 12775.6 13735.6 14855.6 15815.6 16775.6 17735.6 18575.4 18086.2 17529.7 17418 16647.5 15712.6 13851.9 13189.4 12642.4 12243.3 11845.7 11448 10984.1 10586.5 10188.8 9791.19 9416.23 9592.71 9982.32 10380 10843.9 11241.5 11639.2 12036.8 12500.8 12906 13379.5 13990.7 14926.1 15292.9 14532.7 13572.7 12452.7 11492.8 10532.8 9572.76 8452.76 7517.07 6719.52 5905.02 4850.25 4167.46 3717.17 3324.68 2994.16 3305.91 3887.52 4069.48 -9999 -9999 -9999 -9999 -9999 -9999 -9999 -9999
3954.97 3979.83 4344.34 4808.4 5252.25 5844.86 6421.84 7331.83 8279.52 9239.52 10199.5 11319.5 12279.5 13239.5 14199.5 15319.5 16279.5 17239.5 18199.5 19135.3 18978.9 18441.5 17603.1 16561.8 15595 14690.6 14226.3 13761 13363.3 12965.7 12568 12104.1 11706.5 11308.8 10911.2 10536.2 10712.7 11102.3 11500 11963.9 12361.5 12759.2 13156.8 13620.7 14018.4 14416.5 14871.5 15553.1 15774.9 14996.7 14036.7 12916.7 11956.7 10996.7 10036.7 8953.77 8161.82 7340.1 6455.73 5692.65 5231.45 4836.05 4443.13 4109.41 4319.66 4556.86 4600.45 -9999 -9999 -9999 -9999 -9999 -9999 -9999 -9999
4914.97 4939.83 5304.34 5768.25 6166.12 6615.56 7202.51 7905.54 8695.62 9637.17 10597.2 11717.2 12677.2 13637.2 14597.1 15717.1 16677.1 17637.1 18597.1 19621.2 19618 18848.9 17790 16737.5 16053.8 15584.7 15184.9 14721 14323.3 13925.7 13528 13064.1 12666.5 12268.8 11871.2 11496.2 11672.7 12062.3 12460 12923.9 13321.5 13719.2 14116.8 14580.7 14978.4 15376 15774.1 16283.2 16257.8 15394.3 14434.3 13314.3 12354.3 11394.3 10458.6 9519.46 8697.19 7824.51 7184.85 6606.72 6193.7 5796.05 5426.82 5065.52 5108.39 5037.03 -9999 -9999 -9999 -9999 -9999 -9999 -9999 -9999 -9999
5874.97 5899.83 6264.34 6728.25 7125.9 7523.77 7967.55 8654.25 9275.2 10053.3 10994.8 12114.8 13074.8 14034.8 14994.8 16114.8 17074.8 18034.8 18994.8 20034.7 20061.8 19143.9 18228.6 17398.4 16934.3 16542.5 16144.9 15681 15283.3 14885.7 14488 14024.1 13626.5 13228.8 12831.2 12456.2 12632.7 13022.3 13420 13883.9 14281.5 14679.2 15076.8 15540.7 15938.4 16336 16733.7 17110.8 16731.2 15791.9 14832 13712 12752 11819.3 11018.7 10055.4 9182.16 8524.97 8034.34 7551.34 7153.7 6756.05 6397.13 6023.68 6087.75 -9999 -9999 -9999 -9999 -9999 -9999 -9999 -9999 -9999 -9999
6834.97 6859.83 7224.34 7688.25 8085.9 8483.54 8881.33 9406.38 10011.9 10620.8 11404.8 12512.4 13472.4 14432.4 15392.4 16512.4 17472.4 18432.4 19392.4 20432.7 20461.2 19586.2 18851.9 18460.4 17943 17502.5 17104.9 16641 16243.3 15845.7 15448 14984.1 14586.5 14188.8 13791.2 13416.2 13592.7 13982.3 14380 14843.9 15241.5 15639.2 16024.4 16500.7 16898.4 17296 17693.7 17896 17149.2 16189.6 15229.6 14109.6 13173.9 12376.4 11559.8 10519.7 9878.26 9391.98 8976.17 8511.34 8096.61 7562.95 6942.91 6455.02 6268.63 -9999 -9999 -9999 -9999 -9999 -9999 -9999 -9999 -9999 -9999
7954.97 7979.83 8344.33 8808.25 9205.9 9603.54 10001.2 10465.2 10909.1 11501.7 12078.7 12988.7 13936.4 14896.4 15856.4 16976.4 17936.4 18896.4 19856.4 20889.2 20950.9 20292.9 19830 19391.9 19000.3 18618.5 18186.1 17707.8 17310.1 16912.5 16514.8 16051.2 15668.9 15302.5 14911.2 14536.2 14712.7 15102.3 15500 15963.9 16361.5 16708 17066.6 17727.5 18019.4 18416 18806.7 18559.5 17613.5 16653.5 15693.5 14610.6 13818.7 12996.9 12103.6 11367.6 10898.9 10462.6 9983.26 9245.85 8391.97 7439.87 6482.21 5595.5 5118.74 4735.78 4635.89 -9999 -9999 -9999 -9999 -9999 -9999 -9999 -9999
8914.97 8939.83 9304.33 9764.3 10110.3 10544.6 10969.5 11425.1 11823 12272.4 12859.3 13562.4 14352.5 15294 16254 17374 18334 19294 20247.2 20979.7 20881 20422.3 19992.2 19553 19394.4 19090.6 18581.9 17874.7 17473.6 17075.9 16678.3 16215.9 15938.9 15895.7 15762.2 15492.9 15672.7 16062.3 16460 16923.9 17321.8 17661.4 18162.7 18824.7 18988.4 19376 19669.7 18971.2 18011.2 17051.2 16115.5 15176.3 14354 13481.4 12819.1 12200.3 11624.5 10926.1 10071.2 8962.22 8002.22 7042.22 6082.22 4987.56 4258.65 3819.65 3708.44 1182.84 1182.84 -9999 -9999 -9999 -9999 -9999 -9999
9834.1 9883.78 10264.3 10724.7 11122.9 11626.8 11953.1 12385.1 12782.7 13180.6 13624.4 14311.1 14932 15710.1 16651.6 17771.6 18731.6 19691.6 20455.1 20303.8 19920.4 19530.4 19116.5 18665 18418.7 18227.8 18079.7 16992 16597.8 16200.2 15802.6 15340.7 15129.5 15391.4 15716 15948.6 16256.3 16650.2 17047.8 17511.7 17909.7 18373.3 18905.6 19485.1 19574 19963.9 20181.5 19368.8 18408.8 17476.2 16675.6 15712.2 14831 14107.9 13409.6 12491.7 11597.4 10644.6 9684.57 8564.58 7604.58 6644.58 5684.58 4564.87 3637.38 2926.73 2741.63 858.922 840.733 1220.11 1941.15 -9999 -9999 -9999 -9999
11220.5 10922 11224.3 11687.4 12101.5 12559.9 12900.6 13345.1 13742.7 14140.4 14538.2 15063.2 15668.7 16277.7 17061.6 18169.3 19129.3 20030.3 20442 19424.5 18946.9 18549.3 18156.3 17694.5 17301.3 16954.9 16575.4 15972.5 15637.8 15240.2 14842.6 14380.7 14169.5 14436.6 14834.3 15297.7 15693.8 16091.2 16488.8 16952.8 17350.4 17742.7 17765.3 18598.2 19007.5 19406.7 19894.2 19756.7 18814.9 17957.4 17113.1 16019 15104.3 14209.6 13282.3 12166.9 11206.9 10246.9 9286.93 8166.93 7206.93 6246.93 5286.93 4166.93 3207.23 2278.74 1291.83 276.985 354.958 988.291 1776.44 -9999 -9999 -9999 -9999
12250.9 12060 12313.6 12806 13186.9 13598 14000.8 14465.1 14862.7 15260.4 15658 16122.1 16565.9 17158.5 17735.5 18645.3 19476.2 19702.6 19428.6 18304.4 17843.7 17433.9 17036.3 16593.3 16227.9 15767.4 15379.4 14915.5 14517.8 14120.2 13722.6 13260.7 13049.5 13316.6 13714.3 14178.2 14575.8 14973.5 15371.1 15835 16232.7 16630.3 16988.4 17492 17906.7 18474.3 19332.1 19803 18941.8 17981.8 17021.8 15901.8 14941.8 13981.8 13021.8 11901.8 10941.8 9981.84 9021.84 7901.84 6941.84 5981.84 5021.84 3901.84 2941.84 1981.84 1030.81 195.372 171.382 726.927 1617.73 3099.45 4347.14 5289.85 6284.67
12972.1 12946.5 13295.1 13783.3 14180.9 14566.8 14970.3 15425.1 15822.7 16220.4 16618 17081.9 17479.8 17929.2 18516.2 19205.4 19541.5 19012.3 18287.7 17377.8 16946.3 16481.2 16076.3 15609 15201.2 14813.6 14419.4 13955.5 13557.8 13160.2 12762.6 12300.7 12089.5 12356.6 12754.3 13218.2 13615.8 14013.5 14411.1 14875 15272.7 15670.3 16068 16549 17127.1 17975.9 18931.5 19777.9 19270.4 18313.2 17353.2 16233.2 15273.2 14313.2 13353.2 12233.2 11273.2 10313.2 9353.21 8233.21 7273.21 6313.21 5353.21 4233.21 3273.21 2326.66 1508 865.749 712.445 1242.96 2012.44 3293.77 4232.76 5262.98 6244.33
13316 14075.2 14323.3 14735.2 14976.8 15523.9 15934.7 16385.1 16782.7 17180.4 17578 18041.9 18439.6 18837.5 19281.2 19809.6 19434 18530.1 17578.7 16710.6 16164.7 15596.1 15121.7 14652.3 14254.7 13857.1 13459.4 12995.5 12597.8 12200.2 11802.6 11340.7 11129.5 11396.6 11794.3 12258.2 12655.8 13053.5 13451.1 13915 14312.7 14710.3 15109.7 15759 16618.3 17573.9 18533.9 19568.8 19599 18710.9 17750.9 16630.8 15670.8 14710.8 13750.8 12630.8 11670.8 10710.8 9750.85 8630.85 7670.85 6710.85 5750.85 4630.85 3684.31 2876.59 2295.27 1769.8 1596.41 1966.88 2599.52 3519.33 4454.09 5415.97 6376.42
15611.3 15412.1 15302 15651.6 16336.4 16754.5 16739.8 17352.3 17742.7 18140.4 18538 19001.9 19399.6 19797.2 20176.6 19972.5 19138.1 18167.4 17170.5 16085.2 15357.9 14810.3 14226.3 13692.3 13294.7 12897.1 12499.4 12035.5 11637.8 11240.2 10842.6 10380.7 10169.5 10436.6 10834.3 11298.2 11695.8 12093.5 12491.1 12955 13352.7 13752.1 14273.3 15259.2 16216.3 17176.3 18136.3 19244 19736.2 19108.4 18148.5 17028.5 16068.5 15108.5 14148.5 13028.5 12068.5 11108.5 10148.5 9028.5 8068.5 7108.5 6148.5 5037.47 4223.29 3652.91 3191.62 2723.44 2553.61 2860.16 3307.42 4078.04 4876.77 5809.92 6769.92
-9999 17959.8 16739.1 17152.2 18244.2 17811.2 18113.7 18485.6 18862.7 19260.4 19658 20121.9 20517.3 20826 20606 19586.7 18615.4 17654.9 16706.5 15586.5 14645 13887.1 13325.8 12642.4 12180.2 11777.1 11379.4 10915.5 10517.9 10120.2 9722.56 9260.72 9049.47 9316.64 9714.28 10178.2 10575.8 10973.5 11371.1 11835.2 12249.8 12817.5 13675.3 14792.3 15752.3 16712.3 17672.3 18792.3 19619.4 19511.5 18612.4 17492.4 16532.4 15572.4 14612.4 13492.4 12532.4 11572.4 10612.4 9492.41 8532.42 7572.42 6621.39 5682.55 5154.52 4705.15 4301.15 3843.44 3673.61 3978.06 4375.71 4891.34 5541.08 6319.73 7236.08
19035.9 18383.6 17869.6 18186.3 18730.5 18764.2 18967.4 19426.6 19822.7 20220.4 20618 21080.6 21373.3 21139.5 20321.5 19185.2 18228.9 17268.9 16308.9 15188.9 14228.9 13289.7 12529.5 11868.8 11296.9 10824.4 10419.4 9955.5 9557.86 9160.21 8762.57 8300.72 8089.47 8356.64 8754.28 9218.2 9615.84 10013.5 10411.1 10892.2 11470.3 12319.1 13274.7 14394.7 15354.7 16314.7 17274.7 18394.7 19337.1 19700.5 19008.1 17890 16930 15970 15010 13890 12930 11970.1 11010.1 9890.06 8930.06 7983.52 7164.86 6512.17 6063.59 5658.79 5261.15 4803.44 4633.61 4938.06 5335.71 5801.73 6266.09 6899.82 7677.38
19269 19054.3 18645 19352.3 19989.1 19718.6 19914.5 20347.4 20764.4 21180.4 21578 21957.2 21790.5 21202.6 19810 18776.9 17831.3 16871.3 15911.3 14791.3 13831.3 12871.3 11929.7 11058.7 10507.8 9939.3 9464.91 8995.61 8598.19 8200.21 7802.57 7340.72 7129.47 7396.64 7794.28 8258.2 8655.85 9053.49 9452.89 10102.2 10961.5 11917.1 12877.1 13997.1 14957 15917 16877 17997 18957 19707.6 19375.7 18287.7 17327.7 16367.7 15407.7 14287.7 13327.7 12367.7 11407.7 10287.7 9341.16 8533.44 7952.12 7420.44 7016.44 6618.79 6221.15 5763.44 5593.61 5898.06 6295.71 6759.63 7160.07 7623.73 8256.37
19424.3 19247.1 18880.6 21520.6 21077.8 20780 21652.9 22269.7 21899.7 22140.4 22519.6 22294.9 21478.9 20517.9 19378.8 18390.1 17433.6 16473.6 15513.6 14393.6 13433.6 12473.6 11513.6 10428.3 9701.09 9153.51 8569.5 8031.88 7626.99 7240.21 6842.57 6380.72 6169.47 6436.64 6834.29 7298.2 7695.85 8095.25 8616.5 9602.35 10559.4 11519.4 12479.4 13599.4 14559.4 15519.4 16479.4 17599.4 18559.4 19494.3 19674 18685.3 17725.3 16765.3 15805.3 14685.3 13725.3 12765.3 11805.3 10694.3 9880.14 9309.76 8848.47 8374.08 7976.44 7578.79 7181.15 6723.44 6553.61 6858.06 7255.71 7719.63 8117.27 8517.02 8964.27
-9999 24089.4 23246.3 22575.5 22633.3 24121.7 24144.4 23318 23034.4 23169.1 22949.1 21929.7 20969.7 20009.7 19049.7 17929.7 16969.7 16009.7 15049.7 13929.7 12969.7 12009.7 11049.7 9929.71 8988.17 8230.28 7668.97 6985.58 6523.35 6120.21 5722.57 5260.72 5049.47 5316.64 5714.29 6178.35 6592.98 7160.65 8018.43 9135.5 10095.5 11055.5 12015.5 13135.5 14095.5 15055.5 16015.5 17135.5 18095.5 19055.5 19802.3 19149.2 18189.2 17229.2 16269.2 15149.3 14189.3 13229.3 12278.2 11339.4 10811.4 10362 9958 9494.08 9096.44 8698.79 8301.15 7843.44 7673.61 7978.06 8375.71 8839.62 9237.27 9634.91 10030.3
26234.4 25073.7 24182.2 23741.8 25997.6 25710.7 24956 24242 23876.1 23470.2 22649.9 21532.1 20572.1 19612.8 18662 17544.8 16585.1 15616.8 14652.1 13532.1 12572.1 11612.1 10652.1 9532.07 8572.07 7632.83 6872.64 6211.95 5640.1 5167.54 4762.57 4300.72 4089.47 4356.64 4754.29 5235.34 5813.41 6662.25 7617.86 8737.86 9697.86 10657.9 11617.9 12737.9 13697.9 14657.9 15617.9 16737.9 17697.9 18657.9 19596 19532.9 18586.9 17626.9 16666.9 15546.9 14586.9 13640.4 12821.7 12169 11720.4 11315.6 10918 10454.1 10056.4 9658.79 9261.14 8803.44 8633.61 8938.06 9335.7 9799.62 10187.8 10498.7 10661.4
26234.4 25830.9 25172.9 25333.1 27922.6 26855 25848.5 24880.6 24102.1 23211.5 22254.4 21134.4 20174.4 19215.2 18312.4 17426.4 16623.1 15368.1 14253.2 13134.4 12174.4 11214.4 10254.4 9134.43 8174.43 7214.43 6272.88 5401.88 4850.98 4282.45 3808.06 3340.72 3129.47 3396.64 3796.04 4445.36 5304.61 6260.21 7220.21 8340.21 9300.21 10260.2 11220.2 12340.2 13300.2 14260.2 15220.2 16340.2 17300.2 18260.2 19220.2 19778.9 18984.5 18024.5 17064.5 15944.5 14998 14190.3 13609 13077.3 12673.3 12275.6 11878 11414.1 11016.4 10618.8 10221.1 9763.44 9593.61 9898.06 10293.1 10619 10656.5 10501.9 10194.1
-9999 26261.9 25967.6 26264.9 28126.2 27114.4 26071.8 24719.6 23776.8 22816.8 21856.8 20736.8 19776.8 18816.8 17872.8 17042.7 16717.1 15210.1 13848.5 12736.8 11776.8 10816.8 9856.78 8736.78 7776.78 6816.78 5856.78 4771.5 4044.24 3496.66 2912.65 2380.72 2169.47 2438.4 2959.64 3943.42 4922.07 5887.91 6887.53 7983.99 8943.99 9903.99 10864 11984 12944 13904 14864 15984 16944 17904 18864 19776.9 19380.4 18422.2 17462.2 16351.2 15537 14966.6 14505.3 14030.9 13633.3 13235.6 12838 12374.1 11976.4 11578.8 11181.1 10723.4 10542.3 10707.5 10687.8 10389.4 10034 9640.21 9242.57
28461.4 27664.2 27073.3 27123.2 27516.9 26715.6 25543.3 24250.1 23312.9 22352.9 21392.9 20272.9 19312.9 18368.7 17381.3 16270.9 15331.6 14353.5 13384.9 12272.9 11312.9 10352.9 9392.86 8276.61 7303.78 6351.07 5392.86 4272.86 3331.32 2573.43 2012.12 1331.07 1072.56 1504.83 2362.61 3481.12 4460.55 5574.2 6820.11 7937.73 8897.5 9857.49 10817.5 11937.5 12897.5 13857.5 14817.5 15937.5 16897.5 17857.5 18817.5 19845 19815.6 18886.1 17935.1 16996.2 16468.2 16018.8 15614.8 15150.9 14753.3 14355.6 13958 13494.1 13094.3 12672.6 12236.4 11628.2 10922.9 10248.4 9782.49 9315.5 8917.86 8520.21 8122.57
29091.1 28345.7 27985.3 27793.7 27070.5 26238.3 25022.1 23811.9 22919.4 21959.4 20999.4 19879.4 18919.6 18007.2 16952.7 15879.4 14919.4 13956.5 12998.4 11879.4 10919.4 9959.36 8999.36 7918.72 6863.1 5938.57 4995.22 3875.22 2915.22 1975.98 1215.78 597.651 409.15 1165.82 2130.73 3307.39 4704.03 5653.78 6820.51 7888.05 8847.35 9807.34 10767.3 11887.3 12847.3 13807.3 14767.3 15887.3 16847.3 17807.3 18767.3 19842.6 20087.6 19297.2 18478.5 17825.9 17377.3 16972.5 16574.8 16110.9 15713.3 15315.6 14917.6 14400.9 13842.7 13156.7 12434.9 11499.6 10552 9619.65 8890.74 8355.5 7957.86 7560.21 7162.57
30053.3 29291.6 28642.2 28053 26827.9 25901.7 24850.3 23755.1 22795.1 21835.1 20890.5 19686.7 18751.6 17791.8 16819.6 15711.6 14751.6 13791.6 12831.6 11711.6 10751.6 9791.6 8831.6 7753.28 6652.21 5720.27 4771.54 3651.54 2691.54 1733.15 819.787 200.457 228.911 1103.92 2087.36 3238.1 4637.74 5621.46 6386.58 7494.63 8454.63 9414.63 10374.6 11494.6 12454.6 13414.6 14374.6 15494.6 16454.6 17414.6 18374.6 19490.4 20136.5 19837.6 19265.8 18734.1 18330.1 17932.5 17534.8 17070.9 16669.7 16212.2 15612.5 14721.7 13832.6 12881.3 11937.5 10971.4 10140.4 9194.32 8258.93 7432.41 6997.86 6600.21 6202.57
31520.4 30674.8 29229.8 28176.2 26901.4 26139.3 25185.8 24065.8 23105.8 22161.1 21421.5 19892.1 18958.7 17998.7 17038.7 15918.7 14958.7 13998.7 13038.7 11918.7 10958.7 9998.71 9038.71 7923.23 6935.25 5980.07 5020.07 3900.07 2943 2155.83 1373.82 262.539 500.571 1230.84 2166.3 3278.61 4288.4 5279.26 6209.46 7328.94 8288.94 9248.94 10208.9 11328.9 12288.9 13248.9 14208.9 15328.9 16288.9 17248.9 18208.9 19328.9 20231.9 20522.5 20162.2 19687.8 19290.1 18892.5 18494.8 17950.5 17271.7 16431.9 15517.2 14403.7 13443.7 12483.7 11523.7 10430.9 9613.76 8784.32 7836.68 6760.03 6074.76 5640.21 5242.57
32449.8 31230.6 29840.8 28572.1 27552 26584.4 25626.9 24506.9 23556.7 22718.4 21947.8 20776.4 19397.8 18444 17484 16364 15404 14444 13484 12364 11404 10444 9483.99 8363.99 7403.99 6443.99 5483.99 4376.66 3571.75 3151.3 3161.5 2278.55 1702.64 1940.78 2645.65 3718.79 4677.94 5596.11 6665.11 7724.1 8678.3 9638.3 10598.3 11718.3 12678.3 13638.3 14598.3 15718.3 16678.3 17638.3 18598.3 19718.3 20677.8 21366.5 21265.6 20793.1 20330.6 19769.8 19021.8 17939.7 16979.7 16019.7 15059.7 13939.8 12979.8 12019.8 11059.8 9939.76 8995.98 8173.75 7349.91 6252.76 5317.37 4591.53 4125.65
32862 32081.6 30329.8 28873.3 27921.2 26855.9 25912.7 24792.7 23834.5 22878.2 21918.9 20798.8 19794.3 18841.6 17881.6 16761.6 15801.6 14841.6 13881.6 12761.6 11801.6 10841.6 9881.63 8761.63 7801.64 6841.64 5884.57 4929.39 4414.15 4074.89 3653.73 2899.82 2614.39 2838.39 3298.43 4145.93 5075.58 5986.85 7202.28 8165.59 9081.92 10035.9 10995.9 12115.9 13075.9 14035.9 14995.9 16115.9 17075.9 18035.9 18995.9 20115.9 21075.9 21963.2 22060.4 21361.9 20551.4 19621.7 18662.1 17542.1 16582.1 15622.1 14662.1 13542.1 12582.1 11622.1 10662.1 9542.12 8582.12 7640.36 6816.11 5842.76 4895.12 3962.8 3233.89
33568 31786.8 30459.2 29313.4 28314.4 27230 26279.3 25159.3 24199.3 23239.3 22294.6 21287.6 20192.3 19239.3 18279.3 17159.3 16199.3 15239.3 14279.3 13159.3 12199.3 11239.3 10279.3 9159.28 8199.28 7242.58 6400.17 5771.43 5366.62 4899.18 4345.92 3822.91 3574.39 3798.06 4196 4758.24 5506.87 6431.26 7475.72 8551.87 9482.7 10433.6 11393.6 12513.6 13473.6 14433.6 15393.6 16513.6 17473.6 18433.6 19393.6 20513.6 21473.6 22325.4 22188.8 21144.5 20184.5 19224.5 18264.5 17144.5 16184.5 15224.5 14264.5 13144.5 12184.5 11224.5 10264.5 9144.48 8184.48 7224.48 6280.69 5314.55 4483.57 3537.47 2602.08
34262.7 32216.3 30664.9 29576.2 28606.1 27636.9 26676.9 25556.9 24596.9 23652 22867.4 22029.4 20497.9 19636.9 18676.9 17556.9 16596.9 15636.9 14676.9 13556.9 12596.9 11636.9 10676.9 9556.92 8599.85 7757.82 7205.09 6725.67 6251.88 5698.21 5249.75 4782.91 4534.39 4758.06 5155.71 5625.11 6115.88 6860.83 7794.32 8913.24 9872.28 10831.2 11791.2 12911.2 13871.2 14831.2 15791.2 16911.2 17871.2 18831.2 19791.2 20911.2 21870 22421.4 21859.5 20746.8 19786.8 18826.8 17866.8 16746.8 15786.8 14826.8 13866.8 12746.8 11786.8 10826.8 9866.83 8746.83 7786.83 6826.83 5866.83 4774.02 3979.27 3148.39 2282.58
33461.3 32274 31112.5 30020.8 29060.8 28100.8 27140.8 26020.8 25060.8 24111.3 23164.2 22052.2 21057.3 20100.8 19140.8 18020.8 17060.8 16100.8 15140.8 14020.8 13060.8 12100.8 11140.8 10033.5 9228.6 8712.99 8309.59 7756.56 7197.08 6764.48 6366.83 5902.91 5654.39 5878.06 6275.71 6739.63 7137.56 7591.27 8299.64 9319.53 10447.6 11303.9 12255.1 13375.1 14335.1 15295.1 16255.1 17375.1 18335.1 19295.1 20255.1 21375.1 22247.7 22264.4 21402.9 20282.9 19322.9 18362.9 17402.9 16282.9 15322.9 14362.9 13402.9 12282.9 11322.9 10362.9 9402.91 8282.91 7324.05 6366.6 5400.89 4282.91 3327.66 2421.2 1601.79
