public/models/data/input/map/sulsel/1000/mapdplant.asc
NCOLS 496
NROWS 622
XLLCORNER -95260.364462
YLLCORNER 9790791.912663
CELLSIZE 1000.000000
NODATA_VALUE       -9999
[rows 165 to 197 of 622, columns 225 to 299 of 496]
33480 32605.8 31442.2 30418.5 29458.5 28498.5 27538.5 26418.5 25458.5 24498.5 23538.5 22418.5 21458.5 20498.5 19538.5 18418.5 17458.5 16498.5 15538.5 14418.5 13458.5 12498.5 11541.4 10586.2 10071 9665.82 9193.44 8554.73 8122.12 7724.48 7326.83 6862.91 6614.39 6838.06 7235.71 7699.63 8097.27 8495.25 8968.05 9886.74 11142.5 11796.9 12659.9 13772.8 14732.8 15692.8 16652.8 17772.8 18732.8 19692.8 20652.8 21772 22444 22030.7 21079.8 19959.8 18999.8 18039.8 17079.8 15959.8 14999.8 14039.8 13079.8 11959.8 10999.8 10039.8 9079.83 7961.11 7000.59 6042.41 5073.1 3959.83 2999.83 2039.83 1091.1
33927.7 33349.8 31802.1 30816.1 29856.1 28896.1 27936.1 26819.5 25863.7 24893.4 23936.1 22831.7 21850.3 20843.7 19936.1 18816.9 17856.1 16896.1 15936.1 14816.2 13891 12923.6 12053.6 11418.8 11020.6 10543.9 9997.42 9479.77 9082.12 8684.48 8286.83 7822.91 7574.39 7798.06 8195.71 8659.62 9057.27 9454.91 9852.85 10446.1 11333.6 12208.5 13085.2 14172.8 15130.4 16090.4 17050.4 18170.4 19130.4 20090.4 21050.4 22168.1 22727 22139.2 21179.2 20059.2 19099.2 18139.2 17179.2 16059.2 15099.2 14139.2 13179.2 12059.2 11099.2 10139.2 9179.24 8061.89 7098.53 6128.57 5178.57 4059.24 3099.24 2139.57 1235.44
34691 34904.8 35471.4 31189.8 30211.8 29291.2 28333.8 27286.4 26436.8 25373 24327.1 23249.5 22345.6 21304.9 20366.6 19316.5 18218.7 17293.8 16333.8 15238.3 14570.5 13785.3 12924.2 12376.8 11909.2 11355.1 10906.6 10439.8 10042.1 9644.47 9246.83 8782.91 8534.38 8758.06 9155.7 9619.62 10017.3 10414.9 10812.6 11282.7 11756.1 12970.2 14377.5 14747.5 15529.8 16488.1 17448.1 18568.1 19528.1 20488.1 21448.1 22565.6 23120.8 22528.6 21568.6 20448.6 19488.6 18528.6 17568.6 16448.6 15488.6 14528.6 13568.6 12448.6 11488.6 10528.6 9568.59 8449.05 7489.24 6527.87 5568.6 4448.6 3488.89 2584.8 1943.25
36071.2 35624.8 36008.3 31621.7 30744 29760.9 28842.6 28141.6 27638.2 26152.7 24789.5 23712.1 22874.8 21836.6 20871 19793.1 18711.9 17757.8 16822.2 15985.1 15394.9 14621.4 14202.1 13482.2 12853.9 12421.3 12023.7 11559.8 11162.1 10764.5 10366.8 9902.91 9654.38 9878.06 10275.7 10739.6 11137.3 11534.9 11932.5 12396.5 12881.1 13661.1 14598.5 15547.8 16167.1 16969.1 17912.1 19032 19992 20952 21912 23029.5 23584.7 22992.5 22032.5 20912.5 19952.5 18992.5 18032.5 16912.5 15952.5 14992.5 14032.5 12912.5 11952.5 10992.5 10032.5 8912.52 7952.52 6992.52 6032.52 4917.46 4046.28 3444.45 3028.36
36839 35292.5 34386 31985.4 31136.3 30224.9 29556.9 29218.1 28595 26557.3 25199.5 24277.3 23866.7 22634.7 21166.1 20075.3 19115.5 18191.6 17460.6 16746.2 15965.7 15353.3 15037.9 14227.2 13762.3 13381.3 12983.7 12519.8 12122.1 11724.5 11326.8 10862.9 10614.4 10838.1 11235.7 11699.6 12097.3 12494.9 12892.5 13356.5 13755 14223.4 14944.4 16025.5 16863.9 17531.2 18326.8 19429.6 20389.6 21349.6 22309.6 23427.2 23982.4 23390.1 22430.1 21310.1 20350.1 19390.1 18430.1 17310.1 16350.1 15390.1 14430.1 13310.1 12350.2 11390.2 10430.2 9310.16 8350.16 7390.16 6430.46 5403.93 4804.41 4386 3988.36
35925.2 34718.3 33780.3 32559.7 31684.7 30879 30275.9 29580.1 28513.3 26697.5 25626.2 24606.1 23783.2 22716.2 21545.9 20473.1 19549.3 18829 18218.4 17311.2 16710.9 16286.9 16054.1 15299.2 14698.4 14331.2 13943.7 13479.8 13082.1 12684.5 12286.8 11822.9 11574.4 11798.1 12195.7 12659.6 13057.3 13454.9 13852.5 14316.5 14714.1 15112.6 15573.5 16439 17380.8 18221.5 18882.4 19829 20787.3 21747.3 22707.3 23824.8 24380 23787.8 22827.8 21707.8 20747.8 19787.8 18827.8 17707.8 16747.8 15787.8 14827.8 13707.8 12747.8 11787.8 10827.8 9707.8 8747.81 7788.14 6884.01 6159.74 5743.65 5346 4948.36
35921.1 34951.7 34089.6 33467.7 32462.9 31331 30300.1 29189.4 28159.5 26973.5 26001.9 24872.7 23903.7 23051.6 22348.8 21078.3 20187.1 19576 18776 18059.8 17644.5 17246.9 16865.7 16130.8 15787.4 15303.4 14903.7 14439.7 14042.1 13644.5 13246.8 12782.9 12534.4 12758.1 13155.7 13619.6 14017.3 14414.9 14812.5 15276.5 15674.1 16071.7 16470 17023.5 17796.7 18740.8 19602.5 20350.3 21186.7 22144.9 23104.9 24222.4 24777.7 24185.4 23225.4 22105.4 21145.4 20185.4 19225.4 18105.4 17145.4 16185.4 15225.4 14105.4 13145.4 12185.4 11225.4 10105.4 9145.74 8241.65 7600.1 7101.29 6703.65 6306 5908.36
36386.9 35568.7 35040 34592.6 33392.9 32324.5 31620.5 29300.8 28372.4 27413.8 26454.5 25395 24661.3 23960.6 23056.8 21688.5 21048.2 20252.8 19643.7 19197.4 18738.1 18294.5 17739.8 17313.3 16825.6 16421.3 16023.7 15559.7 15162.1 14764.5 14366.8 13902.9 13654.4 13878.1 14275.7 14739.6 15137.3 15534.9 15932.5 16396.5 16794.1 17191.7 17589.4 18053.9 18515.1 19243.6 20172.5 21186.4 21824 22626 23569 24686.4 25241.6 24649.3 23690.9 22565.7 21607.5 20649.3 19689.3 18569.3 17609.3 16657.9 15674.3 14569.4 13609.4 12649.4 11689.4 10574.3 9703.13 9101.31 8685.21 8221.29 7823.65 7426 7028.36
36937.9 36397.5 35895.2 35123.6 34142.6 33325 33233 29643.6 28815.3 27847.8 26883.4 26100 25763.3 24979 23553.5 22413 21622.6 21010.1 20586.1 20325.3 19655.1 19099.8 18645.6 18190.7 17779 17381.3 16983.7 16519.7 16122.1 15724.5 15326.8 14862.9 14614.4 14838.1 15235.7 15699.6 16097.3 16494.9 16892.5 17356.5 17754.1 18151.7 18549.4 19013.3 19411.8 19880.2 20601.2 21682.4 22520.8 23188 23983.6 25084 25639.2 25047.7 24150.8 22945 22001.5 21047 20087 18967 18007 17081.8 16041.9 14967 14007 13047 12087.3 11060.8 10461.3 10042.8 9645.21 9181.29 8783.64 8386 7988.35
37763.3 37428 36611 35432.6 34435.2 33486.2 32873.1 30098.7 29239 28290 27546.4 26907.3 26148.3 25176.4 23978.5 22968.1 22367.8 21943.8 21546.1 21099.8 20457.2 20001.1 19600.5 19136.6 18739 18341.3 17943.7 17479.7 17082.1 16684.5 16286.8 15822.9 15574.4 15798.1 16195.7 16659.6 17057.3 17454.9 17852.5 18316.5 18714.1 19111.7 19509.4 19973.3 20371 20769.5 21230.4 22095.9 23037.7 23878.4 24539.3 25483.4 26036.9 25445.4 24543.8 23353.7 22404.6 21444.6 20484.6 19364.6 18404.6 17453.8 16484.7 15364.6 14404.6 13445 12540.8 11816.6 11400.5 11002.8 10605.2 10141.3 9743.64 9346 8948.35
38678.6 38257.8 37433.6 36965.6 34885.7 33134.4 32124.7 30550.4 29609.2 28905.4 28300.3 27314.6 26388.1 25587.6 24508.8 23711.6 23301.4 22903.8 22460.4 21804.4 21358 20958.2 20560.5 20096.6 19699 19301.3 18903.7 18439.7 18042.1 17644.5 17246.8 16782.9 16534.4 16758.1 17155.7 17619.6 18017.3 18414.9 18812.5 19276.5 19674.1 20071.7 20469.4 20933.3 21331 21728.6 22126.8 22680.4 23453.5 24397.7 25259.4 26004.7 26436.3 25842.3 24882.3 23762.3 22802.3 21842.3 20882.3 19762.3 18802.3 17842.3 16882.3 15762.3 14802.6 13898.5 13256.9 12758.1 12360.5 11962.8 11565.2 11101.3 10703.6 10306 9908.35
39322.6 38369.9 37398.8 36749 35520.5 33115.3 32102.6 31047.3 30372.3 29749.9 28871.5 27775.7 27021.4 26614.1 25582.3 24824.9 24415.7 23951.3 23384.6 22873.5 22475.8 22078.2 21680.5 21216.6 20819 20421.3 20023.7 19559.7 19162.1 18764.5 18366.8 17902.9 17654.4 17878.1 18275.7 18739.6 19137.3 19534.9 19932.5 20396.5 20794.1 21191.7 21589.4 22053.3 22451 22848.6 23246.3 23710.8 24172 24900.4 25829.4 26833.9 27036.1 26306.2 25346.2 24226.2 23266.2 22306.2 21346.2 20226.2 19266.2 18306.2 17346.2 16231.1 15360 14758.1 14342 13878.1 13480.5 13082.8 12685.2 12221.3 11823.6 11426 11028.4
39405.1 38472.6 37701.8 35923.2 34835.8 33725.1 32569.5 31729.9 31098.6 30228.4 29280.8 28447.2 27694.7 26923.3 26280.4 25773.4 25303.9 24756.7 24299.6 23833.5 23435.8 23038.2 22640.5 22176.6 21779 21381.3 20983.7 20519.7 20122.1 19724.5 19326.8 18862.9 18614.4 18838.1 19235.7 19699.6 20097.3 20494.9 20892.5 21356.5 21754.1 22151.7 22549.4 23013.3 23411 23808.6 24206.3 24670.2 25068.7 25537.1 26258.1 27305.2 27542 26703.8 25743.8 24623.8 23663.8 22703.8 21743.8 20623.8 19663.8 18703.8 17744.1 16717.6 16118.1 15699.7 15302 14838.1 14440.5 14042.8 13645.2 13181.3 12783.6 12386 11988.4
39291.6 38347.2 37497.8 35865 34831.2 33909.7 33204.7 32465.2 31586 30639.8 29849.7 29212 28299.2 27832.9 27254.6 26666.6 26114.4 25658 25257.4 24793.5 24395.8 23998.2 23600.5 23136.6 22739 22341.3 21943.7 21479.7 21082.1 20684.5 20286.8 19822.9 19574.4 19798.1 20195.7 20659.6 21057.3 21454.9 21852.5 22316.5 22714.1 23111.7 23509.4 23973.3 24371 24768.6 25166.3 25630.2 26027.8 26426.4 26887.3 27712.5 27942.2 27101.5 26141.5 25021.5 24061.5 23101.5 22141.5 21021.5 20061.5 19101.8 18197.7 17473.4 17057.3 16659.7 16262 15798.1 15400.5 15002.8 14605.2 14141.3 13743.6 13346 12948.4
39267.9 38307.9 37364.3 36334.4 35286.1 34559.4 33956.1 32944.4 31996.1 31207.4 30579.4 29665.7 29031.4 28700.7 28149.4 27457.6 27014.9 26615 26217.4 25753.5 25355.8 24958.2 24560.5 24096.6 23699 23301.3 22903.7 22439.7 22042.1 21644.5 21246.8 20782.9 20534.4 20758.1 21155.7 21619.6 22017.3 22414.9 22812.5 23276.5 23674.1 24071.7 24469.4 24933.3 25331 25728.6 26126.3 26590.2 26987.8 27385.5 27783.7 28297 28348.7 27499.1 26539.1 25419.1 24459.1 23499.1 22539.1 21419.1 20459.4 19555.3 18913.8 18415 18017.3 17619.7 17222 16758.1 16360.5 15962.8 15565.2 15101.3 14703.6 14306 13908.4
39688.3 38728.3 37768.3 36703.8 36029.1 35406.8 34528.4 33436.7 32671.4 32034.4 31257 30610.5 30182.6 29622.6 29041.5 28530.3 28132.7 27735 27337.4 26873.5 26475.8 26085 25670.2 25216.6 24819 24421.3 24023.7 23559.7 23162.1 22764.5 22366.8 21902.9 21654.4 21878.1 22275.7 22739.6 23137.3 23534.9 23932.5 24396.5 24794.1 25191.7 25589.4 26053.3 26451 26848.6 27246.3 27710.2 28107.8 28505.5 28903.1 29279 28904.2 27963.1 27003.1 25883.1 24923.1 23963.1 23003.1 21888 21016.8 20415 19998.9 19535 19137.3 18739.7 18342 17878.1 17480.5 17082.8 16685.2 16221.3 15823.6 15426 15028.4
40085.9 39125.9 38210.3 37511.7 36755.4 35885.3 34937.7 34036.8 33391.3 32635 32038.9 31505.8 30976.9 30413.6 29956.5 29490.3 29092.7 28695 28297.4 27833.5 27435.8 27072 26665.7 26151.3 25779 25381.3 24983.7 24519.7 24122.1 23724.5 23326.8 22862.9 22614.4 22838.1 23235.7 23699.6 24097.3 24494.9 24892.5 25356.5 25754.1 26151.7 26549.4 27013.3 27411 27808.6 28206.3 28670.2 29067.8 29465.5 29863.1 30059.7 29320.7 28360.7 27400.7 26280.7 25320.7 24360.7 23401 22374.5 21775 21356.6 20958.9 20495 20097.3 19699.7 19302 18838.1 18440.5 18042.8 17645.2 17181.3 16783.6 16386 15988.4
40483.6 39563.1 38872.1 38252.5 37242.9 36296.6 35506.6 34745.1 33948.3 33400.6 32942.4 32337.9 31771.2 31314.8 30914.3 30450.3 30052.7 29655 29257.4 28793.5 28395.8 28026.2 27927.2 27092.7 26739 26341.3 25943.7 25479.7 25082.1 24684.5 24286.8 23822.9 23574.4 23798.1 24195.7 24659.6 25057.3 25454.9 25852.5 26316.5 26714.1 27111.7 27509.4 27973.3 28371 28768.6 29166.3 29630.2 30027.8 30425.5 30821.3 30643.9 29718.4 28758.4 27798.4 26678.4 25718.4 24758.7 23854.6 23130.3 22714.2 22316.6 21918.9 21455 21057.3 20659.7 20262 19798.1 19400.5 19002.8 18605.2 18141.3 17743.6 17346 16948.4
40916.4 40218.2 39613.7 38602.7 37653 36864.2 36242.2 35463.8 34752.4 34299.4 33793.2 33114.4 32671.8 32271.9 31874.3 31410.3 31012.7 30615 30217.4 29753.5 29355.8 29016.5 29178.4 27971 27699 27301.3 26903.7 26439.7 26042.1 25644.5 25246.8 24782.9 24534.4 24758.1 25155.7 25619.6 26017.3 26414.9 26812.5 27276.5 27674.1 28071.7 28469.4 28933.3 29331 29728.6 30126.3 30590.2 30987.8 31385.5 31714.6 31075.5 30116 29156 28196 27076 26116.3 25212.2 24570.7 24071.8 23674.2 23276.6 22843.9 22415 22017.3 21619.7 21222 20758.1 20360.5 19962.8 19565.2 19101.3 18703.6 18306 17908.4
41686 41063.7 40185.2 39090.9 38326.3 37720.5 37104.7 36494.4 35818.2 35279.4 34698.4 34187.2 33789.6 33391.9 32994.3 32530.3 32132.7 31735 31337.4 30873.5 30475.8 30140.3 30228.3 29334.2 28802.9 28421.3 28023.7 27559.7 27162.1 26764.5 26366.8 25902.9 25654.4 25878.1 26275.7 26739.6 27137.3 27534.9 27932.5 28396.5 28794.1 29191.7 29589.4 30053.3 30451 30848.6 31246.3 31710.2 32107.8 32500.5 32511 31539.9 30579.9 29619.9 28659.9 27544.9 26673.7 26071.9 25655.8 25191.8 24794.2 24428.2 24024 23528 23137.3 22739.7 22342 21878.1 21480.5 21082.8 20685.2 20221.3 19823.6 19426 19028.4
42412.3 41542.1 40594.6 39684 39076.8 38477.4 37937.4 37213.6 36633.8 36070.5 35613.3 35147.2 34749.6 34351.9 33954.3 33490.3 33092.7 32695 32297.4 31833.5 31435.8 31096.6 30883.2 30410.5 29850.5 29387.9 28983.7 28519.7 28122.1 27724.5 27326.8 26862.9 26614.4 26838.1 27235.7 27699.6 28097.3 28494.9 28892.5 29356.5 29754.1 30151.7 30549.4 31013.3 31411 31808.6 32206.3 32670.2 33067.8 33389.6 33012.4 31937.6 30977.6 30017.6 29057.9 28031.4 27431.8 27013.4 26615.8 26151.8 25754.2 25356.6 24976 24486.7 24097.3 23699.7 23302 22838.1 22440.5 22042.8 21645.2 21181.3 20783.6 20386 19988.4
42899.8 41953.5 41163.5 40435.8 39835.1 39287.1 38672.2 37994.7 37428.1 36971.7 36571.1 36107.2 35709.6 35311.9 34914.3 34450.3 34052.7 33655 33257.4 32793.5 32395.8 32021.9 31633 31450.9 30834.9 30347.9 29943.7 29479.7 29082.1 28684.5 28286.8 27822.9 27574.4 27798.1 28195.7 28659.6 29057.3 29454.9 29852.5 30316.5 30714.1 31111.7 31509.4 31973.3 32371 32768.6 33166.3 33630.2 34025.5 34127.8 33449.4 32335.2 31375.2 30415.6 29511.4 28787.2 28371.1 27973.4 27575.8 27111.8 26714.2 26316.6 25936 25467.5 25057.3 24659.7 24262 23798.1 23400.5 23002.8 22605.2 22141.3 21743.6 21346 20948.4
43309.9 42521.1 41899 41177.6 40652.7 40029.8 39454.3 38771.3 38328.6 37928.8 37531.1 37067.2 36669.6 36271.9 35874.3 35410.3 35012.7 34615 34217.4 33753.5 33355.8 32959 32560.8 32147 31702.8 31301.3 30903.7 30439.7 30042.1 29644.5 29246.8 28782.9 28534.4 28758.1 29155.7 29619.6 30017.3 30414.9 30812.5 31276.5 31674.1 32071.7 32469.4 32933.3 33331 33728.6 34126.3 34590.2 34941.5 34724 33852.9 32732.9 31773.2 30869.1 30227.5 29728.7 29331.1 28933.4 28535.8 28071.8 27674.2 27276.6 26878.9 26415 26017.3 25619.7 25222 24758.1 24360.5 23962.8 23565.2 23101.3 22703.6 22306 21908.4
43983.2 43377.4 42761.6 42150.9 41512.8 40936.3 40355.2 39844.1 39446.4 39048.8 38651.1 38187.2 37789.6 37391.9 36994.3 36530.3 36132.7 35735 35337.4 34873.5 34475.8 34078.2 33680.5 33216.6 32819 32421.3 32023.7 31559.7 31162.1 30764.5 30366.8 29902.9 29654.4 29878.1 30275.7 30739.6 31137.3 31534.9 31932.5 32396.5 32794.1 33191.7 33589.4 34053.3 34451 34848.6 35246.3 35707.6 35876.1 35272.9 34316.8 33201.8 32330.6 31728.8 31312.7 30848.7 30451.1 30053.4 29655.8 29191.8 28794.2 28396.6 27998.9 27535 27137.3 26747.8 26335.5 25878.1 25480.5 25082.8 24685.2 24221.3 23823.6 23426 23028.4
44733.7 44134.3 43594.3 42870.5 42290.7 41727.3 41270.2 40804.1 40406.4 40008.8 39611.1 39147.2 38749.6 38351.9 37954.3 37490.3 37092.7 36695 36297.4 35833.5 35435.8 35038.2 34640.5 34176.6 33779 33381.3 32983.7 32519.7 32122.1 31724.5 31326.8 30862.9 30614.4 30838.1 31235.7 31699.6 32097.3 32494.9 32892.5 33355.3 33750.7 34138.3 34541.2 35013.3 35411 35808.6 36206.3 36637.7 36525.5 35674.5 34714.8 33688.2 33088.7 32670.3 32237 31812.5 31422.5 31013.4 30615.8 30151.8 29754.2 29356.6 28958.9 28495 28097.3 27762.6 27300.4 26838.1 26440.5 26042.8 25645.2 25181.3 24783.6 24386 23988.4
45491.9 44943.9 44329 43651.6 43085 42628.6 42228 41764.1 41366.4 40968.8 40571.1 40107.2 39709.6 39311.9 38914.3 38450.3 38052.7 37655 37257.4 36793.5 36395.8 35998.2 35600.5 35136.6 34739 34341.3 33943.7 33479.7 33082.1 32684.5 32286.8 31822.9 31574.4 31798.1 32195.7 32659.6 33057.3 33454.9 33837.2 34309.4 34719.7 35099.6 35534.2 35973.3 36371 36768.6 37166.3 37508.5 37020.6 36072.4 35168.3 34444.1 34027.9 33630.3 33220.9 32755.5 32382.5 31973.4 31575.8 31111.8 30714.2 30316.6 29918.9 29455 29057.3 28700.8 28280.9 27798.1 27400.5 27002.8 26605.2 26141.3 25743.6 25346 24948.4
46309.6 45686.7 45111.2 44428.2 43985.5 43585.7 43188 42724.1 42326.4 41928.8 41531.1 41067.2 40669.6 40271.9 39874.3 39410.3 39012.7 38615 38217.4 37753.5 37355.8 36958.2 36560.5 36096.6 35699 35301.3 34903.7 34439.7 34042.1 33644.5 33246.8 32782.9 32534.4 32758.1 33155.7 33619.6 34017.3 34414.9 34819.6 35292.2 35677.1 36061.6 36476.9 36933.3 37331 37728.6 38126.3 38247.8 37430.1 36522.6 35825.5 35378.5 34987.9 34590.3 34200.6 33712 33288.3 32918.3 32531.9 32071.8 31674.2 31276.6 30878.9 30415 30017.3 29620.5 29222.3 28758.1 28360.5 27962.8 27565.2 27101.3 26703.6 26306 25908.4
47169.7 46593.2 46012.1 45501 45103.3 44705.7 44308 43844.1 43446.4 43048.8 42651.1 42187.2 41789.6 41391.9 40994.3 40530.3 40132.7 39735 39337.4 38873.5 38475.8 38078.2 37680.5 37216.6 36819 36421.3 36023.7 35559.7 35162.1 34764.5 34366.8 33902.9 33654.4 33878.1 34275.7 34739.6 35137.3 35534.9 35932.5 36396.5 36794.1 37195.3 37638 38053.3 38451 38848.6 39229.9 38855.3 37987.5 37405.3 37058.7 36523.2 36107.9 35710.3 35313.1 34836.3 34479.5 34070.7 33655.8 33191.9 32794.2 32396.6 31998.9 31535 31137.3 30739.7 30342 29878.1 29480.5 29082.8 28685.2 28221.3 27823.6 27426 27028.4
47947.5 47384.2 46927.1 46461 46063.3 45665.7 45268 44804.1 44406.4 44008.8 43611.1 43147.2 42749.6 42351.9 41954.3 41490.3 41092.7 40695 40297.4 39833.5 39435.8 39038.2 38640.5 38176.6 37779 37381.3 36983.7 36519.7 36122.1 35724.5 35326.8 34862.9 34614.4 34838.1 35235.7 35699.6 36097.3 36494.9 36892.5 37356.5 37754.1 38148.6 38548.8 39013.3 39411 39808.6 40043.2 39345.1 38745.6 38326.4 37929.3 37465.6 37081.6 36679.3 36274.3 35815.3 35411.1 35013.4 34615.8 34151.9 33754.2 33356.6 32958.9 32495 32097.3 31699.7 31302 30838.1 30440.5 30042.8 29645.2 29181.3 28783.6 28386 27988.4
48741.9 48285.5 47884.9 47421 47023.3 46625.7 46228 45764.1 45366.4 44968.8 44571.1 44107.2 43709.6 43311.9 42914.3 42450.3 42052.7 41655 41257.4 40793.5 40395.8 39998.2 39600.5 39136.6 38739 38341.3 37943.7 37479.7 37082.1 36684.5 36286.8 35822.9 35574.4 35798.1 36195.7 36659.6 37057.3 37454.9 37852.5 38316.5 38714.1 39109.8 39508.7 39973.3 40371 40756.8 40710.2 40100.9 39700.9 39288.5 38884.6 38425.6 38043.3 37641 37233.1 36775.5 36371.1 35973.4 35575.8 35111.9 34714.2 34316.6 33918.9 33455 33057.3 32659.7 32262 31798.1 31400.5 31002.8 30605.2 30141.3 29743.6 29346 28948.4
49642.4 49242.5 48844.9 48381 47983.3 47585.7 47188 46724.1 46326.4 45928.8 45531.1 45067.2 44669.6 44271.9 43874.3 43410.3 43012.7 42615 42217.4 41753.5 41355.8 40958.2 40560.5 40096.6 39699 39301.3 38903.7 38439.7 38042.1 37644.5 37246.8 36782.9 36534.4 36758.1 37155.7 37619.6 38017.3 38414.9 38812.5 39276.5 39674.1 40072.1 40469.5 40933.3 41331 41665 41512.4 41042.5 40665.3 40264.9 39848.6 39385.6 38988.5 38590.9 38192.6 37728.7 37331.1 36933.4 36535.8 36071.9 35674.2 35276.6 34878.9 34415 34017.3 33619.7 33222 32758.1 32360.5 31962.8 31565.2 31101.3 30703.6 30306 29908.4
50760.2 50362.5 49964.9 49501 49103.3 48705.7 48308 47844.1 47446.4 47048.8 46651.1 46187.2 45789.6 45391.9 44994.3 44530.3 44132.7 43735 43337.4 42873.5 42475.8 42078.2 41680.5 41216.6 40819 40421.3 40023.7 39559.7 39162.1 38764.5 38366.8 37902.9 37654.4 37878.1 38275.7 38739.6 39137.3 39534.9 39932.5 40378.3 40818.1 41191.7 41589.4 42053.3 42451 42768.4 42617.6 42162.5 41764.1 41381.3 40928.2 40505.6 40107.9 39710.3 39312.6 38848.7 38451.1 38053.4 37655.8 37191.9 36794.2 36396.6 35998.9 35535 35137.3 34739.7 34342 33878.1 33480.5 33082.8 32685.2 32221.3 31823.6 31426 31028.4
51720.2 51322.5 50924.9 50461 50063.3 49665.7 49268 48804.1 48406.4 48008.8 47611.1 47147.2 46749.6 46351.9 45954.3 45490.3 45092.7 44695 44297.4 43833.5 43435.8 43038.2 42640.5 42176.6 41779 41381.3 40983.7 40502.1 40097.4 39722.2 39326.8 38862.9 38614.4 38838.1 39235.7 39699.6 40097.3 40494.9 40892.5 41397.9 41825.2 42149.2 42541.8 43013.3 43411 43728.4 43577.6 43122.5 42786.5 42419.4 41982.5 41465.6 41067.9 40670.3 40272.6 39808.7 39411.1 39013.4 38615.8 38151.9 37754.2 37356.6 36958.9 36495 36097.3 35699.7 35302 34838.1 34440.5 34042.8 33645.2 33181.3 32783.6 32386 31988.4
