public/models/data/input/map/sulsel/1000/mapdcenter.asc
NCOLS 496
NROWS 622
XLLCORNER -95260.364462
YLLCORNER 9790791.912663
CELLSIZE 1000.000000
NODATA_VALUE       -9999
[rows 66 to 98 of 622, columns 375 to 449 of 496]
18602 18137.6 17738.9 17343.2 16945.3 16481.7 16084 15685.1 15288.4 14998.4 15313.2 15710.8 16108.5 16572.4 16970 17367.7 17765.3 18229.2 18626.9 19024.5 19422.2 19886.1 20283.8 20692.9 21262.3 22269.6 23229.3 24189.3 25149.3 26269.3 27229.3 28189.3 29149.3 30269.3 31229.3 32189.3 33149.3 34269.3 35229.3 36189.3 37149.3 38269.3 39229.3 40189.3 41149.3 42269.3 43229.3 44189.3 45149.3 46269.3 47229.3 48189.3 49149.3 50269.3 51229.3 52189.3 53149.3 54269.3 55229.3 56185.9 57134.9 58261 59212.9 60185.2 61149.6 62269.3 63229.3 64166.8 64891.7 -9999 -9999 -9999 -9999 -9999 -9999
17642 17178.1 16780.5 16382.8 15985.2 15521.3 15123.3 14726.2 14328.5 14038.4 14353.2 14750.8 15148.5 15612.4 16010 16407.7 16805.3 17269.2 17666.9 18064.5 18462.2 18926.1 19334 19904.6 20758 21871.7 22831.7 23791.7 24751.7 25871.7 26831.7 27791.7 28751.7 29871.7 30831.7 31791.7 32751.7 33871.7 34831.7 35791.7 36751.7 37871.7 38831.7 39791.7 40751.7 41871.7 42831.7 43791.7 44751.7 45871.7 46831.7 47791.7 48751.7 49871.7 50831.7 51791.7 52751.7 53871.7 54831.7 55791.7 56751.7 57871.7 58831.7 59791.7 60751.7 61871.7 62831.7 63791.7 64700.2 65171.2 -9999 -9999 -9999 -9999 -9999
16522 16061.3 15660.5 15262.8 14865.2 14401.3 14003.6 13606 13208.4 12918.1 13233.1 13630.7 14028.5 14492.7 14890 15287.7 15685.3 16149.2 16546.9 16944.5 17342.2 17830.4 18439.8 19328.1 20287.8 21407.8 22367.8 23327.8 24287.8 25407.8 26367.8 27327.8 28287.8 29407.8 30367.8 31327.8 32287.8 33407.8 34367.8 35327.8 36287.8 37407.8 38367.8 39327.8 40287.8 41407.8 42367.8 43327.8 44287.8 45407.8 46367.8 47327.8 48287.8 49407.8 50367.8 51327.8 52287.8 53407.8 54367.8 55327.8 56287.8 57407.8 58367.8 59327.8 60287.8 61407.8 62367.8 63327.8 64287.8 64980.8 -9999 -9999 -9999 -9999 -9999
15562 15098.4 14701.4 14302.8 13905.2 13444.3 13045.1 12646 12248.4 11958.4 12273.2 12670.8 13068.5 13533.3 13931 14328.9 14724.9 15190.5 15586.9 15984.5 16392.4 17082.1 17970.5 18930.1 19890.1 21010.1 21970.1 22930.1 23890.1 25010.1 25970.1 26930.1 27890.1 29010.1 29970.1 30930.1 31890.1 33010.1 33970.1 34930.1 35890.1 37010.1 37970.1 38930.1 39890.1 41010.1 41970.1 42930.1 43890.1 45010.1 45970.1 46930.1 47890.1 49010.1 49970.1 50930.1 51890.1 53010.1 53970.1 54930.1 55890.1 57010.1 57970.1 58930.1 59890.1 61010.1 61970.1 62930.1 63890.1 64787.2 65061.1 -9999 -9999 70066.4 70156.2
14604.2 14138.4 13741.4 13342.8 12945.2 12484.3 12085.1 11686 11288.4 10997.9 11311.8 11710.8 12108.5 12565.2 12970.2 13368.1 13765.9 14230.5 14626.9 15036.1 15605.4 16612.8 17572.5 18532.5 19492.5 20612.5 21572.5 22532.5 23492.5 24612.5 25572.5 26532.5 27492.5 28612.5 29572.5 30532.5 31492.5 32612.5 33572.5 34532.5 35492.5 36612.5 37572.5 38532.5 39492.5 40612.5 41572.5 42532.5 43492.5 44612.5 45572.5 46532.5 47492.5 48612.5 49572.5 50532.5 51492.5 52612.5 53572.5 54532.5 55492.5 56612.5 57572.5 58532.5 59492.5 60612.5 61572.5 62532.5 63492.5 64561.9 65230.2 66327.8 67192.4 68394.6 69892.1
13651 13178.1 12780.5 12382.8 11985.2 11521.3 11123.6 10726 10328.4 10034.3 10355.2 10753.4 11148.5 11610 12009.8 12407.4 12805.7 13269.3 13677.2 14247.8 15101.1 16214.8 17174.8 18134.8 19094.8 20214.8 21174.8 22134.8 23094.8 24214.8 25174.8 26134.8 27094.8 28214.8 29174.8 30134.8 31094.8 32214.8 33174.8 34134.8 35094.8 36214.8 37174.8 38134.8 39094.8 40214.8 41174.8 42134.8 43094.8 44214.8 45174.8 46134.8 47094.8 48214.8 49174.8 50134.8 51094.8 52214.8 53174.8 54134.8 55094.8 56214.8 57174.8 58134.8 59094.8 60214.8 61174.8 62134.8 63094.8 64209.2 65146.4 66120.4 67061.3 68128.8 69233.6
12718.6 12066.3 11660.5 11261.9 10864.9 10401.3 10003.4 9605.78 9208.35 8917.25 9229.75 9630.85 10028.5 10492.4 10890.1 11287.7 11685.3 12173.6 12782.9 13671.2 14630.9 15750.9 16710.9 17670.9 18630.9 19750.9 20710.9 21670.9 22630.9 23750.9 24710.9 25670.9 26630.9 27750.9 28710.9 29670.9 30630.9 31750.9 32710.9 33670.9 34630.9 35750.9 36710.9 37670.9 38630.9 39750.9 40710.9 41670.9 42630.9 43750.9 44710.9 45670.9 46630.9 47750.9 48710.9 49670.9 50630.9 51750.9 52710.9 53670.9 54630.9 55750.9 56710.9 57670.9 58630.9 59750.9 60710.9 61670.9 62630.9 63750.9 64710.9 65670.9 66630.9 67750.9 68710.9
12253.3 11256.5 10712.8 10300 9904.26 9441.29 9042.99 8645.35 8248.35 7958.41 8273.21 8670.85 9068.5 9532.41 9930.06 10327.7 10735.6 11425.3 12313.6 13273.3 14233.3 15353.3 16313.3 17273.3 18233.3 19353.3 20314.2 21275.1 22233.6 23353.3 24313.3 25273.3 26233.3 27353.3 28313.3 29273.3 30233.3 31353.3 32313.3 33273.3 34233.3 35353.3 36313.3 37273.3 38233.3 39353.3 40313.3 41273.3 42233.3 43353.3 44313.3 45273.3 46233.3 47353.3 48313.3 49273.3 50233.3 51353.3 52313.3 53273.3 54233.3 55353.3 56313.3 57273.3 58233.3 59353.3 60313.3 61273.3 62233.3 63353.3 64313.3 65273.3 66233.3 67353.3 68313.3
11855.6 10742.8 9912.72 9355.15 8945.21 8481.29 8083.65 7686 7288.36 6998.41 7313.21 7711.93 8108.86 8572.42 8970.06 9379.24 9948.59 10955.9 11915.6 12875.6 13835.6 14955.6 15915.6 16875.6 17835.6 18955.6 19914 20875 21835.9 22955.6 23915.6 24875.6 25835.6 26955.6 27915.6 28875.6 29835.6 30955.6 31915.6 32875.6 33835.6 34955.6 35915.6 36875.6 37835.6 38955.6 39915.6 40875.6 41835.6 42955.6 43915.6 44875.6 45835.6 46955.6 47915.6 48875.6 49835.6 50955.6 51915.6 52875.6 53835.6 54955.6 55915.6 56875.6 57835.6 58955.6 59915.6 60875.6 61835.6 62955.6 63915.6 64875.6 65835.6 66955.6 67915.6
11458 10338 9386.79 8542.77 7993.41 7521.29 7123.65 6726 6328.36 6038.41 6351.41 6749.42 7148.62 7612.42 8020.31 8590.95 9444.26 10558 11518 12478 13438 14558 15518 16478 17438 18558.6 19521.5 20479.6 21438 22558 23518 24478 25438 26558 27518 28478 29438 30558 31518 32478 33438 34558 35518 36478 37438 38558 39518 40478 41438 42558 43518 44478 45438 46558 47518 48478 49438 50558 51518 52478 53438 54558 55518 56478 57438 58558 59518 60478 61438 62558 63518 64478 65438 66558 67518
10994.1 9874.08 8914.08 7954.08 7064.38 6409.49 6003.65 5606 5208.36 4918.41 5233.21 5630.85 6028.5 6518.97 7126.1 8014.38 8974.08 10094.1 11054.1 12014.1 12974.1 14094.1 15054.1 16014.1 16974.1 18092.1 19044.1 20010.1 20974.1 22094.1 23054.1 24014.1 24974.1 26094.1 27054.1 28014.1 28974.1 30094.1 31054.1 32014.1 32974.1 34094.1 35054.1 36014.1 36974.1 38094.1 39054.1 40014.1 40974.1 42094.1 43054.1 44014.1 44974.1 46094.1 47054.1 48014.1 48974.1 50094.1 51054.1 52014.1 52974.1 54094.1 55054.1 56014.1 56974.1 58094.1 59054.1 60014.1 60974.1 62094.1 63054.1 64014.1 64974.1 66094.1 67054.1
10596.4 9476.43 8516.44 7556.44 6596.44 5601.21 5055.95 4646 4248.36 3958.41 4273.21 4670.85 5078.75 5766.82 6656.77 7616.44 8576.44 9696.43 10656.4 11616.4 12576.4 13696.4 14656.4 15616.4 16576.4 17696.4 18653.4 19613.4 20576.4 21696.4 22656.4 23616.4 24576.4 25696.4 26656.4 27616.4 28576.4 29696.4 30656.4 31616.4 32576.4 33696.4 34656.4 35616.4 36576.4 37696.4 38656.4 39616.4 40576.4 41696.4 42656.4 43616.4 44576.4 45696.4 46656.4 47616.4 48576.4 49696.4 50656.4 51616.4 52576.4 53696.4 54656.4 55616.4 56576.4 57696.4 58656.4 59616.4 60576.4 61696.4 62656.4 63616.4 64576.4 65696.4 66656.4
10198.8 9078.79 8118.79 7158.79 6198.79 5087.58 4255.87 3698.3 3288.36 2998.41 3313.21 3722.39 4291.74 5297.97 6258.79 7218.79 8178.79 9298.79 10258.8 11218.8 12178.8 13298.8 14258.8 15218.8 16178.8 17298.8 18256.8 19216.8 20178.8 21298.8 22258.8 23218.8 24178.8 25298.8 26258.8 27218.8 28178.8 29298.8 30258.8 31218.8 32178.8 33298.8 34258.8 35218.8 36178.8 37298.8 38258.8 39218.8 40178.8 41298.8 42258.8 43218.8 44178.8 45298.8 46258.8 47218.8 48178.8 49298.8 50258.8 51218.8 52178.8 53298.8 54258.8 55218.8 56178.8 57298.8 58258.8 59218.8 60178.8 61298.8 62258.8 63218.8 64178.8 65298.8 66258.8
9801.14 8681.15 7721.15 6761.15 5801.15 4681.15 3729.94 2885.92 2336.56 2038.41 2363.46 2934.1 3787.41 4902.09 5861.15 6821.15 7781.15 8901.15 9861.14 10821.1 11781.1 12901.1 13861.1 14821.1 15781.1 16901.1 17861.8 18821.8 19781.1 20901.1 21861.1 22821.1 23781.1 24901.1 25861.1 26821.1 27781.1 28901.1 29861.1 30821.1 31781.1 32901.1 33861.1 34821.1 35781.1 36901.1 37861.1 38821.1 39781.1 40901.1 41861.1 42821.1 43781.1 44901.1 45861.1 46821.1 47781.1 48901.1 49861.1 50821.1 51781.1 52901.1 53861.1 54821.1 55781.1 56901.1 57861.1 58821.1 59781.1 60901.1 61861.1 62821.1 63781.1 64901.1 65861.1
9343.44 8223.44 7263.44 6303.44 5343.44 4223.44 3264.4 2301.39 1412.73 957.167 1475.46 2363.73 3323.44 4443.44 5403.44 6363.44 7323.44 8443.44 9403.44 10363.4 11324.4 12443.3 13403.1 14363.5 15322.8 16445.5 17405.5 18365.5 19325.5 20445.5 21405.5 22365.5 23325.5 24445.5 25405.5 26365.5 27325.5 28445.5 29405.5 30365.5 31325.5 32445.5 33405.5 34365.5 35325.5 36445.5 37405.5 38365.5 39325.5 40445.5 41405.5 42365.5 43325.5 44445.5 45405.5 46365.5 47325.5 48445.5 49405.5 50365.5 51325.5 52445.5 53405.5 54365.5 55325.5 56445.5 57405.5 58365.5 59325.5 60445.5 61405.5 62365.5 63325.5 64445.5 65405.5
9173.61 8053.61 7093.61 6133.61 5173.61 4053.61 3093.61 2133.61 1183.87 588.392 1246.25 2193.61 3153.61 4273.61 5233.61 6193.61 7153.61 8273.61 9233.61 10193.6 11156.4 12273.2 13232.5 14193.7 15151.7 16279.8 17239.8 18199.8 19159.8 20279.8 21239.8 22199.8 23159.8 24279.8 25239.8 26199.8 27159.8 28279.8 29239.8 30199.8 31159.8 32279.8 33239.8 34199.8 35159.8 36279.8 37239.8 38199.8 39159.8 40279.8 41239.8 42199.8 43159.8 44279.8 45239.8 46199.8 47159.8 48279.8 49239.8 50199.8 51159.8 52279.8 53239.8 54199.8 55159.8 56279.8 57239.8 58199.8 59159.8 60279.8 61239.8 62199.8 63159.8 64279.8 65239.8
9478.06 8358.06 7398.06 6438.06 5478.06 4358.06 3398.06 2449.59 1661.3 1267.49 1710.28 2510.36 3458.06 4578.06 5538.06 6498.06 7458.06 8578.06 9538.06 10498.1 11458.1 12578.1 13538.1 14498.1 15458.1 16577.2 17536.5 18499 19458.1 20578.1 21538.1 22498.1 23458.1 24578.1 25538.1 26498.1 27458.1 28578.1 29538.1 30498.1 31458.1 32578.1 33538.1 34498.1 35458.1 36578.1 37538.1 38498.1 39458.1 40578.1 41538.1 42498.1 43458.1 44578.1 45538.1 46498.1 47458.1 48578.1 49538.1 50498.1 51458.1 52578.1 53538.1 54498.1 55458.1 56578.1 57538.1 58498.1 59458.1 60578.1 61538.1 62498.1 63458.1 64578.1 65538.1
9851.99 8751.1 7795.71 6835.71 5875.71 4755.71 3805.96 3018.95 2514.62 2218.41 2542 3055.63 3863.91 4975.71 5935.56 6895.56 7855.71 8975.69 9935.66 10895.7 11853.4 12975.7 13937.7 14897.7 15855.7 16977.2 17937.5 18896 19855.7 20975.7 21935.7 22895.7 23855.7 24975.7 25935.7 26895.7 27855.7 28975.7 29935.7 30895.7 31855.7 32975.7 33935.7 34895.7 35855.7 36975.7 37935.7 38895.7 39855.7 40975.7 41935.7 42895.7 43855.7 44975.7 45935.7 46895.7 47855.7 48975.7 49935.7 50895.7 51855.7 52975.7 53935.7 54895.7 55855.7 56975.7 57935.7 58895.7 59855.7 60975.7 61935.7 62895.7 63855.7 64975.7 65935.7
11047.7 8999.9 8248.78 7299.63 6339.63 5243.97 4495.66 4026.29 3628.36 3338.41 3653.21 4050.85 4518.79 5447.83 6399.63 7359.63 8319.63 9439.62 10399.6 11360.1 12319.8 13439.6 14399.6 15358.5 16322 17438.9 18397.6 19359.7 20319.6 21439.6 22399.6 23359.6 24319.6 25439.6 26399.6 27359.6 28319.6 29439.6 30399.6 31359.6 32319.6 33439.6 34399.6 35359.6 36319.6 37439.6 38399.6 39359.6 40319.6 41439.6 42399.6 43359.6 44319.6 45439.6 46399.6 47359.6 48319.6 49439.6 50399.6 51359.6 52319.6 53439.6 54399.6 55359.6 56319.6 57439.6 58399.6 59359.6 60319.6 61439.6 62399.6 63359.6 64319.6 65439.6 66399.6
12253.5 8913.7 8619.13 7697.27 6747.52 5853.31 5383.98 4986 4588.36 4298.41 4613.21 5010.85 5408.5 5997.19 6809.57 7757.27 8717.27 9836.9 10796.2 11758.7 12717.7 13837.3 14797.3 15757.3 16717.3 17838.5 18798.2 19758.2 20715.4 21837.3 22797.3 23757.3 24717.3 25837.3 26797.3 27757.3 28717.3 29837.3 30797.3 31757.3 32717.3 33837.3 34797.3 35757.3 36717.3 37837.3 38797.3 39757.3 40717.3 41837.3 42797.3 43757.3 44717.3 45837.3 46797.3 47757.3 48717.3 49837.3 50797.3 51757.3 52717.3 53837.3 54797.3 55757.3 56717.3 57837.3 58797.3 59757.3 60717.3 61837.3 62797.3 63757.3 64717.3 65837.3 66797.3
12458.2 9341.28 9034.74 8106.45 7318.16 6741.58 6343.65 5946 5548.36 5258.41 5573.21 5970.85 6368.5 6841.21 7367.14 8167.22 9114.91 10234.5 11193.8 12154.9 13114.9 14234.9 15194.9 16154.9 17114.9 18236.2 19195.6 20155.6 21108 22234.9 23194.9 24154.9 25114.9 26234.9 27194.9 28154.9 29114.9 30234.9 31194.9 32154.9 33114.9 34234.9 35194.9 36154.9 37114.9 38234.9 39194.9 40154.9 41114.9 42234.9 43194.9 44154.9 45114.9 46234.9 47194.9 48154.9 49114.9 50234.9 51194.9 52154.9 53114.9 54234.9 55194.9 56154.9 57114.9 58234.9 59194.9 60154.9 61114.9 62234.9 63194.9 64154.9 65114.9 66234.9 67194.9
-9999 9712 9447.44 8696.77 8171.47 7701.29 7303.65 6906 6508.36 6218.41 6533.21 6930.85 7328.5 7792.42 8198.85 8712.48 9520.76 10632.6 11592.5 12552.5 13512.5 14632.5 15592.5 16552.5 17512.5 18632.5 19592.5 20552.5 21508.8 22632.7 23592.9 24552.5 25512.5 26632.5 27592.5 28552.5 29512.5 30632.5 31592.5 32552.5 33512.5 34632.5 35592.5 36552.5 37512.5 38632.5 39592.5 40552.5 41512.5 42632.5 43592.5 44552.5 45512.5 46632.5 47592.5 48552.5 49512.5 50632.5 51592.5 52552.5 53512.5 54632.5 55592.5 56552.5 57512.5 58632.5 59592.5 60552.5 61512.5 62632.5 63592.5 64552.5 65512.5 66632.5 67592.5
-9999 10286.5 10137.7 9663.93 8927.55 8540.38 8271.4 8006.58 7628.36 7338.41 7653.21 8050.85 8448.5 8912.42 9310.06 9707.7 10175.6 11104.7 12057.1 13017 13976.5 15096.5 16056.5 17016.5 17976.5 19096.5 20056.5 21016.5 21976.5 23096.2 24055.6 25016.5 25976.5 27096.5 28056.5 29016.5 29976.5 31096.5 32056.5 33016.5 33976.5 35096.5 36056.5 37016.5 37976.5 39096.5 40056.5 41016.5 41976.5 43096.5 44056.5 45016.5 45976.5 47096.5 48056.5 49016.5 49976.5 51096.5 52056.5 53016.5 53976.5 55096.5 56056.5 57016.5 57976.5 59096.5 60056.5 61016.5 61976.5 63096.5 64056.5 65016.5 65976.5 67096.5 68056.5
-9999 -9999 10209.9 10089.2 10008.7 -9999 8622.11 8775.74 8585.1 8298.41 8613.21 9010.85 9408.49 9872.41 10270.1 10667.7 11064.8 11654.2 12466.8 13413.2 14373.8 15494.1 16454.1 17414.1 18374.1 19494.1 20454.1 21414.1 22374.1 23494.1 24454.1 25414.1 26374.1 27494.1 28454.1 29414.1 30374.1 31494.1 32454.1 33414.1 34374.1 35494.1 36454.1 37414.1 38374.1 39494.1 40454.1 41414.1 42374.1 43494.1 44454.1 45414.1 46374.1 47494.1 48454.1 49414.1 50374.1 51494.1 52454.1 53414.1 54374.1 55494.1 56454.1 57414.1 58374.1 59494.1 60454.1 61414.1 62374.1 63494.1 64454.1 65414.1 66374.1 67494.1 68454.1
-9999 -9999 -9999 -9999 -9999 -9999 -9999 9592.33 9461.98 9258.41 9573.21 9970.85 10368.5 10832.4 11230.1 11627.7 12024.8 12498 13023.2 13822.4 14771.5 15891.7 16851.7 17811.7 18771.7 19891.7 20851.7 21811.7 22771.7 23891.7 24851.7 25811.7 26771.7 27891.7 28851.7 29811.7 30771.7 31891.7 32851.7 33811.7 34771.7 35891.7 36851.7 37811.7 38771.7 39891.7 40851.7 41811.7 42771.7 43891.7 44851.7 45811.7 46771.7 47891.7 48851.7 49811.7 50771.7 51891.7 52851.7 53811.7 54771.7 55891.7 56851.7 57811.7 58771.7 59891.7 60851.7 61811.7 62771.7 63891.7 64851.7 65811.7 66771.7 67891.7 68851.7
-9999 -9999 -9999 -9999 -9999 -9999 -9999 10869.2 10524.2 10218.4 10533.2 10930.8 11328.5 11788.4 12190 12587.7 12985.3 13449.3 13855.4 14369.1 15177.6 16289.4 17249.4 18209.4 19169.4 20289.4 21249.4 22209.4 23169.4 24289.4 25249.4 26209.4 27169.4 28289.4 29249.4 30209.4 31169.4 32289.4 33249.4 34209.4 35169.4 36289.4 37249.4 38209.4 39169.4 40289.4 41249.4 42209.4 43169.4 44289.4 45249.4 46209.4 47169.4 48289.4 49249.4 50209.4 51169.4 52289.4 53249.4 54209.4 55169.4 56289.4 57249.4 58209.4 59169.4 60289.4 61249.4 62209.4 63169.4 64289.4 65249.4 66209.4 67169.4 68289.4 69249.4
-9999 -9999 -9999 -9999 -9999 15556.1 13069.8 12080.7 11639.4 11338.4 11651.1 12048.8 12448.5 12912.4 13310 13707.7 14105.3 14569.3 14966.9 15364.7 15832.5 16761.5 17713.3 18673.3 19633.3 20753.3 21713.3 22673.3 23633.3 24753.3 25713.3 26673.3 27633.3 28753.3 29713.3 30673.3 31633.3 32753.3 33713.3 34673.3 35633.3 36753.3 37713.3 38673.3 39633.3 40753.3 41713.3 42673.3 43633.3 44753.3 45713.3 46673.3 47633.3 48753.3 49713.3 50673.3 51633.3 52753.3 53713.3 54673.3 55633.3 56753.3 57713.3 58673.3 59633.3 60753.3 61713.3 62673.3 63633.3 64753.3 65713.3 66673.3 67633.3 68753.3 69713.3
-9999 -9999 -9999 -9999 15818.4 15373.4 13820.2 13049.3 12587.8 12298.4 12613.2 13010.4 13408.3 13872.4 14270 14667.7 15065.3 15529.1 15926.3 16325 16724.4 17310.9 18123.3 19071 20031 21151 22111 23071 24031 25151 26111 27071 28031 29151 30111 31071 32031 33151 34111 35071 36031 37151 38111 39071 40031 41151 42111 43071 44031 45151 46111 47071 48031 49151 50111 51071 52031 53151 54111 55071 56031 57151 58111 59071 60031 61151 62111 63071 64031 65151 66111 67071 68031 69151 70111
-9999 -9999 -9999 -9999 15818.4 15304.7 14534 13961.8 13548.4 13258.4 13573.2 13970.4 14368.3 14832.4 15230 15627.7 16025.3 16489.1 16886.3 17284.5 17685 18154.9 18680.8 19480.9 20428.6 21548.6 22508.6 23468.6 24428.6 25548.6 26508.6 27468.6 28428.6 29548.6 30508.6 31468.6 32428.6 33548.6 34508.6 35468.6 36428.6 37548.6 38508.6 39468.6 40428.6 41548.6 42508.6 43468.6 44428.6 45548.6 46508.6 47468.6 48428.6 49548.6 50508.6 51468.6 52428.6 53548.6 54508.6 55468.6 56428.6 57548.6 58508.6 59468.6 60428.6 61548.6 62508.6 63468.6 64428.6 65548.6 66508.6 67468.6 68428.6 69548.6 70508.6
-9999 -9999 -9999 -9999 -9999 15770.9 15312.9 14906 14508.4 14218.4 14533.2 14927.4 15327.3 15792.4 16190 16587.7 16985.3 17449.2 17848.8 18246.4 18642.5 19106.1 19512.5 20026.2 20834.5 21946.3 22906.3 23866.3 24826.3 25946.3 26906.3 27866.3 28826.3 29946.3 30906.3 31866.3 32826.3 33946.3 34906.3 35866.3 36826.3 37946.3 38906.3 39866.3 40826.3 41946.3 42906.3 43866.3 44826.3 45946.3 46906.3 47866.3 48826.3 49946.3 50906.3 51866.3 52826.3 53946.3 54906.3 55866.3 56826.3 57946.3 58906.3 59866.3 60826.3 61946.3 62906.3 63866.3 64826.3 65946.3 66906.3 67866.3 68826.3 69946.3 70906.3
-9999 21233.3 20928.9 18845.7 17422.2 16826.1 16423.2 16026 15628.4 15338.4 15653.2 16050.8 16448.5 16912.4 17310 17704.2 18104.2 18569.2 18966.9 19364.5 19761.6 20227.3 20623.8 21021.4 21489.3 22418.4 23370.2 24330.2 25290.2 26410.2 27370.2 28330.2 29290.2 30410.2 31370.2 32330.2 33290.2 34410.2 35370.2 36330.2 37290.2 38410.2 39370.2 40330.2 41290.2 42410.2 43370.2 44330.2 45290.2 46410.2 47370.2 48330.2 49290.2 50410.2 51370.2 52330.2 53290.2 54410.2 55370.2 56330.2 57290.2 58410.2 59370.2 60330.2 61290.2 62410.2 63370.2 64330.2 65290.2 66410.2 67370.2 68330.2 69290.2 70410.2 71370.2
21744.9 20870.8 20063.1 18999.7 18281.3 17774.8 17315.1 16866.6 16517.3 16288.9 16613.2 17010.8 17408.5 17872.3 18269.9 18667.7 19065.3 19529.2 19926.9 20324.5 20720.6 21189.6 21583.8 21981.4 22379.1 22967.8 23780.1 24727.8 25687.8 26807.8 27767.8 28727.8 29687.8 30807.8 31767.8 32727.8 33687.8 34807.8 35767.8 36727.8 37687.8 38807.8 39767.8 40727.8 41687.8 42807.8 43767.8 44727.8 45687.8 46807.8 47767.8 48727.8 49687.8 50807.8 51767.8 52727.8 53687.8 54807.8 55767.8 56727.8 57687.8 58807.8 59767.8 60727.8 61687.8 62807.8 63767.8 64727.8 65687.8 66807.8 67767.8 68727.8 69687.8 70807.8 71767.8
22151.9 21177.3 20272.6 19604.2 19095.9 18547.7 17695.8 17167.6 16890.8 16928.5 17446.4 17927.8 18366.1 18832.3 19229.9 19628.4 20025.6 20489.2 20886.9 21284.5 21682.2 22146.1 22543.8 22941.4 23339.1 23811.8 24337.7 25137.8 26085.5 27205.5 28165.5 29125.5 30085.5 31205.5 32165.5 33125.5 34085.5 35205.5 36165.5 37125.5 38085.5 39205.5 40165.5 41125.5 42085.5 43205 44164 45125.5 46085.5 47205.5 48165.5 49125.5 50085.5 51205.5 52165.5 53125.5 54085.5 55205.5 56165.5 57125.5 58085.5 59205.5 60165.5 61125.5 62085.5 63205.5 64165.5 65125.5 66085.5 67205.5 68165.5 69125.5 70085.5 71205.5 72165.5
