public/models/data/input/map/sulsel/1000/mapdagr.asc
NCOLS 496
NROWS 622
XLLCORNER -95260.364462
YLLCORNER 9790791.912663
CELLSIZE 1000.000000
NODATA_VALUE       -9999
[rows 68 to 101 of 622, columns 234 to 311 of 496]
-9999 -9999 -9999 -9999 -9999 -9999 -9999 -9999 -9999 -9999 6939.02 6218.43 5531.93 4876.14 4234.87 3823.75 3423.92 2986.41 2446.62 2129.26 2238.97 2580.65 2720.53 2842.31 2825.44 2512.58 2181.13 2425.02 2391.68 1683.97 632.292 96.9086 5.16421 33.0997 392.735 563.968 624.894 866.008 1490.35 1631.89 1032.75 611.896 497.357 828.45 823.527 1130.5 1949.26 2743.91 3418.37 3859.52 3154.46 2291.11 1653.59 1322.82 1248.48 963.938 378.93 544.229 441.508 879.873 1420.72 967.986 202.889 42.5859 138.604 237.451 557.587 466.429 296.994 23.0977 39.269 36.6011 19.0326 271.845 1269.95 2000.24 1988.13 1988.87
-9999 -9999 -9999 -9999 -9999 -9999 -9999 -9999 -9999 -9999 6594.83 5733.29 4870.63 4174.29 3426.45 2883.96 2469.21 2216.77 1596.97 1176.95 1295.52 1632.86 1760.53 1882.31 1961.71 1632.45 1223.91 1505.15 1743.35 1623.27 840.442 221.976 27.5852 121.254 341.564 265.286 529.294 1346.11 2158.45 2003.43 1117.38 367.641 196.124 260.184 211.158 516.15 1387.85 2059.84 2665.2 3319.45 2763.38 1812.17 954.004 488.346 441.969 675.122 675.882 403.172 283.302 835.067 1170.34 622.605 252.74 211.044 298.418 567.698 313.988 207.281 318.619 203.585 306.092 234.702 247.52 371.069 1270.99 1561.14 1074.83 1038.86
-9999 -9999 -9999 -9999 -9999 -9999 -9999 -9999 -9999 -9999 5580.85 5304.62 4411.8 3506.87 2698.59 2076.81 1529.42 1363.78 1030.47 415.847 502.548 724.969 801.366 925.908 1148.66 985.78 398.761 656.296 841.318 1163.7 1269.21 562.317 283.375 617.77 1065.45 866.56 943.602 1674.73 2625.34 2361.53 1448.4 588.12 119.747 149.595 160.7 185.931 725.792 1307.56 2037.5 2727.37 2607.78 1729.21 809.366 281.417 84.5886 489.671 1026.23 625.069 174.173 549.143 601.215 175.892 152.631 244.081 201.769 264.016 30.1991 82.0468 367.032 649.806 933.558 774.556 885.446 928.289 1371.04 1320.6 480.312 268.908
-9999 -9999 -9999 -9999 -9999 -9999 -9999 -9999 -9999 -9999 5173.55 4901.18 4012.62 3053.65 2010.82 1341.69 719.669 455.638 487.473 140.289 59.9699 95.9175 109.566 184.264 478.917 681.208 210.776 120.458 142.505 560.359 1323.05 1091.7 1019.01 1418.09 1919.28 1771.61 1798.88 2243.92 2928.54 2494.38 1695.98 800.753 148.93 36.0645 64.3438 138.835 208.65 736.283 1382.83 2142.05 2230.99 1978.4 1343.74 834.812 327.798 389.173 980.709 844.028 289.141 183.917 108.87 15.4353 14.6291 29.4058 12.898 24.5763 1.625 19.4016 79.3598 332.154 714.596 565.612 844.621 969.94 493.287 256.492 73.8624 14.1563
-9999 -9999 -9999 -9999 -9999 -9999 -9999 -9999 -9999 -9999 5204.14 4507.77 3551.54 2591.54 1476.53 627.506 151.227 12.3928 5 0 1.3125 2.1875 0 4.53921 282.055 904.875 874.492 498.747 131.987 167.65 717.122 850.553 1145 1780.57 2656.41 2826.67 2913.77 3226.63 2940.95 2025.99 1181.57 599.006 125.749 206.446 127.63 179.776 147.621 235.746 837.602 1347.62 1210.73 1546.34 1416.98 763.157 607.279 815.478 583.259 400.054 265.139 97.3265 44.7475 0.1875 2.41605 27.4531 29.8129 2.20267 8.125 6.375 3 3 35.7102 31.7102 226.785 338.585 98.1885 29.7275 27.7881 84.9802
-9999 -9999 -9999 -9999 -9999 -9999 -9999 -9999 -9999 -9999 4916.94 4141.96 3181.96 2221.96 1127.37 408.668 81.1467 5.18566 0 2.20711 103.494 208.069 148.159 62.302 149.613 404.913 569.317 334.151 61.0379 33.208 174.17 213.975 611.784 1413.76 2425.26 3180.38 3721.78 3766.24 2815.3 1855.3 918.804 359.471 342.232 562.538 664.787 645.428 460.73 188.905 411.114 607.585 413.849 896.347 794.301 356.699 348.549 564.606 315.854 24.8459 45.6207 113.612 52.2794 1.5625 0.1875 22.5781 32.8396 3.608 3.875 11.625 0 0 0 0 12.881 95.4388 379.835 409.079 412.261 486.59
-9999 -9999 -9999 -9999 -9999 -9999 -9999 -9999 -9999 -9999 4649.77 3802.55 2842.55 1882.55 789.828 151.026 4.66421 0 0 28.7457 375.55 816.529 600.044 302.204 180.101 60.3855 163.073 321.598 277.293 327.222 525.607 217.679 354.934 985.739 1967.01 2912.44 3808.48 4025.32 3116.64 2176.85 1405.77 1045.9 1113.89 1315.97 1440.77 1343.89 620.841 102.648 56.3722 98.473 78.9745 513.042 513.754 217.656 178.777 234.031 251.835 82.3399 21.3077 70.9085 21.2353 1 0 0.25 0.25 0 2.375 7.125 0 0 0 0 0 37.5312 301.517 830.445 853.331 413.463
-9999 -9999 -9999 -9999 -9999 -9999 -9999 -9999 -9999 -9999 4504.44 3548.11 2596.27 1636.27 557.133 44.5253 1.5 0.5 0 34.0386 290.578 615.722 348.238 96.1027 64.2443 15.3381 110.302 582.006 960.53 1111.54 1136.78 447.71 122.304 564.405 1626.18 2525.44 3218.13 3655.16 3300.31 2724.87 2257.1 1940.5 1481.42 1133.66 1166.31 1246.63 399.331 39.634 0.551777 0 27.2708 323.961 492.5 163.303 49.84 227.84 295.85 226.961 1.70266 2.858 0 0 0 0 0 0 2.625 9.875 2 0 0 0 0 0.853553 100.789 706.399 936.76 393.847
-9999 -9999 -9999 -9999 -9999 -9999 -9999 -9999 -9999 -9999 4309.08 3652.53 2764.03 1804.03 761.798 208.382 48.6991 4.46599 28.7923 37.9816 0 21.8995 7.28737 8.61948 0.1875 2.76961 74.062 655.437 1551.38 1903.04 1144.76 440.382 91.0144 352.678 1208.75 1768.13 2287.96 2699.89 2468.11 2560.24 2690.72 2055.77 982.404 311.768 454.13 995.196 426.454 27.4117 0 0 27.9834 341.35 560.868 454.254 170.552 44.3041 45.5812 104.428 50.102 9.58915 0 0 0 0 0 0 0.4375 3.6875 4.625 0.75 0 0 0 0 68.9436 339.291 506.699 274.02
-9999 -9999 -9999 -9999 -9999 -9999 -9999 -9999 -9999 -9999 4762.07 3931.66 2983.32 2023.32 997.229 416.94 95.3118 32.7871 284.027 253.738 10.8122 89.8894 130.097 164.509 108.519 201.531 327.028 964.833 1822.26 1936.87 1032.86 283.051 34.1761 96.2009 530.575 939.437 1525.74 1788.66 1517.05 1702.93 2052.45 1629.04 691.302 141.241 155.212 610.379 759.64 186.127 1.25 2.70711 154.404 462.184 271.388 136.074 51.2924 20.9579 14.8214 69.9822 144.528 30.7675 0.5 0 0 0 0 0 1.3125 9.3125 5.375 0 0 0 0 0 11.0625 19.5588 35.4453 44.8359
-9999 -9999 -9999 -9999 -9999 -9999 -9999 -9999 -9999 -9999 5176.17 4318.62 3354.22 2455.05 1650.93 923.398 402.812 451.831 804.537 632.189 291.047 562.692 766.125 801.306 727.963 931.47 1097.66 1587.97 2038.4 1676.7 864.741 384.427 188.264 60.7998 156.134 321.211 698.119 858.867 630.997 910.692 1257.15 964.198 516.732 220.933 45.4439 239.473 726.313 445.363 185.43 168.883 611.025 662.2 202.823 4.01961 33.4165 54.2465 2.85355 3.91421 21.9497 2 0.5 0 0 0 0 0 0 3.875 7.8125 3.5625 0 0 0 0 0 0 0 0
-9999 -9999 -9999 -9999 -9999 -9999 -9999 -9999 7301.22 6789.81 5665.76 4718.74 3809.99 3134.92 2267.49 1554.51 1201.01 1331.48 1599.24 1366.98 1097.08 1346.2 1688.51 1744.3 1673.35 1866.4 2049.16 2330.45 2032.25 1184.77 301.529 129.385 330.747 424.941 396.955 126.019 160.785 138.89 82.3503 289.866 446 197.713 98.5669 71.4232 32.2923 90.3443 295.431 757.028 907.735 866.784 901.514 387.066 50.852 0.614277 39.3129 43.5822 0 0 0 0 0 0 0 0 0 0 0 0.375 8.4375 16.4375 55.6348 82.0343 86.4056 2.70711 0 0 1.5 1.5
-9999 -9999 -9999 -9999 -9999 11164 10478.2 9481.57 7997.54 7262.19 6149.64 5273.73 4591.49 3851.41 3031.02 2594.66 2311.31 2449.06 2693.97 2453.8 2214.59 2440.34 2783.76 2864.26 2793.35 2985.39 3103.6 2872.61 2008.96 1099.58 417.855 582.348 992.973 1235.2 825.012 586.659 559.285 236.353 138.654 3.20711 20.9497 5.91421 96.4838 369.395 462.107 393.586 192.396 726.976 1359.43 1240.82 571.541 63.5372 0 4 16.9069 0.75 0 0 0 0 0 0 0 0 0 0 0 0 6.9375 11.5625 32.4497 62.2871 71.1906 9.42494 0 8.62132 104.031 75.9779
-9999 -9999 -9999 -9999 -9999 11087.5 10569 9601.08 8629.63 7680.65 6636.43 5966.68 5210.48 4496.07 3981.71 3638.73 3273.08 3409.22 3653.8 3413.8 3174.59 3400.34 3743.59 3824.26 3753.35 3899.15 3593 2828.29 1956.79 1261.27 859.694 838.525 816.492 799.071 470.161 285.72 255.319 324.613 235.178 67.7058 65.6378 24.9853 403.418 1023.84 1373.52 1249.7 829.608 1030.67 1042.26 484.815 144.096 5.483 0 0 0 0 0 3.20711 0 0 0 0 0 0 0 3.5 0 0.25 8.3125 6.4375 3.75 34.6228 88.3489 20.4087 0 0 6 97.8315
-9999 -9999 -9999 -9999 9943.93 10431.1 10576.9 9963.36 9019.18 8111.9 7308.25 6571.2 5864.77 5381.4 4974.42 4737.22 4275.3 4369.84 4613.8 4373.8 4134.59 4360.34 4703.59 4784.26 4656.17 4340.56 3396.22 2437.11 1490.56 682.745 306.977 287.191 302.716 240.651 294.924 353.752 196.389 606.695 530.554 444.483 357.856 80.1093 375.947 1127.27 1921.78 2119.11 1683.43 1334.4 772.291 136.883 140.624 11.108 0 0 0 0 0 9.95711 0 0 0 0 0 0 0 8.75 0 1.375 7.1875 1.9375 0 1.10355 15.0052 5.63388 0 0 6 39.2782
-9999 -9999 -9999 9455.38 9452.47 9533.64 9930.94 10014.6 9455.49 8792.36 7999.06 7188.04 6739.04 6336.78 5904.35 5593.25 5222.3 5330.09 5573.8 5333.8 5094.59 5320.34 5663.59 5730.8 5326.41 4502.47 3388.82 2428.82 1473.22 687.473 465.965 634.062 855.343 691.817 313.237 230.573 179.589 691.276 1260.24 1117.98 655.192 228.06 568.69 1332.07 2260.6 2678.16 1856.54 990.286 321.073 196.317 140.775 3.07767 0 0 0 0 0 2.25 0 0 0 0 0 0 5.25 10.5 0 0.375 7.3125 2.3125 0 0 3 1 0 0 0 0
8908.67 8803.18 8694.74 8760.59 8492.08 8421.51 8832.62 9228.28 9541.72 9408.25 8726.21 8252.07 7854.43 7456.78 7000.22 6633.84 6335.28 6440.71 6648.27 6431.65 6204.43 6377.86 6574.44 6418.95 5816.67 4931.66 3815.83 2878.97 2119.09 1652.3 1525.53 1712.12 1906.11 1469.19 847.937 754.32 935.551 1324.83 2044.83 1970.58 1423.95 1175.71 1514.06 2028.32 2629.77 2460.68 1673.87 929.753 498.58 277.395 18.0711 0 0 0 179.918 50.7872 0 0 0 0 0 0 0 0 0 2 6.5 2.375 6.5 7.875 0 0 101.747 173.486 0.25 0 0 0
8713.32 8583.66 8219.54 7889.39 7532.08 7461.51 7872.62 8270.26 8667.91 9032.43 9164.27 9003.86 8621.76 8220.46 7761.61 7385.71 7051.45 6939.2 6857.54 6808.54 6676.36 6513.22 6146.81 5767.66 5553.12 5150.63 4236.44 3485.74 2998.25 2610.83 2485.53 2661.53 2694.74 2253.16 1805.59 1714.32 1895.17 2239.64 2666.18 2543.41 2102.74 1917.51 2274.82 2706.45 2751.49 2013.25 1077.51 689.587 456.595 88.023 0 0 0 0 125.639 51.6392 0 0 0 0 0 0 0 0 0 0 0.75 4.875 11.25 5.875 2.625 1.875 56.6939 100.468 0.75 0.75 0.75 0
8221.5 7784.78 7321.49 6937.31 6572.08 6501.51 6912.62 7310.27 7707.91 8105.55 8570.11 8792.94 8426.28 7950.56 7484.62 7090.08 6696.22 6304.59 6004.6 6066.77 6005.24 5651.1 5187.18 4808.17 4680.8 4678.07 4593.45 4318.06 3955.77 3570.83 3445.53 3598.54 3567.74 3190.07 2765.59 2674.32 2855.17 3167.59 2982.3 2320.87 1760.59 1605.15 2093.99 2623.03 2452.42 1798.9 797.785 251.41 68.1142 5.09987 0 0 0 12.4926 42.1984 43.0253 0 0 0 0 0 0 0 0 0 0 0 0 6.375 8.875 14.0625 11.0625 4.875 8.75 3 18.273 16.023 0
7152.26 6821.7 6361.49 5977.31 5612.08 5541.51 5952.62 6350.27 6747.91 7145.56 7663.58 8108.32 7796.58 7065.82 6538.45 6140.8 5743.16 5345.51 5044.6 5113.71 5060.5 4693.87 4227.18 3848.17 3720.8 3753.94 4129.58 4430.11 4618.39 4506.2 4401.87 4483.31 4402.46 4127.58 3725.59 3634.32 3783.5 3623.28 2692.61 1767.01 959.401 712.724 1534.18 1937.42 1656.63 1370.45 772.537 205.362 5.84099 0 0 0 0 20.5784 110.11 162.41 2.5 0 0 0 0 0 0 0 0 0 0 0 0.375 2.375 3.8125 9.0625 14.125 3.25 1 5.84099 5.09099 0
6096.92 5705.41 5241.49 4857.31 4492.08 4421.51 4832.62 5230.27 5632.19 6079.66 6823.98 7529.77 7295.29 6366.79 5481.9 5023.55 4623.16 4225.51 3924.6 3996.88 3981.97 3617.92 3111.1 2728.17 2600.8 2633.94 3037.01 3511.98 4160.71 4685.02 4506.01 4116.64 3849.47 4055.95 4347.96 4479.54 4244.23 3402 2282.59 1322.85 427.819 260.869 929.74 1014.22 627.865 524.329 207.374 54.0867 1.05178 0 0 0 0 85.9234 208.439 48.1521 0.75 0 0 0 0 0 0 0 0 0 0 0 0 0 0 0 1.5 7.5 8.25 9.375 7.125 3
5157.32 4745.71 4281.49 3897.31 3532.08 3461.51 3872.62 4275.97 4731.25 5348.88 6355.46 7071.99 6808.51 5955.05 4872.49 4144.53 3666.82 3265.51 2964.6 3036.88 3024.32 2759.31 2212.39 1774.05 1640.8 1673.94 2154.34 2795.38 3425.87 3943.49 3570.69 3156.64 2889.47 3100.72 3573.22 4038.15 4077.43 3324.44 2209.6 1249.69 363.294 61.67 223.151 286.65 117.828 89.2267 117.542 74.5165 3.15533 0 0 0 0 39.6599 260.949 46.6484 10.4963 4.08211 1.5 0 0 0 0 0 0 0 0 0 0 0 0 0 0.75 3.75 22.0319 3 5.625 7.25
4349.55 3802.07 3321.49 2937.31 2572.08 2501.51 2916.9 3373.6 3999.53 4846.65 5944.87 6560.86 6210.47 5457.34 4447.66 3522.28 2786.89 2308.26 2004.6 2076.88 2064.32 1885.75 1489.09 881.171 707.158 774.868 1445.42 2068.23 2756.39 3420.55 2812.53 2215.09 1929.47 2141.49 2733.29 3333.95 3488.57 3064.55 2163.17 1238.2 363.804 20.0415 0.32 0.96 4.28033 12.1339 58.2184 2.03033 0 0 0 0 0 0.5 162.663 104.037 29.7978 54.1648 53.0349 3.53033 2.40533 0 0 0 0 0 0 0 0 0 0 0 0.75 5.25 23.8425 1.875 0 0.5
3709.83 2982.2 2363.84 1977.62 1612.38 1541.51 2006.72 2633.59 3489.01 4439.76 5406.14 5854.16 5645 4850.03 3971.48 3090.01 2157.2 1408.96 1044.6 1117.17 1110.24 954.335 985.4 304.414 110.509 299.135 702.575 1393.07 2258.28 2971.98 2323.02 1454.89 986.646 1260.8 2127.31 2546.62 2619.39 2319.73 1762.68 1220.39 632.088 222.056 9.82843 0 0 2.5 0.5 0 0 0 0 0 4.81066 95.1305 22.1306 43.7032 9.59803 16.6942 78.2377 41.1296 26.9439 0 0 0 0 0 0 0 0 0 0 0 0 0.5 1.85355 0 0 0
2787.45 2280.03 1400.33 894.919 550.722 506.816 1176.44 2065.57 3017.9 3827.08 4391.93 4816.73 4969.68 4295.54 3266.11 2520.31 1673.68 756.609 146.604 190.647 235.28 270.079 621.678 447.772 99.0995 148.591 160.975 932.484 1816.46 2138.55 1838.32 936.137 285.063 674.744 1249.48 1448.38 1598.91 1519.55 791.787 441.64 202.673 310.671 132.061 0 0 0 0 0 0 0 0 0.375 20.1935 61.6478 0 25.6605 75.5746 18.388 46.5459 22.4926 15.949 0.525888 0 0 0 0 0 0 0 0 0 0 0 0 0 0 0 0
1839.13 1603.56 874.287 272.656 50.9402 118.978 911.536 1852.54 2628.66 2999.91 3488.91 4146.51 4304.64 3823.07 2790 1925.31 1184.39 481.163 62.4134 3.4205 11.199 109.784 153.389 351.068 116.009 31.4513 181.944 909.671 1403.46 1247.28 1367.82 852.215 200.811 266.704 433.337 540.421 802.18 1071.98 279.47 49.4802 2.03033 3 0.75 0 0 0 0 0 0 0 0 1.125 28.9095 20.8828 0 36.7702 237.146 77.3705 10.0607 7.62132 12.7293 1.70267 0 0 0 0 0 0 0 0 0 0 0 0 0 0 0 0
975.231 764.164 391.538 103.109 43.4269 376.569 1159.15 1766.91 2003.59 2072.38 2725.02 3810.83 3435.23 3155.18 2402.83 1453.31 609.772 136.087 64.6845 26.9269 1.125 22.6176 21.5122 75.5435 35.3707 0 280.151 563.988 734.05 451.963 869.076 776.659 151.57 10.2659 55.5327 59.3989 390.723 860.086 215.999 0 0 0 0 0 0 0 0 0 0 0 0 0 0.375 8.74632 0 50.3501 306.43 98.1885 0 0.25 0.625 0.125 0 0 0 0 0 0 0 0 0 0 0 0 0 0 0 0
584.745 327.164 115.608 33.8822 325.241 856.449 1075.01 1102.2 1079.38 1113.1 1618.99 2222.97 2418.42 2275.71 2209.32 1420.48 523.563 65.4751 246.625 107.553 84.2095 14.6961 2.5625 3.3125 3.125 0.5 76.4387 83.6605 191.862 86.1003 529.638 559.909 127.589 1.0625 0 15.5836 167.118 372.969 119.372 0 0 0 0 0 0 0 0 0 0 0 0 0 0 0 0 31.708 282.135 125.775 0 0 0 0 0 0 0 0 0 0 0 0 0 0 0 0 0 0 0 0
1256.76 780.438 250.047 342.749 620.885 915.52 301.626 199.141 174.175 300.98 933.325 934.095 1219.04 1163.93 1556.62 1605.98 829.678 359.712 632.991 328.792 622.823 447.593 139.771 86.9163 37.2886 4.25 2.125 0.375 0.75 17.0784 397.263 177.28 75.6603 86.2232 44.5612 0.739277 9.96675 3.13833 0 0 0 0 0 0 0 0 0 0 0 0 0 0 0 0 0 8.9231 335.144 439.839 10.8284 0 0 0 0 0 0 0 0 0 0 0 0 0 0 0 0 0 0 0
1902.43 1117.59 795.762 1130.43 1216.39 841.715 102.586 7.16421 36.6573 300.6 466.398 340.841 521.032 363.345 975.308 1622.82 1260.59 969.114 890.48 573.489 1080.63 1221.71 772.934 521.555 154.428 18.9032 1.5 1.75 5.21599 2.65533 154.171 408.396 632.465 683.951 259.249 105.937 113.686 22.2523 0 0 0 0 0 0 0 0 0 0 0 0 0 0 0 0 0 35.7546 323.204 214.916 0 0 0 0 0 0 0 0 0 0 0 0 0 0 0 0 0 0 0 0
2486.56 1936.43 1740.03 1891.14 1423.2 569.195 65.7683 33.9923 46.9565 172.352 136.633 66.3412 118.745 97.9408 732.822 1247.79 1038 860.885 532.5 490.574 1004.83 1432.78 1586.41 1186.83 506.416 85.3972 116.756 113.321 39.4044 4.12316 65.1729 473.059 1206.5 1314.14 714.377 651.518 347.219 37.2302 0 0 0 0 0 0 0 4.81066 3.75 0 0 0 0 0 0 0 0 55.7849 192.334 59.6734 0 0 0 0 0 0 0 0 0 0 0 0 0 0 0 0 0 0 0 0
3279.17 2853.55 2551.14 2230.47 1381.02 467.957 47.8296 73.9904 159.911 103.132 3.91472 6.06066 11.4338 29.7941 402.845 398.238 250.087 216.607 71.4482 105.841 358.186 924.726 1773.33 1701.59 966.166 520.021 674.917 447.026 91.8403 3.09283 58.5117 539.006 1421.74 1891.95 1554.48 1119.09 354.089 20.3485 0 0 0 0 0 0 0 59.8168 178.98 9.95711 3.20711 15.8039 4.41421 1.5 5.25 1.25 0.5 51.242 87.0913 38.2635 0 0 0 0 0 0 0 0 0 0 0 0 0 0 0 0 0 0 0 0
3191.52 2602.69 2052.98 1687.22 1401.85 928.761 259.729 228.355 146.823 29.8407 0 4.06954 78.7813 288.977 602.625 288.269 43.3581 0 0 0.5 19.9246 399.95 1073.44 1130.13 1045.1 1026.41 814.669 217.125 20.0784 9.34619 18.9657 322.826 1118.07 1812.77 1566.49 1142.3 441.034 41.6214 0 0 0 0 0 0 0 200.039 632.084 315.648 343.625 273.028 1 0 3.75 3.08607 0 1 1 0 0 0 0 0 0 0 0 0 0 0 0 0 0 0 0 0 0 0 0 0
2582.94 1833.87 1159.32 757.07 653.506 840.158 678.821 373.325 114.317 9.59803 0 32.2619 328.582 769.118 672.761 178.252 14.148 0 0 0 0 59.6838 350.889 347.569 304.367 321.727 374.574 203.557 80.882 218.598 123.904 107.106 629.123 1289.03 780.842 547.917 367.179 87.1579 13.8284 0 0 0 0 0 0 116.148 416.023 226.28 192.502 65.1539 0 0 0 5.5082 2.375 1.125 0 0 0 0 0 0 0 0 0 0 0 0 0 0 0 0 0 0 0 0.340426 0.340426 0
