public/models/data/input/map/sulsel/1000/mapdcenter.asc
NCOLS 496
NROWS 622
XLLCORNER -95260.364462
YLLCORNER 9790791.912663
CELLSIZE 1000.000000
NODATA_VALUE       -9999
[rows 330 to 362 of 622, columns 225 to 299 of 496]
16440.5 17395.4 18280.3 19140.5 19929.8 20863.2 21823 22943 23902.3 24861.7 25821.9 26945.2 27903 28863 29823 30943 31903 32863 33823 34943 35903 36863 37823 38943 39903 40863 41823 42943 43903.4 44863.4 45654.9 45002.8 44042.8 43084.3 42123.3 41004.5 40047.8 39101.3 38315.8 37752.6 37355 36957.3 36559.7 36095.7 35698.1 35300.4 34902.8 34438.9 34041.2 33643.6 33245.9 32782 32384.3 31986.7 31591.3 31125.1 30727.5 30329.8 29932.2 29468.1 29071.8 28674.7 28275.3 27811.4 27413.8 27239.8 27521.5 27985.4 28383 28780.7 29175.3 30076.8 -9999 -9999 -9999
16722.9 17374.4 17880.5 18616.1 19519.7 20477.5 21437.5 22557.5 23517.5 24477.9 25439.9 26561.9 27517.5 28477.5 29437.5 30557.5 31517.5 32477.5 33437.5 34557.5 35517.5 36477.5 37437.5 38557.5 39517.5 40474.5 41438.5 42557.5 43516.7 44476.7 45263.3 44605.2 43645.2 42685.2 41721.6 40605.1 39646.4 38685.2 37737.5 36841.8 36395 35997.3 35599.7 35135.7 34738.1 34340.4 33942.8 33478.9 33081.2 32683.6 32285.9 31822 31424.3 31026.7 30629.8 30165.1 29767.5 29369.8 28972.2 28508.3 28109.3 27711.7 27315.3 26851.4 26453.8 26279.8 26561.5 27025.4 27423 27820.7 28217.3 28172 -9999 -9999 -9999
15997.9 16420.6 17033.4 18093.3 19054.4 20013.4 20973.5 22093.6 23053.6 24013.6 24973.6 26093.4 27053.6 28013.6 28973.6 30093.6 31053.6 32013.6 32973.6 34093.6 35053.6 36013.6 36973.6 38093.2 39052.2 40012.2 40973.6 42093.2 43053.6 44013.6 44800.6 44141.2 43181.2 42221.2 41261.2 40141.2 39181.2 38221.4 37258.8 36153.4 35373.9 34883.5 34479.7 34015.7 33618.1 33220.4 32822.8 32358.9 31961.2 31563.6 31165.9 30702 30304.3 29906.7 29509 29045.1 28647.5 28249.8 27848 27388.9 26990.4 26592.8 26195.3 25731.4 25333.8 25159.8 25441.5 25905.4 26303 26700.7 27098.3 27425.4 27277.6 -9999 -9999
15075.3 15696.6 16578.1 17694.3 18656.7 19614.2 20575 21695.9 22655.9 23615.9 24575.9 25695.9 26655.9 27615.9 28575.9 29695.9 30655.9 31615.9 32575.9 33695.9 34655.9 35615.9 36575.9 37692.9 38654.8 39614.8 40575.9 41695.5 42655.9 43615.9 44403 43743.6 42783.6 41823.6 40863.6 39743.6 38783.6 37822.6 36861.1 35743.2 34800.9 34029.2 33525.8 33055.7 32658.1 32260.4 31862.8 31398.9 31001.2 30603.6 30205.9 29742 29344.3 28946.7 28549 28084.6 27685.9 27289.8 26894.3 26429.7 26030 25633.2 25235.6 24771.4 24373.8 24199.8 24481.5 24945.4 25343 25740.7 26159.4 26821.8 27193.1 -9999 -9999
14337.3 15220.1 16178.3 17298.3 18259.1 19219.1 20178.3 21298.3 22258.3 23218.3 24178.3 25298.3 26258.3 27218.3 28178.3 29298.3 30258.3 31218.3 32178.3 33298.3 34258.3 35218.3 36178.3 37296.4 38258.3 39218.3 40178.3 41299 42258.3 43218.3 44005.3 43345.9 42385.9 41425.9 40465.9 39345.9 38385.9 37424.4 36465.4 35345.9 34385.9 33444.4 32659 32095.7 31698.1 31300.4 30902.8 30438.9 30041.2 29643.6 29245.9 28782 28384.3 27986.7 27589 27124.6 26725.9 26329.8 25932.2 25467.9 25070.6 24672.5 24275.2 23811.4 23413.8 23239.8 23521.5 23985.4 24383 24782 25274.3 26625.8 27066.4 -9999 -9999
13858.9 14821.1 15781.2 16900.6 17860.5 18820.5 19780.6 20900.6 21860.6 22820.6 23780.6 24900.6 25860.6 26820.6 27780.6 28900.6 29860.6 30820.6 31780.6 32900.6 33860.6 34820.6 35780.6 36900.6 37860.6 38820.6 39780.6 40900.6 41860.6 42820.6 43607.7 42948.3 41988.3 41028.3 40068.3 38948.3 37988.3 37028.3 36068.3 34948.4 33988.7 33028.3 32080.6 31184.9 30738.1 30340.4 29942.8 29478.9 29081.2 28683.6 28285.9 27822 27424.3 27026.7 26629 26165.1 25766.7 25369.1 24974.3 24508.3 24110.6 23712.6 23315.2 22851.4 22453.8 22279.8 22561.5 23025.4 23423 23817.4 24033.4 -9999 -9999 -9999 -9999
13396.7 14356.7 15317.3 16436.7 17397.1 18357.1 19316.7 20436.7 21396.7 22356.7 23316.7 24436.7 25396.7 26356.7 27316.7 28436.7 29396.7 30356.7 31316.7 32436.7 33396.7 34356.7 35316.7 36436.7 37396.7 38353.7 39315.7 40436.7 41396.7 42356.7 43143.8 42484.4 41524.4 40564.4 39604.4 38484.4 37524.4 36564.4 35605.3 34484.6 33524.4 32564.4 31604.4 30496.7 29717.4 29226.6 28822.8 28358.9 27961.2 27563.6 27165.9 26702 26304.3 25906.7 25509 25045.1 24647.5 24251.2 23852.6 23388.3 22990.6 22593 22199.9 21733.2 21333.8 21159.8 21441.5 21905.4 22303 22700.7 23065.6 23442 -9999 -9999 -9999
12999.1 13959 14920.8 16039.1 17000.4 17960.4 18919.1 20039.1 20999.1 21959.1 22919.1 24039.1 24999.1 25959.1 26919.1 28039.1 28999.1 29959.1 30919.1 32039.1 32999.1 33959.1 34919.1 36039.1 36999.1 37959.1 38919.1 40039.1 40999.1 41959.1 42746.1 42086.7 41126.7 40166.7 39206.7 38086.7 37126.7 36166.7 35208.8 34087.4 33126.7 32166.7 31206.7 30086.7 29145.2 28372.3 27868.9 27398.9 27001.2 26603.6 26205.9 25742 25344.3 24946.7 24549 24085.1 23687.5 23293.9 22892.2 22428.3 22030.6 21633 21235.3 20771.4 20373.8 20199.8 20481.5 20945.4 21343 21740.7 22134.8 22977.3 -9999 -9999 -9999
12601.4 13560.5 14521.1 15641.4 16601.4 17561.4 18521.4 19641.4 20601.4 21561.4 22521.4 23641.4 24601.4 25561.4 26521.4 27641.4 28601.4 29561.4 30521.4 31641.4 32601.4 33561.4 34521.4 35641.4 36601.4 37561.4 38521.4 39641.4 40601.4 41561.4 42348.5 41689.1 40729.1 39769.1 38809.1 37689.1 36729.1 35769.1 34808.3 33689.1 32729.1 31769.1 30809.1 29689.1 28729.1 27787.5 27002.1 26438.9 26041.2 25643.6 25245.9 24782 24384.3 23986.7 23589 23125.1 22727.5 22329.8 21930.8 21467.1 21073.6 20673 20275.3 19811.4 19413.8 19239.8 19521.5 19985.4 20383 20780.7 21192.4 22795.3 -9999 -9999 -9999
12203.8 13163.5 14123.7 15243.8 16203.8 17163.8 18120.9 19243.8 20203.8 21163.8 22123.8 23243.8 24203.8 25163.8 26123.8 27243.8 28203.8 29163.8 30123.8 31243.8 32203.8 33163.8 34123.8 35243.8 36203.8 37163.8 38123.8 39243.8 40203.8 41163.8 41950.8 41291.4 40331.4 39371.4 38411.4 37291.4 36331.4 35371.4 34411.4 33291.4 32331.4 31371.4 30411.4 29291.4 28331.4 27371.4 26423.7 25528.1 25081.2 24683.6 24285.9 23822 23423.9 23026.2 22629 22165.1 21767.5 21369.8 20972.2 20506.6 20107.8 19713 19315.3 18851.4 18453.8 18279.8 18561.5 19025.4 19423 19828.3 20180.4 20158.1 -9999 -9999 -9999
11739.9 12699.9 13659.9 14779.1 15737.7 16699.9 17659.9 18779.9 19739.9 20699.9 21659.9 22779.9 23739.9 24699.9 25659.9 26779.9 27739.9 28699.9 29659.9 30779.9 31739.9 32699.9 33659.9 34779.9 35739.9 36699.9 37659.9 38779.9 39739.9 40699.9 41486.9 40827.5 39867.5 38907.5 37947.5 36827.5 35867.5 34907.5 33947.5 32827.5 31867.5 30907.5 29947.5 28827.5 27867.7 26907.7 25947.5 24839.8 24060.5 23569.7 23165.9 22702 22304.3 21906.7 21509 21045.1 20647.5 20249.8 19852.2 19387 18986.9 18593 18195.3 17731.4 17333.8 17159.8 17441.5 17905.4 18303 18700.7 19104 19901 -9999 -9999 -9999
11342.2 12302.2 13264.3 14382.7 15342.2 16302.2 17262.2 18382.2 19342.2 20302.2 21262.2 22382.2 23342.2 24302.2 25262.2 26382.2 27342.2 28302.2 29262.2 30382.2 31342.2 32302.2 33262.2 34382.2 35342.2 36302.2 37262.2 38382.2 39342.2 40302.2 41089.3 40429.8 39469.8 38509.8 37549.8 36429.8 35469.8 34509.8 33549.8 32430.5 31469.8 30509.8 29553.2 28429.8 27470.5 26510.5 25549.8 24429.8 23488.3 22715.5 22212.1 21742 21344.3 20946.7 20549 20085.1 19687.5 19289.8 18892.2 18428.3 18030.6 17633 17235.3 16771.4 16373.8 16199.8 16481.5 16945.4 17343 17740.7 17970.3 17711 -9999 -9999 -9999
10944.6 11902.2 12865.9 13986.7 14944.6 15904.6 16864.6 17984.6 18944.6 19904.6 20864.6 21984.6 22944.6 23904.6 24864.6 25984.6 26944.6 27904.6 28864.6 29984.6 30944.6 31904.6 32864.6 33984.6 34944.6 35904.6 36864.6 37984.6 38944.6 39904.6 40691.6 40032.2 39072.2 38112.2 37152.2 36032.2 35072.2 34112.2 33146.5 32032.8 31072.2 30112.2 29155.6 28029.4 27071.2 26112.2 25152.2 24032.2 23072.2 22130.6 21345.2 20782 20384.3 19986.7 19589 19125.1 18727.5 18329.8 17932.2 17468.3 17070.6 16673 16275.3 15811.4 15413.8 15239.8 15521.5 15985.4 16383 16780.7 17145 17711 -9999 -9999 -9999
10546.9 11506.1 12464.1 13587.5 14544.4 15500.6 16467.2 17586.9 18546.9 19506.9 20466.9 21586.9 22546.9 23506.9 24466.9 25586.9 26546.9 27506.9 28466.9 29586.9 30546.9 31506.9 32466.9 33586.9 34546.9 35506.9 36466.9 37586.9 38546.9 39506.9 40294 39634.5 38674.5 37714.5 36754.5 35634.5 34674.5 33714.5 32752.7 31634.5 30674.5 29714.5 28754.5 27633.6 26674.2 25717.4 24751.3 23632.9 22669.6 21714.5 20766.8 19871.2 19424.3 19026.7 18629 18165.1 17767.5 17369.8 16972.2 16508.3 16110.6 15713 15315.3 14851.4 14453.8 14279.8 14561.5 15025.4 15423 15820.7 16218.1 16334 -9999 -9999 -9999
10306.7 11266.7 12227.8 13346 14308.1 15267.1 16226.7 17346.7 18306.7 19266.7 20226.7 21346.7 22306.7 23266.7 24226.7 25346.7 26306.7 27266.7 28226.7 29346.7 30306.7 31266.7 32226.7 33346.7 34306.7 35266.7 36226.7 37346.7 38306.7 39266.4 39929.6 39170.6 38210.6 37250.6 36290.6 35170.6 34210.6 33250.6 32290.6 31170.6 30210.6 29250.6 28290.6 27170.6 26210.6 25250.6 24290.6 23173.5 22213.8 21250.6 20290.6 19182.9 18403.6 17912.8 17509 17045.1 16647.5 16249.8 15852.2 15388.3 14990.6 14593 14195.3 13731.4 13333.8 13159.8 13441.5 13905.4 14303 14700.7 15114.1 15861 -9999 -9999 -9999
10654.6 11614.6 12574.6 13692.8 14658.7 15615.7 16574.6 17694.6 18654.6 19614.6 20574.6 21694.6 22654.6 23614.6 24574.6 25694.6 26654.6 27614.6 28574.6 29694.6 30654.6 31614.6 32574.6 33694.6 34654.6 35614.6 36574.6 37694.6 38654.6 39584.3 39758.9 38773 37813 36853 35893 34773 33813 32853 31893 30773 29813 28853 27893 26773 25813 24854.6 23893.2 22773.4 21814.2 20853 19893 18773 17831.4 17058.6 16555.2 16085.1 15687.5 15289.8 14892.2 14428.3 14030.6 13633 13235.3 12771.4 12373.8 12199.8 12481.5 12945.4 13343 13741.5 14109.3 -9999 -9999 -9999 -9999
11052.3 12012.3 12972.3 14092.1 15050.5 16005.9 16970.7 18093 19055.3 20013.1 20972.3 22092.3 23052.3 24012.3 24972.3 26092.3 27052.3 28012.3 28972.3 30092.3 31052.3 32012.3 32972.3 34092.3 35052.3 36012.3 36972.3 38092.3 39052.3 39800 39464 38375.3 37415.3 36455.3 35495.3 34375.3 33415.3 32455.3 31495.3 30375.3 29415.3 28455.3 27495.3 26375.3 25415.3 24456.9 23495.4 22375.3 21415.8 20455.7 19495.3 18375.3 17415.3 16473.8 15688.3 15125.1 14727.5 14329.8 13932.2 13468.3 13070.6 12673 12275.3 11811.4 11413.8 11239.8 11521.5 11985.4 12383 12778.7 13291.3 -9999 -9999 -9999 -9999
11449.9 12409.9 13369.9 14489.8 15449.3 16407.8 17369.4 18490.1 19450.9 20410.2 21369.9 22489.9 23449.9 24409.9 25369.9 26489.9 27449.9 28409.9 29369.9 30489.9 31449.9 32409.9 33369.9 34489.9 35449.9 36409.9 37369.9 38489.9 39436 39795.2 39095.8 37977.7 37017.7 36057.7 35097.7 33977.7 33017.7 32057.7 31097.7 29977.7 29017.7 28057.7 27097.7 25977.7 25017.7 24057.7 23097.7 21975.3 21017.8 20057.8 19097.7 17977.7 17017.7 16057.7 15110 14214.3 13767.5 13369.8 12972.2 12508.3 12110.6 11713 11315.4 10851.4 10453.8 10279.8 10561.5 11025.4 11423 11814.6 11943.2 -9999 -9999 -9999 -9999
11913.8 12873.8 13833.8 14953.8 15913.8 16873.8 17833.8 18953.8 19913.8 20873.8 21833.8 22953.8 23913.8 24873.8 25833.8 26953.8 27913.8 28873.8 29833.8 30953.8 31913.8 32873.8 33833.8 34953.8 35913.8 36873.8 37833.8 38953.5 39743.9 39552.8 38633.8 37513.8 36553.8 35593.8 34633.8 33513.8 32553.8 31593.8 30633.8 29513.8 28553.8 27593.8 26633.8 25513.8 24553.8 23593.8 22633.8 21510.2 20554.3 19594.3 18633.8 17513.8 16553.8 15593.8 14633.8 13526.1 12746.8 12256 11852.2 11388.3 10990.6 10593 10195.4 9731.44 9333.79 9159.83 9441.49 9905.41 10303.1 10632.6 10933 -9999 -9999 -9999 -9999
12311.5 13271.5 14231.5 15351.2 16310.7 17271.5 18231.5 19351.5 20311.9 21271.9 22231.5 23351.5 24311.5 25271.5 26231.5 27351.5 28311.5 29271.5 30231.5 31351.5 32311.5 33271.5 34231.5 35351.5 36311.5 37271.5 38231.5 39337 39821.1 39195.4 38236.1 37116.1 36156.1 35196.1 34236.1 33116.1 32156.1 31196.1 30236.1 29116.1 28156.1 27196.1 26236.1 25116.1 24156.1 23196.1 22236.1 21116.1 20156.1 19196.1 18236.1 17116.1 16156.1 15196.1 14236.1 13116.1 12174.6 11401.7 10898.4 10428.3 10030.6 9633 9235.36 8771.44 8373.8 8199.83 8481.49 8945.41 9343.05 9740.7 10143.2 -9999 -9999 -9999 -9999
12709.1 13669.1 14629.1 15748.9 16708.4 17670 18629.4 19748.7 20706.6 21667.7 22629.1 23749.1 24709.1 25669.1 26629.1 27749.1 28709.1 29669.1 30629.1 31749.1 32709.1 33669.1 34629.1 35749.1 36709.1 37669.1 38629.1 39663.4 39687.7 38798.5 37838.5 36718.5 35758.5 34798.5 33838.5 32718.5 31758.5 30798.5 29838.5 28718.5 27758.5 26798.5 25838.5 24718.5 23758.5 22798.5 21838.5 20718.5 19758.5 18798.5 17838.5 16718.5 15758.5 14798.5 13838.5 12718.5 11758.5 10816.9 10031.5 9468.29 9070.65 8673 8275.36 7811.44 7413.8 7239.83 7521.49 7985.41 8383.06 8791.43 9358.67 -9999 -9999 -9999 -9999
13106.8 14066.8 15026.8 16146.7 17106.7 18067.1 19026.8 20146.6 21105.8 22066.1 23026.7 24146.7 25106.7 26066.7 27026.7 28146.7 29106.7 30066.7 31026.7 32146.7 33106.8 34066.8 35026.7 36146.7 37106.8 38066.8 39026.8 39879.5 39357.7 38400.8 37440.8 36320.8 35360.8 34400.8 33440.8 32320.8 31360.8 30400.8 29440.8 28320.8 27360.8 26400.8 25440.8 24320.8 23360.8 22403.1 21441.6 20320.8 19360.8 18400.8 17435.8 16317.9 15360.8 14400.8 13440.8 12320.8 11360.8 10400.8 9453.14 8557.5 8110.65 7713.01 7315.36 6851.44 6453.8 6279.83 6561.49 7025.41 7423.06 7728.83 8443.09 -9999 -9999 -9999 -9999
13570.7 14530.7 15490.7 16610.1 17569.1 18530.7 19490.7 20611.2 21571.9 22530.1 23490.8 24610.7 25570.7 26530.7 27490.7 28610.7 29570.7 30530.7 31490.7 32610.7 33570.7 34530.7 35490.7 36610.7 37570.7 38530.7 39487.8 39800.5 38896.9 37936.9 36976.9 35856.9 34896.9 33936.9 32976.9 31856.9 30896.9 29936.9 28976.9 27856.9 26896.9 25936.9 24976.9 23856.9 22897.3 21937.3 20976.9 19856.8 18897 17937.3 16976.9 15856.9 14896.9 13936.9 12976.9 11856.9 10896.9 9936.92 8976.92 7869.23 7089.94 6599.16 6195.36 5731.44 5333.8 5159.83 5441.49 5905.41 6303.06 6661.81 6768.42 -9999 -9999 -9999 -9999
13976 14928.3 15888.3 17008.6 17970.1 18929.4 19888.3 21009.5 21968.2 22928.2 23888.3 25008.3 25968.3 26928.3 27888.3 29008.3 29968.3 30928.3 31888.3 33008.3 33968.3 34928.3 35888.3 37008.3 37968.3 38928.3 39808 39459.1 38499.3 37539.3 36579.3 35459.3 34499.3 33539.3 32579.3 31459.3 30499.3 29539.3 28579.3 27459.3 26499.3 25539.3 24579.3 23459.3 22500.5 21540.5 20579.3 19458.9 18498.1 17539.3 16579.3 15459.3 14499.3 13539.3 12579.3 11460.3 10499.3 9539.28 8579.28 7459.28 6517.73 5744.89 5241.51 4771.44 4373.8 4199.83 4481.49 4945.41 5360.14 5806 5953.61 -9999 -9999 -9999 -9999
14508.2 15333.6 16286 17405.7 18366.1 19327 20286 21406 22365.8 23325.8 24286 25406 26366 27326 28286 29406 30366 31326 32286 33406 34366 35326 36286 37406 38366 39325.5 39877.1 39061.6 38101.6 37141.6 36181.6 35061.6 34101.6 33141.6 32181.6 31061.6 30101.6 29141.6 28181.6 27061.6 26101.6 25141.6 24181.6 23061.6 22101.9 21142 20181.6 19061.6 18101.6 17141.6 16181.6 15060.7 14101.9 13141.6 12181.6 11063.9 10105.4 9141.63 8181.64 7061.64 6101.64 5160.09 4374.65 3811.44 3413.8 3239.83 3521.49 3998.59 4561.93 5196.74 5640.96 -9999 -9999 -9999 -9999
15314.9 15854.3 16688.7 17803.4 18763.1 19720.6 20684.1 21803.3 22764.7 23725.7 24683.6 25803.6 26763.6 27723.6 28683.6 29803.6 30763.6 31723.6 32683.6 33803.6 34763.6 35723.6 36683.6 37803.6 38763.6 39672.8 39688.9 38664 37704 36744 35784 34664 33704 32744 31784 30664 29704 28744 27784 26664 25704 24744 23784 22664 21704.1 20744.1 19784 18664 17704 16744 15784 14664.3 13706 12744 11784 10664.4 9705.23 8743.99 7783.99 6663.99 5703.99 4743.99 3796.29 2900.65 2453.8 2279.83 2561.49 3184.45 4039.48 4711.1 4889.24 -9999 -9999 -9999 -9999
16422.5 16820.6 17313.6 18272.7 19227.5 20186 21147 22266.6 23227.5 24189.8 25150.4 26266.3 27221.7 28185.5 29147.5 30267.5 31227.5 32187.5 33147.5 34267.5 35227.5 36187.5 37147.5 38267.5 39224.8 39829.2 39311 38200.1 37240.1 36280.1 35320.1 34200.1 33240.1 32280.1 31320.1 30200.1 29240.1 28280.1 27320.1 26200.1 25240.1 24280.1 23320.1 22202 21245.7 20280.1 19320.1 18200.1 17240.1 16280.1 15320.1 14200.1 13240.1 12280.1 11320.1 10199.6 9240.07 8280.07 7320.07 6200.07 5240.07 4280.07 3320.07 2212.37 1433.09 1179.16 1600.53 2620.07 3575.67 4383.71 4662.58 -9999 -9999 -9999 -9999
17382.5 17780.2 18178.3 18795.9 19632.9 20585.2 21545.2 22665.2 23625.2 24585.2 25545.2 26665.5 27623.6 28582.6 29545.2 30665.2 31625.2 32585.2 33545.2 34665.2 35625.2 36585.2 37545.2 38665.2 39600.9 39844.7 39071.5 37951.5 36991.5 36031.5 35071.5 33951.5 32991.5 32031.5 31071.5 29951.5 28991.5 28031.5 27071.5 25951.5 24991.5 24031.5 23071.5 21951.5 20991.5 20031.5 19071.5 17951.5 16991.5 16031.5 15071.5 13951.5 12991.5 12031.5 11071.5 9950.24 8991.54 8031.54 7071.54 5951.54 4991.54 4031.54 3071.54 1951.54 1027.57 644.474 1263.84 2367.3 3233.95 3599.39 -9999 -9999 -9999 -9999 -9999
18342.5 18740.2 19137.8 19614.1 20165.1 20990.5 21942.8 23062.8 24022.8 24982.8 25942.8 27063.2 28024.8 28983.8 29942.8 31062.8 32022.8 32982.8 33942.8 35062.8 36022.8 36982.8 37942.8 39062.8 39982.7 40122.1 39295.2 38175.2 37215.2 36255.2 35295.2 34175.2 33215.2 32255.2 31295.2 30175.2 29215.2 28255.2 27295.2 26175.2 25215.2 24255.2 23295.2 22175.2 21215.2 20255.2 19295.2 18175.2 17215.2 16255.2 15295.2 14175.2 13214.2 12255.9 11292.9 10175.2 9215.22 8255.22 7295.22 6175.22 5215.22 4255.22 3295.22 2188.4 1398.86 1126.48 1574.51 2549.61 3102.36 3388.56 -9999 -9999 -9999 -9999 -9999
19302.5 19700.2 20097.8 20561.8 20971.7 21511.2 22345.6 23460.5 24420.5 25379.8 26340.3 27460.5 28420.5 29380.5 30340.5 31460.5 32420.5 33380.5 34340.5 35460.5 36420.5 37380.5 38340.5 39460.5 40380.3 40519.8 39692.9 38572.9 37612.9 36652.9 35692.9 34572.9 33612.9 32652.9 31692.9 30572.9 29612.9 28652.9 27692.9 26572.9 25612.9 24652.9 23692.9 22572.3 21611.3 20652.9 19692.9 18572.9 17612.9 16652.9 15692.9 14572.9 13612.5 12653.1 11692.1 10572.9 9612.86 8652.86 7692.86 6572.86 5612.86 4652.86 3692.86 2731.91 2239.95 2059.83 2353.79 2979.76 3389.62 -9999 -9999 -9999 -9999 -9999 -9999
20422.5 20820.2 21217.8 21681.7 22079.4 22477.5 22970.5 23929.5 24884.4 25845.3 26804.7 27924 28884.5 29844.5 30804.4 31924.4 32884.4 33844.4 34804.4 35924.4 36884.4 37844.4 38804.4 39924.4 40844.3 40983.7 40156.8 39036.8 38076.8 37116.8 36156.8 35036.8 34076.8 33116.8 32156.8 31036.8 30076.8 29116.8 28156.8 27036.8 26076.8 25116.8 24156.8 23036.8 22076.8 21116.8 20156.8 19036.8 18076.8 17116.8 16157.8 15036.8 14076.8 13116.8 12156.8 11033.5 10076.8 9116.78 8156.78 7036.78 6076.78 5129.96 4315.82 3751.44 3353.8 3179.83 3461.49 3920.79 4167.38 -9999 -9999 -9999 -9999 -9999 -9999
21382.5 21780.2 22177.6 22641.7 23039.4 23437 23835.1 24452.8 25289.7 26240.2 27201.4 28321.2 29283 30242.3 31202.1 32322.1 33282.1 34242.1 35202.1 36322.1 37282.1 38242.1 39202.1 40322.1 41241.9 41381.3 40554.4 39434.4 38474.4 37514.4 36554.4 35434.4 34474.4 33514.4 32554.4 31434.4 30474.4 29514.4 28554.4 27434.4 26474.4 25514.4 24554.4 23434.4 22474.4 21514.4 20554.4 19434.4 18474.4 17514.4 16554.4 15434.4 14474.3 13514.5 12554.5 11436.7 10474.4 9514.42 8554.43 7434.43 6492 5698.07 5181.51 4711.44 4313.8 4139.83 4421.49 4880.29 5124.9 -9999 -9999 -9999 -9999 -9999 -9999
22263 22734 23135.8 23601.7 23999.4 24397 24794.7 25271.2 25823.9 26648.7 27598.6 28719.9 29681.2 30640.5 31599.7 32719.7 33679.7 34639.7 35599.7 36719.7 37679.7 38639.7 39599.7 40719.7 41639.6 41779 40952.1 39832.1 38872.1 37912.1 36952.1 35832.1 34872.1 33912.1 32952.1 31832.1 30872.1 29912.1 28952.1 27832.1 26872.1 25912.1 24952.1 23832.1 22872.1 21912.1 20952.1 19832.1 18871.3 17912.7 16952.5 15828.6 14871.9 13912.2 12952.1 11832.1 10872.1 9912.07 8952.07 7845.25 7055.72 6541.21 6135.36 5671.44 5273.8 5099.83 5381.49 5843.4 6325.47 6888.01 -9999 -9999 -9999 -9999 -9999
