public/models/data/input/map/sulsel/1000/mapdagr.asc
NCOLS 496
NROWS 622
XLLCORNER -95260.364462
YLLCORNER 9790791.912663
CELLSIZE 1000.000000
NODATA_VALUE       -9999
[rows 34 to 67 of 622, columns 312 to 389 of 496]
12443.7 13403.7 14363.7 15323.7 16443.7 17403.7 18363.7 19323.7 20445.5 21583.5 22648.8 23307.9 22958.2 22005.4 21048.3 20079 19100.6 18152.9 17038.8 16083.7 14964.1 14004.6 13092.5 12399.4 11868.3 11361.6 10744.8 9852.62 -9999 -9999 -9999 -9999 -9999 -9999 -9999 -9999 -9999 -9999 -9999 -9999 -9999 -9999 -9999 -9999 -9999 -9999 -9999 -9999 -9999 -9999 -9999 -9999 -9999 -9999 -9999 -9999 -9999 -9999 -9999 -9999 -9999 -9999 -9999 -9999 -9999 -9999 -9999 -9999 -9999 -9999 -9999 -9999 -9999 -9999 -9999 -9999 -9999 -9999
12841.4 13801.4 14761.4 15721.4 16841.4 17801.4 18761.4 19721.4 20841.4 21828.9 22820.1 23377.5 22565.1 21606.4 20646.4 19686.4 18590.7 17683.6 16757.4 15691.9 14566.4 13606.4 12646.9 11720 10940.4 10511.8 10027 9452.1 8371.32 7847.84 -9999 -9999 -9999 -9999 -9999 -9999 -9999 -9999 -9999 -9999 4687.01 4899.2 5682.1 6634.96 7752.86 8692.01 9633.44 10543.5 11287 -9999 -9999 -9999 -9999 -9999 -9999 -9999 -9999 -9999 -9999 -9999 -9999 -9999 -9999 -9999 -9999 -9999 -9999 -9999 -9999 -9999 -9999 -9999 -9999 -9999 -9999 -9999 -9999 -9999
13305.3 14265.3 15225.3 16185.3 17305.3 18265.3 19225.3 20185.3 21305.3 22265.3 23162.3 23138 22102.5 21142.5 20182.5 19222.5 18102.5 17142.5 16208.6 15110.7 14086.4 13142.5 12182.5 11222.5 10136 9457.81 9004.54 8530.63 7856.95 6986.41 6044.05 5252.02 3715.82 3183.88 -9999 -9999 -9999 785.212 1722.88 2325.61 3436.95 4406.74 5364.34 6324.34 7444.34 8404.33 9364.33 10324.3 11440.3 12377.6 13314.6 14244.1 15319.8 16166.3 16721.7 17974.9 18799.4 18765.7 -9999 -9999 -9999 -9999 -9999 -9999 -9999 -9999 -9999 -9999 -9999 -9999 -9999 -9999 -9999 -9999 -9999 -9999 -9999 -9999
13702.9 14662.9 15622.9 16582.9 17702.9 18662.9 19622.9 20582.9 21702.9 22657.6 23287.8 22810.5 21704.8 20744.8 19784.8 18824.8 17704.8 16744.8 15784.8 14824.8 13704.8 12744.9 11784.9 10824.9 9705.3 8793.34 8110.56 7646.9 7086.2 6473.38 5628.74 4675.65 3579.73 2768.95 1397.44 456.51 29.9497 414.295 1032.24 1941.37 3058.11 4018.11 4978.11 5938.11 7058.11 8018.11 8978.11 9938.11 11058.1 12018.1 12978.1 13938.1 15058.1 16016.2 16959.1 17887.5 18646.2 18461 18008.6 17761.9 -9999 -9999 -9999 -9999 -9999 -9999 -9999 -9999 -9999 -9999 -9999 -9999 -9999 -9999 -9999 -9999 -9999 -9999
14100.6 15060.6 16020.6 16980.6 18100.6 19060.6 20020.6 20980.6 22100.6 22998.9 23201.5 22427.8 21307.2 20347.2 19387.2 18427.2 17307.2 16347.2 15387.2 14427.2 13307.2 12347.2 11387.2 10427.2 9307.22 8347.81 7435.69 6742.52 6212.63 5727.95 5154.69 4452.24 3433.91 2468.04 1493.14 590.947 143.847 217.279 738.874 1667.6 2785.98 3745.98 4705.98 5665.98 6785.98 7745.98 8705.98 9665.98 10786 11746 12706 13666 14786 15746 16706 17633.2 17975.3 17743.7 17645.8 17526.7 17513.5 17562.7 -9999 -9999 -9999 -9999 -9999 -9999 -9999 -9999 -9999 -9999 -9999 -9999 -9999 -9999 -9999 -9999
14498.2 15458.2 16418.2 17378.2 18498.2 19458.2 20418.2 21357.8 22498.8 23270.1 23060.7 22046.7 20937.2 20009.8 18988.2 18027 16909.6 15949.6 14989.6 14029.6 12909.6 11949.6 10989.6 10029.6 8909.57 7949.58 6990.02 6063.11 5283.54 4855 4382.3 3913.43 3332.46 2679 1869.8 1195.53 706.076 296.758 534.109 1416.25 2535.27 3495.27 4455.27 5415.27 6535.27 7495.27 8455.27 9415.27 10535.3 11479.7 12467.4 13461 14580.8 15540.8 16448 17093.9 17041.4 16808.3 16763.9 16744.2 17121.1 17227.7 -9999 -9999 -9999 -9999 -9999 -9999 -9999 -9999 -9999 -9999 -9999 -9999 -9999 -9999 -9999 -9999
14962.1 15922.1 16882.1 17842.1 18962.1 19922.1 20882.1 21834.6 22996.6 23690 23684.3 22625.2 20636.9 19726.9 18676.5 17539.9 16444.6 15485.6 14525.6 13565.6 12445.6 11485.6 10525.6 9565.65 8445.66 7485.66 6525.66 5565.66 4479.19 3800.96 3347.69 2873.87 2362.03 2047.93 1985.83 1861.24 1002.03 450.578 778.852 1561.42 2662.67 3622.67 4582.67 5542.67 6662.67 7622.67 8582.67 9542.67 10662.7 11622.7 12578.3 13503 14492.4 15159.6 15637.4 16031.6 15921.4 15688.3 15643.9 15627.7 15991 16356.1 16505.3 16459.5 16444.2 17404 17633.3 18038.2 18367.4 18279.2 18238.3 18241.4 -9999 -9999 -9999 -9999 -9999 -9999
15359.8 16319.8 17279.8 18239.8 19359.8 20319.8 21279.8 22239.8 23381.1 24186.4 24480.4 24333 20817.3 20115.5 18684.2 17258.3 16067.7 15107.5 14128 13168 12048 11088 10128 9168.01 8048.01 7088.01 6128.01 5168.01 4048.45 3136.48 2453.71 1990.38 1448.12 1093.36 1119.28 1536.83 1501.24 1237.05 1561.11 2127.9 3067.64 4020.32 4980.32 5940.32 7060.32 8020.31 8980.31 9940.31 11060 11977.8 12728.7 13342.8 13886.2 14284.5 14682.1 15071.6 14961.4 14728.3 14683.9 14667.7 15072.6 15470.3 15822.9 16076.9 16276.6 16846.7 17361.4 17763.4 18118.3 18061.3 18081.5 18125.9 18166.7 -9999 -9999 -9999 -9999 -9999
15757.4 16717.4 17677.4 18637.4 19757.4 20717.4 21677.4 22637.4 23748.1 24369.3 24362.1 22834.2 20547.9 19666.9 18557 17222.4 16112.8 15562.4 14189.9 12765.4 11650.4 10690.4 9730.36 8770.36 7650.37 6690.37 5730.37 4770.37 3650.37 2690.95 1778.84 1087.02 607.309 302.246 422.979 1110.39 1955.03 2164.08 2462.9 2915.07 3605.17 4426.2 5377.96 6337.96 7457.96 8417.96 9377.96 10325.5 11288 11860.7 12130.6 12462.9 12926.8 13324.5 13722.1 14111.6 14001.4 13768.3 13723.9 13707.7 14112.6 14510.3 14876.8 15222.3 15645.2 16058.5 16473.6 16871.2 17264.6 17254.4 17374.3 17677.4 17723.9 17271.9 -9999 -9999 -9999 -9999
16155.1 17115.1 18075.1 19035.1 20155.1 21115.1 22075.1 23035.1 24086.8 24201.5 23462.5 22295.7 21172 19440 18529.1 17545.3 16712.8 16534.8 14489.1 12528.6 11437.8 10485.7 9437.67 8455.27 7335.27 6375.27 5415.27 4455.27 3335.27 2375.27 1415.71 523.836 98.1685 33.8851 147.622 798.897 1824.58 2584.87 3277.26 3806.45 4355.08 4962.81 5782.93 6735.61 7855.42 8790.12 9587.17 10183.1 10732 11054.6 11189.4 11502.9 11966.8 12364.5 12762.1 13151.6 13041.4 12808.3 12763.9 12747.7 13152.6 13550.3 13916.8 14262.3 14718.3 15115.9 15513.6 15911.2 16304.6 16294.4 16419.6 16761.5 16890.3 16715.2 16541.4 -9999 -9999 -9999
16647.1 17581.3 18539 19499 20619 21579 22539 23499 24343.1 23817 22857 21981.2 21096.1 20114.1 18391.3 17423.4 16432.9 16340.6 14897.5 12950.1 11992.4 11721.1 10614.4 8789.8 7431.97 6482.67 5522.67 4562.67 3442.67 2482.89 1542.77 764.962 373.439 305.729 117.279 377.34 1291.17 2230.95 3190.95 4144.68 5108.01 5743.68 6329.14 7073.97 7883.5 8364.81 8766.39 9164.18 9667.41 9996.57 10069.8 10382.9 10846.8 11244.5 11642.1 12031.6 11921.4 11688.3 11643.9 11627.7 12032.6 12430.3 12796.8 13142.3 13598.3 13995.9 14393.6 14791.2 15184.6 15174.4 15299.6 15641.5 15801 15810.9 15638.8 15295.4 -9999 -9999
17169 18009.3 18939.7 19896.6 21016.6 21976.6 22935.6 23861.3 24332.7 23506.4 22546.4 21586.4 20500.6 19529.9 18355.8 17372.5 16226.4 15307 14297.2 13455.8 12875.6 12535.5 12297.9 10627.2 8079.05 6864.33 5920.32 4960.31 3840.54 2906.38 2142 1646.76 1240.18 1014.22 654.632 414.629 1151.69 2081.69 3028.69 3988.53 5078.86 5731.49 6133.65 6544.78 7011.1 7408.74 7806.61 8241.23 8918.94 9134.54 9109.83 9422.91 9886.83 10284.5 10682.1 11071.6 10961.4 10728.3 10683.9 10667.7 11072.6 11470.3 11836.8 12182.3 12638.3 13035.9 13433.6 13831.2 14224.6 14214.4 14339.6 14681.5 14841 14873.7 14881.7 14787.3 -9999 -9999
17917.4 18531.9 19366.9 20296.6 21411.8 22316.8 23074.2 23687.1 24046.7 23583.4 22670.6 21710.6 20590.7 19629.2 18666.5 17706.5 16586.8 15654.4 14865.5 14239.4 13477.3 12723.8 11860.3 11084.3 9282.69 7150.54 6317.96 5357.96 4258.06 3499.64 2991.03 2500.65 1672.45 1221.05 857.334 506.091 1086.09 1959.94 2902.66 3862.5 4841.7 4998.57 5193.17 5587.18 6051.1 6448.96 6888.1 7509.95 8271.48 8197.44 8149.83 8462.91 8926.83 9324.47 9722.12 10111.7 10001.4 9768.34 9723.88 9707.72 10112.6 10510.3 10876.8 11222.3 11678.3 12075.9 12473.6 12871.2 13264.6 13254.4 13379.6 13721.5 13881 13913.7 13961.2 14013.4 13879.3 -9999
18848.2 19275.1 19884.3 20715.6 21633.1 22052.5 22428.3 22834.2 23288 23455.5 22911.6 22001.7 20978.8 20024.1 19065.7 18067.7 16996.2 16188.1 15519.3 14687.6 13609 12429 11414 10431.9 9347.47 7691.5 6715.61 5757.36 4826.66 4229.87 3480.01 2612.43 1497 671.372 243.734 98.77 634.71 1565.69 2524.26 3484.26 4209.41 4048.91 4233.17 4627.18 5091.24 5525.94 6152.31 6973.2 7527.71 7238.38 7189.83 7502.91 7966.83 8364.48 8762.12 9151.65 9041.37 8808.34 8763.88 8747.72 9152.62 9550.26 9916.83 10262.3 10718.3 11115.9 11513.6 11911.2 12304.6 12294.4 12419.6 12761.5 12921 12953.7 13001.2 13088.9 13306.9 13079.9
19191.8 19589.5 19992.9 20415.5 20842.3 21009.7 21316.6 21714.3 22178.2 22554.2 22445.8 21626.8 20727.4 20139 19443.2 18594.4 17620.7 16953 16077.9 15164.3 14692.3 -9999 10963.3 10424.8 9196.19 8191 7185.54 6367.25 5614.14 4717.82 3757.82 2797.82 1678.4 742.911 159.563 66.6867 421.349 1354.96 2314.89 3167.37 3199.86 2928.91 3113.17 3507.32 4026.32 4688.85 5540.91 6416.54 6459.69 6118.38 6069.83 6382.91 6846.83 7244.48 7642.12 8036.3 7921.37 7688.35 7643.88 7627.73 8032.62 8430.26 8796.83 9142.26 9598.3 9995.94 10393.6 10791.2 11184.6 11174.4 11299.6 11641.5 11801 11833.7 11881.2 11968.9 12318.1 12392
18267.9 18665.6 19063.2 19460.9 19882.3 20049.7 20356.6 20754.3 21218.2 21615.7 21806.2 21214 20132.6 19403.7 18919 18435.6 17851.2 17139.6 16203.7 15282.1 14329.4 12928.4 11895.5 11055.7 9543.24 8577.55 7730.95 6921.69 5851.54 4891.54 3931.54 2971.54 1852.57 941.901 477.82 560.713 708.215 1536.41 2447.04 2749 2250.32 1968.91 2153.39 2584.37 3331.2 4186.11 5111.12 5761.67 5499.69 5158.38 5109.83 5422.91 5886.83 6284.48 6702.33 7146.85 6961.37 6728.35 6683.88 6667.73 7072.62 7470.26 7836.83 8182.26 8638.3 9035.95 9433.59 9831.24 10224.6 10214.4 10339.6 10681.5 10841 10873.7 10921.2 11008.9 11383.7 11670.4
17307.9 17705.6 18103.2 18500.9 18922.3 19089.7 19396.6 19794.3 20258.2 20655.8 21014.3 20759.4 19709.9 18782.4 18046.1 17569.9 17098.6 16615.3 15948.2 15104.8 14004 12997 11987.9 11016.8 9884.22 8994.66 8143.84 7212.34 6092.72 5136.97 4228.35 3315.26 2231.72 1470.97 987.106 834.536 1190.86 1941.88 2560.7 2248.76 1427.93 1020.66 1234.88 1853.1 2825.62 3753.48 4574.36 4908.12 4539.69 4198.38 4149.83 4462.91 4926.83 5344.69 5924.45 6332 6001.37 5768.35 5723.88 5707.73 6112.62 6510.27 6876.83 7222.26 7678.31 8075.95 8473.59 8871.24 9264.64 9254.38 9379.62 9721.49 9881.01 9913.67 9961.24 10048.9 10429.8 10823.9
16347.9 16745.6 17143.2 17540.9 17962.3 18129.7 18436.6 18834.3 19298.2 19695.8 20092.2 20166.7 19311.4 18352.3 17417.3 16667.6 16143.8 15744.6 15324.8 14825.6 13877.3 12917.5 11957.5 10997.5 9879.39 8934.82 7987.45 7027.81 5907.81 4949.23 4043.26 3356.02 2490.46 1597.43 737.489 292.439 974.523 1771.56 2043.14 1660.39 789.009 275.768 532.694 1316.41 2398.58 3228.38 3765.5 3961.33 3579.69 3238.38 3189.83 3502.91 3980.31 4560.12 5310.65 5457.93 5041.37 4808.35 4763.88 4747.73 5152.62 5550.26 5916.83 6262.26 6718.31 7115.95 7513.6 7911.24 8308.51 8294.38 8419.62 8761.49 8921.01 8953.67 9001.24 9088.88 9469.77 9867.42
15227.9 15625.6 16023.2 16420.9 16842.3 17009.7 17316.6 17714.3 18178.2 18575.8 18973.5 19124.1 18667.2 17886.1 16928.1 15970.4 15083.7 14628.4 14228.5 13830.9 13275.3 12473.4 11528.6 10568.6 9448.6 8488.6 7528.6 6568.6 5448.6 4488.6 3528.6 2617.81 1906.68 1331.62 554.813 53.8281 416.19 1046.53 1174.42 702.645 260.91 8.12132 198.339 942.568 1792.66 2262.41 2696.43 2887.84 2461.15 2118.38 2069.83 2396.39 3079.18 3863.31 4406.94 4359.71 3921.37 3688.35 3643.88 3627.73 4032.62 4434.19 4805.1 5143.71 5598.31 5995.95 6394.79 6820.91 7270.52 7174.38 7299.62 7641.49 7801.01 7833.67 7881.24 7968.88 8349.78 8747.42
14267.9 14665.6 15063.2 15460.9 15882.7 16049.9 16356.6 16754.3 17218.2 17615.8 18013.5 18164.1 17847.7 17473.3 16564.2 15603.5 14511.9 13756.8 13271.5 12870.9 12401.7 11893.6 11111.1 10171.6 9051.66 8091.66 7131.67 6171.67 5051.67 4091.67 3131.67 2171.67 1156.4 735.483 455.303 56.7668 76.7199 418.348 499.998 157.021 3.75 0 99.5427 560.214 916.225 1368.2 1855.77 2123.16 1582.72 1161.84 1131.3 1618.56 2505.66 3102.79 3536.61 3417.29 2961.37 2728.35 2683.88 2667.73 3076.62 3534.35 3910.9 4189.59 4638.31 5037.54 5473.12 6077.24 6407.91 6214.38 6339.62 6681.49 6841.01 6873.67 6921.24 7008.88 7389.78 7787.42
13307.9 13705.6 14103.2 14501.3 14972.6 15091.1 15396.6 15794.3 16258.2 16655.8 17053.5 17242.6 16978.7 17114.9 16416 15454.4 14342.6 12897.1 12282.2 11910.9 11447 11042.3 10538.6 9793.83 8704.88 7744.88 6784.88 5824.88 4704.88 3744.88 2784.88 1824.88 728.575 159.932 83.1409 11.0711 9.78109 63.8923 56.9093 7.95343 0 0 7.46231 112.413 224.056 623.508 998.053 1374.56 1061.42 410.826 426.545 1040.82 1744.13 2255.06 2693.86 2552.36 2004.45 1768.35 1723.88 1707.73 2171.27 2724.18 3011.06 3230.35 3679.5 4115.47 4738.63 5477.71 5463.94 5254.38 5379.62 5721.49 5881.01 5913.67 5961.24 6048.88 6429.78 6827.42
12347.9 12745.6 13143.7 13631.8 14186 14131.7 14436.6 14834.3 15298.2 15695.8 16093.5 16426.4 15960.5 15562.7 -9999 -9999 -9999 11425.6 11299.8 10950.9 10487 10089.3 9687.19 9241.13 8522.01 7654.54 6697.96 5737.96 4617.96 3657.96 2697.96 1737.96 640.947 55.7376 0 0 1.93122 9.54366 6 0.75 0 0 0 4.16421 32.4291 134.519 276.585 703.523 835.897 254.688 93.3098 342.254 899.62 1406.05 1826.85 1748.92 1158 811.506 770.119 782.582 1385.24 1852.07 2069.28 2270.35 2747.97 3371.35 4168.31 4689.3 4503.94 4294.38 4419.62 4761.49 4921.01 4953.67 5001.24 5088.88 5469.78 5867.42
11228 11637.3 12171.1 12968.9 13161.8 13011.7 13316.6 13714.3 14178.2 14575.8 14973.5 15371.1 15272.8 14353.3 13367.6 12375.9 11537.4 10401.1 10221.7 9830.89 9366.97 8969.33 8571.68 8174.04 7725.41 7335.65 6619.02 5689.43 4570.02 3610.54 2676.48 1792.8 857.587 241.143 15.3891 0 0 0 5.8125 1.9375 0 0 0 0 0 4.70711 13.8891 104.851 324.406 135.224 235.689 162.82 139.529 516.025 984.935 789.309 399.474 69.2879 63.8482 248.389 430.199 813.541 980.772 1180.35 1901.37 2768.27 3344.11 3599.89 3383.94 3174.38 3299.62 3641.49 3801.01 3833.67 3881.24 3968.88 4349.78 4747.42
10279.7 10824.9 11641.8 12379.9 12202.4 12051.7 12356.6 12754.3 13218.2 13615.8 14013.5 14411.1 14648.2 13958.4 12999.1 12039.1 10918.5 9996.05 9332.68 8873.46 8406.98 8009.33 7611.69 7214.04 6766.25 6441.58 6007.5 5276.61 4175.22 3215.22 2256.51 1332.86 489.894 202.645 18.8033 0 0 0 7.6875 5.5625 46.2901 10.8373 0 0 0 0 3.15533 163.925 134.129 48.8489 362.493 336.16 71.9925 120.983 384.816 257.081 80.2147 7.53921 60.4643 62.5013 28.8906 163.694 230.475 512.982 1419.42 2208.15 2515.43 2641.25 2424.33 2214.38 2339.62 2681.75 2841.27 2873.67 2921.24 3008.88 3389.78 3793.6
9455.82 10284.2 11212.4 11602.6 11242.4 11091.7 11396.6 11794.3 12258.2 12655.8 13053.5 13451.1 13841.9 13525.3 12601.4 11641.4 10521.4 9563.33 8657.49 7965.41 7446.98 7049.33 6651.69 6254.04 5806.25 5482.52 5160.97 4825.9 3874.06 2914.25 1970.4 1044.33 149.061 5.87132 0 0 0 0 1.5 5 58.3034 20.8203 5.8125 1.3125 0 0 3.15533 89.3981 95.1409 27.6569 106.012 229.499 213.144 37.7072 101.38 300.728 214.339 70.9123 110.65 27.1958 0 4.5 12.1553 193.409 904.696 1547.3 1614.81 1681.25 1471.92 1254.26 1379.91 1738.68 1883.7 1913.67 1961.24 2048.88 2435.5 2867.94
8923.25 9875.72 10678 10714.1 10282.4 10131.7 10436.6 10834.3 11298.2 11695.8 12093.5 12491.1 12942.4 12967.7 12203.8 11243.8 10123.8 9163.79 8205.22 7285.12 6507.48 6089.33 5691.69 5294.04 4846.25 4522.52 4210.45 4158.47 3594.66 2634.9 1687.37 873.483 135.326 0 0 0 0 0 0 7.5 113.16 120.14 8.4375 1.4375 0 0 0 0.592593 107.893 173.395 16.8595 72.7902 76.445 26.847 43.5436 104.639 396.705 236.91 389.657 281.102 132.438 103.838 68.481 31.6066 365.35 829.021 703.662 819.619 560.489 367.605 461.602 931.625 931.229 953.67 1001.24 1088.88 1523.64 1951.15
8445.07 9304.35 9787.66 9611.82 9162.43 9011.66 9316.64 9714.28 10178.2 10575.8 10973.5 11371.1 11835.1 12119.2 11711 10779.9 9659.87 8699.87 7739.87 6779.87 5701.2 5023.85 4574.25 4174.04 3726.25 3402.52 3090.45 3080.09 3085.47 2253.04 1297.14 374.313 24.0711 0 0 0 0 0 0 0 264.536 251.731 11.6446 2.6875 0 1.22855 1.22855 0 5.85355 12.5607 1 5.09573 0 0 7.94715 104.711 453.058 672.302 719.431 1107.86 1066.14 946.896 575.987 140.461 57.2506 86.4241 70.9487 146.622 77.5327 104.975 37.9534 191.761 144.512 91.284 108.168 202.466 545.918 886.883
7949.2 8666.54 8953.65 8655.46 8202.43 8051.66 8356.64 8754.28 9218.2 9615.84 10013.5 10411.1 10882.6 11339 11246.3 10382.2 9262.22 8302.22 7342.22 6382.22 5263.65 4358.28 3675.83 3216.6 2766.37 2442.89 2130.45 2120.09 2423.55 1984.71 1074.47 254.51 0 0 0 0 2.88388 13.6694 5.01777 0 142.206 103.843 12.1838 2.8125 6.2552 76.8317 63.7821 1.90533 0 0 0 85.0862 11.1569 0 4.32583 337.709 1084.07 1454.41 1553.48 1933.77 2013.85 1730.07 1008.54 377.22 194.369 10.4945 0 0 1.65533 5.34099 0.375 0 0 0 0 3.75 55.6999 180.978
7343.52 8047.33 8078.39 7695.46 7242.43 7091.66 7396.64 7794.29 8258.2 8655.85 9053.49 9451.52 10022.6 10749.7 10824 9984.57 8864.58 7904.58 6944.58 5984.58 4864.58 3906.48 3000.63 2308.56 1813.12 1510.44 1177.75 1161.85 1602.87 1467.28 664.253 102.773 0 0 3.9375 24.2298 136.12 197.759 41.2953 0 75.7576 12.5267 6.6875 8.0625 24.3273 117.51 84.0344 3.108 0 0 0 79.8596 11.1569 14.3033 128.241 574.525 1559.79 2233.85 2508.06 2852.08 2868.81 2211.96 1275.27 404.315 232.267 138.413 17.0193 0 0 0 0 35.4853 41.5708 5.52849 0 0 3.45267 29.7596
6852.88 7380.45 7132.94 6735.46 6282.43 6131.66 6436.64 6834.29 7298.2 7695.85 8093.88 8549.01 9434.65 10299.6 10418.7 9586.93 8466.93 7506.93 6546.93 5586.93 4466.93 3506.93 2548.36 1628.27 881.78 662.779 363.957 369.904 771.615 845.895 284.919 13.8987 0 14.0355 143.852 269.989 442.783 113.455 12.0925 0 11.7426 0 1.3125 10.9375 16.024 14.7881 7.97932 0.400888 0 0 0 3.35355 0 36.8744 431.237 1134.13 1998.98 2798.69 3304.53 3682.38 3504.63 2598.83 1650.91 811.766 333.807 166.438 7.3802 15.8284 28.1391 34.4173 51.9779 76.4485 233.114 73.9304 3.20711 0 38.4425 187.888
6245.66 6391.5 6013.11 5615.46 5162.43 5011.66 5316.64 5714.29 6178.24 6583.41 7081.08 7850.73 8912.11 9841.97 10080.1 9305.52 8185.59 7225.59 6265.59 5305.59 4185.59 3225.59 2265.59 1305.59 314.589 61.9436 21.1228 14.2426 54.1525 137.751 50.2487 0.5 0 4.62132 89.3317 93.0388 164.817 11.8713 0 13.1317 28.4957 0 0 0 9.75 10.125 2.625 0.25 86.0865 169.809 21.6584 0 1.71339 66.1937 575.952 1489.79 2336.18 2459.69 2694.45 3092.65 3432.17 2862.23 1908.31 948.901 156.654 35.7653 69.8627 452.188 687.611 689.518 519.461 244.07 60.0471 143.74 159.988 131.091 349.517 914.733
5420.79 5437.13 5053.15 4655.46 4202.43 4051.66 4356.64 4754.29 5225.76 5735.23 6495.74 7400.85 8510.65 9467.9 9945.96 9364.14 8264.61 7319.12 6398.93 5452.4 4332.52 3372.52 2412.52 1452.52 446.104 92.9393 10.8373 0 0 0 0 0 0 58.6452 211.823 103.29 0.75 0 8.71599 137.905 112.301 0 0 0 0 1.125 6 2.625 32.3534 66.5629 5.27665 0 7.9205 164.017 827.754 1646.21 1757.74 1520.09 1738.39 2197.09 2892.06 2929.29 2108.82 1213.35 619.611 359.315 291.783 842.009 1451.55 1005.11 286.307 22.3085 7.18382 40.3171 60.8989 123.308 629.581 1473.88
4476.79 4528.9 4105.02 3695.49 3242.43 3091.66 3396.64 3794.67 4365.79 5138.1 6045.01 6993.48 8113.01 9047.83 9410.85 8930.03 7975.93 7039.24 6174.74 5399.13 4396.68 3441.84 2481.84 1521.84 500.32 65.0829 9.18198 0 0 0 0 0 0 55.3989 243.845 152.631 19.1673 0 19.347 136.145 26.8137 0 0 0 0 0 2.625 7.125 2.25 0 0 0 6.31066 163.773 765.102 1142.25 896.95 603.168 850.951 1478.15 2308.67 2668.49 2277.15 1815.73 1519.93 1159.73 1009.36 1437.13 1905.29 1146.99 316.566 16.1398 7.37132 1.5 166.938 573.729 1124.37 1860.89
3533.35 3725.1 3275.03 2743.49 2282.43 2131.66 2437.03 2892.16 3777.8 4685.56 5635.84 6595.36 7715.36 8554.11 8677.39 8189.22 7459 6618.56 5687.46 4888.42 4232.73 3591.68 2727.44 1778.57 907.065 241.483 10.0355 0 0 0 0 0 0 15.7819 142.998 149.777 83.4307 0 25.7863 138.244 128.906 27.1066 0 0 18.3284 1.5 0 4.75 12 7.45711 14.6997 35.4926 206.498 160.472 277.627 302.313 181.461 91.6197 248.362 861.579 1550.44 1875.88 1655.96 1569.15 1961.74 2058.68 1945.33 2256.16 2319.6 1427.76 510.578 80.9492 65.3272 26.0208 355.172 1081.46 1556.06 1815.19
