public/models/data/input/map/sulsel/1000/mapdcenter.asc
NCOLS 496
NROWS 622
XLLCORNER -95260.364462
YLLCORNER 9790791.912663
CELLSIZE 1000.000000
NODATA_VALUE       -9999
[rows 66 to 98 of 622, columns 300 to 374 of 496]
7733.94 8131.58 8529.23 8931.27 9614.42 10493.6 11449.7 12410.8 13531.4 14491.4 15451.4 16411.4 17531.4 18491.4 19451.4 20411.4 21531.4 22491.4 23451.4 24411.4 25531.4 26491.4 27451.4 28411.4 29531.4 30491.4 31451.4 32411.4 33531.4 34491.4 35451.4 36411.4 37531.4 38491.4 39451.4 40411.4 41531.4 42491.4 43451.4 44411.4 45532.1 46493.7 47342.8 47125.5 46049.3 45089.3 44129.3 43169.3 42049.3 41089.3 40129.3 39169.3 38049.3 37089.3 36129.3 35169.3 34049.3 33089.3 32129.3 31169.3 30049.3 29089.3 28129.3 27169.3 26049.3 25089.3 24129.3 23169.3 22058.1 21226.4 20668.9 20258.9 19797 19397.3 18999.7
6773.94 7171.59 7573.62 8125.62 9135.2 10093.7 11053.2 12012.8 13133.7 14093.7 15051.2 16012.9 17133.7 18093.7 19053.7 20013.7 21133.7 22093.7 23053.7 24013.7 25133.7 26093.7 27053.7 28013.7 29133.7 30093.7 31053.7 32013.7 33133.7 34093.7 35053.7 36013.7 37133.7 38093.7 39053.7 40013.7 41133.9 42094.4 43053.7 44011.4 45134 46094.5 46945.1 46727.9 45651.7 44691.7 43731.7 42771.7 41651.7 40691.7 39731.7 38771.7 37651.7 36691.7 35731.7 34771.7 33651.7 32691.7 31731.7 30771.7 29651.7 28691.7 27731.7 26771.7 25651.7 24691.7 23731.7 22771.7 21651.7 20702.4 19855.6 19306.2 18836.8 18440.8 18039.7
5654.31 6075.09 6672.85 7551.28 8669.82 9629.81 10589.8 11549.8 12669.8 13629.8 14589.8 15546.2 16669.3 17630.2 18590.2 19548.5 20669.8 21629.8 22589.8 23549.8 24669.8 25629.8 26589.8 27549.8 28669.8 29629.8 30589.8 31549.8 32669.8 33629.8 34589.8 35549.8 36669.8 37629.8 38589.8 39549.8 40669.8 41629.8 42589.8 43549.8 44669.8 45629.6 46480.9 46264 45187.8 44227.8 43267.8 42307.8 41187.8 40227.8 39267.8 38307.8 37187.8 36227.8 35267.8 34307.8 33187.8 32227.8 31267.8 30307.8 29187.8 28227.8 27267.8 26307.8 25187.8 24227.8 23267.8 22307.8 21187.8 20227.8 19267.8 18375 17723.6 17319.3 16919.7
4717.45 5324.22 6194.37 7152.17 8272.17 9232.17 10192.2 11152.2 12272.2 13232.2 14190.6 15151.6 16269.4 17232.2 18192.2 19148.4 20272.2 21232.2 22192.2 23152.2 24272.2 25232.2 26192.2 27152.2 28272.2 29232.2 30192.2 31152.2 32272.2 33232.2 34192.2 35152.2 36272.2 37232.2 38192.2 39152.2 40272.2 41231.3 42191.3 43152.2 44272.2 45231.4 46082.8 45869.5 44790.1 43830.1 42870.1 41910.1 40790.1 39830.1 38870.1 37910.1 36790.1 35830.1 34870.1 33910.1 32790.1 31830.1 30870.1 29910.1 28790.1 27830.1 26870.1 25910.1 24790.1 23830.1 22870.1 21910.1 20790.1 19830.1 18870.1 17910.1 16914.2 16369.6 15959.7
3957.56 4836.73 5794.53 6754.53 7874.53 8834.53 9794.52 10754.5 11874.5 12834.5 13792.9 14754 15873.1 16834.5 17794.5 18754.5 19874.5 20834.5 21794.5 22754.5 23874.5 24834.5 25794.5 26754.5 27874.5 28834.5 29794.5 30754.5 31875.4 32834.5 33794.5 34754.5 35874.5 36834.5 37794.5 38754.5 39874.5 40833.6 41793.6 42754.5 43874.5 44834.5 45685.9 45471.8 44392.5 43432.5 42472.5 41512.5 40392.5 39432.5 38472.5 37512.5 36392.5 35432.5 34472.5 33512.5 32392.5 31432.5 30472.5 29512.5 28392.5 27432.5 26472.5 25512.5 24392.5 23432.5 22472.5 21512.5 20392.5 19432.5 18472.5 17512.5 16401.3 15569.6 15012
3478.35 4436.88 5396.88 6356.88 7476.88 8436.88 9396.88 10356.9 11476.9 12436.9 13396.9 14356.9 15476.9 16436.9 17396.9 18356.9 19475.9 20433.8 21396.9 22356.9 23476.9 24436.9 25396.9 26356.9 27476.9 28436.9 29396.9 30356.9 31477.2 32436.9 33396.9 34356.9 35476.9 36436.9 37396.9 38356.9 39476.9 40436.9 41396.9 42356.9 43476.9 44436.9 45288.3 45071 43994.8 43034.8 42074.8 41114.8 39994.8 39034.8 38074.8 37114.8 35994.8 35034.8 34074.8 33114.8 31994.8 31034.8 30074.8 29114.8 27994.8 27034.8 26074.8 25114.8 23994.8 23034.8 22074.8 21114.8 19994.8 19034.8 18074.8 17114.8 15994.8 15043.6 14199.6
3044.03 4004.03 4964.03 5924.03 7044.03 8004.03 8964.03 9924.03 11044 12004 12964 13924 15044 16004 16964.4 17924.2 19044 20004 20960.9 21923.8 23044 24004 24964 25924 27044 28004 28964 29924 31044 32004 32963.9 33924 35044 36004 36964 37924 39050.3 40004 40964 41924 43044 44004 44844.8 44609.8 43530.9 42570.9 41610.9 40650.9 39530.9 38570.9 37610.9 36650.9 35530.9 34570.9 33610.9 32650.9 31530.9 30570.9 29610.9 28650.9 27530.9 26570.9 25610.9 24650.9 23530.8 22570.6 21610.9 20650.9 19530.9 18570.9 17610.9 16650.9 15530.9 14570.9 13610.9
3023.32 3983.32 4943.32 5903.32 7023.32 7983.32 8943.32 9903.32 11023.3 11983.3 12943.3 13903.3 15023.3 15983.3 16944.5 17902.8 19022.9 19982.2 20943.5 21902.3 23023.3 23983.3 24942.6 25903.1 27023.3 27983.3 28943.3 29903.3 31023.3 31982.5 32942.1 33903.2 35023.3 35982.8 36942.8 37905.1 39023.3 39983.3 40943.3 41903.3 43023.3 43982.8 44664.1 44234.4 43133.3 42173.3 41213.3 40253.3 39133.3 38173.3 37213.3 36253.3 35133.3 34173.3 33213.3 32253.3 31133.3 30173.3 29213.3 28253.3 27133.3 26173.3 25213.3 24253.3 23132.8 22172 21213.3 20253.3 19133.3 18173.3 17213.3 16253.3 15133.3 14173.3 13213.3
3402.33 4362.33 5322.33 6282.33 7402.33 8362.32 9322.32 10282.3 11402.3 12362.3 13322.3 14282.3 15402.3 16362.3 17322.3 18281.5 19402.3 20362.9 21323 22282.4 23402.3 24362.3 25321.6 26283.1 27402.3 28362.3 29322.3 30285.3 31402.3 32360.8 33320.8 34282.3 35402.3 36361.8 37321.8 38284.1 39402.3 40362.3 41322.3 42282.3 43402.3 44331.4 44601.4 43855 42735.6 41775.6 40815.6 39855.6 38735.6 37775.6 36815.6 35855.6 34735.6 33775.6 32815.6 31855.6 30735.6 29775.6 28815.6 27855.6 26735.6 25775.6 24815.6 23855.6 22735.5 21775.2 20815.6 19855.6 18735.6 17775.6 16815.6 15855.6 14735.6 13775.6 12815.6
3832.77 4759.97 5719.97 6679.97 7799.97 8759.97 9719.97 10680 11800 12760 13720 14680 15800 16760 17720 18680 19800.1 20760.8 21720.4 22680 23800 24760 25720 26679 27800 28760 29720 30681 31800 32759.7 33719.7 34680 35800 36760 37720 38680 39800 40760 41720 42680 43800 44584 44378.9 43458 42338 41378 40418 39458 38338 37378 36418 35458 34338 33378 32418 31458 30338 29378 28418 27458 26338 25378 24418 23458 22338 21378 20418 19458 18338 17378 16418 15458 14338 13378 12418
4691.51 5301.8 6187.99 7143.89 8263.89 9223.89 10183.9 11143.9 12263.9 13223.9 14183.9 15143.9 16263.9 17223.9 18183.9 19143.9 20263.9 21223.9 22183.9 23143.9 24263.9 25223.9 26183.9 27143.9 28263.9 29223.9 30183.9 31143.9 32263.9 33223.9 34183.9 35143.9 36263.9 37223.9 38183.9 39143.9 40263.9 41223.9 42183.9 43143.9 44243.6 44655.2 43954.1 42994.1 41874.1 40914.1 39954.1 38994.1 37874.1 36914.1 35954.1 34994.1 33874.1 32914.1 31954.1 30994.1 29874.1 28914.1 27954.1 26994.1 25874.1 24914.1 23954.1 22994.1 21874.1 20914.1 19954.1 18994.1 17874.1 16914.1 15954.1 14994.1 13874.1 12914.1 11954.1
5633.94 6057.95 6671.75 7545.64 8661.53 9621.53 10581.5 11541.5 12661.5 13621.5 14581.5 15541.5 16661.5 17621.5 18581.5 19541.5 20661.5 21621.5 22581.5 23541.5 24661.5 25621.5 26581.5 27541.5 28661.5 29621.5 30581.5 31541.5 32661.5 33621.5 34581.5 35541.5 36661.5 37621.5 38581.5 39541.5 40661.5 41621.5 42581.5 43541.5 44550.7 44471.7 43556.4 42596.4 41476.4 40516.4 39556.4 38596.4 37476.4 36516.4 35556.4 34596.4 33476.4 32516.4 31556.4 30596.4 29476.4 28516.4 27556.4 26596.4 25476.4 24516.4 23556.4 22596.4 21476.4 20516.4 19556.4 18596.4 17476.4 16516.4 15556.4 14596.4 13476.4 12516.4 11556.4
6593.94 6991.59 7415.59 8017.09 9059.18 10019.2 10979.2 11939.2 13059.2 14019.2 14979.2 15939.2 17059.2 18019.2 18979.2 19939.2 21059.2 22019.2 22979.2 23939.2 25059.2 26019.2 26979.2 27939.2 29059.2 30019.2 30979.2 31939.2 33059.2 34019.2 34979.2 35939.2 37059.2 38019.2 38979.2 39939.2 41059.2 42019.2 42979.2 43939.2 44720.1 44118.1 43158.8 42198.8 41078.8 40118.8 39158.8 38198.8 37078.8 36118.8 35158.8 34198.8 33078.8 32118.8 31158.8 30198.8 29078.8 28118.8 27158.8 26198.8 25078.8 24118.8 23158.8 22198.8 21078.8 20118.8 19158.8 18198.8 17078.8 16118.8 15158.8 14198.8 13078.8 12118.8 11158.8
7553.94 7951.59 8349.23 8764.45 9489.63 10416.8 11376.8 12336.8 13456.8 14416.8 15376.8 16336.8 17456.8 18416.8 19376.8 20336.8 21456.8 22416.8 23376.8 24336.8 25456.8 26416.8 27376.8 28336.8 29456.8 30416.8 31376.8 32336.8 33456.8 34416.8 35376.8 36336.8 37456.8 38416.8 39376.8 40336.8 41456.8 42416.8 43376.8 44336.8 44625.9 43721.1 42761.1 41801.1 40681.1 39721.1 38761.1 37801.1 36681.1 35721.1 34761.1 33801.1 32681.1 31721.1 30761.1 29801.1 28681.1 27721.1 26761.1 25801.1 24681.1 23721.1 22761.1 21801.1 20681.1 19721.1 18761.1 17801.1 16681.1 15721.1 14761.1 13801.1 12681.1 11721.1 10761.1
8673.94 9071.58 9469.23 9866.87 10348.4 10958.6 11844.8 12800.7 13920.7 14880.7 15840.7 16800.7 17920.7 18880.7 19840.7 20800.7 21920.7 22880.7 23840.7 24800.7 25920.7 26880.7 27840.7 28800.7 29920.7 30880.7 31840.7 32800.7 33920.7 34880.7 35840.7 36800.7 37920.7 38880.7 39840.7 40800.7 41920.7 42880.7 43840.7 44800.7 44722.6 43762.6 42802.6 41842.6 40777.3 39867 38608.7 37589.8 36561.3 35781.8 34758.3 34469 32121.6 31210.8 30299.1 29343.4 28223.4 27263.4 26303.4 25343.4 24223.4 23263.4 22303.4 21343.4 20223.4 19263.4 18303.4 17343.4 16223.4 15263.4 14303.4 13343.4 12223.4 11263.4 10303.4
9633.94 10031.6 10429.2 10826.9 11290.8 11714.8 12328.6 13202.5 14318.4 15278.4 16238.4 17198.4 18318.4 19278.4 20238.4 21198.4 22318.4 23278.4 24238.4 25198.4 26318.4 27278.4 28238.4 29198.4 30318.4 31278.4 32238.4 33198.4 34318.4 35278.4 36238.4 37198.4 38318.4 39278.4 40238.4 41198.4 42318.4 43278.4 44238.4 45198.4 45121.6 44154.3 43165.3 42206.6 41410.2 41213.8 -9999 -9999 36402.7 36402.7 -9999 -9999 -9999 30511.8 30067 29165 28053.6 27093.6 26133.6 25173.6 24054.6 23091.7 22133.6 21173.6 20053.6 19093.6 18133.6 17173.6 16053.6 15093.6 14133.6 13173.6 12053.6 11093.6 10133.6
10593.9 10991.6 11389.2 11786.9 12250.8 12648.4 13072.4 13673.9 14716 15676 16636 17596 18716 19676 20636 21596 22716 23676 24636 25596 26716 27676 28636 29596 30716 31676 32636 33596 34716 35676 36636 37596 38716 39676 40636 41596 42689 43639.8 44583.7 45513.6 45490.5 44733.2 43311.6 42355 41723.6 41569.8 -9999 -9999 -9999 -9999 -9999 -9999 -9999 30546 30012.8 29428.6 28358.1 27401.1 26433.6 25445.1 24342.6 23305.2 22423.5 21478.1 20358.1 19398.1 18438.1 17478.1 16358.1 15398.1 14438.1 13478.1 12358.1 11398.1 10438.1
11553.9 11951.6 12349.2 12746.9 13210.8 13608.4 14006.1 14421.3 15146.5 16073.7 17033.7 17993.7 19113.7 20073.7 21033.7 21993.7 23113.7 24073.7 25033.7 25993.7 27113.7 28073.7 29033.7 29993.7 31113.7 32073.7 33033.7 33993.7 35113.7 36073.7 37033.7 37993.7 39113.7 40073.7 41033.7 41979.4 42762.1 43748.1 44681.4 45591.2 45602.5 45165.4 -9999 -9999 -9999 -9999 -9999 -9999 -9999 -9999 -9999 -9999 -9999 -9999 30068.2 29687.3 28697.1 27899.1 27255.6 25555.7 24463.2 23156.2 22714 21875.7 20755.7 19795.7 18835.7 17875.7 16755.7 15795.7 14835.7 13875.7 12755.7 11795.7 10844.5
12673.9 13071.6 13469.2 13866.9 14330.8 14728.4 15126.1 15523.7 16005.2 16615.5 17501.7 18457.6 19577.6 20537.6 21497.6 22457.6 23577.6 24537.6 25497.6 26457.6 27577.6 28537.6 29497.6 30457.6 31577.6 32537.6 33497.6 34457.6 35577.6 36537.6 37497.6 38457.6 39577.6 40536.9 41474.2 42244.7 -9999 -9999 -9999 -9999 -9999 -9999 -9999 -9999 -9999 -9999 -9999 -9999 -9999 -9999 -9999 -9999 -9999 -9999 -9999 -9999 28802.7 28375.4 28128.4 -9999 -9999 -9999 22798.8 22246 21266.1 20145.6 19129.2 18253.8 17209.3 16258 15293 14337.9 13220.3 12291.4 11570.3
13633.9 14031.6 14429.2 14826.9 15290.8 15688.4 16086.1 16483.7 16947.6 17371.6 17985.4 18859.3 19975.2 20935.2 21895.2 22855.2 23975.2 24935.2 25895.2 26855.2 27975.2 28935.2 29895.2 30855.2 31975.2 32935.2 33895.2 34855.2 35975.2 36935.2 37895.2 38855.2 39967.3 40845.9 41555.3 42328.8 -9999 -9999 -9999 -9999 -9999 -9999 -9999 -9999 -9999 -9999 -9999 -9999 -9999 -9999 -9999 -9999 -9999 -9999 -9999 -9999 -9999 -9999 -9999 -9999 -9999 -9999 -9999 22279.9 21799.7 -9999 -9999 18312.3 17433 16516.6 15531.8 14590.7 13637.5 12922.1 12397.4
14593.9 14991.6 15389.2 15786.9 16250.8 16648.4 17046.1 17443.7 17907.6 18305.3 18729.3 19330.8 20372.9 21332.9 22292.9 23252.9 24372.9 25332.9 26292.9 27252.9 28372.9 29332.9 30292.9 31252.9 32372.9 33332.9 34292.9 35246 36293.1 37321.2 38291.2 39244.9 40198.5 40915.5 41215.6 -9999 -9999 -9999 -9999 -9999 -9999 -9999 -9999 -9999 -9999 -9999 -9999 -9999 -9999 -9999 -9999 -9999 -9999 -9999 -9999 -9999 -9999 -9999 -9999 -9999 -9999 -9999 -9999 -9999 -9999 -9999 -9999 -9999 -9999 -9999 -9999 14580.4 14049 13621.2 13125.5
15553.9 15951.6 16349.2 16746.8 17210.8 17608.4 18006.1 18403.7 18867.6 19265.3 19662.9 20078.1 20803.3 21730.5 22690.5 23650.5 24770.5 25730.5 26690.5 27650.5 28770.5 29730.5 30690.5 31650.5 32750.6 33628.8 34594.5 35441.4 36372.4 37446 38923.2 39339.9 40235.3 -9999 -9999 -9999 -9999 -9999 -9999 -9999 -9999 -9999 -9999 -9999 -9999 -9999 -9999 -9999 -9999 -9999 -9999 -9999 -9999 -9999 -9999 -9999 -9999 -9999 -9999 -9999 -9999 -9999 -9999 -9999 -9999 -9999 -9999 -9999 -9999 -9999 -9999 -9999 14174.2 13819.6 13711.9
16673.9 17071.6 17469.2 17866.8 18330.8 18728.4 19126.1 19523.7 19987.6 20385.3 20782.9 21180.6 21662.1 22272.4 23158.5 24114.4 25234.4 26194.4 27154.4 28114.4 29234.4 30194.4 31154.4 32114.4 33220.8 33806.2 -9999 -9999 -9999 -9999 -9999 -9999 -9999 -9999 -9999 -9999 -9999 -9999 -9999 -9999 -9999 -9999 -9999 -9999 -9999 -9999 -9999 -9999 -9999 -9999 -9999 -9999 -9999 -9999 -9999 -9999 -9999 -9999 -9999 -9999 -9999 -9999 -9999 -9999 -9999 -9999 -9999 -9999 -9999 -9999 -9999 -9999 -9999 -9999 -9999
17633.9 18031.6 18429.2 18826.8 19290.8 19688.4 20086.1 20483.7 20947.6 21345.3 21742.9 22140.6 22604.5 23028.5 23642.3 24516.2 25632.1 26592.1 27552.1 28512.1 29632.1 30592.1 31552.1 32512.1 33613 34176.7 -9999 -9999 -9999 -9999 -9999 -9999 -9999 -9999 -9999 -9999 -9999 -9999 -9999 -9999 -9999 -9999 -9999 -9999 -9999 -9999 -9999 -9999 -9999 -9999 -9999 -9999 -9999 -9999 -9999 -9999 -9999 -9999 -9999 -9999 -9999 -9999 -9999 -9999 -9999 -9999 -9999 -9999 -9999 -9999 -9999 -9999 -9999 -9999 -9999
18593.9 18991.6 19389.2 19786.8 20250.8 20648.4 21046.1 21443.7 21907.6 22305.3 22702.9 23100.6 23564.5 23962.1 24386.2 24987.7 26029.7 26989.7 27949.7 28909.7 30029.7 30989.7 31949.7 32909.7 33882.5 34286.5 -9999 -9999 -9999 -9999 -9999 -9999 -9999 -9999 -9999 -9999 -9999 -9999 -9999 -9999 -9999 -9999 -9999 -9999 -9999 -9999 -9999 -9999 -9999 -9999 -9999 -9999 -9999 -9999 -9999 -9999 -9999 -9999 -9999 -9999 -9999 -9999 -9999 -9999 -9999 -9999 -9999 -9999 -9999 -9999 -9999 -9999 -9999 -9999 -9999
19553.9 19951.6 20349.2 20746.8 21210.8 21608.4 22006.1 22403.7 22867.6 23265.3 23662.9 24060.6 24524.5 24922.1 25319.8 25735 26460.2 27387.4 28347.4 29307.4 30427.4 31387.4 32347.4 33233.2 33900.1 34307.3 -9999 -9999 -9999 -9999 -9999 -9999 -9999 -9999 -9999 -9999 -9999 -9999 -9999 -9999 -9999 -9999 -9999 -9999 -9999 -9999 -9999 -9999 -9999 -9999 -9999 -9999 -9999 -9999 -9999 -9999 -9999 -9999 -9999 -9999 -9999 -9999 -9999 -9999 -9999 -9999 -9999 -9999 -9999 -9999 -9999 -9999 -9999 -9999 -9999
20673.9 21071.6 21469.2 21866.8 22330.8 22728.4 23126.1 23523.7 23987.6 24385.3 24782.9 25180.6 25644.5 26042.1 26439.8 26837.4 27318.9 27929.2 28815.4 29771.3 30891.3 31836.9 32711.8 33391.7 -9999 -9999 -9999 -9999 -9999 -9999 -9999 -9999 -9999 -9999 -9999 -9999 -9999 -9999 -9999 -9999 -9999 -9999 -9999 -9999 -9999 -9999 -9999 -9999 -9999 -9999 -9999 -9999 -9999 -9999 -9999 -9999 -9999 -9999 -9999 -9999 -9999 -9999 -9999 -9999 -9999 -9999 -9999 -9999 -9999 -9999 -9999 -9999 -9999 -9999 -9999
21633.9 22031.6 22429.2 22826.8 23290.8 23688.4 24086.1 24483.7 24947.6 25345.3 25742.9 26140.6 26604.5 27002.1 27399.8 27797.4 28261.4 28685.4 29299.2 30173.1 31287.8 32123.2 32649.7 32901.4 -9999 -9999 -9999 -9999 -9999 -9999 -9999 -9999 -9999 -9999 -9999 -9999 -9999 -9999 -9999 -9999 -9999 -9999 -9999 -9999 -9999 -9999 -9999 -9999 -9999 -9999 -9999 -9999 -9999 -9999 -9999 -9999 -9999 -9999 -9999 -9999 -9999 -9999 -9999 -9999 -9999 -9999 -9999 -9999 -9999 -9999 -9999 -9999 -9999 -9999 -9999
22593.9 22991.6 23389.2 23786.8 24250.8 24648.4 25046.1 25443.7 25907.6 26305.3 26702.9 27100.6 27564.5 27962.1 28359.8 28757.4 29221.4 29619 30043 30644.5 31661.5 32249.9 32432.8 -9999 -9999 -9999 -9999 -9999 -9999 -9999 -9999 -9999 -9999 -9999 -9999 -9999 -9999 -9999 -9999 -9999 -9999 -9999 -9999 -9999 -9999 -9999 -9999 -9999 -9999 -9999 -9999 -9999 -9999 -9999 -9999 -9999 -9999 -9999 -9999 -9999 -9999 -9999 -9999 -9999 -9999 -9999 -9999 -9999 -9999 -9999 -9999 -9999 -9999 -9999 -9999
23553.9 23951.6 24349.2 24746.8 25210.8 25608.4 26006.1 26403.7 26867.6 27265.3 27662.9 28060.6 28524.5 28922.1 29319.8 29717.4 30181.4 30579 30976.7 31391.9 31938 32288.4 -9999 -9999 -9999 -9999 -9999 -9999 -9999 -9999 -9999 -9999 -9999 -9999 -9999 -9999 -9999 -9999 -9999 -9999 -9999 -9999 -9999 -9999 -9999 -9999 -9999 -9999 -9999 -9999 -9999 -9999 -9999 -9999 -9999 -9999 -9999 -9999 -9999 -9999 -9999 -9999 -9999 -9999 -9999 -9999 -9999 -9999 -9999 -9999 -9999 -9999 -9999 -9999 -9999
24673.9 25071.6 25469.2 25866.8 26330.8 26728.4 27126.1 27523.7 27987.6 28385.3 28782.9 29180.6 29644.5 30042.1 30439.8 30837.4 31298.6 31676.2 32043 32213.4 -9999 -9999 -9999 -9999 -9999 -9999 -9999 -9999 -9999 -9999 -9999 -9999 -9999 -9999 -9999 -9999 -9999 -9999 -9999 -9999 -9999 -9999 -9999 -9999 -9999 -9999 -9999 -9999 -9999 -9999 -9999 -9999 -9999 -9999 -9999 -9999 -9999 -9999 -9999 -9999 -9999 -9999 -9999 -9999 -9999 -9999 -9999 -9999 -9999 -9999 -9999 -9999 -9999 -9999 -9999
25633.9 26031.6 26429.2 26826.8 27290.8 27688.4 28086.1 28483.7 28947.6 29345.3 29742.9 30140.6 30604.5 31002.1 31399.8 31794.9 32173.7 32348.9 32468.4 32543.8 -9999 -9999 -9999 -9999 -9999 -9999 -9999 -9999 -9999 -9999 -9999 -9999 -9999 -9999 -9999 -9999 -9999 -9999 -9999 -9999 -9999 -9999 -9999 -9999 -9999 -9999 -9999 -9999 -9999 -9999 -9999 -9999 -9999 -9999 -9999 -9999 -9999 -9999 -9999 -9999 -9999 -9999 -9999 -9999 -9999 -9999 -9999 -9999 -9999 -9999 -9999 -9999 -9999 -9999 -9999
26593.9 26991.6 27389.2 27786.9 28250.8 28648.4 29046.1 29443.7 29907.6 30305.3 30702.9 31100.6 31564.5 31962.1 32359.8 32735.9 32988.5 32658.9 -9999 -9999 -9999 -9999 -9999 -9999 -9999 -9999 -9999 -9999 -9999 -9999 -9999 -9999 -9999 -9999 -9999 -9999 -9999 -9999 -9999 -9999 -9999 -9999 -9999 -9999 -9999 -9999 -9999 -9999 -9999 -9999 -9999 -9999 -9999 -9999 -9999 -9999 -9999 -9999 -9999 -9999 -9999 -9999 -9999 -9999 -9999 -9999 -9999 -9999 -9999 -9999 -9999 -9999 -9999 -9999 22943.3
