public/models/data/input/map/sulsel/1000/mapdriver.asc
NCOLS 496
NROWS 622
XLLCORNER -95260.364462
YLLCORNER 9790791.912663
CELLSIZE 1000.000000
NODATA_VALUE       -9999
[rows 99 to 131 of 622, columns 225 to 299 of 496]
506.108 919.888 351.91 740.585 1126.63 701.052 323.313 421.202 380.21 788.193 767.987 670.147 714.222 598.959 640.079 777.428 577.961 269.546 566.752 600.882 378.948 334.712 310.044 335.783 744.21 663.76 291.427 430.093 422.804 412.884 542.583 383.205 400.983 844.851 942.037 1274.32 1675.52 1356.94 668.64 247.922 740.491 1500.39 1414.55 580.554 402.86 322.302 284.613 287.259 254.568 319.614 880.104 1358.15 1232.74 737.83 193.218 457.905 1056.46 1539.96 1286.08 574.217 204.297 123.747 556.803 1144.2 492.905 371.106 1019.72 1993.53 2848.56 3793.73 4711.35 4535.17 3579.96 2690.69 2019.21
499.562 1064.59 554.077 476.602 1245.9 1446.32 780.534 241.795 357.97 696.186 1077.93 601.639 809.463 554.313 630.919 1442.46 1203.03 488.831 233.815 247.499 188.89 280.436 361.899 787.328 558.239 594.778 476.684 214.358 312.225 365.22 541.91 608.257 491.163 651.59 932.148 1331.44 1707.15 1838.18 1376.12 516.106 354.214 1140.99 1251.74 397.405 357.71 685.08 833.7 789.515 643.707 229.901 566.424 1172.1 774.026 279.255 365.621 1102.78 1871.75 2428.76 2116.8 1458.24 845.475 234.104 235.034 997.048 879.385 367.693 558.955 1469.32 2417.85 3377.85 4322.83 4088.23 3128.23 2168.23 1278.53
424.133 1044.05 857.968 304.861 554.116 855.648 633.24 291.646 430.515 491.631 738.498 251.982 416.577 366.787 861.24 1666.21 1651 1191.43 972.436 686.124 198.237 503.344 659.427 831.979 651.504 346.944 637.463 479.823 247.414 242.338 449.783 411.314 347.053 399.353 356.989 505.933 894.49 1596.97 1775.2 854.896 298.824 722.091 1086.27 405.355 541.969 722.333 600.688 393.829 385.812 232.747 525.97 470.975 279.515 420.913 970.19 1624.38 2192.68 2674.32 2690.46 2133.18 1255.39 394.837 158.165 454.813 719.287 488.841 315.379 1225.75 2168.34 3077.74 3967.71 3918.17 3003.97 2043.97 1089.56
257.133 545.466 832.785 599.767 434.037 350.489 439.306 269.216 518.935 343.255 456.079 203.333 367.851 798.875 1359.93 1433.35 1345.56 1161.08 1098.88 771.84 265.006 539.891 351.552 754.645 1113.28 512.733 429.588 861.627 381.392 160.262 280.658 487.069 946.774 1137.52 876.616 468.086 422.129 1143.96 1815.65 1265.69 487.449 381.947 1018.68 625.901 362.027 542.748 494.156 618.405 501.069 239.532 317.797 195.314 464.244 636.46 1019.56 1310.92 1632.04 1978.92 2411.46 2304.8 1495.01 670.574 182.913 139.751 270.731 284.484 522.107 1263.03 1979.72 2737.37 3417.26 3929.91 3339.21 2385.77 1472.52
576.554 384.851 346.469 335.689 333.292 254.647 208.922 239.894 661.875 633.523 289.774 264.479 731.315 1425.96 1403.04 637.408 438.028 361.644 383.373 521.587 234.069 304.535 406.979 1218.7 1556.16 942.881 298.773 575.754 301.292 452.551 621.838 627.757 1247.01 1842.18 1582.27 769.725 335.316 702.339 1335.06 1124.19 637.055 326.411 990.584 814.078 362.349 898.968 1287.37 1420.76 907.504 314.329 160.506 327.997 241.713 205.297 318.648 411.127 691.001 1078.38 1561.95 2053.35 1816.37 1165.41 337.194 367.064 256.032 143.307 288.306 744.562 1411.35 2066.69 2723.37 3906.24 3726.67 2829.94 1921.18
951.469 552.268 361.522 623.358 448.258 381.791 392.783 246.474 254.679 380.206 245.813 305.258 830.662 1668.65 1480.54 747.488 564.515 457.109 429.109 275.538 164.704 442.046 1009.84 1864.33 2199.03 1551.58 763.397 243.353 252.082 543.93 325.021 507.405 1267.01 2009 1643.34 637.703 216.854 277.121 438.115 312.294 207.03 285.765 972.909 1066.64 406.489 686.831 1465.55 1630.67 1252.46 764.628 415.921 232.358 533.408 376.251 276.169 220.219 268.016 348.746 609.439 1240.74 1118.03 929.062 329.5 457.911 249.894 193.059 279.882 181.938 613.361 1313.33 2364.51 4209.8 3960.09 3348.12 3189.85
363.651 296.895 355.315 379.865 370.534 380.545 315.039 598.347 682.288 372.488 222.111 288.031 966.202 1618.32 1352.93 1116.64 1004.24 411.555 487.996 503.194 336.833 973.002 1664.54 2466.48 2720.19 2125.41 1456.73 686.807 238.16 298.128 511.077 1236.4 1854.25 2425.72 2063.59 1210.37 654.084 278.653 332.405 728.049 696.52 340.437 481.912 759.39 401.872 354.974 689.355 744.811 590.119 315.633 311.907 778.013 1180 804.819 379.111 379.676 682.458 703.382 340.835 298.628 310.796 290.652 269.5 389.299 492.52 343.202 328.225 243.574 265.127 157.105 78.1643 41.1901 0 0 0
345.005 579.524 387.35 535.039 774.748 934.504 620.423 522.722 1063.25 987.15 355.02 257.247 1029.4 1373.94 719.962 701.085 1199.8 800.948 381.49 234.988 326.224 1113 2022.33 2818.89 2750.11 2389.72 1878.22 846.359 251.23 560.387 1149.74 1901.07 2535.21 2948.73 2514.11 1601.23 876.246 349.825 635.851 1308.17 1050.23 505.031 196.831 324.061 280.845 223.53 317.128 353.005 355.22 567.077 824.357 1248.39 1577.05 1443.68 1014.44 466.195 420.796 946.591 894.695 601.087 590.052 507.72 240.442 900.88 1177.99 810.621 284.788 440.147 885.978 513.24 105.632 93.6768 0 0 0
613.113 1049.43 774.21 352.393 496.514 686.256 740.336 319.273 540.39 853.969 638.946 231.569 989.024 1333.01 613.192 476.724 1304.97 874.596 267.914 218.302 617.003 1326.26 2198.48 2507.86 1962.58 1746.74 1708.83 836.311 268.23 693.011 1319.94 1858.48 2453.78 2948.47 2409.1 1317.17 511.82 421.145 786.681 921.486 559.966 301.044 489.381 895.914 674.971 354.12 777.376 1032.36 895.192 723.739 480.298 691.234 1073.11 1524.26 1251.46 417.899 255.712 748.417 1440.05 1381.83 1300.38 783.67 268.559 1113.63 1762.69 1468.37 637.936 285.981 1060.51 722.876 162.808 504.001 0 0 -9999
928.983 908.867 495.257 272.939 212.219 187.512 251.16 434.464 366.876 189.237 398.23 199.876 793.194 1364.09 792.556 328.049 982.616 410.202 352.742 636.039 552.817 977.425 2029.55 2022.55 1129.98 705.986 1072.02 1194.03 547.632 272.099 482.694 1028.76 1843.57 2569.31 2339.05 1275.43 529.579 280.475 192.271 239.613 271.99 742.199 1295.85 1701.05 1084.32 375.756 796.468 1410.97 849.485 387.728 440.6 212.374 337.63 787.421 848.805 372.792 160.338 271.052 644.978 795.96 949.721 738.192 230.907 877.004 1629.92 1662.26 832.588 239.34 1023.35 1018.14 236.396 633.471 481.376 216.421 -9999
484.15 382.043 465.88 703.16 555.659 406.676 297.439 263.699 308.672 280.028 294.459 194.442 812.049 1491.37 1047.61 319.455 400.374 257.856 649.762 442.607 402.749 874.916 2331.84 2005.12 1082.85 392.708 581.694 1287.83 1123.5 647.833 217.816 531.797 1324.22 2203.91 2328.33 1392.65 605.942 298.195 278.571 679.245 394.433 497.381 1076.98 1705.22 1030.17 373.217 668.701 727.248 666.987 350.029 478.055 310.606 279.569 294.359 222.97 172.252 251.835 293.805 374.634 372.445 387.792 520.378 282.47 387.316 1098.39 1505.8 907.197 265.592 924.786 893.99 235.74 184.938 157.66 216.421 -9999
266.387 404.807 320.501 503.944 621.77 730.327 800.135 930.592 900.238 883.671 854.234 254.207 659.957 1528.64 1491.66 773.492 272.392 380.741 943.778 477.86 553.62 1207.47 2557.08 2415.74 1578.17 760.603 312.475 744.989 1001.25 916.046 560.533 259.916 1012.07 1811.26 2009.43 1677.76 993.928 470.456 490.117 776.386 402.547 207.131 650.396 1488.76 1005.16 357.907 576.482 403.128 331.473 214.069 440.42 806.337 543.225 253.375 167.018 243.444 225.035 555.382 639.706 524.249 352.859 325.738 279.131 167.428 599.506 1312.1 1353.31 362.132 -9999 -9999 241.421 212.132 212.132 -9999 -9999
454.095 759.89 709.646 359.657 308.752 328.323 601.229 1058.25 1628.72 1713.22 1749.9 405.914 424.958 1300.7 1517.76 940.276 345.559 589.201 1279.29 638.636 378.629 1022.84 1914.72 2812.43 2103.92 1310.99 651.12 272.904 301.773 363.181 429.128 231.489 799.828 1158.19 1142.56 1308.76 1294.73 761.831 335.386 279.101 310.205 267.098 706.79 1628.77 1296.05 487.988 544.151 1019.68 769.962 495.06 276.239 530.426 278.399 333.593 702.98 708.851 249.86 225.298 212.379 209.012 282.665 401.053 657.165 194.879 234.755 831.373 1302.76 -9999 -9999 -9999 -9999 -9999 -9999 -9999 -9999
898.285 491.906 682.219 473.628 297.134 318.17 226.979 192.77 695.784 1043.86 1219.92 774.51 291.358 800.442 766.951 286.49 184.825 471.484 1189.7 1072.36 395.735 599.385 1474.31 2590.22 2702.71 2107.57 1540.01 1032.23 896.869 538.131 144.26 197.859 236.684 289.188 260.723 397.457 823.487 1097.83 1058.19 877.561 872.435 388.24 702.36 1596.03 1639.64 1143.3 983.809 1069.2 765.263 540.782 311.076 260.417 228.458 505.525 822.74 608.79 476.358 569.159 447.066 247.125 453.128 513.471 1062.4 393.116 132.406 -9999 -9999 -9999 -9999 -9999 -9999 -9999 -9999 -9999 -9999
759.307 391.239 661.883 811.072 635.253 635.912 833.297 444.126 291.599 347.116 469.259 737.288 341.405 540.157 441.903 333.255 620.956 350.93 696.223 1212.22 551.077 540.692 1393.46 2365.66 2827.66 2731.14 2400.39 1965.71 1618.9 894.201 195.656 407.854 670.124 606.286 725.051 395.032 297.735 708.715 1060.92 911.523 917.202 478.621 498.019 883.642 1130.96 1237.84 826.524 389.677 375.489 490.13 632.901 775.2 334.071 437.294 474.364 383.17 331.935 490.616 435.403 302.539 487.381 453.967 1038.01 610.701 285.897 -9999 -9999 -9999 -9999 -9999 -9999 -9999 -9999 -9999 -9999
793.24 429.271 584.665 518.176 474.669 680.215 891.88 921.446 828.238 677.122 305.638 417.309 462.036 349.033 306.973 522.1 1083.61 642.597 413.287 1109.37 658.567 398.679 991.557 1685.95 2133.71 2569.12 2678.22 2255.28 1723.14 972.109 273.378 565.831 1299.18 1539.79 1596.48 1082.19 451.107 317.92 380.848 367.295 397.99 414.228 291.405 370.042 389.796 526.185 326.634 576.922 1066.1 1375.86 1437.43 843.366 284.624 717.208 908.16 781.157 749.85 655.311 990.046 127.855 319.293 240.247 640.289 787.9 148.556 26.8246 -9999 -9999 -9999 -9999 -9999 -9999 -9999 -9999 -9999
846.139 347.467 683.61 698.394 201.418 241.605 280.74 733.503 1153.4 1277.76 709.342 185.083 419.417 254.719 202.451 465.7 1221.6 1147.17 865.281 1348.1 1011.93 407.736 362.665 783.787 1257.47 1845.84 1995.55 1530.56 1100.62 531.196 204.116 826.005 1733.15 2380.45 2472.55 1725.93 887.702 302.39 327.661 704.482 608.192 421.343 576.558 651.587 265.715 305.045 524.295 1174.68 1690.24 1693.46 1342.41 645.016 302.507 947.022 873.829 315.841 351.863 222.792 701.777 80.5415 124.975 60.6021 777.142 1139.44 130.641 94.8327 -9999 -9999 -9999 -9999 -9999 -9999 -9999 -9999 -9999
605.391 404.934 934.408 624.239 261.184 207.982 266.598 207.754 424.045 660.292 757.468 451.068 261.588 465.074 203.251 189.59 624.526 695.383 824.275 1463.4 1561.03 1144.76 605.354 243.413 437.232 990.354 1087.65 532.161 251.996 134.261 189.249 707.302 1540.95 2210.68 2634.85 2256.23 1480.34 620.559 202.585 348.96 591.757 814.397 957.753 371.665 505.745 1097 1332.65 1151.27 980.17 800.515 463.043 263.182 441.137 787.108 587.778 374.193 399.867 417.206 224.418 -9999 -9999 -9999 -9999 -9999 -9999 -9999 -9999 -9999 -9999 -9999 -9999 -9999 -9999 -9999 -9999
361.704 422.001 826.783 250.916 318.814 237.504 168.939 235.258 234.34 297.057 323.824 408.701 280.719 749.82 451.226 119.2 321.888 399.902 548.875 764.072 1362.01 1682.26 1429.66 787.349 311.116 405.316 465.898 237.729 319.544 241.242 423.888 539.348 901.74 1352.08 1844.99 2210.24 1676.38 867.73 318.526 313.667 353.13 351.432 464.418 336.802 957.54 1416.72 1131.97 453.48 362.163 321.521 183.312 668.266 1001.18 684.084 392.243 239.295 245.775 267.449 353.243 -9999 -9999 -9999 -9999 -9999 -9999 -9999 -9999 -9999 -9999 -9999 -9999 -9999 -9999 -9999 -9999
217.206 419.458 884.461 328.21 315.72 306.533 305.526 310.691 388.828 356.219 509.141 157.837 277.437 922.569 830.99 224.98 751.972 1125.16 883.248 317.938 814.773 1562.28 1963.42 1361.95 602.402 229.205 218.723 534.891 795.844 407.696 321.601 400.418 363.296 542.7 1030.74 1456.73 1295.54 1120.91 713.972 332.502 435.322 402.213 213.053 392.107 685.541 853.599 490.084 360.748 509.753 325.709 186.741 756.016 1086.68 605.899 581.05 443.774 444.132 506.966 545.532 -9999 -9999 -9999 -9999 -9999 -9999 -9999 -9999 -9999 -9999 -9999 -9999 -9999 -9999 -9999 -9999
394.187 303.085 896.498 535.161 198.569 276.16 573.817 289.354 644.181 376.969 447.815 282.242 188.354 668.341 873.13 222.76 787.798 1551 1344.2 540.537 420.632 1157.72 1749.7 1168.51 471.718 402.608 764.421 1110.85 1402.38 1063.99 851.435 1073.7 799.329 395.689 351.173 535.969 452.29 727.044 1075.8 780.873 367.692 353.967 260.956 232.322 300.378 254.737 223.49 545.02 310.193 410.19 266.392 740.942 1060.91 421.678 362.513 316.21 317.29 367.2 550.179 -9999 -9999 -9999 -9999 -9999 -9999 -9999 -9999 -9999 -9999 -9999 -9999 -9999 -9999 -9999 -9999
224.958 195.559 396.384 460.679 226.257 342.769 832.54 430.535 319.237 454.926 273.627 282.243 311.911 552.645 995.639 295.935 596.507 1393.88 1558.88 940.849 357.04 498.598 853.59 548.26 232.345 775.765 1613.58 2148.37 2364.98 2141.43 1924.21 2041.85 1704.9 1088.91 362.024 325.367 444.373 323.539 432.653 602.172 428.486 346.356 223.972 332.002 327.099 324.805 259.506 307.519 303.053 429.863 242.77 960.674 1346.31 793.036 287.213 703.249 824.264 523.118 1262.94 1365.93 -9999 -9999 -9999 -9999 -9999 -9999 -9999 -9999 -9999 -9999 -9999 -9999 -9999 -9999 -9999
829.77 592.411 426.768 187.876 197.028 224.559 436.988 607.665 551.994 364.564 333.293 296.866 173.117 308.885 790.906 278.422 651.454 972.569 838.752 988.255 717.367 329.962 306.979 245.395 539.857 1265.03 2104.51 2631.42 2636.83 2462.56 2186.71 1953.04 1841.58 1266.15 382.776 648.446 1179.18 965.285 597.569 381.045 284.968 298.761 432.433 429.667 510.875 334.453 424.135 242.921 182.332 242.46 307.578 836.152 1100.2 903.779 392.776 292.494 404.533 454.617 906.804 1108.45 -9999 -9999 -9999 -9999 -9999 -9999 -9999 -9999 -9999 -9999 -9999 -9999 -9999 -9999 -9999
1147.12 879.12 1014.12 424.441 130.906 157.008 294.787 311.198 576.45 781.373 534.847 289.69 197.459 241.61 644.832 220.63 729.925 822.278 344.328 491.073 804.667 439.41 197.984 685.859 1260.07 1840.03 2189.52 2003.14 1816.79 1668.8 1364.52 1036.77 1257.79 1269.49 612.165 902.429 1684.82 1757.52 1365.44 939.358 390.007 360.628 432.732 370.799 537.662 451.72 503.094 271.422 333.532 573.598 603.415 445.352 492.374 437.966 366.866 228.188 252.245 614.079 457.355 432.341 556.405 -9999 -9999 -9999 -9999 -9999 -9999 -9999 -9999 -9999 -9999 -9999 -9999 -9999 -9999
368.52 254.613 992.708 337.857 386.808 417.881 211.37 436.946 292.302 832.238 1156.44 757.739 364.059 263.755 432.471 271.31 912.576 1004.43 326.16 281.501 442.937 306.48 442.868 955.589 1266.7 1965.82 1715.1 1052.13 865.545 737.649 441.833 341.444 891.134 1466.77 1350.7 1483.23 1801.1 1655.56 1098.06 793.056 391.828 208.166 427.629 326.311 313.937 657.763 803.062 517.422 577.491 1029.5 1184.67 525.145 344.617 608.429 787.863 739.624 635.329 523.602 268.507 773.764 1345.68 1866.91 -9999 -9999 -9999 -9999 -9999 -9999 -9999 -9999 -9999 -9999 -9999 -9999 -9999
241.268 967.242 1078.97 300.528 799.023 1049.73 364.577 381.106 309.614 462.682 1200.31 1643.42 1047.58 328.913 116.233 613.913 967.044 600.496 436.233 299.927 330.996 177.068 527.036 448.875 721.466 1745.38 1006.42 236.936 175.027 172.043 437.581 826.871 989.002 928.22 1197.54 1156.93 952.767 713.867 540.375 239.433 261.479 221.814 277.237 447.177 263.061 454.599 709.2 498.944 260.721 558.957 767.623 411.15 198.262 231.068 308.515 375.313 322.798 330.091 750.127 1515.35 2175.97 2726.9 3787.01 -9999 -9999 -9999 -9999 -9999 -9999 -9999 -9999 -9999 -9999 -9999 -9999
498.383 634.016 918.246 294.642 828.009 1209.35 627.673 164.998 154.712 187.823 701.885 1559.65 1471.46 748.083 191.376 775.223 666.068 361.554 563.105 309.146 571.248 188.515 454.096 320.282 683.818 1485.1 719.907 173.949 316.01 298.982 406.912 780.35 819.628 374.077 475.722 401.032 334.168 210.467 362.432 226.923 163.973 181.351 469.449 498.817 226.292 292.086 315.332 273.129 281.95 233.274 315.831 322.616 230.712 434.526 685.885 484.78 265.151 771.314 1525.62 2211.39 2872.02 3612.89 3864.01 -9999 -9999 -9999 -9999 -9999 -9999 -9999 -9999 -9999 -9999 -9999 -9999
889.414 352.644 478.918 169.95 570.213 811.24 412.897 360.149 452.967 295.446 323.773 1122.09 1604.48 1042.82 265.555 635.018 566.246 339.784 596.735 264.959 453.41 207.464 464.595 287.311 865.695 1095.98 481.546 117.432 301.084 546.483 394.057 314.853 815.225 510.829 285.784 590.618 598.39 218.251 219.223 196.203 141.275 158.403 532.379 655.273 216.686 331.705 370.319 232.201 211.33 450.904 736.153 429.736 408.745 670.873 867.362 525.969 452.209 1247.44 2105.31 2984.11 3400.84 3679.69 3779.78 -9999 -9999 -9999 -9999 -9999 -9999 -9999 -9999 -9999 -9999 -9999 -9999
1268.58 568.643 245.206 228.875 190.32 240.877 377.764 979.76 1193.88 856.295 255.145 710.318 1469.36 1277.9 397.64 488.709 772.101 354.497 693.232 359.349 171.016 340.741 332.49 422.778 1169.53 1264.25 600.418 205.966 787.502 1148.59 625.164 269.296 876.497 581.029 404.97 1100.9 979.704 294.854 146.448 241.14 238.629 225.765 348.258 436.657 243.272 562.46 363.96 204.22 254.628 686.46 771.096 492.32 717.159 578.58 469.763 592.11 678.055 1541.63 2437.43 3221.25 3179.24 2730.9 1967.67 337.377 337.377 -9999 -9999 -9999 -9999 -9999 -9999 -9999 -9999 -9999 -9999
1364.03 879.686 407.7 301.758 309.542 375.946 302.324 860.817 804.935 621.737 347.466 316.346 918.239 1251.81 685.612 224.259 570.254 360.445 658.66 748.356 271.405 129.336 343.543 792.774 1008.9 914.404 327.441 447.457 1273.36 1655.79 1028.88 294.776 822.207 864.363 279.441 786.407 744.286 249.779 176.793 207.971 419.367 269.336 121.234 234.267 271.869 273.552 454.627 463.337 377.113 547.711 355.692 297.284 359.401 403.369 379.22 953.544 1065.31 1435.99 1905.21 2491.51 2388.63 1701.47 1105.23 251.801 80.3403 95.7107 -9999 -9999 -9999 -9999 -9999 -9999 -9999 -9999 -9999
581.316 331.741 312.33 226.256 495.335 643.743 427.325 310.336 255.174 250.288 256.402 145.084 375.85 976.935 968.134 246.005 351.64 503.246 367.385 380.618 214.715 123.364 283.461 350.534 289.145 211.164 333.339 653.174 1143.97 1707.39 1305 381.26 686.388 1078.66 354.115 617.154 648.719 309.428 155.398 217.459 191.978 268.484 338.628 397.992 331.986 334.874 338.424 469.665 223.67 455.882 731.611 796.648 520.27 234.401 273.007 421.169 449.185 619.949 1118.3 1820.74 1675.93 1031.52 410.255 150.679 471.825 1175.39 -9999 -9999 -9999 -9999 -9999 -9999 -9999 -9999 -9999
257.777 307.821 463.854 303.568 595.41 950.49 513.31 211.2 425.46 663.62 431.689 139.923 131.66 467.496 809.241 322.898 525.96 939.55 691.986 437.072 216.418 177.487 378.594 921.004 503.43 221.513 268.703 278.086 681.994 1547.68 1480.9 522.03 515.11 996.591 395.602 284.308 305.337 311.208 269.79 135.191 248.026 654.591 915.23 837.764 347.732 344.628 536.963 337.366 436.48 395.027 373.455 527.454 520.791 289.704 315.906 336.661 576.48 363.627 512.568 1189.78 1053.81 420.075 146.43 413.858 904.904 1092.06 -9999 -9999 -9999 -9999 -9999 -9999 -9999 -9999 -9999
626.695 311.051 684.323 475.429 242.606 431.542 210.027 659.153 928.274 603.235 275.348 264.952 133.538 129.061 211.856 230.401 706.531 783.9 348.815 189.177 150.304 431.587 1215.23 1800.8 1250.71 792.32 609.488 353.919 521.76 1342.8 1390.98 557.681 573.954 1192.54 1007.32 730.21 754.286 691.726 365.38 343.094 314.363 481.46 555.477 553.105 352.843 758.351 982.412 630.911 710.326 796.111 704.807 417.352 234.823 240.705 405.281 299.343 552.339 291.813 164.554 542.034 651.768 284.328 224.396 660.213 666.811 531.684 -9999 -9999 -9999 -9999 -9999 -9999 -9999 -9999 -9999
