public/models/data/input/map/sulsel/1000/mapdem.asc
NCOLS 496
NROWS 622
XLLCORNER -95260.364462
YLLCORNER 9790791.912663
CELLSIZE 1000.000000
NODATA_VALUE       -9999
[rows 132 to 164 of 622, columns 225 to 299 of 496]
1123.83 1414.88 1586.47 1522.18 1399.76 1298.33 1206.55 1287.23 1391.8 1283.35 1092.9 897.822 799.349 784.432 799.604 780.806 818.511 806.966 796.813 815.159 772.247 856.489 965.484 885.368 830.554 797.073 801.222 823.756 832.427 888.563 1027.44 1085.67 1100.49 946.201 804.457 744.699 712.254 668.974 623.185 658.991 599.87 518.838 614.523 685.544 879.738 967.589 970.538 857.463 887.857 851.874 718.804 475.573 317.952 354.974 419.581 466.419 420.192 223.016 76.3182 31.4406 27.1669 24.8137 20.4912 17.9256 8.87062 5.33829 4.7659 -9999 -9999 -9999 -9999 -9999 -9999 -9999 -9999
1253.35 1458.61 1641.96 1704.21 1571.8 1498.08 1410.44 1397.03 1525.48 1459.15 1258.05 984.208 836.358 822.956 904.026 792.074 808.979 796.659 839.383 818.039 786.427 843.594 934.244 870.624 835.016 816.121 849.861 922.386 864.405 827.649 946.727 1029.35 1114.98 891.356 676.522 687.866 672.641 609.999 666.347 802.101 674.355 490.794 505.007 639.546 808.579 775.148 713.172 648.094 817.251 879.638 643.715 453.783 421.389 501.971 584.376 509.406 376.579 206.22 104.785 113.099 51.0419 36.085 40.4525 52.4606 10.2781 6.07017 5.93987 -9999 -9999 -9999 -9999 -9999 -9999 -9999 -9999
1420.18 1508.69 1609.72 1693.38 1679.14 1659.72 1572.4 1511.19 1656.64 1627.99 1397.41 1093.2 918.352 909.044 909.793 782.833 795.883 794.536 805.509 807.919 795.118 845.782 991.333 918.231 903.179 929.268 963.769 933.164 872.25 859.063 884.413 978.431 1099.12 839.334 598.497 606.916 566.086 561.972 671.335 815.905 675.244 505.757 457.202 604.562 632.899 555.818 557.341 669.524 895.927 1000.87 870.879 730.923 594.384 641.284 621.561 442.54 311.092 225.457 281.418 348.412 126.364 55.2363 50.7163 53.0081 15.0819 5.90932 4.15303 -9999 -9999 -9999 -9999 -9999 -9999 -9999 -9999
1550.44 1495.38 1559.53 1523.32 1588.25 1670.01 1714.75 1615.46 1680.35 1662.32 1526.55 1222.06 1042.28 922.618 861.907 822.307 931.912 922.736 905.654 865.098 869.217 884.264 1028.36 1016.01 1036.82 1026.95 979.754 958.594 925.787 886.579 886.084 1027.3 999.601 766.963 583.731 529.419 511.859 542.088 610.27 723.872 641.321 566.781 478.118 487.251 496.996 581.029 604.329 677.919 898.85 1150.77 1103.84 904.163 812.612 755.449 635.704 480.005 421.035 463.372 491.395 420.581 199.362 72.9625 53.6575 35.9781 18.7869 6.9115 3.92333 -9999 -9999 -9999 -9999 -9999 -9999 -9999 -9999
1296.13 1207.39 1354.67 1287.09 1381.12 1554.04 1698.3 1567.16 1553.64 1485.49 1595.24 1295.46 1033.2 871.876 961.015 946.368 1147.89 1195.98 1170.6 1046.85 1025.22 921.796 916.098 978.254 1034.1 998.416 1027.14 1025.92 970.21 935.009 965.7 1083.84 936.292 674.378 597.607 595.687 491.743 488.408 509.38 550.329 666.756 610.686 499.994 439.571 524.786 580.623 620.398 753.098 948.567 1179.97 1239.37 1168.08 1028.95 948.991 923.612 848.966 699.767 505.978 371.852 236.918 153.657 125.934 80.2706 39.0756 18.5783 4.82012 1.14783 0 0 -9999 -9999 -9999 -9999 -9999 -9999
1029.18 987.458 1094.96 1177.06 1365.15 1484.34 1577.03 1505.01 1421.06 1283.68 1316.03 1222.55 980.603 866.785 1063.02 1019.23 1253.34 1400.89 1335.27 1175.43 1142.27 1013.81 922.421 919.293 946.831 996.214 1070.87 1070.56 997.935 964.114 1009.7 958.884 785.146 678.17 712.95 630.958 535.927 480.579 476.289 467.259 551.866 569.626 552.834 410.267 515.992 673.173 700.606 672.508 851.059 1045.27 1102.32 1164.86 1059.54 1017.71 998.706 770.563 520.129 355.858 270.019 281.073 341.149 328.564 178.316 37.5569 10.6499 2.71617 0 0 0 -9999 -9999 -9999 -9999 -9999 -9999
840.942 844.345 977.347 1278.86 1329.96 1210.75 1276.64 1493.06 1387.79 1194.87 1032.84 939.382 829.673 935.573 1135 1123.51 1362.53 1557.93 1450.19 1242.84 1144.63 997.251 922.173 923.669 948.031 997.06 1075.67 1027.66 979.155 956.679 990.734 879.193 717.328 750.993 842.724 708.932 614.351 560.15 641.015 539.774 479.257 449.024 513.464 401.117 466.282 553.55 593.016 665.546 772.083 840.642 953.829 1146.05 1030.58 835.633 697.941 520.918 481.429 456.547 330.394 478.186 591.596 461.381 243.286 54.7788 9.30982 5.17143 -9999 0 -9999 -9999 -9999 -9999 -9999 -9999 -9999
955.866 936.446 1041.69 1349.77 1230.45 958.711 1005.92 1364.99 1375.96 1270.24 969.174 718.046 726.697 1063.96 1277.25 1248.11 1393.17 1628.68 1537.82 1272.84 1127.64 998.848 959.008 1026.26 1011.96 1069.6 1089.68 999.099 942.76 946.831 963.253 836.544 718.686 826.564 908.088 702.808 594.439 664.461 760.434 757.383 628.476 449.871 464.781 410.188 475.318 592.901 756.532 822.52 754.199 810.079 996.587 1142.17 1029.51 813.069 629.274 574.503 683.994 562.521 454.557 639.377 683.219 525.116 357.362 83.4987 9.85301 5.6669 -9999 -9999 -9999 -9999 -9999 -9999 -9999 -9999 -9999
922.22 1007.2 1090.9 1295.67 1059.18 815.782 829.109 1132.63 1025.26 992.609 924.292 701.861 735.657 1072.71 1369.48 1375.51 1435.75 1651.3 1614.65 1373.15 1210.65 1100.63 1073.69 1027.99 1042.37 1123.06 1101.57 964.254 943.297 952.079 942.122 843.657 774.813 928.629 901.011 752.657 705.979 743.242 746.694 743.544 680.385 476.181 392.256 414.508 671.486 849.883 817.271 730.585 676.166 735.951 887.938 1102.15 1140.24 977.933 754.054 780.484 827.354 726.426 737.101 778.78 612.84 406.979 284.915 64.6469 10.9244 11.2878 6.59157 3.14973 2.62271 3.78909 4 -9999 -9999 -9999 -9999
793 906.899 883.963 988.417 914.124 687.846 644.711 769.834 777.532 697.521 670.733 726.71 840.599 952.585 1190.41 1236.82 1397.2 1570.76 1638.54 1465.17 1293.92 1113.32 1024.7 1003.54 1060.48 1131.38 1043.65 938.142 930.919 945.559 938.817 889.538 858.239 1036.42 1091.84 1021.5 957.139 836.321 823.425 717.528 601.571 516.992 391.249 390.924 625.874 815.375 682.124 618.672 710.996 837.013 955.703 1059.37 1170.79 1085.64 842.979 950.236 955.091 887.7 931.932 729.234 492.704 299.973 145.583 45.3756 21.2169 10.7544 5.63812 3.81562 3.75283 3.86628 3.52585 1.68333 2.66667 -9999 -9999
860.474 852.805 926.21 762.65 665.344 589.309 485.008 541.781 555.371 571.491 797.869 1058.73 1060.94 982.459 1088.43 1244.06 1441.15 1533.93 1554.78 1378.31 1234.35 1095.82 1016.4 1001.48 1080.21 1132.65 1009.86 917.719 930.781 940.684 950.348 964.84 964.614 1084.52 1234.83 1240.27 1027.77 901.042 931.121 775.752 655.487 552.649 442.87 376.168 555.479 622.917 559.653 666.037 744.324 786.506 796.352 865.648 1089.93 1142.43 1014.37 932.186 859.374 730.474 699.466 586.488 404.352 214.116 105.429 48.3906 26.8756 12.155 7.49625 4.965 4.9125 4.84595 4.10032 2.40771 2.82302 2.34286 1.16768
729.144 776.506 1080.65 878.156 572.547 444.234 391.372 414.739 392.134 552.264 844.871 1233.82 1247.6 1118.07 1200.73 1368.84 1535.55 1502.07 1446.78 1396.91 1251.59 1085.86 1004.59 994.312 1046.6 1081.99 1007.98 906.042 921.866 927.817 943.473 982.19 1038.2 1100.4 1240.68 1258.61 1085.93 1058.54 971.633 735.384 597.564 522.941 418.878 347.414 407.731 430.712 499.78 616.623 581.151 608.205 707.566 854.195 971.468 1102.39 1091.01 880.444 645.496 475.39 387.835 325.412 246.721 146.241 116.527 43.2394 25.4719 12.1163 6.58 6.7175 6.9975 7.50938 5.78562 3.10063 2.39961 2.20107 1.27604
511.118 624.231 875.641 936.928 666.703 391.114 318.63 321.768 425.232 720.537 1041.12 1291.93 1430.72 1343.27 1450.01 1478.67 1520.32 1420.29 1466.33 1513.43 1291.68 1100.58 1007.82 994.102 979.274 944.371 934.578 896.226 911.959 944.061 973.654 1025.11 1161.12 1212.86 1230.82 1361.61 1378.51 1279.14 1029.79 795.718 595.919 483.677 391.486 373.956 497.006 479.282 463.216 473.847 508.346 614.634 731.626 878.736 935.393 905.314 908.474 898.678 682.729 620.104 511.836 415.908 291.344 215.34 101.766 29.0375 21.4675 10.9563 6.53625 8.38437 10.6756 10.5669 7.98313 8.7125 7.06 5.31812 3.64687
386.784 510.547 690.352 727.944 580.314 356.798 316.114 398.781 511.407 699.844 974.868 1315.11 1540.56 1537.95 1686.66 1656.79 1452.16 1397.23 1430.03 1357.4 1198.32 1066.02 1032.87 1058.37 961.801 882.251 883.091 913.725 935.448 978.184 992.473 1034.7 1276.06 1425.59 1430.51 1574.26 1591.4 1383.36 1123.4 872.965 684.206 521.318 381.081 424.279 672.864 654.078 568.499 565.776 587.839 676.776 758.636 854.657 816.424 689.401 655.086 850.863 843.167 832.434 724.963 450.69 316.888 212.776 85.0437 37.0225 22.7925 12.3 6.7925 9.76188 14.6956 9.66313 7.34438 10.5025 9.5775 8.36438 6.53312
342.959 407.541 536.687 614.633 495.892 344.837 325.948 444.818 567.779 761.29 1094.45 1434.26 1674.5 1650.05 1617.09 1628.25 1446.38 1346.72 1274.93 1130.96 1093.22 1058.93 1056.06 1033.05 939.532 883.224 868.94 894.126 923.884 940.375 972.218 1046.72 1293.03 1639.46 1741.7 1775.81 1559.74 1257.68 1021.61 909.728 895.614 709.984 483.396 381.068 592.239 715.946 732.761 641.319 626.896 754.876 888.557 885.536 665.523 472.844 538.883 770.021 697.873 620.771 524.1 262.901 214.359 146.45 92.795 49.3956 31.6181 14.235 8.23625 12.3962 25.4713 14.0206 7.60687 8.96313 9.28312 6.03937 5.31437
316.057 384.918 563.277 666.225 493.21 317.067 416.393 578.619 601.693 770.769 1077.15 1317.02 1579.64 1610.08 1398.74 1356.91 1360.5 1253.18 1110.06 1007.48 1013.28 1022.37 979.903 930.963 907.856 897.597 869.394 909.048 916.734 932.617 1015.02 1123.25 1247.21 1577.47 1842.45 1666.79 1398.66 1268.3 1226.66 1240.95 1193.3 914.256 568.216 340.348 459.771 689.494 726.864 524.666 490.037 594.354 757.926 685.574 527.188 379.726 543.323 822.373 652.801 440.29 328.446 202.539 245.246 175.159 93.4262 53.4769 29.5944 15.7212 12.1375 39.225 66.12 34.0594 10.4456 7.37937 6.43188 3.98312 6.16062
282.815 380.931 509.094 699.544 548.218 308.126 387.776 602.434 717.872 851.591 1199.65 1567.31 1654.64 1498.65 1251.6 1174.6 1170.28 1097.54 986.936 952.053 970.457 950.273 972.685 905.946 878.546 884.386 868.893 911.884 932.073 946.106 989.244 1075.52 1208.1 1479.2 1890.59 1709.63 1524.6 1645.99 1635.45 1642.45 1337.49 1034.88 716.864 457.944 340.274 355.454 541.494 523.1 385.829 538.724 691.59 559.785 390.388 317.29 409.413 778.699 826.013 657.953 440.582 187.977 220.331 194.051 90.3962 65.6656 34.4681 28.9463 45.685 142.624 163.451 80.7617 12.5456 6.31375 4.94625 5.69625 7.88375
329.109 308.696 423.937 753.444 631.528 322.777 289.545 422.086 610.546 834.441 1198.85 1624.58 1654.83 1433.04 1228.74 1101.79 1043 964.309 920.045 909.853 969.919 935.931 988.999 935.262 873.087 865.536 885.505 925.113 951.377 996.984 1067.93 1170.63 1341.96 1631.53 2033.95 1931.25 1909.93 2059.53 1931.84 1687.29 1339.43 1021.47 754.462 561.403 419.293 322.032 355.577 373.601 329.163 406.601 545.244 594.019 461.976 326.906 362.605 534.301 647.394 583.138 373.62 165.333 143.179 139.17 110.493 57.9431 39.9481 53.4275 81.7913 131.92 88.135 14.8206 7.71688 5.85125 7.62375 8.85375 8.80125
411.867 326.058 459.734 750.546 613.907 360.145 271.736 407.262 582.904 767.802 1044.09 1507.61 1516.11 1386.07 1311.12 1150.71 1060.61 983.182 909.395 911.816 978.273 905.905 915.026 885.276 874.484 902.168 910.609 937.888 987.51 1066.11 1110.04 1174.39 1367.91 1613.52 1906.23 2199.2 2350 2266.42 1879.35 1443.58 1191.26 939.347 798.434 674.969 625.829 454.871 283.996 295.005 286.375 259.616 329.99 398.863 394.166 289.066 269.275 372.301 499.603 425.964 275.746 151.594 102.975 99.9563 91.36 84.0675 81.4437 58.6194 38.6944 59.9969 41.6819 14.3406 13.9381 9.11187 11.3794 9.23438 8.25187
340.286 293.083 469.417 624.486 701.632 513.117 319.15 502.238 657.498 809.201 1023.26 1412.29 1479.15 1437.77 1408.6 1232.87 1118.63 1028.84 958.166 918.88 988.134 889.351 875.845 852.784 877.246 885.449 901.353 905.355 931.865 981.526 1049.42 1098.4 1276.07 1450.82 1639.77 2026.03 2278.53 2161.21 1854.26 1478.69 1271.6 1118.09 1124.52 952.777 846.497 581.916 328.559 407.236 395.441 273.806 239.691 217.648 217.894 212.537 197.1 199.183 303.684 262.582 188.152 166.304 78.87 74.1825 66.5512 78.7513 61.1675 38.2419 28.6894 26.7994 21.9469 19.8469 30.3144 13.8581 12.1206 9.82563 8.27812
408.466 348.875 317.219 473.626 639.212 558.639 382.706 816.186 1066.01 1259.82 1387.69 1548.85 1443.82 1377.67 1366.33 1245.62 1135.51 1064.69 971.247 859.346 869.487 849.524 840.542 867.616 880.147 919.728 947.879 975.984 971.109 1013.07 1129.24 1137.66 1182.54 1261.35 1435.03 1568.11 1806.03 1985.17 1924.68 1766.06 1615.94 1599.31 1478.31 1164.74 937.426 665.058 451.279 420.557 411.757 395.737 419.259 257.367 360.831 416.939 308.894 233.519 181.797 239.391 223.992 175.408 126.018 75.3913 61.9275 48.3312 37.715 30.9613 24.9125 24.0119 23.2856 20.4825 18.81 12.265 12.03 10.0706 10.0944
504.125 365.261 258.452 334.403 358.985 355.896 410.119 822.667 1113.09 1367.62 1496.59 1476.97 1358.09 1296.59 1299.91 1234.94 1114.83 1022.86 922.223 850.644 853.91 905.538 938.798 952.693 929.002 925.124 931.526 954.833 1004.49 1034.31 1061.44 1041.92 1042.79 1042.03 1086.5 1224.43 1430.96 1604.04 1840.94 2140.19 2017.47 1816 1557.66 1242.69 1015.41 778.809 600.341 465.892 456.332 475.918 447.138 296.287 452.689 540.5 398.092 419.607 310.034 378.14 385.509 357.219 181.309 98.2862 75.17 50.9287 33.6325 30.2162 26.3825 23.5594 22.9706 18.9937 16.4662 9.0425 11.915 10.5181 9.84437
334.222 238.108 215.224 398.525 423.198 405.849 497.494 797.617 1021.84 1209.87 1323.28 1375.01 1356.15 1281.92 1223.24 1160.42 1072.65 965.08 864.464 874.552 941.546 997.37 986.785 908.694 888.322 846.684 860.705 930.963 973.963 964.426 926.039 857.726 868.795 910.336 948.428 1084.58 1225.39 1437.57 1822.08 2270.38 2203.44 1980.11 1669.67 1324.01 1057.24 940.537 775.261 583.606 530.876 528.621 506.084 372.71 403.094 583.132 603.801 580.72 457.992 494.188 517.182 446.544 232.069 114.762 91.5969 64.0013 35.935 30.2631 25.3231 20.7938 23.9212 22.6331 16.7194 10.1975 10.7188 8.52312 6.93813
285.83 237.301 232.898 505.182 648.534 735.401 680.661 722.194 883.691 1041.34 1251.07 1372.65 1355.75 1303.2 1185.09 1066.59 991.466 871.073 914.554 1020.06 1017.88 970.008 878.035 782.142 812.884 778.244 838.63 958.718 900.495 835.995 771.552 819.444 909.85 895.849 925.452 1084.3 1185.1 1362.76 1689.21 2141.61 2286.16 2090.04 1715.22 1307.03 1218.62 1157.76 963.101 728.763 639.193 721.364 655.143 400.066 379.994 446.332 550.121 700.211 649.644 490.186 396.346 297.188 181.513 113.788 127.068 76.5537 42.5725 36.6419 26.7594 20.1125 18.89 20.6956 16.5644 13.305 13.5262 8.68312 7.29812
421.247 290.086 214.782 511.696 838.119 912.124 810.266 863.991 978.727 1131.52 1341.14 1429.37 1443.93 1308.99 1136.24 1027.17 933.475 787.945 853.989 1039.05 940.284 827.932 730.041 720.695 729.378 706.394 802.769 840.019 718.73 750.839 827.862 901.954 1053.81 1116.42 1188.78 1167.33 1230.16 1292.65 1495 1885.31 2151.03 1939.52 1626.19 1556.51 1523.85 1338.11 1106.6 954.857 815.176 844.671 746.094 496.442 526.784 485.645 574.441 682.622 529.691 349.597 252.536 162.424 136.734 166.908 163.751 98.825 64.4925 96.2456 60.4644 31.8419 36.1006 31.2275 17.5 15.6663 13.2013 12.515 11.28
323.149 258.28 197.856 446.084 837.216 1047.84 888.286 1006.62 1102.12 1265.34 1476.37 1559.85 1516.06 1313.8 1097.95 952.705 850.539 735.53 784.149 899.709 866.781 780.458 715.544 663.768 639.823 653.949 671.936 663.393 681.936 811.658 952.898 1028.87 1195.35 1416.88 1632.88 1620.81 1483.95 1381.22 1599.73 2075.68 2327.51 2113.55 1834.95 1854.21 1696.26 1479.46 1266.21 1078.77 951.404 918.226 792.356 674.371 671.838 558.335 608.704 580.372 394.673 311.594 263.134 206.575 179.229 175.439 222.471 160.478 113.47 127.606 126.805 70.2606 68.7244 50.4375 18.7925 16.7488 17.6462 13.4237 12.1587
438.507 349.785 206.327 385.176 683.278 1008.3 1031.56 1096.19 1224.85 1346.94 1579.74 1605.61 1462.1 1252.99 1062.13 904.737 801.851 699.999 666.339 758.699 832.812 815.305 717.376 638.153 606.236 615.142 650.049 670.06 753.899 864.754 996.687 1165.31 1308.74 1520.72 1810.92 1894.05 1574.25 1492.47 1696.44 2157.45 2495.68 2338.02 2138.33 2010.72 1765.7 1518.85 1341.09 1240.36 1035.76 857.026 794.31 702.055 709.655 698.589 710.299 642.388 577.619 472.66 353.174 318.316 233.714 212.786 339.763 264.797 252.916 252.447 284.174 225.799 158.876 54.2006 21.8956 16.6812 16.8813 15.0381 15.3069
424.149 328.298 199.893 335.418 638.562 992.753 1147.33 1181.31 1181.15 1282.44 1509.46 1520.32 1318.85 1168.94 1040.92 910.852 798.863 671.961 622.124 741.771 864.708 821.54 672.184 582.699 597.964 687.233 779.533 765.966 915.648 1067.75 1268.58 1396.45 1394.49 1549.72 1806.28 1977.54 1635.2 1543.99 1780.58 2143.93 2514.34 2534.52 2397.4 2101.88 1796.23 1658.63 1625.44 1386.14 1140.82 853.571 650.25 548.172 545.218 569.709 649.874 695.386 783.775 690.265 552.884 429.906 250.456 206.974 335.882 237.722 218.296 270.575 335.813 372.111 315.759 90.0369 28.6694 19.7188 17.8062 19.1431 17.2844
568.907 342.959 194.73 279.134 561.867 873.778 1051.02 1161.31 1062.26 1193.31 1359.55 1424.28 1204.63 1021.93 917.271 822.427 743.894 648.326 630.783 697.598 791.684 769.648 697.852 639.691 662.714 813.702 951.091 944.778 1079.37 1360.13 1550.82 1795.83 1721.88 1740.1 2009.3 2177.55 1938 1854.36 1721.62 2055.14 2445.41 2730.84 2657.27 2393.77 2137.59 1945.37 1700.04 1433.57 1152.4 870.943 760.451 763.926 707.626 544.271 422.672 535.004 746.215 728.892 652.192 491.576 309.774 200.582 197.193 148.352 141.807 158.996 202.799 201.306 318.523 156.941 46.3506 25.0163 21.1663 20.2738 16.8113
676.934 367.844 200.58 293.954 495.135 762.334 1014.56 1065.56 964.139 1107.75 1287.1 1313.52 1054.14 887.47 798.599 697.847 670.454 627.082 598.112 667.006 743.607 740.166 696.344 609.076 618.681 783.503 1014.52 1144.58 1198.29 1454.86 1665.57 1760.62 1866.63 1921.21 2113.68 2421 2355.65 2115.09 1900.1 2134.81 2489.29 2823.39 2753.35 2430.87 2065.78 1749.28 1517.81 1250.59 1031.91 916.412 1051.59 962.261 763.179 713.508 515.237 372.192 533.767 611.159 524.722 344.274 258.218 214.954 163.843 127.549 107.896 128.801 184.934 130.308 223.267 150.464 68.4106 29.745 26.6025 24.7013 21.3337
730.529 360.665 201.812 378.426 610.076 966.144 1105.91 923.535 861.745 1023.49 1260.41 1183.42 931.137 781.57 713.125 614.514 649.042 633.136 563.003 653.073 684.287 697.756 729.844 579.003 649.924 823.881 987.816 1128.45 1236.89 1338.86 1470.06 1600.42 1782.6 2017.27 2166.61 2507.67 2486.3 2202.12 2140.09 2341.6 2601.25 2808.82 2627.19 2215.84 1890.82 1645.57 1399.49 1191.74 1056.54 1060.04 1233.77 1121.94 868.507 848.266 693.225 427.502 336.693 363.839 301.601 257.636 310.098 348.087 262.048 146.503 101.242 110.728 126.012 88.0188 94.4563 145.181 142.814 34.3406 28.0931 25.3931 23.2556
820.535 494.933 211.328 348.256 574.116 1086.01 1207.52 863.149 742.719 908.263 1149.2 1097.04 869.043 723.905 648.125 589.109 650.072 600.596 535.573 592.756 597.699 608.876 678.034 567.107 775.113 923.184 934.111 1040.42 1160.45 1260.11 1454.04 1707.41 1888.8 2116.35 2445.55 2654.29 2607.21 2524.85 2498.82 2647.08 2790.35 2859.29 2618.96 2215.41 1925.37 1632.06 1464.7 1506.51 1325.13 1356.9 1380.8 1128.31 869.976 805.845 674.261 487.969 334.72 344.966 349.909 405.744 531.595 581.569 398.133 159.646 109.459 84.7712 76.6338 63.9625 57.53 117.168 127.269 35.1756 28.6506 25.9769 22.9244
1083.01 663.639 296.662 257.706 560.629 1024.88 1193.56 804.608 629.088 752.487 999.554 1010.76 811.829 669.917 569.412 617.542 604.919 547.327 497.734 559.903 582.262 514.113 516.537 560.89 691.124 743.734 757.777 892.349 1020.61 1117.22 1318.77 1582.19 1853.95 2126.68 2511.31 2718.11 2785.46 2855.9 2932.88 3109.15 3024.88 2713.89 2362.61 2016.19 1795.69 1709.43 1846.81 1780.65 1570.78 1512.77 1435.18 1213.91 924.839 719.092 531.777 419.252 486.353 533.554 440.052 616.839 593.151 407.298 278.463 166.97 217.973 172.919 111.655 89.7637 67.2937 47.9456 42.5994 36.7238 30.7062 27.185 21.63
