public/models/data/input/map/sulsel/1000/mapdriver.asc
NCOLS 496
NROWS 622
XLLCORNER -95260.364462
YLLCORNER 9790791.912663
CELLSIZE 1000.000000
NODATA_VALUE       -9999
[rows 330 to 362 of 622, columns 225 to 299 of 496]
913.739 864.249 872.09 1155.95 1577.54 1915.92 2278.21 2405.7 1729.07 850.344 259.035 804.19 660.368 256.231 491.519 1236.57 979.525 747.295 683.37 685.406 844.537 1271.56 1667.25 1224.43 573.355 381.109 608.938 287.575 324.159 253.418 289.576 985.589 884.75 735.521 276.802 279.116 709.501 682.855 366.675 219.745 363.399 930.875 1727.94 1515.3 600.739 173.038 638.724 926.986 984.722 1068.15 559.512 200.867 319.392 562.02 271.238 281.634 366.367 355.218 684.395 346.799 523.583 928.044 489.653 186.35 292.025 211.769 193.701 439.786 438.568 266.919 711.808 -9999 -9999 -9999 -9999
301.463 302.016 299.646 350.051 676.027 961.944 1326.15 1773.08 1501.33 600.83 226.049 586.488 1028.82 559.1 609.751 1474.37 1403.6 1100.39 1319.95 1618.5 1760.32 2071.56 2094.82 1489.63 790.431 225.369 196.339 397.107 609.802 268.75 412.172 709.852 372.816 404.225 307.612 301.207 487.455 394.251 467.13 260.485 858.021 1528.42 1781.1 1566.86 830.05 226.563 561.377 1160.22 1666.24 1757.63 1136.25 602.951 700.41 479.02 326.482 720.006 550.073 297.035 381.526 306.988 293.667 442.315 221.511 553.668 750.93 717.642 623.088 347.893 261.364 219.542 208.364 -9999 -9999 -9999 -9999
595.089 679.268 867.683 485.138 261.729 277.184 391.51 1020.86 1219.69 538.699 226.417 670.273 1426.68 1410.31 1312.46 1502.03 978.747 455.976 996.699 1813.35 1865.42 1635.93 1267.4 802.363 317.277 368.475 754.901 722.432 375.149 360.479 536.72 251.642 318.037 245.05 394.931 285.844 702.988 775.05 408.362 416.294 1045.27 1287.92 928.056 792.433 785.125 385.957 140.071 567.262 1427.69 2003.65 1861.53 1211.08 659.092 290.491 638.361 1311.52 837.954 306.418 378.751 407.027 367.308 207.448 471.451 989.351 1018.28 896.626 512.037 351.317 382.714 344.413 680.748 1655.68 2032.11 -9999 -9999
351.284 285.59 512.581 378.256 489.326 744.767 417.308 424.248 871.272 773.384 496.784 982.371 1841.04 2012.17 1423.48 816.882 601.904 304.368 690.64 956.287 925.729 730.693 442.513 296.577 357.145 675.048 526.835 270.967 375.875 684.069 358.314 500.922 491.479 369.812 602.056 191.967 504.27 534.127 276.191 443.707 490.547 545.991 333.58 249.022 247.949 217.108 162.964 283.939 835.224 1510.66 1663.05 835.758 345.9 636.409 1157.76 1459.75 731.031 346.083 280.247 324.653 519.908 291.12 622.22 525.013 327.533 325.949 310.075 583.878 638.983 668.971 952.549 1765.67 2137.38 -9999 -9999
778.583 388.705 234.379 292.152 411.165 620.108 811.373 484.668 691.658 1261.68 1334.53 1620.87 2231.29 2175.41 1295.33 489.175 393.84 322.533 336.225 321.578 253.085 246.979 397.982 621.996 753.316 608.006 219.839 562.221 808.234 574.005 232.885 666.13 388.705 414.794 392.153 251.916 362.882 436.621 276.658 225.165 359.232 278.248 200.989 624.338 558.319 416.528 282.673 367.7 417.462 917.771 896.659 458.219 483.194 1268.89 1972.96 1963.1 1334.34 842.142 516.823 179.63 249.543 245.277 347.859 274.491 525.526 442.885 331.919 875.223 1257.43 1143.42 1303.78 1930.65 2295.28 -9999 -9999
1535.35 808.443 340.939 363.857 363.926 325.259 801.168 1197.93 1204.69 1666.57 2020.47 2491.07 2852.71 2529.93 1732.08 1191.26 1117.96 927.39 626.257 343.275 288.303 722.589 1088.29 1468.76 1154.71 438.45 363.06 1129.9 988.871 424.673 310.733 600.288 247.254 254.28 211.608 633.721 427.091 338.252 465.155 314.451 629.405 315.994 613.828 1162.66 1035.89 491.457 307.324 517.388 205.187 343.853 274.071 384.578 909.243 1755.94 2618.66 2400.58 1526.03 677.732 294.247 535.744 638.765 295.31 418.435 765.095 809.725 649.37 351.226 465.338 949.322 637.076 348.852 -9999 -9999 -9999 -9999
2182.32 1656.77 1302.79 1312.23 1090.51 595.174 743.153 1020.31 1000.05 959.27 1559.74 2281.96 2666.59 2812.54 2486 1922.08 1413.11 738.666 216.094 285.489 654.111 1358.49 2065.31 2146.01 1358.4 477.737 260.569 1016.63 1214.7 661.209 372.283 198.4 374.764 364.573 357.066 695.186 272.948 408.452 332.266 519.019 723.999 343.119 890.898 1089.08 450.229 241.672 214.711 728.491 369.004 191.098 663.627 1245.98 1727.66 2368.13 3151.33 2761.12 1831.75 1129.4 964.7 677.317 345.509 297.401 774.1 678.034 328.465 229.501 184.585 205.594 284.982 262.225 571.468 1189.61 -9999 -9999 -9999
2231.54 2687.87 2295.29 1848.79 1503.94 1099.54 661.594 439.175 509.039 475.764 1134.14 1361.65 1817.98 2319.78 2082.97 1396.51 754.344 313.108 155.948 725.26 1344.15 1928.97 2524.76 1939.18 1011.45 322.273 153.246 528.969 793.401 373.035 403.105 232.635 410.07 380.577 811.209 605.139 195.831 195.038 159.784 825.332 789.274 280.398 705.958 715.894 284.244 326.988 318.823 524.415 331.522 287.641 575.725 1510.67 2292.59 2975.69 3548.87 2931.76 2044.7 1394.4 1017.56 387.955 220.431 207.439 395.514 471.1 521.032 423.708 323.754 453.321 572.619 804.772 1262.27 1661.5 -9999 -9999 -9999
1862.57 2015.14 1700.36 1257.37 968.532 783.051 356.437 450.545 345.789 453.104 762.743 534.646 1126.54 1680.13 1380.12 647.248 299.563 460.256 318.654 494.246 1288.88 2082.92 2437.21 1532.65 637.331 327.545 535.369 251.067 481.88 586.508 577.552 226.139 277.214 415.293 777.195 350.839 187.281 167.677 329.916 975.052 547.706 360.478 829.23 405.25 303.457 313.852 428.475 300.061 551.67 420.314 393.098 1377.31 2336.72 3267.12 3563.06 2629.21 1681.05 825.647 453.366 321.429 255.317 428.005 324.468 417.813 642.116 500.289 759.446 1222.74 1082.76 1156.21 1564.14 1838.48 -9999 -9999 -9999
953.78 1086.87 818.128 365.036 238.868 204.079 208.84 310.395 182.171 222.49 616.084 354.223 494.014 1006.52 752.307 237.849 577.62 1040.08 733.593 233.086 806.945 1731.29 1993.1 1153.32 385.263 520.584 1093.55 470.007 258.316 689.79 461.023 313.136 267.143 268.305 263.781 214.894 169.243 393.722 879.549 1155.2 463.933 593.806 1071.8 365.491 248.952 452.646 356.655 428.292 371.756 205.25 466.197 1502.1 2462.1 3374.86 3533.19 2555.59 1595.59 653.257 365.867 542.597 323.602 504.979 273.108 237.817 302.776 634.062 1295.72 1529.33 756.282 418.954 1033.23 1342.25 -9999 -9999 -9999
271.022 325.192 209.8 483.265 840.322 884.594 674.922 497.065 278.697 490.973 827.504 796.801 358.545 415.953 240.129 620.416 1350.62 1500.58 791.05 204.459 866.697 1595.85 1335.55 575.443 319.034 889.056 1619.09 1071.62 361.186 429.028 775.952 639.296 315.197 316.391 542.432 217.629 319.04 848.245 1445.77 1108.82 474.376 551.644 1241.91 789.018 354.374 794.679 586.815 184.431 251.044 270.794 461.678 1469.41 2390.39 2911.85 3085.38 2570.26 1633.17 686.858 299.419 384.384 310.737 280.575 205.255 691.508 444.222 330.646 926.114 1381.67 934.432 375.555 653.49 1109.67 -9999 -9999 -9999
210.791 305.319 674.561 1333.09 1664.39 1703.43 1535.96 1172.21 467.896 314.627 342.691 601.387 368.217 176.254 376.906 1145.63 1730.66 1352.67 508.894 361.655 1225.65 1584.76 901.514 281.014 718.818 1410.64 2097.1 1527.28 681.338 270.144 842.397 968.19 342.711 315.59 765.83 507.335 565.551 1054.73 982.131 456.253 365.029 758.907 1169.06 645.186 334.79 667.366 524.42 310.966 509.911 653.498 910.634 1718.02 2255.76 2131.53 2164.03 2316.68 1658.63 758.106 226.482 471.079 877.573 735.146 356.638 389.202 447.728 257.222 385.635 812.811 1229.46 1139.66 1373.62 2310.66 -9999 -9999 -9999
682.104 1038.93 1350.39 1688.1 1631.87 1628.25 1937.95 1666.31 990.697 551.794 282.973 357.681 384.941 276.845 803.168 1660.9 1904.78 1147.27 280.761 599.927 1492.38 1614.24 781.997 343.68 1165.31 1983.92 2375.56 1574.22 692.461 304.289 927.307 1044.13 377.038 626.857 1167.68 970.051 839.257 658.509 362.029 457.017 882.943 1232.46 887.301 292.267 540.88 559.007 300.459 830.243 1304.53 1358.56 1421.8 1754.8 1753.26 1231.79 1220.02 1714.94 1482.21 629.6 280.077 839.874 1340.7 1365.01 774.107 255.335 449.057 575.786 372.608 383.055 942.099 1321.99 1647.13 2310.66 -9999 -9999 -9999
1492.18 1721.72 1446.81 1048.88 801.355 850.922 1463.15 1921.12 1801.02 1357.38 1012.84 1030.68 925.197 380.36 823.257 1845.86 1959.78 1078.28 265.491 840.861 1714.27 1724.25 891.117 316.098 1136.96 2080.5 2255.87 1276.57 452.119 469.487 1287.5 1136.19 423.951 771.341 1171.85 569.596 348.353 249.362 466.284 1154.63 1632.89 1487.04 652.131 407.572 778.789 385.37 527.508 1201.92 1306.21 969.714 846.839 1026.06 1099.07 640.686 433.994 1084.02 1163.62 424.607 375.666 463.242 1181.32 1723.38 1301.29 905.399 1184.45 1282.72 969.813 393.589 305.907 568.453 907.703 1167.29 -9999 -9999 -9999
1413.23 1269.78 726.573 259.349 226.027 333.228 702.855 1682.86 2418.81 2437.92 2121.91 1848.6 1083.99 369 769.402 1812.94 1971.23 1100.09 357.813 1038.59 1737.54 1387.13 573.31 382.334 1189.53 2043.19 1901.08 861.193 343.095 619.63 915.744 1190.44 906.15 848.854 617.352 293.26 520.619 348.376 892.803 1768.15 1869.76 1148.39 350.18 674.12 964.436 676.416 724.122 525.912 478.49 269.008 121.203 205.731 392.013 485.322 177.371 471.751 1058.73 750.902 176.889 408.448 1223.36 1973.48 2118.72 1885.34 1504.61 822.734 716.649 683.24 503.82 313.867 162.053 -9999 -9999 -9999 -9999
535.637 500.228 322.685 635.863 706.566 622.777 919.29 1797.77 2671.99 2919.02 2594.12 2040.2 1209.17 398.541 651.976 1708.86 2090.9 1410.71 841.535 1334.09 1701.81 1016.67 293.332 848.17 1605.16 2041.99 1571.48 574.462 416.275 575.012 336.583 705.628 818.96 450.885 355.657 764.664 890.678 358.776 749.218 1583.17 1272.39 623.172 315.873 653.316 489.332 357.322 324.736 302.852 225.277 215.808 247.146 275.067 248.072 253.584 274.79 230.863 756.923 913.795 299.232 457.844 981.988 1456.72 1896.99 2134.7 1518.61 699.326 393.927 353.357 372.61 513.521 655.975 -9999 -9999 -9999 -9999
263.293 267.204 638.519 1240.46 1429.99 1420.46 1692.37 2264.69 2778.92 2493.07 1939.58 1478.59 1169.21 495.502 534.052 1529.62 2082.74 2012.51 1757.03 1982.67 1725.93 831.944 303.139 1130.94 1676.24 1524.71 1009.68 341.188 683.446 1051.92 571.322 227.638 302.328 510.38 961.511 1219.27 759.665 368.416 952.183 1308.47 619.758 322.847 347.627 336.545 455.444 617.427 560.797 493.865 327.841 411.923 505.21 234.039 231.018 235.171 419.444 183.056 349.422 589.339 478.235 260.918 329.896 619.137 1063.9 1852.9 1892.18 1417.95 1157.25 921.164 719.362 329.968 566.521 -9999 -9999 -9999 -9999
233.177 244.715 570.114 883.951 1058.8 1121.03 1469.36 2056.29 2344.17 1853.79 1132.22 599.645 850.856 648.458 359.974 946.37 1503.19 2204.33 2565.91 2483.21 1636.96 711.917 473.825 1116.5 1014.04 692.706 331.372 448.736 1024.89 1037.74 437.432 202.352 474.538 1090.92 1239.07 803.636 364.15 568.177 1370.15 1138.82 406.289 300.54 278.497 541.963 410.085 302.841 289.389 238.438 301.868 532.397 494.292 206.074 306.342 385.023 215.537 120.342 135.368 189.865 310.782 646.353 332.117 165.341 516.548 1422.52 1613.56 1730.75 1959.85 1873.89 1802.35 376.777 376.777 -9999 -9999 -9999 -9999
542.137 257.624 282.849 281.774 292.184 295.334 568.544 1261.24 1436.84 993.299 454.262 303.727 850.979 955.489 467.493 279.672 861.234 1592.8 2164.15 2613.24 2003.99 1329.37 1042.39 554.814 292.323 375.039 696.233 1207.51 1152.57 535.411 334.505 328.496 732.841 858.658 469.399 240.051 584.059 1180.17 1774.29 1239.97 455.172 261.159 489.765 276.39 494.155 873.855 1075.83 858.681 611.871 342.785 317.617 139.213 272.011 688.407 808.883 689.618 777.563 697.454 257.267 267.296 507.995 367.565 268.637 686.37 600.997 969.675 1773.93 2679.01 2999.91 -9999 -9999 -9999 -9999 -9999 -9999
1085.04 456.749 382.038 712.167 768.354 531.573 241.715 508.881 613.905 354.431 277.637 226.549 599.672 1205.31 1176.01 431.62 410.868 840.168 1455.83 2000.9 2047.14 1525.59 823.463 290.499 776.178 1240.06 1599.6 1549.77 823.98 386.369 372.767 356.351 464.071 370.384 324.976 326.323 1067.76 1744.15 1673.3 865.908 368.047 302.242 302.973 591.926 1250.85 1698.89 1792.35 1566.8 1261.91 722.55 393.104 259.183 382.469 330.107 516.224 831.423 1175.81 1107.5 628.607 384.294 282.265 254.496 137.948 222.448 188.234 518.955 1399.6 2311.78 2518.06 -9999 -9999 -9999 -9999 -9999 -9999
1730.85 1011.55 373.141 625.514 1175.43 811.647 262.538 444.118 483.99 387.059 317.666 275.976 804.097 1552.51 1658.62 938.877 500.903 349.431 637.176 1092.26 1429.09 997.437 364.7 334.818 1168.81 1946.82 2434.64 1814.63 1091.44 795.503 695.344 600.001 535.68 683.198 704.955 296.154 1099.25 1835.34 1496.78 587.346 369.593 332.383 306.133 744.368 1354.41 1678.2 1461.4 1221.06 1011.48 403.084 363.921 770.264 911.617 527.659 208.754 308.667 722.784 746.885 559.213 826.195 866.243 566.636 244.273 424.363 369.459 320.655 962.665 1532.08 1338.13 927.818 -9999 -9999 -9999 -9999 -9999
2371.85 1585.86 732.065 355.642 1092.15 1020 308.212 739.014 1064.66 900.002 316.058 247.621 865.622 1767.49 2208.47 1698.57 926.109 287.922 279.578 388.522 921.274 612.196 290.775 364.742 1261.12 2147.71 2560.38 2311.93 1998.75 1797.24 1623.02 1459.29 1339.69 1221.18 761.942 302.11 1107.5 1584.8 1146.41 513.874 467.082 552.569 442.271 295.016 617.421 896.228 582.079 326.293 291.157 259.375 793.6 1465.92 1249.63 844.986 542.164 185.725 240.4 261.939 181.789 607.064 1277.36 1328.87 921.579 975.344 844.238 313.46 336.623 715.381 558.572 646.364 -9999 -9999 -9999 -9999 -9999
2939.62 2010.26 1057.84 299.793 688.932 672.872 262.409 292.68 475.99 423.788 223.443 441.125 809.24 1417.38 1994.76 1643.06 722.593 263.363 297.813 299.562 497.885 442.537 335.431 469.194 1256.18 1656.97 1623.46 1910.17 2280.73 1869.68 1407.03 1060.9 908.799 619.321 292.206 688.314 1360.26 1192.06 450.746 322.503 541.44 1060.89 1231.32 768.428 400.974 270.343 153.229 414.606 336.35 872.659 1239.72 1010.02 560.813 269.426 155.414 256.385 435.574 455.58 219.078 259.694 1046.91 1403.58 1025.69 591.825 749.122 759.994 351.728 197.307 642.734 1010.42 -9999 -9999 -9999 -9999 -9999
3306.76 2406.43 1520.5 694.968 644.874 489.387 423.255 690.425 553.008 472.361 271.472 198.155 322.97 748.059 1406.47 1219.4 590.511 373.605 365.363 279.662 299.812 416.084 529.488 330.052 710.84 889.686 696.033 925.397 1507.31 1137.25 542.161 384.041 371.787 399.192 704.745 1344.01 1563.42 982.664 285.019 710.693 1122.5 1282.92 1187.04 946.051 730.699 328.554 323.422 627.863 395.14 928.872 794.35 372.682 396.26 536.731 237.567 607.247 487.742 342.917 479.306 269.291 518.674 624.304 365.431 153.168 285.984 405.7 428.033 475.27 1164.05 1228.03 -9999 -9999 -9999 -9999 -9999
3537.34 2882.31 2103.27 1475.19 1271.15 807.743 460.721 1137.79 1437.44 1272.88 771.266 418.298 468.317 784.524 907.829 494.994 404.196 304.392 570.613 330.419 331.745 433.859 863.744 777.353 828.831 742.958 273.614 332.648 770.396 616.788 470.403 795.27 962.995 1168.11 1552.86 1919.83 1437.68 682.373 230.533 406.115 777.331 759.779 434.252 328.388 288.125 246.096 630.258 452.436 478.686 725.583 333.959 579.954 987.829 782.253 265.146 557.972 414.357 762.184 1000.14 636.12 341.687 277.877 359.154 570.405 720.918 519.333 329.103 399.847 1589.95 -9999 -9999 -9999 -9999 -9999 -9999
3501.16 3240.52 2669.04 2202.43 1909.76 1465.56 1128.8 1597.76 2083.54 1959.63 1565.02 1142.62 1035.18 994.583 446.439 248.98 240.374 366.384 726.206 368.261 675.059 958.924 1142.89 1124.1 1016.61 796.696 541.302 705.853 773.891 1093.56 1261.85 1720.41 1922.6 2124.97 2464.44 2347.48 1480.51 769.265 537.171 372.843 278.942 257.543 369.544 600.43 253.753 577.579 875.816 293.358 590.709 440.199 428.45 1235.56 1315.39 725.879 255.036 804.12 905.063 940.003 705.131 556.734 784.38 868.261 1089.76 1462.41 1632.36 1385.9 967.103 588.24 801.188 -9999 -9999 -9999 -9999 -9999 -9999
2971.99 2706.15 2019.14 1490.11 1358.09 1598.99 1635.86 1705.28 1517.69 1451.25 1239.37 815.285 559.44 349.68 189.471 257.335 655.266 1196.46 1217.85 397.933 549.23 804.373 494.795 357.907 308.877 297.105 282.878 360.02 846.629 1461.17 1705.02 1981.7 2204.02 2479.33 2523.42 1910.03 1493.06 1313.11 1290.92 1123.21 883.735 759.598 773.761 675.668 294.366 873.674 825.892 269.675 534.567 366.251 900.192 1632.68 1074.84 410.797 434.474 548.419 409.994 301.038 320.044 333.094 325.001 742.103 1301.91 1435.44 1541.83 1309.96 1170.22 1382.75 -9999 -9999 -9999 -9999 -9999 -9999 -9999
2121.45 2043.95 1373.79 617.674 487.269 751.38 789.376 800.503 607.312 566.556 424.074 347.46 441.672 650.287 656.678 471.015 910.627 1696.52 1566.68 585.684 359.494 394.859 425.557 700.127 805.921 969.181 835.932 408.599 466.847 830.452 835.269 1048.05 1266.24 1569.16 1881.61 1194.64 657.223 609.562 711.964 677.011 490.514 398.31 387.98 336.008 249.673 786.255 677.174 298.927 421.988 502.334 1330.77 2020.2 1440.09 985.326 601.274 467 620.149 642.483 798.435 740.907 283.965 276.96 483.947 532.365 683.642 555.533 566.327 1494.14 -9999 -9999 -9999 -9999 -9999 -9999 -9999
1169.4 1261.18 806.7 171.032 154.857 221.076 219.483 283.177 304.398 355.359 384.539 893.334 1264.18 1544.16 1551.51 1297.78 1548.37 2015.46 1656.48 618.274 236.783 296.898 739.367 987.187 1103.4 1131.17 698.25 337.702 514.432 674.935 419.66 368.324 430.882 740.523 1234.59 692.628 321.18 459.815 370.525 414.652 557.697 717.245 828.968 445.823 280.15 789.793 563.076 371.41 469.212 820.722 1725.71 2031.28 1426.72 1042.12 912.737 832.701 889.308 917.735 685.984 379.633 201.453 222.696 266.461 386.12 213.834 237.267 614.889 -9999 -9999 -9999 -9999 -9999 -9999 -9999 -9999
303.228 402.003 362.784 116.349 241.385 181.754 291.865 619.323 929.267 1097.6 1159.14 1390.87 1611.01 1711.1 1516.28 1603.54 1878.38 1820.58 1390.08 540.916 246.906 457.78 453.137 331.04 409.217 429.093 287.301 665.784 1059.92 1305.03 1087.25 822.985 559.543 338.953 683.282 350.534 638.686 1164.29 1060.29 1162.23 1411.83 1361.6 912.959 287.846 535.29 862.796 392.717 503.117 1000.28 1382.49 1894.59 1557.72 782.665 337.979 332.249 287.777 264.841 298.99 175.57 300.447 377.962 737.369 961.989 1024.16 595.704 588.007 1164.83 -9999 -9999 -9999 -9999 -9999 -9999 -9999 -9999
592.094 453.377 342.282 618.306 967.546 763.631 385.063 266.725 650.233 938.668 985.502 642.239 693.2 744.8 548.971 695.341 961.526 818.517 521.179 199.79 185.719 279.558 467.685 808.473 655.412 529.721 812.426 1498.01 1905.01 2116.19 2045.11 1788.51 1323.06 617.19 297.997 733.414 1125.93 1423.44 1510.25 1895.35 1767.88 995.922 330.461 426.106 1057.46 1058.53 651.076 1106.7 1762.04 1920.1 1398.01 717.505 351.463 261.984 387.48 646.133 624.94 374.448 267.132 430.757 592.775 1127.74 1590.64 1778.51 1537.33 1479.1 1680.02 1691.31 -9999 -9999 -9999 -9999 -9999 -9999 -9999
1255.16 1261.46 1150.46 1260.62 1534 1548.14 1136.72 537.529 371.359 365.321 369.106 362.992 364.202 368.237 443.54 379.521 356.207 324.716 448.896 423.82 297.409 526.111 869.545 1172.21 1026.97 661.594 911.231 1613.77 1550.66 1574.35 1751.95 1676.28 1525.22 1147 496.116 373.424 554.774 613.956 796.121 1585.03 1369.77 526.488 327.517 1067.74 1680.49 1737.7 1524.67 1776.26 1880.16 1505.32 791.682 244.55 343.795 565.732 678.737 678.407 439.915 284.429 186.891 244.432 272.521 543.731 870.869 1312.99 1425.43 1342.99 1096.95 726.614 112.944 -9999 -9999 -9999 -9999 -9999 -9999
861.919 1158.73 1108.03 873.32 1139.41 1460.53 1470.5 1363.47 1142.52 911.22 798.251 1112.04 1119.45 1107.78 1292.25 1126.49 797.364 810.288 1247 1125.61 736.706 416.123 367.78 478.5 431.327 351.782 827.105 998.436 624.737 631.04 797.811 753.64 900.641 1127.03 1019.66 696.38 364.942 324.694 763.051 1534.39 1167.4 354.168 536.783 1500.24 1860.45 1736.91 1599.14 1618.99 1248.27 866.008 319.821 376.332 421.002 302.136 265.206 322.715 419.476 628.951 616.138 777.209 410.476 175.492 259.591 465.481 573.059 477.469 332.761 242.916 206.653 -9999 -9999 -9999 -9999 -9999 -9999
