public/models/data/input/map/sulsel/1000/mapdroad.asc
NCOLS 496
NROWS 622
XLLCORNER -95260.364462
YLLCORNER 9790791.912663
CELLSIZE 1000.000000
NODATA_VALUE       -9999
[rows 0 to 32 of 622, columns 225 to 299 of 496]
-9999 -9999 -9999 -9999 -9999 -9999 -9999 -9999 -9999 -9999 -9999 -9999 -9999 -9999 -9999 -9999 -9999 -9999 -9999 -9999 -9999 -9999 -9999 -9999 -9999 -9999 -9999 -9999 -9999 -9999 -9999 -9999 -9999 -9999 -9999 -9999 -9999 -9999 -9999 -9999 -9999 -9999 -9999 -9999 -9999 -9999 -9999 -9999 -9999 -9999 -9999 -9999 -9999 -9999 -9999 -9999 -9999 -9999 -9999 -9999 -9999 -9999 -9999 -9999 -9999 -9999 -9999 -9999 -9999 -9999 -9999 -9999 -9999 -9999 -9999
-9999 -9999 -9999 -9999 -9999 -9999 -9999 -9999 -9999 -9999 -9999 -9999 -9999 -9999 -9999 -9999 -9999 -9999 -9999 -9999 -9999 -9999 -9999 -9999 -9999 -9999 -9999 -9999 -9999 -9999 -9999 -9999 -9999 -9999 -9999 -9999 -9999 -9999 -9999 -9999 -9999 -9999 -9999 -9999 -9999 -9999 -9999 -9999 -9999 -9999 -9999 -9999 -9999 -9999 -9999 -9999 -9999 -9999 -9999 -9999 -9999 -9999 -9999 -9999 -9999 -9999 -9999 -9999 -9999 -9999 -9999 -9999 -9999 -9999 -9999
-9999 -9999 -9999 -9999 -9999 -9999 -9999 -9999 -9999 -9999 -9999 -9999 -9999 -9999 -9999 -9999 -9999 -9999 -9999 -9999 -9999 -9999 -9999 -9999 -9999 -9999 -9999 -9999 -9999 -9999 -9999 -9999 -9999 -9999 -9999 -9999 -9999 -9999 -9999 -9999 -9999 -9999 -9999 -9999 -9999 -9999 -9999 -9999 -9999 -9999 -9999 -9999 -9999 -9999 -9999 -9999 -9999 -9999 -9999 -9999 -9999 -9999 -9999 -9999 -9999 -9999 -9999 -9999 -9999 -9999 -9999 -9999 -9999 -9999 -9999
-9999 -9999 -9999 -9999 -9999 -9999 -9999 -9999 -9999 -9999 -9999 -9999 -9999 -9999 -9999 -9999 -9999 -9999 -9999 -9999 -9999 -9999 -9999 -9999 -9999 -9999 -9999 -9999 -9999 -9999 -9999 -9999 -9999 -9999 -9999 -9999 -9999 -9999 -9999 -9999 -9999 -9999 -9999 -9999 -9999 -9999 -9999 -9999 -9999 -9999 -9999 -9999 -9999 -9999 -9999 -9999 -9999 -9999 -9999 -9999 -9999 -9999 -9999 -9999 -9999 -9999 -9999 -9999 -9999 -9999 -9999 -9999 -9999 -9999 -9999
-9999 -9999 -9999 -9999 -9999 -9999 -9999 -9999 -9999 -9999 -9999 -9999 -9999 -9999 -9999 -9999 -9999 -9999 -9999 -9999 -9999 -9999 -9999 -9999 -9999 -9999 -9999 -9999 -9999 -9999 -9999 -9999 -9999 -9999 -9999 -9999 -9999 -9999 -9999 -9999 -9999 -9999 -9999 -9999 -9999 -9999 -9999 -9999 -9999 -9999 -9999 -9999 -9999 -9999 -9999 -9999 -9999 -9999 -9999 -9999 -9999 -9999 -9999 -9999 -9999 -9999 -9999 -9999 -9999 -9999 -9999 -9999 -9999 -9999 -9999
-9999 -9999 -9999 -9999 -9999 -9999 -9999 -9999 -9999 -9999 -9999 -9999 -9999 -9999 -9999 -9999 -9999 -9999 -9999 -9999 -9999 -9999 -9999 -9999 -9999 -9999 -9999 -9999 -9999 -9999 -9999 -9999 -9999 -9999 -9999 -9999 -9999 -9999 -9999 -9999 -9999 -9999 -9999 -9999 -9999 -9999 -9999 -9999 -9999 -9999 -9999 -9999 -9999 -9999 -9999 -9999 -9999 -9999 -9999 -9999 -9999 -9999 -9999 -9999 -9999 -9999 -9999 -9999 -9999 -9999 -9999 -9999 -9999 -9999 -9999
-9999 -9999 -9999 -9999 -9999 -9999 -9999 -9999 -9999 -9999 -9999 -9999 -9999 -9999 -9999 -9999 -9999 -9999 -9999 -9999 -9999 -9999 -9999 -9999 -9999 -9999 -9999 -9999 -9999 -9999 -9999 -9999 -9999 -9999 -9999 -9999 -9999 -9999 -9999 -9999 -9999 -9999 -9999 -9999 -9999 -9999 -9999 -9999 -9999 -9999 -9999 -9999 -9999 -9999 -9999 -9999 -9999 -9999 -9999 -9999 -9999 -9999 -9999 -9999 -9999 -9999 -9999 -9999 -9999 -9999 -9999 -9999 -9999 -9999 -9999
-9999 -9999 -9999 -9999 -9999 -9999 -9999 -9999 -9999 -9999 -9999 -9999 -9999 -9999 -9999 -9999 -9999 -9999 -9999 -9999 -9999 -9999 -9999 -9999 -9999 -9999 -9999 -9999 -9999 -9999 -9999 -9999 -9999 -9999 -9999 15227.7 15616.9 16091.2 16265.7 -9999 -9999 -9999 -9999 -9999 -9999 -9999 -9999 -9999 -9999 -9999 -9999 -9999 -9999 -9999 -9999 -9999 -9999 -9999 -9999 -9999 -9999 -9999 -9999 -9999 -9999 -9999 -9999 -9999 -9999 -9999 -9999 -9999 -9999 -9999 -9999
-9999 -9999 -9999 -9999 -9999 -9999 -9999 -9999 -9999 -9999 -9999 -9999 -9999 -9999 -9999 -9999 -9999 -9999 -9999 -9999 -9999 -9999 -9999 -9999 -9999 -9999 -9999 -9999 -9999 -9999 -9999 -9999 12792.3 12989.1 13965.8 14535.3 15049.8 15819.6 16774.9 17801.5 18385.5 18795.5 -9999 18484.7 18076.3 17708.7 17368 -9999 -9999 -9999 -9999 -9999 -9999 -9999 -9999 -9999 -9999 -9999 -9999 -9999 -9999 -9999 -9999 -9999 -9999 -9999 -9999 -9999 -9999 -9999 -9999 -9999 -9999 -9999 -9999
-9999 -9999 -9999 -9999 -9999 -9999 -9999 -9999 -9999 -9999 -9999 -9999 -9999 -9999 -9999 -9999 -9999 -9999 -9999 -9999 -9999 -9999 -9999 -9999 -9999 -9999 -9999 -9999 -9999 -9999 -9999 -9999 12489.5 12687.9 13108 13692.2 14480.4 15428.9 16388.9 17508.9 18395.1 18736 18436.9 18298.1 17894 17514.3 17146.4 16202 15910.7 -9999 -9999 -9999 -9999 -9999 -9999 -9999 -9999 -9999 -9999 -9999 -9999 -9999 -9999 -9999 -9999 -9999 -9999 -9999 -9999 -9999 -9999 -9999 -9999 -9999 -9999
-9999 -9999 -9999 -9999 -9999 -9999 -9999 -9999 -9999 -9999 -9999 -9999 -9999 -9999 -9999 -9999 -9999 -9999 -9999 -9999 -9999 -9999 -9999 -9999 -9999 -9999 -9999 -9999 -9999 -9999 -9999 11052.4 11318.2 11757.4 12227.3 13121.5 14071.3 15031.3 15991.3 17111.3 18011.6 18307 17984 17538.1 17140.5 16742.8 16340.7 15815.9 15339.8 14855.3 -9999 -9999 -9999 -9999 -9999 -9999 -9999 -9999 -9999 -9999 -9999 -9999 -9999 -9999 -9999 -9999 -9999 -9999 -9999 -9999 -9999 -9999 -9999 -9999 -9999
-9999 -9999 -9999 -9999 -9999 -9999 -9999 -9999 -9999 -9999 -9999 -9999 -9999 -9999 -9999 -9999 -9999 -9999 -9999 -9999 -9999 -9999 -9999 -9999 -9999 -9999 -9999 -9999 -9999 -9999 -9999 10188 10352.6 10869.7 11618 12713.6 13673.6 14633.6 15593.6 16712.6 17457 17432.1 17042 16578.1 16180.5 15782.8 15385.2 14920.7 14523.6 14329 -9999 -9999 -9999 -9999 -9999 -9999 -9999 -9999 -9999 -9999 -9999 -9999 -9999 -9999 -9999 -9999 -9999 -9999 -9999 -9999 -9999 -9999 -9999 -9999 -9999
-9999 -9999 -9999 -9999 -9999 -9999 -9999 -9999 -9999 -9999 -9999 -9999 -9999 -9999 -9999 -9999 -9999 -9999 -9999 -9999 -9999 -9999 -9999 -9999 -9999 -9999 -9999 -9999 -9999 -9999 7805.46 8876.94 9392.96 10180 11129.7 12249.7 13209.7 14169.7 15129.7 16215.2 16637.8 16319.8 15922 15458.1 15060.5 14662.8 14265.2 13801.3 13406.3 12972.2 11787.3 11394.7 -9999 -9999 -9999 -9999 -9999 -9999 -9999 -9999 -9999 -9999 -9999 -9999 -9999 -9999 -9999 -9999 -9999 -9999 -9999 -9999 -9999 -9999 -9999
-9999 -9999 -9999 -9999 -9999 -9999 -9999 -9999 -9999 -9999 -9999 -9999 -9999 -9999 -9999 -9999 -9999 -9999 -9999 -9999 -9999 5701.09 5834.14 -9999 -9999 -9999 -9999 -9999 -9999 -9999 7512.75 8035.31 8823.6 9772.07 10732.1 11852.1 12812.1 13772.1 14732.1 15742 15821.8 15373.6 14962.1 14498.1 14100.5 13702.8 13305.2 12841.3 12443.6 12024.9 11539.7 11079.9 10154.9 9717.99 9591.51 -9999 -9999 -9999 -9999 -9999 -9999 -9999 -9999 -9999 -9999 -9999 -9999 -9999 -9999 -9999 -9999 -9999 -9999 -9999 -9999
-9999 -9999 -9999 -9999 -9999 -9999 -9999 -9999 -9999 -9999 -9999 -9999 -9999 -9999 -9999 -9999 -9999 -9999 -9999 -9999 5172.14 5245.77 5639.64 -9999 -9999 -9999 -9999 -9999 -9999 5620.55 6538.33 7464.68 8414.43 9374.42 10334.4 11454.4 12414.4 13374.4 14334.4 15179.9 14939.9 14478.3 14012.7 13538.1 13140.5 12742.8 12345.2 11881.3 11483.6 11086 10688.4 10253.3 9795.87 9381.36 8825.42 8779.85 8904.16 -9999 -9999 -9999 -9999 -9999 3640.51 2887.49 1927.49 957.291 254.383 749.282 -9999 -9999 -9999 -9999 -9999 -9999 -9999
-9999 -9999 -9999 -9999 -9999 -9999 -9999 -9999 -9999 -9999 -9999 -9999 -9999 -9999 -9999 -9999 -9999 -9999 -9999 5668.07 5422.07 4740.87 3786.58 3179.9 -9999 -9999 -9999 3464.46 3950.48 4997.45 5948.78 7056.78 8016.78 8976.78 9936.78 11056.8 12016.8 12976.8 13936.8 14517.9 14047.5 13583.8 13122.6 12578.7 12180.5 11782.8 11385.2 10921.3 10523.6 10126 9728.35 9314.18 8916.54 8518.5 8172.45 8401.78 8563.05 8372.53 7771.06 6676.11 5740.29 4805.15 3814.25 2761.92 1801.92 840.013 288.429 1049.52 1863.69 2154.25 -9999 -9999 -9999 -9999 -9999
-9999 -9999 -9999 -9999 -9999 -9999 -9999 -9999 -9999 -9999 -9999 -9999 -9999 -9999 -9999 -9999 8284.88 7667.66 7193.25 6017.49 5199.4 4262.91 3305.26 2476.5 1041.11 713.153 2027.8 2719.13 3555.94 4512.86 5472.86 6592.86 7552.86 8512.86 9472.86 10592.9 11552.9 12512.9 13471 13720.5 13099.8 12546.7 12078.1 11538.6 11071.1 10662.9 10265.2 9801.29 9403.64 9006 8608.35 8194.71 7796.54 7398.89 7084.09 7363.69 7649.94 7608.21 7377.19 6836.27 5890.54 4930.54 3970.54 2850.54 1890.71 948.818 261.726 890.334 1833.82 2734.24 3520.96 5014.51 5534.23 -9999 9509.54
-9999 -9999 -9999 -9999 -9999 -9999 -9999 -9999 -9999 -9999 -9999 -9999 -9999 -9999 -9999 8890.7 8517.58 7880.34 6968.53 5849.47 4889.47 3929.47 2969.47 1848.87 945.848 483.258 1275.08 2198.29 3155.22 4115.22 5075.22 6195.22 7155.22 8115.22 9075.22 10195.2 11155.2 12115.2 13062.1 13014.8 12365.1 11745 11189 10642.3 10179.2 9716.76 9305.28 8841.29 8443.64 8046 7648.36 7239.2 6837.33 6438.89 6124.09 6403.76 6690.15 6648.21 6466.69 6498.45 5713.69 4747.56 3782.55 2662.55 1702.55 757.614 325.297 1149.32 2090.41 3048.94 4000.7 5139.08 5927.88 7184.62 9031.33
-9999 -9999 -9999 -9999 -9999 -9999 -9999 -9999 -9999 -9999 -9999 -9999 -9999 -9999 -9999 9040.16 8802.76 7966.66 7006.66 5886.66 4926.66 3966.66 3006.66 1886.68 936.781 339.741 817.841 1900.12 2853 3813 4773 5893 6853 7813 8772.99 9892.99 10853 11813 12679.5 12387.7 11659.8 11007.5 10384.6 9748.31 9283.08 8821.51 8355.83 7881.29 7483.65 7086 6688.36 6284.41 5889.88 5487.89 5164.09 5467.34 5754.76 5688.21 5506.69 5776.69 5411.84 4483.14 3518.14 2398.14 1438.14 520.23 494.819 1479.56 2411.25 3366.26 4326.26 5442.48 6372.16 7242.51 8230.89
-9999 -9999 -9999 -9999 -9999 -9999 -9999 -9999 -9999 -9999 -9999 -9999 -9999 -9999 -9999 9218.34 9011.44 8221.1 7261.1 6141.1 5181.1 4221.1 3261.1 2141.1 1182.34 387.097 630.633 1632.33 2588.2 3548.2 4508.2 5628.2 6588.2 7548.2 8508.2 9628.2 10588.2 11548.2 12327.2 11756.9 11030.1 10299.5 9651.81 8925.82 8390.66 7926.97 7465.72 6921.88 6523.65 6126 5728.36 5392.01 5009.71 4628.9 4223.34 4791.4 4834.35 4728.22 4546.69 4901.34 5046.18 4472.82 3532.89 2412.13 1455.38 548.728 377.315 1302.55 2256.48 3215.3 4175.3 5258.05 6107 6912.15 7747.02
-9999 -9999 -9999 -9999 -9999 -9999 -9999 -9999 -9999 -9999 -9999 -9999 -9999 -9999 -9999 9658.55 9435.57 8621.1 7661.1 6541.1 5581.1 4621.1 3661.1 2541.16 1587.19 686.413 324.429 1231.95 2191.95 3151.95 4111.95 5231.95 6191.95 7151.95 8111.95 9231.95 10192 11152 11897.9 11188.3 10315.9 9564.85 8827.65 8067.89 7443 6889.83 6421.23 5881.8 5414.26 5006.07 4608.36 4415.84 3925.92 3336.39 3066.99 3457.05 3635.17 3620.9 3426.69 3791.04 4185.18 4173.46 3433.89 2410.93 1685.68 1002.92 422.229 1106.49 2005.81 2901.13 3725.58 4667.08 5468.7 6270.05 6873.54
-9999 -9999 -9999 -9999 -9999 -9999 -9999 -9999 -9999 -9999 -9999 -9999 -9999 -9999 -9999 10030.2 9767 8892.17 7932.17 6812.17 5852.17 4892.17 3932.17 2812.35 1864.39 930.341 283.85 1071.33 2031.24 2990.75 3928.36 5034.69 5994.69 6954.69 7914.69 9034.68 9994.68 10954.7 11592.3 10787.7 9832.1 8966.83 8207.21 7357.94 6708.29 6088.19 5532.18 4985.4 4522.3 4059.91 3648.43 3506.48 3125.37 2497.37 1989.83 2283.19 2704.23 2671.16 2466.69 2823.05 3307.53 3496.63 2975.72 1902.56 1126.96 737.798 383.54 951.522 1673.84 2425.07 3182.51 4111.05 4900.37 5512 6003.33
-9999 -9999 -9999 -9999 -9999 -9999 -9999 -9999 -9999 -9999 -9999 -9999 -9999 -9999 -9999 10737.9 9897.18 8990.77 8030.77 6910.77 5950.77 4990.77 4030.77 2910.77 1950.77 991.833 287.62 1005.65 1961.77 2863.38 3727.94 4824.7 5784.7 6744.7 7704.7 8824.7 9784.7 10744.7 11273.8 10390.1 9430.06 8474.46 7600.61 6730.89 6002.99 5350.65 4727.71 4091.46 3626.22 3164.66 2698.97 2572.02 2180.12 1697.59 1102.37 1418.94 1923.19 1772.58 1507.13 1884.77 2336.28 2528.28 2244.16 1425.21 646.098 223.139 202.585 412.236 1091.66 1851.75 2615.14 3554.76 4154.35 4648.56 5195.47
-9999 -9999 -9999 -9999 -9999 -9999 -9999 -9999 -9999 -9999 -9999 -9999 13621.2 13364.3 12064.9 11000.1 10081.1 9126.27 8166.27 7046.27 6086.27 5126.27 4166.27 3046.27 2086.27 1126.63 304.206 855.57 1667.86 2416.07 3318.65 4435.46 5395.46 6355.46 7315.46 8435.46 9395.46 10355.5 10866 9992.41 9032.42 8072.42 7115.35 6100.07 5373.25 4642.65 3994.96 3268.96 2733.81 2274.7 1875.33 1552.69 1556.1 743.185 321.31 737.384 1323.9 1053.81 593.717 1005.09 1369.9 1540 1382.9 791.485 432.281 415.761 188.061 187.211 490.954 1253.44 2090.45 2800.6 3288.04 3837.83 4442.1
-9999 -9999 -9999 -9999 -9999 -9999 -9999 -9999 -9999 -9999 15335.2 14846.4 14278.1 13337.9 12386.2 11261.1 10301.1 9341.13 8381.13 7261.13 6301.13 5341.13 4381.13 3261.13 2301.13 1341.22 433.183 381.528 1020.38 1928.82 2888.82 4008.82 4968.82 5928.82 6888.82 8008.82 8968.82 9915.13 10204.2 9469.4 8564.72 7608.5 6648.5 5531.43 4659.05 3908 3170.79 2414.91 1792.58 1234.59 926.123 486.443 374.417 409.829 551.133 289.837 520 551.77 276.279 248.7 451.425 555.837 474.159 377.194 798.477 529.44 464.784 617.661 202.657 669.799 1219.93 1787.26 2351.43 2978.08 3727.1
-9999 -9999 -9999 -9999 -9999 -9999 -9999 -9999 -9999 -9999 15099.2 14796 14134.5 13250 12297 11177 10217 9256.98 8296.98 7176.98 6216.98 5256.98 4296.98 3176.98 2216.98 1257.27 390.17 407.203 1038.86 1939.16 2897.11 4017.11 4977.11 5937.11 6897.11 8017.11 8976.86 9774.87 9630.84 8832.97 8097.96 7205.81 6250.85 5130.85 4175.25 3309.97 2550.35 1701.8 1032.19 489.568 334.424 738.325 1004.93 1220.04 1289.29 729.137 491.095 459.071 408.397 219.106 536.25 600.182 544.924 828.18 1255.09 806.278 412.608 756.867 336.269 337.453 459.46 993.786 1625.99 2368.39 3148.13
-9999 -9999 -9999 -9999 -9999 -9999 -9999 -9999 -9999 14202.2 14289.7 13936.8 13502.1 12944.5 12213.6 11133.3 10173.3 9213.27 8253.27 7133.27 6173.27 5213.27 4253.27 3133.27 2173.27 1213.79 353.671 666.647 1468.16 2331.31 3275.11 4394.95 5354.95 6314.95 7274.95 8393.72 9270.43 9610.38 9111.26 8197.44 7472.63 6740.32 5849.43 4733.21 3773.21 2817.6 1943.76 1086.16 434.676 439.488 959.143 1609.83 1965.05 2155.28 2093.63 1614.91 1393.89 1314.74 1024.63 707.689 1201.16 1484.55 1476.39 1681.47 1765.51 1063.78 365.37 348.986 570.838 825.851 455.025 389.438 1011.15 1790.1 2534.65
-9999 -9999 -9999 -9999 -9999 -9999 -9999 -9999 -9999 13532.2 13405.8 12978.1 12580.5 12179.4 11740.8 10981.9 10072.6 9112.71 8152.71 7032.71 6072.71 5112.71 4152.71 3032.71 2072.71 1112.88 291.294 742.65 1675.47 2621.55 3576.83 4696.78 5656.78 6616.78 7576.78 8566.52 8956.63 8973.82 8480.97 7630.74 6839.8 6117.68 5400.07 4364.7 3416.11 2461.13 1504.06 525.919 398.459 1006.81 1693.48 2411.95 2813.28 3091.41 2999.51 2572.86 2353.76 2199.2 1839.6 1591.35 1971 2357.89 2435.46 2536.94 2275.27 1527.87 957.147 785.721 1246.73 1825.33 1007.37 385.715 482.131 1177 1981.33
-9999 -9999 -9999 -9999 -9999 -9999 -9999 14876 14369.5 13412.5 12594.3 11875.7 11460.5 11062.8 10665.2 10196.7 9681.37 8903.08 8036.12 6946.49 5986.52 5026.52 4066.52 2946.57 2003.58 1113.79 323.58 637.577 1571.13 2531.13 3491.13 4611.13 5571.13 6531.13 7447.68 7884.58 7904.78 7919.3 7606.68 6902.55 6172.14 5377.84 4654.22 3847.57 3047.14 2300.95 1530.84 562.748 501.766 1404.07 2293.59 3250.77 3848.21 4208.07 4117.47 3692.86 3473.24 3291.79 2945.51 2709.41 3053.21 3426.39 3574.91 3562.02 2995.64 2445.03 2051.61 1900.39 2310.83 2931.27 3796.74 881.447 326.505 689.064 1602.93
-9999 -9999 -9999 -9999 -9999 -9999 15634.7 14877.5 14081.9 13125.8 12170.4 11128.4 10526.9 10102.8 9705.21 9241.29 8837.39 8315.7 7566.16 6566.72 5654.78 4707.82 3747.94 2650.29 1736.64 859.234 286.244 661.461 1622.73 2581.78 3541.78 4661.78 5621.78 6533.51 7025.67 6933.57 6944.78 6959.3 6682.67 6224.84 5557.46 4812.4 4020.19 3179.57 2479.25 1701.34 1021.88 330.669 734.484 1673.38 2633.11 3736.48 4579.71 5137.16 5077.18 4652.86 4433.24 4251.79 3905.51 3669.41 4013.21 4386.17 4628.61 4346.8 3802.99 3412.27 3092.04 2878.67 3112.99 3268.03 3319.75 1066.69 349.743 807.077 1753.63
-9999 -9999 -9999 -9999 -9999 15888.8 15587.2 14641.7 13692.8 12732.8 11772.8 10656.9 9783.01 9169.21 8745.21 8281.29 7883.65 7479.75 6969.06 6078.58 5249.33 4373.06 3427.26 2342.88 1487.5 551.493 150.599 742.598 1706.74 2664.59 3624.59 4755.31 5700.65 6331.95 6230.96 5973.57 5984.78 5999.3 5722.67 5429.9 4975.87 4200.44 3456.84 2540.59 1820.38 1121.73 422.074 474.071 1167.78 2065.36 3016.74 4136.21 5083.34 5898.57 6017.99 5612.86 5393.24 5211.79 4865.51 4629.41 4973.21 5346.17 5523.17 5159.6 4753.7 4356.05 4043.77 3834.16 3854.47 3300.42 2391.55 1181.37 563.557 747.292 1501.27
-9999 -9999 -9999 -9999 -9999 15587.3 15289.6 14255.1 13295.1 12335.1 11375.1 10255.2 9299.26 8413.07 7802.78 7321.29 6923.65 6526 6124.19 5522.67 4724.08 3902.8 3042.96 1947.65 1021.09 286.229 124.703 670.758 1631.14 2574.56 3524.82 4861.46 5576.07 5640.25 5283.97 5013.57 5024.78 5039.3 4762.67 4525.59 4364.51 3644.17 2839.08 1973.88 1182.94 496.197 332.466 1052.76 1766.41 2520.86 3420.37 4534.29 5493.85 6436.73 6904.93 6572.86 6353.24 6171.79 5825.51 5589.41 5933.21 6306.17 6464.3 6111.34 5713.7 5316.05 4990.64 4762.47 4446.22 3564.99 2627.41 1782.96 1153.99 651.834 442.058
-9999 -9999 -9999 14223 14303.5 14569 14676.6 13791.2 12831.2 11871.2 10911.2 9791.24 8831.24 7871.24 6944.04 6218.87 5803.65 5406 5008.36 4597.78 4139.66 3284.92 2481.5 1600.32 757.104 295.901 250.803 704.105 1663.89 2623.89 3583.89 4695 4910.7 4553.97 4163.97 3893.57 3904.78 3919.3 3642.67 3418.44 3434.33 3008.5 2192.08 1255.44 567.988 383.114 935.183 1749.49 2514.67 3223.78 3964.5 5004.28 5958.3 6918.21 7758.9 7692.86 7473.24 7291.79 6945.51 6709.41 7053.21 7426.17 7584.05 7231.34 6833.7 6436.05 6109.21 5740.04 4988.9 4082.54 3363.23 2556.25 1954.37 1245.74 636.414
