public/models/data/input/map/sulsel/1000/mapdroad.asc
NCOLS 496
NROWS 622
XLLCORNER -95260.364462
YLLCORNER 9790791.912663
CELLSIZE 1000.000000
NODATA_VALUE       -9999
[rows 198 to 230 of 622, columns 225 to 299 of 496]
209.492 316.249 586.279 567.932 452.149 227.796 265.074 320.771 591.877 329.703 600.378 615.815 543.02 336.048 379.67 261.429 181.901 200.951 293.804 530.988 505.296 552.835 539.22 266.161 581.133 1107.96 1132.22 442.701 256.89 326.155 680.189 1479.91 1620.75 1020.58 449.142 668.104 1517.88 2205.82 2164.62 1803.12 1323.76 1068.65 950.602 856.739 1309.3 2068.34 2956.33 2716.94 1786.84 761.087 150.017 561.133 1003.93 871.554 1460.67 2486.19 3385.98 4291.58 5187.8 5912.55 6327.42 6688.11 6443.56 5396.24 4467.38 3680.1 3021.37 2052.61 1143.58 538.003 236.505 102.314 137.242 164.501 216.203
170.01 154.13 234.362 241.514 273.602 295.006 614.141 868.399 765.107 342.495 908.83 1418.76 921.544 368.31 485.506 256.091 195.46 183.466 195.061 385.06 1056.5 1380.54 1073.5 304.312 612.576 1341.9 1368.9 465.585 170.31 502.011 1172.02 1964.06 1629.73 699.176 358.411 1026.95 1773.06 2678.27 3051.91 2659.34 2259.43 2032.46 1936.48 1806.31 2158.4 2656.34 3331.36 2812.64 1853.81 983.466 484.985 286.366 465.218 361.759 1053.59 2070.69 2935.09 3866.06 4494.58 4969.78 5367.42 5763.96 5898.61 4998.31 4038.6 3103.64 2349.03 1678.55 881.047 404.568 230.166 132.311 130.357 132.258 141.031
308.547 577.432 386.132 177.962 324.025 778.495 1385 1704.21 1215.3 816.263 1298.91 1913.02 1175.68 331.999 71.5138 0 368.346 790.555 559.425 366.338 1119.63 1446.59 1079.16 263.475 420.214 685.602 526.229 208.72 367.012 487.962 1136.56 2014.59 1543.15 596.546 445.629 1424.68 2280.64 3127.22 3890.49 3765.73 3379.24 3152.39 3054.35 2926.27 3269.21 3642.69 3923.02 3245.77 2419.56 1869.76 1745.48 1787.17 282.605 171.014 560.047 1509.41 2451.01 3194.68 3451 3849.78 4248.07 4662.72 5126.37 4545.78 3585.78 2625.78 1668.12 841.412 712.965 359.991 378.333 361.371 226.862 166.698 127.403
391.159 947.835 610.411 355.653 411.85 506.576 1045.22 1404.45 1272.54 1320.32 1644.42 2011.95 1254.71 431.584 208.313 50 642.521 753.417 324.739 324.499 743.226 666.915 637.932 174.823 286.204 317.601 367.602 470.129 355.183 451.287 989.687 1933.52 1711.92 771.192 330.33 1144.04 2076.48 3033.22 3979.29 4477.41 4145.48 3858.77 3655.12 3647.68 3945.97 4020.65 3820.64 3258.69 2727.44 2335.84 2116.27 1516.59 672.779 277.646 461.824 1316.63 1995.91 2367.85 2495.42 2890.42 3308.82 3864.69 4651.55 4392.56 3434.38 2474.38 1514.38 503.837 348.411 331.481 416.027 291.433 179.806 189.481 172.747
461.182 1069.65 617.958 362.932 533.08 354.131 379.503 517.604 509.933 745.477 1105.15 1618.05 1516.59 757.229 248.881 285.309 173.039 206.338 327.605 271.53 674.175 332.122 397.713 162.86 197.615 289.213 651.252 1056.03 987.37 980.992 1347.74 2101.41 2038.21 1161.6 346.168 755.726 1709.63 2669.12 3629.12 4336.29 3896.6 3489.12 3122.88 3299.01 3537.83 3304.37 2905.51 2499.42 2095.1 1664.87 1482.56 1045.62 546.362 420.506 919.106 1136.37 1267.62 1422.63 1535.42 1947.43 2507.05 3333.78 4280.45 4604.51 3731.9 2773.59 1815.32 864.391 434.264 380.672 478.868 263.597 193.728 139.24 170.742
525.449 1237.14 884.385 289.728 290.711 421.908 222.8 207.605 310.992 236.747 343.86 1117.1 1673.41 1243.17 518.613 268.993 188.553 337.595 659.7 495.144 654.176 268.394 188.689 238.375 540.875 455.066 309.183 948.393 1576.52 1651.1 1425.77 1678.12 1937.21 1444.74 516.573 448.104 1342.75 2302.19 3262.19 3863.47 3144.97 2552.45 2163.26 2357.04 2620.59 2355.11 1947.96 1575.35 1293.28 784.547 743.441 337.149 309.588 456.113 653.526 385.923 363.499 478.902 583.249 1126.06 1973.12 2924.09 3884.09 4317.57 3790.73 3089.81 2306.78 1513.26 705.794 234.965 311.663 548.37 399.503 315.017 554.064
1004.73 1517.92 1361.1 1012.96 530.756 264.247 157.59 143.438 223.644 307.158 277.423 641.584 1464.56 1696.76 1193.9 577.572 289.763 772.316 1752.62 441.421 317.683 166.939 110.068 213.958 581.358 935.475 483.197 638.555 1568.47 1408.33 638.266 727.144 1405.5 1619.82 892.427 281.096 1037.23 1996.78 2956.78 3432.98 2561.84 1679.91 1080.37 1402.95 1616.51 1289.45 878.689 537.134 415.597 241.662 230.586 136.243 130.753 193.953 278.667 584.725 677.06 565.968 475.964 948.008 1850.31 2803.16 3568.35 3385.95 2887.61 2454.98 2043.71 1664.63 1098.41 517.116 497.499 232.846 294.024 503.504 337.72
1475.06 1213.44 815.854 986.397 433.55 137.556 145.91 109.67 169.02 443.591 595.307 309.508 1021.11 1340.14 858.012 296.058 291.103 301.832 1504.99 1344.31 196.107 189.266 297.864 361.793 323.198 582.641 779.827 897.888 1803.26 1517.83 728.32 313.756 917.105 1566.39 1158.56 314.5 828.365 1781.56 2743.43 3182.92 2191.42 1211.52 429.368 523.053 545.077 504.029 262.181 247.641 262.929 209.779 175.854 170.367 269.208 198.089 442.929 771.541 1225.46 1448.1 1418.84 1689.43 2318.16 3110.69 3138.42 2561.05 2034.07 1537.77 1121.31 889.551 1006.38 1056.44 1159.23 474.596 269.403 346.772 292.707
1007.94 633.717 276.128 399.603 262.35 138.311 147.3 133.062 131.668 285.291 457.229 196.327 406.815 543.007 340.193 311.34 344.076 345.944 1019.2 908.943 166.02 301.428 771.362 1002.79 731.896 345.225 638.053 1073.93 1446.76 1568.69 1224.98 460.272 514.273 1301.17 1312.77 434.308 572.269 1475.11 2227.79 2605.04 1336.9 778.465 210.303 266.672 210.456 171.466 130.727 213.919 267.959 171.546 133.41 379.921 587.261 264.461 255.962 314.205 1039.95 1860.33 2292.4 2624.38 3045.33 3279.58 2686.85 1741.89 1230.25 748.312 398.222 318.964 458.807 1019.52 1259.49 655.999 317.525 174.802 146.096
299.04 331.23 329.033 342.862 207.788 154.995 374.054 232.542 352.826 491.222 180.039 495.057 574.112 379.936 160.234 299.974 270.028 359.299 840.925 393.746 167.224 181.236 443.622 979.773 1153.9 631.518 298.251 325.894 672.661 926.371 924.437 754.87 336.084 801.94 1292.43 683.008 401.424 1158.6 2037.1 196.886 449.551 371.574 206.984 288.868 262.065 244.227 152.277 172.102 276.436 77.4435 108.665 195.521 330.173 282.821 200.139 468.163 1092.61 2024.1 2888.33 3475.68 3724.41 3253.79 2338.33 1236.95 529.19 245.193 247.631 594.945 314.163 545.962 579.797 298.211 290.35 361.266 136.974
891.482 725.077 228.832 326.426 214.112 235.901 269.217 240.517 854.064 1083.73 376.408 411.04 388.966 248.304 227.982 639.984 364.807 218.172 302.844 204.506 201.147 205.534 186.202 480.001 735.984 1137.58 1062.48 693.148 276.528 278.721 269.557 459.265 371.067 351.58 562.345 474.367 295.952 548.565 701.222 176.885 200.278 334.943 565.554 400.644 857.438 433.326 155.041 286.756 152.527 206.119 206.958 262.998 154.837 256.637 533.119 1268.26 1674.7 2022.79 2445.89 3084.47 3524.92 2953.66 1997.63 951.014 330.423 345.259 217.408 800.51 610.503 179.602 291.704 614.565 908.58 1003.78 628.763
915.929 548.496 190.908 216.984 182.806 187.217 262.388 749.132 1331.18 1325.92 484.674 183.887 431.109 398.493 298.136 307.151 471.587 650.205 321.13 232.872 331.03 336.737 203.558 162.34 547.971 1383.37 1670.55 1169.46 763.603 696.623 618.75 287.347 395.608 329.801 333.815 464.417 331.293 214.086 586.192 457.834 154.55 528.191 433.076 306.808 743.075 475.676 252.224 221.976 227.835 272.179 292.526 251.358 548.472 1037.48 1384.28 1738.5 1456.24 1217.25 1636.2 2432.81 2874.03 2641.05 1762.44 687.42 272.955 431.325 207.508 646.796 710.563 257.147 199.816 302.975 453.438 509.506 290.923
364.067 274.706 154.531 286.125 258.147 154.561 342.567 1202.2 1799.6 1475.22 597.274 140.597 550.834 658.757 592.248 328.702 621.505 1009.51 511.39 315.914 851.221 816.189 393.926 184.263 578.864 1248.65 1321.13 937.701 1012.89 676.451 391.103 260.732 459.69 411.187 497.831 1087.26 640.882 250.962 299.407 486.05 178.068 162.018 134.363 207.421 324.233 298.454 250.872 238.791 275.61 200.032 299.661 667.295 1142.4 1823.05 2239.87 1806.94 922.991 546.186 1055.11 1594.97 2225.35 2546.85 1863.55 777.578 228.75 196.072 172.742 296.349 320.785 206.426 141.448 159.771 91.697 112.18 259.172
623.995 451.794 228.829 187.12 207.298 184.904 446.761 1438.32 1936.56 1365.79 464.299 142.664 254.748 309.836 318.064 314.117 384.703 716.878 299.078 705.294 1449.24 1472.95 991.368 497.402 296.002 563.033 528.588 271.687 530.122 347.879 541.221 618.106 586.783 371.149 433.623 1000.81 423.559 390.72 452.583 138.447 163.885 265.495 421.911 553.423 312.191 746.906 772.416 394.362 144.518 291.222 254.179 898.693 1561.69 2129.43 2537.83 1708.38 765.558 285.206 446.396 861.474 1742.71 2400.59 1933.81 862.172 411.347 322.24 162.264 208.8 197.558 124.24 138.04 106.355 95.6274 114.418 860.424
649.823 577.071 606.054 394.338 143.281 121.222 407.497 975.529 1369.37 1300.39 592.028 168.971 233.721 510.866 643.513 204.518 251.623 235.344 321.895 1214.43 1769.92 1342.79 586.429 785.209 803.374 336.96 204.783 452.075 265.54 186.632 375.862 503.117 304.414 175.358 560.702 951.664 298.143 536.033 637.718 114.788 139.77 270.181 390.422 266.221 288.891 780.825 612.692 361.183 767.438 957.47 386.87 363.698 864.343 1554.27 2066.68 1938.73 1123.48 397.912 255.905 451.434 1369.03 2266.42 2254.1 1548.64 1315.41 1144.97 672.871 168.477 182.653 176.908 291.695 184.083 241.39 326.971 994.589
908.699 1143.15 1069.15 526.716 125.09 109.611 196.686 303.465 566.947 805.476 630.257 206.461 241.849 586.48 757.756 304.802 750.913 413.224 436.528 1228.22 1486.27 1262.65 489.593 521.287 1018.63 603.602 214.559 698.814 727.061 285.771 184.406 626.212 684.895 309.192 422.917 747.431 289.802 417.81 409.198 157.09 219.036 258.105 149.395 230.852 261.752 451.002 618.894 596.302 1228.6 1305.91 667.527 252.138 449.899 1015.76 1174.48 1536.59 1021.6 352.134 206.893 705.865 1467.82 2104.17 2163.24 1955.14 1813.24 1414.02 995.126 281.504 132.945 218.745 363.017 340.206 169.097 275.899 686.831
1559.19 1810.7 1304.5 352.779 164.163 275.383 364.176 254.882 182.655 237.204 295.897 169.479 189.636 327.323 378.58 375.931 735.534 374.66 442.068 673.662 648.701 861.702 536.723 304.735 486.712 378.963 322.277 414.736 803.803 334.101 256.237 1117.6 1210.63 504.882 275.276 281.258 199.981 201.381 381.214 212.908 274.394 446.686 269.893 343.996 465.98 249.635 320.494 341.333 871.89 917.01 674.509 277.022 405.849 507.467 452.308 1133.78 895.335 282.923 256.755 849.683 1088.22 1379.39 1343.03 1252.09 1302.78 770.51 406.157 169.271 177.87 291.527 414.777 353.467 185.624 339.616 359.486
2358.83 2123.49 1266.58 284.166 166.03 306.135 348.826 262.448 445.699 283.306 140.67 145.018 112.487 189.985 171.087 155.668 190.316 112.588 165.376 324.342 378.803 293.272 236.091 156.646 296.665 540.406 766.944 287.434 566.426 259.007 517.691 957.664 863.457 434.251 458.478 258.753 129.182 130.379 181.925 156.299 251.655 297.451 197.989 330.477 417.004 421.788 270.11 252.143 485.984 417.598 571.995 172.929 241.704 266.973 216.756 810.02 791.927 340.175 643.661 439.598 333.416 860.967 492.175 581.031 816.582 360.62 441.451 343.02 305.052 268.55 243.361 194.999 389.617 760.235 832.509
2586.82 1808.35 923.186 170.434 235.212 266.053 355.638 935.468 1080.27 759.47 451.416 558.881 216.401 161.208 131.751 157.362 105.631 117.492 192.942 880.979 1200.45 1009.82 597.93 262.364 839.817 1214.15 1036.45 289.22 227.915 472.277 855.931 314.335 230.042 159.491 220.751 383.599 245.932 525.016 254.34 208.981 578.172 378.364 320.865 203.898 435.153 711.962 457.218 240.399 188.086 275.189 706.791 365.111 228.291 573.455 346.37 454.029 631.761 491.734 583.869 306.704 890.387 997.101 607.292 1031.71 2212.02 1768.95 1383.32 1094.03 639.926 319.303 367.433 404.46 266.238 291.515 690.112
2077.89 1435.47 616.421 353.663 400.838 341.858 863.667 1297.93 1131.37 1138.75 1100 831.937 261.698 131.612 139.711 196.011 170.412 291.416 312.272 623.172 1244.86 1386.65 770.691 301.059 515.959 760.885 697.479 431.53 307.262 819.457 682.72 318.851 636.232 319.84 369.965 180.193 235.032 525.745 235.466 355.759 881.875 505.377 154.132 188.501 247.095 372.05 324.15 318.788 247.466 306.092 379.944 324.239 406.083 705.765 259.229 419.066 449.775 299.692 324.333 722.503 1467.54 1756.43 1532.24 1890.5 2135.29 1801.97 1466.37 835.723 342.884 573.333 728.329 506.602 451.202 389.773 770.779
1331.87 1207.49 787.141 640.839 302.797 241.414 792.167 911.721 477.137 601.11 877.771 484.053 192.34 174.8 177.414 156.747 286.771 794.649 590.67 270.024 585.944 943.584 1039.42 675.174 236.144 245.326 269.877 230.349 308.136 714.41 470.218 380.972 763.67 369.896 621.268 215.302 156.205 337.89 166.754 605.305 1075.15 527.005 154.81 183.387 447.76 631.384 673.22 288.626 525.029 701.138 477.758 267.475 813.745 966.923 370.387 239.018 340.215 510.157 827.226 1464.92 2073.96 2468.46 2291.21 2336.7 1517.01 969.474 645.345 341.313 238.322 463.812 557.534 352.826 310.242 275.191 674.19
445.469 518.141 460.793 374.406 264.524 271.776 543.811 283.907 228.486 135.685 217.001 169.843 377.979 328.265 397.175 366.385 405.493 1043.61 979.668 691.98 376.493 279.235 519.716 678.139 188.227 174.964 254.49 245.446 238.086 497.426 380.585 195.996 368.302 311.13 304.643 230.103 218.932 197.477 149.764 619.787 881.23 523.353 149.834 178.312 282.996 339.151 497.02 328.367 327.153 458.783 265.82 266.958 897.971 869.512 256.217 510.745 829.852 1250.82 1696.46 2223.24 2553.95 2404.75 1954.16 1372.99 389.13 258.684 320.557 262.558 326.652 398.336 282.612 229.065 225.035 261.204 844.066
333.88 491.176 601.893 554.075 376.861 216.555 559.496 378.566 132.484 135.1 562.691 720.307 976.923 736.669 317.446 477.794 217.093 433.638 345.054 547.688 419.176 399.911 237.745 431.595 181.531 226.057 537.318 737.285 342.697 582.905 287.849 604.42 267.094 197.748 346.898 488.345 254.536 132.957 108.337 249.515 293.546 585.069 490.224 625.744 348.303 192.175 428.709 496.921 251.224 237.787 180.426 368.687 612.319 595.325 428.138 285.205 476.086 1235.45 2057.02 2412.28 1949.05 1451.6 989.219 456.814 263.331 629.834 950.7 332.087 260.684 303.288 275.085 301.857 410.995 761.809 836.381
1023.6 1198.19 1319.74 993.241 702.816 317.174 495.949 490.791 216.533 462.145 976.263 1038.33 1001.62 798.118 323.48 246.063 185.342 197.729 327.572 162.498 257.729 421.745 256.973 450.548 167.333 260.715 333.604 747.393 348.017 439.305 338.618 749.46 340.679 527.106 485.714 211.171 117.274 155.539 161.116 374.099 295.9 438.766 280.799 622.094 466.902 263.228 336.557 340.254 567.75 596.884 381.962 199.932 252.696 425.125 860.738 304.76 468.531 1179.22 1404.46 1550.29 1147.57 634.546 336.351 400.787 782.042 1123.13 1310.48 578.417 267.743 625.156 631.721 472.124 452.754 493.28 296.961
1510.15 1058.4 1079.35 547.061 307.241 158.455 277.857 288.039 167.811 423.422 768.513 533.991 381.377 396.949 415.527 168.669 230.378 271.291 320.654 213.458 350.196 207.749 253.22 320.713 185.799 193.241 439.483 827.238 364.342 426.161 294.729 429.723 227.343 355.43 289.399 205.836 159.011 287.998 268.443 545.41 367.994 276.887 204.639 838.469 885.123 457.731 292.349 888.063 1307.53 1176.65 478.396 133.857 197.89 420.135 982.781 453.944 490.077 938.624 613.852 737.275 427.614 305.197 236.87 526.637 988.997 853.574 870.059 610.878 322.622 660.723 435.501 413.593 559.725 394.321 251.765
1414.52 550.102 555.094 405.116 161.189 140.949 453.025 232.876 197.06 228.283 249.414 176.372 153.533 154.282 283.278 227.397 420.77 658.201 294.126 155.766 232.707 133.003 172.134 275.624 326.38 112.102 453.385 634.986 261.36 314.438 160.203 453.221 670.66 747.09 625.696 384.892 289.28 367.473 413.558 693.049 297.073 205.796 191.597 710.926 1076.42 587.084 326.009 1200.6 1898.54 1619.58 769.721 349.64 187.426 281.01 538.719 594.03 350.02 597.641 256.561 204.865 226.598 561.593 564.545 369.974 818.547 454.194 247.73 258.32 204.108 282.991 252.413 768.124 1132.3 1118.17 732.498
1662.67 819.922 263.44 214.624 430.855 429.877 406.395 233.146 208.852 423.607 696.616 229.357 238.674 59.9546 81.4007 190.037 294.789 426.275 255.03 331.775 440.96 241.061 145.223 166.366 152.599 163.981 210.75 162.558 324.196 324.249 421.689 1093.93 1045.84 622.388 386.288 271.225 427.181 297.945 448.126 202.906 273.472 279.783 181.512 216.644 401.398 286.898 716.244 1612.32 2170.71 2009.02 1537.06 860.984 407.33 230.017 232.23 352.545 297.239 299.952 396.31 389.719 328.971 749.807 737.53 328.916 1064.46 1171.42 578.788 157.622 216.483 433.512 647.808 427.805 640.422 1298.26 1574.61
1714.1 1088.15 401.459 459.379 1033.32 1110.59 924.343 337.017 160.347 370.016 510.665 341.874 518.369 246.973 83.2411 121.819 380.454 458.316 204.251 352.334 237.874 198.508 261.192 464.165 280.196 355.683 327.702 272.149 624.677 521.747 342.164 632.859 446.301 202.874 238.345 372.268 325.656 279.271 271.888 257.089 387.498 143.195 178.226 188.664 142.786 381.516 1060.09 1550.75 1518.74 1508.31 1373.7 764.092 331.599 246.144 331.816 259.557 176.174 305.053 876.931 797.116 397.519 515.815 536.018 360.4 1169.82 1250.43 610.394 182.159 288.874 314.357 220.978 328.015 738.021 1052.86 -9999
1263.08 656.827 283.762 1006.53 1717.82 1744.76 1032.97 379.203 446.218 387.54 218.47 627.18 1049.64 659.747 218.033 265.25 351.995 492.178 190.709 316.757 389.037 464.975 312.787 914.59 736.118 344.826 201.095 555.516 1016.61 668.518 290.322 244.205 212.967 422.425 569.494 513.646 259.897 277.138 198.46 264.151 220.133 145.992 193.258 298.12 175.362 369.968 732.13 745.231 580.159 568.106 563.594 324.291 166.086 369.351 384.867 248.651 158.541 314.773 845.443 1007.37 641.56 334.721 304.804 523.998 990.24 696.502 290.785 322.345 341.196 650.048 443.526 282.994 592.349 1307.11 -9999
729.655 210.59 370.936 1291.12 2109.82 2168.85 1368.67 1022.67 1239.44 1036.95 426.295 502.62 876.938 530.486 215.747 271.554 398.166 249.298 348.037 759.729 899.502 888.71 481.203 1078.43 1239.36 512.389 169.974 698.688 1250.63 708.595 260.063 222.056 141.622 423.252 727.938 621.674 294.583 289.448 439.91 285.965 220.561 315.061 218.717 218.843 137.118 266.496 261.853 325.447 325.492 250.021 202.674 173.976 264.306 502.243 456.508 364.669 192.605 177.587 279.232 624.835 600.732 227.167 328.975 788.724 746.703 274.715 217.674 435.275 300.535 620.177 790.26 249.435 401.678 -9999 -9999
324.51 215.133 290.684 1012.76 1611.61 1922.36 1941.61 2038.97 2226.99 1735.05 817.912 269.513 403.148 238.89 157.575 729.97 1074.42 1034.5 1234.38 1731.27 1921.6 1781.32 1439.87 1618.5 1222.88 395.231 182.746 506.084 1092.93 608.935 191.895 136.146 175.735 165.219 232.256 199.727 470.588 605.303 387.439 272.863 292.979 304.507 255.907 244.513 196.181 382.638 307.18 942.046 847.783 343.763 201.784 542.994 429.376 211.813 232.928 203.938 314.403 490.346 373.207 161.702 290.293 282.174 205.829 231.355 278.147 389.057 482.877 313.92 166.812 185.917 226.498 316.876 709.9 -9999 -9999
538.541 769.401 974.826 1204.23 836.189 837.365 1288.78 2138.91 2410.6 1823.96 965.486 187.385 239.553 323.207 191.434 899.488 1304.91 1324.75 1779.04 2392.08 2686.59 2670.11 2396.95 2137.84 1254.34 476.603 428.746 307.949 842.984 533.141 254.464 177.053 179.293 165.997 378.479 380.986 1155.77 1176.59 712.418 665.873 648.537 581.162 347.123 203.398 119.91 165.121 246.962 895.876 699.741 275.569 614.998 831.442 635.956 319.876 396.084 270.593 307.092 368.068 292.057 162.883 475.801 829.55 522.656 288.201 457.277 957.248 1099.34 478.338 171.47 185.767 205.307 633.005 1098.75 -9999 -9999
1138.96 1564.45 1836.41 1814.59 331.448 294.17 685.363 1251.9 1420.28 1251.42 707.946 166.629 180.42 199.879 166.956 760.139 718.959 751.188 1431.7 2056.52 2635.07 3225.54 3269.65 2562.67 1684.43 992.088 796.693 345.603 526.108 500.391 177.722 167.404 263.086 152.337 284.188 293.489 1762.03 2127.13 927.614 1016.09 1361.83 1127.73 420.958 128.78 218.936 289.866 225.896 691.461 813.867 349.158 511.521 403.278 427.92 442.609 655.399 314.163 542.783 866.612 528.76 218.558 351.582 641.497 924.512 727.774 631.279 982.774 985.398 599.39 333.567 349.182 227.908 855.42 1051.12 809.099 -9999
