public/models/data/input/map/sulsel/1000/mapdset.asc
NCOLS 496
NROWS 622
XLLCORNER -95260.364462
YLLCORNER 9790791.912663
CELLSIZE 1000.000000
NODATA_VALUE       -9999
[rows 231 to 263 of 622, columns 225 to 299 of 496]
1778.52 2743.06 3683.81 4381.28 7299.35 7860.19 8243.68 8319.31 7407.43 6374.57 5457.5 4342.67 3382.67 2422.78 1487.16 734.313 709.161 1035.94 1801.81 2904.09 3864.09 4824.09 5714.24 6200.52 5562.57 4602.57 3651.8 2723.54 2241.7 1926.82 2046.03 2617.25 3430.68 4306.71 5234.63 6232.13 6875.29 7597.46 -9999 3199.19 3115.91 2935.48 3010.61 3309.29 3603.51 4110.98 4554.39 5051.05 5647.11 6491.54 7351.32 6925.88 5972.2 5075.5 4372.25 3851.44 3453.8 3279.83 3561.49 4033.61 4582.95 5274.96 5109.09 4526.52 4123.75 3732.31 3695.04 4115.46 4519.84 5014.14 5790.07 6507.15 6628.47 6778.64 -9999
1840.92 2798.63 3640.93 5302.1 7512.31 8145.88 8525.96 8217.92 7266.69 6306.69 5346.69 4226.69 3266.69 2306.69 1349.75 388.511 190.147 710.447 1632.65 2716.38 3574.67 4291.34 4855.42 5555.17 5099.69 4139.69 3179.69 2068.91 1263.66 853.865 1121.87 2105.13 3065.13 4025.13 4984.53 5979.07 5992.55 5055.92 -9999 2194.94 2252.39 1906.25 1925.5 2468.77 3274.41 4229.48 5139.96 5967.53 6501.62 7093.16 7377.69 6462.81 5502.81 4543.59 3621.39 2788.33 2336.51 2159.83 2449.69 3104.58 3994.29 4953.38 5692.34 5627.9 5243.75 4852.31 4815.04 5230.21 5578.17 5835.32 5915.17 5624.03 5607.29 6064.53 6290.46
1914 2865.59 3737.09 5153.32 6238.24 7292.97 7966.24 8345.42 7444.8 6484.8 5524.8 4404.8 3444.8 2484.8 1534.85 719.711 668.511 1186.43 1914.63 2552.94 3036.61 3525.25 4262.14 5184.43 4834.61 3878.73 2918.73 1798.73 866.377 367.976 856.606 1948.38 2908.38 3868.38 4738.85 5675 5261.3 4383.53 3007.21 1922.1 1505.6 1000.01 1051.74 1918.84 2874.45 3834.45 4794.45 5911.33 6815.09 7462.06 7143.56 6065.17 5105.17 4145.17 3185.94 2133.93 1447.83 1215.75 1641.41 2636.64 3596.64 4556.64 5515.74 6275.21 6183.51 5812.31 5749.78 5888.81 5771.39 5483.32 5096.88 4662.03 4601.83 4734.8 -9999
1617.55 2576.01 3477.74 4686.24 5640.62 6631.23 7565.3 8057.4 7180.3 6220.3 5260.3 4140.3 3180.3 2220.3 1261.18 417.892 802.458 1490.37 1628.57 1684.35 2167.61 2911.58 3840.61 4856.22 4850.04 4054.82 3114.45 2003.67 1189.12 896.008 1289.36 2254.24 3213.8 4122.54 4811.27 5635.13 4625.3 3774.75 2878.59 1742.68 914.665 373.643 690.028 1753.88 2713.88 3673.88 4633.88 5753.88 6713.57 7314.63 6781.15 5667.52 4707.52 3747.52 2787.52 1672.99 794.498 535.223 1224.87 2336.05 3296.05 4256.05 5216.05 6307.56 6880.78 6717.72 6273.33 5588.91 5017.6 4542 4136.88 3702.03 3631.16 3748.12 -9999
1659.94 2619.5 3579.5 4687.92 5677.74 6647.24 7589.73 7873.39 6943.67 5983.67 5023.67 3903.67 2943.67 1983.67 1023.67 231.85 826.279 1259.51 823.607 789.409 1546.85 2482.96 3442.67 4379.32 4348.32 4134.46 3494.73 2517.28 2003.67 1834.41 2123.57 2747.22 3602.65 4164.27 4875.03 -9999 3984.82 3734.35 2957.72 1860.22 1035.04 651.042 987.773 2018.85 2978.85 3938.85 4898.85 6018.85 6973.78 7354.43 6654.63 5534.97 4574.97 3614.97 2654.97 1536.06 664.201 509.942 1271.57 2388.63 3348.63 4308.63 5268.63 6388.55 7168.32 6973.75 6091.07 5007.15 4241.06 3654.61 3181.86 2744.03 2774.17 3030.64 -9999
2244.12 3063.68 4016.51 5026.44 6211.15 7063.35 8017.89 8190.67 7239.5 6279.5 5319.5 4199.5 3239.5 2279.5 1324.65 412.186 682.774 980.46 348.762 524.132 1414.83 2365.72 3238.31 3556.41 3259.83 3358.6 3571.17 3408.92 3110.19 2954.41 3238.44 3706.27 4189.17 4485.11 -9999 4551.33 4134.13 3607.39 2742.4 1912.35 1538.35 1525.21 1852.44 2552.2 3440.73 4396.88 5356.88 6476.88 7430.67 7776.11 7052.62 5932.62 4972.62 4012.62 3053.65 2026.05 1455.01 1371.23 1828.27 2814.13 3771.2 4731.2 5691.2 6795.87 7254.46 6594.29 5634.29 4514.29 3569.74 2777.4 2154.47 1629.05 1583.59 1948.43 2091.46
2968.5 3599.11 4428.49 5453.45 6664.94 7488.69 8422.5 8493.49 7534 6574 5614 4494 3534 2574 1619.86 769.595 923.628 1132.07 844.978 1191.87 1865.17 2568.66 2871.7 2625.89 2299.83 2399.24 2823.75 3546.49 3896.26 3908.73 4198.44 4658.05 4946.4 4999.88 -9999 4551.33 4282.41 3593.8 2795.51 1165.6 862.94 1358.26 2199.51 3080.72 3858 4784.93 5744.49 6864.49 7818.78 8170.24 7450.26 6330.27 5370.27 4411.8 3517.41 2798.16 2404.03 2329.47 2664.67 3313.99 4173.24 5128.84 6088.84 7113.45 7097.32 6196.64 5236.64 4116.64 3156.64 2214.03 1419.76 762.304 838.05 1511.08 1898.88
3539.18 4453.12 4978.71 5933.12 6911.56 7879.99 8819.46 8882.32 7922.33 6962.33 6002.33 4882.33 3922.33 2968.92 2152.73 1567.8 1237.62 798.056 879.106 1490.28 2064.82 2152.11 1984.12 1700.21 1344.44 1478.78 2129.99 3193.51 4066.71 4668.3 5143.27 5564.78 5547 5289.78 -9999 -9999 4102.72 3706.24 3074.2 610.485 400.592 1090.49 2049.03 3165.05 4095.24 5033.7 5993.26 7113.26 8071.28 8511.52 7847.73 6727.91 5769.45 4882.49 4245.11 3747.18 3364.03 3289.47 3622.91 4103.97 4682.04 5530.88 6486.49 7347.06 6835.13 5876.75 4916.75 3796.75 2836.75 1876.9 957.063 296.804 709.361 1579.89 2073.81
4114.83 5419.14 5921.07 6545.35 7799.53 8548.22 9246 9279.97 8319.97 7359.97 6399.97 5279.97 4325.83 3510.37 2964.3 2200.2 1325.98 459.266 338.912 1086.49 1463.93 1275.92 1032.08 802.311 506.47 807.493 1703.89 2821.84 3780.87 4717.49 5588.69 6364.88 6485.21 -9999 -9999 -9999 -9999 -9999 -9999 822.307 695.211 1289.86 2214.71 3334.71 4294.71 5254.71 6214.71 7334.71 8294.71 8839.08 8244.84 7126.58 6232.7 5602.76 5172.01 4707.18 4324.03 4249.47 4582.91 5046.98 5461.61 6029.28 6887.06 7396.51 6555.62 5595.62 4635.62 3515.62 2555.62 1595.68 664.926 469.79 1145.29 1942.78 2213.82
5166.01 5843.92 6742.9 7423.99 8264.25 9252.91 9953.82 9743.89 8783.89 7823.89 6863.89 5761.61 4981.58 4433.35 3720.57 2626.43 1699.53 984.253 875.778 720.899 501.491 433.146 376.741 361.925 474.118 965.603 1717.35 2712.13 3768.43 4901.73 5739.72 6526.22 -9999 -9999 -9999 -9999 -9999 -9999 -9999 1661.97 1715.72 2061.24 2713.12 3776.88 4736.88 5696.88 6656.88 7776.88 8736.88 9293.99 8709.68 7682.91 7097.37 6688.74 6291.1 5827.18 5444.03 5369.47 5702.91 6166.83 6564.48 6963.88 7439.54 7201.14 6242.2 5282.2 4322.2 3204.16 2285.04 1422.95 628.734 751.441 1578.22 2455.54 3122.71
5671.86 6459.48 7126.31 8081.46 8788.6 9558.24 10451.4 10141.5 9181.53 8221.54 7267.39 6339.22 5779.67 5066.26 4143.03 3057.17 2336.9 1877.67 1589.8 800.351 501.024 732.092 963.188 1174.25 1368.21 1481.82 1711.85 -9999 -9999 5444.22 5707.08 -9999 -9999 -9999 -9999 -9999 -9999 -9999 -9999 2624.21 2669.54 2996.64 3418.89 4209.68 5134.53 6094.53 7054.53 8174.53 9134.53 9693.17 9173.45 8455.02 8046.39 7648.74 7251.1 6787.18 6404.03 6329.47 6662.91 7126.83 7524.48 7858.72 7765.09 6833.8 5873.8 4913.8 3953.8 2833.8 1894.01 1104.94 761.279 1193.35 1913.5 2654.96 2903.39
6023.68 7021.36 7779.94 8610.68 9434.07 10146.6 10875.2 10539.2 9579.18 8625.77 7809.58 7148.65 6423.91 5500.64 4551.79 3687.12 3223.79 2784.53 2196.71 1564.96 1389.03 1600.98 1896.96 2131.3 2308.58 2406.93 -9999 -9999 -9999 -9999 -9999 -9999 -9999 -9999 -9999 -9999 -9999 -9999 -9999 3402.8 3572.21 3879.82 4277.47 4796.71 5472.48 6334.04 7276.56 8396.44 9356.43 10053.2 9888.2 9404.03 9006.39 8608.74 8211.1 7747.18 7364.03 7289.47 7622.91 8086.57 8427.47 8388.42 7689.2 6580.12 5620.12 4660.12 3700.12 2580.12 1620.12 689.683 327.927 1147.38 2079.9 -9999 -9999
6396.01 7369.14 8302.07 9272.22 9968.46 10796.9 11449.2 10936.8 9982.68 9167.22 8619.77 7793.5 6858.32 5909.43 5137.32 4580.95 4142.97 3539.69 2979.44 2514.71 2349.03 2554.28 2854.72 3091.3 3241.92 3300.26 -9999 -9999 -9999 -9999 -9999 -9999 -9999 -9999 -9999 -9999 -9999 -9999 -9999 3303.41 3397.68 3737.9 4135.54 4616.12 5206.95 6073.48 7026.77 8146.73 9106.73 10031.8 10607.9 10364 9966.38 9568.74 9171.09 8707.18 8324.03 8249.47 8582.91 8987.84 8803.75 8140.2 7470.12 6484.15 5526.98 4566.98 3606.98 2486.98 1526.98 618.729 467.352 1371.63 -9999 -9999 -9999
7041.15 7850.58 8767.51 9851.91 10628.3 11335.2 12063.1 11418.5 10638.4 10090.2 9377.42 8283.28 7356.38 6628.68 6164.87 5644.67 5033.98 4484.78 4076.88 3634.71 3469.03 3667.42 3926.55 4055 4021.42 3962.48 -9999 -9999 -9999 -9999 -9999 -9999 -9999 -9999 -9999 -9999 -9999 -9999 -9999 2244.87 2337.48 2675.41 3087.55 3764.57 4644.13 5602.81 6562.81 7682.81 8642.81 9602.81 10562.2 11263.3 11073.8 10688.7 10291.1 9827.17 9444.03 9369.21 9643.92 9382.91 8472.66 7517.06 6711.41 6119.63 5568.64 4817.89 3943.32 2852.68 1961.1 1339.2 1263.02 1582.89 1509.13 -9999 -9999
7697.69 8278.37 8994.1 9783.01 10439.5 11271.1 12142.8 11987.6 11436.5 10723.1 9799.88 8714.02 7993.76 7523 7084.54 6391.62 5843.71 5434.53 5036.88 4592.18 4352.71 4259.98 4137.64 3789.92 3399.46 2891.64 2334.92 -9999 -9999 -9999 -9999 -9999 -9999 -9999 -9999 -9999 -9999 -9999 -9999 1062.04 1376.3 1736.44 2298.22 3286.49 4245.17 5205.17 6165.17 7285.17 8245.17 9205.17 10165.2 11240.9 11700.7 11570.3 11245.6 10787.2 10403.7 10242.1 10009.2 9035.01 8075.02 7115.02 6159.41 5258.64 4780.16 4367.08 3862.63 3169.67 2618.74 2052.98 1541.51 1226.92 1411.75 -9999 -9999
7597.25 8019.34 8455.05 9082.9 9917.54 10868.5 11826.4 12517.1 12080 11157.5 10208.6 9343.97 8880.64 8437.31 7838.9 7200.07 6792.17 6394.53 5981.73 5357.96 4683.75 3924.14 3324.35 2839.69 2512.19 2145.39 1558.46 1127.82 -9999 -9999 -9999 -9999 -9999 -9999 -9999 -9999 -9999 -9999 -9999 371.395 472.465 953.405 1778.84 2887.52 3847.52 4807.52 5767.52 6887.52 7847.52 8807.52 9767.52 10776.4 11321.7 11630.7 11779.2 11704.5 11210.3 10583.7 9751.15 8637.37 7677.37 6717.37 5757.37 4660.88 3910 3422.51 3022.67 2826.82 2788.48 2105.52 1168.32 436.973 506.274 -9999 -9999
6705.9 7104.86 7601.07 8556.9 9510.89 10470.9 11430.9 12458.2 12460.2 11566.3 10794.2 10237.8 9799.82 9196.54 8636.3 8149.5 7722.97 7152.09 6381.76 5342.69 4396.64 3440.54 2551.64 1881.99 1570.61 1319.37 870.437 950.06 1652.68 1991.42 -9999 -9999 -9999 -9999 -9999 -9999 -9999 -9999 264.992 53.7128 124.35 697.89 1628.56 2748.41 3708.41 4668.41 5628.41 6748.41 7708.41 8646.62 9380.14 9983.64 10391.7 10802.6 11368.4 12093.2 11254 10318.2 9359.72 8239.73 7279.73 6319.73 5359.73 4240.09 3303.23 2543.35 2064.13 1921.06 2246.07 2118.22 1315.32 505.367 462.132 -9999 -9999
5599.48 6141.34 6972.98 8086.98 9046.97 10007 10967 12078.8 12634.4 12277.2 11821.7 11301.5 10690.6 10120.6 9621.12 8839.99 7956 6998.85 6038.85 4918.85 3958.85 2998.85 2038.85 998.801 541.45 447.922 266.903 986.986 1837.47 2209.86 -9999 -9999 -9999 -9999 -9999 -9999 4255.63 4001.16 3336.98 1256.66 161.944 698.641 1640.74 2760.74 3720.74 4680.74 5640.74 6760.74 7699.74 8305.08 8463.04 8874.04 9271.68 9625.69 9805.1 10385.1 10658.1 9860.71 8903.05 7783.06 6823.06 5863.06 4903.06 3783.06 2823.06 1867.45 1061.8 843.817 1456.53 2137.24 1957.3 1981.83 3125.11 -9999 -9999
4794.86 5618.34 6569.33 7689.33 8649.33 9609.33 10569.3 11689.3 12576.6 12981.8 12733.1 12048.2 11468.9 10845.2 9984.98 8871.22 7911.22 6951.22 5991.22 4871.22 3911.22 2951.22 1991.22 953.781 476.064 276.151 473.303 1320.48 1961.97 2189.95 -9999 -9999 -9999 -9999 -9999 -9999 4302.96 3972.62 3203.03 2101.32 693.379 987.96 1835.94 2949.21 3909.21 4869.21 5829.21 6928.63 7584.14 7577.32 7508.11 7914.04 8311.69 8709.33 9077.76 9545.64 9862.91 9589.46 8734.13 7615.3 6655.3 5695.3 4735.3 3615.3 2655.3 1695.3 766.639 428.509 1195.88 2129.62 2649.94 2756.17 3422.4 4307.05 -9999
4259.21 5228.92 6177.92 7291.69 8251.69 9211.68 10171.7 11291.7 12251.5 13136.5 13383.1 12832.5 12197.5 11317.7 10360.9 9240.9 8280.9 7320.9 6360.9 5240.9 4280.9 3320.9 2397.81 1644 1222.08 771.865 912.222 1739.44 2110.21 -9999 -9999 -9999 -9999 -9999 -9999 5238.93 4876.46 4084.59 3137.5 2116.88 1605.38 1754.66 2327.14 3343.75 4303.75 5263.75 6223.75 7048.7 7013.98 6647.52 6548.11 6954.04 7351.69 7749.33 8146.98 8612.81 9049.57 9439.77 9008.49 7916.64 6956.64 5996.64 5036.64 3916.64 2956.64 2026.95 1298.63 1031.56 1475.6 2079.45 2655.88 3322.36 4056.06 4436.5 6826.35
3845.34 4820.12 5778.97 6894.04 7854.04 8814.04 9774.04 10894 11854 12813.7 13653.9 13573.1 12676.1 11718.5 10758.5 9638.54 8678.55 7718.55 6758.55 5638.55 4678.55 3755.45 3083.07 2542.21 2040.11 1645.23 1725.53 2189.21 -9999 -9999 -9999 -9999 -9999 -9999 -9999 5479.13 5260.62 4452.86 3542.07 2853.79 2545.33 2694.45 3103.49 3795.28 4701.39 5661.39 6456.8 6462.02 6085.17 5687.52 5588.11 5994.04 6391.69 6789.33 7186.98 7685.82 8314.45 9170.18 9311.78 8314.28 7354.29 6394.29 5434.29 4314.29 3381.23 2656.28 2154.35 1540.36 1223.01 1411.38 2093.13 3154.03 3951.63 4971.9 6211.61
3448.11 4408.11 5368.11 6488.11 7448.11 8398.32 9474.75 10602 11562 12522 13482 13886.1 12990.7 12030.7 11070.7 9950.68 8990.68 8030.68 7070.68 5950.68 4994.25 4086.69 3242.48 2587.14 2248.05 2230.63 2533.73 3120.28 3607.51 -9999 -9999 -9999 -9999 -9999 -9999 5806.94 5615 5005.08 4437.71 3961.49 3665.33 3814.45 4210.02 4687.41 5267.46 5908.06 5829.19 5362.81 4965.17 4567.52 4468.11 4874.04 5271.69 5671.24 6101.9 6848.15 7771.24 8731.24 9457.07 8778.2 7818.2 6858.2 5898.2 4803.42 3990.73 3236.52 2338.75 1224.39 490.447 754.475 1675.95 2795.95 3723.07 4701.43 5682.07
3547.52 4507.52 5467.52 6587.52 7547.52 8467.11 9668.35 10792.6 11752.6 12712.6 13665.1 13651.3 12698.1 11738.1 10778.1 9658.06 8698.06 7738.06 6778.06 5658.06 4698.06 3738.06 2778.06 1782.83 1325.98 1496.8 2180.43 3169.78 3686.69 4567.11 4907.11 -9999 -9999 -9999 -9999 6872.51 6294.07 5769.11 5385.41 4921.49 4625.33 4774.45 5170.02 5633.13 5968.76 5834.75 5106.05 4414.82 4005.17 3607.52 3508.11 3914.04 4314.23 4753.75 5372.89 6414.66 7378.43 8337.74 9269.51 9156.94 8215.85 7255.85 6308.86 5253.16 4328.41 3369.86 2409.86 1312.63 664.561 898.103 1766.3 2882.93 3842.93 4802.93 5762.93
3945.17 4905.17 5865.17 6985.17 7945.17 8902.39 9877.53 10997.6 11957.6 12917.6 13774.3 13307 12347 11387 10427 9307.01 8347.01 7387.02 6427.02 5307.02 4347.02 3387.02 2427.02 1315.8 610.365 860.483 1763.08 2857.85 3736.25 4605.56 5303.92 6913.27 7024.26 -9999 9087.61 8253.24 7154.04 6743.64 6345.41 5881.49 5585.33 5734.45 6130.02 6530.59 6362.55 5586.39 4633.99 3629.35 3058.68 2647.52 2548.11 2955.95 3396.1 4026.3 4872.79 6060.53 7012.96 8172.83 9064.15 9207.45 8402.79 7445.41 6498.42 5404.55 4444.8 3484.8 2524.8 1440.43 864.814 1073.19 1895.21 3010.3 3970.3 4930.3 5890.3
4350.95 5302.81 6262.81 7382.81 8342.81 9302.81 10262.8 11382.8 12342.8 13302.8 13940.5 13145.5 12185.5 11225.5 10265.5 9145.53 8185.53 7225.53 6265.53 5145.53 4185.53 3225.53 2265.53 1145.58 376.504 623.636 1557.63 2677.63 3637.63 4587.52 5491.64 6696.03 7166.69 -9999 8740.3 8327.25 7777.73 7381.74 7118.24 6833.89 6545.33 6694.45 7083.51 6974.43 6150.43 5195.46 4235.46 3122.53 2271.7 1699.53 1588.11 2028.96 2648.7 3596.14 4429.03 5955.93 6897.03 8191.29 9039.18 9034.6 8220.25 7261.13 6301.13 5181.13 4221.13 3261.13 2301.13 1186.2 463.645 737.982 1660.93 2780.42 3740.42 4700.42 5660.42
4893.3 5781.59 6727.41 7846.73 8806.73 9766.73 10726.7 11846.7 12806.7 13766.7 14207.9 13287.7 12327.7 11367.7 10407.7 9287.69 8327.7 7367.7 6407.7 5287.7 4327.7 3367.7 2407.7 1290.06 515.374 671.182 1542.35 2658.14 3618.14 4578.14 5538.14 6647.08 7546.12 8014.49 7776.27 7362.81 6965.17 6567.52 6468.11 6855.6 7124.92 7431.89 7573.4 6695.04 5735.04 4775.04 3815.04 2695.04 1735.91 855.952 566.519 1185.17 1598.83 705.984 1020.03 2009.68 2868.91 3231.59 9948.53 9426.7 8522.91 7509.08 6571.47 5466.93 4506.93 3546.93 2587.06 1515.69 917.731 1100.13 1896.76 3004.09 3964.09 4924.09 5884.09
5486.14 6253.35 7139.23 8244.38 9204.38 10164.4 11124.4 12244.4 13204.4 14164.4 14497.5 13540.8 12580.8 11620.8 10660.8 9540.83 8580.83 7620.83 6660.83 5540.83 4580.83 3620.83 2660.83 1542.39 689.538 629.588 1430.27 2545.66 3505.66 4465.65 5425.65 6544.23 7297.2 7270.06 6867.03 6402.81 6005.17 5607.52 5508.11 5914.04 6311.69 6709.33 7037.81 6692.13 5772.31 4812.31 3852.31 2732.31 1779.64 912.132 479.371 1032.32 1061.29 556.159 956.236 1992.59 2889.33 3631.33 4701.76 9756.28 8593.76 7829.7 6982.16 5864.58 4904.58 3944.77 3013.84 2197.89 1839.83 1942.53 2449.49 3404.67 4361.74 5321.74 6281.74
5759.46 6541.2 7441.6 8539.23 9498.92 10460.6 11419.8 12539.2 13499.2 14459.2 14849.6 13916.6 12956.6 11996.6 11036.6 9916.64 8956.64 7996.64 7036.64 5916.64 4956.64 3996.64 3036.64 1962.48 1323.01 1278.49 1839.67 2878.06 3838.06 4798.06 5758.06 6850.02 7213.62 6560.73 5932.07 5442.81 5045.17 4647.52 4548.11 4954.04 5351.69 5752.63 6267.87 6829.5 6163.75 5203.75 4243.75 3129.24 2262.67 1635.47 1322.74 1551.79 1098.85 659.691 1090.61 2144.03 3101.23 4057.72 4973.3 6278.69 7450.68 7953.2 7373.51 6262.23 5302.42 4375.02 3655.08 3122.91 2799.83 2899.24 3291.53 3920.27 4762.68 5719.38 6679.38
5362.33 6285.84 7241.93 8358.74 9302.34 10270.1 11241.3 12358.7 13318.7 14278.7 15001.3 14314.3 13354.3 12394.3 11434.3 10314.3 9354.28 8394.28 7434.29 6314.29 5354.29 4394.29 3446 2640.71 2234.83 2209.64 2584.98 3312.61 4235.71 5195.71 6155.71 7154.24 7012.28 6084.67 5182.37 4485.16 4085.17 3687.52 3588.11 3994.04 4394.62 4910.22 5715.14 6691.94 6537.93 5601.39 4641.39 3602.6 2985.87 2551.98 2281.13 2286 1768.14 1514.29 1786.3 2551.2 3487.18 4447.18 5411.71 6530.5 7490.53 8197.4 7748.78 6660 5729.13 5012.72 4549.75 4082.91 3759.83 3859.24 4248.6 4725.19 5277.92 6119.96 7077.03
4859.97 5819.97 6779.97 7899.97 8859.97 9819.97 10780 11900 12860 13820 14770.3 14762 13818.2 12858.2 11898.2 10778.2 9818.2 8858.2 7898.2 6778.21 5819.67 4904.04 4224.63 3727.18 3354.39 3329.53 3685.76 4168.9 4781.72 5644.59 6595.37 7290.25 6578.55 5618.55 4658.55 3598.45 2990.5 2567.82 2468.11 2886.71 3439.44 4281.48 5238.55 6339.7 6759.9 6070.01 5186.52 4478.54 4068.01 3670.37 3401.13 3255.42 2853.8 2633.23 2876.85 3364.87 4009.62 4886.65 5752.49 6689.76 8028.63 9530.71 8253.08 7172.54 6497.1 6064.48 5666.83 5202.91 4879.83 4979.24 5368.6 5832.52 6233.09 6748.7 7553.61
4462.33 5422.33 6382.33 7502.33 8462.32 9422.32 10382.3 11502.3 12462.3 13422.3 14382.3 14983.9 14215.8 13255.8 12295.8 11175.8 10215.8 9255.85 8295.85 7177.31 6272.09 5597.22 5151.54 4687.18 4314.39 4289.53 4645.76 5109.79 5537.44 6069.81 6674.16 7025.88 6180.9 5220.9 4260.9 3143.1 2261.6 1640.33 1511.33 2081.8 2924.2 3880.9 4840.9 5960.64 6710.92 6528.56 5927.43 5425.66 5028.01 4630.37 4342.68 4082.67 3677.71 3402.01 3452.24 3860.82 4294.22 4865.11 5453.69 6601.07 9148.05 9414.89 8612.62 7852.23 7422.12 7024.48 6626.83 6162.91 5839.83 5939.24 6328.6 6792.52 7190.16 7591.1 8106.35
4077.11 5037.11 5997.11 7117.11 8077.11 9037.11 9997.1 11117.1 12077.1 13037.1 13997.1 14929.5 14604.6 13653.5 12693.5 11573.5 10613.5 9653.49 8693.49 7619.33 6954.86 6509.33 6111.1 5647.18 5274.39 5249.53 5605.76 6015.26 6160.76 6073.78 6138.47 6447.99 5799.95 4841.9 3881.9 2761.9 1804.83 922.591 701.549 1567.79 2524.86 3484.86 4444.86 5564.86 6491.24 7009.19 6840.26 6385.66 5978.65 5491.91 4888.19 4082.46 3539.32 3149.14 2895.97 3229.78 3647.63 4234.19 5082.03 6373.37 8441.79 8609.77 8777.33 8678.19 8379.29 7984.48 7586.83 7122.91 6799.83 6899.24 7288.6 7752.52 8150.16 8547.81 8948.38
4068.82 5028.82 5988.82 7108.82 8068.82 9028.82 9988.82 11108.8 12068.8 13028.8 13988.8 15015.5 14981.8 14051.1 13091.1 11971.1 11011.1 10051.1 9102.85 8297.57 7866.83 7468.74 7071.1 6607.18 6233.78 6154.57 6234.93 6025.5 5702.72 5318.92 5272.18 5657.19 5561.74 4752.78 3792.78 2672.78 1712.78 755.675 375.524 1311.24 2271.24 3231.24 4191.24 5311.24 6271.13 7190.79 7673.25 7217.93 6490.39 5625.15 4697.96 3591.14 2763.16 2219.11 1938.41 2283.25 2864.54 3727.88 4674.95 5823.51 6909.93 7546.42 8677.9 9754.85 9343.58 8944.48 8546.83 8082.91 7759.83 7859.24 8248.6 8712.52 9110.16 9507.8 9905.45
