public/models/data/input/map/sulsel/1000/mapdset.asc
NCOLS 496
NROWS 622
XLLCORNER -95260.364462
YLLCORNER 9790791.912663
CELLSIZE 1000.000000
NODATA_VALUE       -9999
[rows 165 to 197 of 622, columns 225 to 299 of 496]
13080.9 12211 10864.1 9752.28 8817.5 7951.38 7072.74 6127.68 5357.24 4468.62 3516.52 2397.62 1498.06 805.023 520.344 1290.12 2243.97 2967.79 2562.17 1747.94 1471.04 1766.22 2431.06 3501.78 4305.87 4387.1 4308.11 4714.04 5111.69 5527.78 6099.99 7120.7 8080.7 9040.7 10000.7 11120.7 12080.7 13040.7 13956.6 15105.3 16670.5 17148.9 18004.5 19120.7 20080.7 21040.7 21999.9 22295.9 21402.3 20442.3 19483.2 18478.6 17907.9 17496.7 17099.1 16612.6 16010.2 15143.3 14185.8 13065.8 12105.8 11145.8 10185.8 9065.8 8106.82 7188.89 6466.79 5932.27 5529.24 5128.58 4746.52 4852.94 4904.39 4171.42 3211.79
13485.1 12907.2 10580.3 9354.53 8394.67 7459.86 6594.28 5580.78 4771.19 4031.87 3296.56 2287.26 1298.71 472.22 261.013 1073.99 2036.98 2689.51 2191.88 1122.12 627.388 1135.38 2080.53 3159 3674.5 3447.26 3348.11 3754.04 4170.14 4754.94 5609.21 6723.06 7683.06 8643.06 9603.05 10723 11683 12643 13603 14718.4 15729.2 16648.3 17638.4 18740.8 19683 20643 21603 22391 21799.9 20841 19955.4 19264 18854.4 18456.7 18055.1 17377.1 16500.9 15543.4 14583.4 13463.4 12503.4 11543.4 10583.4 9464.21 8546.54 7834.87 7360.56 6894.58 6499.38 6098.25 5708.77 5760.66 5482.99 4569.43 3613.83
14248.3 13676.2 12409 9017.06 8004.33 7035.95 6094.08 5142.31 4427.93 3507.63 2787.82 2431.87 1859.31 907.502 224.979 1110.11 2080.64 2727.72 2246.97 1140.2 382.088 934.646 2015.58 2939.06 2879.03 2487.52 2388.11 2806.34 3384.7 4251.56 5205.41 6325.41 7285.41 8245.41 9205.41 10325.4 11285.4 12245.4 13205.4 14325.4 15267.2 16212.5 17183.2 18335.2 19285.4 20245.4 21205.4 22219.3 22158.3 21313.1 20702.1 20212 19814.4 19412.7 18865.4 17859.4 16901.1 15941.1 14981.1 13861.1 12901.1 11941.1 10981.1 9891.95 9182.08 8718.21 8316.68 7853.53 7458.5 7058.54 6668.11 6587.54 5925.21 4971.47 4165.83
14939.6 12915.1 12063.8 8662 7773.29 6800.36 5872.74 4867.47 3884.25 2573.94 1702.33 1656.95 1699.9 996 410.135 1059.62 2055.85 2885.64 2653.09 1614.08 952.067 1021.6 1740.7 2306.14 1846.01 1391.34 1281.91 1910.7 2821.49 3781.49 4741.49 5861.49 6821.49 7781.49 8741.49 9861.49 10821.5 11781.5 12741.5 13861.5 14821 15780.9 16741.5 17861.5 18821.5 19781.5 20741.5 21849.9 22420.4 22190.9 21796 21331.7 20911.8 20318.6 19443.3 18325 17365 16405 15445 14325 13365 12405.8 11475.9 10660.7 10232 9834.32 9436.68 8972.76 8575.12 8177.47 7785.43 7315.4 6414.5 5654.62 5175.41
13039 11716.5 10506.1 8566.52 7670.62 6697.75 5851.3 5243.36 3977.57 1632.31 777.081 784.729 1366.38 1444.56 1325.39 1660.6 2373.7 3200.68 3060.36 2257.06 1858.47 1909.16 2331.48 1867.26 1005.56 623.894 621.783 1552.9 2512.9 3472.9 4432.9 5552.9 6512.9 7472.9 8432.9 9552.9 10512.9 11472.9 12432.9 13552.9 14512.9 15472.9 16432.9 17552.9 18512.9 19472.9 20432.9 21552.9 22467.8 22950.1 22751.1 22269.5 21667.1 20800.1 19842.6 18722.6 17762.6 16802.6 15842.6 14722.6 13763.7 12845.7 12123.6 11589.6 11192 10794.3 10396.7 9932.76 9535.11 9134.83 8654.56 7772.15 7021.27 6533.78 6133.94
11955.9 10748.9 9825.63 8639.07 7508.99 6307.91 5366.67 4511.7 3244.83 1268.03 485.917 454.505 1190.72 1969.76 2350.33 2552.68 3027.93 3665.09 3664.13 3164.34 2818.47 2813.14 2780.58 1635.48 610.385 293.222 620.968 1640.55 2600.55 3560.55 4520.55 5640.55 6600.55 7560.55 8520.55 9640.55 10600.5 11560.5 12520.5 13640.5 14600.5 15560.5 16520.5 17640.5 18600.5 19560.5 20520.5 21640.5 22600.5 23476.6 23663.9 23033.9 22157.8 21200.3 20240.3 19120.3 18160.3 17200.3 16240.3 15121 14203.4 13491.7 13017.4 12549.6 12152 11754.3 11356.7 10892.8 10492.5 10000.7 9248.45 8320.69 7675.98 7163.23 6755.65
11951.8 10982.4 10120 9400.2 7877.85 6104.14 5016.53 3894.59 2843.8 1714.67 1170.67 1089.65 1607.54 2445.95 3301.38 4192.99 3981.67 4362.01 4522.84 4124.34 3777.17 3530.7 2871.25 1774.16 1165.47 614.915 873.371 1898.75 2858.75 3818.75 4778.75 5898.75 6858.75 7818.75 8778.75 9898.75 10858.7 11818.7 12778.7 13898.7 14858.7 15818.7 16778.7 17898.7 18858.7 19818.7 20778.7 21898.7 22858.7 23813.8 24337.3 23516.2 22557.9 21597.9 20637.9 19517.9 18557.9 17597.9 16637.9 15548.8 14838.9 14375 13973.5 13509.6 13112 12714.3 12316.7 11832.8 11268.4 10470.7 9542.34 8486.17 7582.06 6764.91 6232.35
12349.6 11407.2 10529.8 9506.43 8098.08 7029.7 6325.68 4012.33 3189.66 2621.02 2265.42 2189.36 2745.83 3588.65 5513.49 5344.68 5123.55 5423.65 5620.39 5278.05 4801.84 4191.72 3361.24 2266.91 1267.49 536.962 794.999 1846.69 2806.69 3766.69 4726.69 5846.69 6806.69 7766.69 8726.69 9846.69 10806.7 11766.7 12726.7 13846.7 14806.7 15766.7 16726.7 17846.7 18806.7 19766.7 20726.7 21846.7 22806.7 23766.7 24588 23981.8 23021.8 22061.8 21103.4 19978.2 19020 18062.6 17132.7 16317.5 15888.8 15489.2 15077.8 14626.3 14195.5 13702.5 13070.9 12075 11117 10157 9197.02 8077.03 7117.03 6157.47 5288
12643.1 11691.7 10761.1 9923.37 9004.81 8173.08 8256.82 4453.05 3989.24 3598.9 3224.8 3152.12 3795 5307.79 6511.19 6226.73 6079.2 6383.65 6580.39 6367.65 5509.81 4612.72 3653.21 2546.24 1710.28 1230.38 1405.55 2221.58 3154.63 4114.63 5074.63 6194.63 7154.63 8114.63 9074.63 10194.6 11154.6 12114.6 13074.6 14194.6 15154.6 16114.6 17074.6 18194.6 19154.6 20114.6 21074.6 22194.6 23154.6 24114.6 24956.1 24379.5 23419.5 22460.2 21563.3 20357.5 19415 18502.6 17780.5 17246.4 16848.8 16460.2 15966.3 15341.5 14622.1 13750.2 12799.4 11679.4 10719.4 9759.38 8799.38 7679.38 6719.38 5759.38 4799.82
13037.9 12327.4 11426.5 10549.4 9762.11 9017.7 8696.56 5532.53 5001.88 4570.32 4184.8 4117.06 4498.48 5113.73 6164.47 6913.92 7038.21 7343.65 7527.74 6948.93 5963.88 5010.85 4050.85 3055.63 2510.36 2178.08 2325.13 2854.27 3582.59 4512.28 5472.28 6592.28 7552.27 8512.27 9472.27 10592.3 11552.3 12512.3 13472.3 14592.3 15552.3 16512.3 17472.3 18592.3 19552.3 20512.3 21472.3 22592.3 23552.3 24512.3 25353.7 24777.1 23817.1 22857.9 21956.3 20767 19860.2 19148.6 18674.3 18201.4 17728.7 17116.8 16341.2 15285.3 14327.9 13367.9 12407.9 11287.9 10327.9 9367.95 8407.95 7287.95 6327.95 5367.95 4407.95
13387.7 13004.7 12244.6 12092.4 10542.7 9139.34 8174.28 6535.96 5907.81 5494.14 5145.27 5076.98 5437.39 5853.13 6419.7 7458.93 7954.79 8301.78 8287.38 7328.23 6368.5 5408.5 4518.79 3863.91 3458.06 3138.08 3285.13 3743.1 4211.91 4936.87 5869.92 6989.92 7949.92 8909.92 9869.92 10989.9 11949.9 12909.9 13869.9 14989.9 15949.9 16909.9 17869.9 18989.9 19949.9 20909.9 21869.9 22989.9 23949.9 24909.9 25751.4 25174.8 24214.8 23254.8 22294.8 21205.7 20495.8 20030.9 19573.4 18804 17951.6 17027.6 16072.4 14952.4 13992.4 13032.4 12072.4 10952.4 9992.43 9032.44 8072.44 6952.44 5992.44 5032.44 4074.44
12816.1 12544.8 12128 11782.2 11024.4 9172.7 8195.59 7418.79 7009.43 6611.79 6265.27 6194.37 6553.21 6951.3 7962.01 8329.28 8872.4 9295.61 8877.86 7792.42 6841.21 5997.19 5447.83 4975.71 4578.06 4258.08 4405.13 4859.73 5257.37 5695.44 6379.53 7453.84 8413.84 9373.84 10333.8 11453.8 12413.8 13373.8 14333.8 15453.8 16413.8 17373.8 18333.8 19453.8 20413.8 21373.8 22333.8 23453.8 24413.8 25373.8 26215.3 25638.7 24678.7 23719.5 22789.6 21972.2 21490.8 20813.5 19902.3 18783.2 17823.2 16863.2 15903.2 14783.2 13823.2 12863.2 11903.2 10783.2 9823.21 8863.21 7903.22 6783.22 5823.22 4863.22 3903.22
12014.7 11656 11399.5 10842.2 10343 9635.83 8738.42 8184.06 7786.42 7388.77 7026.57 6865.29 7229.8 7687.05 8137.49 8701.96 9137.2 9516.3 9226.25 8198.85 7367.14 6809.57 6399.63 5935.71 5538.06 5218.08 5365.13 5819.73 6217.37 6615.02 7053.08 7878.43 8811.48 9771.48 10731.5 11851.5 12811.5 13771.5 14731.5 15851.5 16811.5 17771.5 18731.5 19851.5 20811.5 21771.5 22731.5 23851.5 24811.5 25771.5 26612.9 26036.4 25077.4 24158.7 23404.6 22705.3 21979.4 21060.5 20100.5 18980.5 18020.5 17060.5 16100.5 14980.5 14020.5 13060.5 12100.5 10980.5 10020.5 9060.53 8100.53 6980.53 6020.53 5060.53 4100.53
11070.4 10696 10296.5 10085.5 9479.63 8937.75 8428.8 7938.03 7540.39 7142.74 6749.87 6435.29 6748.7 7138.96 7551.61 7989.58 8387.22 8813.56 9236.2 8712.48 8167.22 7757.27 7359.63 6895.71 6498.06 6178.08 6325.13 6779.73 7177.37 7575.02 7972.66 8511.12 9239.44 10169.1 11129.1 12249.1 13209.1 14169.1 15129.1 16249.1 17209.1 18169.1 19129.1 20249.1 21209.1 22169.1 23129.1 24249.1 25209.1 26169.1 26994.6 26394.2 25442.7 24555 23739.5 22719.9 21767.9 20807.9 19847.9 18727.9 17767.9 16807.9 15847.9 14727.9 13767.9 12807.9 11847.9 10727.9 9767.92 8807.92 7847.92 6727.92 5767.92 4807.92 3847.92
10133.7 9736.05 9362.95 9386.35 8932.5 8105.41 7594.98 7008.16 6599.38 6201.74 5804.09 5530.56 5862.35 6141.99 6556.09 7029.58 7454.17 8086.86 8960.66 9437.58 9114.91 8717.27 8319.63 7855.71 7458.06 7138.08 7285.13 7739.73 8137.37 8535.02 8932.66 9399.95 9868.76 10593.7 11526.8 12646.8 13606.8 14566.8 15526.8 16646.7 17606.7 18566.7 19526.7 20646.7 21606.7 22566.7 23526.7 24646.7 25606.7 26566.7 27291.1 26561.2 25603.7 24654.8 23700.3 22580.4 21620.4 20660.4 19700.4 18580.4 17620.4 16660.4 15700.4 14580.4 13620.4 12660.4 11700.4 10580.4 9620.43 8660.43 7700.43 6580.43 5620.43 4660.43 3700.43
9013.69 8616.05 8243.26 8413.42 8325.01 7490.13 6653.76 6027.45 5493.65 5081.74 4684.09 4366.08 4619.79 5048.01 5445.66 5955.27 6628.82 7548.4 8508.4 9587.25 10041.6 9833.73 9429.35 8975.7 8578.06 8258.08 8405.13 8859.72 9257.37 9655.01 10052.7 10516.6 10914.2 11352.3 12036.4 13110.7 14070.7 15030.7 15990.7 17110.7 18070.7 19030.7 19990.7 21110.7 22070.7 23030.7 23990.7 25110.7 26070.7 27030.7 27728.7 26967.3 26007.3 25047.3 24087.3 22967.3 22007.3 21047.3 20087.3 18967.3 18007.3 17047.3 16087.3 14967.3 14007.3 13047.3 12087.3 10967.3 10007.3 9047.29 8087.29 6967.3 6007.3 5047.3 4087.78
8053.7 7656.05 7279.49 7447.45 7651.96 7080.57 6132.51 5207.95 4554.27 4121.74 3724.09 3416.27 3690.37 4088.01 4512.6 5271.17 6190.75 7150.75 8110.75 9230.75 10129 10596.9 10410.7 9910.38 9538.06 9218.08 9365.13 9819.72 10217.4 10615 11012.7 11476.6 11874.2 12271.9 12709.9 13535.3 14468.3 15428.3 16388.3 17508.3 18468.3 19428.3 20388.3 21508.3 22468.3 23428.3 24388.3 25508.3 26468.3 27427.5 27976 27133.2 26173.2 25213.2 24253.2 23133.2 22173.2 21213.2 20253.2 19133.2 18173.2 17213.2 16253.2 15133.2 14173.2 13213.2 12253.2 11133.2 10173.2 9213.21 8253.21 7133.21 6173.21 5213.21 4254.66
7093.7 6696.05 6319.49 6448.54 6847.71 6620.92 5785.7 4681.28 3777.63 3179.7 2764.09 2456.27 2730.37 3158.33 3787.65 4833.11 5793.11 6753.11 7713.11 8833.11 9793.1 10692.2 11245.8 10851.8 10498.1 10178.1 10325.1 10779.7 11177.4 11575 11972.6 12436.6 12834.2 13231.9 13629.5 14168 14896.3 15826 16786 17906 18866 19826 20786 21906 22866 23826 24786 25906 26866 27778.6 27842.4 26829.2 25869.2 24909.2 23949.2 22829.2 21869.2 20909.2 19949.2 18829.2 17869.2 16909.2 15949.2 14829.2 13869.2 12909.2 11949.2 10829.2 9869.21 8909.21 7949.21 6829.21 5869.21 4909.21 3949.21
6133.7 5736.05 5363.26 5545.51 5939.25 6034.84 5471.08 4610.53 3160.09 2394.59 1816.39 1496.27 1797.31 2430 3318.83 4435.46 5395.46 6355.46 7315.46 8435.46 9395.46 10337.7 11182 11730.1 11458.1 11138.1 11285.1 11739.7 12137.4 12535 12932.6 13396.6 13794.2 14191.9 14589.5 15056.8 15525.6 16250.5 17183.6 18303.6 19263.6 20223.6 21183.6 22303.6 23263.6 24223.6 25183.6 26303.6 27263.6 28072.7 27785.4 26698.7 25738.7 24778.7 23818.7 22698.7 21738.7 20778.7 19818.7 18698.7 17738.7 16779.2 15789.7 14698.7 13738.7 12778.7 11818.7 10698.7 9738.73 8778.73 7818.73 6698.73 5738.73 4778.73 3818.73
5013.7 4616.05 4243.26 4425.51 4823.16 5164.22 4849.5 3944.08 2778.12 1868.82 959.054 487.154 1005.16 1923.64 2883.64 4003.64 4963.65 5923.65 6883.65 8003.64 8963.64 9923.64 10836.3 12118.6 12490 12258.1 12405.1 12859.7 13257.4 13655 14052.6 14516.6 14914.2 15311.8 15709.5 16173.4 16571.1 17009.1 17693.2 18767.5 19727.5 20687.5 21647.5 22767.5 23727.5 24687.5 25647.5 26767.5 27727.5 28516.4 28185.4 27091.2 26131.2 25171.2 24211.2 23091.2 22131.2 21171.2 20211.2 19091.2 18131.2 17195.1 16216 15084.2 14131.2 13171.2 12211.2 11091.2 10131.2 9171.2 8211.2 7091.2 6131.2 5171.2 4211.2
4062.7 3656.05 3283.26 3465.51 3864.18 4302.16 4600.02 3797.11 2837.11 1878.64 984.253 494.086 1008.2 1906.47 2865.01 3985.01 4945.01 5905.01 6865.01 7985 8945 9905 10865 12041.5 13115.2 13186 13365.1 13819.7 14217.4 14615 15012.6 15476.6 15874.2 16271.8 16669.5 17133.4 17531.1 17928.7 18366.8 19192.1 20125.2 21085.2 22045.2 23165.2 24125.2 25085.2 26045.2 27165.2 28125.2 28914.1 28583.1 27488.9 26528.8 25568.8 24608.8 23488.8 22528.8 21568.8 20608.8 19488.8 18528.8 17568.8 16622 15462.8 14528.8 13568.8 12608.8 11488.8 10528.8 9568.84 8608.84 7488.84 6528.84 5568.84 4608.84
3239.23 2705.06 2323.26 2506.28 2946.25 3592.23 4422.01 4180.46 3223.86 2336.9 1699.53 1380.44 1692.29 2344.1 3242 4360.9 5320.9 6280.9 7240.9 8360.9 9320.9 10280.9 11240.9 12398.8 13370.2 13976.5 14323.5 14779.7 15177.4 15575 15972.6 16436.6 16834.2 17231.8 17629.5 18093.4 18491.1 18888.7 19286.3 19824.8 20553.1 21482.8 22442.8 23562.8 24522.8 25482.8 26442.8 27562.8 28522.8 29311.7 28980.7 27886.5 26926.5 25966.5 25006.5 23886.5 22926.5 21966.5 21006.5 19886.5 18926.5 17966.5 17019.2 15881.3 14926.5 13966.5 13006.5 11886.5 10926.5 9966.48 9006.49 7886.49 6926.49 5966.49 5012.27
2686.2 1870.42 1369.26 1576.38 2224.15 3117.92 4073.02 4492.29 3687.12 3057.17 2626.43 2339.71 2609.68 3040.93 3683.73 4758.55 5718.55 6678.55 7638.55 8758.55 9718.55 10678.5 11638.5 12758.5 13718.5 14621.9 15254 15739.7 16137.4 16535 16932.6 17396.6 17794.2 18191.8 18589.5 19053.4 19451.1 19848.7 20246.3 20713.6 21182.5 21907.4 22840.5 23960.5 24920.5 25880.5 26840.5 27960.5 28920.5 29709.4 29378.4 28284.1 27324.1 26364.1 25404.1 24284.1 23324.1 22364.1 21404.1 20284.1 19324.1 18364.1 17404.1 16284.1 15324.1 14364.1 13404.1 12284.1 11324.1 10364.1 9404.13 8284.13 7324.13 6369.91 5545.91
2283.26 1325.35 514.453 817.035 1740.86 2700.86 3660.86 4605.9 4535.92 4143.16 3745.51 3459.71 3728.94 4126.59 4530.09 5267.65 6183.57 7141.13 8078.02 9113.94 10004.9 10952.9 11912.9 13032.9 13992.9 14952.9 15890.4 16671.4 17090.7 17488.4 17886 18349.9 18747.6 19145.2 19542.9 20008.1 20434.2 20888.5 21337 21829.8 22227.9 22666 23350.1 24424.4 25384.4 26344.4 27304.4 28424.4 29378.9 30149.7 29836.2 28748 27788 26828 25868 24748 23788 22828 21868 20748 19788 18828 17868 16748 15789.4 14846.2 13857.6 12748 11788 10828 9868.05 8748.53 7810.59 7031.97 6533.19
2449.97 1532.04 815.142 979.912 1816.9 2769.21 3729.21 4827.17 5348.2 5103.16 4705.51 4419.71 4676.11 5030.23 5411.69 5909.95 6556 7333.9 8016.36 8797.38 9669.02 10627.7 11587.7 12707.7 13667.7 14627.6 15547.8 16325.4 16744.3 17141.9 17539.5 18003.5 18401.1 18798.8 19196.4 19701.1 20319.5 21031.9 21789.8 22598.5 23153.5 23568.5 24015.4 24849 25782.1 26742.1 27698.6 28736.5 29501.2 30082.1 30051.9 29145.7 28185.7 27226.6 26243 25150.1 24199 23225.7 22265.7 21145.7 20185.7 19225.7 18265.7 17145.7 16190.7 15283.8 14233.5 13145.7 12185.7 11225.7 10265.7 9168.23 8399.32 7892.06 7459.38
2889.68 2178.02 1707.85 1795.01 2345.98 3171.44 4123.75 5242.5 5977.66 5932.09 5536.47 5179.82 5103.36 5122.17 5434.04 5898.69 6322 6776.39 7328.71 8311.23 9270.06 10230.1 11190.1 12310 13270 14185.2 14872.1 15386.6 15784.3 16181.9 16579.5 17043.5 17441.1 17838.8 18251.8 18966.6 19702 20543.6 21479.2 22687.8 23498.6 24231.7 24888.9 25481.3 26199.3 27035 27747.3 28400.2 28843.9 29244.2 29603 29425.1 28583.3 27625.5 26649 25520 24596.6 23623.3 22663.3 21543.3 20583.3 19623.3 18663.3 17543.3 16584.3 15626.8 14662.5 13543.3 12583.3 11623.3 10669.1 9747.26 9229.12 8666.62 7932.15
3525.23 3061.35 2663.97 2742.71 3152.65 3692.1 4526.52 5628.28 6131.77 5731.44 5279.4 4826.46 4451.24 4279.83 4561.49 5025.41 5428.92 5971.1 6801.35 7912.42 8872.42 9832.41 10792.4 11912.4 12832.5 13514.5 13960.9 14426.6 14824.3 15221.9 15619.5 16083.5 16481.1 16894.1 17500.5 18334.6 19181.7 20129 21070.1 22240.7 23170.8 24120 25037.8 25685.9 26124.7 26593.4 27022.1 27488.9 27886.5 28289.9 28861.2 29086.4 28889.9 28021.4 27063.7 25927.5 24962.2 24007.4 23056.5 21941 20981 20021 19061 17941 16981 16021 15061 13941 12981 12026.8 11202.8 10552.5 9882.61 9007.68 8057.74
4568.47 4175.19 3783.97 3862.67 4260.32 4658.4 5151.38 5999.8 5914.87 5014.63 4275.91 3732.47 3333.8 3159.83 3441.49 3923.13 4503.25 5369.67 6328.5 7448.5 8408.5 9368.5 10328.4 11386.6 12026.2 12445.1 12842.7 13306.6 13704.3 14101.9 14499.5 14964.7 15401.9 16025.1 16750.7 17745 18705 19665 20625 21745 22701.8 23566.8 24233.4 24712 25109.6 25507.3 25904.9 26368.9 26766.5 27157.7 27560.3 28159.9 28611 28387.9 27515.8 26404.9 25460.9 24488.9 23513.8 22393.8 21433.8 20473.8 19513.8 18393.8 17433.8 16473.8 15513.8 14393.9 13441.6 12595.6 11916.6 10945.7 9986.24 9026.24 8066.24
5064.4 4812.46 4643.41 4797.23 5194.87 5601.31 6011.15 6217.42 5553.7 4593.7 3656.98 2828.04 2375.33 2199.83 2487.35 3145.6 4012.17 4970.85 5930.85 7050.85 8010.85 8970.85 9891.53 10668.5 11087.4 11485.1 11882.7 12346.6 12744.3 13141.9 13539.5 14044.3 14665 15402.8 16240.1 17347.4 18307.4 19267.4 20227.4 21344.1 22227.6 22867.5 23291 23752 24149.6 24547.3 24944.9 25408.9 25807.1 26236.2 26734.2 27358.3 27946.8 28257.9 27647.4 26561.6 25567.8 24607.8 23647.8 22527.8 21567.8 20607.8 19647.8 18527.8 17567.8 16607.8 15647.8 14528 13579.6 12659.5 11716.3 10596.5 9636.53 8676.54 7716.54
4408.17 4351.9 4619.63 5004.58 5420.29 5985.97 6591.18 6101.47 5156.05 4196.05 3236.05 2166.03 1476.51 1247.96 1671.89 2654.38 3613.21 4573.21 5533.21 6653.21 7613.21 8548.71 9225.51 9729.77 10127.4 10525.1 10922.7 11386.6 11784.3 12181.9 12594.9 13309.8 14045.1 14886.7 15829.7 16949.7 17909.7 18869.7 19829.7 20881.8 21500.8 21939.4 22331.1 22792 23189.6 23587.3 23984.9 24448.9 24844.5 25367.5 25918.5 26589.6 27258.5 27694 27284.4 26197.4 25238.9 24278.9 23318.9 22198.9 21238.9 20278.9 19318.9 18198.9 17238.9 16278.9 15318.9 14198.9 13238.9 12278.9 11318.9 10198.9 9238.89 8278.89 7318.89
3448.17 3398.47 3744.34 4220.3 4789.61 5637.62 6403.4 5730.83 4770.83 3810.83 2850.83 1732.77 825.636 520.133 1198.39 2309.41 3269.41 4229.41 5189.41 6309.41 7268.74 8028.11 8345.56 8769.78 9167.42 9565.06 9962.71 10426.6 10824.3 11237.3 11843.6 12677.8 13524.8 14472.1 15432.1 16552.1 17512.1 18472.1 19406.2 20157.4 20583.8 20970.4 21368.1 21832 22229.6 22627.3 23024.9 23488.9 23915.9 24514.4 25115.9 25929.6 26472.2 27066.6 26866.8 25801.3 24841.2 23881.2 22921.2 21801.2 20841.2 19881.2 18921.2 17801.2 16841.2 15881.2 14921.2 13801.2 12841.2 11881.2 10921.2 9801.25 8841.25 7881.25 6921.25
2328.28 2278.47 2636.38 3314.1 4205.25 5161.39 6081.15 5837.86 4882.67 3922.67 2962.67 1849.74 1003.35 776.278 1425.6 2521.25 3481.25 4441.25 5401.25 6507.13 7220.59 7265.96 7240.09 7649.78 8047.42 8445.07 8842.71 9307.91 9745.09 10368.2 11093.8 12088.2 13048.2 14008.2 14968.2 16088.2 17044.9 17940.3 18569.7 19112 19563.4 19850.4 20248.2 20712 21109.6 21507.3 21904.9 22417.3 23007.2 23591 24454.4 24984.9 25690.7 26606 26783.9 25801.3 24841.3 23881.3 22921.3 21801.3 20841.3 19881.3 18921.3 17801.3 16841.2 15881.2 14921.2 13801.2 12841.2 11881.2 10921.2 9801.25 8841.25 7881.25 6921.25
1401.61 1336.68 1848.04 2847.61 3803.75 4763.75 5723.75 6139.01 5280.32 4320.32 3361.19 2356.56 1790.03 1652.58 2034.93 2929.15 3878.89 4838.89 5798.34 6658.23 6690.78 6334 6280.09 6689.78 7087.42 7485.07 7882.71 8390.22 9013.01 9749.33 10583.3 11690.5 12650.5 13610.5 14570.5 15687.3 16570.7 17201.6 17631.2 18068 18493.9 18891.4 19328.2 19752 20149.6 20547.3 20979.3 21645.2 22168.8 22844.4 23519.9 24333 25268.4 26228.4 26909.1 26198.9 25238.9 24278.9 23318.9 22198.9 21238.9 20278.9 19318.9 18198.9 17238.9 16278.9 15318.9 14198.9 13238.9 12278.9 11318.9 10198.9 9238.89 8278.89 7318.89
