public/models/data/input/map/sulsel/1000/mapdriver.asc
NCOLS 496
NROWS 622
XLLCORNER -95260.364462
YLLCORNER 9790791.912663
CELLSIZE 1000.000000
NODATA_VALUE       -9999
[rows 363 to 395 of 622, columns 225 to 299 of 496]
304.161 390.4 347.021 342.908 605.76 656.115 920.552 1730.91 2041.68 1868.49 1751.78 2044.21 2069.75 2067.78 2249.97 2084.34 1745.27 1732.43 1836.22 1361.63 1229.72 1268.81 800.297 549.394 575.063 747.343 691.066 370.708 347.483 413.276 301.671 144.142 217.983 404.178 767.512 934.106 425.829 513.148 1266.71 1579.3 892.444 275.771 693.727 1544.47 1240.63 870.511 746.14 782.819 482.175 240.843 225.704 323.882 302.319 446.787 662.257 986.819 1212.24 1518.89 1547.78 1439.26 851.356 676.707 622.739 338.948 160.615 202.005 369.98 729.349 1036.37 1380.69 -9999 -9999 -9999 -9999 -9999
400.663 233.518 330.361 367.402 304.168 440.405 852.011 1822.03 2591.52 2614.69 2257.09 1934.15 2067.06 2515.08 2864.32 2243.8 1813.13 1819.53 1620.92 718.976 650.359 1176.41 863.941 910.318 1064.74 759.162 272.124 529.055 870.395 848.81 340.668 365.406 670.851 459.868 253.959 305.47 306.667 332.413 707.989 817.24 395.449 437.574 1168.03 1299.78 578.601 248.311 149.637 176.535 408.486 641.761 392.72 313.647 923.287 1406.39 1729.16 2037.6 2164.19 2356.6 2424.29 2168.02 1844.52 1766.22 1676.16 1103.26 693.654 927.696 1256.02 1704.23 1938.46 2078.27 2074.43 -9999 -9999 -9999 -9999
281.94 319.987 373.065 627.414 962.957 1334.93 1684.93 2249.24 2491.16 2051.91 1484.53 991.492 1219 1949.05 2457.81 1675.58 964.446 1002.06 1111.97 549.471 446.434 968.298 467.176 382.054 523.381 595.999 535.121 985.416 733.215 387.849 183.345 751.292 1378.12 1302.28 965.861 535.288 217.844 170.965 256.43 246.694 247.457 799.372 1462.76 847.094 316.827 395.997 244.933 547.725 773.915 546.607 262.182 853.026 1593.78 2167.19 2329.07 2141.28 1872.98 1787.81 1905.53 2044.17 2156.52 2343.74 2342.21 1858.65 1587.07 1749.83 1963.95 1923.33 1677.41 1719.74 1682 -9999 -9999 -9999 -9999
999.055 1048.32 1151.59 1471.5 1778.93 2045.88 2262.21 2258.82 1884.12 1295.64 698.028 369.24 741.053 1330.5 1962.21 1373.57 537.756 615.549 666.577 297.567 388.376 769.174 385.372 259.435 368.172 563.339 817.889 557.788 338.427 452.23 257.718 749.244 1623.51 2066.63 1798.61 986.583 366.942 538.651 580.853 211.389 453.758 1233.31 1544.61 700.1 299.728 307.124 479.926 492.645 363.405 288.768 618.67 1440.29 2098.38 2301.04 1983.91 1304.6 919.493 831.614 946.779 1112.26 1389.46 1841.43 2051.05 1958.26 1789.48 1811.92 1642.9 1281.88 788.938 842.291 1215.37 1418.67 1432.84 -9999 -9999
1268.58 1402.97 1439.79 1435.35 1522.87 1628.97 1702.87 1547.23 1048.77 552.435 301.042 557.116 440.794 812.027 1685.99 1372.43 517.062 539.756 780.044 273.869 277.587 322.55 353.867 602.632 378.048 313.058 573.004 303.309 731.125 884.192 339.283 573.981 1496.31 2209.74 2063.4 1180.49 426.374 523.977 452.746 208.125 641.022 1432.81 1367.63 575.284 286.606 614.887 757.599 260.424 487.924 761.028 1311.88 1985.92 2063.79 1594.36 1182.39 621.558 231.156 203.814 206.071 268.224 544.23 1032.03 1146.24 1132.61 999.299 974.789 721.602 527.278 241.654 192.54 500.683 958.324 1015.07 -9999 -9999
513.019 526.53 548.658 493.306 525.266 586.771 634.549 576.636 326.224 401.82 732.906 467.838 418.54 1120.56 1811.2 1491.81 707.879 336.58 865.48 482.732 277.796 598.057 664.16 300.473 361.067 730.986 695.662 309.09 909.715 866.963 286.238 953.698 1622.9 1594.34 1223.73 724.414 280.443 325.489 234.071 280.331 905.613 1017.97 597.089 295.068 694.348 727.157 313.431 506.217 1243.68 1772.32 2096.03 1983.8 1388.88 717.824 293.913 225.631 404.32 410.515 255.015 104.95 137.796 202.483 234.183 272.802 199.516 213.897 102.104 73.0704 294.256 589.452 320.674 297.063 660.527 1422.79 -9999
192.965 338.131 477.964 507.192 494.704 434.148 363.144 379.555 587.875 841.459 607.198 344.65 905.284 1488.79 1352.99 1115.75 889.446 355.984 522.1 278.712 635.858 755.766 367.343 565.222 1084.07 1325.49 1142.85 448.034 693.495 642.058 369.792 1236.62 1452.01 820.481 449.043 310.506 213.412 247.661 267.411 401.615 1102.95 855.149 467.688 665.553 734.713 416.97 462.145 1188.57 1845.59 2388.01 2125.72 1252.71 674.874 266.129 451.888 821.743 576.703 256.225 240.883 194.939 236.115 280.67 495.347 478.161 308.436 184.667 95.6878 193.819 595.065 1105.4 979.558 905.193 1318.9 1609.97 -9999
523.822 660.176 693.877 645.171 726.306 585.575 363.624 370.775 438.773 429.269 319 770.372 1497.83 1697.54 858.514 531.263 679.278 273.559 278.537 286.267 391.491 342.278 491.745 1034.47 1156.49 993.03 966.949 985.158 961.175 521.047 475.373 1384.57 1383.01 659.831 600.011 629.889 280.172 270.939 281.765 535.212 1092.84 893.045 784.003 638.881 349.833 475.381 974.944 1573.25 2084.24 2216.39 1670 752.072 245.346 390.224 937.935 1049.56 437.785 236.128 260.03 314.691 513.329 851.135 844.154 561.61 332.797 385.035 200.532 618.411 765.005 793.859 853.037 1266.45 1790.4 2192.21 2390.72
412.231 288.11 317.157 310.854 282.382 332.814 488.465 579.92 586.735 608.983 872.548 1422.24 1892.53 1445.59 418.295 586.136 570.234 216.994 621.399 813.144 588.049 669.495 866.439 701.656 411.266 300.346 564.877 1367.84 1228.37 420.805 450.816 1306.65 1687.25 1359.52 1249.32 605.582 272.706 378.201 251.63 784.509 679.617 321.751 264.467 312.295 591.85 947.558 972.817 1002.31 1528.72 1563.89 1008.2 315.921 156.449 413.032 937.27 555.441 209.087 186.297 445.785 708.087 1005.11 1015.85 455.089 307.918 588.913 547.656 255.215 468.659 331.951 257.632 243.861 768.409 1367.51 1942.15 2085.63
193.939 234.192 364.282 290.376 368.204 694.254 1015.85 1275.84 1375.41 1274.52 1365.74 1471.51 1238.57 539.821 293.872 503.829 353.164 581.901 1167.42 1491.3 1375.28 937.807 358.027 262.249 517.764 785.641 1107.58 1682.4 1483.29 600.634 184.58 989.853 1721.06 1463.07 881.955 357.362 540.779 614.186 631.381 519.868 227.831 223.007 471.466 807.828 537.754 436.081 410.116 251.165 742.47 982.443 349.491 349.108 706.325 387.005 430.987 267.639 311.766 298.849 779.065 1416.22 1054.97 565.659 287.234 718.536 728.153 301.822 285.242 329.865 308.782 269.698 364.95 273.7 681.18 1396.79 1629.1
470.643 455.055 456.339 626.162 391.295 277.265 373.121 667.51 842.974 592.558 547.37 543.816 492.515 312.597 312.1 342.172 487.529 721.719 739.948 821.799 898.308 532.66 238.471 366.355 440.343 460.542 707.85 1206.05 1317.12 792.022 222.454 905.791 1477.89 1060.13 320.773 328.871 835.192 915.583 565.095 206.67 248.291 445.315 719.475 573.725 417.729 461.36 405.987 246.116 345.66 676.203 272.249 660.692 1139.22 612.221 344.466 162.089 265.298 581.782 1118.55 1242.01 592.249 256.543 354.093 498.928 355.097 497.833 847.284 490.155 460.848 775.124 1029.68 515.677 362.489 1019.59 1256.31
304.168 662.299 1079.53 1403.02 1071.5 653.77 489.415 206.113 225.479 187.062 94.2806 135.982 193.312 312.982 302.681 281.78 326.78 299.017 280.539 289.693 306.743 182.537 141.051 370.851 470.292 460.753 360.896 409.581 564.309 573.197 290.783 962.454 1047.21 604.023 175.318 611.689 1020.11 560.026 196.765 224.872 268.21 358.272 320.581 183.404 285.161 388.128 540.02 582.154 316.478 290.771 252.532 792.726 1048.18 439.876 212.245 176.458 428.78 1095.64 1201.47 593.349 317.345 278.137 338.53 454.664 732.598 1098.52 1333.14 1042.63 885.498 737.789 774.98 671.512 326.584 549.902 868.921
365.684 302.46 689.944 1227.95 1509 1503.33 1209.86 620.326 335.631 290.725 215.37 108.354 136.146 145.61 217.596 152.475 204.58 450.857 722.222 502.657 353.097 381.788 207.325 222.689 283.786 322.599 342.837 225.65 273.1 542.002 372.057 719.268 365.966 231.388 171.626 846.743 948.38 470.586 261.897 203.89 205.269 163.975 149.932 350.035 357.128 264.61 239.448 367.649 228.755 444.379 833.927 1113.07 675.227 228.703 264.874 239.934 697.59 994.241 661.659 229.491 281.661 318.109 666.192 778.192 974.295 1125.13 970.488 901.041 607.926 293.874 267.942 391.616 359.744 215.058 381.516
423.741 586.364 329.095 422.781 857.706 1568.89 1971.11 1552.75 818.79 394.892 698.63 317.351 246.996 347.625 306.073 728.628 517.124 314.844 366.175 271.733 397.557 311.798 339.909 246.642 291.807 282.119 339.271 482.164 773.323 1001.66 960.976 432.615 192.541 317.509 216.588 456.303 282.928 270.131 343.394 209.909 247.808 237.742 201.39 294.256 432.751 483.827 273.855 431.105 684.411 1022.58 1285.65 829.58 318.664 221.963 241.242 368.428 369.048 243.463 139.518 174.251 254.065 410.072 352.169 280.558 298.881 365.706 239.294 204.498 193.246 549.286 630.67 190.883 339.46 678.955 1061.41
838.211 1108.06 935.085 498.487 589.292 1376.18 2284.08 1988.88 1032.65 390.084 736.335 416.778 285.554 323.693 221.922 615.266 1053.12 968.453 713.405 678.383 1031.27 811.279 291.776 321.088 396.017 541.686 411.103 306.995 373.329 468.531 662.754 226.259 408.403 644.258 309.259 364.807 348.12 698.309 940.168 440.487 471.852 417.101 338.596 458.106 553.484 682.099 524.857 251.88 389.615 601.039 592.342 269.081 290.987 374.556 328.248 259.15 176.794 159.342 206.392 350.449 493.152 541.938 644.333 922.464 692.393 308.415 277.257 313.094 411.421 692.751 440.129 424.864 770.2 1218.5 1712.55
472.91 749.11 787.375 619.368 979.947 1699.05 2548.87 2375.32 1452.87 796.385 770.284 365.574 752.444 588.329 295.43 297.337 826.951 1403.86 1608.36 1484.78 1579.05 1264.64 428.425 329.366 342.512 698.007 831.953 332.811 469.122 604.797 705.162 389.004 442.397 493.812 302.866 271.98 332.503 582.336 781.448 467.644 394.729 370.024 356.467 510.653 449.596 382.596 346.829 245.535 214.079 261.195 343.692 305.048 300.775 236.352 190.45 288.576 359.041 453.65 576.879 826.733 1125.43 1055.03 954.017 968.277 747.909 290.741 516.592 814.298 933.486 1032.12 526.326 376.635 410.081 793.227 1310.55
400.061 249.839 192.801 243.917 886.227 1602.71 2352.23 2669.72 2072.49 1647.13 1313.24 952.434 1310.95 1169.79 783.268 483.776 539.152 1337.75 1935.29 1362.89 1160.2 1158.6 476.09 407.839 483.683 294.26 391.607 425.959 823.829 1344.95 1245.32 640.003 245.515 282.966 218.805 263.964 181.415 277.568 282.096 402.037 548.01 418.563 708.736 1308.12 1089.27 635.718 415.86 403.441 568.41 644.75 809.174 613.501 438.354 416.14 541.352 725.264 644.081 372.986 347.478 494.297 853.422 580.868 332.064 289.588 275.761 425.803 1057.74 1574.82 1628.35 1633.68 1274.35 937.211 486.547 271.827 459.393
1149.95 914.241 581.48 147.505 348.077 915.595 1633.06 2348.72 2227.51 1769.81 1448.19 1372.38 1192.33 915.42 483.014 368.965 935.199 1724.06 1833.17 851.402 446.414 1018.83 887.095 486.958 448.205 388.926 288.817 243.534 733.92 1446.55 1038.13 307.627 243.684 199.38 254.898 282.591 536.086 961.366 807.995 280.649 499.261 649.743 1030.45 1298.36 741.418 302.804 266.38 307.251 250.876 278.634 307.886 429.342 491.442 570.838 751.961 826.168 602.233 372.348 378.152 300 247.199 310.777 434.687 603.221 576.098 824.994 943.52 919.245 934.165 1089 1261.05 1521.85 1249.64 876.653 489.749
670.908 860.867 898.617 610.304 399.332 422.866 982.544 1529.54 1375.35 883.228 575.082 570.638 431.879 370.374 216.292 549.861 1249.89 2038.84 1876.21 834.198 375.119 795.844 601.883 332.39 546.677 667.576 557.265 445.156 837.421 1523.56 1198.1 497.916 367.049 317.194 383.094 791.263 1045.25 1149.45 1140.95 694.781 324.97 213.125 434.291 562.629 365.457 176.621 232.068 395.329 411.372 508.188 566.83 499.14 431.169 326.582 324.531 347.76 346.819 375.358 343.277 344.046 231.754 163.329 178.332 340.892 338.745 377.641 329.505 312.747 321.536 391.93 469.218 1178.44 1409.93 978.118 581.578
325.595 334.498 529.634 814.041 839.169 442.12 379.463 607.102 537.65 352.756 464.517 493.461 644.094 828.787 565.018 392.143 1159.1 1878.32 1639.28 753.133 292.618 362.996 353.601 786.227 1355.01 1587.66 1430.76 1189.25 1444.33 1720.95 1279.43 555.548 588.603 815.763 619.034 795.513 796.463 474.326 721.148 1062.99 622.827 310.324 183.27 281.282 338.966 202.525 211.585 358.171 448.246 362.995 380.395 466.542 478.99 329.099 297.414 310.768 333.601 607.594 731.723 585.19 346.679 260.857 212.166 218.903 234.388 413.642 667.172 710.972 767.103 664.251 262.424 780.763 1030.84 519.407 292.964
996.224 707.707 446.312 315.478 648.193 787.017 652.321 367.329 218.352 363.048 736.129 1046.82 1388.08 1593.7 1133.48 739.777 1156.6 1370.74 990.071 340.397 283.982 459.427 515.024 774.184 1517.1 1658.45 1354.96 1080.72 1373.58 1427.99 829.71 791.382 1330.15 1374.03 662.552 300.395 568.292 519.475 289.89 768.005 873.093 806.564 606.248 304.775 312.707 349.244 201.331 287.486 327.195 425.136 487.466 445.392 293.792 312.058 546.458 497.686 396.584 289.5 315.262 346.58 389.242 443.205 530.295 441.919 325.248 348.749 587.491 631.774 839.943 1063.54 512.557 335.182 579.87 662.596 675.999
2079.8 1760.84 1328.59 674.34 340.653 395.792 846.496 1149.2 902.634 486.297 288.91 431.936 903.719 1261.8 815.834 351.617 539.68 480.832 276.835 295.613 336.384 334.845 279.333 724.351 1017.04 735.454 439.542 353.929 639.512 822.978 581.023 388.235 1110.55 1458.69 906.359 279.57 230.44 334.174 333.768 210.256 237.681 360.773 693.523 813.517 540.474 337.488 242.781 382.523 415.576 328.7 269.844 300.304 346.298 244.329 345.796 462.563 378.824 419.842 529.264 452.134 350.937 240.171 225.894 211.629 253.424 317.696 383.35 345.922 301.791 572.059 663.887 244.509 119.731 342.028 808.86
2579.41 2304.86 1984.54 1543.54 1037.72 494.278 370.02 1114.54 1527.67 1358.04 987.44 462.669 371.701 533.752 335.737 270.73 216.37 214.152 268.517 302.798 259.84 371.592 652.832 535.065 410.277 357.191 359.462 369.642 358.153 699.186 931.96 322.378 483.02 862.651 908.654 418.966 314.406 333.023 240.628 274.714 270.016 216.637 190.296 473.417 690.511 715.165 709.182 385.5 318.398 349.861 516.036 740.195 654.007 775.407 675.64 555.609 540.303 334.525 289.19 302.304 330.892 321.303 361 589.803 560.032 828.286 1215.17 1162.57 683.481 347.458 351.015 336.871 279.271 268.272 337.978
1932.76 1731.85 1845.94 2136.62 1788.58 1077.03 372.628 662.093 1526.5 2046.97 1804.84 1174.3 714.194 427.124 451.223 355.816 295.881 522.93 576.306 430.917 327.339 651.389 545.373 302.043 594.462 580.458 329.618 464.301 646.913 1054.25 933.713 327.965 297.533 336.807 549.643 461.759 271.133 204.829 259.02 218.73 242.426 313.181 228.754 192.981 296.585 316.966 430.331 327.583 288.026 311.394 270.57 919.057 1266.39 1471.18 1515.55 1443.93 1105.25 494.591 288.018 399.689 529.732 454.453 254.043 421.088 702.747 1172.4 1538.79 1682.41 1447.67 1070.84 856.351 1026.5 949.376 862.698 770.83
1032.74 828.676 1139.24 1941.44 2075.93 1584.91 726.582 371.214 1261.6 2173.15 2507.53 2050.64 1558.71 1164.06 729.028 297.626 824.517 1229.85 930.193 287.346 570.283 660.4 277.742 600.919 577 306.39 465.222 1136.43 1492.31 1364.04 620.811 285.764 265.248 336.94 374.259 405.45 449.786 520.353 725.347 810.085 488.011 268.501 223.244 146.238 219.238 328.698 392.327 513.132 399.263 246.311 193 446.085 759.289 1043.17 1332.69 1700.85 1470.57 916.548 529.53 312.937 401.09 429.159 470.913 367.961 291.054 644.882 852.768 1177.52 1571.8 1779.08 1794.41 1976.42 1899.12 1698.33 1203.06
573.197 392.923 707.893 1035.01 1418.18 1522.54 794.566 347.094 1228.39 2178.97 3011.36 2984.77 2457.44 1651.07 724.789 289.347 1006.86 1218.15 500.913 293.873 458.475 308.539 336.683 285.679 369.467 774.896 1303.7 1770.14 1693.88 1012.83 325.359 542.575 504.199 325.087 701.723 1145.94 1304.33 1440.13 1551.58 1559.64 993.58 308.802 157.355 262.077 258.597 265.006 266.037 575.094 673.942 548.57 232.15 140.944 138.395 217.414 428.828 908.219 1132.35 1326.87 1274.22 893.203 396.428 162.36 379.196 1002.92 606.184 239.946 217.392 332.668 722.414 1262.05 1811.82 2303.57 2500.25 1964.88 1038.59
970.723 445.061 444.294 393.53 814.891 872.473 622.907 404.257 1229.31 2002.48 2612.39 3048.16 2640.5 1708.52 827.203 271.782 874.331 957.802 285.985 327.523 380.779 641.155 698.18 843.513 1111.65 1521.53 1777.46 1435.34 988.594 492.461 339.627 399.623 356.142 568.874 460.875 679.227 1067.14 1288.25 1050.72 982.429 950.773 523.527 205.901 199.703 185.387 246.094 392.962 189.165 274.87 613.569 676.562 372.393 158.216 197.989 193.108 260.063 351.336 552.227 759.646 994.357 729.772 290.645 454.317 1194.11 1240.73 975.201 888.875 437.307 282.911 528.833 910.192 1546.98 2157.57 1929.64 1215.43
986.006 347.165 228.027 307.38 350.554 386.418 717.38 731.368 876.256 1291.24 1791.41 2227.02 2223.66 1462.32 547.643 373.98 992.098 757.311 197.328 405.277 763.476 650.77 376.168 1059.74 1319.45 1524.2 1392.63 701.544 371.143 314.836 454.404 163.412 320.478 922.739 1090.24 420.621 488.934 796.983 464.343 361.978 405.776 582.503 483.894 177.55 149.053 121.933 296.546 355.799 209.695 221.855 512.885 614.093 344.358 181.467 227.961 187.3 168.796 258.947 308.535 350.231 460.702 407.479 302.03 812.406 1404.03 1600.41 1650.52 1213.67 683.933 331.764 267.052 1006.24 1718.99 1439.28 758.313
359.046 162.312 174.729 307.134 604.482 735.455 715.58 941.905 443.05 578.429 905.303 1313.68 1725.95 1535.49 721.751 333.541 939.099 633.651 245.094 331.3 541.773 316.677 572.109 937.134 612.287 844.974 780.245 273.627 347.706 373.8 457.681 237.517 269.683 943.682 1628.72 866.197 322.069 521.443 802.353 857.973 520.141 432.214 904.379 577.215 201.627 176.413 168.707 232.772 312.042 182.1 150.461 234.432 213.671 123.833 167.083 246.215 214.442 245.772 361.485 510.18 385.484 222.31 164.632 305.035 767.799 1125.44 1708.64 1970.05 1462.63 905.175 276.509 594.614 1417.85 1324.01 556.227
680.274 833.635 944.86 1076.18 1274.5 884.72 306.09 691.495 674.286 301.311 242.102 425.63 1095.84 1449.93 773.47 248.948 472.342 270.132 209.904 392.834 304.691 495.163 634.064 406.688 294.883 432.753 281.801 336.373 295.175 647.243 536.026 315.326 387.085 930 1809.87 1514.87 838.895 332.3 483.504 1084.5 732.845 399.775 1097.16 1095.18 375.795 314.601 488.464 294.772 223.072 218.055 251.403 277.963 328.003 198.112 208.819 178.046 227.609 342.026 345.497 363.158 619.449 624.358 409.369 234.361 182.982 432.479 1190.67 2111.3 2156.04 1335 408.186 447.386 1213.34 1523.63 1059.5
1635.39 1697.9 1383.7 893.66 923.599 796.888 568.558 327.238 451.008 388.608 625.869 308.131 720.757 1056.08 441.748 372.792 443.451 274.725 410.319 509.512 341.198 378.933 259.278 235.259 292.995 386.539 527.441 310.839 691.304 1098.67 530.614 367.475 390 930 1884.39 2150.96 1387.55 594.355 190.574 615.316 670.281 374.574 823.511 816.178 622.979 313.187 350.671 574.774 491.932 271.693 210.059 323.376 249.933 172.799 185.513 329.411 193.68 249.632 626.499 520.688 346.36 468.908 671.053 332.984 307.58 267.825 738.369 1777.16 2154.41 1466.05 542.824 232.972 570.641 1026.42 782.598
2124.4 1933.24 1134.1 291.604 318.281 550.494 734.675 302.371 249.751 304.609 720.275 497.726 484.288 810.871 288.823 735.33 685.38 358.382 701.027 321.485 297.379 237.084 215.677 308.132 386.951 720.654 408.868 462.352 1130.28 1340.48 577.474 343.462 375.524 860.484 1810.82 2497.29 1802.65 974.345 279.209 252.029 385.814 496.753 675.811 399.58 978.817 913.163 472.026 270.582 475.835 380.901 198.323 328.521 385.769 228.733 279.99 306.196 340.291 227.127 289.224 731.443 786.603 388.578 398.715 433.055 288.661 223.5 523.174 1351.95 1903.33 1736.7 987.396 472.713 285.424 486.569 343.733
1503.08 1380.16 784.668 265.986 656.768 790.674 403.507 425.375 483.973 281.585 766.932 743.113 368.647 688.876 286.404 707.121 471.459 527.828 598.161 215.278 278.022 243.013 173.589 311.854 747.16 790.854 299.053 916.381 1605.14 1582.93 722.516 299.516 413.463 598.1 1497.5 2435.31 2117.83 1210.16 344.932 190.867 199.204 569.879 759.41 279.339 954.859 1468.13 1190.82 458.173 258.42 410.583 232.851 353.51 296.347 304.463 346.61 419.952 324.561 561.449 300.827 348.988 918.914 879.628 505.469 293.443 221.856 305.193 234.802 673.552 1404.28 1889.76 1579.16 1109.05 493.316 301.912 223.263
