public/models/data/input/map/sulsel/1000/mapdem.asc
NCOLS 496
NROWS 622
XLLCORNER -95260.364462
YLLCORNER 9790791.912663
CELLSIZE 1000.000000
NODATA_VALUE       -9999
[rows 66 to 98 of 622, columns 225 to 299 of 496]
-9999 -9999 -9999 -9999 -9999 -9999 -9999 -9999 -9999 -9999 -9999 -9999 -9999 -9999 -9999 1755.73 1752.56 1760.21 1785.56 1847.71 1893.22 1910.02 1946.41 2022.95 2076.5 2052.61 2076.19 2248.67 2294.19 2337.63 2229.84 1931.59 1847.43 1774.98 1521.09 1277.14 1287.31 1324.89 1305.33 1069.74 970.179 1038.19 1201.46 1151.09 958.206 772.491 587.295 596.483 572.652 508.009 482.926 597.301 695.042 668.006 564.839 613.226 804.778 1026.79 1073.96 1040.94 1028.45 962.606 751.821 517.278 517.699 597.505 563.155 448.985 342.009 240.926 184.158 198.555 212.651 193.786 157.997
-9999 -9999 -9999 -9999 -9999 -9999 -9999 -9999 -9999 -9999 -9999 -9999 -9999 -9999 -9999 -9999 1742.2 1742.2 1771.83 1788.67 1824.01 1875.37 1950.7 2058.44 2147.02 2193.1 2174.47 2204.56 2048.9 2084.98 2064.82 1705.29 1654.53 1792.14 1565.33 1268.24 1160.55 1200.65 1244.22 1109.57 924.514 876.373 1024.23 1087.32 986.06 770.866 621.985 775.502 688.281 582.219 458.478 461.031 518.734 539.196 607.416 747.079 914.982 1131.99 1080.23 867.455 719.031 753.908 744.133 482.297 374.358 378.106 400.656 341.939 334.005 234.753 168.547 154.414 148.529 139.853 118.492
-9999 -9999 -9999 -9999 -9999 -9999 -9999 -9999 -9999 -9999 -9999 -9999 -9999 -9999 -9999 -9999 -9999 -9999 -9999 1784.35 1807.3 1845.31 1895.85 2001.8 2064.11 2139.05 2186.59 1969.51 1815.94 1842.72 1916.25 1574.84 1430.55 1478.26 1474.68 1189.53 1021.99 1066.72 1155.97 1247.37 1103.85 874.676 803.132 845.292 836.447 746.336 735.59 899.089 849.333 707.972 581.161 439.234 452.021 543.972 571.975 701.166 857.407 1090.91 1000.91 756.479 577.442 516.159 582.912 540.26 397.011 268.774 334.087 263.736 265.646 178.481 131.624 138.803 139.451 125.193 99.2881
-9999 -9999 -9999 -9999 -9999 -9999 -9999 -9999 -9999 -9999 -9999 -9999 -9999 -9999 -9999 -9999 -9999 -9999 -9999 1770.43 1805.63 1864.64 1929.25 1982.77 2071.69 2076.04 2025.08 1834.76 1657.7 1710.39 1881.8 1673.56 1451.32 1273.77 1218.34 1108.78 951.674 990.766 1115.44 1168.15 1177.4 1015.81 884.662 784.153 708.998 709.885 805.459 957.514 875.448 720.01 582.774 496.243 440.339 383.229 391.879 560.906 797.718 965.245 867.389 705.934 544.309 417.094 395.874 390.758 327.704 257.622 232.664 192.821 189.965 161.941 124.854 123.017 111.349 95.0256 83.8581
-9999 -9999 -9999 -9999 -9999 -9999 -9999 -9999 -9999 -9999 -9999 -9999 -9999 -9999 -9999 -9999 -9999 -9999 -9999 1802.73 1815.14 1854.18 1893.06 1964.04 2016.56 1906.02 1806.79 1748.79 1566.55 1526.85 1740.39 1726.71 1540.9 1342.47 1118.17 974.977 917.792 879.687 965.048 1012.45 1126.16 1173.26 1120.83 1009.86 844.178 833.674 964.427 1021.69 829.377 686.219 639.586 652.596 583.968 482.313 341.661 467.372 645.803 809.466 843.276 621.136 492.717 360.962 295.504 282.115 274.611 219.869 163.119 136.035 135.884 133.352 96.7387 93.4013 91.72 78.4337 86.95
-9999 -9999 -9999 -9999 -9999 -9999 -9999 -9999 -9999 -9999 -9999 -9999 -9999 -9999 -9999 -9999 -9999 -9999 -9999 1786.68 1792.35 1827.25 1880.56 1944.37 1947.66 1802.98 1598.77 1493.96 1347.04 1285.88 1328.13 1378.21 1384.17 1407.15 1310.17 1017.42 838.955 774.239 837.601 949.434 1081.87 1169.18 1208.39 1176.76 1016 918.567 1061.59 1066.51 884.493 805.486 785.776 814.427 727.752 575.228 393.888 323.383 413.699 542.574 682.851 578.791 513.687 377.339 260.557 248.513 273.5 190.881 121.728 120.085 101.361 93.7262 69.5875 64.6162 62.7775 62.575 83.6513
-9999 -9999 -9999 -9999 -9999 -9999 -9999 -9999 -9999 -9999 -9999 -9999 -9999 -9999 -9999 -9999 -9999 -9999 -9999 1804.41 1827.52 1844.34 1875.8 1894.72 1780.73 1671.39 1517.22 1416.41 1364.4 1213.59 1114.73 1061.43 1077.72 1178.43 1316.24 1186.23 972.949 806.76 748.398 896.109 911.809 879.074 948.987 1116.25 1139.55 1124.79 1237.08 1085.05 968.714 981.099 1008.07 934.977 749.469 645.647 482.184 304.927 245.669 347.854 451.629 358.021 326.72 285.629 210.146 186.164 233.114 181.708 97.7506 98.3625 95.1438 69.5069 52.2844 42.1019 41.8781 44.3981 49.2544
-9999 -9999 -9999 -9999 -9999 -9999 -9999 -9999 -9999 -9999 -9999 -9999 -9999 -9999 -9999 -9999 -9999 -9999 -9999 1812.52 1884.07 1887.46 1850.42 1850.77 1806.82 1682.83 1580.58 1598.61 1471.78 1395.97 1349.04 1222.45 1075.15 984.572 1020.3 1053.93 914.645 810.856 689.694 689.063 681.951 752.018 900.129 1030.57 1240.98 1348.69 1357.78 1187.88 1163.51 1214.33 1196.04 961.597 733.389 593.049 447.742 343.412 244.773 282.327 313.137 200.242 197.39 196.067 146.679 129.289 106.995 89.8144 63.1494 71.32 73.8313 51.5769 38.2694 34.4419 34.7631 37.4031 35.2244
-9999 -9999 -9999 -9999 -9999 -9999 -9999 -9999 -9999 -9999 -9999 -9999 -9999 -9999 -9999 -9999 -9999 -9999 -9999 1810.85 1853.79 1866.47 1842.4 1822.5 1775.14 1598.3 1488.93 1455.5 1391.79 1463.88 1362.56 1208.13 1088.42 934.457 896.167 885.7 874.501 843.68 787.636 751.328 716.556 707.439 971.182 1162.97 1265.69 1389.75 1299.29 1121.71 1089.91 1146.94 1150.16 901.528 697.875 599.886 523.852 484.487 333.061 217.969 191.243 139.846 127.183 137.258 122.445 107.991 90.1894 71.6981 50.5119 47.5769 45.3331 38.3169 35.5131 32.3981 33.8219 36.085 33.7225
-9999 -9999 -9999 -9999 -9999 -9999 -9999 -9999 -9999 -9999 -9999 -9999 -9999 -9999 -9999 -9999 -9999 -9999 -9999 1793.39 1817.04 1842.12 1838.36 1830.08 1758.92 1611.29 1505.3 1324.56 1227.82 1247.53 1205.68 1054.55 1019.74 1077.01 1187.27 1153.17 1164.8 1171.11 1005.99 1060.14 990.262 696.802 880.874 1124.92 1098.94 1204.59 1200.94 945.813 841.745 892.932 1006.48 852.351 592.374 514.481 494.389 463.794 295.535 194.484 157.786 105.949 100.857 117.029 110.189 86.3244 80.1331 69.8394 51.1981 33.5631 31.1694 32.2869 33.0356 31.8256 32.8344 32.3037 30.4538
-9999 -9999 -9999 -9999 -9999 -9999 -9999 -9999 -9999 -9999 -9999 -9999 -9999 -9999 -9999 -9999 -9999 -9999 -9999 1810.67 1836.49 1867.65 1857.37 1835.03 1808.41 1697.91 1544.54 1338.51 1243.75 1138.56 1051.34 1047.87 1223.08 1308.84 1357.53 1296.95 1264.39 1267.89 1367.79 1314.96 997.289 632.741 660.792 820.74 762.389 903.837 977.267 920.541 712.021 687.316 758.199 720.906 576.167 415.563 360.219 332.391 267.041 176.434 132.021 102.214 102.595 115.774 93.2269 98.915 74.3262 51.56 38.1738 30.1038 26.6637 28.1 28.9625 29.0063 30.0925 28.8081 25.5556
-9999 -9999 -9999 -9999 -9999 -9999 -9999 -9999 -9999 -9999 -9999 -9999 -9999 -9999 -9999 -9999 -9999 -9999 -9999 1817.07 1870.51 1887.47 1877.92 1872.75 1821.23 1676.74 1531.92 1418.35 1389.77 1278.9 1115.32 1175.49 1394.46 1453.26 1430.68 1437.96 1378.84 1452.19 1396.89 1002.54 787.539 599.897 507.788 577.58 627.044 753.619 800.264 842.682 635.352 598.801 609.056 521.381 557.2 462.22 331.449 259.355 280.886 211.168 124.859 94.9863 88.95 86.2556 82.6631 54.5713 44.01 35.0513 34.7125 31.5325 27.12 27.5212 26.8312 26.09 27.2787 25.8781 25.1506
-9999 -9999 -9999 -9999 -9999 -9999 -9999 -9999 -9999 -9999 -9999 -9999 -9999 -9999 -9999 -9999 -9999 -9999 -9999 1845.29 1913.97 1917.31 1904.28 1914.66 1849.99 1754.79 1700.83 1657.88 1592.47 1424.2 1314.99 1278.49 1354.64 1471.31 1531.78 1569.49 1559.57 1543.45 1251.58 964.291 748.669 621.574 443.669 414.299 452.742 520.176 613.662 646.314 553.239 489.266 481.877 367.809 421.516 434.941 378.907 246.789 194.364 181.181 136.427 121.988 126.452 105.459 72.5906 39.2188 32.1338 30.3525 30.04 27.2687 26.7113 28.2544 26.5856 24.08 24.7138 24.4719 22.7319
-9999 -9999 -9999 -9999 -9999 -9999 -9999 -9999 -9999 -9999 -9999 -9999 -9999 -9999 -9999 -9999 -9999 2104 1969.81 1844.81 1931.56 1937.78 1943.47 1960.92 1931.78 1871.2 1884.03 1830.58 1687.78 1569.32 1546.73 1472.21 1433.05 1498.52 1627.49 1695.72 1558.64 1380.94 1180.77 938.635 744.042 648.106 545.314 492.718 395.298 354.845 365.129 384.358 416.703 378.642 340.331 268.572 276.059 268.179 315.969 253.995 205.045 155.086 115.344 124.694 99.5106 75.1956 55.9744 28.145 28.41 27.7388 27.0812 25.17 23.62 25.4444 25.2706 23.6912 23.5275 22.0369 20.2869
-9999 -9999 -9999 -9999 -9999 -9999 -9999 -9999 -9999 -9999 -9999 -9999 -9999 -9999 -9999 2013.81 1994.31 1932.51 1958.13 1916.65 1889.61 1930.88 1947.78 2000.65 1983.2 1945.97 2006.53 2009.8 1919.2 1842.11 1859.42 1791.16 1681.08 1714.6 1708.81 1571.32 1410.85 1247.83 1054.24 896.617 857.152 800.579 774.139 708.468 573.772 493.008 387.782 377.7 292.623 291.75 278.865 221.947 204.675 200.353 196.871 197.014 154.999 127.732 131.82 117.288 74.8981 47.1781 32.5156 24.7062 27.3275 29.3787 27.4475 25.8819 25.5756 23.0012 23.0487 24.9419 25.8944 22.3487 19.055
-9999 -9999 -9999 -9999 -9999 -9999 -9999 -9999 -9999 -9999 -9999 -9999 -9999 -9999 2062.79 2014.1 1988.73 1963.88 1976.5 1920.35 1878.66 1909.97 1961.31 2012.51 2012.16 2012.24 2081.5 2166.99 2133.67 2077.55 2025 1926.03 1853.69 1738.02 1607.61 1529.18 1394.87 1226.41 1105.8 987.416 895.993 798.272 710.842 506.268 435.097 431.632 446.163 562.355 450.783 402.102 334.209 322.864 291.22 336.497 341.69 239.661 180.845 157.288 139.416 121.363 77.3931 41.0069 26.8819 25.6887 28.4525 32.555 31.3687 28.9919 24.2556 23.2038 22.0012 22.8844 24.4419 22.7525 19.7813
-9999 -9999 -9999 -9999 -9999 -9999 -9999 -9999 -9999 -9999 -9999 -9999 -9999 2081.31 2056.2 2018.36 2005.9 1978.36 1971.66 1900.96 1901.83 1912.06 1961.95 2029.18 2074.95 2103.33 2185.6 2290.8 2307.5 2254.43 2108.2 1899.4 1821.23 1723.39 1657.3 1561.78 1305.37 1051.1 903.923 732.408 671.447 621.409 556.921 547.049 524.111 479.662 607.653 746.485 705.732 620.619 556.541 408.331 358.379 462.049 481.79 309.299 227.892 177.605 213.194 173.265 69.76 33.3231 26.2406 25.6156 27.0631 31.0812 31.6875 27.1131 23.4156 21.2669 20.1469 21.495 23.8137 21.2469 20.0044
-9999 -9999 -9999 -9999 -9999 -9999 -9999 -9999 -9999 -9999 -9999 -9999 2256.54 2173.76 2064.51 2023.47 1994.92 1939.99 1903.64 1943.7 1975.74 1993.76 2075.94 2113.58 2192.79 2293.02 2325.1 2409.76 2304.05 2238.82 2120.13 1931.29 1770.67 1599.97 1521.51 1366.63 1081.16 926.113 888.708 858.879 921.473 833.065 670.718 567.989 499.646 481.271 648.359 886.83 893.852 756.989 641.161 444.39 455.356 488.559 431.335 328.444 293.494 300.015 273.325 108.961 38.8063 26.5419 26.5419 27.3019 26.3594 26.5225 27.1038 23.8156 22.0456 21.5581 19.6281 20.1238 19.35 18.9319 18.5444
-9999 -9999 -9999 -9999 -9999 -9999 -9999 -9999 -9999 2455.75 2455.56 2341.13 2287.28 2172.89 2119.49 2083.26 2020.52 1953 1973.56 2042.53 2081.62 2138.23 2181.04 2294.43 2300.9 2377.61 2441.46 2462.64 2241.47 1979.45 1846.41 1727.67 1547.34 1349.39 1254.4 1138.4 1127.15 1140.84 1184.4 1199.65 1226.76 993.473 769.634 711.661 725.732 650.072 668.443 844.264 930.709 855.667 736.953 649.354 651.339 652.177 609.996 491.338 408.507 274.311 122.298 34.8894 23.4231 23.0912 25.6637 22.6856 24.5931 23.8619 25.0644 23.5506 23.0331 21.3438 20.87 21.4688 19.3237 19.5562 18.0938
-9999 -9999 -9999 -9999 -9999 -9999 -9999 -9999 2527 2476.39 2437.26 2330.34 2254.53 2141.76 2104.39 2063.5 2000.11 1957.26 2038.13 2171.34 2234.43 2257.44 2239.91 2214.19 2239.05 2254.61 2255.78 2314.71 2244.98 1937.69 1696.93 1508.91 1427.07 1375.09 1394.84 1399.15 1430.34 1491.79 1441.69 1308.21 1137.69 881.136 746.812 900.308 904.657 714.554 688.183 863.32 899.35 814.412 746.55 781.722 766.64 743.939 658.923 433.749 260.894 133.195 49.0625 23.2719 21.9956 23.8463 24.5588 19.8831 21.7031 23.1581 25.7256 24.4919 22.0294 20.2125 19.5837 18.9375 17.6925 17.8312 18.7362
-9999 -9999 -9999 -9999 -9999 -9999 -9999 -9999 2527 2492.72 2425.49 2282.62 2160.9 2051.88 2008.12 1989.75 1945.99 1991.1 2113.31 2243.13 2296.71 2244.55 2190.2 2138.83 2140.32 2105.46 2124.25 2242.33 2224.43 1956.37 1675.53 1599.67 1616.47 1594.6 1750.07 1761.18 1759.65 1645.5 1385.74 1135.97 971.244 841.614 914.231 1046.95 916.814 774.417 818.37 852.046 769.703 630.586 581.661 700.094 613.781 555.013 490.783 314.877 176.678 63.8125 26.0413 19.2256 21.0244 22.3181 22.4269 18.5125 19.1475 21.4969 24.6756 22.3281 21.2756 21.1744 20.9319 18.0413 18.7275 17.2406 16.7806
-9999 -9999 -9999 -9999 -9999 -9999 -9999 -9999 2500.2 2472.56 2405.03 2294.24 2152.44 2051.27 2042.2 2022 1947.3 1992.44 2141.61 2224.99 2250.17 2189.72 2082.38 2020.3 2012.44 2021.51 2137.42 2156.5 2096.31 1901.21 1804.19 1849.01 1845.88 1855.39 1979.83 1881.7 1688.73 1496.15 1403.69 1235.79 1158.62 1070.37 1177.67 1294.88 1121.35 960.074 986.641 748.928 619.766 485.579 439.317 551.499 516.971 419.686 492.284 355.444 151.425 36.3037 18.2825 20.6031 19.8869 22.0244 19.8106 16.9063 17.8137 18.7006 21.3219 21.6794 21.1719 22.2894 19.8044 18.495 17.3738 17.1469 15.6944
-9999 -9999 -9999 -9999 -9999 -9999 -9999 2619.96 2591.36 2477.29 2358.72 2269.5 2182.69 2098.74 2021.98 1989.98 1966.32 1997.98 2090.9 2202.85 2240.77 2146.29 2035.52 1910.32 1895.69 1966.11 2018.68 2019.48 2088.77 2134.82 2178 2216.4 2169.99 2188.79 2239.89 2042.58 1897.6 1775.17 1641.93 1609.13 1513.6 1390.64 1385.8 1396.64 1365.34 1281.77 1171.81 865.377 529.039 342.252 305.214 380.559 446.258 307.528 420.863 250.032 73.3156 25.2669 16.9606 17.0713 17.6275 18.6944 15.6169 14.1881 14.1106 16.0644 19.0594 20.6931 19.6819 18.0375 17.08 16.3894 15.5144 14.3313 16.0325
-9999 -9999 -9999 -9999 -9999 -9999 -9999 2655 2600.45 2499.12 2384.35 2236.46 2160.84 2093.07 2061.07 2013.03 1993.2 2062.02 2146.91 2231.17 2249.99 2188.83 2069.11 1924.41 1918.22 1899.84 1889.77 1919.62 2031.78 2128.82 2256.04 2326.54 2157.11 2075.66 2205.85 2226.03 2125.39 1823.95 1554.32 1567.03 1500.26 1433.11 1270.66 1164.25 1265.96 1206.44 1098.82 885.932 579.092 396.988 303.656 275.235 288.499 224.421 241.713 157.083 48.0094 18.7819 16.8706 17.6375 16.6362 17.0956 16.6806 14.2669 14.6494 16.7606 18.2556 18.8494 18.3881 17.5837 17.7262 18.7669 16.3094 13.3525 14.2688
-9999 -9999 -9999 -9999 -9999 -9999 2594 2539.57 2587.28 2513.56 2410.54 2281.5 2211.19 2146.36 2081.14 2006.22 2021.26 2142.85 2224.53 2215.32 2204.48 2210.35 2112.52 1987.35 2007.51 2018.19 1911.77 1829.99 1901.73 1995.33 2135.32 2098.71 1850.5 1756.74 1868.66 1969.25 1966.13 1707.22 1382.52 1220.72 1214.99 1192.81 1165.78 1023.02 1104.76 1074.39 850.689 663.411 548.364 523.384 400.674 228.699 144.666 110.434 74.6263 76.5781 20.8144 13.1194 14.7256 15.4362 15.7212 16.8556 19.7294 16.2563 14.5688 15.3638 16.1388 16.4438 16.3838 16.1194 17.5256 16.6669 14.6819 13.6769 12.9319
-9999 -9999 -9999 -9999 -9999 -9999 2577.08 2490.75 2527.63 2486.98 2430.56 2354.78 2290.33 2207.35 2102.17 1975.01 2060.48 2188.35 2273.31 2241.23 2197.5 2161.71 2114.61 2019.75 2046.71 2158.23 2088.18 1859.1 1756.76 1826.41 1904.69 1794.23 1625.34 1460.22 1554.65 1649.92 1696.56 1672.42 1347.17 1076.7 940.168 888.814 1074.41 1001.39 974.519 1083.95 935.073 680.836 503.194 418.319 374.639 276.05 127.743 55.7525 36.9375 27.8569 15.7756 13.6044 14.0456 13.0575 14.8425 17.6194 19.3181 18.5812 15.7738 13.6213 14.6313 13.6512 14.9738 15.8344 15.2581 13.9094 12.9969 12.6819 11.4994
-9999 -9999 -9999 2639.31 2607.61 2558.13 2499.9 2371.88 2359.01 2314.33 2250.28 2234.78 2146.62 2102.37 2048.29 2016.55 2143.03 2243.75 2305.68 2267.91 2180.56 2107.39 2070.86 2103.04 2159.28 2152.34 1932.44 1727.12 1678.24 1606.35 1466.94 1482.91 1443.68 1231.02 1256.16 1269.91 1563.07 1774.85 1563.29 1332.5 995.091 769.691 915.372 947.193 773.767 818.997 808.42 781.572 515.903 331.808 274.764 203.168 110.659 43.3206 24.8319 18.1737 14.6337 13.9063 13.1438 14.7194 14.9781 16.9506 16.9319 14.4231 12.8419 14.1394 14.8131 13.0519 13.7731 14.495 14.0425 13.1637 14.7225 12.03 9.71125
-9999 -9999 2722.33 2672.52 2575.47 2460.79 2376.91 2320.13 2241.08 2186.47 2120.09 2098.79 2043.64 2001.7 1997.76 2062.55 2201.77 2272.93 2316.68 2275.18 2198.69 2138 2122.61 2135.37 2209.17 2044.92 1720.37 1548.7 1384.15 1368.27 1197.07 1312.8 1398.62 1193.53 1015.6 1193.7 1528.97 1692.64 1629.95 1375.47 1050.36 715.907 683.296 715.287 647.736 650.854 600.696 638.744 469.013 342.901 255.489 138.521 72.5944 38.2219 25.7331 17.3275 12.9825 13.0087 12.4537 14.6419 13.7606 12.9356 14.7669 11.1094 10.0581 12.0494 13.6606 13.4294 13.5906 12.7 12.4275 11.7712 12.04 9.85 7.76125
-9999 2805.67 2744.87 2651.01 2535.92 2457.02 2360.6 2246.31 2164.81 2108.54 2065.37 2089.69 2040 2016.14 2063.71 2175.22 2227.69 2207.11 2243.91 2251.18 2262.47 2207.03 2185.71 2225.55 2265.49 1964.94 1578.36 1302.85 1173.85 1133.94 981.171 1034.43 1170.03 1088.08 904.941 1180.21 1369.73 1322.13 1228.14 1208.41 1060.54 747.383 549.243 475.358 503.368 459.568 484.958 619.619 447.443 287.935 244.395 124.293 54.4894 36.4969 25.8456 17.1513 13.05 11.5125 13.2113 13.1344 11.8106 11.5425 11.495 11.5425 10.045 10.1687 12.6313 10.6469 12.7919 11.665 10.7513 10.8862 10.0863 9.54438 7.59062
2683.43 2762.74 2678.57 2537.06 2439.32 2407.29 2328.29 2214.78 2146.95 2087.65 2051.26 2109.44 2080.58 2102.94 2188.97 2279.57 2173.24 2089.86 2105.32 2238.39 2309.39 2283.65 2267.78 2349.92 2293.12 1930.31 1519.26 1320.81 1278.31 1180.12 1091.22 850.712 805.321 775.938 751.33 925.956 1057.09 932.782 833.971 994.848 971.466 718.183 563.908 396.132 335.971 334.752 497.516 643.192 456.628 257.044 175.129 83.1756 35.8894 27.6356 20.9944 13.5575 11.3038 10.0625 11.8413 13.0469 11.1581 10.4587 9.79875 8.95 9.53 9.845 11.5925 9.62438 10.6319 9.955 9.82375 10.6687 9.53125 9.24813 7.99438
2629.53 2618.96 2538.73 2424.06 2324.5 2330.85 2353.59 2289.41 2203.75 2171.5 2137.83 2188.9 2200.74 2227.25 2309.04 2203.48 2076.17 1970.45 2074.08 2227.87 2231.77 2269.18 2329.29 2336.03 2306.2 2037.35 1746.66 1598.5 1529.98 1615.63 1586.92 1134.36 863.328 828.46 650.552 592.502 686.889 619.877 601.147 898.703 859.134 631.406 530.346 491.304 411.885 310.102 372.199 434.888 331.837 239.755 149.422 46.6662 26.19 19.7512 13.36 9.055 9.355 10.5794 9.50062 10.1831 10.2844 8.98875 7.78875 6.57125 6.7975 7.69 8.48375 8.09937 8.98938 8.72125 10.865 10.6369 10.5056 8.2875 7.7825
2591.22 2568.51 2446.5 2388.38 2248.14 2228.03 2323.1 2298.16 2298.08 2291.41 2307.81 2361.93 2350.8 2249.54 2158.88 2057.29 1977.26 1939.14 2036.17 2147.79 2051.01 2080.98 2124.82 2120.4 2159.55 2142.9 2000.71 1851.4 1767.88 1803.52 1723.9 1319.96 1160.12 1071.02 823.695 604.639 539.687 471.591 475.708 704.052 732.651 760.163 770.236 648.688 457.944 352.7 307.924 277.489 200.693 189.16 93.3674 31.5925 24.0338 22.8675 11.6838 9.99375 11.1263 10.5506 9.37438 8.46187 8.60063 8.025 6.4975 6.435 7.08625 6.775 6.76625 7.46562 8.38313 8.15625 9.32 9.35563 10.3444 8.3775 6.91
2470.7 2425.27 2274.67 2297.3 2216.33 2092.2 2097.38 2174.74 2286.4 2297.9 2363.03 2352.97 2274.93 2143.6 2020.01 1921.55 1878.14 1876.56 1998 1991.06 1886.02 1904.4 1937.18 1945.74 2002.54 1999.4 1952.3 1868.4 1788.53 1779.94 1729.13 1486.03 1289.1 1117.62 890.274 839.438 787.851 622.751 415.155 450.207 545.852 760.407 874.771 675.061 532.681 483.367 412.573 280.608 172.986 147.841 76.1683 26.8206 27.5381 45.0019 20.9519 13.2937 12.735 10.6462 9.6725 8.87062 8.17688 7.86562 6.25187 7.13062 7.75562 7.59062 7.27812 7.96063 9.05437 9.81188 8.71062 8.18937 7.73063 6.045 5.8225
