public/models/data/input/map/sulsel/1000/mapdem.asc
NCOLS 496
NROWS 622
XLLCORNER -95260.364462
YLLCORNER 9790791.912663
CELLSIZE 1000.000000
NODATA_VALUE       -9999
[rows 165 to 197 of 622, columns 225 to 299 of 496]
1125.72 811.519 389.859 228.124 489.071 877.982 1178.42 867.072 634.917 613.578 801.006 981.166 792.669 624.781 534.604 635.738 616.331 560.373 502.316 500.987 522.276 481.052 529.626 617.446 723.083 818.713 854.233 916.656 1028.93 1124.44 1203.53 1391.44 1649.5 2014.47 2454.66 2431.27 2438.13 2572.78 2778.6 3173.72 3068.84 2710.73 2421.15 2115.85 2068.03 2071.15 1961.84 1633.35 1442.95 1272.95 1210.73 1149.98 973.668 729.779 486.109 572.679 666.941 644.324 572.781 545.189 432.134 387.558 259.022 292.041 408.074 238.731 160.909 210.556 150.754 73.2394 62.3481 58.5988 33.4487 29.0575 25.64
876.196 811.964 451.646 217.991 497.599 859.088 1100.82 820.836 635.226 505.358 687.709 973.664 803.471 621.847 519.463 588.591 622.948 554.896 480.943 446.828 467.422 501.439 583.886 727.454 868.577 1033.63 1042.38 1065.77 1170.46 1321.16 1303.84 1435.64 1744.8 2098.03 2371.4 2276.81 2157.63 2243.2 2437.29 2874.88 3070.1 2868.32 2786.04 2534.67 2393.98 2140.23 1812.9 1435.14 1262.96 1121.68 1027.32 929.539 847.676 629.887 496.598 821.917 930.725 810.346 747.506 622.131 599.95 540.265 319.521 429.723 505.964 370.802 286.441 420.721 319.339 155.425 100.688 68.4256 42.1169 42.8331 38.9019
613.994 538.018 375.443 210.431 448.644 803.139 995.716 681.251 538.066 455.032 618.051 954.436 802.704 626.514 519.406 533.681 537.27 481.316 434.465 462.742 488.2 532.026 591.121 675.627 807.524 1083.29 1303.73 1292.4 1352.58 1509.93 1519.31 1558.94 1745.12 1926.5 2053.17 2006.39 1915.2 1982.02 2204.17 2630.5 3048.19 3166.61 3059.95 2837.06 2499.16 2043.78 1680.5 1514.15 1401.83 1218.79 1131.84 1094.58 956.439 657.294 638.018 867.699 1162.39 1020.16 925.61 866.126 801.955 616.975 442.811 529.839 446.038 431.128 310.093 508.199 468.329 309.713 178.717 101.637 85.6881 114.109 127.798
639.318 533.705 432.897 203.576 403.026 717.037 1042.22 719.157 372.683 401.428 614.072 962.102 940.084 713.663 526.088 442.994 453.342 503.908 508.171 495.804 494.646 497.499 525.821 590.217 691.082 935.651 1250.44 1469.52 1493.12 1510.27 1642.09 1586.1 1551.7 1646.97 1647.29 1589.46 1744.43 2083.72 2496.24 2700.24 3008.35 3053.31 2825.3 2769.9 2709.25 2285.63 1839.44 1884.8 1763.48 1628.93 1547.48 1367.11 1071.28 719.384 746.81 1080.89 1246.07 1160.66 1054.47 930.941 812.61 719.871 611.201 409.934 284.339 277.615 182.225 343.813 387.548 397.636 365.72 202.618 113.306 49.0069 61.5231
521.228 441.242 324.428 186.312 307.181 586.045 846.667 696.901 344.848 380.748 571.736 862.562 1059.91 824.857 505.642 454.747 558.384 627.268 637.481 588.787 537.181 517.958 585.924 653.887 643.227 776.47 1003.72 1314.4 1403.87 1402.29 1442.78 1518.28 1390.21 1379.09 1409.43 1681.8 1930.84 2184.38 2565.87 2918.51 3012.38 2823.74 2586.82 2716.33 2772.06 2383.93 2127.69 2260.74 2075.37 1849.66 1593.03 1307.76 1065.88 765.861 771.833 1096.08 1090.45 919.164 836.419 877.956 738.718 641.962 608.317 432.461 346.289 238.476 131.716 207.391 209.195 273.888 361.107 166.666 94.5437 106.602 47.3706
534.096 450.854 391.576 319.497 221.021 350.845 450.446 518.004 298.692 331.161 550.934 786.572 919.016 739.018 454.617 517.716 699.247 774.56 802.313 694.226 625.441 569.234 603.9 759.322 688.666 682.6 758.275 952.378 1068.36 1145.77 1189.78 1264.04 1238.07 1216.23 1396.56 1700.09 1913.61 2135.65 2406.39 2747.85 2863.6 2641.27 2408.6 2527.51 2689.57 2586.29 2500.18 2433.26 2164.46 1890.29 1612.36 1361.94 1104.94 818.466 913.841 1137.34 1048.6 815.45 670.583 713.536 670.057 524.431 484.936 384.712 295.318 181.398 114.317 113.041 130.993 175.558 285.923 252.163 234.887 205.585 104.223
712.035 681.446 666.393 554.971 266.461 197.928 223.496 276.855 199.518 238.167 447.801 743.609 869.378 703.675 419.91 572.953 851.587 940.55 930.47 798.688 727.123 644.419 621.24 778.769 827.711 749.019 724.199 983.693 1214.71 1247.83 1157.63 1288.87 1452.04 1402.97 1356.67 1522.25 1710.16 1951.84 2239.25 2580.31 2522.99 2309.05 2252.22 2552.41 2830.41 2806.15 2589.49 2332.4 2065.5 1875.68 1656.27 1363.56 1093.39 886.701 1094.79 1095.09 940.128 792.939 665.166 588.219 489.568 363.214 329.454 215.394 170.735 141.985 110.748 74.7706 88.4056 148.904 185.499 240.367 299.42 165.256 103.384
868.936 638.399 639.873 595.549 362.496 321.695 475.319 398.7 259.313 179.329 364.89 741.593 846.476 654.013 382.469 491.603 824.204 1081.82 1098.56 987.974 858.135 744.435 699.546 828.195 895.79 902.874 875.761 1142.51 1476.62 1597.38 1452.95 1441.09 1672.61 1719.76 1541.13 1573.66 1813 2133.8 2438.7 2542.54 2218.05 2050.42 2291.82 2663.18 2801.83 2732.78 2602.43 2286.62 2027.56 1857.76 1638.65 1438.87 1267.94 1008.88 1114.56 1266.31 1092.63 986.795 845.355 709.891 556.792 464.484 343.289 235.941 274.475 278.42 201.304 94.4413 62.9375 70.3981 72.6956 141.138 180.12 70.2369 26.8531
844.446 570.282 429.693 358.359 244.084 262.345 501.961 530.234 339.011 177.412 341.611 691.307 783.237 570.674 367.422 415.764 736.903 1082.16 1251.72 1129.4 1005.59 866.415 790.039 871.569 1013.07 1057.2 1027.82 1057.25 1336.57 1648.1 1668.67 1608.38 1774.59 1917.74 1750.86 1718.03 1961.1 2348.12 2567.87 2424.81 2071.02 1968.35 2271.07 2596.29 2599.81 2549.59 2680.8 2482.26 2314.62 2240.68 1979.58 1641.59 1355.76 1121 1271.33 1315.81 1118.8 982.449 934.814 843.056 749.013 660.702 476.052 302.115 379.569 375.189 223.895 130.209 83.966 68.0454 42.8344 95.1346 143.101 82.4106 21.2769
793.787 659.573 400.722 204.553 140.693 162.938 323.381 466.788 343.168 167.793 280.672 599.837 767.266 582.653 347.407 367.635 634.605 982.633 1292 1307.06 1171.74 1004.54 904.536 916.762 1089.26 1221.23 1148.58 1128.57 1299.32 1544.16 1647.65 1768.21 1902.47 1979.38 1921.17 1858.16 2047.3 2379.64 2335.65 2214.47 2010.61 1875.2 2192.12 2478.37 2387.54 2409.93 2666.48 2827.09 2770.36 2709.84 2486.97 2016.94 1576.65 1286.4 1455.18 1391.18 1268.82 1183.15 1160.88 941.856 807.886 703.15 518.361 351.473 470.57 464.289 270.61 170.404 135.881 102.562 42.84 33.7131 52.6994 49.0638 18.8787
635.06 660.693 417.341 154.203 122.819 102.989 175.412 278.055 228.606 135.706 242.024 571.278 704.192 607.731 357.699 304.967 488.345 752.759 1050.37 1352.81 1299.62 1092.58 992.339 928.114 1022.91 1156.71 1080.46 1069.57 1185.53 1382.73 1578.81 1794.34 1770.31 1729.81 1705.18 1861.45 2124.34 2306.53 2137.8 1984.42 1855.35 1774.52 2054.94 2200.54 2176.25 2342.75 2647.57 3074.36 3056.9 2842.81 2685.28 2256.95 1814.93 1464.45 1609.58 1663.42 1541.33 1437.98 1254.63 1003.01 941.332 777.924 595.797 403.506 523.576 558.845 419.5 231.727 111.2 67.5687 50.1275 48.5169 28.6181 24.5588 39.5612
397.108 368.026 311.842 180.075 166.472 92.8388 111.845 131.846 130.106 112.678 247.482 407.615 531.091 514.34 376.396 292.339 456.186 639.619 846.351 1121.66 1238.6 1080.45 943.036 850.547 860.416 932.476 982.824 863.093 974.531 1375.06 1652.77 1538.17 1403.92 1426 1493.77 1829.12 2032.71 2122.27 2016.79 1765.77 1670.46 1702.69 1916.03 2110.46 2259.72 2575.39 2900.74 3144.59 2993.52 2627.19 2397.77 2179.01 1915.94 1676.2 1796.5 1918.42 1820.7 1589.4 1319.58 1193.33 1035.52 901.746 758.427 528.452 601.781 596.992 402.711 261.867 155.783 88.0044 110.917 147.998 101.751 84.1769 87.4856
548.401 503.598 517.396 307.794 206.689 99.4137 83.745 89.9825 76.585 100.024 204.317 333.776 458.545 459.858 267.483 304.343 463.654 578.425 708.093 973.604 1163.15 1074.04 868.879 745.951 712.854 755.608 861.989 777.141 825.542 1146.68 1300.11 1253.04 1119.91 1286.48 1488.1 1801.32 1980.26 1836.88 1615.5 1589.29 1637.97 1859.78 2103.11 2405.59 2397.94 2608.78 2843.78 2956.78 2911.18 2669.6 2297.46 1975.12 1800.97 1674.65 1710.31 1823.68 1915.21 1719.03 1500.72 1303.76 1193.35 1101.68 850.605 742.048 717.687 513.477 314.443 197.986 173.574 120.762 151.779 184.361 154.978 137.494 130.901
828.136 714.382 658.557 453.608 230.936 135.654 72.4425 73.52 115.131 146.018 210.833 385.101 449.761 418.707 251.327 332.926 432.439 533.131 660.859 920.268 1083.23 1040.31 794.438 605.62 551.441 608.308 641.718 635.299 657.274 809.699 863.395 898.456 985.487 1246.59 1567.64 1762.49 1699.39 1473.17 1327.15 1548.61 1827.16 2058.14 2252.42 2490.19 2603.85 2746.01 2691.96 2659.85 2670.44 2670.22 2383.96 2002.27 1747.89 1571.59 1574.74 1773.6 1941.42 1871.97 1660.5 1521.79 1388.46 1148.92 844.406 722.867 665.862 470.5 351.934 258.755 142.011 89.8731 93.7106 86.5974 81.5871 67.7763 91.1188
1061.8 873.571 639.688 584.584 336.209 173.004 77.2425 87.9413 145.443 183.612 218.455 319.261 339.981 273.239 238.641 361.587 376.891 482.926 682.452 847.736 868.655 880.012 747.204 505.848 452.979 539.073 576.748 564.962 582.802 604.989 690.67 820.986 1004.44 1335.61 1585.58 1448.18 1329.54 1206.73 1285.37 1494.15 1808.04 1976.76 2085.1 2324.77 2683.81 2825.64 2605.6 2449.47 2473.76 2600.16 2370.6 2011.63 1787.48 1550.55 1507.95 1661.36 1858.42 1936.66 1739.23 1483.9 1338.85 1134.75 880.654 638.426 453.548 358.679 310.212 284.466 180.61 161.333 125.156 114.842 122.155 106.503 50.62
1096.39 747.586 553.846 703.109 492.172 226.314 108.534 77.6537 77.2213 132.62 169.425 234.307 275.939 241.834 419.944 371.312 342.214 428.418 541.499 604.82 618.434 694.977 599.919 477.783 432.165 638.687 876.901 894.063 835.839 710.76 709.03 894.732 1008.79 1234.63 1255.37 1125.99 1079.53 1316.22 1571.12 1614.63 1737.97 1833.97 2033.66 2462.95 2805.77 2852.8 2567.3 2278.87 2248.84 2410.45 2392.35 2055.05 1783.13 1538.29 1399.82 1530.69 1790.17 1821.69 1590.36 1331.93 1164.18 1026.12 828.784 693.118 533.793 377.682 235.954 187.197 145.998 115.958 96.4819 108.217 178.86 212.049 135.508
1070.63 675.886 530.686 767.964 626.538 326.4 172.356 91.1637 91.4313 105.798 115.882 221.191 336.237 283.991 359.158 319.87 361.984 489.573 554.991 626.701 661.595 666.723 514.516 365.956 471.626 659.364 843.733 1053.66 1044.98 861.5 722.185 722.245 812.954 934.808 931.251 1054.67 1244.59 1528.6 1852.2 1960.71 2052.25 2102.51 2171.41 2466.44 2579.33 2486.77 2414.57 2195.37 1978.24 2070.25 2225.73 2065.38 1833.11 1565.31 1358.24 1471.4 1714.51 1790.24 1643.28 1393.53 1109.02 905.231 707.433 666.708 663.076 444.4 342.814 278.589 206.96 183.526 163.321 106.04 96.415 140.232 121.298
1063.88 709.945 517.034 807.303 671.549 398.582 221.78 101.722 89.9669 109.486 145.228 189.634 322.647 252.928 331.991 337.428 370.761 540.064 704.247 731.208 825.063 729.239 481.977 346.979 485.604 600.527 760.772 983.249 1064.38 1015.24 924.638 741.34 697.143 793.583 990.129 1199.06 1349.32 1585.42 1883.71 2140.68 2321.25 2415.42 2343.4 2302.86 2186.74 2097.46 2138.65 2136.92 1844.74 1759.08 1936.03 1932.65 1695.32 1484.46 1307.51 1407.69 1624.39 1719.23 1598.13 1370.89 1101.67 868.857 644.004 548.146 576.227 455.421 463.41 312.401 196.524 216.272 221.074 116.154 99.0663 87.5894 97.7706
906.031 669.201 416.565 534.062 522.066 361.998 217.444 150.146 76.8456 84.7244 148.677 116.081 169.739 192.577 363.961 367.215 425.67 550.243 704.226 751.043 814.311 806.323 522.791 328.812 413.539 544.662 685.859 836.148 945.736 1021.04 1103.01 957.715 785.38 803.457 1012.52 1336.16 1420.72 1601.7 1893.44 2156.34 2401.49 2325.51 2077.84 1957.49 1877.1 1757.04 1826.6 1766.93 1637.07 1607.07 1866.27 1860.18 1522.06 1313.99 1261.28 1352.1 1472.47 1612.33 1517.49 1323.43 1096.69 846.208 593.551 429.11 400.661 391.181 398.108 290.765 178.54 143.389 143.728 87.9812 90.1413 86.3294 88.0581
622.661 587.352 411.569 241.083 265.264 256.229 171.53 113.766 68.6044 50.2088 65.9863 78.8475 71.96 94.5031 248.586 491.592 501.48 558.429 650.696 575.742 554.692 642.162 666.449 401.958 326.598 397.289 530.491 672.699 689.949 781.372 979.213 1127.03 1002.14 863.365 938.779 1361.75 1691.55 1806.11 1956.07 2058.98 2203.91 2158.13 1847.8 1656.28 1750.98 1577.08 1512.57 1404.75 1387.24 1619.88 1878.47 1841.29 1580.29 1312.21 1200.74 1225.74 1352.61 1546.35 1611.48 1380.33 1094.55 843.441 634.807 425.531 330.525 282.023 257.13 304.192 258.683 157.619 156.501 149.366 164.19 145.944 167.1
375.492 383.571 345.573 223.7 199.455 260.311 224.985 146.383 99.8944 85.2562 74.8213 52.7262 150.246 209.228 152.809 422.985 612.371 654.774 580.246 465.287 438.739 521.556 703.352 495.139 315.472 317.648 428.414 540.828 535.74 722.552 956.488 1163.17 1145.01 1022.67 996.771 1194.36 1577.49 1695.11 1587.15 1683.9 1964.55 1875.28 1590.15 1493.01 1767.59 1662.58 1380.34 1233.38 1340.09 1657.73 1813.9 1675.52 1516.06 1314.67 1132.71 1150.39 1238.17 1362.7 1518.45 1286.46 1092.52 911.706 696.932 515.736 438.475 365.742 256.403 232.018 268.533 200.451 205.813 259.802 236.423 217.748 273.113
324.308 275.153 227.995 176.251 202.423 247.291 233.61 172.322 125.503 113.154 94.5406 62.4725 200.994 359.836 256.835 220.781 404.288 590.387 649.081 557.921 465.97 443.864 581.575 460.957 307.342 283.184 358.912 464.569 590.822 865.446 1120.57 1167.52 1189.89 1172.15 1008.37 1076.46 1371.26 1376.64 1240.74 1551.24 1758.5 1600.54 1347.61 1409.72 1724.52 1626.13 1457.49 1238.68 1155.48 1353.43 1527.27 1574.51 1375.78 1173.27 1096.01 1010.5 1090.95 1239.81 1405.8 1395.19 1214.05 1013.52 795.786 598.214 503.181 417.858 285.59 182.897 232.235 247.555 295.057 268.981 240.515 245.512 325.323
259.824 173.26 136.021 146.576 171.075 205.361 212.113 202.403 144.681 92.5681 70.3544 81.0512 171.471 294.508 360.157 253.105 247.132 371.433 528.718 693.393 562.661 408.99 403.476 436.334 340.378 285.919 366.723 533.697 717.597 913.868 976.576 1051.23 1167.37 1185.76 958.354 968.828 1165.14 1110.56 1147.64 1520.8 1499.79 1307.43 1174.39 1404.84 1622.01 1422.55 1400.86 1380.36 1154.59 1103.84 1339.26 1439.59 1213.54 1081.04 1014.78 918.852 1078.04 1098.18 1184.23 1299.13 1201.33 962.242 765.399 650.349 571.674 481.91 357.669 196.27 204.647 351.666 361.664 214.988 168.036 195.567 230.785
200.764 127.714 119.517 138.141 152.773 161.377 178.537 136.875 125.673 88.6975 53.69 93.8469 126.191 164.546 245.991 357.522 254.871 252.124 366.037 692.592 685.344 524.242 415.199 367.872 380.976 367.816 255.648 367.025 522.509 582.127 633.752 866.238 1071.26 1140.79 943.931 711.486 840.975 874.059 1041.47 1359.68 1386.08 1088.8 957.523 1312.58 1429.51 1215.02 1257.66 1483.01 1287.06 1039.66 1175.79 1359.28 1167.29 995.733 899.326 847.026 1044.62 940.931 952.106 999.536 1093.31 895.841 683.725 625.819 726.071 662.366 452.079 292.334 218.931 364.028 389.924 232.697 185.522 135.078 114.895
243.632 148.702 114.759 120.32 134.744 133.189 142.249 148.283 114.475 95.2637 57.3988 82.9681 137.567 115.416 162.942 348.545 327.279 301.474 266.968 429.394 642.899 632.225 573.064 455.27 383.044 311.873 245.944 266.766 329.419 448.993 654.818 882.888 1069.45 1133.52 895 564.031 611.927 686.097 932.539 1114.74 1191.59 1057.31 820.077 1059.5 1214.88 1062.85 1100.31 1421.85 1343.95 1114.58 911.004 1084.97 1166.2 1004.85 798.971 761.709 912.288 826.411 791.574 783.116 883.743 812.81 602.209 511.361 668.216 652.845 499.297 404.621 253.319 349.867 444.148 339.622 269.345 203.195 144.289
264.333 180.895 127.581 117.23 122.995 117.914 111.591 130.044 108.477 84.2256 52.9006 74.2325 115.804 97.2806 122.641 305.876 408.479 345.157 305.726 280.816 434.343 621.309 721.672 625.91 533.078 384.151 292.619 226.024 268.756 439.489 713.564 1040.08 1118.08 1105.9 871.786 536.834 547.542 765.638 889.658 803.789 849.42 843.902 706.459 1003.15 1104.2 926.274 999.821 1344.33 1206.69 1058.46 831.963 882.296 1029.59 1029.35 781.865 653.824 665.454 634.916 626.489 611.424 664.04 663.56 530.854 405.559 536.85 515.831 457.432 419.287 244.319 249.098 372.357 302.613 248.764 151.96 115.423
293.665 218.595 152.036 168.971 144.261 105.1 106.537 111.688 98.5006 64.8706 48.5781 54.5125 63.5187 75.9856 92.1306 211.878 435.332 374.113 362.254 338.241 334.556 471.834 694.06 776.175 738.505 556.514 331.492 216.647 234.751 323.009 627.449 962.284 971.119 954.039 734.773 466.821 483.118 746.481 928.583 746.519 619.878 544.118 601.906 751.049 757.861 746.703 939.789 1301.05 1166.57 935.893 729.602 687.31 858.344 918.475 772.494 736.959 696.291 669.057 568.631 480.525 458.771 475.256 497.25 359.13 368.02 370.805 340.944 310.691 281.149 198.653 239.249 184.183 156.719 133.745 133.827
363.962 341.681 237.562 158.635 155.48 111.47 94.6237 113.012 107.195 56.33 48.23 39.5462 50.7988 111.584 107.468 138.702 286.353 395.967 380.353 420.7 410.991 347.869 467.663 580.604 723.049 703.345 412.327 221.484 350.483 366.525 473.949 702.436 777.619 744.056 591.806 395.57 419.091 659.631 693.338 594.674 513.201 478.931 403.734 429.628 588.556 782.067 993.059 1194.69 1084.98 884.574 663.239 570.722 757.729 748.33 604.549 652.939 855.013 830.838 751.896 661.696 421.393 338.077 392.106 380.003 251.881 206.427 189.891 194.618 310.752 310.55 182.959 107.109 122.837 105.402 108.374
305.115 313.693 285.506 188.405 114.994 84.0638 82.155 118.109 117.156 75.8688 52.5838 38.9787 52.3138 101.339 93.5906 96.72 176.56 425.228 490.682 429.344 450.633 425.326 304.709 439.552 558.399 706.268 497.454 223.012 364.538 409.106 385.587 576.282 612.495 538.177 471.728 396.37 343.419 492.061 600.08 496.736 380.372 374.898 395.779 501.941 676.766 892.721 1037.67 1080.49 1058.89 849.232 652.829 549.028 723.278 639.52 526.834 667.645 872.951 861.864 730.484 551.281 416.036 357.737 305.52 272.456 246.768 295.019 324.85 199.326 303.667 346.378 215.455 213.625 277.86 211.241 103.153
217.851 219.442 206.503 130.283 66.7763 52.3613 51.1875 99.28 87.5163 61.5681 44.9656 38.0563 42.4925 63.635 102.784 130.68 217.701 424.986 595.792 519.415 462.663 424.109 351.939 265.209 371.175 594.21 562.134 249.893 279.628 295.329 262.775 431.797 489.979 360.035 324.669 342.55 292.933 345.635 434.022 476.797 351.707 282.492 411.743 627.148 760.066 837.23 866.784 983.513 1026.93 843.344 631.927 506.207 612.691 519.589 524.938 663.614 711.225 696.381 619.106 547.011 547.111 485.57 393.095 285.801 336.068 460.251 445.843 290.494 237.782 208.521 118.381 143.124 231.423 198.232 135.066
163.306 137.047 116.956 63.9362 35.7025 36.4225 38.3413 62.5438 50.4325 39.8481 43.7606 38.6813 36.6175 49.2962 114.088 170.215 212.604 287.093 507.022 606.594 533.511 445.266 333.034 228.583 197.019 336.336 542.536 316.412 224.402 240.894 200.506 317.169 502.73 367.428 273.669 258.797 229.765 220.098 277.937 411.583 386.041 293.474 441.56 558.564 709.778 706.38 788.901 998.354 1038.48 893.744 662.464 484.138 451.242 447.196 478.089 554.725 603.074 542.914 490.772 556.965 616.643 558.758 394.328 334.738 450.236 541.677 501.809 331.188 188.34 146.249 113.517 56.4619 95.4506 113.601 75.7919
89.6881 65.1275 46.8063 38.3831 27.5219 27.8819 27.0306 34.085 36.51 29.9175 30.8075 32.3988 38.7975 57.2006 101.006 251.45 252.135 199.329 262.689 550.251 608.55 540.547 354.963 271.872 221.72 159.848 246.21 328.338 237.482 273.814 193.512 243.883 392.796 333.114 220.773 289.377 348.01 269.874 241.893 293.027 305.054 247.499 278.211 452.466 566.666 563.299 659.986 791.117 925.119 823.124 628.074 449.142 330.962 349.556 452.32 494.766 537.609 511.543 411.977 485.912 563.814 516.379 427.955 476.457 505.396 477.511 452.329 274.525 218.9 287.389 298.998 167.972 58.01 40.0831 26.0269
40.8356 32.1338 27.925 25.5169 24.5881 24.3819 24.6356 26.6362 31.8638 39.03 37.755 42.4625 65.5938 85.7594 123.062 243.199 241.387 190.99 190.99 418.801 589.035 496.361 367.047 374.459 347.623 202.635 137.283 174.512 191.242 283.464 260.485 225.889 347.509 336.064 178.53 339.162 420.721 315.939 232.117 224.458 224.949 195.174 255.281 369.203 374.057 428.38 502.608 600.551 761.742 667.923 550.288 421.869 316.744 320.953 370.147 413.344 419.516 361.548 344.238 463.137 545.457 533.271 558.435 560.566 461.489 423.903 374.554 308.467 305.195 369.584 272.231 127.372 64.2825 41.4469 36.9481
