public/models/data/input/map/sulsel/1000/mapdset.asc
NCOLS 496
NROWS 622
XLLCORNER -95260.364462
YLLCORNER 9790791.912663
CELLSIZE 1000.000000
NODATA_VALUE       -9999
[rows 66 to 98 of 622, columns 375 to 449 of 496]
1223.29 2173.74 2947.26 2812.99 1973.31 1253.55 1244.97 1680.36 2278.59 3302.33 4262.33 5222.33 6182.33 7302.33 8167.42 8122.71 7238.79 6374.12 5910.87 5511.69 5114.04 4708.11 4807.52 5205.17 5602.81 6083.87 6661.93 7475.44 7599.11 6603.06 5647.89 4751.21 3932.74 2955.08 2356.51 2018.08 2142.28 2381.25 2765.25 3135.55 3528.6 4091.81 4877.25 5818.79 6778.79 7898.79 8858.79 9779.7 10083.9 9810.24 9959.36 10245.2 10642.8 11106.7 11504.4 11902 12299.7 12763.6 13172.2 13691.6 14437.7 15530.6 16483.2 17455.6 18420 19539.7 20499.7 21433.9 22138.1 -9999 -9999 -9999 -9999 -9999 -9999
864.861 1946.69 2881.24 3150.7 2658.81 2188.82 2196.4 2584.27 3026.28 3723.97 4523.37 5372.09 6318.2 7438.2 8345.98 8469.31 7824.33 7268 6869.33 6471.69 6074.04 5668.11 5767.52 6165.17 6562.81 7026.88 7421.04 7708.64 7286.67 6205.41 5245.41 4289.04 3380.92 2443.81 1597.44 1074.48 1185.71 1422.79 1810.08 2175.76 2617.81 3513.45 4461.15 5421.15 6381.15 7501.15 8461.15 9242.51 9263.21 8852.64 8999.36 9285.17 9682.81 10146.7 10544.4 10942 11339.7 11810.9 12328.2 13099.2 14023.7 15142 16102 17062 18016 19152 20102 21062 21956.5 22420.8 -9999 -9999 -9999 -9999 -9999
1480.35 2330.42 3268.34 3820.92 3462.77 2819.27 2502.66 2487.65 2825.11 3345.5 4035.98 4961.39 5921.39 7041.39 8001.02 8750.33 8805.45 8386.98 7989.33 7591.69 7194.04 6788.11 6884.43 7245.96 7533.62 7627.32 7392.48 7008.94 6636.61 5741.49 4781.49 3821.49 2861.49 1798.83 1025.91 361.611 299.504 413.44 730.564 1163.5 1936.41 3043.44 4003.44 4963.44 5923.44 7043.44 7967.65 8361.07 8215.97 7701.25 7902.96 8165.17 8562.81 9026.73 9424.37 9822.02 10227 10844 11657.8 12598.1 13558.1 14678.1 15638.1 16598.1 17555.4 18683.4 19638.1 20598.1 21558.1 22227.7 -9999 -9999 -9999 -9999 -9999
2403.44 2942.76 3673.72 3974.44 3260.14 2218.81 1629.74 1529.98 1901.08 2678.34 3603.75 4563.75 5523.75 6643.75 7603.75 8561.11 9307.64 9330.39 8949.33 8551.68 8154.04 7734.3 7632.82 7540.1 7289.96 6844.23 6446.59 6048.94 5813.56 5389.34 4472.9 3512.9 2552.9 1436.62 614.339 399.273 387.098 46.2563 158.123 737.878 1685.52 2833.99 3790.12 4750.12 5710.12 6828.08 7555.87 7507.41 7110.9 6707.32 6819.11 7211.69 7602.81 8066.73 8464.38 8873.02 9386.67 10300.2 11240.5 12200.5 13160.5 14280.5 15240.5 16200.5 17160.5 18280.5 19240.5 20200.5 21160.5 22035.1 22308.3 -9999 -9999 27278.2 27372.2
3363.44 3781.93 4002.26 3786.59 2981.08 1892.02 915.791 653.965 1199.98 2252.31 3212.31 4172.31 5132.31 6252.31 7212.31 8172.31 9129.97 9931.26 9892.71 9510.82 9069.22 8383.38 7669.55 6898.25 6357.38 5884.42 5489.61 5091.42 4869.41 5005.29 4546.1 3637.17 2677.17 1568.42 805.601 789.182 958.826 302.915 346.357 722.963 1918.75 2985.71 3920.6 4880.6 5840.6 6935.58 7310.27 6704.14 6163.27 5752.54 5865.26 6249.61 6642.81 7106.73 7515.38 8038.03 8799.98 9882.85 10842.8 11802.8 12762.8 13882.8 14834.1 15847.1 16780.9 17882.8 18842.8 19802.8 20762.8 21826.2 22487.2 23587.5 24462 25650 27121
4028.32 3835.97 3526.46 3158.45 2799.96 1860.55 965.178 630.073 1133.24 2215.04 3175.04 4135.04 5095.04 6215.04 7175.04 8135.04 9095.03 10187.7 10643.4 10151.8 9328.54 8263.49 7308.15 6357.38 5515.42 4921.41 4511.53 4122.36 3909.41 4235.01 4431.12 3983.2 3069.11 2087.67 1609.99 1607.31 1926.05 1074.36 998.49 1802.41 2825.82 3539.39 4261.13 5205.76 6165.76 7174.95 7077.08 6163.27 5321.3 4793.73 4903.69 5284.47 5682.81 6154.07 6671.39 7442.33 8366.85 9485.21 10445.2 11405.2 12365.2 13485.2 14442.3 15424.3 16372.7 17485.2 18445.2 19405.2 20365.2 21479 22414.9 23388.6 24331.5 25397.9 26499.4
3313.95 2817.94 2427.4 2062.16 2082.47 2149.02 1830.32 1636.34 1892.44 2669 3595.9 4555.46 5515.46 6635.46 7595.46 8555.46 9515.46 10507.2 10627.4 9872.32 8924.2 7804.23 6844.23 5884.23 4924.23 3931.5 3415.82 3008.94 2789.41 3124.68 3516.12 3815.73 3592.9 3085.76 2721.25 2721.25 3306.41 3313.43 2327.29 2499.36 3133.33 5172.72 4993.6 5703.43 6616.78 7412.69 6750.56 5732.53 4633.85 3764.59 3769.96 4165.17 4570.15 5187.18 6000.96 6941.29 7901.29 9021.29 9981.29 10941.3 11901.3 13021.3 13981.3 14941.3 15901.3 17021.3 17981.3 18941.3 19901.3 21021.3 21981.3 22941.3 23901.3 25021.3 25981.3
2596.47 1874.87 1470.46 1104.91 1146.62 1822.81 2406.08 2559.76 2840.7 3348.41 4041.56 4953.67 5913.11 7033.11 7993.11 8953.11 9837.74 10195.1 9859.66 9324.39 8514.68 7406.59 6446.59 5486.59 4526.59 3415.82 2599.04 2061.25 1829.41 2164.75 2580.36 3170.4 3883.6 4011.25 3681.25 3681.25 4135.91 4337.1 3246.77 3381.36 5033.55 8372.73 6504.07 6453.24 6633.2 7118.45 6035.11 4693.09 3422.84 2793.03 2807.52 3216.17 3729.82 4643.31 5583.65 6543.65 7503.65 8623.64 9583.64 10543.6 11503.6 12623.6 13583.6 14543.6 15503.6 16623.6 17583.6 18543.6 19503.6 20623.6 21583.6 22543.6 23503.6 24623.6 25583.6
2149.21 1122.48 584.449 314.254 491.342 1458.96 2393.68 3163.35 3760.08 4264.03 4716.43 5399.21 6311.19 7430.75 8390.67 9265.88 9621.47 9305.55 8907.91 8502.02 7978.37 7008.56 6048.94 5088.94 4128.94 3008.94 2061.25 1241.4 883.417 1226.13 1813.08 2672 3623.27 4501.21 4557.71 4446.83 4697.51 5015.13 4060.96 4400.39 7375.74 8062.78 7776.51 6884.22 6016.04 5369.8 4166 3000.38 2224.15 1748.11 1858.52 2381.18 3143.12 4226 5186 6146 7106 8226 9186 10146 11106 12226 13186 14146 15106 16226 17186 18146 19106 20226 21186 22146 23106 24226 25186
2003.87 885.969 228.414 107.069 469.315 1570.47 2576.08 3522.13 4441.32 5211.86 5621.68 6063.7 6741.93 7799.65 8595.97 9010.38 8803.73 8345.55 7947.91 7550.26 7147.12 6558.03 5816.01 4866.27 3906.27 2786.27 1826.27 876.818 231.345 475.59 1313.35 2265.86 3225.51 4264.37 4462.33 4121.3 4121.37 4610.18 4695.95 5023.34 6116.46 7081.77 7220.42 6521.21 5563.15 4425.51 3465.51 2506.28 1576.38 826.491 1014.53 1785.48 2709.99 3828.36 4788.36 5748.36 6708.36 7828.36 8788.35 9748.35 10708.4 11828.4 12788.4 13748.4 14708.4 15828.4 16788.4 17748.4 18708.4 19828.4 20788.4 21748.4 22708.4 23828.4 24788.4
2340.81 837.365 269.8 42.8238 10405.4 8613.89 3490.74 4044.19 4819.65 5581.9 6015.71 6413.35 6820.06 7379.51 8039.99 8213.42 7723.15 7225.68 6827.91 6430.27 6032.62 5638.08 5583.68 5073.07 4162.03 3042.67 2083.78 1149.6 392.273 378.092 1134.51 2083.32 3041.64 3706.06 3425.77 3032.31 2995.04 3332.91 3892.16 4602.09 5427.59 6029.68 6394.79 6285.82 5488.48 4360.95 3128.49 2266.27 1306.27 349.119 525.629 1432.92 2392.84 3512.84 4472.84 5432.84 6392.84 7512.84 8472.84 9432.84 10392.8 11512.8 12472.8 13432.8 14392.8 15512.8 16472.8 17432.8 18392.8 19512.8 20472.8 21432.8 22392.8 23512.8 24472.8
-9999 1126.95 1305.71 1799.22 -9999 8127.5 4592.61 4373.96 4372.62 4706.93 5104.58 5502.22 5935.02 6728.15 7608.25 7703.27 6968.53 6285.65 5868.1 5470.27 5072.62 4683.26 4841.18 4998.02 4510.71 3441.43 2512.52 1724.8 1168.8 1172.3 1659.64 2470.84 3353.02 3159.49 2519.79 2075.01 2035.04 2516.84 3256.68 4045.66 4595.17 5070.41 5503.96 5953.89 5574.59 4483.51 3510.74 2547.52 1610.84 825.72 941.824 1726.56 2667.6 3787.52 4747.52 5707.52 6667.52 7787.52 8747.52 9707.52 10667.5 11787.5 12747.5 13707.5 14667.5 15787.5 16747.5 17707.5 18667.5 19787.5 20747.5 21707.5 22667.5 23787.5 24747.5
-9999 2070.9 2200.03 2393.72 -9999 7204.22 3931.86 3670.36 3452.81 3746.93 4144.58 4581.77 5241.26 6305.9 7210.61 7289.43 6451.67 5494.81 4930.39 4510.46 4112.62 3723.26 3888.94 4278.82 4462.05 3861.89 3082.45 2523.35 2108.62 2123.55 2484.87 3017.23 3465.72 2681.02 1811.89 1168.36 1113.96 1894.7 2724.06 3247.03 3645.76 4144.02 4804.83 5673.32 5850.07 4865.17 3905.17 2971.4 2234.32 1734.77 1776.92 2289.31 3079.63 4185.17 5145.17 6105.17 7065.17 8185.17 9145.17 10105.2 11065.2 12185.2 13145.2 14105.2 15065.2 16185.2 17145.2 18105.2 19065.2 20185.2 21145.2 22105.2 23065.2 24185.2 25145.2
845.603 11111.1 7866.54 2999.68 -9999 6153.08 3704.8 2710.36 2492.81 2786.93 3219.73 3883.61 4790.31 5908.25 6812.96 6891.78 6039.63 4943.51 4137.16 3570.36 3152.75 2763.26 2928.94 3329.67 3826.11 4254.88 3875.81 3457.99 3068.11 3083.55 3433.21 3729.24 3374.7 2314.26 1360.65 523.015 568.174 1556.42 2108.37 2310.45 2691.61 3429.17 4345.09 5303.69 5987.86 5262.81 4326.13 3591.97 3119.32 2694.86 2733.59 3132.46 3626.36 4578.41 5546.96 6506.51 7462.81 8582.81 9542.81 10502.8 11462.8 12537.6 13549.2 14502.8 15462.8 16582.8 17542.8 18502.8 19462.8 20582.8 21542.8 22502.8 23462.8 24582.8 25542.8
2247.26 12225.2 12041 6671.16 4955.43 4735.78 1797.2 1594.93 1372.85 1723.17 2428.94 3364.34 4324.34 5444.34 6349.04 6427.86 5575.71 4455.71 3510.1 2669.32 2066.29 1643.64 1824.89 2363.7 3142.39 4189.13 4724.85 4561.53 4188.11 4203.55 4534.61 4453.53 3645.51 2527.01 1610.36 951.982 994.898 1359.26 1146.45 1225.31 1845.25 2920.07 3880.07 4840.07 5785.17 5754.72 5074.32 4633.37 4235.46 3815.04 3852.31 4243.75 4641.39 5210.28 6021.19 6966.81 7926.73 9046.73 10006.7 10966.7 11926.7 13080.6 14025.4 14966.7 15954.6 17046.7 18006.7 18966.7 19926.7 21046.7 22006.7 22966.7 23926.7 25046.7 26006.7
3117.37 10456.5 10442.9 6452.19 3946.08 1449.63 884.235 773.797 539.452 1133.72 2068.82 3028.82 3988.82 5108.82 6000.74 6042.29 5178.06 4058.06 3098.06 2154.26 1311.67 723.524 1015.58 1790.54 2703.52 3824.29 4741.63 5260.85 5132.93 5163.43 5389.25 4971.12 4043.16 2968.01 2275.33 1792.34 1386.53 677.284 352.415 592.574 1450.51 2569.41 3529.41 4489.41 5449.41 6176.95 5984.09 5593.11 5195.46 4775.04 4812.31 5203.75 5601.39 6072.23 6591.57 7383.42 8324.45 9444.37 10404.4 11364.4 12324.4 13444.4 14404.4 15364.4 16343.4 17444.4 18404.4 19364.4 20324.4 21444.4 22404.4 23364.4 24324.4 25444.4 26404.4
3857.05 8490.15 9168.19 4723.44 2923.33 1266.2 637.894 725.678 636.532 1239.58 2143.71 3103.38 4063.38 5183.38 5968.67 5760.44 4836.33 3716.33 2756.34 1796.34 850.731 192.744 522.732 1387.61 2335.92 3460.01 4494.51 5409.38 5919.71 6113.53 6125.51 5399.66 4458.82 3627.58 3103.98 2389.89 1495.41 553.485 169.625 443.308 1290.12 2409.03 3369.03 4329.03 5289.03 6362.35 6799.19 6553.11 6155.46 5735.04 5772.31 6163.75 6561.39 6991.68 7302.81 7904.96 8731.69 9843.58 10802 11762 12722 13842 14802 15762 16722 17842 18802 19762 20722 21842 22802 23762 24722 25842 26802
5261.9 7720.21 6793.79 3967.03 3181.45 1260.6 1341.31 1532.51 1533.23 1943.25 2584.8 3488.89 4448.6 5568.6 6256.11 5873.91 4931.6 3811.6 2854.91 1894.91 1001.9 626.245 777.979 1471.11 2412.61 3532.37 4517.43 5476.46 6393.96 7010.31 6713.51 5816.46 5077.16 4481.62 3737.46 2805.72 1949.19 1150.52 799.385 954.818 1565.51 2640.34 3600.34 4560.34 5520.34 6639.29 7435.34 7498.6 7115.46 6695.04 6732.31 7123.75 7521.39 8064.83 8663.54 8752.19 8895.33 10275.1 11212.7 12159.7 13119.7 14239.6 15199.6 16159.6 17119.6 18239.6 19199.6 20159.6 21119.6 22239.6 23199.6 24159.6 25119.6 26239.6 27199.6
-9999 6349.33 5498.46 4510.53 4262.4 -9999 2489.58 2419.86 2622.09 3028.36 3444.45 4046.28 4917.46 6032.52 6727.81 6334.43 5376.88 4258.56 3304.93 2461.66 1912.29 1712.13 1783.97 2172.2 2889.69 3976.88 4936.88 5896.88 6856.88 7739.78 7267.22 6569.14 6065.54 5185.46 4242.83 3407.69 2732.09 2179.86 1903.52 2034.97 2408.77 3146.33 4062.25 5021.15 5981.15 7101.15 8039.55 8493.86 8235.02 7815.04 7852.31 8243.75 8641.39 9129.8 9781.27 10688.4 11843.9 12214.6 12004.4 12655.4 13584.3 14703.6 15663.6 16623.6 17583.6 18703.6 19663.6 20623.6 21583.6 22703.6 23663.6 24623.6 25583.6 26703.6 27663.6
-9999 6242.64 6242.64 -9999 -9999 -9999 -9999 4847.06 3946.25 3988.36 4386 4804.4 5403.93 6430.46 7125.69 6732.31 5799.75 4666.13 3829.38 3274.04 2864.09 2672.13 2743.97 3079.48 3529.85 4390.93 5334.53 6294.53 7254.53 8178.8 7932.09 7403.08 6679.02 5600.47 4768.37 4103.57 3610.14 3139.69 2863.52 2994.97 3362.91 3861.18 4521.99 5420.26 6378.79 7498.79 8458.66 9211.71 9182.12 8775.03 8812.31 9203.74 9601.39 10065.4 10499.2 11143.2 12062.9 12850.1 12885.8 13292 14013 15101.2 16061.2 17021.2 17981.2 19101.2 20061.2 21021.2 21981.2 23101.2 24061.2 25021.2 25981.2 27101.2 28061.2
-9999 -9999 -9999 -9999 -9999 -9999 -9999 5169.34 4907.96 4948.36 5346 5743.65 6159.74 6884.01 7523.67 7129.96 6197.4 5174.74 4631.68 4221.74 3824.09 3632.13 3703.97 4039.48 4437.13 4991.55 5750.63 6692.17 7652.17 8672.81 8742.7 8028.93 7104.93 6122.98 5461.21 4970.24 4562.59 4099.69 3823.52 3954.97 4322.91 4787.57 5227.83 5879.63 6777.54 7896.44 8856.44 9777.33 10085.3 9735.03 9772.31 10163.7 10561.4 11025.3 11423.1 11856.9 12489.3 13449 13831.9 14181.3 14642.2 15507.6 16458.9 17418.8 18378.8 19498.8 20458.8 21418.8 22378.8 23498.8 24458.8 25418.8 26378.8 27498.8 28458.8
-9999 -9999 -9999 -9999 -9999 -9999 -9999 6031.75 5842.06 5841.1 6235.53 6638.47 7081.03 7600.1 7977.11 7527.82 6640.11 5985.23 5579.38 5181.74 4784.09 4592.13 4663.97 4999.48 5397.13 5865.44 6349.2 7106.22 8049.82 9119.48 9310.98 8462.58 7606.05 6805.03 6325.43 5920.24 5522.57 5059.69 4783.52 4914.97 5282.91 5746.83 6145.21 6576.47 7219.26 8294.08 9254.08 10212.8 10901.3 10695 10732.3 11123.7 11521.4 11985.3 12382.9 12780.7 13202.7 13950.9 14679.4 15140.1 15538.6 16092.2 16865.3 17816.5 18776.5 19896.5 20856.5 21816.5 22776.5 23896.5 24856.5 25816.5 26776.5 27896.5 28856.5
-9999 -9999 -9999 -9999 -9999 -9999 -9999 7335.68 7041.08 7032.67 9698.94 9453.55 8532.36 8672.77 8731.14 8118.51 7569.15 7097.03 6699.38 6301.74 5904.09 5712.13 5783.97 6119.48 6517.13 6981.05 7378.69 7829.06 8546.54 9587.02 9800.26 9064.54 8388.95 7834.51 7437.86 7040.21 6642.57 6179.69 5903.52 6034.97 6402.91 6866.83 7264.48 7662.12 8065.63 8803.18 9719.1 10678 11610 11811.6 11852.3 12243.7 12641.4 13105.3 13502.9 13900.6 14298.2 14786.6 15420.6 16150 16651.8 17122.5 17583.7 18312.2 19241.2 20360.4 21320.4 22280.4 23240.4 24360.4 25320.4 26280.4 27240.4 28360.4 29320.4
-9999 -9999 -9999 -9999 -9999 -9999 -9999 8304.96 8411.68 9205.95 9878.29 9701.39 9320.5 9593.5 9431.05 8930.89 8520.95 8055.89 7655.98 7261.74 6864.09 6672.13 6743.97 7079.48 7477.13 7941.05 8338.69 8736.34 9186.7 10010 10312.9 9767.6 9297.91 8808.06 8388.35 8000.21 7602.57 7139.69 6863.52 6994.97 7362.91 7826.83 8224.48 8622.12 9019.77 9518.03 10178.8 11077.1 12035.6 12702.7 12812.3 13203.7 13601.4 14065.3 14462.9 14860.6 15258.2 15722.3 16156.1 16788.5 17507.6 18081.6 18480.5 18948.8 19669.8 20758.1 21718.1 22678.1 23638.1 24758.1 25718.1 26678.1 27638.1 28758.1 29718.1
-9999 -9999 -9999 -9999 -9999 -9999 -9999 9052.76 9696.05 9903.2 10385.4 10512.9 10273.8 10525.4 10303.6 9878.59 9480.94 9025.72 8642.1 8218.38 7824.09 7632.13 7703.97 8039.48 8437.13 8901.04 9298.69 9696.33 10094 10643.2 10980.6 10634.6 10253.9 9797.72 9351.24 8960.21 8562.57 8099.68 7823.52 7954.97 8322.91 8786.83 9184.48 9582.12 9979.76 10444.4 10884.7 11536.5 12434.4 13405.8 13771.3 14163.7 14561.4 15025.3 15422.9 15820.6 16218.2 16682.1 17079.9 17513.7 18135.9 18969.9 19439.3 19838.1 20299 21164.5 22115.7 23075.7 24035.7 25155.7 26115.7 27075.7 28035.7 29155.7 30115.7
-9999 -9999 -9999 -9999 -9999 -9999 -9999 9224.87 10920.1 10832.4 11162.8 11382.7 11233.8 11464.7 11237.3 10838.6 10440.9 9980.3 9588.08 9180.62 8784.09 8592.13 8663.97 8999.48 9397.12 9861.04 10258.7 10656.3 11054 11524.2 11799.2 11577.2 11180.6 10724.2 10318.8 9920.21 9522.56 9059.68 8783.52 8914.97 9282.91 9746.83 10144.5 10542.1 10939.8 11403.7 11802.1 12233.3 12876.1 13929.4 14661.9 15123.6 15521.4 15985.3 16382.9 16780.6 17178.2 17642.1 18039.8 18437.5 18859.6 19599.8 20327.6 20796.9 21195.5 21749 22522.2 23473.4 24433.4 25553.4 26513.4 27473.4 28433.4 29553.4 30513.4
-9999 -9999 -9999 -9999 -9999 18022 13290.8 12947.8 12286.2 11939.6 12254.4 12478.1 12353.8 12583.4 12356.2 11958.6 11560.9 11097 10699.4 10301.7 9904.09 9712.13 9783.97 10119.5 10517.1 10981 11378.7 11776.3 12174 12637.9 12900.1 12697.1 12299.4 11835.5 11437.8 11040.2 10642.6 10179.7 9903.52 10035 10402.9 10866.8 11264.5 11662.1 12059.8 12523.7 12921.3 13319 13722.5 14460 15363.5 16138.8 16635.8 17105.3 17502.9 17900.6 18298.2 18762.1 19159.8 19557.4 19955.1 20443.5 21077.5 21806.9 22308.6 22779.4 23240.6 23969.1 24898 26017.3 26977.3 27937.3 28897.3 30017.3 30975
-9999 -9999 -9999 -9999 18136.7 17814.9 15196.6 13698.1 13183.9 12899.6 13206.8 13419.3 13310.1 13543.4 13316.2 12918.6 12520.9 12057 11659.4 11261.7 10864.1 10672.1 10744 11079.5 11477.1 11941 12338.7 12736.3 13134 13597.9 13860.1 13657.1 13259.4 12795.5 12393.8 11992.5 11601.3 11139.7 10863.5 10995 11362.9 11826.8 12224.5 12622.1 13019.8 13483.7 13881.3 14279 14676.6 15174.9 15835.7 16720 17496.4 18065.1 18462.9 18860.6 19258.2 19722.1 20119.8 20517.4 20915.1 21379.1 21812.9 22445.4 23164.5 23738.5 24137.3 24605.7 25326.7 26414.9 27374.9 28334.9 29294.9 30414.9 31368.2
-9999 -9999 -9999 -9999 18136.7 17390.9 16251.7 14803.2 14145.3 13859.6 14168.8 14387 14272 14503.4 14276.2 13878.6 13480.9 13017 12619.4 12221.7 11824.1 11632.1 11704 12039.5 12437.1 12901 13298.7 13696.3 14094 14557.9 14820.1 14617 14219.4 13755.5 13357.3 12955.9 12561.3 12093.9 11823.5 11955 12322.9 12786.8 13184.5 13582.1 13979.8 14443.7 14841.3 15239 15636.6 16101.3 16541.5 17193.3 18078.8 18960.1 19422.7 19820.6 20218.2 20682.1 21079.8 21477.4 21875.1 22339 22736.8 23170.6 23792.8 24626.8 25096.1 25495 25955.9 26821.4 27772.6 28732.6 29692.6 30812.6 31772.6
-9999 -9999 -9999 -9999 -9999 17331 16454.5 15625 15110.2 14819.6 15135.1 15360.7 15234.5 15463.4 15236.2 14838.6 14440.9 13977 13579.4 13181.7 12784.1 12592.1 12664 12999.5 13397.1 13861 14258.7 14656.3 15054 15517.9 15780.1 15577 15179.4 14715.5 14319 13921.3 13522.6 13099 12786 12915 13282.9 13746.8 14144.5 14542.1 14939.7 15403.7 15801.3 16199 16596.6 17060.5 17458.9 17890.2 18532.9 19580.4 20317.8 20780.4 21178.2 21642.1 22039.8 22437.4 22835.1 23299 23696.7 24094.4 24516.4 25256.6 25984.4 26453.8 26852.3 27405.9 28179 29130.2 30090.2 31210.2 32170.2
-9999 22712.4 22403.6 20225.1 18776 17843.1 17096.9 16627.5 16229.6 15939.6 16254.4 16478.1 16353.8 16583.5 16361.7 15962 15548.2 15097 14699.4 14301.7 13904.1 13712.1 13784 14119.5 14517.1 14981 15378.7 15776.3 16174 16637.9 16900.1 16697 16299.4 15835.5 15437.8 15040.2 14642.6 14179.7 13903.5 14032.3 14401.2 14866.8 15264.5 15662.1 16059.7 16523.7 16921.3 17319 17716.6 18180.5 18578.2 18975.8 19379.3 20116.9 21020.4 21795.6 22292.6 22762.1 23159.8 23557.4 23955.1 24419 24816.7 25214.3 25599.9 26123.3 26734.4 27463.7 27965.5 28436.3 28897.5 29625.9 30554.9 31674.2 32634.2
23180.9 22322.2 21464.8 20334 19348.7 18448.6 17911.5 17465.1 17119.1 16890.1 17214.4 17438.1 17313.8 17545.9 17335.8 16926.1 16535.7 16057 15659.4 15261.7 14864.1 14672.1 14744 15079.5 15477.1 15941 16338.7 16736.3 17134 17597.9 17860.1 17657 17259.4 16795.5 16397.8 16000.2 15602.6 15139.7 14863.5 14987.3 15340.8 15827.2 16222.6 16620.2 17019.7 17483.7 17881.3 18279 18676.6 19140.5 19538.2 19935.8 20333.5 20831.7 21492.5 22376.8 23153.3 23722 24119.8 24517.4 24915.1 25379 25776.7 26174.3 26545 27051.1 27469.8 28102.3 28821.4 29395.4 29794.2 30262.6 30983.6 32071.8 33031.8
23578.2 22603.4 21638.5 20684 19807.2 19149.5 18280.6 17762.1 17493.4 17529.7 18047.6 18346.8 18268.7 18503.5 18276.4 17879.3 17481.2 17017 16619.4 16221.7 15824.1 15632.1 15704 16039.5 16437.1 16901 17298.7 17696.3 18094 18557.9 18820.1 18617 18219.4 17755.5 17357.8 16960.2 16562.6 16099.7 15823.5 15955.2 16314.5 16790.1 17182.3 17520.5 17950.9 18443.7 18841.3 19239 19636.6 20100.5 20498.2 20895.8 21293.5 21758.1 22198.4 22850.2 23735.7 24617 25079.6 25477.4 25875.1 26335.5 26692.1 27004 27577.8 28011.8 28393.7 28827.5 29449.7 30283.7 30753 31151.9 31612.8 32478.3 33429.5
