public/models/data/input/map/sulsel/1000/maphdi.asc
NCOLS 496
NROWS 622
XLLCORNER -95260.364462
YLLCORNER 9790791.912663
CELLSIZE 1000.000000
NODATA_VALUE       -9999
[rows 360 to 395 of 622, columns 243 to 323 of 496]
68 68 68 68 68 68 68 68 68 68 68 68 68 68 68 68 67.73 67 67 67 67 67 67 67 67 67 67 67 67 67 67 67 67 67 67 67 67 67 67 67 67 67 67 67 67 67 67 67 67 67 67 -9999 -9999 -9999 -9999 -9999 -9999 -9999 -9999 -9999 -9999 67 67 -9999 -9999 -9999 -9999 -9999 67 67 67 67 67 -9999 -9999 -9999 -9999 -9999 -9999 -9999 -9999
68 68 68 68 68 68 68 68 68 68 68 68 68 68 68 68 67.755 67.2162 67.1263 67.1862 67.0563 67 67 67 67 67 67 67 67 67 67 67 67 67 67 67 67 67 67 67 67 67 67 67 67 67 67 67 67 67 67 -9999 -9999 -9999 -9999 -9999 -9999 -9999 -9999 -9999 -9999 67 67 -9999 -9999 -9999 -9999 -9999 -9999 67 67 67 -9999 -9999 -9999 -9999 -9999 -9999 -9999 -9999 -9999
68 68 68 68 68 68 68 68 68 68 68 68 68 68 68 68 67.995 67.8163 67.7262 67.7862 67.5813 67.1575 67 67 67 67 67 67 67 67 67 67 67 67 67 67 67 67 67 67 67 67 67 67 67 67 67 67 67 67 67 67 -9999 -9999 -9999 -9999 -9999 -9999 -9999 -9999 -9999 -9999 -9999 -9999 -9999 -9999 -9999 -9999 67 67 67 67 -9999 -9999 -9999 -9999 -9999 -9999 -9999 -9999 -9999
68 68 68 68 68 68 68 68 68 68 68 68 68 68 68 68 68 68 68 68 67.975 67.735 67.1275 67 67 67 67 67 67 67 67 67 67 67 67 67 67 67 67 67 67 67 67 67 67 67 67 67 67 67 67 67 -9999 -9999 -9999 -9999 -9999 -9999 -9999 -9999 -9999 -9999 -9999 -9999 -9999 -9999 -9999 -9999 67 67 67 -9999 -9999 -9999 -9999 -9999 -9999 -9999 -9999 -9999 -9999
68 68 68 68 68 68 68 68 68 68 68 68 68 68 68 68 68 68 68 67.9925 67.9925 67.995 67.7613 67.1762 67 67 67 67 67 67 67 67 67 67 67 67 67 67 67 67 67 67 67 67 67 67 67 67 67 67 67 67 67 -9999 -9999 -9999 -9999 -9999 -9999 -9999 -9999 -9999 -9999 -9999 -9999 -9999 -9999 -9999 -9999 67 67 -9999 -9999 -9999 -9999 -9999 -9999 -9999 -9999 -9999 -9999
68 68 68 68 68 68 68 68 68 68 68 68 68 68 68 68 68 68 67.95 67.7138 67.5912 67.6175 67.3562 67.0188 67 67 67 67 67 67 67 67 67 67 67 67 67 67 67 67 67 67 67 67 67 67 67 67 67 67 67 67 67 -9999 -9999 -9999 -9999 -9999 -9999 -9999 -9999 -9999 -9999 -9999 -9999 -9999 -9999 -9999 -9999 -9999 -9999 -9999 -9999 -9999 -9999 -9999 -9999 -9999 -9999 -9999 -9999
68 68 68 68 68 68 68 68 68 68 68 68 68 68 68 68 68 68 67.74 67.1663 67.0137 67.0325 67.0225 67 67 67 67 67 67 67 67 67 67 67 67 67 67 67 67 67 67 67 67 67 67 67 67 67 67 67 67 67 67 67 67 -9999 -9999 -9999 -9999 -9999 -9999 -9999 -9999 -9999 -9999 -9999 -9999 -9999 -9999 67 -9999 -9999 -9999 -9999 -9999 -9999 -9999 -9999 -9999 -9999 -9999
68 68 68 68 68 68 68 68 68 68 68 68 68 68 68 68 68 68 67.72 67.12 67 67 67 67 67 67 67 67 67 67 67 67 67 67 67 67 67 67 67 67 67 67 67 67 67 67 67 67 67 67 67 67 67 67 67 -9999 -9999 -9999 -9999 -9999 -9999 -9999 -9999 -9999 -9999 -9999 67 67 67 67 67 -9999 -9999 -9999 -9999 -9999 -9999 -9999 -9999 -9999 -9999
68 68 68 68 68 68 68 68 68 68 68 68 68 68 68 68 68 68 67.9638 67.3637 67 67 67 67 67 67 67 67 67 67 67 67 67 67 67 67 67 67 67 67 67 67 67 67 67 67 67 67 67 67 67 67 67 67 67 67 -9999 67 67 -9999 -9999 -9999 -9999 -9999 -9999 67 67 67 67 67 67 -9999 -9999 -9999 -9999 -9999 -9999 -9999 -9999 -9999 -9999
68 68 68 68 68 68 68 68 68 68 68 68 68 68 68 68 68 67.9975 67.8337 67.2412 67 67 67 67 67 67 67 67 67 67 67 67 67 67 67 67 67 67 67 67 67 67 67 67 67 67 67 67 67 67 67 67 67 67 67 67 67 -9999 -9999 -9999 -9999 -9999 -9999 -9999 -9999 67 67 67 67 67 67 -9999 -9999 -9999 -9999 -9999 -9999 -9999 -9999 -9999 -9999
68 68 68 68 68 68 68 68 68 68 68 68 68 68 68 68 68 67.8587 67.3463 67.035 67 67 67 67 67 67 67 67 67 67 67 67 67 67 67 67 67 67 67 67 67 67 67 67 67 67 67 67 67 67 67 67 67 67 67 67 67 -9999 -9999 -9999 -9999 -9999 67 67 -9999 -9999 -9999 67 67 67 -9999 -9999 -9999 -9999 -9999 -9999 -9999 -9999 -9999 -9999 -9999
68 68 68 68 68 68 68 68 68 68 68 68 68 68 68 68 68 67.4137 67.0263 67 67 67 67 67 67 67 67 67 67 67 67 67 67 67 67 67 67 67 67 67 67 67 67 67 67 67 67 67 67 67 67 67 67 67 67 67 67 -9999 -9999 -9999 -9999 67 67 67 -9999 -9999 -9999 67 67 67 -9999 -9999 -9999 -9999 -9999 -9999 -9999 -9999 -9999 -9999 -9999
68 68 68 68 68 68 68 68 68 68 68 68 68 68 68 68 67.9875 67.0675 67 67 67 67 67 67 67 67 67 67 67 67 67 67 67 67 67 67 67 67 67 67 67 67 67 67 67 67 67 67 67 67 67 67 67 67 67 67 67 -9999 -9999 67 67 67 67 -9999 -9999 -9999 -9999 -9999 -9999 -9999 -9999 -9999 -9999 -9999 -9999 -9999 -9999 -9999 -9999 -9999 -9999
68 68 68 68 68 68 68 68 68 68 68 68 68 68 68 68 67.9025 67.0225 67 67 67 67 67 67 67 67 67 67 67 67 67 67 67 67 67 67 67 67 67 67 67 67 67 67 67 67 67 67 67 67 67 67 67 67 67 67 67 -9999 -9999 67 67 -9999 -9999 -9999 -9999 -9999 -9999 -9999 -9999 -9999 -9999 -9999 -9999 -9999 -9999 -9999 -9999 -9999 -9999 -9999 -9999
68 68 68 68 68 68 68 68 68 68 68 68 68 68 68 67.8763 67.4563 67 67 67 67 67 67 67 67 67 67 67 67 67 67 67 67 67 67 67 67 67 67 67 67 67 67 67 67 67 67 67 67 67 67 67 67 67 67 67 67 -9999 -9999 67 67 -9999 -9999 -9999 -9999 -9999 -9999 -9999 -9999 -9999 -9999 -9999 -9999 -9999 -9999 -9999 -9999 -9999 -9999 -9999 -9999
68 68 68 68 68 68 68 68 68 68 68 68 68 68 67.875 67.3538 67.0387 67 67 67 67 67 67 67 67 67 67 67 67 67 67 67 67 67 67.13 67.22 67.03 67 67 67 67 67 67 67 67 67 67 67 67 67 67.21 68.065 68.105 67.12 67.09 67.555 67.8569 68.9048 -9999 -9999 -9999 -9999 -9999 -9999 -9999 -9999 -9999 -9999 -9999 -9999 -9999 -9999 -9999 -9999 -9999 -9999 -9999 -9999 -9999 -9999 -9999
68 68 68 68 68 68 68 68 68 68 68 68 68 67.9544 67.4681 67.005 67 67 67 67 67 67 67 67 67 67 67 67 67 67 67 67 67 67.03 67.75 68.65 67.625 67.1612 67.0038 67 67.01 67.1312 67.3213 67.2988 67.5338 68.075 67.81 67.45 67.935 68.115 68.395 68.95 69 68.15 68.74 68.95 69 69 69 -9999 -9999 -9999 -9999 -9999 -9999 -9999 -9999 -9999 -9999 -9999 -9999 -9999 -9999 -9999 -9999 -9999 -9999 -9999 -9999 -9999 -9999
68 68 68 68 68 68 68 68 68 68 68 68 68 67.8544 67.2081 67 67 67 67 67 67 67 67 67 67 67 67 67 67 67 67 67 67.09 67.6225 68.5275 69 68.865 68.2588 67.5963 67.435 67.715 68.1937 68.7637 68.6963 68.8613 69 68.955 68.865 68.97 69 69 69 69 68.94 69 69 69 69 69 69 -9999 -9999 -9999 -9999 -9999 -9999 -9999 -9999 -9999 -9999 -9999 -9999 -9999 -9999 -9999 -9999 -9999 -9999 -9999 -9999 -9999
68 68 68 68 68 68 68 68 68 68 68 68 68 67.5413 67.0113 67 67 67 67 67 67 67 67 67 67 67 67 67 67 67 67.3225 67.9638 68.2487 68.7325 68.9775 69 69 68.975 68.785 68.635 68.885 69 69 69 69 69 69 69 69 69 69 69 69 69 69 69 69 69 69 69 69 -9999 -9999 -9999 -9999 -9999 -9999 -9999 -9999 -9999 -9999 -9999 -9999 -9999 -9999 -9999 -9999 -9999 -9999 -9999 -9999
68 68 68 68 68 68 68 68 68 68 68 68 67.92 67.0875 67 67 67 67 67.24 67.96 67.9 67.1 67 67 67 67 67 67 67.16 67.96 68.5275 68.9212 68.9863 69 69 69 69 69 69 69 69 69 69 69 69 69 69 69 69 69 69 69 69 69 69 69 69 69 69 69 69 69 -9999 -9999 -9999 -9999 -9999 -9999 -9999 -9999 -9999 -9999 -9999 -9999 -9999 -9999 -9999 -9999 -9999 -9999 -9999
68 68 68 68 68 68 68 68 68 68 68 67.9719 67.3706 67 67 67.0038 67.1113 67.745 68.63 68.99 69 67.99 67.26 67.1325 67.0125 67.1225 67.5425 67.73 68.6 69 69 69 69 69 69 69 69 69 69 69 69 69 69 69 69 69 69 69 69 69 69 69 69 69 69 69 69 69 69 69 69 69 69 69 69 -9999 -9999 -9999 -9999 -9999 -9999 -9999 -9999 -9999 -9999 -9999 -9999 -9999 -9999 -9999 -9999
68 68 68 68 68 68 68 68 68 68 68 67.8819 67.1656 67 67.16 67.6513 68.1338 68.955 69 69 69 68.91 68.58 68.115 67.55 68.0975 68.8875 69 69 69 69 69 69 69 69 69 69 69 69 69 69 69 69 69 69 69 69 69 69 69 69 69 69 69 69 69 69 69 69 69 69 69 69 69 69 -9999 -9999 -9999 -9999 -9999 -9999 -9999 -9999 -9999 -9999 -9999 -9999 -9999 -9999 -9999 -9999
68 68 68 68 68 68 68 68 68 68 68 67.9662 67.3363 67 67.5575 68.7575 69 69 69 69 69 69 69 68.9175 68.7125 68.96 69 69 69 69 69 69 69 69 69 69 69 69 69 69 69 69 69 69 69 69 69 69 69 69 69 69 69 69 69 69 69 69 69 69 69 69 69 69 69 -9999 -9999 -9999 -9999 -9999 -9999 -9999 -9999 -9999 -9999 -9999 -9999 -9999 -9999 -9999 -9999
68 68 68 68 68 68 68 68 68 68 68 68 67.4375 67 67.2125 68.2625 68.95 69 69 69 69 69 69 69 69 69 69 69 69 69 69 69 69 69 69 69 69 69 69 69 69 69 69 69 69 69 69 69 69 69 69 69 69 69 69 69 69 69 69 69 69 69 69 69 69 -9999 -9999 -9999 -9999 -9999 -9999 -9999 -9999 -9999 -9999 -9999 -9999 -9999 -9999 -9999 -9999
68 68 68 68 68 68 68 68 68 68 68 67.9437 67.1913 67 67 67.135 68.345 69 69 69 69 69 69 69 69 69 69 69 69 69 69 69 69 69 69 69 69 69 69 69 69 69 69 69 69 69 69 69 69 69 69 69 69 69 69 69 69 69 69 69 69 69 69 69 69 -9999 -9999 -9999 -9999 -9999 -9999 -9999 -9999 -9999 -9999 -9999 -9999 -9999 -9999 -9999 -9999
68 68 68 68 68 68 68 68 68 68 68 67.9887 67.4662 67.015 67 67 67.37 68.83 69 69 69 69 69 69 69 69 69 69 69 69 69 69 69 69 69 69 69 69 69 69 69 69 69 69 69 69 69 69 69 69 69 69 69 69 69 69 69 69 69 69 69 69 69 69 69 -9999 -9999 -9999 -9999 -9999 -9999 -9999 -9999 -9999 -9999 -9999 -9999 -9999 -9999 -9999 -9999
68 68 68 68 68 68 68 68 68 68 68 68 66.6 67.015 67 67 67.01 68.065 68.6325 68.3737 68.2838 68.82 69 69 69 69 69 69 69 69 69 69 69 69 69 69 69 69 69 69 69 69 69 69 69 69 69 69 69 69 69 69 69 69 69 69 69 69 69 69 69 69 69 69 69 69 -9999 -9999 -9999 -9999 -9999 -9999 -9999 -9999 -9999 -9999 -9999 -9999 -9999 -9999 -9999
68 68 68 68 68 68 68 68 68 68 67.94 66.635 63.745 67 67 67 67 67.145 67.2775 67.1913 67.1612 67.415 68.145 68.88 69 69 69 69 69 69 69 69 69 69 69 69 69 69 69 69 69 69 69 69 69 69 69 69 69 69 69 69 69 69 69 69 69 69 69 69 69 69 69 69 69 69 -9999 -9999 -9999 -9999 -9999 -9999 -9999 -9999 -9999 -9999 -9999 -9999 -9999 -9999 -9999
68 68 68 68 68 68 68 68 68 67.8725 65.5475 62.3488 63.4938 67 67 67 67 67 67 67 67 67 67.2525 68.4525 69 69 69 69 69 69 69 69 69 69 69 69 69 69 69 69 69 69 69 69 69 69 69 69 69 69 69 69 69 69 69 69 69 69 69 69 69 69 69 69 69 69 69 -9999 -9999 -9999 -9999 -9999 -9999 -9999 -9999 -9999 -9999 -9999 -9999 -9999 -9999
68 68 68 68 68 68 68 68 68 66.9425 63.2375 62.6937 65.5938 67 67 67 67 67 67 67 67 67 67.1575 68.1475 68.93 69 69 69 69 69 69 69 69 69 69 69 69 69 69 69 69 69 69 69 69 69 69 69 69 69 69 69 69 69 69 69 69 69 69 69 69 69 69 69 69 69 69 -9999 -9999 -9999 -9999 -9999 -9999 -9999 -9999 -9999 -9999 -9999 -9999 -9999 -9999
68 68 68 68 68 68 67.64 66.02 64.76 63.68 62.09 64.2406 66.7469 67 67 67 67 67 67 67 67 67 67 67.2925 68.5775 69 69 69 69 69 69 69 69 69 69 69 69 69 69 69 69 69 69 69 69 69 69 69 69 69 69 69 69 69 69 69 69 69 69 69 69 69 69 69 69 69 69 69 -9999 -9999 -9999 -9999 -9999 -9999 -9999 -9999 -9999 -9999 -9999 -9999 -9999
68 68 68 68 68 67.085 64.115 62.54 62.12 62 62.3 65.2344 66.9781 67 67 67 67 67 67 67 67 67 67 67.0075 67.3625 68.76 69 69 69 69 69 69 69 69 69 69 69 69 69 69 69 69 69 69 69 69 69 69 69 69 69 69 69 69 69 69 69 69 69 69 69 69 69 69 69 69 69 69 69 -9999 -9999 -9999 -9999 -9999 -9999 -9999 -9999 -9999 -9999 -9999 -9999
68 68 68 68 67.355 62.96 62 62 62 62.4031 64.7719 66.675 67 67 67 67 67 67 67 67 67 67 67 67 67 68.0625 68.9775 69 69 69 69 69 69 69 69 69 69 69 69 69 69 69 69 69 69 69 69 69 69 69 69 69 69 69 69 69 69 69 69 69 69 69 69 69 69 69 69 69 69 -9999 -9999 -9999 -9999 -9999 -9999 -9999 -9999 -9999 -9999 -9999 -9999
68 68 68 67.325 64.1 62 62 62 62 63.8094 66.9156 67 67 67 67 67 67 67 67 67 67 67 67 67 67 67.3225 68.4575 68.96 69 69 69 69 69 69 69 69 69 69 69 69 69 69 69 69 69 69 69 69 69 69 69 69 69 69 69 69 69 69 69 69 69 69 69 69 69 69 69 69 69 -9999 -9999 -9999 -9999 -9999 -9999 -9999 -9999 -9999 -9999 -9999 -9999
68 68 67.73 65.0638 62.3112 62 62 62 62.975 66.0875 67 67 67 67 67 67 67 67 67 67 67 67 67 67 67 67.015 67.4 68.4987 68.9812 69 69 69 69 69 69 69 69 69 69 69 69 69 69 69 69 69 69 69 69 69 69 69 69 69 69 69 69 69 69 69 69 69 69 69 69 69 69 69 -9999 -9999 -9999 -9999 -9999 -9999 -9999 -9999 -9999 -9999 -9999 -9999 -9999
68 67.955 66.095 62.6862 62.0187 62 62 62 64.725 66.9875 67 67 67 67 67 67 67 67 67 67 67 67 67 67 67 67 67.025 67.5462 68.7738 69 69 69 69 69 69 69 69 69 69 69 69 69 69 69 69 69 69 69 69 69 69 69 69 69 69 69 69 69 69 69 69 69 69 69 69 69 69 69 69 69 -9999 -9999 -9999 -9999 -9999 -9999 -9999 -9999 -9999 -9999 -9999
