public/models/data/input/map/sulsel/1000/maphdi.asc
NCOLS 496
NROWS 622
XLLCORNER -95260.364462
YLLCORNER 9790791.912663
CELLSIZE 1000.000000
NODATA_VALUE       -9999
[rows 180 to 215 of 622, columns 243 to 323 of 496]
71 71 71 71 71 71 71 71 71 71 71 71 71 71 71 71 71 71 71 71 71 71 71 71 71 70.9856 70.6069 70.05 70.02 71.5038 71.9662 72 72 71.8562 71.5888 71.4987 70.4262 70.02 70.69 71.83 72 72 72 72 72 72 72 72 72 72 72 72 72 72 72 72 72 72 72 72 72 72 72 72 72 -9999 -9999 -9999 -9999 -9999 -9999 -9999 -9999 -9999 -9999 -9999 -9999 -9999 -9999 -9999 -9999
71 71 71 71 71 71 71 71 71 71 71 71 71 71 71 71 71 71 71 71 71 71 71 70.8913 70.7087 70.6019 70.2306 70 70 70.4187 71.5462 71.985 71.87 70.8587 70.1462 70.0113 70.0038 70 70.09 71.11 71.94 72 72 72 72 72 72 72 72 72 72 72 72 72 72 72 72 72 72 72 72 72 72 72 72 -9999 -9999 -9999 -9999 -9999 -9999 -9999 -9999 -9999 -9999 -9999 -9999 -9999 -9999 -9999 -9999
71 71 71 71 71 71 71 71 71 71 71 71 71 71 71 71 71 71 71 71 71 71 71 70.5762 70.1237 70.045 70 70 70 70.0475 70.6275 71.3925 70.9475 70.09 70 70 70 70 70 70.4013 71.6888 72 72 72 72 72 72 72 72 72 72 72 72 72 72 72 72 72 72 72 72 72 72 72 72 -9999 -9999 -9999 -9999 -9999 -9999 -9999 -9999 -9999 -9999 -9999 -9999 -9999 -9999 -9999 -9999
71 71 71 71 71 71 71 71 71 71 71 71 71 71 71 71 71 71 71 71 71 71 70.99 70.42 70.01 70 70 70 70 70 70.06 70.2025 70.0925 70 70 70 70 70 70 70.0338 71.4362 72 72 72 72 72 72 72 72 72 72 72 72 72 72 72 72 72 72 72 72 72 72 72 72 -9999 -9999 -9999 -9999 -9999 -9999 -9999 -9999 -9999 -9999 -9999 -9999 -9999 -9999 -9999 -9999
71 71 71 71 71 71 71 71 71 71 71 71 71 71 71 71 71 71 71 71 71 70.9956 70.7919 70.205 70 70 70 70 70 70 70 70 70 70 70 70 70 70 70 70 71.275 72 72 72 72 72 72 72 72 72 72 72 72 72 72 72 72 72 72 72 72 72 72 72 72 72 -9999 -9999 -9999 -9999 -9999 -9999 -9999 -9999 -9999 -9999 -9999 -9999 -9999 -9999 -9999
71 71 71 71 71 71 71 71 71 71 71 71 71 71 71 71 71 71 71 71 71 70.9381 70.4294 70.015 70 70 70 70 70 70 70 70 70 70 70 70 70 70 70 70 71.065 72 72 72 72 72 72 72 72 72 72 72 72 72 72 72 72 72 72 72 72 72 72 72 72 72 -9999 -9999 -9999 -9999 -9999 -9999 -9999 -9999 -9999 -9999 -9999 -9999 -9999 -9999 -9999
71 71 71 71 71 71 71 71 71 71 71 71 71 71 71 71 71 71 71 71 71 70.7975 70.105 70 70 70 70 70 70 70 70 70 70 70 70 70 70 70 70 70 70.435 71.79 72 72 72 72 72 72 72 72 72 72 72 72 72 72 72 72 72 72 72 72 72 72 72 72 -9999 -9999 -9999 -9999 -9999 -9999 -9999 -9999 -9999 -9999 -9999 -9999 -9999 -9999 -9999
71 71 71 71 71 71 71 71 71 71 71 71 71 71 71 71 71 71 71 71 71 70.4887 70.0038 70 70 70 70 70 70 70 70 70 70 70 70 70 70 70 70 70 70.045 70.595 71.835 72 72 72 72 72 72 72 72 72 72 72 72 72 72 72 72 72 72 72 72 72 72 72 -9999 -9999 -9999 -9999 -9999 -9999 -9999 -9999 -9999 -9999 -9999 -9999 -9999 -9999 -9999
71 71 71 71 71 71 71 71 71 71 71 71 71 71 71 71 71 71 71 71 70.9775 70.1 70 70 70 70 70 70 70 70 70 70 70 70 70 70 70 70 70 70 70 70.165 71.1325 71.7363 71.9362 72 72 72 72 72 72 72 72 72 72 72 72 72 72 72 72 72 72 72 72 72 -9999 -9999 -9999 -9999 -9999 -9999 -9999 -9999 -9999 -9999 -9999 -9999 -9999 -9999 -9999
71 71 71 71 71 71 71 71 71 71 71 71 71 71 71 71 71 71 71 71 70.7225 70 70 70 70 70 70 70 70 70 70 70 70 70 70 70 70 70 70 70 70 70 70.0225 70.4388 71.0488 71.81 72 72 72 72 72 72 72 72 72 72 72 72 72 72 72 72 72 72 72 72 -9999 -9999 -9999 -9999 -9999 -9999 -9999 -9999 -9999 -9999 -9999 -9999 -9999 -9999 -9999
71 71 71 71 71 71 71 71 71 71 71 71 71 71 71 71 71 71 71 70.8538 70.2613 70 70 70 70 70 70 70 70 70 70 70 70 70 70 70 70 70 70 70 70 70 70 70 70.04 70.6775 71.31 71.76 71.9775 72 72 72 72 72 72 72 72 72 72 72 72 72 72 72 72 72 -9999 -9999 -9999 -9999 -9999 -9999 -9999 -9999 -9999 -9999 -9999 -9999 -9999 -9999 -9999
71 71 71 71 71 71 71 71 71 71 71 71 71 71 71 71 71 70.99 70.85 70.3737 70.0313 70 70 70 70 70 70 70 70 70 70 70 70 70 70 70 70 70 70 70 70 70 70 70 70 70.0225 70.17 70.35 70.9025 71.86 72 72 72 72 72 72 72 72 72 72 72 72 72 72 72 72 -9999 -9999 -9999 -9999 -9999 -9999 -9999 -9999 -9999 -9999 -9999 -9999 -9999 -9999 -9999
71 71 71 71 71 71 71 71 71 71 71 71 71 71 71 71 71 70.9212 70.3637 70 70 70 70 70 70 70 70 70 70 70 70 70 70 70 70 70 70 70 70 70 70 70 70 70 70 70 70 70 70 70.185 71.085 71.7937 71.9812 72 72 72 72 72 72 72 72 72 72 72 72 72 -9999 -9999 -9999 -9999 -9999 -9999 -9999 -9999 -9999 -9999 -9999 -9999 -9999 -9999 -9999
71 71 71 71 71 71 71 71 71 71 71 71 71 71 71 71 71 70.9475 70.4425 70 70 70 70 70 70 70 70 70 70 70 70 70 70 70 70 70 70 70 70 70 70 70 70 70 70 70 70 70 70 70 70.09 70.6413 71.3838 71.67 71.57 71.5062 71.9187 71.9938 71.9063 71.925 72 72 72 72 72 -9999 -9999 -9999 -9999 -9999 -9999 -9999 -9999 -9999 -9999 -9999 -9999 -9999 -9999 -9999 -9999
71 71 71 71 71 71 71 71 71 71 71 71 71 71 71 71 71 70.9194 70.3581 70 70 70 70 70 70 70 70 70 70 70 70 70 70 70 70 70 70 70 70 70 70 70 70 70 70 70 70 70 70 70 70 70 70.24 70.47 70.235 69.1363 69.9463 70.1094 69.2719 69.9094 70.8094 71.5875 71.8875 72 72 -9999 -9999 -9999 -9999 -9999 -9999 -9999 -9999 -9999 -9999 -9999 -9999 -9999 -9999 -9999 -9999
71 71 71 71 71 71 71 71 71 71 71 71 71 70.725 70.68 70.7925 70.5525 70.5844 70.2231 70 70 70 70 70 70 70 70 70 70 70 70 70 70 70 70 70 70 70 70 70 70 70 70 70 70 70 70 70 70 70 70 70 70 70 69.955 69.025 67.6275 67.3719 67.1219 67.3281 67.6031 67.9125 68.6375 69.6875 70.7148 72 -9999 -9999 -9999 -9999 -9999 -9999 -9999 -9999 -9999 -9999 -9999 -9999 -9999 -9999 -9999
71 71 71 71 71 71 71 71 71 71 70.9912 70.9388 70.725 70.12 70 70.045 70.015 70 70 70 70 70 70 70 70 70 70 70 70 70 70 70 70 70 70 70 70 70 70 70 70 70 70 70 70 70 70 70 70 70 70 70 70 70 70 69.9775 67.855 67 67 67 67 67 67 67 67 67 67 -9999 -9999 -9999 -9999 -9999 -9999 -9999 -9999 -9999 -9999 -9999 -9999 -9999 -9999
71 71 71 71 71 71 71 71 71 70.99 70.7937 70.4262 70.075 70 70 70 70 70 70 70 70 70 70 70 70 70 70 70 70 70 70 70 70 70 70 70 70 70 70 70 70 70 70 70 70 70 70 70 70 70 70 70 70 69.9587 69.5912 69.1637 68.1288 67 67 67 67 67 67 67 67 67 67 67 67 -9999 -9999 -9999 -9999 -9999 -9999 -9999 -9999 -9999 -9999 -9999 -9999
71 71 71 71 71 71 71 71 71 70.9525 70.4675 70.01 70 70 70 70 70 70 70 70 70 70 70 70 70 70 70 70 70 70 70 70 70 70 70 70 70 70 70 70 70 70 70 70 70 70 70 70 70 70 70 70 70 69.2106 67.8419 67.3637 67.0713 67 67 67 67 67 67 67 67 67 67 67 67 -9999 -9999 -9999 -9999 -9999 -9999 -9999 -9999 -9999 -9999 -9999 -9999
71 71 71 71 71 71 71 71 71 70.955 70.465 70 70 70 70 70 70 70 70 70 70 70 70 70 70 70 70 70 70 70 70 70 70 70 70 70 70 70 70 70 70 70 70 70 70 70 70 70 70 70 70 70 69.64 67.4106 67.0169 67 67 67 67 67 67 67 67 67 67 67 67 67 67 -9999 -9999 -9999 -9999 -9999 -9999 -9999 -9999 -9999 -9999 -9999 -9999
71 71 71 71 71 71 71 71 71 71 70.975 70.435 70.02 70 70 70 70 70 70 70 70 70 70 70 70 70 70 70 70 70 70 70 70 70 70 70 70 70 70 70 70 70 70 70 70 70 70 70 70 70 70 69.955 68.005 67 67 67 67 67 67 67 67 67 67 67 67 67 67 67 67 -9999 -9999 -9999 -9999 -9999 -9999 -9999 -9999 -9999 -9999 -9999 -9999
71 71 71 71 71 71 71 71 71 71 71 70.6925 70.0975 70 70 70 70 70 70 70 70 70 70 70 70 70 70 70 70 70 70 70 70 70 70 70 70 70 70 70 70 69.9925 69.9325 69.955 70 69.7787 69.6438 69.9025 70 70 69.985 69.355 67.39 67 67 67 67 67 67 67 67 67 67 67 67 67 67 67 67 -9999 -9999 -9999 -9999 -9999 -9999 -9999 -9999 -9999 -9999 -9999 -9999
71 71 71 71 71 71 71 71 71 71 71 70.8163 70.1387 70 70 70 70 70 70 70 70 70 70 70 70 70 70 70 70 70 70 70 70 70 70 70 70 70 70 70 70 69.8181 68.6894 68.155 68.2 67.9788 67.8438 68.17 68.56 68.7063 68.4437 67.7125 67.075 67 67 67 67 67 67 67 67 67 67 67 67 67 67 67 67 -9999 -9999 -9999 -9999 -9999 -9999 -9999 -9999 -9999 -9999 -9999 -9999
71 71 71 71 71 71 71 71 71 71 71 70.9662 70.1988 70 70 70 70 70 70 70 70 70 70 70 70 70 70 70 70 70 70 70 70 70 70 70 70 70 70 70 70 69.6419 67.7256 67 67 67 67 67.0225 67.12 67.1687 67.0863 67.0075 67 67 67 67 67 67 67 67 67 67 67 67 67 67 67 67 67 -9999 -9999 -9999 -9999 -9999 -9999 -9999 -9999 -9999 -9999 -9999 -9999
71 71 71 71 71 71 71 71 71 71 71 71 70.38 70 70 70 70 70 70 70 70 70 70 70 70 70 70 70 70 70 70 70 70 70 70 70 70 70 70 70 70 69.19 67.09 67 67 67 67 67 67 67 67 67 67 67 67 67 67 67 67 67 67 67 67 67 67 67 67 67 67 -9999 -9999 -9999 -9999 -9999 -9999 -9999 -9999 -9999 -9999 -9999 -9999
71 71 71 71 71 71 71 71 71 71 71 71 70.455 70 70 70 70 70 70 70 70 70 70 70 70 70 70 70 70 70 70 70 70 70 70 70 70 70 70 70 70 68.08 67 67 67 67 67 67 67 67 67 67 67 67 67 67 67 67 67 67 67 67 67 67 67 67 67 67 67 -9999 -9999 -9999 -9999 -9999 -9999 -9999 -9999 -9999 -9999 -9999 -9999
71 71 71 71 71 71 71 71 71 71 71 71 70.5075 70 70 70 70 70 70 70 70 70 70 70 70 70 70 70 70 70 70 70 70 70 70 69.8988 69.6963 69.9775 70 70 69.595 67.18 67 67 67 67 67 67 67 67 67 67 67 67 67 67 67 67 67 67 67 67 67 67 67 67 67 67 -9999 -9999 -9999 -9999 -9999 -9999 -9999 -9999 -9999 -9999 -9999 -9999 -9999
70.8125 71 71 71 71 71 71 71 71 71 71 71 70.8575 70.02 70 70 70 70 70 70 70 70 70 70 70 70 70 70 70 70 70 70 70 70 70 69.1113 67.6937 67.765 68.5075 69.4975 68.4175 67 67 67 67 67 67 67 67 67 67 67 67 67 67 67 67 67 67 67 67 67 67 67 67 67 67 -9999 -9999 -9999 -9999 -9999 -9999 -9999 -9999 -9999 -9999 -9999 -9999 -9999 -9999
70 70.58 71 71 71 71 71 71 71 71 71 71 71 70.4925 70.2763 70.0606 70.0006 70 70 70 70 70 70 70 70 70 70 70 70 70 70 70 70 69.9962 69.5013 67.7125 67 67 67 67 67 67 67 67 67 67 67 67 67 67 67 67 67 67 67 67 67 67 67 67 67 67 67 67 67 -9999 -9999 -9999 -9999 -9999 -9999 -9999 -9999 -9999 -9999 -9999 -9999 -9999 -9999 -9999 -9999
70 70.2025 70.8175 70.99 71 71 71 71 71 71 71 71 71 71 70.9212 70.3344 70.0044 70 70 70 70 70 70 70 70 70 70 70 70 70 70 70 70 69.8538 68.4737 67.1125 67 67 67 67 67 67 67 67 67 67 67 67 67 67 67 67 67 67 67 67 67 67 67 67 67 67 67 67 67 -9999 -9999 -9999 -9999 -9999 -9999 -9999 -9999 -9999 -9999 -9999 -9999 -9999 -9999 -9999 -9999
70 70.0225 70.3225 70.855 71 71 71 71 71 71 71 71 71 70.9681 70.7019 70.1825 70.0025 70 70 70 70 70 70 70 70 70 70 70 70 70 70 70 70 69.3025 67.315 67 67 67 67 67 67 67 67 67 67 67 67 67 67 67 67 67 67 67 67 67 67 67 67 67 67 67 67 67 67 -9999 -9999 -9999 -9999 -9999 -9999 -9999 -9999 -9999 -9999 -9999 -9999 -9999 -9999 -9999 -9999
70 70 70.05 70.5975 70.9825 71 71 71 71 71 71 70.76 70.75 70.2994 70.1006 70.005 70 70 70 70 70 70 70 70 70 70 70 70 70 70 70 70 70 68.3425 67 67 67 67 67 67 67 67 67 67 67 67 67 67 67 67 67 67 67 67 67 67 67 67 67 67 67 67 67 67 -9999 -9999 -9999 -9999 -9999 67 -9999 -9999 -9999 -9999 -9999 -9999 -9999 -9999 -9999 -9999 -9999
70 70 70 70.18 70.68 70.86 70.8175 70.8906 70.8744 70.425 70.365 70.2 70 70 70 70 70 70 70 70 70 70 70 70 70 70 70 70 70 70 70 70 69.145 67.12 67 67 67 67 67 67 67 67 67 67 67 67 67 67 67 67 67 67 67 67 67 67 67 67 67 67 67 67 67 -9999 -9999 -9999 -9999 -9999 -9999 -9999 -9999 -9999 -9999 -9999 -9999 -9999 -9999 -9999 -9999 -9999 -9999
70 70 70 70 70.03 70.18 70.0525 70.2719 70.2531 70 70 70 70 70 70 70 70 70 70 70 70 70 70 70 70 70 70 70 70 70 70 70 68.77 67 67 67 67 67 67 67 67 67 67 67 67 67 67 67 67 67 67 67 67 67 67 67 67 67 67 67 67 67 -9999 -9999 -9999 -9999 -9999 -9999 -9999 -9999 -9999 -9999 -9999 -9999 -9999 -9999 -9999 -9999 -9999 -9999 -9999
70 70 70 70 70 70 70 70 70 70 70 70 70 70 70 70 70 70 70 70 70 70 70 70 70 70 70 70 70 70 70 70 69.5575 67.0225 67 67 67 67 67 67 67 67 67 67 67 67 67 67 67 67 67 67 67 67 67 67 67 67 67 67 67 67 -9999 -9999 -9999 -9999 -9999 -9999 -9999 -9999 -9999 -9999 -9999 -9999 -9999 -9999 -9999 -9999 -9999 -9999 -9999
70 70 70 70 70 70 70 70 70 70 70 70 70 70 70 70 70 70 70 70 70 70 70 70 70 70 70 70 70 69.6775 69.5875 69.8575 69.205 67.0675 67 67 67 67 67 67 67 67 67 67 67 67 67 67 67 67 67 67 67 67 67 67 67 67 67 67 67 -9999 -9999 -9999 -9999 -9999 -9999 -9999 -9999 -9999 -9999 -9999 -9999 -9999 -9999 -9999 -9999 -9999 -9999 -9999 -9999
