public/models/data/input/map/sulsel/1000/mappop.asc
NCOLS 496
NROWS 622
XLLCORNER -95260.364462
YLLCORNER 9790791.912663
CELLSIZE 1000.000000
NODATA_VALUE       -9999
[rows 384 to 415 of 622, columns 213 to 283 of 496]
312056 312056 312056 312056 312056 312056 312056 243555 213749 211871 211871 211871 211871 211871 211871 211871 211871 211871 211871 211871 211871 211871 211871 211871 211871 211871 211871 211871 211871 211871 211871 211871 211871 211871 211871 211871 211871 211871 211871 211871 211871 210101 186419 180400 180400 178870 165152 157726 157726 157726 157726 157726 157726 157726 157726 157726 157726 157726 157726 157726 157726 157726 157726 157726 157726 157726 157726 157726 157726 157726 157726
312056 312056 312056 312056 312056 312056 312056 295901 254825 225897 212121 211871 211871 211871 211871 211871 211871 211871 211871 211871 211871 211871 211871 211871 211871 211871 211871 211871 211871 211871 211871 211871 211871 211871 211871 211871 211871 211871 211871 211871 211871 211517 195073 180872 180400 180400 176205 159653 157726 157726 157726 157726 157726 157726 157726 157726 157726 157726 157726 157726 157726 157726 157726 157726 157726 157726 157726 157726 157726 157726 157726
312056 312056 312056 312056 312056 312056 312056 312056 309301 268538 218320 211871 211871 211871 211871 211871 211871 211871 211871 211871 211871 211871 211871 211871 211871 211871 211871 211871 211871 211871 211871 211871 211871 211871 211871 211871 211871 211871 211871 211871 211871 211871 233209 180872 180400 180400 180287 168326 161892 164826 165846 159767 157726 157726 157726 157726 157726 157726 157726 157726 157726 157726 157726 157726 157726 157726 157726 157726 157726 157726 157726
312056 312056 312056 312056 312056 312056 312056 312056 312056 305481 238733 211871 211871 211871 211871 211871 211871 211871 211871 211871 211871 211871 211871 211871 211871 211871 211871 211871 211871 211871 211871 211871 211871 211871 211871 211871 211871 211871 211871 211871 213097 239760 293616 180400 180400 180400 180400 178756 177254 178232 178572 175695 167419 159086 157726 157726 157726 157726 157726 157726 157726 157726 157726 157726 157726 157726 157726 157726 157726 157726 157726
312056 312056 312056 312056 312056 312056 312056 312056 312056 310741 248251 211871 211871 211871 211871 211871 211871 211871 211871 211871 211871 211871 211871 211871 211871 211871 211871 211871 211871 211871 211871 211871 211871 211871 211871 211871 211871 211871 211871 214476 261979 327139 288434 180400 180400 180400 180400 180400 180400 180400 180400 180400 177537 163933 157726 157726 157726 157726 157726 157726 157726 157726 157726 157726 157726 157726 157726 157726 157726 157726 157726
312056 312056 312056 312056 312056 312056 312056 311305 303540 280059 225584 211871 211871 211871 211871 211871 211871 211871 211871 211871 211871 211871 211871 211871 211871 211871 211871 211871 211871 211871 211871 211871 211871 211871 211871 211871 211871 211871 211871 233477 309175 313083 223729 180400 180400 180400 180400 180400 180400 180400 180400 180400 178614 167391 158520 157726 157726 157726 157726 157726 157726 157726 157726 157726 157726 157726 157726 157726 157726 157726 157726
312056 312056 312056 312056 312056 312056 312056 310929 286258 232346 212810 211871 211871 211871 211871 211871 211871 211871 211871 211871 211871 211871 211871 211871 211871 211871 211871 211871 211871 211871 211871 211871 211871 211871 211871 211871 219226 252325 278069 300134 332620 265421 188199 180400 180400 180400 180400 180400 180400 180400 180400 180400 180400 177084 162516 157726 157726 157726 157726 157726 157726 157726 157726 157726 157726 157726 157726 157726 157726 157726 157726
312056 312056 312056 312056 312056 312056 312056 311931 305353 264193 218063 211871 211871 211871 211871 211871 211871 211871 211871 211871 211871 211871 211871 211871 211871 211871 211871 211871 211871 211871 211871 211871 211871 211871 211871 230566 291247 323426 332007 334459 325215 234802 181074 180400 180400 180400 180400 180400 180400 180400 180400 180400 180400 180315 176290 160447 157726 157726 157726 157726 157726 157726 157726 157726 157726 157726 157726 157726 157726 157726 157726
317489 314968 313960 316201 317433 318945 322193 328746 331547 320108 235469 211871 211871 211871 211871 211871 211871 211871 211871 211871 211871 211871 211871 211871 211871 211871 211871 211871 211871 211871 211871 211871 211871 211871 225049 314845 334459 334459 334459 322038 249053 190414 180400 180400 180400 180400 180400 180400 180400 180400 180400 180400 180400 180400 180400 168354 157981 157726 157726 157726 157726 157726 157726 157726 157726 157726 157726 157726 157726 157726 157726
333787 329754 326730 333451 334459 334459 334459 334459 334459 334459 265197 211871 211871 211871 211871 211871 211871 211871 211871 211871 211871 211871 211871 211871 211871 211871 211871 211871 211871 211871 211871 211871 211871 225662 291553 334459 334459 334459 334459 278709 183000 180400 180400 180400 180400 180400 180400 180400 180400 180400 180400 180400 180400 180400 180400 176744 163876 158179 157726 157726 157726 157726 157726 157726 157726 157726 157726 157726 157726 157726 157726
334459 334459 334459 334459 334459 334459 334459 334459 334459 309635 245889 211871 211871 211871 211871 211871 211871 211871 211871 211871 211871 211871 211871 211871 211871 211871 211871 211871 211871 211871 211871 211871 217387 271863 328100 334459 334459 334459 304418 208516 180400 180400 180400 180400 180400 180400 180400 180400 180400 180400 180400 180400 180400 180400 180400 180230 175865 163409 157939 157726 157726 157726 157726 157726 157726 157726 157726 157726 157726 157726 157726
334459 334459 334459 334459 334459 334459 334459 334459 330168 265810 221065 216775 211871 211871 211871 211871 211871 211871 211871 211871 211871 211871 211871 211871 211871 211871 211871 211871 211871 211871 211871 212790 250793 320438 334076 334459 334459 334459 250497 180785 180400 180400 180400 180400 180400 180400 180400 180400 180400 180400 180400 180400 180400 180400 180400 180400 180117 174207 160291 157726 157726 157726 157726 157726 157726 157726 157726 157726 157726 157726 157726
334459 334459 334459 334459 334459 334459 334459 334459 321587 310554 330781 299905 233247 211871 211871 211871 211871 211871 211871 211871 211871 211871 211871 211871 211871 211871 211871 211871 211871 211871 211871 229570 308486 334459 334459 334459 332726 315683 213234 180400 180400 180400 180400 180400 180400 180400 180400 180400 180400 180400 180400 180400 180400 180400 180400 180400 180400 180400 176772 159880 157726 157726 157726 157726 157726 157726 157726 157726 157726 157726 157726
334459 334459 334459 334459 334459 334459 334459 334459 334459 334459 334459 325035 257152 211871 211871 211871 211871 211871 211871 211871 211871 211871 211871 211871 211871 211871 211871 211871 211871 211871 211871 255773 333769 334459 334459 332918 301914 225366 184155 180400 180400 180400 180400 180400 180400 180400 180400 180400 180400 180400 180400 180400 180400 180400 180400 180400 180400 180400 180400 170168 158321 157726 157726 157726 157726 157726 157726 157726 157726 157726 157726
334459 334459 334459 334459 334459 334459 334459 334459 334459 334459 334459 325725 259221 211871 211871 211871 211871 211871 211871 211871 211871 211871 211871 211871 211871 211871 211871 211871 211871 211871 211871 291860 334459 334459 334459 327719 254541 182326 180400 180400 180400 180400 180400 180400 180400 180400 180400 180400 180400 180400 180400 180400 180400 180400 180400 180400 180400 180400 180400 176503 159979 157726 157726 157726 157726 157726 157726 157726 157726 157726 157726
334459 334459 334459 334459 334459 334459 334459 334459 334459 334459 334459 331701 277149 211871 249873 297070 271939 222291 211871 211871 211871 211871 211871 211871 211871 211871 211871 211871 211871 211871 213097 316377 334459 334459 334459 317705 222574 180400 180400 180400 180400 180400 180400 180400 180400 180400 180400 180400 180400 180400 180400 180400 180400 180400 180400 180400 180400 180400 180400 177977 164061 157726 157726 157726 157726 157726 157726 157726 157726 157726 157726
334459 334459 334459 334459 334459 334459 334459 334459 334459 334459 334459 334459 306570 276230 324346 334459 311014 237461 211871 211871 211871 211871 211871 211871 211871 211871 211871 211871 211871 221985 290021 334459 334459 325793 328874 307788 192821 180400 180400 180400 180400 180400 180400 180400 180400 180400 180400 180400 180400 180400 180400 180400 180400 180400 180400 180400 180400 180400 180400 179536 168765 157754 157726 157726 157726 157726 157726 157726 157726 157726 157726
334459 334459 334459 334459 334459 334459 334459 334459 334459 334459 334459 334459 333540 333540 334459 334459 310708 237155 211871 211871 211871 211871 211871 211871 211871 211871 211871 211871 214936 265963 326951 334459 334459 304418 273221 276783 189932 180400 180400 180400 180400 180400 180400 180400 180400 180400 180400 180400 180400 180400 180400 180400 180400 180400 180400 180400 180400 180400 180400 180187 171175 158208 157726 157726 157726 157726 157726 157726 157726 157726 157726
334459 334459 334459 334459 334459 334459 334459 334459 334459 334459 334459 334459 334459 334459 334459 334459 297836 224283 211871 211871 211871 211871 211871 211871 211871 211871 211871 211871 221372 294465 334306 334459 334459 330415 251845 201968 187333 180400 180400 180400 180400 180400 180400 180400 180400 180400 180400 180400 180400 180400 180400 180400 180400 180400 180400 180400 180400 180400 180400 180400 173003 159398 157726 157726 157726 157726 157726 157726 157726 157726 157726
334459 334459 334459 334459 334459 334459 334459 334459 334459 334459 334459 334459 334459 334459 334459 334459 306111 232558 211871 211871 211871 211871 211871 211871 211871 211871 211871 214016 249260 316377 334459 334459 334459 334459 253963 180400 180400 180400 180400 180400 180400 180400 180400 180400 180400 180400 180400 180400 180400 180400 180400 180400 180400 180400 180400 180400 180400 180400 180400 180400 174476 160872 157726 157726 157726 157726 157726 157726 157726 157726 157726
334459 334459 334459 334459 334459 334459 334459 334459 334459 334459 334459 334459 334459 334459 334459 334459 330781 296763 253244 214936 211871 211871 211871 211871 211871 211871 211871 232481 304348 334459 334459 334459 334459 324638 223344 194650 185985 181363 180400 180400 180400 180400 180400 180400 180400 180400 180400 180400 180400 180400 180400 180400 180400 180400 180400 180400 180400 180400 180400 180400 174646 161042 157726 157726 157726 157726 157726 157726 157726 157726 157726
334459 334459 334459 334459 334459 334459 334459 334459 334459 334459 334459 334459 334459 334459 334459 334459 334459 334459 330781 265503 235776 221065 212177 211871 214936 214936 228420 290557 324116 334459 334459 334459 334459 325793 294596 284775 256852 225655 224692 188873 180400 180400 180400 180400 180400 180400 180400 180400 180400 180400 180400 180400 180400 180400 180400 180400 180400 180400 180400 180372 174845 161326 157726 157726 157726 157726 157726 157726 157726 157726 157726
334459 334459 334459 334459 334459 334459 334459 334459 334459 334459 334459 334459 334459 334459 334459 334459 334459 334459 334459 329862 309328 291170 265273 264507 262515 262515 295767 334459 334459 334459 334459 334459 334459 334459 334459 334459 332533 315202 317127 232780 180400 180400 -9999 -9999 -9999 -9999 -9999 180400 180400 180400 180400 180400 180400 180400 180400 180400 180400 180400 180400 180372 172804 159285 157726 157726 157726 157726 157726 157726 157726 157726 157726
334459 334459 334459 334459 334459 334459 334459 334459 334459 334459 334459 334459 334459 334459 334459 334459 334459 334459 334459 334459 334459 333310 327640 327487 325801 325801 332390 334459 334459 334459 334459 334459 334459 334459 334459 334459 334459 334459 334459 273914 180400 -9999 -9999 -9999 -9999 -9999 -9999 -9999 -9999 -9999 -9999 180400 180400 180400 180400 180400 180400 180400 180400 180400 173399 159795 157726 157726 157726 157726 157726 157726 157726 -9999 -9999
334459 334459 334459 334459 334459 334459 334459 334459 334459 334459 334459 334459 334459 334459 334459 334459 334459 334459 334459 334459 334459 334459 334459 334459 334459 334459 334459 334459 334459 334459 334459 334459 334459 334459 334459 334459 334459 334459 334459 334459 -9999 -9999 -9999 -9999 -9999 -9999 -9999 -9999 -9999 -9999 -9999 -9999 -9999 -9999 -9999 180400 180400 180400 180400 180400 174354 160749 157726 157726 157726 157726 157726 -9999 -9999 -9999 -9999
334459 334459 334459 334459 334459 334459 334459 334459 334459 334459 334459 334459 334459 334459 334459 334459 334459 334459 334459 334459 334459 334459 334459 334459 334459 334459 334459 334459 334459 334459 334459 334459 334459 334459 334459 334459 334459 334459 334459 -9999 -9999 -9999 -9999 -9999 -9999 -9999 -9999 -9999 -9999 -9999 -9999 -9999 -9999 -9999 -9999 -9999 -9999 -9999 -9999 -9999 -9999 -9999 157726 -9999 -9999 -9999 -9999 -9999 -9999 -9999 -9999
334459 334459 334459 334459 334459 334459 334459 334459 334459 334459 334459 334459 334459 334459 334459 334459 334459 334459 334459 334459 334459 334459 334459 334459 334459 334459 334459 334459 334459 334459 334459 334459 334459 334459 334459 334459 334459 334459 -9999 -9999 -9999 -9999 -9999 -9999 -9999 -9999 -9999 -9999 -9999 -9999 -9999 -9999 -9999 -9999 -9999 -9999 -9999 -9999 -9999 -9999 -9999 -9999 -9999 -9999 -9999 -9999 -9999 -9999 -9999 -9999 -9999
334459 334459 334459 334459 334459 334459 334459 334459 334459 334459 334459 334459 334459 334459 334459 334459 334459 334459 334459 334459 334459 334459 334459 334459 334459 334459 334459 334459 334459 334459 334459 334459 334459 334459 334459 334459 334459 -9999 -9999 -9999 -9999 -9999 -9999 -9999 -9999 -9999 -9999 -9999 -9999 -9999 -9999 -9999 -9999 -9999 -9999 -9999 -9999 -9999 -9999 -9999 -9999 -9999 -9999 -9999 -9999 -9999 -9999 -9999 -9999 -9999 -9999
334459 334459 334459 334459 334459 334459 334459 334459 334459 334459 334459 334459 334459 334459 334459 334459 334459 334459 334459 334459 334459 334459 334459 334459 334459 334459 334459 334459 334459 334459 334459 334459 334459 334459 334459 -9999 -9999 -9999 -9999 -9999 -9999 -9999 -9999 -9999 -9999 -9999 -9999 -9999 -9999 -9999 -9999 -9999 -9999 -9999 -9999 -9999 -9999 -9999 -9999 -9999 -9999 -9999 -9999 -9999 -9999 -9999 -9999 -9999 -9999 -9999 -9999
334459 334459 334459 334459 334459 -9999 -9999 334459 334459 334459 334459 334459 334459 334459 334459 334459 334459 334459 334459 334459 334459 334459 334459 334459 334459 334459 334459 334459 334459 334459 334459 334459 334459 334459 334459 -9999 -9999 -9999 -9999 -9999 -9999 -9999 -9999 -9999 -9999 -9999 -9999 -9999 -9999 -9999 -9999 -9999 -9999 -9999 -9999 -9999 -9999 -9999 -9999 -9999 -9999 -9999 -9999 -9999 -9999 -9999 -9999 -9999 -9999 -9999 -9999
334459 334459 334459 334459 334459 -9999 -9999 -9999 -9999 -9999 -9999 334459 334459 334459 334459 334459 334459 334459 334459 334459 334459 334459 334459 334459 334459 334459 334459 334459 334459 334459 334459 334459 334459 334459 334459 -9999 -9999 -9999 -9999 -9999 -9999 -9999 -9999 -9999 -9999 -9999 -9999 -9999 -9999 -9999 -9999 -9999 -9999 -9999 -9999 -9999 -9999 -9999 -9999 -9999 -9999 -9999 -9999 -9999 -9999 -9999 -9999 -9999 -9999 -9999 -9999
334459 334459 334459 334459 334459 334459 334459 -9999 -9999 -9999 -9999 334459 334459 334459 334459 334459 334459 334459 334459 334459 334459 334459 334459 334459 334459 334459 334459 334459 334459 334459 334459 334459 334459 334459 -9999 -9999 -9999 -9999 -9999 -9999 -9999 -9999 -9999 -9999 -9999 -9999 -9999 -9999 -9999 -9999 -9999 -9999 -9999 -9999 -9999 -9999 -9999 -9999 -9999 -9999 -9999 -9999 -9999 -9999 -9999 -9999 -9999 -9999 -9999 -9999 -9999
