public/models/data/input/map/sulsel/1000/mappop.asc
NCOLS 496
NROWS 622
XLLCORNER -95260.364462
YLLCORNER 9790791.912663
CELLSIZE 1000.000000
NODATA_VALUE       -9999
[rows 224 to 255 of 622, columns 213 to 283 of 496]
111961 111961 111961 111961 111961 111961 111961 111961 111961 111961 111961 111961 111961 111961 112078 113644 113696 113696 113696 113696 113696 113696 113696 113696 113696 113696 113696 113696 113696 113696 113696 113696 113696 113696 113696 113696 113696 113696 113696 113696 115991 122383 115827 113696 113696 113696 113696 113696 113696 113696 113696 165163 228103 244821 244821 244821 244821 244821 244821 244821 244821 244821 244821 244821 244821 244821 244821 244821 244821 244821 244821
111961 111961 111961 111961 111961 111961 111961 111961 111961 111961 111961 111961 111961 112117 112807 113696 113696 113696 113696 113696 113696 113696 113696 113696 113696 113696 113696 113696 113696 113696 113696 113696 113696 113696 113696 113696 113696 113696 113696 119269 158279 191715 159262 130251 124678 136971 148772 153034 155328 149428 139921 229086 244821 244821 244821 244821 244821 244821 244821 244821 244821 244821 244821 244821 244821 244821 244821 244821 244821 244821 244821
111961 111961 111961 111961 111961 111961 111961 111961 111961 111961 111961 111961 112026 112787 113594 113696 113696 113696 113696 113696 113696 113696 113696 113696 113696 113696 113696 113696 113696 113696 113696 113696 113696 113696 113696 113696 113696 113696 113696 158606 230069 244329 231545 208926 203353 215646 227447 231709 234003 228103 218596 242854 244821 244821 244821 244821 244821 244821 244821 244821 244821 244821 244821 244821 244821 244821 244821 244821 244821 244821 244821
111961 111961 111961 111961 111961 111961 111961 111961 111961 111961 111961 111965 112429 113451 113694 113696 113696 113696 113696 113696 113696 113696 113696 113696 113696 113696 113696 113696 113696 113696 113696 113696 113696 113696 113696 113696 113696 113696 129431 230397 244821 244821 244821 244821 244821 244821 244821 244821 244821 244821 244821 244821 244821 244821 244821 244821 244821 244821 244821 244821 244821 244821 244821 244821 244821 244821 244821 244821 244821 244821 244821
-9999 111961 111961 111961 111961 111961 111961 111961 111961 111961 120007 170557 122869 113696 113696 113696 113696 113696 113696 113696 113696 113696 113696 113696 113696 113696 113696 113696 113696 113696 113696 113696 113696 113696 113696 113696 113696 119105 198108 244821 244821 244821 244821 244821 244821 244821 244821 244821 244821 244821 244821 244821 244821 244821 244821 244821 244821 244821 244821 244821 244821 244821 244821 244821 244821 244821 244821 244821 244821 244821 244821
-9999 111961 111961 111961 111961 111961 111961 111961 111961 144718 282641 459584 217607 113696 113696 113696 113696 113696 113696 113696 113696 113696 113696 113696 113696 113696 113696 113696 113696 113696 113696 113696 113696 113696 113696 113696 113696 140741 223677 244821 244821 244821 244821 244821 244821 244821 244821 244821 244821 244821 244821 244821 244821 244821 244821 244821 244821 244821 244821 244821 244821 244821 244821 244821 244821 244821 244821 244821 244821 244821 244821
-9999 111961 111961 111961 111961 111961 111961 119539 188901 375343 534351 560255 415982 175527 113696 113696 113696 113696 113696 113696 113696 113696 113696 113696 113696 113696 113696 113696 113696 113696 113696 113696 113696 113696 113696 113696 113696 139265 212368 244821 244821 244821 244821 244821 244821 244821 244821 244821 244821 244821 244821 244821 244821 244821 244821 244821 244821 244821 244821 244821 244821 244821 244821 244821 244821 244821 244821 244821 244821 244821 244821
-9999 111961 111961 111961 111961 111961 111961 486324 505403 556631 571705 571705 555675 390791 150337 113696 113696 113696 113696 113696 113696 113696 113696 113696 113696 113696 113696 113696 113696 113696 113696 113696 113696 113696 113696 113696 113696 119597 168441 236954 244821 244821 244821 244821 244821 244821 244821 244821 244821 244821 244821 244821 244821 244821 244821 244821 244821 244821 244821 244821 244821 244821 244821 244821 244821 244821 244821 244821 244821 244821 244821
-9999 -9999 111961 111961 111961 111961 -9999 571705 571705 571705 571705 571705 571705 547660 351861 113696 113696 113696 113696 113696 113696 113696 113696 113696 113696 113696 113696 113696 113696 113696 113696 113696 113696 113696 113696 113696 113696 144920 213597 209089 243838 244821 244821 244821 244821 244821 244821 244821 244821 244821 244821 244821 244821 244821 244821 244821 244821 244821 244821 244821 244821 244821 244821 244821 244821 244821 244821 244821 244821 244821 244821
-9999 -9999 111961 111961 111961 111961 479756 571705 571705 571705 571705 571705 571705 571705 444608 113696 113696 113696 113696 113696 113696 113696 113696 113696 113696 113696 113696 113696 113696 113696 113696 113696 113696 113696 113696 113696 113696 122301 173932 244821 244821 244821 244821 244821 244821 244821 244821 244821 244821 244821 244821 244821 244821 244821 244821 244821 244821 244821 244821 244821 244821 244821 244821 244821 244821 244821 244821 244821 244821 244821 244821
-9999 -9999 111961 111961 111961 111961 529910 571705 571705 571705 571705 571705 571705 571705 379341 134306 113696 113696 113696 113696 113696 113696 113696 113696 113696 113696 113696 113696 113696 113696 113696 113696 113696 113696 113696 113696 113696 123776 177374 244821 244821 244821 244821 244821 244821 244821 244821 244821 244821 244821 244821 244821 244821 244821 244821 244821 244821 244821 244821 244821 244821 244821 244821 244821 244821 244821 244821 244821 244821 244821 244821
-9999 -9999 111961 111961 111961 111961 571705 571705 571705 571705 571705 571705 571705 571705 535064 363311 113696 113696 113696 113696 113696 113696 113696 113696 113696 113696 113696 113696 113696 113696 113696 113696 113696 113696 113696 114024 127792 132955 178685 244821 244821 244821 244821 244821 244821 244821 244821 244821 244821 244821 244821 244821 244821 244821 244821 244821 244821 244821 244821 244821 244821 244821 244821 244821 244821 244821 244821 244821 244821 244821 244821
-9999 -9999 111961 111961 111961 -9999 -9999 571705 571705 571705 571705 571705 571705 571705 571705 389646 113696 113696 113696 113696 113696 113696 113696 113696 113696 113696 113696 113696 113696 113696 113696 113696 113696 113696 113696 117302 170244 181799 207041 244821 244821 244821 244821 244821 244821 244821 244821 244821 244821 244821 244821 244821 244821 244821 244821 244821 244821 244821 244821 244821 244821 244821 244821 244821 244821 244821 244821 244821 244821 244821 244821
-9999 -9999 111961 111961 111961 -9999 -9999 571705 571705 571705 571705 571705 571705 571705 571705 366746 113696 113696 113696 113696 113696 113696 113696 113696 113696 113696 113696 113696 113696 113696 113696 113696 113696 113696 113696 114679 152870 175243 221137 244821 244821 244821 244821 244821 244821 244821 244821 244821 244821 244821 244821 244821 244821 244821 244821 244821 244821 244821 244821 244821 244821 244821 244821 244821 244821 244821 244821 244821 244821 244821 244821
-9999 -9999 -9999 111961 111961 -9999 571705 571705 571705 571705 571705 571705 571705 571705 571705 359876 113696 113696 113696 113696 113696 113696 113696 113696 113696 113696 113696 113696 113696 113696 113696 113696 113696 113696 113696 113696 144019 214334 242035 244821 244821 244821 244821 244821 244821 244821 244821 244821 244821 244821 244821 244821 244821 244821 244821 244821 244821 244821 244821 244821 244821 244821 244821 244821 244821 244821 244821 244821 244821 244821 244821
-9999 -9999 -9999 -9999 -9999 -9999 571705 571705 571705 571705 571705 571705 571705 571705 571705 494989 244229 113696 113696 113696 113696 113696 113696 113696 113696 113696 113696 113696 113696 113696 113696 113696 113696 113696 113696 113696 118121 175161 237609 244821 244821 244821 244821 244821 244821 244821 244821 244821 244821 244821 244821 244821 244821 244821 244821 244821 244821 244821 244821 244821 244821 244821 244821 244821 244821 244821 244821 244821 244821 244821 244821
-9999 -9999 -9999 -9999 -9999 246402 329019 530970 564996 571705 570079 552593 544054 561133 571298 571705 411974 137169 113696 113696 113696 113696 113696 113696 113696 113696 113696 113696 113696 113696 113696 113696 113696 113696 113696 113696 113696 121809 196387 244821 244821 244821 244821 244821 244821 244821 244821 244821 244821 244821 244821 244821 244821 244821 244821 244821 244821 244821 244821 244821 244821 244821 244821 244821 244821 244821 244821 244821 244821 244821 244821
-9999 -9999 -9999 -9999 -9999 246402 246402 329964 426335 456222 443210 384249 358632 409867 440364 450530 443557 230935 117345 113696 113696 113696 113696 113696 113696 113696 113696 113696 113696 113696 113696 113696 113696 113696 113696 113696 118613 174423 237199 244821 244821 244821 244821 244821 244821 244821 244821 244821 244821 244821 244821 244821 244821 244821 244821 244821 244821 244821 244821 244821 244821 244821 244821 244821 244821 244821 244821 244821 244821 244821 244821
-9999 -9999 -9999 -9999 -9999 246402 246402 246402 251282 261041 252908 246402 246402 246402 246402 255348 287878 218492 126054 113696 113696 113696 113696 113696 113696 113696 113696 113696 113696 113696 113696 113696 113696 113696 113696 113696 134840 213515 244821 244821 244821 244821 244821 244821 244821 244821 244821 244821 244821 244821 244821 244821 244821 244821 244821 244821 244821 244821 244821 244821 244821 244821 244821 244821 244821 244821 244821 244821 244821 244821 244821
-9999 -9999 -9999 -9999 -9999 246402 246402 246402 246402 246402 246402 246402 246402 246402 246402 246402 246402 219280 131197 113696 113696 113696 113696 113696 113696 113696 113696 113696 113696 113696 113696 113696 113696 113696 113696 113696 139429 218104 244821 244821 244821 244821 244821 244821 244821 244821 244821 244821 244821 244821 244821 244821 244821 244821 244821 244821 244821 244821 244821 244821 244821 244821 244821 244821 244821 244821 244821 244821 244821 244821 244821
-9999 -9999 -9999 -9999 246402 246402 246402 246402 246402 246402 246402 246402 246402 246402 246402 246402 246402 246402 206590 129372 113945 113696 113696 113696 113696 113696 113696 126228 169913 203213 214671 427363 567725 370072 218252 154516 171655 247872 247582 244821 244821 244821 244821 244821 244821 244821 244821 244821 244821 244821 244821 244821 244821 244821 244821 244821 244821 244821 244821 244821 244821 244821 244821 244821 244821 244821 244821 244821 244821 244821 244821
-9999 -9999 -9999 -9999 -9999 246402 246402 246402 246402 246402 246402 246402 246402 246402 246402 246402 246402 246402 246402 208166 129372 113696 113696 113696 113696 113696 113696 248687 511508 611409 645783 686603 686603 686603 617854 465318 445929 449311 362445 269119 244821 244821 244821 244821 244821 244821 244821 244821 244821 244821 244821 244821 244821 244821 244821 244821 244821 244821 244821 244821 244821 244821 244821 244821 244821 244821 244821 244821 244821 244821 244821
-9999 -9999 -9999 -9999 -9999 -9999 246402 246402 246402 246402 246402 246402 246402 246402 246402 246402 246402 246402 246402 240762 186850 124147 113696 113696 165258 239377 181371 291655 683380 686603 686603 686603 686603 686603 686603 686603 686603 650156 619231 507681 334282 244821 244821 244821 244821 244821 244821 244821 244821 244821 244821 244821 244821 244821 244821 244821 244821 244821 244821 244821 244821 244821 244821 244821 244821 244821 244821 244821 244821 244821 244821
-9999 -9999 -9999 -9999 -9999 -9999 246402 246402 246402 246402 246402 246402 246402 246402 246402 246402 246402 246402 246402 246402 263691 390313 474627 344291 421634 613915 543018 416979 672638 686603 686603 686603 686603 686603 686603 686603 686603 686603 686603 646843 435892 296730 248134 244821 244821 244821 244821 244821 244821 244821 244821 244821 244821 244821 244821 244821 244821 244821 244821 244821 244821 244821 244821 244821 244821 244821 244821 244821 244821 244821 244821
-9999 -9999 -9999 -9999 246402 246402 246402 246402 246402 246402 246402 246402 246402 246402 246402 246402 246402 246402 246402 303628 505020 666794 686603 686603 686603 686603 686603 686603 686603 686603 686603 686603 686603 686603 686603 686603 686603 686603 686603 686603 678872 479242 266634 244821 244821 244821 244821 244821 244821 244821 244821 244821 244821 244821 244821 244821 244821 244821 244821 244821 244821 244821 244821 244821 244821 244821 244821 244821 244821 244821 244821
-9999 -9999 -9999 -9999 246402 246402 246402 246402 246402 246402 246402 246402 246402 246402 246402 246402 246402 246402 246402 502819 686603 686603 686603 686603 686603 686603 686603 686603 686603 686603 686603 686603 686603 686603 686603 686603 686603 686603 686603 686051 610948 354990 247306 244821 244821 244821 244821 244821 244821 244821 244821 244821 244821 244821 244821 244821 244821 244821 244821 244821 244821 244821 244821 244821 244821 244821 244821 244821 244821 244821 244821
-9999 -9999 -9999 -9999 -9999 -9999 246402 246402 246402 246402 246402 246402 246402 246402 246402 246402 246402 246402 246402 532533 686603 686603 686603 686603 686603 686603 686603 686603 686603 686603 686603 686603 686603 686603 686603 686603 686603 686603 686603 644634 415459 266358 244821 244821 244821 244821 244821 244821 244821 244821 244821 244821 244821 244821 244821 244821 244821 244821 244821 244821 244821 244821 244821 244821 244821 244821 244821 244821 244821 244821 244821
-9999 -9999 -9999 -9999 -9999 -9999 -9999 246402 246402 246402 246402 246402 246402 246402 246402 246402 246402 246402 246402 495116 686603 686603 686603 686603 686603 686603 686603 686603 686603 686603 686603 686603 686603 686603 686603 686603 686603 686603 686603 641873 379565 245373 244821 244821 244821 244821 244821 244821 244821 244821 244821 244821 244821 244821 244821 244821 244821 244821 244821 244821 244821 244821 244821 244821 244821 244821 244821 244821 244821 244821 244821
-9999 -9999 -9999 -9999 -9999 -9999 246402 246402 246402 246402 246402 246402 246402 246402 246402 246402 246402 246402 246402 523178 671746 686603 686603 686603 686603 686603 686603 686603 686603 686603 686603 686603 686603 686603 686603 686603 686603 686603 686603 654574 428713 281268 268567 273537 244821 244821 244821 244821 244821 244821 244821 244821 244821 244821 244821 244821 244821 244821 244821 244821 244821 244821 244821 244821 244821 244821 244821 244821 244821 244821 244821
-9999 -9999 -9999 -9999 -9999 -9999 246402 246402 246402 246402 246402 246402 246402 246402 246402 246402 246402 246402 246402 340495 526480 666794 686603 686603 686603 686603 686603 686603 686603 686603 686603 686603 686603 686603 686603 686603 686603 686603 686603 676663 555725 491114 402206 401654 244821 244821 244821 244821 244821 244821 244821 244821 244821 244821 244821 244821 244821 244821 244821 244821 244821 244821 244821 244821 244821 244821 244821 244821 244821 244821 244821
-9999 -9999 -9999 -9999 -9999 -9999 -9999 246402 246402 246402 246402 246402 246402 246402 246402 246402 246402 246402 246402 249704 306930 546289 681651 686603 686603 686603 686603 686603 686603 686603 686603 686603 686603 686603 686603 686603 686603 686603 686603 686603 679976 679976 635798 365207 244821 244821 244821 244821 244821 244821 244821 244821 244821 244821 244821 244821 244821 244821 244821 244821 244821 244821 244821 244821 244821 244821 244821 244821 244821 244821 244821
-9999 -9999 -9999 -9999 -9999 246402 246402 246402 246402 246402 246402 246402 246402 246402 246402 246402 246402 246402 246402 246402 246402 495666 681651 686603 686603 686603 686603 686603 686603 686603 686603 686603 686603 686603 686603 686603 686603 686603 686603 686603 686603 683290 548546 261388 244821 244821 244821 244821 244821 244821 244821 244821 244821 244821 244821 244821 244821 244821 244821 244821 244821 244821 244821 244821 244821 244821 244821 244821 244821 244821 244821
