public/models/data/input/map/sulsel/1000/mappop.asc
NCOLS 496
NROWS 622
XLLCORNER -95260.364462
YLLCORNER 9790791.912663
CELLSIZE 1000.000000
NODATA_VALUE       -9999
[rows 256 to 287 of 622, columns 213 to 283 of 496]
-9999 -9999 -9999 -9999 -9999 246402 246402 246402 246402 246402 246402 246402 246402 246402 246402 246402 246402 262084 357278 422482 473106 492915 649186 686603 686603 686603 686603 686603 686603 686603 686603 686603 686603 686603 686603 686603 686603 686603 686603 686603 686603 663409 335386 244821 244821 244821 244821 244821 244821 244821 244821 244821 244821 244821 244821 244821 244821 244821 244821 244821 244821 244821 244821 248396 255547 244821 244821 244821 244821 244821 244821
-9999 -9999 -9999 -9999 -9999 246402 246402 246402 246402 246402 246402 246402 246402 246402 246402 246402 249704 380938 642308 686603 686603 686603 686603 686603 686603 686603 686603 686603 686603 686603 686603 686603 686603 686603 686603 686603 686603 686603 686603 686603 686603 686603 387296 244821 244821 244821 244821 244821 244821 244821 244821 244821 244821 244821 244821 244821 244821 244821 244821 244821 244821 244821 244821 353274 589248 546343 453384 400945 367575 256739 244821
-9999 -9999 -9999 -9999 -9999 -9999 246402 246402 246402 246402 246402 246402 246402 246402 246402 250529 346273 576553 679450 686603 686603 686603 686603 686603 686603 686603 686603 686603 686603 686603 686603 686603 686603 686603 686603 686603 686603 686603 686603 686603 686603 686603 374042 244821 244821 244821 244821 244821 244821 244821 244821 244821 244821 244821 244821 244821 244821 244821 244821 244821 244821 244821 366383 886003 1.12913e+006 1.1184e+006 1.02544e+006 973003 936058 680419 325267
-9999 -9999 -9999 246402 246402 246402 246402 246402 246402 246402 246402 246402 246402 246402 246402 247778 309406 562797 684402 686603 686603 686603 686603 686603 686603 686603 686603 686603 686603 686603 686603 686603 686603 686603 686603 686603 686603 686603 686603 686603 686603 656783 342013 244821 244821 244821 244821 244821 244821 244821 244821 244821 244821 244821 244821 244821 244821 244821 244821 244821 254355 504631 969428 1.18872e+006 1.19825e+006 1.19825e+006 1.19825e+006 1.19825e+006 1.19706e+006 1.14879e+006 1.03438e+006
-9999 -9999 -9999 246402 246402 246402 246402 246402 246402 246402 246402 246402 246402 246402 246402 246402 248603 426884 627176 686603 686603 686603 686603 686603 686603 686603 686603 686603 686603 686603 686603 686603 686603 686603 686603 686603 686603 686603 686603 686603 686603 605426 311641 258074 254761 244821 244821 244821 244821 244821 244821 244821 244821 244821 244821 244821 247205 307986 384260 528466 835948 1.15058e+006 1.19825e+006 1.19825e+006 1.19825e+006 1.19825e+006 1.19825e+006 1.19825e+006 1.19825e+006 1.19825e+006 1.19825e+006
-9999 -9999 -9999 246402 246402 246402 246402 246402 246402 246402 246402 246402 246402 246402 246402 246402 246402 246402 365256 627176 686603 686603 686603 686603 686603 686603 686603 686603 686603 686603 686603 686603 686603 686603 686603 686603 686603 686603 686603 686603 686603 671693 486144 452459 354162 244821 249239 274089 301700 305014 255313 247030 274641 294521 253657 244821 263890 675056 1.04451e+006 1.1911e+006 1.19825e+006 1.19825e+006 1.19825e+006 1.19825e+006 1.19825e+006 1.19825e+006 1.19825e+006 1.19825e+006 1.19825e+006 1.19825e+006 1.19825e+006
-9999 -9999 -9999 -9999 -9999 246402 246402 246402 246402 246402 246402 246402 246402 246402 246402 246402 246402 246402 246402 385340 594986 686603 686603 686603 686603 686603 686603 686603 686603 686603 686603 686603 686603 686603 686603 686603 686603 686603 686603 686603 686603 686603 686603 676111 486697 285410 458809 539158 566770 557658 453287 475652 539711 487525 282649 244821 306794 878852 1.19825e+006 1.19825e+006 1.19825e+006 1.19825e+006 1.19825e+006 1.19825e+006 1.19825e+006 1.19825e+006 1.19825e+006 1.19825e+006 1.19825e+006 1.19825e+006 1.19825e+006
-9999 -9999 -9999 -9999 -9999 246402 246402 246402 246402 246402 246402 246402 246402 246402 246402 246402 246402 246402 246402 253830 442567 684402 686603 686603 686603 686603 686603 686603 686603 686603 686603 686603 686603 686603 686603 686603 686603 686603 686603 686603 686603 686603 686603 686051 647947 607358 668103 686603 686603 682461 664238 674454 686603 530047 280992 244821 347315 919373 1.19825e+006 1.19825e+006 1.19825e+006 1.19825e+006 1.19825e+006 1.19825e+006 1.19825e+006 1.19825e+006 1.19825e+006 1.19825e+006 1.19825e+006 1.19825e+006 1.19825e+006
-9999 -9999 -9999 -9999 -9999 -9999 246402 246402 246402 246402 246402 246402 246402 246402 246402 246402 246402 246402 246402 246402 316834 544638 674498 686603 686603 686603 686603 686603 686603 686603 686603 686603 686603 686603 686603 686603 686603 686603 686603 686603 686603 686603 686603 686603 686603 686603 686603 686603 686603 686603 686603 686603 686603 583889 404967 374042 440197 843257 1.16116e+006 1.19825e+006 1.19825e+006 1.19825e+006 1.19825e+006 1.19825e+006 1.19825e+006 1.19825e+006 1.19825e+006 1.19825e+006 1.19825e+006 1.19825e+006 1.19825e+006
-9999 -9999 -9999 -9999 -9999 -9999 -9999 246402 246402 246402 246402 246402 246402 246402 246402 246402 246402 246402 246402 246402 246402 371859 640382 686603 686603 686603 686603 686603 686603 686603 686603 686603 686603 686603 686603 686603 686603 686603 686603 686603 686603 686603 686603 686603 686603 686603 686603 686603 686603 686603 686603 686603 686603 686603 686603 686603 686603 719221 1.06075e+006 1.19825e+006 1.19825e+006 1.19825e+006 1.19825e+006 1.19825e+006 1.19825e+006 1.19825e+006 1.19825e+006 1.19825e+006 1.19825e+006 1.19825e+006 1.19825e+006
-9999 -9999 -9999 -9999 -9999 -9999 -9999 246402 246402 246402 246402 246402 246402 246402 246402 246402 246402 246402 246402 246402 246402 401573 650286 686603 686603 686603 686603 686603 686603 686603 686603 686603 686603 686603 686603 686603 686603 686603 686603 686603 686603 686603 686603 686603 686603 686603 686603 686603 686603 686603 686603 686603 686603 686603 686603 686603 686603 759513 1.10871e+006 1.19825e+006 1.19825e+006 1.19825e+006 1.19825e+006 1.19825e+006 1.19825e+006 1.19825e+006 1.19825e+006 1.19825e+006 1.19825e+006 1.19825e+006 1.19825e+006
-9999 -9999 -9999 -9999 -9999 -9999 -9999 246402 246402 246402 246402 246402 246402 246402 246402 246402 246402 246402 246402 246402 246402 404874 651387 686603 686603 686603 686603 686603 686603 686603 686603 686603 686603 686603 686603 686603 686603 686603 686603 686603 686603 686603 686603 686603 686603 686603 686603 686603 686603 686603 686603 686603 686603 686603 686603 686603 686603 703871 952020 1.19825e+006 1.19825e+006 1.19825e+006 1.19825e+006 1.19825e+006 1.19825e+006 1.19825e+006 1.19825e+006 1.19825e+006 1.19825e+006 1.19825e+006 1.19825e+006
-9999 -9999 -9999 -9999 -9999 -9999 -9999 246402 246402 246402 246402 246402 246402 246402 246402 246402 246402 246402 246402 246402 246402 388367 645884 686603 686603 686603 686603 686603 686603 686603 686603 686603 686603 686603 686603 686603 686603 686603 686603 686603 686603 686603 686603 686603 686603 686603 686603 686603 686603 686603 686603 686603 686603 686603 686603 686603 686603 688522 918763 1.19825e+006 1.19825e+006 1.19825e+006 1.19825e+006 1.19825e+006 1.19825e+006 1.19825e+006 1.19825e+006 1.19825e+006 1.19825e+006 1.19825e+006 1.19825e+006
-9999 -9999 -9999 -9999 -9999 -9999 -9999 246402 246402 246402 246402 246402 246402 246402 246402 246402 246402 246402 246402 246402 246402 332241 627176 686603 686603 686603 686603 686603 686603 686603 686603 686603 686603 686603 686603 686603 686603 686603 686603 686603 686603 686603 686603 686603 686603 686603 686603 686603 686603 686603 686603 686603 686603 686603 686603 686603 686603 746082 1.05819e+006 1.19825e+006 1.19825e+006 1.19825e+006 1.19825e+006 1.19825e+006 1.19825e+006 1.19825e+006 1.19825e+006 1.19825e+006 1.19825e+006 1.19825e+006 1.19825e+006
-9999 -9999 -9999 -9999 246402 246402 -9999 246402 246402 246402 246402 246402 246402 246402 246402 246402 246402 246402 246402 246402 246402 305004 618097 686603 686603 686603 686603 686603 686603 686603 686603 686603 686603 686603 686603 686603 686603 686603 686603 686603 686603 686603 686603 686603 686603 686603 686603 686603 686603 686603 686603 686603 686603 686603 686603 686603 686603 806521 1.13589e+006 1.19825e+006 1.19825e+006 1.19825e+006 1.19825e+006 1.19825e+006 1.19825e+006 1.19825e+006 1.19825e+006 1.19825e+006 1.19825e+006 1.19825e+006 1.19825e+006
-9999 -9999 -9999 246402 246402 246402 -9999 246402 246402 246402 246402 246402 246402 246402 246402 246402 246402 246402 246402 246402 246402 267036 605441 686603 686603 686603 686603 686603 686603 686603 686603 686603 686603 686603 686603 686603 686603 686603 686603 686603 686603 686603 686603 686603 686603 686603 686603 686603 686603 686603 686603 686603 686603 686603 686603 686603 686603 758554 971527 1.16755e+006 1.19825e+006 1.19825e+006 1.19825e+006 1.19825e+006 1.19825e+006 1.19825e+006 1.19825e+006 1.19825e+006 1.19825e+006 1.19825e+006 1.19825e+006
-9999 -9999 -9999 246402 246402 246402 -9999 246402 246402 246402 246402 246402 246402 246402 246402 246402 246402 246402 246402 246402 246402 276116 608467 686603 686603 686603 686603 686603 686603 686603 686603 686603 686603 686603 686603 686603 686603 686603 686603 686603 686603 686603 686603 686603 686603 686603 686603 686603 686603 686603 686603 686603 686603 686603 686603 686603 686603 686603 686603 943706 1.19441e+006 1.19825e+006 1.19825e+006 1.19825e+006 1.19825e+006 1.19825e+006 1.19825e+006 1.19825e+006 1.19825e+006 1.19825e+006 1.19825e+006
-9999 -9999 -9999 246402 246402 -9999 246402 246402 246402 246402 246402 246402 246402 246402 246402 246402 246402 246402 246402 246402 246402 378462 642583 686603 686603 686603 686603 686603 686603 686603 686603 686603 686603 686603 686603 686603 686603 686603 686603 686603 686603 686603 686603 686603 686603 686603 686603 686603 686603 686603 686603 686603 686603 686603 686603 686603 686603 686603 686603 815794 1.18674e+006 1.19825e+006 1.19825e+006 1.19825e+006 1.19825e+006 1.19825e+006 1.19825e+006 1.19825e+006 1.19825e+006 1.19825e+006 1.19825e+006
-9999 -9999 -9999 -9999 -9999 -9999 246402 246402 246402 246402 246402 246402 246402 246402 246402 246402 246402 246402 246402 246402 246402 442842 664043 686603 686603 686603 686603 686603 686603 686603 686603 686603 686603 686603 686603 686603 686603 686603 686603 686603 686603 686603 686603 686603 686603 686603 686603 686603 686603 686603 686603 686603 686603 686603 686603 686603 686603 686603 686603 869517 1.19825e+006 1.19825e+006 1.19825e+006 1.19825e+006 1.19825e+006 1.19825e+006 1.19825e+006 1.19825e+006 1.19825e+006 1.19825e+006 1.19825e+006
-9999 -9999 -9999 -9999 -9999 246402 246402 246402 246402 246402 246402 246402 246402 246402 246402 246402 246402 246402 246402 246402 246402 393319 647535 686603 686603 686603 686603 686603 686603 686603 686603 686603 686603 686603 686603 686603 686603 686603 686603 686603 686603 686603 686603 686603 686603 686603 686603 686603 686603 686603 686603 686603 686603 686603 686603 686603 686603 686603 686603 808119 1.1829e+006 1.19825e+006 1.19825e+006 1.19825e+006 1.19825e+006 1.19825e+006 1.19825e+006 1.19825e+006 1.19825e+006 1.19825e+006 1.19825e+006
-9999 -9999 -9999 -9999 246402 246402 246402 246402 246402 246402 246402 246402 246402 246402 246402 246402 246402 246402 246402 246402 246402 425509 658265 686603 686603 686603 686603 686603 686603 686603 686603 686603 686603 686603 686603 686603 686603 686603 686603 686603 686603 686603 686603 686603 686603 686603 686603 686603 686603 686603 686603 686603 686603 686603 707069 732971 709307 697795 730413 938590 1.19825e+006 1.19825e+006 1.19825e+006 1.19825e+006 1.19825e+006 1.19825e+006 1.19825e+006 1.19825e+006 1.19825e+006 1.19825e+006 1.19825e+006
-9999 -9999 -9999 -9999 246402 246402 246402 246402 246402 246402 246402 246402 246402 246402 246402 246402 246402 246402 246402 246402 246402 364431 637906 686603 686603 686603 686603 686603 686603 686603 686603 686603 686603 686603 686603 686603 686603 686603 686603 686603 686603 686603 686603 686603 686603 686603 686603 686603 686603 686603 686603 686603 686603 686603 768467 1.03037e+006 959375 924839 1.02269e+006 1.18674e+006 1.19825e+006 1.19825e+006 1.19825e+006 1.19825e+006 1.19825e+006 1.19825e+006 1.19825e+006 1.19825e+006 1.19825e+006 1.19825e+006 1.19825e+006
-9999 -9999 -9999 246402 246402 246402 246402 246402 246402 246402 246402 246402 246402 246402 246402 246402 246402 246402 246402 246402 246402 277766 609018 686603 686603 686603 686603 686603 686603 686603 686603 686603 686603 686603 686603 686603 686603 686603 686603 686603 686603 686603 686603 686603 686603 686603 686603 686603 686603 686603 686603 686603 686603 686603 707069 1.15604e+006 1.19825e+006 1.19825e+006 1.19825e+006 1.19825e+006 1.19825e+006 1.19825e+006 1.19825e+006 1.19825e+006 1.19825e+006 1.19825e+006 1.19825e+006 1.19825e+006 1.19825e+006 1.19825e+006 1.19825e+006
-9999 -9999 -9999 246402 246402 246402 246402 246402 246402 246402 246402 246402 246402 246402 246402 246402 246402 246402 246402 246402 246402 274465 599113 686603 686603 686603 686603 686603 686603 686603 686603 686603 686603 686603 686603 686603 686603 686603 686603 686603 686603 686603 686603 686603 686603 686603 686603 686603 686603 686603 686603 686603 686603 686603 686603 952660 1.19441e+006 1.19825e+006 1.19825e+006 1.19825e+006 1.19825e+006 1.19825e+006 1.19825e+006 1.19825e+006 1.19825e+006 1.19825e+006 1.19825e+006 1.19825e+006 1.19825e+006 1.19825e+006 1.19825e+006
-9999 -9999 -9999 -9999 246402 246402 246402 246402 246402 246402 246402 246402 246402 246402 246402 246402 246402 246402 246402 246402 246402 275290 594986 686603 686603 686603 686603 686603 686603 686603 686603 686603 686603 686603 686603 686603 686603 686603 686603 686603 686603 686603 686603 686603 686603 686603 686603 686603 686603 686603 686603 686603 686603 686603 686603 735210 1.03708e+006 1.19825e+006 1.19825e+006 1.19825e+006 1.19825e+006 1.19825e+006 1.19825e+006 1.19825e+006 1.19825e+006 1.19825e+006 1.19825e+006 1.19825e+006 1.19825e+006 1.19825e+006 1.19825e+006
-9999 -9999 -9999 246402 246402 246402 246402 246402 246402 246402 246402 246402 246402 246402 246402 246402 246402 246402 246402 246402 246402 296750 615345 686603 686603 686603 686603 686603 686603 686603 686603 686603 686603 686603 686603 686603 686603 686603 686603 686603 686603 686603 686603 686603 686603 686603 686603 686603 686603 686603 686603 686603 686603 686603 686603 723058 1.00063e+006 1.19825e+006 1.19825e+006 1.19825e+006 1.19825e+006 1.19825e+006 1.19825e+006 1.19825e+006 1.19825e+006 1.19825e+006 1.19825e+006 1.19825e+006 1.19825e+006 1.19825e+006 1.19825e+006
-9999 -9999 -9999 246402 246402 246402 246402 246402 246402 246402 246402 246402 246402 246402 246402 246402 246402 246402 246402 246402 246402 296750 615345 686603 686603 686603 686603 686603 686603 686603 686603 686603 686603 686603 686603 686603 686603 686603 686603 686603 686603 686603 686603 686603 686603 686603 686603 686603 686603 686603 686603 686603 686603 686603 686603 741285 1.05531e+006 1.19825e+006 1.19825e+006 1.19825e+006 1.19825e+006 1.19825e+006 1.19825e+006 1.19825e+006 1.19825e+006 1.19825e+006 1.19825e+006 1.19825e+006 1.19825e+006 1.19825e+006 1.19825e+006
-9999 -9999 -9999 246402 246402 246402 246402 246402 246402 246402 246402 246402 246402 246402 246402 246402 246402 246402 246402 246402 246402 311607 620298 686603 686603 686603 686603 686603 686603 686603 686603 686603 686603 686603 686603 686603 686603 686603 686603 686603 686603 686603 686603 686603 686603 686603 686603 686603 686603 686603 686603 686603 686603 686603 686603 774543 1.15508e+006 1.19825e+006 1.19825e+006 1.19825e+006 1.19825e+006 1.19825e+006 1.19825e+006 1.19825e+006 1.19825e+006 1.19825e+006 1.19825e+006 1.19825e+006 1.19825e+006 1.19825e+006 1.19825e+006
-9999 -9999 -9999 -9999 246402 246402 246402 246402 246402 246402 246402 246402 246402 246402 246402 246402 246402 246402 246402 246402 246402 319035 615070 686603 686603 686603 686603 686603 686603 686603 686603 686603 686603 686603 686603 686603 686603 686603 686603 686603 686603 686603 686603 686603 686603 686603 686603 686603 686603 686603 686603 686603 686603 686603 686603 838499 1.19345e+006 1.19825e+006 1.19825e+006 1.19825e+006 1.19825e+006 1.19825e+006 1.19825e+006 1.19825e+006 1.19825e+006 1.19825e+006 1.19825e+006 1.19825e+006 1.19825e+006 1.19825e+006 1.19825e+006
-9999 -9999 -9999 -9999 246402 246402 246402 246402 246402 246402 246402 246402 246402 246402 246402 246402 246402 246402 246402 246402 246402 246402 573251 686603 686603 686603 686603 686603 686603 686603 686603 686603 686603 686603 686603 686603 686603 686603 686603 686603 686603 686603 686603 686603 686603 686603 686603 686603 686603 686603 686603 686603 686603 686603 686603 784136 1.18386e+006 1.19825e+006 1.19825e+006 1.19825e+006 1.19825e+006 1.19825e+006 1.19825e+006 1.19825e+006 1.19825e+006 1.19825e+006 1.19825e+006 1.19825e+006 1.19825e+006 1.19825e+006 1.19825e+006
-9999 246402 246402 246402 246402 246402 246402 246402 246402 246402 246402 246402 246402 246402 246402 246402 246402 246402 246402 246402 246402 246402 500618 642858 684127 686603 686603 686603 686603 686603 686603 686603 686603 686603 686603 686603 686603 686603 686603 686603 686603 686603 686603 686603 686603 686603 686603 686603 686603 686603 686603 686603 686603 686603 686603 775502 1.15796e+006 1.19825e+006 1.19825e+006 1.19825e+006 1.19825e+006 1.19825e+006 1.19825e+006 1.19825e+006 1.19825e+006 1.19825e+006 1.19825e+006 1.19825e+006 1.19825e+006 1.19825e+006 1.19825e+006
-9999 246402 246402 246402 246402 246402 246402 246402 246402 246402 246402 246402 246402 246402 246402 246402 246402 246402 246402 246402 246402 246402 284920 340770 524004 673397 686603 686603 686603 686603 686603 686603 686603 686603 686603 686603 686603 686603 686603 686603 686603 686603 686603 686603 686603 686603 686603 686603 686603 686603 686603 686603 686603 686603 686603 778060 1.16563e+006 1.19825e+006 1.19825e+006 1.19825e+006 1.19825e+006 1.19825e+006 1.19825e+006 1.19825e+006 1.19825e+006 1.19825e+006 1.19825e+006 1.19825e+006 1.19825e+006 1.19825e+006 1.19825e+006
