public/models/data/input/map/sulsel/1000/mappop.asc
NCOLS 496
NROWS 622
XLLCORNER -95260.364462
YLLCORNER 9790791.912663
CELLSIZE 1000.000000
NODATA_VALUE       -9999
[rows 64 to 95 of 622, columns 213 to 283 of 496]
-9999 -9999 -9999 -9999 -9999 -9999 -9999 -9999 -9999 -9999 -9999 -9999 -9999 -9999 -9999 -9999 -9999 -9999 -9999 -9999 -9999 -9999 289463 289463 289463 -9999 289463 289463 289463 289463 289463 289463 289463 289463 289463 289463 289463 289463 289463 289463 289463 289463 289463 289463 289463 289463 289463 289463 289463 289463 289463 289463 289463 289463 289463 289463 289463 289463 289463 289463 289463 289463 289463 289463 289463 289463 289463 289463 289463 289463 289463
-9999 -9999 -9999 -9999 -9999 -9999 -9999 -9999 -9999 -9999 -9999 -9999 -9999 -9999 -9999 -9999 -9999 -9999 -9999 -9999 -9999 -9999 -9999 -9999 -9999 -9999 -9999 289463 289463 289463 289463 289463 289463 289463 289463 289463 289463 289463 289463 289463 289463 289463 289463 289463 289463 289463 289463 289463 289463 289463 289463 289463 289463 289463 289463 289463 289463 289463 289463 289463 289463 289463 289463 289463 289463 289463 289463 289463 289463 289463 289463
-9999 -9999 -9999 -9999 -9999 -9999 -9999 -9999 -9999 -9999 -9999 -9999 -9999 -9999 -9999 -9999 -9999 -9999 -9999 -9999 -9999 -9999 -9999 -9999 -9999 -9999 -9999 289463 289463 289463 289463 289463 289463 289463 289463 289463 289463 289463 289463 289463 289463 289463 289463 289463 289463 289463 289463 289463 289463 289463 289463 289463 289463 289463 289463 289463 289463 289463 289463 289463 289463 289463 289463 289463 289463 289463 289463 289463 289463 289463 289463
-9999 -9999 -9999 -9999 -9999 -9999 -9999 -9999 -9999 -9999 -9999 -9999 -9999 -9999 -9999 -9999 -9999 -9999 -9999 -9999 -9999 -9999 -9999 -9999 -9999 -9999 -9999 -9999 289463 289463 289463 289463 289463 289463 289463 289463 289463 289463 289463 289463 289463 289463 289463 289463 289463 289463 289463 289463 289463 289463 289463 289463 289463 289463 289463 289463 289463 289463 289463 289463 289463 289463 289463 289463 289463 289463 289463 289463 289463 289463 289463
-9999 -9999 -9999 -9999 -9999 -9999 -9999 -9999 -9999 -9999 -9999 -9999 -9999 -9999 -9999 -9999 -9999 -9999 -9999 -9999 -9999 -9999 -9999 -9999 -9999 -9999 -9999 -9999 -9999 -9999 -9999 289463 289463 289463 289463 289463 289463 289463 289463 289463 289463 289463 289463 289463 289463 289463 289463 289463 289463 289463 289463 289463 289463 289463 289463 289463 289463 289463 289463 289463 289463 289463 289463 289463 289463 289463 289463 289463 289463 289463 289463
-9999 -9999 -9999 -9999 -9999 -9999 -9999 -9999 -9999 -9999 -9999 -9999 -9999 -9999 -9999 -9999 -9999 -9999 -9999 -9999 -9999 -9999 -9999 -9999 -9999 -9999 -9999 -9999 -9999 -9999 -9999 289463 289463 289463 289463 289463 289463 289463 289463 289463 289463 289463 289463 289463 289463 289463 289463 289463 289463 289463 289463 289463 289463 289463 289463 289463 289463 289463 289463 289463 289463 289463 289463 289463 289463 289463 289463 289463 289463 289463 289463
-9999 -9999 -9999 -9999 -9999 -9999 -9999 -9999 -9999 -9999 -9999 -9999 -9999 -9999 -9999 -9999 -9999 -9999 -9999 -9999 -9999 -9999 -9999 -9999 -9999 -9999 -9999 -9999 -9999 -9999 -9999 289463 289463 289463 289463 289463 289463 289463 289463 289463 289463 289463 289463 289463 289463 289463 289463 289463 289463 289463 289463 289463 289463 289463 289463 289463 289463 289463 289463 289463 289463 289463 289463 289463 289463 289463 289463 289463 289463 289463 289463
-9999 -9999 -9999 -9999 -9999 -9999 -9999 -9999 -9999 -9999 -9999 -9999 -9999 -9999 -9999 -9999 -9999 -9999 -9999 -9999 -9999 -9999 -9999 -9999 -9999 -9999 -9999 -9999 -9999 -9999 -9999 289463 289463 289463 289463 289463 289463 289463 289463 289463 289463 289463 289463 289463 289463 289463 289463 289463 289463 289463 289463 289463 289463 289463 289463 289463 289463 289463 289463 289463 289463 289463 289463 289463 289463 289463 289463 289463 289463 289463 289463
-9999 -9999 -9999 -9999 -9999 -9999 -9999 -9999 -9999 -9999 -9999 -9999 -9999 -9999 -9999 -9999 -9999 -9999 -9999 -9999 -9999 -9999 -9999 -9999 -9999 -9999 -9999 -9999 -9999 -9999 -9999 289463 289463 289463 289463 289463 289463 289463 289463 289463 289463 289463 289463 289463 289463 289463 289463 289463 289463 289463 289463 289463 289463 289463 289463 289463 289463 289463 289463 289463 289463 289463 289463 289463 289463 289463 289463 289463 289463 289463 289463
-9999 -9999 -9999 -9999 -9999 -9999 -9999 -9999 -9999 -9999 -9999 -9999 -9999 -9999 -9999 -9999 -9999 -9999 -9999 -9999 -9999 -9999 -9999 -9999 -9999 -9999 -9999 -9999 -9999 -9999 -9999 289463 289463 289463 289463 289463 289463 289463 289463 289463 289463 289463 289463 289463 289463 289463 289463 289463 289463 289463 289463 289463 289463 289463 289463 289463 289463 289463 289463 289463 289463 289463 289463 289463 289463 289463 289463 289463 289463 289463 289463
-9999 -9999 -9999 -9999 -9999 -9999 -9999 -9999 -9999 -9999 -9999 -9999 -9999 -9999 -9999 -9999 -9999 -9999 -9999 -9999 -9999 -9999 -9999 -9999 -9999 -9999 -9999 -9999 -9999 -9999 -9999 289463 289463 289463 289463 289463 289463 289463 289463 289463 289463 289463 289463 289463 289463 289463 289463 289463 289463 289463 289463 289463 289463 289463 289463 289463 289463 289463 289463 289463 289463 289463 289463 289463 289463 289463 289463 289463 289463 289463 289463
-9999 -9999 -9999 -9999 -9999 -9999 -9999 -9999 -9999 -9999 -9999 -9999 -9999 -9999 -9999 -9999 -9999 -9999 -9999 -9999 -9999 -9999 -9999 -9999 -9999 -9999 -9999 -9999 -9999 -9999 -9999 289463 289463 289463 289463 289463 289463 289463 289463 289463 289463 289463 289463 289463 289463 289463 289463 289463 289463 289463 289463 289463 289463 289463 289463 289463 289463 289463 289463 289463 289463 289463 289463 289463 289463 289463 289463 289463 289463 289463 289463
-9999 -9999 -9999 -9999 -9999 -9999 -9999 -9999 -9999 -9999 -9999 -9999 -9999 -9999 -9999 -9999 -9999 -9999 -9999 -9999 -9999 -9999 -9999 -9999 -9999 -9999 -9999 -9999 -9999 -9999 -9999 289463 289463 289463 289463 289463 289463 289463 289463 289463 289463 289463 289463 289463 289463 289463 289463 289463 289463 289463 289463 289463 289463 289463 289463 289463 289463 289463 289463 289463 289463 289463 289463 289463 289463 289463 289463 289463 289463 289463 289463
-9999 -9999 -9999 -9999 -9999 -9999 -9999 -9999 -9999 -9999 -9999 -9999 -9999 -9999 -9999 -9999 -9999 -9999 -9999 -9999 -9999 -9999 -9999 -9999 -9999 -9999 -9999 -9999 -9999 -9999 -9999 289463 289463 289463 289463 289463 289463 289463 289463 289463 289463 289463 289463 289463 289463 289463 289463 289463 289463 289463 289463 289463 289463 289463 289463 289463 289463 289463 289463 289463 289463 289463 289463 289463 289463 289463 289463 289463 289463 289463 289463
-9999 -9999 -9999 -9999 -9999 -9999 -9999 -9999 -9999 -9999 -9999 -9999 -9999 -9999 -9999 -9999 -9999 -9999 -9999 -9999 -9999 -9999 -9999 -9999 -9999 -9999 -9999 -9999 -9999 -9999 -9999 289463 289463 289463 289463 289463 289463 289463 289463 289463 289463 289463 289463 289463 289463 289463 289463 289463 289463 289463 289463 289463 289463 289463 289463 289463 289463 289463 289463 289463 289463 289463 289463 289463 289463 289463 289463 289463 289463 289463 289463
-9999 -9999 -9999 -9999 -9999 -9999 -9999 -9999 -9999 -9999 -9999 -9999 -9999 -9999 -9999 -9999 -9999 -9999 -9999 -9999 -9999 -9999 -9999 -9999 -9999 -9999 -9999 -9999 -9999 292454 292454 290570 289463 289463 289463 289463 289463 289463 289463 289463 289463 289463 289463 289463 289463 289463 289463 289463 289463 289463 289463 289463 289463 289463 289463 289463 289463 289463 289463 289463 289463 289463 289463 289463 289463 289463 289463 289463 289463 289463 289463
-9999 -9999 -9999 -9999 -9999 -9999 -9999 -9999 -9999 -9999 -9999 -9999 -9999 -9999 -9999 -9999 -9999 -9999 -9999 -9999 -9999 -9999 -9999 -9999 -9999 -9999 292454 292454 292454 292454 292454 292032 289990 289463 289463 289463 289463 289463 289463 289463 289463 289463 289463 289463 289463 289463 289463 289463 289463 289463 289463 289463 289463 289463 289463 289463 289463 289463 289463 289463 289463 289463 289463 289463 289463 289463 289463 289463 289463 289463 289463
-9999 -9999 -9999 -9999 -9999 -9999 -9999 -9999 -9999 -9999 -9999 -9999 -9999 -9999 -9999 -9999 -9999 -9999 -9999 -9999 -9999 -9999 -9999 -9999 -9999 -9999 292454 292454 292454 292454 292454 292177 290428 289463 289463 289463 289463 289463 289463 289463 289463 289463 289463 289463 289463 289463 289463 289463 289463 289463 289463 289463 289463 289463 289463 289463 289463 289463 289463 289463 289463 289463 289463 289463 289463 289463 289463 289463 289463 289463 289463
-9999 -9999 -9999 -9999 -9999 -9999 -9999 -9999 -9999 -9999 -9999 -9999 -9999 -9999 -9999 -9999 -9999 -9999 -9999 -9999 -9999 -9999 -9999 -9999 -9999 292454 292454 292454 292454 292454 292454 292368 291089 289553 289463 289463 289463 289463 289463 289463 289463 289463 289463 289463 289463 289463 289463 289463 289463 289463 289463 289463 289463 289463 289463 289463 289463 289463 289463 289463 289463 289463 289463 289463 289463 289463 289463 289463 289463 289463 289463
-9999 -9999 -9999 -9999 -9999 -9999 -9999 -9999 -9999 -9999 -9999 -9999 -9999 -9999 -9999 -9999 -9999 -9999 -9999 -9999 -9999 -9999 -9999 -9999 292454 292454 292454 292454 292454 292454 292454 292394 291108 289493 289463 289463 289463 289463 289463 289463 289463 289463 289463 289463 289463 289463 289463 289463 289463 289463 289463 289463 289463 289463 289463 289463 289463 289463 289463 289463 289463 289463 289463 289463 289463 289463 289463 289463 289463 289463 289463
-9999 -9999 -9999 -9999 -9999 -9999 -9999 -9999 -9999 -9999 -9999 -9999 -9999 -9999 -9999 -9999 -9999 -9999 -9999 -9999 -9999 292454 292454 292454 292454 292454 292454 292454 292454 292454 292454 292327 290876 289463 289463 289463 289463 289463 289463 289463 289463 289463 289463 289463 289463 289463 289463 289463 289463 289463 289463 289463 289463 289463 289463 289463 289463 289463 289463 288862 288141 289463 289463 289463 289463 289463 289463 289463 289463 289463 289463
-9999 -9999 -9999 -9999 -9999 -9999 -9999 -9999 -9999 -9999 -9999 -9999 -9999 -9999 -9999 -9999 -9999 -9999 -9999 -9999 292454 292454 292454 292454 292454 292454 292454 292454 292454 292454 292454 292308 290820 289463 289463 289463 289463 289463 289463 289463 289463 289463 289463 289463 289463 289463 289463 289463 289463 289463 289463 289463 289463 289463 289463 289463 289463 289463 289463 272602 262429 277448 288021 289463 289463 289463 289463 289463 289463 289463 289463
-9999 -9999 -9999 -9999 -9999 -9999 -9999 -9999 -9999 -9999 -9999 -9999 -9999 -9999 -9999 -9999 -9999 -9999 -9999 -9999 292454 292454 292454 292454 292454 292454 292454 292454 292454 292454 292454 292291 290770 289463 289463 289463 289463 289463 289463 289463 289463 289463 289463 289463 289463 289463 289463 289463 289463 289463 289463 289463 289463 289463 289463 289463 289463 289463 285618 236436 227945 238999 250534 263390 287661 289463 289463 289463 289463 289463 289463
-9999 -9999 -9999 -9999 -9999 -9999 -9999 -9999 -9999 -9999 -9999 -9999 -9999 -9999 -9999 -9999 -9999 -9999 -9999 -9999 292454 292454 292454 292454 292454 292454 292454 292454 292454 292454 292454 292351 290949 289463 289463 289463 289463 289463 289463 289463 289463 289463 289463 289463 289463 289463 289463 289463 289463 289463 289463 289463 289463 289463 289463 289463 289463 289463 265753 225542 225382 225382 225702 235275 275405 289463 289463 289463 289463 289463 289463
-9999 -9999 -9999 -9999 -9999 -9999 -9999 -9999 -9999 -9999 -9999 -9999 -9999 -9999 -9999 -9999 -9999 -9999 -9999 292454 292454 292454 292454 292454 292454 292454 292454 292454 292454 292454 292454 292329 290942 289523 289463 289463 289463 289463 289463 289463 289463 289463 289463 289463 289463 289463 289463 288462 283255 280011 278409 279290 282334 282334 269998 240601 263670 261748 230989 225382 225382 225382 225382 240761 278890 289463 289463 289463 289463 289463 289463
-9999 -9999 -9999 -9999 -9999 -9999 -9999 -9999 -9999 -9999 -9999 -9999 -9999 -9999 -9999 -9999 -9999 -9999 -9999 292454 292454 292454 292454 292454 292454 292454 292454 292454 292454 292454 292454 292415 291723 290069 289470 289463 289463 289463 289463 289463 289463 289463 289463 289463 289463 289463 285298 268517 245207 235475 230669 233312 242444 242444 228506 225382 225382 225382 225382 225382 225382 225382 225382 255901 286820 289463 289463 289463 289463 289463 289463
-9999 -9999 -9999 -9999 -9999 -9999 -9999 -9999 -9999 -9999 -9999 -9999 -9999 -9999 -9999 -9999 -9999 -9999 292454 292454 292454 292454 292454 292454 292454 292454 292454 292454 292454 292454 292454 292454 292379 290944 289583 289463 289463 289463 289463 289463 289463 289463 288021 283335 276126 260987 247690 233072 225382 225382 225382 225382 225382 225382 225382 225382 225382 225382 225382 225382 225382 225382 225382 232711 264592 287781 289463 289463 289463 289463 289463
-9999 -9999 -9999 -9999 -9999 -9999 -9999 -9999 -9999 -9999 -9999 -9999 -9999 -9999 -9999 -9999 -9999 292454 292454 292454 292454 292454 292454 292454 292454 292454 292454 292454 292454 292454 292454 292454 292454 292095 289942 289463 289463 287541 274724 277928 289143 275205 245888 236156 233753 228706 225662 225382 225382 225382 225382 225382 225382 225382 225382 225382 225382 225382 225382 225382 225382 225382 225382 225662 235275 269518 288342 289463 289463 289463 289463
-9999 -9999 -9999 -9999 -9999 -9999 -9999 -9999 -9999 -9999 -9999 -9999 -9999 -9999 -9999 292454 292454 292454 292454 292454 292454 292454 292454 292454 292454 292454 292454 292454 292454 292454 292454 292454 292454 292454 289616 283255 280692 252697 227304 227785 235795 228586 225382 225382 225382 225382 225382 225382 225382 225382 225382 225382 225382 225382 225382 225382 225382 225382 225382 225382 225382 225382 225382 225382 225382 231149 259986 280291 289343 289463 289463
-9999 -9999 292454 292454 292454 292454 292454 -9999 -9999 -9999 -9999 -9999 -9999 -9999 292454 292454 292454 292454 292454 292454 292454 292454 292454 292454 292454 292454 292454 292454 292454 292454 292454 292454 292454 292454 282257 245207 237517 228506 225382 225382 225382 225382 225382 225382 225382 225382 225382 225382 225382 225382 225382 225382 225382 225382 225382 225382 225382 225382 225382 225382 225382 225382 225382 225382 225382 225382 225382 241843 284537 289463 289463
-9999 292454 292454 292454 292454 292454 292454 292454 292454 292454 292454 -9999 -9999 292454 292454 292454 292454 292454 292454 292454 292454 292454 292454 292454 292454 292454 292454 292454 292454 292454 292454 292454 292454 292454 280716 225382 225382 225382 225382 225382 225382 225382 225382 225382 225382 225382 225382 225382 225382 225382 225382 225382 225382 225382 225382 225382 225382 225382 225382 225382 225382 225382 225382 225382 225382 225382 225382 232831 273363 289463 289463
-9999 292454 292454 292454 292454 292454 292454 292454 292454 292454 292454 292454 292454 292454 292454 292454 292454 292454 292454 292454 292454 292454 292454 292454 292454 292454 292454 292454 292454 292454 292454 292454 292454 292454 290777 234101 225382 225382 225382 225382 225382 225382 225382 225382 225382 225382 225382 225382 225382 225382 225382 225382 225382 225382 225382 225382 225382 225382 225382 225382 225382 225382 225382 225382 225382 225382 225382 226664 252616 287220 289463
