public/models/data/input/map/sulsel/1000/mapslope.asc
NCOLS 496
NROWS 622
XLLCORNER -95260.364462
YLLCORNER 9790791.912663
CELLSIZE 1000.000000
NODATA_VALUE       -9999
[rows 66 to 98 of 622, columns 225 to 299 of 496]
-9999 -9999 -9999 -9999 -9999 -9999 -9999 -9999 -9999 -9999 -9999 -9999 -9999 -9999 -9999 3.82497 3.86092 5.57063 14.6516 14.7943 12.4967 16.2958 16.5877 18.6553 26.5919 36.0642 30.6307 28.1393 34.0211 39.0096 43.8351 47.7559 42.454 49.9414 46.2582 39.5248 33.8883 28.2205 34.5602 38.0282 37.4941 36.7074 40.4908 27.4307 30.7037 31.2557 26.8218 25.9107 25.3817 25.1159 24.798 28.9625 35.7492 38.0673 32.3082 34.2446 39.089 34.7684 31.9927 41.5266 46.1864 50.2805 40.2501 31.8196 31.8993 34.6966 30.1848 22.6352 20.1628 14.8047 9.17074 10.9927 13.975 15.8147 12.1746
-9999 -9999 -9999 -9999 -9999 -9999 -9999 -9999 -9999 -9999 -9999 -9999 -9999 -9999 -9999 -9999 2.58055 2.58055 15.4518 11.8224 10.3095 13.5504 18.6518 17.8951 28.0716 33.6731 28.6646 32.6726 34.5073 37.5215 48.2381 46.3492 44.9918 46.1109 47.726 36.3725 38.7622 33.0886 29.303 39.4 34.3325 33.5703 39.2512 23.1009 26.8632 32.2816 32.7952 28.8413 26.5959 24.3113 21.8899 24.475 33.7247 36.0422 30.2835 28.463 38.3315 31.4107 25.9341 33.8426 35.8349 41.1639 36.6264 29.5292 29.2352 27.1742 23.5738 19.7024 19.7139 14.8384 11.2603 7.81309 7.95179 7.29395 7.19776
-9999 -9999 -9999 -9999 -9999 -9999 -9999 -9999 -9999 -9999 -9999 -9999 -9999 -9999 -9999 -9999 -9999 -9999 -9999 10.362 9.68977 11.6845 24.2037 24.7308 21.5117 21.4629 30.2243 44.7175 36.9915 37.4113 43.8836 44.1297 47.0023 49.7615 47.1632 42.6243 36.6201 28.4038 31.7283 33.7331 44.8316 34.3674 29.5606 36.1493 29.6732 32.088 34.1034 27.3502 26.9059 31.9647 36.5837 26.2765 33.3866 37.9084 40.1405 39.2883 49.1591 45.3604 38.8696 39.8977 27.8378 27.0819 31.7315 26.0829 23.9035 20.6397 26.1398 24.2537 23.7293 16.0694 8.92968 11.247 11.6488 9.85058 5.958
-9999 -9999 -9999 -9999 -9999 -9999 -9999 -9999 -9999 -9999 -9999 -9999 -9999 -9999 -9999 -9999 -9999 -9999 -9999 8.76935 10 11.1294 18.3819 22.2094 26.8382 29.2714 34.419 37.1051 39.6283 38.3317 39.7619 45.6163 42.0114 47.8888 48.8544 41.4041 36.9559 34.9478 25.642 34.3378 34.2636 33.5325 31.1564 28.7874 27.5559 29.2396 31.655 25.7137 26.1445 31.0172 33.4285 35.1642 33.0321 32.2586 33.4296 41.5442 48.0063 45.3355 44.6335 41.3585 33.7371 26.7769 20.1656 19.4539 18.0192 17.001 24.9274 18.6846 15.3151 14.4266 10.5837 10.0587 9.15715 5.74311 6.48474
-9999 -9999 -9999 -9999 -9999 -9999 -9999 -9999 -9999 -9999 -9999 -9999 -9999 -9999 -9999 -9999 -9999 -9999 -9999 11.421 11.5105 11.8679 21.3494 30.0704 27.3848 33.9811 33.1177 36.7697 39.1469 43.3229 46.3708 43.1709 35.231 36.8507 38.7607 35.6237 36.4511 33.0256 24.4081 35.0644 31.4696 30.1985 32.2182 38.196 31.8535 29.7548 31.4885 26.2804 26.0991 25.7724 25.0956 29.7709 30.5441 35.3614 32.1799 40.6803 46.1338 46.0091 46.1393 30.3236 26.7713 23.0178 17.1292 17.1176 18.7902 18.9966 15.6027 9.45147 11.1144 12.563 10.0366 7.0946 5.62777 5.7379 7.86432
-9999 -9999 -9999 -9999 -9999 -9999 -9999 -9999 -9999 -9999 -9999 -9999 -9999 -9999 -9999 -9999 -9999 -9999 -9999 11.9017 13.7478 14.5082 17.6218 36.5811 28.1919 34.7312 32.5909 42.0012 40.8087 39.1227 50.8168 47.2874 40.6863 35.1788 34.8741 39.9951 32.0197 29.7844 24.7593 25.4905 29.4847 33.561 31.0167 26.8894 28.3447 32.5085 33.305 32.4571 34.55 29.2816 23.4692 25.9516 30.9486 33.071 33.0078 34.7736 32.9643 37.8408 42.8166 35.0434 27.9564 21.2644 15.7662 17.9851 20.8894 16.4522 10.0872 7.06057 8.0145 10.042 6.06125 6.96269 4.58301 7.04475 7.36183
-9999 -9999 -9999 -9999 -9999 -9999 -9999 -9999 -9999 -9999 -9999 -9999 -9999 -9999 -9999 -9999 -9999 -9999 -9999 14.2468 26.1147 21.1564 13.1921 21.8831 30.4479 39.3323 30.9291 34.8672 38.8186 35.6183 35.6792 37.0543 39.5422 44.8301 34.353 40.4273 37.9616 30.5321 30.2244 33.4594 35.1353 35.9737 37.6948 36.9648 40.7965 42.0997 39.0685 34.6364 35.0323 35.4906 36.7324 34.1428 29.5316 31.7581 28.817 28.5153 26.3276 28.0411 30.0529 28.5397 21.4554 17.8674 15.2181 19.8954 21.5535 16.0022 9.75207 6.13345 5.52809 5.51292 4.2981 3.08895 2.86338 4.08805 5.34672
-9999 -9999 -9999 -9999 -9999 -9999 -9999 -9999 -9999 -9999 -9999 -9999 -9999 -9999 -9999 -9999 -9999 -9999 -9999 15.2431 21.5661 17.2193 13.9724 13.8292 25.2506 33.3184 28.804 41.1458 40.3024 39.9377 41.7506 41.1386 40.6685 44.7063 44.8576 48.593 44.5389 37.4627 34.776 33.6352 36.9752 37.8575 39.3095 38.6541 40.8726 34.4977 29.2148 32.145 35.0618 36.5832 36.3254 38.3929 30.9818 30.5928 29.213 27.7201 23.5428 34.6733 41.2333 23.9521 15.5107 16.6699 11.0433 11.5831 12.5803 10.497 6.28705 5.74009 4.85245 4.23793 2.15687 1.82085 2.83556 3.13427 2.69273
-9999 -9999 -9999 -9999 -9999 -9999 -9999 -9999 -9999 -9999 -9999 -9999 -9999 -9999 -9999 -9999 -9999 -9999 -9999 11.3679 13.5377 17.9149 13.4293 10.6307 20.591 23.2027 18.6655 32.9519 29.8646 45.271 43.9163 37.6029 43.1191 42.2489 50.0587 48.2268 42.1309 42.8308 40.0518 36.8078 45.3125 49.1826 47.5383 39.5055 38.715 33.6165 31.1648 39.7168 39.1643 34.4711 31.9947 40.3491 32.5624 31.496 28.6678 31.3336 27.0372 24.2166 27.1074 17.1868 9.31455 11.1714 9.76613 9.0401 6.07048 5.85104 3.79108 3.96766 4.17164 3.38699 1.82561 1.84118 2.64376 3.51448 3.12305
-9999 -9999 -9999 -9999 -9999 -9999 -9999 -9999 -9999 -9999 -9999 -9999 -9999 -9999 -9999 -9999 -9999 -9999 -9999 7.80699 8.22433 10.6421 10.0843 9.64603 21.0274 25.2103 27.7912 24.1552 23.7509 37.848 41.2136 36.4752 42.9154 45.0166 43.9377 51.1666 49.4967 46.9594 52.6835 56.0957 58.1095 56.2124 48.0528 50.5559 41.4839 43.4534 37.5963 40.5769 33.1029 34.5988 36.5727 36.8043 28.2432 27.0472 27.4208 26.3236 24.1241 15.7384 14.0197 9.04246 8.34186 9.96249 11.8572 8.7025 8.29702 5.27685 5.15944 2.21931 2.24511 2.4682 1.956 2.08953 2.66812 3.17574 3.63238
-9999 -9999 -9999 -9999 -9999 -9999 -9999 -9999 -9999 -9999 -9999 -9999 -9999 -9999 -9999 -9999 -9999 -9999 -9999 14.0092 13.937 9.39411 8.94586 13.9871 17.7938 23.9471 33.6137 26.2203 31.3057 28.8242 27.7892 29.9293 29.8071 29.0736 32.3081 32.4637 33.684 45.647 57.3721 59.659 62.8041 46.2057 46.4125 43.286 36.0175 33.3714 36.7642 35.6119 29.2634 32.0857 37.7236 34.6182 29.4269 23.632 19.1825 19.7904 21.9151 15.8623 12.3285 8.15505 10.9581 13.9537 12.7641 13.4024 8.06539 6.38266 3.68364 2.08599 1.97432 1.77051 2.01949 2.43836 2.36211 2.58441 2.16872
-9999 -9999 -9999 -9999 -9999 -9999 -9999 -9999 -9999 -9999 -9999 -9999 -9999 -9999 -9999 -9999 -9999 -9999 -9999 14.3895 13.8427 10.2688 12.321 16.6735 18.9914 22.8826 33.0981 36.3153 37.1159 35.996 32.5069 34.1819 37.0154 30.9504 28.2344 33.9288 40.2278 50.723 58.6557 55.2182 43.0027 39.8813 36.7929 35.0662 34.6414 34.1495 34.8113 35.3856 32.1307 31.4417 32.6017 26.4256 28.0304 27.1508 21.9873 18.9452 21.9292 19.3146 14.5254 11.7656 11.7068 12.5244 12.4931 6.00503 3.93611 2.28472 2.40821 2.35491 2.14314 1.81609 1.80731 2.13844 2.02791 2.19455 2.15314
-9999 -9999 -9999 -9999 -9999 -9999 -9999 -9999 -9999 -9999 -9999 -9999 -9999 -9999 -9999 -9999 -9999 -9999 -9999 18.6535 14.4626 13.1204 12.6398 24.9173 30.1506 23.4913 33.1385 33.9352 32.4087 35.23 37.4358 32.9864 33.436 34.5221 27.5866 32.1207 42.6984 50.3088 47.7009 40.4718 36.1643 39.6069 30.7304 30.3383 33.6755 32.9429 38.8159 31.8621 31.2708 29.2638 25.9139 25.281 24.6558 29.0893 26.1288 16.7874 14.8821 15.5924 18.1411 14.558 15.2986 12.5328 7.57912 4.36084 2.25712 1.62418 1.69141 2.29339 2.56643 2.45708 2.01266 2.43241 1.97308 2.18378 1.88363
-9999 -9999 -9999 -9999 -9999 -9999 -9999 -9999 -9999 -9999 -9999 -9999 -9999 -9999 -9999 -9999 -9999 44.9358 25.773 18.6723 17.7903 12.6166 13.7522 21.4029 31.7391 22.9932 30.3951 26.4487 33.7847 33.9187 33.4941 37.5601 41.8721 40.8741 30.9997 41.4519 47.7156 45.6097 39.9572 41.682 29.134 29.1629 33.245 30.7354 31.4223 29.3189 29.7082 28.0165 27.1064 25.66 24.0928 22.3798 22.8391 25.5027 25.5895 20.3464 19.7485 15.3205 14.1614 11.7606 13.4232 8.1781 5.51265 2.9729 1.7128 1.56556 1.98349 1.81314 1.97686 2.35745 2.19045 1.82911 1.95183 2.17557 1.78669
-9999 -9999 -9999 -9999 -9999 -9999 -9999 -9999 -9999 -9999 -9999 -9999 -9999 -9999 -9999 5.14655 5.11406 18.1329 16.6175 19.8292 20.8985 12.4671 13.9497 15.2983 17.8752 32.8099 33.8463 31.2108 36.9191 35.2737 38.7097 36.5599 39.0793 38.2623 35.3899 37.9354 34.2389 34.5671 38.8592 37.3697 34.4621 31.999 35.4609 41.6603 40.4876 35.2558 40.587 35.1145 26.7561 26.1397 26.1623 19.3613 19.1203 19.0967 23.2362 23.1619 15.9989 14.9106 12.3708 17.8201 10.5554 5.21382 2.79909 1.61768 1.56468 1.60717 1.88697 2.26954 2.17027 2.02751 2.28652 2.67105 2.89372 2.09169 1.70733
-9999 -9999 -9999 -9999 -9999 -9999 -9999 -9999 -9999 -9999 -9999 -9999 -9999 -9999 12.2993 8.09951 6.94695 6.99426 8.11383 17.9599 16.4989 13.7161 14.5341 18.5103 20.1646 27.0771 32.6025 29.2705 32.8629 29.4384 27.058 32.967 36.0048 33.4839 27.6608 27.0751 32.1097 31.4093 39.0607 45.5033 47.2363 44.0877 40.288 34.1649 32.0952 38.3819 39.9789 36.8638 36.0799 32.0364 27.486 20.1236 21.0409 26.9599 24.3933 23.8033 16.1106 15.7817 19.0582 18.5451 13.0132 5.25765 2.0403 1.69401 1.78791 1.87402 1.85199 2.90675 2.11204 2.09494 1.99951 2.33727 2.13588 1.87731 1.95589
-9999 -9999 -9999 -9999 -9999 -9999 -9999 -9999 -9999 -9999 -9999 -9999 -9999 13.6902 11.4999 13.5115 13.5613 9.70912 12.3158 19.6731 14.2333 12.9122 19.3463 24.564 24.733 30.3268 29.0116 29.7153 29.4475 26.2246 32.3947 29.6257 30.0826 30.597 30.2426 34.9241 43.4421 45.2335 47.6456 42.7602 44.2376 41.0622 38.6307 36.6027 35.173 41.9132 38.8306 40.5245 41.8386 35.3614 33.2348 26.7567 23.2753 27.4306 29.5104 21.4025 14.6245 18.2151 21.6607 25.6485 14.4153 3.67557 2.22289 1.58839 1.78761 2.22122 2.53367 2.17987 1.80009 1.93144 1.79333 2.16198 1.8385 1.77458 1.85324
-9999 -9999 -9999 -9999 -9999 -9999 -9999 -9999 -9999 -9999 -9999 -9999 19.3843 18.8682 11.4351 16.7156 19.1635 14.4096 16.1069 22.7118 19.9346 21.7112 27.1002 30.7232 30.7436 30.6637 27.0757 26.1205 36.4476 34.4988 40.0123 32.4194 37.3896 39.6582 41.057 54.1274 47.133 43.4513 44.6484 46.5177 53.7614 45.5626 43.0449 42.2992 31.9043 36.2547 37.4214 31.1678 27.4239 27.8762 33.0195 23.8602 24.9783 23.8796 27.7654 19.2271 17.2845 18.9589 26.1459 20.2851 5.34665 2.39909 1.92356 1.87566 1.98137 2.38302 2.12191 1.68398 1.8112 2.26254 2.08218 2.38701 2.10759 1.99248 1.55202
-9999 -9999 -9999 -9999 -9999 -9999 -9999 -9999 -9999 31.6706 28.1215 19.4601 21.2945 19.6439 15.8641 16.9348 23.6668 27.5256 22.6439 26.2007 27.1948 28.2517 27.9137 25.0638 22.5851 24.5858 26.3382 29.9008 46.2516 43.912 47.1286 43.3578 40.8248 36.4345 41.8442 38.6891 37.384 43.2828 42.328 49.4278 46.8767 40.7502 41.7094 46.0774 43.7589 33.6997 33.4203 21.3271 21.0487 27.0978 31.8118 30.7436 30.2192 28.2879 27.1123 24.0324 23.984 27.3448 21.974 6.52301 2.54273 2.95811 2.44557 2.00665 2.98364 2.63323 2.08701 2.79537 2.33229 2.17289 2.31081 3.25962 2.60386 2.41807 2.31193
-9999 -9999 -9999 -9999 -9999 -9999 -9999 -9999 11.0436 24.9376 27.2613 19.3532 23.1751 27.3038 19.6383 18.1293 23.8772 25.0686 25.4543 29.7626 26.4904 23.4206 20.8359 22.7908 25.1472 27.7741 34.8603 33.191 38.6343 43.2694 44.6815 36.2031 33.2805 35.828 40.9056 43.4091 49.6686 53.4123 53.0452 46.3561 43.1404 39.1005 40.2156 41.0173 33.0748 31.4111 33.0342 25.8012 26.7346 26.6289 28.1208 29.3916 29.9491 28.7803 31.9785 31.1055 26.9041 18.6364 8.75302 1.84086 2.11244 1.88558 1.5762 1.40758 2.23833 2.93205 2.42823 2.74325 2.40745 2.01481 2.47864 3.10309 2.57463 2.96515 2.25008
-9999 -9999 -9999 -9999 -9999 -9999 -9999 -9999 11.0436 18.9881 24.1155 22.6957 27.374 32.2238 25.2049 26.0037 28.6083 25.7524 25.8743 23.98 17.6776 16.9269 22.7018 23.6059 31.5877 26.9294 26.8752 27.1973 32.011 41.5407 37.4578 34.1198 34.0595 38.0386 49.8363 51.7214 58.8921 63.16 56.4322 50.7641 46.5837 40.7397 45.3959 39.8085 37.6773 35.4463 35.0423 33.982 32.257 30.9306 31.4625 28.5811 30.5174 29.2304 30.8713 29.9918 23.0215 12.4452 3.95341 1.62897 2.2306 1.72843 1.74239 1.46409 1.56304 2.40684 2.96911 2.44734 2.01468 2.13326 2.97043 2.68908 2.38946 2.42133 2.0005
-9999 -9999 -9999 -9999 -9999 -9999 -9999 -9999 24.1657 24.4016 23.9512 23.0735 27.4893 29.4925 23.4775 18.5781 37.1839 30.7551 20.5881 17.7238 15.768 19.0152 25.5726 31.9644 37.0862 26.8644 23.0457 26.418 31.9685 40.0628 41.5597 40.1448 37.6513 40.9829 47.5275 55.4135 63.2585 58.4314 58.8207 43.2825 47.5884 51.2438 46.205 46.0018 49.4465 45.6062 45.1665 41.3458 35.7378 34.507 34.0995 31.6983 32.1685 29.2672 21.9899 32.4545 24.1003 6.60273 2.04475 2.18524 2.59863 2.71609 2.22581 1.44616 1.66844 2.23114 3.45558 1.98823 1.67469 2.35776 2.509 2.67449 2.03904 2.25707 2.01378
-9999 -9999 -9999 -9999 -9999 -9999 -9999 15.2968 17.704 20.2672 21.8297 23.3758 21.3734 21.4646 23.7021 20.5182 22.6092 26.5646 29.248 21.1826 19.1347 22.0725 22.9683 23.8873 23.251 27.619 24.5979 29.2813 26.3861 29.128 31.9637 39.7521 39.7445 38.9665 45.16 55.3489 51.1696 44.8435 45.2719 46.0119 40.7434 42.0108 44.0225 44.7516 45.6911 44.3007 44.619 48.7463 40.3795 32.7206 33.8899 39.1565 36.0693 32.7418 30.4421 31.205 12.346 4.0775 1.81882 1.67181 1.81155 2.23292 1.63229 1.69973 2.4644 2.73308 2.41484 1.98472 2.00184 2.23588 2.06942 2.87234 2.39296 2.23684 2.59484
-9999 -9999 -9999 -9999 -9999 -9999 -9999 16.623 19.8081 22.2865 22.2884 26.452 23.8913 17.8709 18.0679 23.6027 23.4453 24.915 22.4019 19.5864 17.8535 22.0902 24.7432 27.3764 26.2015 26.0589 25.9164 32.7049 29.1337 25.7336 24.2865 31.8179 44.1293 47.842 53.7197 43.411 48.722 51.2769 49.3998 43.5289 40.2879 44.53 45.5842 45.1376 37.755 38.9123 40.0707 44.4928 38.9274 33.483 34.4452 40.4025 35.4913 31.0416 31.1048 23.4894 11.0765 3.11362 1.9879 2.07316 1.70513 1.72859 1.88269 1.82981 2.36461 2.43819 2.07046 1.76475 1.989 2.11682 2.14503 2.68118 2.25832 2.05877 2.49488
-9999 -9999 -9999 -9999 -9999 -9999 20.274 30.5687 19.617 23.3272 25.5578 27.3256 23.1732 18.2018 25.8174 23.515 25.8099 21.0987 18.9627 20.7657 17.4615 16.9376 20.0444 24.3062 27.0684 30.4615 31.9245 34.6685 33.0693 31.0636 28.7508 42.4477 50.8426 55.9459 60.0349 54.5873 58.0718 52.5836 53.2379 51.0114 49.6183 48.5442 43.2688 35.1952 37.5476 39.7075 46.4898 40.5071 35.46 35.7688 32.8078 32.6378 22.0081 16.1108 15.4267 17.3235 5.33969 1.85881 2.21592 2.16253 1.72217 1.75471 1.89397 1.96146 1.91685 2.00538 1.85041 1.63788 1.77151 2.20846 2.06858 2.7337 2.07526 1.86579 2.15758
-9999 -9999 -9999 -9999 -9999 -9999 20.1101 25.1894 20.3748 24.4075 23.7877 26.044 25.0829 21.5347 29.4067 31.1826 25.534 20.3902 15.0122 19.2545 19.1747 16.1395 14.6241 23.2916 24.9767 23.1434 29.104 34.4604 32.6172 32.6379 37.6722 44.4767 49.8083 54.1742 57.2339 53.0044 54.1421 54.3195 54.2153 51.7734 48.4504 44.1637 41.2213 38.0605 35.8801 42.6942 43.3797 36.4805 32.6098 24.9398 23.2114 24.3695 20.189 7.03462 4.87194 5.68576 2.70193 1.83731 2.01215 1.67281 1.88102 2.56986 2.12668 2.0317 2.30269 2.29685 1.95912 1.80245 1.98312 1.92055 1.69481 1.64962 1.92061 1.73712 1.7177
-9999 -9999 -9999 23.1145 15.2064 24.0208 30.7423 28.9649 26.2849 27.8914 25.9573 23.1889 20.7348 19.1719 18.6158 23.7223 21.7481 17.99 12.9962 11.7953 19.6196 19.4749 19.0714 22.8723 22.5563 36.7072 51.9354 42.063 42.1588 52.7228 52.7585 38.0717 40.3349 47.065 49.95 55.6074 53.315 47.623 55.7314 45.7384 46.043 41.5963 43.2747 38.3022 33.4569 31.8254 33.5309 38.1489 36.0121 25.3903 25.553 21.5512 15.391 5.61186 1.92179 1.41429 1.56977 1.97107 1.76696 1.69969 2.08209 1.94541 2.31671 1.77955 2.07263 1.90832 2.28807 2.12189 1.96256 1.77151 1.5901 1.8898 2.06328 1.85137 1.49962
-9999 -9999 18.6912 30.5182 23.7968 29.017 31.6185 25.7262 23.6987 16.6604 16.2087 23.1649 16.2962 12.8535 12.6823 17.9452 23.1898 17.5009 16.4887 14.633 20.59 19.6962 19.3455 20.2144 27.272 50.6718 53.1234 51.3367 46.9511 54.5719 53.9492 41.332 49.3755 46.5928 45.6573 58.6179 49.1702 43.2059 44.8312 43.4321 49.6221 38.6743 39.5517 36.0787 28.558 28.4225 29.8143 34.5827 32.5482 25.0811 22.0908 18.593 7.56075 3.36777 2.3506 1.78949 1.72942 1.89323 1.9452 1.51392 1.52162 1.83539 1.85766 1.88641 1.54694 1.63851 2.46235 2.21919 1.90601 1.87701 1.67475 1.74296 1.85631 1.91473 1.62165
-9999 41.3656 26.922 24.6496 25.5976 25.5231 26.4078 24.0674 18.1058 13.2699 11.02 18.0331 16.1162 14.8838 17.3746 22.6503 22.6375 19.9977 22.695 18.6705 17.7059 16.3205 18.5891 19.78 34.2786 61.1183 51.4219 42.4078 42.8901 51.1154 51.8882 42.6145 52.3586 50.5015 42.0248 61.3076 49.8215 51.3918 54.2736 46.1136 44.2411 38.7261 30.4522 29.4694 29.3769 27.2685 33.7208 34.0929 32.9688 22.8789 19.5407 16.5502 4.86015 2.93715 2.79836 2.291 2.01936 1.88171 2.14341 1.63265 1.47049 1.54599 1.61382 1.7357 1.44762 1.68011 1.92952 1.70855 1.946 2.06001 1.60899 1.85467 1.59501 1.63656 1.42761
23.8616 40.1771 33.346 25.9496 20.9619 16.4624 20.1155 20.0718 15.333 12.1206 9.83298 15.0717 13.7602 18.9627 22.4494 24.7924 23.0499 22.6159 21.3775 25.4577 27.7906 20.2861 22.8474 22.2276 34.183 59.6121 45.681 39.2264 44.0067 55.7109 64.3516 57.2425 50.5391 51.1401 49.7146 61.0619 52.5371 45.3401 44.9179 47.5432 40.0704 34.0317 27.4008 26.9798 23.7135 23.6781 33.0292 30.3761 27.755 21.032 23.3712 12.1901 3.32139 2.32722 2.52273 2.22821 1.89791 1.60683 1.52446 1.53149 1.16961 1.36483 1.37097 1.31712 1.61404 1.70354 1.77309 1.53382 1.57963 1.64796 1.18446 1.6707 1.47348 1.32915 1.25299
27.1196 41.2149 33.127 19.7185 25.9734 20.1345 18.868 22.7171 18.8053 17.5054 15.7657 22.7593 21.189 23.2541 29.0829 25.2794 19.2524 33.3969 27.4664 17.2943 22.6927 24.5934 23.7867 27.1784 33.8711 49.4465 51.5366 45.5708 39.8921 42.6944 58.1862 56.1811 46.1126 47.0402 44.6357 40.8978 45.9434 33.7518 31.4485 49.346 38.4792 29.0868 30.8279 30.0406 29.355 26.3698 25.4275 29.7684 26.7013 23.2777 21.1647 4.87515 2.715 2.67173 2.22015 1.37516 1.18882 1.4009 1.27139 1.40839 1.12869 1.11367 1.13519 0.968755 1.21866 1.32521 1.33912 1.30761 1.43175 1.30338 1.5268 1.86771 1.64702 1.44071 1.319
28.0887 34.09 33.9222 23.8877 28.1075 28.2458 27.5726 29.2506 22.8949 17.3271 22.7688 29.5579 33.1257 29.6204 26.9142 26.7221 19.867 19.8765 26.941 26.4798 31.719 30.548 30.2298 30.0426 30.9804 35.2611 45.7167 43.7807 40.5356 32.3446 48.4479 49.9479 43.9752 41.955 39.0547 36.5957 38.0025 30.6209 29.6356 41.4376 30.8021 36.0073 40.435 38.1086 29.3049 24.7195 26.0979 28.9741 21.0995 22.0466 12.4744 3.44438 4.67668 6.74418 2.06513 1.28921 1.61607 1.64117 1.331 1.2016 1.28826 1.03946 0.797059 0.936603 1.10821 1.19103 1.05601 1.22156 1.27994 1.33973 1.90235 1.6419 1.6268 1.58876 1.14894
21.9254 33.6421 28.669 22.4939 21.0127 25.5088 32.1816 33.43 32.5835 24.6068 25.881 27.4602 30.8471 31.7049 27.7495 22.5907 20.3591 22.6769 38.5811 31.1155 26.5222 25.2218 27.3533 33.6992 33.0473 34.2136 36.7815 40.9822 37.6461 33.2604 32.4729 34.4494 29.1622 33.9925 36.3746 42.3256 45.7506 44.3861 31.519 36.5949 29.629 40.3479 38.831 35.7053 27.8827 25.9799 26.1154 27.209 19.1355 19.7704 10.6511 1.99542 6.38941 13.5891 4.85309 1.84548 2.08042 1.90617 1.94678 1.20098 1.23624 1.08006 0.704346 1.15985 1.31773 1.45431 1.19824 1.30889 1.59957 1.85847 1.8418 1.50164 1.41817 1.16813 1.01489
