public/models/data/input/map/sulsel/1000/mapslope.asc
NCOLS 496
NROWS 622
XLLCORNER -95260.364462
YLLCORNER 9790791.912663
CELLSIZE 1000.000000
NODATA_VALUE       -9999
[rows 33 to 65 of 622, columns 225 to 299 of 496]
-9999 -9999 7.55818 17.484 21.624 25.7357 26.8612 29.3479 22.1155 24.2065 28.0872 31.6478 38.6708 19.9442 19.4819 25.6399 26.5048 20.2616 20.9634 22.771 22.5124 22.1085 18.5431 10.5719 8.83584 8.84011 9.79899 9.35812 8.11372 8.03641 7.43991 9.3259 12.0619 16.5553 22.2068 29.2105 25.081 21.9276 20.7592 28.2763 38.5386 37.0104 29.5232 28.7579 29.5356 29.8983 31.3869 46.331 27.046 25.5944 27.9614 28.5233 25.4954 31.5508 28.2102 28.8879 38.9359 32.6992 29.3068 28.9406 25.1754 25.8891 23.2227 20.1108 21.8095 18.8281 15.0196 13.0225 23.7686 36.4267 38.4678 22.5726 14.2182 17.5914 11.9037
28.3666 28.6098 12.9211 20.1252 29.017 28.5729 24.5857 19.1904 18.7267 26.0951 27.4513 36.8158 35.7849 22.8312 21.4184 22.3198 26.2074 27.6005 22.0533 21.9085 18.137 18.9034 17.0869 7.15125 6.37797 7.50844 7.83289 7.93898 7.77653 6.18543 6.11001 6.60527 9.78181 19.6105 22.1087 25.3391 18.8608 15.5511 19.4796 27.7369 35.541 33.9726 31.7605 28.3139 28.1152 33.9608 28.2347 37.6164 16.0199 21.2932 26.0487 27.1802 26.5042 23.0779 24.881 24.6095 29.504 30.9539 34.7729 33.4452 28.3135 25.1975 21.5392 17.7999 20.4677 19.1906 14.3454 16.7946 32.5232 44.9491 34.933 10.246 10.1224 15.5454 18.6771
35.7472 33.1563 27.5348 27.8207 24.3705 22.9012 25.176 18.5225 22.9159 36.8278 44.5162 40.8244 29.4056 27.0384 19.6106 20.8513 24.56 30.649 25.7042 23.9616 17.6515 17.7691 15.4004 4.42286 4.58346 5.48264 4.52413 4.62767 5.30971 5.47918 6.70446 7.21435 7.28507 13.5353 19.5146 18.3384 14.3747 14.9217 14.3443 28.1082 37.6686 38.5899 37.1098 32.7023 32.357 31.7842 20.2997 35.5876 22.8147 26.5965 28.499 28.9062 28.2519 22.6445 18.6115 20.5752 15.6878 26.6622 34.5235 36.3041 26.846 26.832 24.9921 22.3863 24.8397 23.4258 21.9079 16.5945 27.9202 42.481 39.9489 9.3722 9.68196 10.8657 16.6212
33.909 34.0193 33.3241 25.1527 19.2774 17.989 21.0048 29.872 45.2957 43.5222 42.3036 23.7434 25.1569 30.3193 25.2537 26.283 27.229 25.9624 21.7488 11.3396 9.8003 6.69673 4.27829 2.61552 2.51384 4.41831 4.19987 3.36073 4.0907 4.85985 6.06299 7.96582 8.45347 8.44288 9.99343 13.5012 15.6745 17.0053 17.071 23.2082 28.7868 37.0493 37.741 36.8831 34.7435 30.6715 20.5785 33.6051 21.4463 19.5293 24.6042 24.5759 27.0219 27.0261 20.7832 13.2599 14.4542 17.6787 31.741 29.6945 25.6095 21.2887 24.7712 24.564 28.3422 25.9785 25.9143 21.5089 28.9372 39.728 40.5303 18.8445 14.1129 16.1356 18.8686
25.7643 17.6287 22.1344 24.3323 20.3804 21.3258 24.7368 41.3079 54.2741 47.3567 33.2681 17.5054 27.5936 34.3327 25.4321 22.237 25.9604 21.6835 20.0576 13.2914 8.69328 5.65933 4.88277 3.46329 3.81329 4.08507 4.32008 2.91218 3.56019 4.97674 6.49425 6.58289 7.09263 9.30744 11.7887 13.205 13.4665 14.7753 15.6462 23.4171 28.6247 40.3334 35.2299 30.8594 32.9111 26.1791 19.2978 16.7731 16.6144 21.7496 26.9741 24.598 27.2191 25.5289 23.8507 20.4926 17.0429 17.2243 29.7564 29.36 23.1269 20.6117 24.8639 25.0232 21.7303 22.9356 26.9732 30.2178 36.3581 37.1447 38.4966 28.7162 20.5128 20.888 22.8848
21.696 22.646 24.1408 24.493 24.6815 28.9966 36.6266 53.994 39.5424 29.4124 22.5459 17.8879 23.1375 33.0486 27.842 23.651 24.2805 24.2414 27.4913 23.4836 19.7977 11.0286 4.94374 4.89331 5.55545 4.1273 3.63235 3.82082 4.87571 6.87751 6.06653 7.05854 8.12671 11.3218 12.0172 13.9313 14.586 16.9978 20.4723 27.6661 30.5319 35.4409 34.6016 27.6987 27.9396 25.9013 22.3269 17.978 19.503 24.7262 25.8016 26.2163 31.8877 27.4885 26.7154 25.1584 23.1306 25.9554 26.3232 28.4881 27.0293 22.7352 26.382 17.24 15.2179 18.1842 27.1311 38.3618 36.3535 35.2178 37.8193 27.0346 25.0421 20.6095 18.9875
30.3753 30.9208 26.5027 28.0678 32.1894 46.7574 59.3951 42.8101 24.9697 25.3671 27.2668 17.2631 24.4265 32.2999 28.3427 24.1721 26.9671 33.2111 28.9483 21.4109 27.9371 27.9826 12.2837 4.45796 4.33252 4.5851 3.58893 3.79968 4.17914 6.16703 6.39331 5.3027 8.11272 10.7699 11.6729 20.78 17.9957 18.4622 21.6426 25.0426 30.4209 32.9486 36.5764 31.258 30.2363 26.675 28.855 18.7934 22.8361 24.3428 24.8492 27.5258 27.6926 28.6587 32.9844 33.7071 32.5778 29.3185 25.6964 25.5119 25.7245 25.2313 23.22 18.0712 23.054 24.7939 26.8029 38.7235 33.4244 29.9534 29.2578 25.3076 23.7737 20.7391 17.3644
34.7519 28.3848 32.8353 60.3627 65.0567 52.9093 37.7269 26.987 34.7776 37.4612 32.31 24.9724 20.3477 29.3386 28.1241 20.3993 22.2253 28.2878 29.3974 33.3432 30.2962 32.9036 22.2463 4.915 4.43797 5.27095 3.56383 4.54915 6.98509 6.60651 5.79261 6.52963 8.18584 12.8813 14.5218 24.2425 24.4959 24.7714 24.4503 28.0704 32.2605 32.2416 32.1994 23.8128 24.2577 19.8681 17.0817 16.9474 17.9249 22.8643 24.0131 23.2404 29.0199 30.1205 31.2791 31.8191 30.3328 23.4172 20.6409 24.7264 22.0352 24.1878 26.993 29.3173 26.3123 23.9894 21.5547 24.6162 28.608 23.731 24.5677 22.038 24.0972 22.0841 18.7523
42.0491 41.9232 53.7154 48.4965 49.9396 40.7887 29.1173 38.909 39.6584 48.4236 36.8052 23.3562 23.9521 33.6802 31.856 33.6735 32.3755 33.9511 29.8795 34.0878 33.6212 26.1112 14.7761 3.7781 3.00691 3.50024 4.42637 5.49886 5.59563 5.27091 6.5629 8.12435 8.68378 11.7956 14.7744 18.1948 24.3717 26.4634 32.2752 33.3985 37.753 35.5356 29.9993 21.5429 22.7195 20.5757 21.9407 19.4265 17.3788 18.4505 19.4767 26.4177 30.7537 28.8683 25.1527 28.0922 30.3532 27.0039 25.2111 24.0865 20.0537 22.8523 24.8235 26.2645 19.5595 19.1384 23.284 30.7232 27.4801 25.4463 28.7624 22.4072 21.0087 26.8937 21.0698
45.4002 41.8575 40.9602 28.2195 25.9261 26.2098 30.158 32.6012 30.9425 39.5008 29.8862 18.6643 23.7872 32.9658 35.6275 34.2553 31.7262 28.6451 24.9004 26.3966 31.0809 19.6982 9.83496 4.39732 5.56203 5.06809 6.71815 5.69804 5.30792 5.25398 5.33427 7.03649 9.39404 12.8357 14.3037 15.4328 22.0616 29.2786 26.5784 32.6879 38.2938 33.7571 32.4119 27.4188 24.7134 24.0041 23.7705 18.8011 16.5485 16.1452 14.1219 20.6081 25.1192 27.6667 30.0823 34.1679 31.9998 28.3504 34.049 27.7353 22.2393 19.3554 22.3419 23.5674 21.0587 22.7251 28.6913 27.1108 24.6867 26.8945 32.5835 33.4511 27.08 35.4999 30.1376
46.1131 33.2874 30.8694 26.5295 27.1194 29.2926 29.9161 23.0646 34.3456 41.0127 28.6155 21.8078 22.535 23.3613 27.4229 28.9045 36.4696 26.4663 21.7902 21.4878 20.6639 12.4829 10.2988 11.8987 7.00362 6.61382 5.5048 6.04892 5.45373 5.7465 5.82377 7.57916 10.6936 14.1162 17.8632 18.3406 25.4156 27.2913 24.7403 26.4492 24.1963 30.4124 40.7241 30.2823 25.4937 23.3214 22.898 23.0471 17.2329 13.3824 13.6655 14.8246 15.4013 17.3076 20.9515 24.4209 26.1228 26.1911 32.148 35.1389 27.0605 22.4735 18.9363 17.6572 22.2689 28.7212 32.643 27.9893 34.9056 37.9772 31.5924 36.7244 33.7362 33.3662 32.6807
41.7731 32.6639 33.16 33.4244 29.2114 34.1168 33.7101 30.2041 40.7527 37.213 32.4195 26.0166 21.5763 25.7944 25.596 23.8834 21.3098 23.6736 23.2424 25.181 25.9902 27.6623 24.2739 18.7343 19.1691 8.14365 5.81872 5.74348 6.81079 8.16898 8.53479 9.084 9.81971 13.3024 18.9728 17.7272 20.9136 26.5586 25.6451 31.8649 29.4694 29.0827 31.0454 25.4953 25.4838 28.9838 27.264 23.3867 21.4607 15.2146 11.061 11.5959 11.0083 12.3199 10.4588 14.3628 16.7553 19.9788 28.5422 32.2776 30.9064 26.8105 25.0186 22.3361 32.2765 31.8614 32.8029 32.7503 39.1142 35.9774 43.6297 39.974 34.6695 37.236 36.9132
32.926 25.3458 26.4538 24.7735 22.2293 25.4218 26.9375 43.4115 34.8462 30.3484 29.6371 34.1174 21.6647 27.8569 25.6936 25.2094 18.1833 18.4693 18.5032 23.1525 25.6753 33.1917 27.1182 21.6642 18.6024 13.9302 11.0646 6.47354 7.23813 6.67456 6.23943 8.66566 8.86025 11.4707 19.0099 19.0907 21.6883 36.2567 39.0145 40.7049 36.5376 34.9939 37.3455 29.3941 24.5441 25.5264 27.039 27.3548 26.294 23.3634 15.4814 12.3673 12.2173 11.8582 11.0697 13.1337 13.313 17.484 24.2526 32.9173 26.8217 22.795 25.7047 26.1733 30.4256 31.3109 32.1702 31.6341 35.3489 30.7164 31.2403 43.1037 37.8905 33.4254 25.5565
29.8089 23.0122 23.9575 23.3573 16.1677 19.9062 24.4958 40.1008 32.8565 32.0586 30.4212 36.2434 25.5771 27.1125 23.157 22.1724 20.629 21.5197 23.7504 26.2694 32.713 30.4199 22.9063 20.8829 22.1959 19.3243 19.7701 4.8485 6.95374 7.23076 5.90102 7.39498 9.10011 11.3105 17.25 19.1842 27.0356 42.3857 44.6871 36.7796 33.726 28.5225 32.4149 30.5984 28.6667 27.0668 23.8248 24.4342 24.1752 22.9067 20.1879 14.236 14.0605 13.1342 12.6061 13.4356 16.0645 20.4792 26.4155 34.0162 24.3724 25.6726 28.4637 27.1095 33.759 35.2482 30.6043 31.7726 33.6046 28.7751 32.4023 41.4653 36.1746 35.7699 26.0233
39.6363 37.9189 35.8217 30.9886 18.5488 17.4941 20.4203 39.7418 34.7681 30.9289 31.3006 32.5383 37.6194 23.3586 19.6737 13.7095 13.6003 17.0974 26.5956 27.5887 24.1187 21.5313 17.2313 17.0985 19.3308 20.702 18.2909 5.55951 6.65045 7.53778 6.73729 7.27984 8.43115 13.0786 18.659 20.534 24.2277 41.6962 42.1316 33.5445 45.1844 29.3212 31.395 36.1254 31.3586 28.2036 25.7037 21.447 24.0006 23.592 25.7573 18.5321 16.1266 16.2842 12.2607 12.4901 17.1824 19.9082 28.3305 24.0831 21.0381 28.8404 32.9512 27.8504 36.2638 43.5108 42.136 37.1799 36.329 28.1522 26.2247 32.0795 29.242 31.2643 28.3762
43.6646 49.8916 39.4258 25.3639 31.1896 23.368 18.7472 21.2246 36.2431 36.1207 37.0925 36.6634 39.4999 35.6306 33.1578 36.6671 35.7638 46.0394 36.9837 18.891 19.0008 15.6803 14.9081 15.3962 15.4025 11.6962 6.97817 6.51117 6.26239 8.34326 8.36101 7.61252 11.3542 14.901 20.0142 21.926 25.3405 24.7556 25.7503 25.4976 38.3001 48.0171 37.9151 46.98 40.2265 40.151 28.5434 30.3587 22.7338 21.9349 21.526 21.9549 19.2383 18.1793 13.2164 13.6309 15.6523 18.5496 22.0652 23.3301 24.9911 31.7326 34.8642 42.923 41.8695 38.5723 45.315 52.9166 43.1263 37.5278 32.9607 31.8686 27.333 28.2986 32.4333
19.5983 25.7573 44.2759 27.2497 28.6217 22.3481 16.0745 18.7808 31.7846 35.7478 37.6805 37.3042 33.595 35.574 32.8619 26.8478 24.0926 20.6494 16.6144 21.1529 26.03 16.8789 16.2279 15.8363 9.20659 6.63022 6.81109 7.15581 7.64861 6.53499 10.4532 10.5048 11.3752 11.9223 10.8343 17.5536 23.9763 21.252 23.9575 24.3463 30.2279 38.118 38.2587 40.847 46.6573 38.7151 34.5749 30.1965 28.167 25.88 23.9507 33.0599 16.9398 16.7389 17.2047 18.2571 14.0131 17.464 22.151 24.9063 39.4751 44.8892 43.9656 44.4811 42.6134 37.6213 42.3001 46.881 48.4216 43.3802 42.8887 34.9706 27.2572 23.4302 31.1994
-9999 26.1907 47.8032 32.6584 29.2032 22.0017 18.0981 14.9311 24.3153 25.8883 31.7846 30.3618 27.7242 24.5554 22.1532 20.071 21.108 20.1996 21.9165 21.6173 23.4334 26.5564 22.1624 14.0405 13.0024 12.0885 13.1037 10.2905 9.35312 8.12278 7.70463 9.54948 10.8643 13.6763 16.1528 20.3007 19.5653 21.6128 24.2089 24.2652 28.8331 37.5394 45.4608 43.283 46.2524 42.3875 41.8273 29.1978 30.3331 33.2359 33.3085 27.6109 17.427 15.7076 14.8625 20.5876 17.9114 19.4076 24.3984 35.3224 43.9657 40.4362 40.47 37.4788 36.0458 35.1869 41.6734 44.6282 45.6181 44.9119 44.8927 33.2881 31.4103 24.2605 27.3563
-9999 26.1907 41.1451 39.7878 27.2964 25.9567 27.4494 17.9516 19.3347 18.4057 23.9026 24.6617 21.8099 18.8348 20.7226 21.1148 21.7277 21.1591 21.6475 16.159 24.9545 35.8671 30.9916 16.0735 20.3229 19.4299 17.3743 14.8974 13.2749 9.85719 8.13478 6.8275 10.9702 14.5351 18.6153 18.3072 19.1797 18.4988 21.0787 27.3515 26.2356 28.1473 39.0283 40.4697 40.2423 40.9879 32.3701 31.3425 32.9377 38.4903 35.7495 31.9458 20.9498 21.0931 29.0659 27.2256 20.1922 20.819 22.7142 40.2005 44.5331 39.0732 33.22 35.1534 38.9574 37.328 34.2172 39.1326 36.5852 35.7772 38.9401 29.2492 29.6136 25.0624 23.1178
-9999 -9999 -9999 -9999 -9999 24.7457 26.9236 24.8216 23.0472 24.1154 13.1164 23.6637 27.0825 24.3501 21.7786 20.5312 24.4778 26.9707 21.563 20.2967 23.4874 40.4708 38.8837 24.4248 23.1031 26.5821 27.3127 19.3963 15.5047 14.1031 10.3008 11.4711 12.7333 15.5281 16.1868 19.0265 20.1364 22.0896 17.2018 26.3735 22.8691 30.7769 29.0585 30.0315 32.5642 41.8528 38.3987 34.871 40.1961 44.1756 33.2944 28.4191 34.0309 29.1331 25.2817 29.2458 31.2823 37.69 39.4222 36.0586 35.8674 34.1478 35.254 39.2414 33.7371 37.1561 34.4735 32.9326 32.9014 30.429 33.1492 34.8936 32.4132 36.7934 29.4665
-9999 -9999 -9999 -9999 -9999 -9999 18.0967 24.6228 20.7156 26.7877 19.2172 19.9653 26.7154 25.3812 21.9812 24.9466 27.8712 26.6068 22.0508 12.6311 13.0977 23.8444 31.9461 21.0399 24.5523 26.7635 31.1792 21.279 18.1921 13.4916 12.4713 12.8952 14.2373 15.7095 19.3969 22.6204 23.5258 22.2239 19.7223 19.4728 27.4857 28.8048 30.9168 41.0233 42.1754 35.3165 41.4056 42.8316 52.3283 46.2401 35.9722 32.3204 39.3876 29.9132 29.6242 41.0889 36.5839 37.663 40.4412 45.4609 35.7225 31.7987 33.2857 30.409 33.7389 34.4596 34.2556 35.5229 38.8685 35.4025 30.6255 33.0704 33.1898 39.2298 36.3953
-9999 -9999 -9999 -9999 -9999 5.90651 14.8893 16.3178 15.6142 21.5206 29.1172 25.3659 23.4048 23.2728 22.8378 28.6075 26.8664 20.1228 21.3471 12.3289 16.3921 20.8064 27.68 20.5229 17.2207 17.6082 37.1436 23.6238 17.7672 14.7641 14.135 13.3857 14.7593 17.5318 16.5257 23.5451 21.371 20.6091 19.8529 22.3553 33.1869 26.7723 26.7631 40.56 40.9712 42.3591 49.4414 46.151 56.5594 52.8311 50.2022 48.9146 51.4339 41.0738 37.5176 35.9416 34.2529 37.34 41.6839 48.8354 38.3858 29.9313 33.1205 28.8108 29.8051 36.3225 32.25 30.6659 35.0413 34.3932 29.5836 38.6375 37.0745 27.7338 30.2508
-9999 -9999 -9999 -9999 -9999 5.79196 14.9022 14.8239 12.9363 15.8012 33.8846 28.1942 21.7373 19.6103 20.1402 31.433 27.1974 21.3249 20.2373 16.2968 16.2003 17.0692 20.5801 19.328 15.745 17.8565 21.4757 21.873 22.3284 19.2263 18.2052 15.9952 18.1221 17.3465 17.1077 22.6689 23.8951 26.0775 29.3403 25.3013 30.2545 31.7245 36.1571 39.0116 38.4437 37.1891 42.3214 44.4023 51.3379 52.9675 50.5464 45.3129 44.6225 42.3601 43.1911 42.3151 37.5565 37.8904 37.6475 37.7203 40.1195 34.8168 32.1645 30.6398 32.1396 39.8521 33.6125 35.8568 40.8836 35.5424 23.5901 47.2787 42.2554 32.5573 24.715
-9999 -9999 -9999 -9999 -9999 -9999 14.3604 14.0025 15.3614 16.9384 23.7964 25.2145 22.3909 21.8951 21.5595 27.0164 29.4773 23.8196 21.3616 13.3755 14.2865 12.4607 16.9786 21.2935 17.6242 14.0566 12.5797 18.2954 24.9021 24.9767 22.1238 23.9322 23.7146 19.2813 20.4519 20.5554 28.1514 30.0711 30.9876 24.7939 32.151 33.6352 43.3354 33.1192 37.0013 34.8986 37.3371 37.7931 44.22 51.9508 41.1323 45.8734 30.4462 34.2042 38.8129 42.4922 43.7562 41.0471 31.386 36.8365 30.2246 26.912 27.5364 33.4202 31.3399 31.7675 38.3481 54.8074 53.5463 40.5819 31.7725 42.4498 36.5918 31.6847 32.0877
-9999 -9999 -9999 -9999 -9999 -9999 4.83608 9.78484 10.4609 17.4251 16.0781 20.7473 25.1196 25.851 24.9326 28.3401 29.9433 24.9064 23.9263 16.3114 15.1573 18.1151 16.2987 15.2352 16.5413 16.7424 18.1974 21.792 26.4112 26.4148 25.998 27.6592 21.0784 19.1023 22.5034 22.8017 28.4264 29.4791 33.4353 30.7186 38.4871 38.0268 36.9885 37.3768 40.4117 32.417 36.1207 37.6374 43.7692 48.8646 41.4255 35.1266 30.2448 34.6323 36.1272 39.5012 39.7127 36.7811 33.3124 38.7852 32.9937 26.868 33.6259 28.4995 27.095 30.9177 43.9682 35.3958 42.5963 44.3567 34.702 37.1752 32.3641 34.777 35.6853
-9999 -9999 -9999 -9999 -9999 -9999 -9999 6.76486 11.4796 17.2787 14.5764 18.8433 23.8891 26.3317 26.0723 27.4084 28.2794 22.6646 21.6538 16.2974 15.8394 21.0055 20.2486 19.3421 13.633 16.2368 21.4313 23.2295 30.7796 27.167 23.6299 25.7361 23.397 24.3744 24.3417 23.2061 33.5087 38.2952 26.1766 29.818 45.2958 42.5485 37.5107 35.521 37.5591 36.9026 43.3531 40.7225 38.4523 45.8255 44.2221 29.2776 32.8612 33.8412 31.7231 38.3091 36.1786 34.5777 39.4034 44.6504 36.4691 31.4203 28.0009 30.3861 29.0122 33.9915 34.9592 35.156 42.2934 40.456 37.3209 38.4118 33.5601 32.0746 36.0087
-9999 -9999 -9999 -9999 -9999 -9999 -9999 9.20045 16.9785 17.5638 19.1223 25.2458 23.3366 22.4145 29.3921 24.5075 26.4618 19.3638 18.0298 20.9567 18.7445 21.2213 23.5263 21.7115 14.7631 15.7216 19.9637 24.1667 31.8137 31.3958 30.773 36.471 30.7871 34.4339 30.8895 28.3515 30.4245 32.0138 26.1285 33.512 52.378 37.6952 39.836 34.6792 28.722 35.1242 45.0593 45.3781 40.2496 44.0126 38.1053 25.2631 29.439 29.0659 23.4398 32.6164 35.8495 32.8228 33.1334 39.9643 32.8377 37.2227 25.5891 26.9852 24.8109 28.0175 33.6899 44.329 37.8382 37.2096 29.848 32.4821 28.2871 22.7653 24.1038
-9999 -9999 -9999 -9999 -9999 -9999 -9999 10.9946 18.9641 23.8921 22.2872 23.8425 26.1057 30.1706 26.3724 16.7682 17.2442 23.9922 28.7705 27.0788 24.335 20.8316 22.303 23.8636 13.1987 12.9262 22.419 32.9381 35.5875 31.8707 32.4331 33.7813 27.9738 29.8516 29.283 30.765 30.8396 35.2681 32.3764 38.7701 65.4007 55.2024 41.4484 38.7966 31.4202 28.7988 34.7407 40.6664 36.4907 36.7045 33.4459 31.7486 32.3405 30.6813 32.7133 31.6677 39.1537 39.5701 32.6805 37.4909 33.4545 40.0014 36.2155 32.6035 34.0402 39.8591 41.9303 47.4419 36.5747 37.9711 32.3048 30.4346 25.0926 22.1235 27.8077
-9999 -9999 -9999 -9999 -9999 -9999 -9999 6.48609 16.4516 26.7479 22.5105 23.4388 20.1147 21.608 24.573 17.1967 19.0875 21.5045 21.6796 23.2937 23.4335 20.6376 19.8996 18.6404 16.0812 18.5656 25.9114 30.7422 33.0203 34.6623 34.7499 34.2845 27.9166 30.3293 38.9449 36.5398 32.8008 35.1721 37.1379 35.5839 49.3766 63.5307 56.1973 37.1785 30.9487 27.4078 31.6498 34.0722 35.4295 38.3882 29.4566 25.422 27.4641 32.5701 43.7373 33.9894 33.3001 33.2405 34.0609 37.1815 35.1425 39.3477 36.764 33.5738 34.4003 33.9685 34.1315 27.2406 30.2509 35.8374 36.7938 30.0052 27.418 21.8852 17.2297
-9999 -9999 -9999 -9999 -9999 -9999 -9999 4.67437 18.1424 28.7248 28.9712 23.0583 11.416 13.6515 16.5371 14.8557 18.6158 20.9838 15.6616 15.4209 19.6057 19.7153 15.6787 18.2505 16.4838 21.8941 29.8824 24.7242 32.8385 35.7633 29.776 31.8116 32.3103 35.7683 36.1365 40.9632 41.0369 42.5034 41.684 37.6395 45.3027 54.8861 56.4903 37.0755 32.4636 29.926 24.8758 28.7787 35.4621 38.915 30.9938 28.7948 33.2363 36.4529 44.2975 37.6482 33.5992 33.3708 36.9538 51.0018 40.4246 36.9401 42.6673 40.8384 40.3885 34.0849 32.4059 23.165 22.6582 27.7702 28.4012 27.2095 30.2744 24.505 17.5019
-9999 -9999 -9999 -9999 -9999 -9999 -9999 -9999 24.7969 33.8292 39.4656 27.9734 20.443 10.2248 9.6509 11.3643 13.2256 17.7863 19.6722 12.0246 18.5039 20.9403 14.7614 15.4485 13.0759 21.7295 26.5189 27.1674 39.4526 36.281 24.4813 31.5338 32.4237 36.6046 51.3319 44.7144 40.1497 43.4626 42.7175 38.8392 41.1357 50.0028 42.612 32.0265 33.6393 31.1315 23.6698 22.5219 31.9975 33.5969 27.8063 32.9349 33.846 34.3436 36.4347 35.1837 30.6793 32.7518 36.8367 36.5321 29.8428 33.1355 47.1304 47.1557 39.145 35.8422 43.1654 27.2379 25.9744 25.4013 24.0542 18.8497 19.6696 17.1183 15.3344
-9999 -9999 -9999 -9999 -9999 -9999 -9999 -9999 -9999 -9999 41.0961 31.7921 24.3403 -9999 10.3046 9.65375 10.9735 14.2984 17.3443 28.6429 16.9967 19.7298 17.4727 12.1408 19.0581 30.9645 28.0278 27.5423 25.3742 22.3116 25.254 37.2068 33.7556 45.9561 52.7226 50.1895 43.9947 39.6292 41.7441 45.9158 41.421 41.2248 39.9055 38.7646 47.1155 43.3046 30.7324 23.776 30.1028 30.4845 37.9521 35.7765 33.6747 34.9381 36.8787 31.4598 24.9466 34.4475 32.6328 31.4118 33.199 40.7174 50.4933 55.6252 40.0526 40.0351 32.1461 27.5689 22.482 18.6253 16.9066 13.9089 15.0276 17.5044 18.1007
-9999 -9999 -9999 -9999 -9999 -9999 -9999 -9999 -9999 -9999 -9999 -9999 -9999 -9999 -9999 5.83308 6.9766 8.81759 13.7174 22.1682 12.3478 17.4576 18.4153 19.8113 25.8228 32.0861 29.3594 29.414 28.655 33.5681 30.8029 45.2253 41.8658 42.9428 40.4804 41.8557 37.5071 30.6276 39.7603 43.5906 36.6273 35.1102 34.9429 30.0861 38.1514 33.835 27.126 25.975 24.034 28.4381 32.263 32.8148 34.3952 40.0108 36.4066 30.7109 31.7277 36.4343 37.9743 48.7551 48.8419 53.0891 41.5315 33.5684 36.9264 44.17 32.8427 26.2047 22.1079 15.289 9.15155 14.9833 15.543 18.4082 15.4774
