public/models/data/input/map/sulsel/1000/mapslope.asc
NCOLS 496
NROWS 622
XLLCORNER -95260.364462
YLLCORNER 9790791.912663
CELLSIZE 1000.000000
NODATA_VALUE       -9999
[rows 66 to 98 of 622, columns 375 to 449 of 496]
15.2116 25.8607 22.6179 27.1739 33.0136 25.5763 23.4662 20.5998 16.377 15.4125 16.0671 20.5147 21.8593 34.5832 38.5234 25.9823 23.9937 19.5857 19.8303 19.8579 17.277 16.9181 16.9137 23.0909 23.3021 20.5595 26.1729 31.8198 29.4076 20.9106 24.1261 30.5921 19.8222 12.8071 0.452825 0.000662913 0 0 0 0 0 1.97787 0 0 0.0439635 8.84929 20.1824 25.1445 27.517 23.5999 18.556 15.9493 17.4812 23.5504 22.4724 22.9129 18.4953 15.867 22.7898 28.0122 41.6701 39.8651 30.5619 23.7587 23.5738 30.0832 37.8709 30.7131 24.9589 -9999 -9999 -9999 -9999 -9999 -9999
9.94434 32.1151 32.6932 34.9053 33.4556 34.5977 27.9752 31.4467 20.7711 14.7689 17.4793 22.0955 23.7928 33.6427 36.5235 29.4674 22.1955 21.0433 18.1061 14.8976 13.2267 17.1211 15.6624 17.598 18.8825 16.1295 22.0708 23.3733 30.3009 41.9949 34.2167 29.5412 34.2831 39.3747 19.038 2.70032 0.212639 0 0 0 0.0599729 1.91461 0 0 0 0.546044 5.69948 12.2616 14.7407 31.6238 35.9124 24.1303 19.5807 14.5631 11.5153 15.2313 16.8169 15.0824 22.2014 28.89 27.3842 33.5706 27.9612 24.607 24.281 29.617 33.9484 31.8431 29.0586 15.9018 -9999 -9999 -9999 -9999 -9999
7.3811 27.6086 35.5536 29.0301 28.374 33.6867 32.7042 26.8329 25.1681 20.0619 18.3113 22.3207 27.6614 31.9333 33.8735 32.6256 32.2257 27.3162 37.1216 18.8843 15.6497 13.1274 20.2873 16.8405 11.374 16.0166 25.4086 30.0717 33.1037 27.437 26.0865 31.7968 22.9419 37.6682 36.586 17.1662 4.33674 0.547497 0.260181 0.173689 1.62484 0.563366 0 0 0.0196155 0.11119 0 1.39709 3.7173 6.59618 18.6578 19.7386 23.8277 20.4178 21.7431 19.826 20.3336 22.9859 19.0803 29.7232 31.2424 15.7425 19.0384 22.3528 21.3314 28.5509 38.4957 38.6838 31.2137 26.5485 -9999 -9999 -9999 -9999 -9999
11.0137 22.3606 35.1821 35.0724 39.2614 35.3412 31.4146 20.0163 15.4534 10.7598 16.8317 16.8168 14.564 24.5425 25.8094 28.122 30.1452 31.7258 35.4285 34.074 20.9261 19.7298 23.8782 17.5193 13.5509 20.6769 22.5384 35.0614 33.1074 26.4319 29.9194 33.9832 26.6101 36.6926 28.3772 21.7793 12.7854 4.34585 7.23 7.08443 9.07275 6.06183 0.79639 0 0.193619 0.284285 1.17062 5.70568 6.51503 2.49199 5.96622 11.5603 14.3072 18.5713 21.2041 20.3603 22.1176 30.2392 26.4868 30.6372 24.5061 19.4861 14.0106 15.4591 19.6736 25.357 28.6628 33.8206 35.0075 30.9352 27.9389 -9999 -9999 31.8412 34.1376
22.4837 18.3657 26.6963 36.0287 37.3732 30.5804 18.2333 7.37698 11.586 13.3813 29.4242 35.1677 37.3578 35.636 24.2117 17.7051 15.2106 21.4229 23.4138 32.9867 33.5547 21.7911 18.8566 20.485 20.4829 24.3255 17.226 20.9873 24.4251 26.8224 16.545 17.9509 20.4005 30.6839 19.8535 20.8753 31.5015 14.1201 12.6473 14.1285 22.1119 16.227 8.81233 2.57891 0.433069 0.145236 4.22877 13.0199 12.9757 10.2045 9.44963 10.8716 8.09491 11.4904 15.7151 18.7464 22.4652 27.5859 26.9734 23.1158 20.0421 22.5622 14.4301 9.53945 11.9953 14.5197 18.2457 20.1829 24.4798 31.2825 24.7591 15.1505 11.1445 15.3155 32.4533
24.8348 18.9083 23.3375 32.5453 37.1764 32.6145 24.9984 18.0215 10.9528 15.5351 31.5402 34.9075 28.6795 30.5491 34.7504 28.3058 27.2198 25.2953 16.2354 16.2433 28.7037 27.238 19.826 17.8769 30.5668 21.7751 16.733 16.7219 14.7023 20.1668 21.4667 31.1049 27.4879 30.6604 24.964 25.656 32.0448 13.9748 9.50942 8.74351 12.514 14.189 14.3143 9.48082 1.37726 0.4265 3.14829 10.7998 14.0977 14.9184 16.6107 19.267 12.2569 10.9984 13.0949 18.9921 15.2028 20.7375 18.0098 17.1149 16.7592 19.5607 14.3624 8.24447 10.0006 11.2686 14.8976 19.5416 20.4611 23.5037 25.2226 25.0106 26.4531 23.3425 29.6962
33.3853 31.9984 29.6413 38.3894 30.9934 37.0449 31.6947 24.5967 21.9428 18.0158 26.5524 29.6471 36.5478 23.7094 22.3704 24.8892 36.1913 35.3651 33.3312 18.7112 14.889 15.1524 18.1154 15.4243 18.2632 19.1979 11.7679 14.093 16.6085 24.6102 35.0366 35.8586 34.1897 31.4095 19.5882 17.4897 15.0135 11.385 11.799 10.8363 10.2965 9.06206 11.9846 12.3156 4.52196 2.43402 6.57616 13.514 13.6728 14.0489 15.8669 20.1022 24.7318 28.2047 27.0578 29.1257 23.6178 16.1828 15.7821 15.9438 9.70976 10.2296 10.9746 10.1175 7.778 11.5785 14.337 19.2305 18.1552 25.6496 30.6244 29.8015 30.3223 24.0653 28.4198
33.594 28.9317 27.7415 30.7397 37.3599 31.2078 32.8049 32.2039 28.6115 20.7984 23.465 24.5044 40.8788 30.5293 25.2225 22.0401 22.9968 40.0852 39.962 33.8042 18.848 15.9427 13.8454 17.7288 15.7392 21.4148 9.28473 6.98317 14.4314 22.5484 42.4126 33.2355 31.4505 33.579 23.5088 20.8057 14.0329 12.7734 13.4003 9.26546 8.6789 15.8488 11.2057 13.2973 9.86794 12.9334 14.3165 18.2124 19.4944 16.7484 20.8924 24.7557 20.4046 32.0822 41.4257 26.0164 19.2217 21.854 9.68369 13.2554 11.2538 8.59322 6.58095 8.01546 3.96326 10.4335 14.8255 14.4002 20.0183 19.56 20.0807 23.637 29.2142 21.9141 29.4862
15.6779 19.5017 22.3395 17.1337 22.8149 30.0839 32.0141 33.9304 23.7341 25.6948 25.8685 17.1529 29.0801 38.6348 39.8972 34.6832 19.5166 25.7918 34.9454 37.7813 30.6818 19.9053 15.6629 13.2603 13.8174 17.1181 14.5 4.55966 5.12809 14.9011 34.3455 42.5642 26.719 27.1018 29.3007 21.3184 16.4653 13.5656 15.4713 11.5452 8.48946 10.8584 10.2985 16.212 19.4576 24.2315 20.4543 25.4079 20.7541 19.5483 26.2646 27.1567 10.1082 11.2643 23.8947 10.5529 10.9266 13.9694 6.33841 5.43994 5.62678 5.26966 4.93253 5.96303 4.26891 8.44252 12.6935 5.93007 12.3677 12.7729 9.37084 15.1043 25.206 24.9979 28.3847
2.78363 7.43661 10.1615 7.63434 5.93459 14.4237 23.2934 29.7246 12.5768 27.9898 24.6872 19.9992 15.3363 22.4064 37.646 50.032 28.9582 22.1511 31.577 29.1042 31.5279 29.5847 18.4456 18.835 16.7734 15.1888 19.5638 9.25278 3.63747 5.9993 15.2661 33.4852 32.6414 28.5645 23.5042 21.9447 15.9099 13.1227 13.4299 12.3024 7.64522 11.4854 8.9899 9.41121 11.8884 11.614 9.48654 13.1544 20.9629 26.6782 25.9348 16.6905 2.66904 1.63304 4.66089 3.71356 5.73653 6.55607 5.34495 4.21317 4.20808 3.61056 2.61061 3.27377 3.54728 3.54601 3.12823 3.83094 4.5081 3.98929 3.88772 4.74689 11.5408 25.2091 28.9547
1.55419 3.5857 2.01784 3.0803 0.901388 5.13708 4.52533 3.82659 6.19562 22.3248 23.8312 19.3801 16.6717 28.2056 33.9776 46.6821 57.7054 34.6083 30.0561 29.4656 21.4191 28.1499 24.818 23.7163 29.1456 19.9081 6.04487 10.7777 7.61322 7.2573 10.7463 16.7979 30.2835 33.0164 28.6141 21.6955 19.8613 16.0911 7.37871 3.44673 7.45761 9.63026 6.08424 10.0205 20.19 33.2878 12.045 12.0382 14.9313 7.0514 1.93625 0.330567 0.0990361 0.124607 0.66874 1.4342 4.36798 14.8954 4.81239 3.14131 2.75278 3.00196 2.60051 2.61315 3.1182 2.75136 2.35773 2.73369 2.7133 2.67523 3.93022 7.80467 4.58294 7.059 19.541
-9999 3.35217 2.09782 1.4889 -9999 16.0905 19.904 10.7138 4.54339 7.69669 10.7257 14.1144 21.4213 30.0384 42.6891 39.0877 40.021 38.4911 41.6278 30.9531 19.9574 21.3542 17.5825 19.2284 24.1504 25.2641 12.2176 14.936 15.9309 12.5792 14.1008 18.4147 15.7833 17.7355 20.9663 19.2712 19.8038 16.4354 4.88218 1.6204 6.16248 7.20391 5.53229 10.5795 24.1018 15.8443 13.0063 12.3455 12.2494 11.2728 6.90476 0.454895 0.340655 0.442716 0.885094 1.17636 4.25013 5.52438 5.5148 4.58726 2.80829 3.77903 3.05246 2.65682 2.43322 3.97095 4.37229 3.69246 2.80311 4.7104 3.90244 3.63635 5.30966 5.07415 8.70491
-9999 2.27547 2.5376 1.90926 -9999 8.01956 24.5489 24.4296 15.61 3.436 3.39012 7.20004 14.6922 24.0561 37.5338 34.7873 34.1052 24.3272 34.6008 41.0057 29.7171 24.9059 20.4369 20.1048 20.4917 20.0491 12.1534 13.1234 24.3295 16.8786 16.4021 18.1485 19.2739 17.502 15.1845 13.682 18.5361 20.1287 6.66245 1.70182 4.32278 10.0471 9.53535 11.68 12.3831 12.8661 13.2513 13.1021 13.1456 13.5258 6.31791 1.08193 1.49397 1.24342 0.670182 1.57062 5.26145 4.47368 5.1853 4.09808 4.19183 7.50137 3.90587 4.09226 3.5049 7.6488 13.1066 11.8106 11.0175 14.3787 10.2372 4.14465 4.56557 2.81603 5.9142
1.60743 2.23106 2.85 4.48302 -9999 3.96162 19.6271 25.6863 16.8731 3.32909 2.7696 6.86984 17.5926 18.7577 29.4839 37.0383 40.2761 25.0136 27.4751 37.4563 28.69 26.5574 21.23 19.9713 24.4699 28.6071 19.7296 17.8052 21.5485 14.9847 12.2764 16.1304 31.1382 42.7337 28.6858 15.9049 14.9409 26.4023 13.4097 2.30363 3.55588 11.738 13.6017 18.4466 11.3448 13.111 11.0782 9.88696 12.0266 9.74378 10.2823 10.0925 7.38189 3.82728 2.31246 3.73158 13.6982 4.61036 4.56575 4.56065 13.8726 9.96685 4.66098 5.4402 8.62968 21.2199 21.9842 19.8879 17.028 21.1601 14.7715 5.07523 7.27635 11.425 11.0214
9.289 3.39478 3.62951 4.51817 1.56945 5.01752 20.336 24.3352 12.2499 4.64093 4.61906 7.31527 11.9923 19.9 40.4026 46.8202 40.1643 32.8078 28.2904 32.7254 36.9703 42.8947 48.4277 45.718 40.0497 32.8679 25.1789 21.9506 17.0428 12.5413 10.4051 14.1195 19.8972 40.8724 24.4992 16.5789 19.3088 19.1279 17.3847 7.81551 6.63704 18.7777 13.9121 10.3083 8.0935 9.78142 14.7945 14.6668 13.8661 10.0605 13.123 20.9766 17.7019 13.3603 15.7381 13.9067 19.2503 5.16974 4.52933 13.3959 21.7965 3.74664 7.31176 8.16289 14.2478 22.4643 26.1928 23.465 16.2647 18.1878 17.7592 15.424 20.6744 18.5586 12.3853
8.04677 3.31764 3.65545 4.17631 3.29936 7.5665 17.9119 13.3068 4.71682 2.89909 2.37704 5.52539 12.7867 19.1748 38.1342 42.5901 41.6746 30.9795 25.5544 30.7864 33.631 32.5831 23.7455 21.3344 19.7044 26.9384 21.8188 24.0715 21.935 14.8054 14.3982 18.6181 22.3154 16.5711 5.79231 9.2107 17.4755 11.2086 10.7119 15.6244 19.0215 8.25484 9.00437 6.7537 5.16811 8.89224 16.9956 18.6499 18.631 17.0286 21.9875 26.1258 20.0702 19.9795 25.7322 27.4633 24.3747 4.64758 4.72102 18.5527 24.8484 13.3675 13.834 13.8377 22.7362 22.8778 21.1654 21.6285 22.52 25.6122 30.3133 30.3115 24.3186 18.7915 15.7423
8.04189 2.49738 3.31371 4.97318 4.00679 3.62282 7.09836 3.80946 1.20284 1.64863 1.75027 3.44703 11.8185 17.712 26.6742 37.1624 36.0276 32.2371 25.7944 29.9199 30.223 33.5892 30.3905 22.3455 26.1467 20.7701 15.4087 31.328 31.3579 21.0582 22.8596 24.0675 27.3701 14.816 7.77296 4.6143 5.02557 3.78387 3.26064 3.27467 5.81944 8.75011 11.0869 7.50978 5.34223 4.12239 5.05651 5.66893 11.6839 13.0957 22.8372 30.0045 25.5566 25.3169 17.9953 16.3576 15.4069 7.28273 10.8677 24.2511 30.9906 28.9617 26.7809 23.1267 21.639 22.0117 23.0817 27.3774 29.4685 33.4259 26.0401 24.64 24.4198 24.3008 25.7581
5.6526 3.01748 4.38047 8.08036 16.7022 3.64285 2.16087 1.57546 1.12662 2.10474 2.0582 2.15493 6.03194 19.5797 20.635 30.255 35.0413 30.9644 25.9183 30.1865 34.2641 33.3586 31.6997 24.564 25.3264 29.7398 21.4887 27.8449 26.1218 19.748 25.5559 29.7221 26.8923 21.7418 20.4059 11.5918 3.83589 2.80997 3.79501 4.02477 4.24099 8.48495 8.47485 6.14261 3.95477 3.90095 3.32128 2.00364 1.22459 1.54277 5.14782 16.4048 27.9369 23.9987 5.38936 4.80438 8.07204 12.2683 23.7992 34.3629 31.4875 33.7313 34.3892 27.4654 24.152 24.042 32.7709 26.8109 19.9944 17.7606 17.741 13.6605 18.5467 26.9317 30.8645
-9999 3.91592 7.32537 6.96677 0.862475 2.1577 1.55328 1.32331 1.69995 3.35254 5.47899 2.70695 2.43541 12.6439 17.8323 24.4875 34.7312 34.0164 36.4387 32.177 30.4216 26.2449 22.4669 21.3264 20.8923 12.1354 22.2627 29.4698 30.0904 23.136 30.4997 26.4255 16.4121 19.2824 27.0999 24.9034 12.3389 8.81107 9.57928 9.83354 4.5748 6.26164 6.8706 4.5817 2.9123 1.18065 0.833165 0.609693 0.911807 1.07532 0.384904 0.361915 0.417292 0.634148 1.09527 0.273742 0.0821709 0.459395 7.82278 8.72918 0.657177 1.70501 4.32612 8.63255 25.4686 32.0934 28.5008 12.7849 0.368944 1.90274 4.34127 2.55197 1.07 16.6235 31.7206
-9999 2.62877 2.62877 1.98824 0.877402 2.19397 1.18775 1.25 2.41311 4.64815 7.69136 6.44339 4.13386 5.35979 12.5426 21.3775 27.5501 31.3804 32.9893 33.069 30.7314 19.9644 18.7093 16.9531 22.9691 12.0661 17.4052 25.8463 24.5212 31.096 27.7917 30.202 21.2216 18.0009 27.1883 34.6537 27.4609 32.7038 39.8939 34.5954 9.10644 8.88711 9.84185 3.87915 0.796133 2.13186 2.10012 1.53051 1.16651 1.69483 0.595248 0.184157 0.0773719 0.340989 0.272772 0.172263 0.0177561 0.106554 0.020893 0.020893 0 0 0 0.365626 3.06478 25.3605 19.7602 5.89058 0.401749 1.16525 0.581101 0.0822968 0.161314 6.79093 20.4739
-9999 1.86654 1.0232 2.09381 1.91384 2.23089 2.65899 1.70631 2.30063 5.07014 6.5785 8.06051 7.51737 5.75944 3.8178 11.7891 14.9835 22.2522 28.1435 29.638 35.1002 26.4988 17.832 15.3853 23.4777 19.47 18.1537 15.5563 17.8688 21.8495 24.4408 27.2226 22.253 15.7679 27.4148 35.2513 36.6624 37.8904 46.9864 33.0852 11.0335 6.71152 14.9927 18.7279 10.2712 7.25449 2.87864 1.82994 1.35764 0.312276 0 0 0 0 0.154643 0.154643 0 0.105571 0 0 0 0 0 0 0.00441942 12.8401 17.1637 3.24733 0.507891 0.847588 0.868557 0.229827 0.00400103 1.33937 7.36562
-9999 -9999 0.445079 1.06912 2.64029 2.34729 3.22176 2.49648 2.83391 3.58458 6.96908 5.75877 3.31518 3.47155 3.05625 5.9726 18.1 20.9024 21.3594 23.622 34.7791 24.2793 12.9681 14.4307 21.7796 30.6525 34.88 31.4055 19.5353 13.7978 16.3317 21.2468 20.373 16.5932 24.9813 28.7315 39.3625 40.0837 43.9274 32.9381 16.3993 7.24194 10.8212 17.2308 23.1827 15.9126 3.20963 0.277353 0.151606 0.106226 0 0 0 0 0.155048 0.155048 0.0107206 0.0941948 0 0 0 0 0 0 0 5.02928 20.261 7.86149 0.0927361 2.09067 7.21417 1.35232 0.106391 0.682055 5.74749
-9999 -9999 2.08588 2.08588 -9999 -9999 -9999 2.12745 2.30427 2.02749 2.96666 2.61914 2.83967 2.52356 5.2559 8.58566 20.2086 20.5779 17.6061 23.6716 25.7322 20.2906 6.57065 9.79951 18.983 34.0856 36.1107 38.9466 36.4901 21.2272 15.5025 14.4353 12.1251 15.9806 21.0887 27.0864 18.8891 22.2448 30.6117 36.2258 27.5428 17.2917 17.3507 27.1585 17.4769 2.93467 0.288448 0 0.0224459 0.0834527 0 0 0 0.0222055 0.177057 0.11044 0.0951779 0.0107206 0 0 0 0 0 0 0 1.12016 9.77838 7.48825 0.356781 6.07367 62.4165 44.62 0.279874 0.431681 6.1094
-9999 -9999 -9999 -9999 -9999 -9999 -9999 2.045 2.22113 2.56645 3.7363 4.86075 5.37475 7.91879 17.3945 22.4861 23.2039 29.7086 20.3835 24.4227 26.1971 14.3866 7.30077 8.73407 19.524 35.9988 24.7917 30.4602 32.0491 26.8225 17.8895 13.9812 14.0613 14.5066 11.5537 11.4805 13.604 14.5419 17.3488 27.7238 36.5662 29.1492 22.3559 27.4873 31.92 8.9906 5.31499 1.32075 0.131466 0.0117905 0 0 0 0.0705097 0.225107 0.0135783 0.104588 0 0 0 0 0 0 0 0 0 0 0.00339499 0.00113166 2.36448 11.1721 4.16603 0.280725 11.2089 4.81954
-9999 -9999 -9999 -9999 -9999 -9999 -9999 1.56728 2.57829 3.87334 5.86824 7.84897 10.421 17.4772 27.4002 31.8924 31.243 36.082 28.7788 26.349 23.9376 7.63677 6.24381 11.7708 15.514 27.864 22.8922 27.2518 32.2464 29.3669 23.4133 18.4249 17.5379 9.71641 9.42805 14.055 23.2036 23.3781 23.2405 27.2551 29.8679 31.68 29.2676 33.546 38.1924 21.5902 18.9019 7.24543 0.23731 0 0 0 0 0.0773775 0.232132 0 0.106554 0 0 0 0 0 0 0 0 0 0 0 0 0 0 0 1.32587 31.6442 5.39711
-9999 -9999 -9999 -9999 -9999 -9999 -9999 0.91466 3.46933 5.66039 6.91219 16.8388 34.8915 35.924 31.0461 36.9003 38.1493 30.2698 35.9102 29.6376 22.5284 7.40285 7.53811 10.6067 14.3473 20.6255 28.4843 25.4465 30.6255 34.8322 28.3389 28.1947 21.4425 11.1913 14.4279 24.8811 29.7236 24.5459 25.6866 25.2076 29.8161 26.9301 25.6226 36.1286 39.7884 20.5035 23.9131 7.97298 0.151614 0 0 0 0 0.0769196 0.230759 0.0210589 0.0841842 0 0 0 0 0 0 0 0 0 0 0 0 0.0902584 0.127269 0.232248 2.61389 9.72351 9.27199
-9999 -9999 -9999 -9999 -9999 5.75488 1.49071 19.7099 18.8384 4.2171 14.581 31.6636 39.1292 39.0484 43.3541 43.7624 39.8277 34.8623 31.2414 34.8999 27.9989 8.72998 6.59166 8.60747 11.471 16.1456 22.9653 31.0603 20.8651 35.1367 36.0002 38.8157 34.3435 11.8726 14.6304 26.6557 30.9403 30.0586 34.1376 33.0886 33.9402 28.8977 22.8339 31.6632 31.5823 16.4173 19.9801 6.82636 0.177115 0 0 0 0 0.151152 0.158762 0.0783438 0.0278824 0 0 0 0 0 0 0 0 0 0.0167779 3.36825 5.13592 12.384 16.6993 10.3035 4.30888 6.67809 15.331
-9999 -9999 -9999 -9999 3.94977 11.8407 11.1552 12.1033 22.5958 6.61523 13.1965 33.4244 43.9383 39.3829 44.4484 42.8995 35.5551 33.2813 31.5203 29.1719 32.5165 12.0412 8.23496 8.69327 11.0925 14.8122 17.691 24.4298 23.5893 28.4012 31.3206 45.3483 36.6106 9.8814 14.8859 17.7328 19.2481 18.7042 24.8707 20.7643 30.4496 28.9048 19.228 27.026 20.1506 15.5346 15.2668 11.198 1.05265 0 0 0 0 0.293446 0.0154778 0.0786866 0.0262289 0 0 0 0 0 0 0 0 0 0.737334 13.4073 21.6117 18.3178 15.659 15.8736 11.4116 12.3374 17.5282
-9999 -9999 -9999 -9999 3.94977 29.2024 27.8308 19.1993 19.5979 10.8629 8.27625 21.7579 42.4002 40.0638 38.2537 35.6294 26.3374 25.8206 29.9299 32.5092 31.253 14.1628 15.6454 17.5168 21.6785 24.133 21.9171 23.5567 25.4828 32.2317 27.4667 40.5002 35.6667 10.1398 7.17879 9.97701 8.72192 9.91172 19.955 26.4179 25.4472 20.7601 18.3217 26.741 18.6943 11.6898 13.8676 21.4637 6.64236 0 0 0 0 0.309531 0.027025 2.3169 8.05879 1.90115 0 0 0 0 0 0 0 0.00658194 2.6157 19.4352 27.8606 19.8026 13.4309 14.1764 17.263 15.5854 21.8676
-9999 -9999 -9999 -9999 -9999 25.0071 33.2487 31.0464 39.3723 26.3422 12.5119 20.6796 34.2767 32.2111 24.2256 19.5805 20.6064 27.3621 30.1206 33.361 37.8061 32.277 33.9526 24.8828 22.8059 23.3587 22.2525 27.0098 27.8084 30.7695 27.7598 35.6308 39.9957 30.8583 22.0477 14.3603 10.1623 9.82983 18.1592 29.737 25.4169 17.8374 21.9516 27.0991 19.2053 11.2316 17.3495 23.5436 23.2865 0.939182 0.589611 0.149648 0.0094095 0.309366 0.070383 7.29272 25.314 4.81542 1.14349 6.8328 9.74922 81.0279 7.37624 0 0 0.300733 2.77364 8.43109 19.1886 14.196 12.8128 14.4763 23.9214 19.9418 25.7515
-9999 10.5531 12.6433 26.1925 13.2353 25.7086 40.9992 39.6611 43.952 40.9374 28.0411 31.8792 34.6544 27.9045 25.6253 20.043 20.9005 30.9328 23.8302 25.5617 29.694 32.7079 28.6781 20.9701 22.3 12.0183 15.5654 26.1888 27.4108 34.019 34.8558 33.2669 39.2396 45.83 38.0346 33.7899 23.6323 16.9911 15.6687 19.4641 25.8593 13.8105 24.3894 23.5676 18.3052 12.3344 20.6946 26.0737 30.0507 9.38609 0.446159 0.46604 0.514035 0.160786 0.0529493 1.48559 21.0798 35.7487 32.5899 32.8019 37.5568 11.0071 0.363276 0 0.504437 2.67553 4.03727 5.32892 14.3923 15.0359 15.6267 14.1501 17.4649 16.5587 22.5986
18.4063 26.4819 26.237 29.2442 32.5827 39.149 37.1961 36.393 40.8172 45.7298 45.5895 42.859 33.2287 27.0906 18.8059 18.4864 20.7683 25.248 24.5129 21.9137 33.0889 33.344 41.959 34.6048 30.0248 25.7415 16.3171 27.9931 34.1551 31.3508 33.7944 37.0742 34.3372 33.0822 36.7077 30.2196 32.017 16.7898 13.6684 11.1496 8.61015 11.3984 22.5501 19.4698 12.6902 19.4103 19.7186 18.8765 29.6015 13.334 0.219319 0.352893 1.08779 0.0495017 0.190623 0.0549893 1.32303 28.9272 24.6077 26.1718 37.8723 12.1996 0 0.0213074 2.07471 2.91587 5.50751 7.60369 17.945 19.4963 24.2313 16.4055 12.917 16.0136 17.2663
20.3867 27.0593 23.3998 33.543 27.1342 25.8967 27.1176 31.3186 41.5952 38.8923 47.0443 52.638 45.8046 39.3144 27.7248 21.6907 16.5515 17.3507 18.1132 19.5322 26.1664 30.5933 43.2974 30.311 23.2479 20.4545 14.8977 20.0831 18.3139 11.6861 21.0463 25.1935 35.2828 38.0644 36.4486 29.1016 27.7593 25.1337 11.6419 5.78985 7.84654 8.81979 9.66963 9.45263 6.93877 18.1341 22.1986 15.8542 20.8689 8.90156 0.094248 0.0386957 0.82835 0.265166 0.954722 0.159225 0 8.88531 9.23892 6.47588 13.325 5.41908 1.07634 1.14751 2.0441 3.86869 10.0382 18.1725 25.1127 20.9264 30.2847 33.2801 21.8476 16.8356 16.9848
