public/models/data/input/map/sulsel/1000/mapslope.asc
NCOLS 496
NROWS 622
XLLCORNER -95260.364462
YLLCORNER 9790791.912663
CELLSIZE 1000.000000
NODATA_VALUE       -9999
[rows 330 to 362 of 622, columns 225 to 299 of 496]
37.4439 39.8669 43.6188 30.7663 25.4854 19.7027 20.3942 20.8191 17.6548 18.7141 15.813 25.1958 23.584 16.3308 17.0888 26.28 18.9119 16.4653 20.1636 25.6375 25.9033 22.8039 20.3414 32.5562 30.9373 20.7654 18.5655 28.9406 26.4198 20.583 18.6217 20.9524 25.9816 20.2914 11.1151 10.6267 16.2158 19.2727 7.85484 3.51273 3.64867 4.18581 3.9966 3.77312 4.71316 5.34626 5.81396 6.69236 5.87221 5.2304 5.74778 12.6313 11.0688 9.76194 11.8968 27.1559 23.0598 19.8939 19.7596 14.7476 18.3479 19.5364 16.4041 14.6278 11.2362 8.79007 6.19244 9.1214 10.2823 4.6088 2.36247 -9999 -9999 -9999 -9999
30.0797 37.4365 46.0379 35.5451 37.6564 33.1756 24.0913 20.4689 17.2677 20.1698 15.5634 19.7159 23.1876 13.6451 12.7909 29.6473 21.8768 21.463 17.6298 14.8536 19.5598 23.9212 24.2631 27.6095 33.6383 20.2503 16.4367 25.1245 26.2111 23.2625 21.977 21.4148 19.3826 17.4783 10.0592 12.4397 16.4989 25.6682 11.687 3.60317 3.45817 3.19729 3.34526 3.85519 4.36875 4.31208 4.12314 6.11972 5.45449 5.51878 6.7682 6.86232 7.2206 7.28629 9.6037 23.9719 20.2062 21.0379 23.2094 16.4896 17.79 17.9146 12.8766 12.4804 11.6856 6.78243 4.82364 8.13928 7.00807 3.59308 2.78081 -9999 -9999 -9999 -9999
27.4938 37.5374 38.7804 35.1006 33.7581 34.5967 22.974 25.32 23.3604 26.2697 24.9654 19.7216 23.8511 16.4902 13.9626 31.83 12.9264 16.1832 21.7097 26.5344 32.9657 28.0855 20.2324 22.3883 20.3077 19.2228 21.103 26.2363 27.8499 22.2788 24.3253 8.13673 14.3517 15.1926 10.4137 14.236 16.808 21.3669 13.1207 5.74355 3.93393 3.94137 3.82305 5.02359 5.2445 5.50187 5.56122 5.70389 7.71511 9.2302 17.1735 14.4656 9.43659 9.00226 8.87079 15.601 20.6827 15.3621 20.6784 18.3216 15.7151 17.5594 14.3828 10.8766 9.31101 8.13221 8.61858 14.3187 6.87316 5.68969 5.18349 2.22993 3.91608 -9999 -9999
14.9223 19.377 24.8802 24.7311 29.5095 28.0582 21.1626 22.4941 20.7741 20.2018 24.8706 24.6679 22.1459 13.8031 14.7056 29.5793 20.2094 20.7523 31.7225 38.6625 32.7164 23.1259 16.8751 11.3406 14.4206 20.9926 23.1357 21.5534 20.3612 23.6545 17.1861 6.99788 16.5042 20.036 14.553 15.3547 19.249 21.3562 20.4864 10.937 8.33042 4.97927 4.20501 6.59467 6.78028 5.80424 9.70376 8.26913 8.63619 8.7588 7.80264 9.51221 6.62527 10.9079 11.0992 11.1676 17.1615 16.0316 16.3447 16.795 13.9217 17.129 18.7902 11.1681 10.8982 11.4711 10.4661 10.2178 6.57931 5.53164 7.28893 8.07757 6.14903 -9999 -9999
23.1577 20.0075 6.96034 6.10452 19.5388 23.8861 24.7233 27.8814 27.0854 18.4602 16.3382 20.3793 17.239 13.5342 14.061 24.9293 23.4253 28.9363 26.2719 14.693 9.91846 8.5917 13.3831 13.9669 18.1657 22.1637 19.3305 17.9153 25.8216 24.9283 15.3677 15.0204 19.1605 17.8461 13.2528 13.1195 17.1879 19.7203 24.3426 11.4208 10.3909 5.81523 3.46531 4.24059 4.77342 4.82622 9.9573 7.74178 9.36017 11.0946 8.93219 7.83756 5.07352 8.80627 11.5772 11.3973 14.9574 13.5804 8.31335 12.5567 13.7691 14.993 16.7451 14.6232 14.5278 11.7621 8.82119 11.7435 14.4819 7.98635 3.16558 9.93991 9.49846 -9999 -9999
23.9561 25.0733 6.65923 8.46288 18.9864 30.0317 32.9166 34.0594 39.487 45.3965 39.7924 22.3826 14.4264 22.4265 26.0262 23.5428 23.1468 36.8453 24.506 3.51175 2.6673 3.71595 12.1155 28.2229 22.4626 15.23 13.3793 18.1169 27.6119 25.2587 18.8238 21.5507 10.0999 9.83277 12.2984 18.6283 22.6845 23.5423 24.4272 10.4067 13.9074 6.15834 4.19593 2.24796 2.65026 3.27251 5.31243 6.13656 7.18688 10.6632 8.20104 8.47713 8.71431 10.1785 9.22725 12.9757 15.1745 14.4795 10.3658 8.54436 9.08574 11.5414 17.8017 16.8513 17.1216 13.8941 8.46747 14.7497 26.1747 15.4671 2.95653 -9999 -9999 -9999 -9999
30.0036 22.9007 16.5613 18.4664 33.1243 32.3643 38.0547 36.8533 38.8374 46.532 27.0142 25.2904 22.2431 19.0146 21.2961 28.0933 34.593 36.1351 13.2349 5.78489 9.82609 14.787 21.8256 36.6942 30.7705 19.1828 12.0913 19.8049 23.364 27.7879 30.7715 11.8093 14.2473 17.4366 18.3356 24.1374 26.658 25.0356 19.1724 15.056 16.0519 7.55484 4.89349 2.68956 2.91136 4.06751 6.62632 7.33904 7.47574 12.5396 10.2871 10.2883 8.59167 8.80204 10.2966 9.73659 8.89997 12.2433 12.4758 14.0004 9.56547 10.0881 16.6016 16.3739 13.793 13.3817 7.43675 8.7491 12.1744 7.32028 16.6786 24.8978 -9999 -9999 -9999
28.4148 20.3326 21.3726 14.6509 21.6909 32.3717 43.6063 32.5053 24.9219 35.3361 29.0985 15.1189 18.8123 19.2742 21.3699 29.9005 25.8377 15.0819 7.52857 17.9823 23.8321 21.8484 26.4891 31.4213 25.4604 15.8891 11.7069 19.3481 23.382 23.9429 18.9576 15.8286 16.8977 18.2338 21.2063 22.9064 25.3559 25.1849 16.8815 19.2155 16.5697 6.56002 5.3831 4.51446 4.35705 5.0034 7.47296 7.74719 12.0657 14.1711 8.00201 7.58061 10.0861 10.2495 8.75385 8.44956 10.3961 14.9569 16.2632 15.5981 9.28467 10.6319 13.3192 19.1098 15.0076 12.7602 9.39835 6.87726 8.64287 10.1171 15.4214 21.3341 0 -9999 -9999
35.6059 32.2891 28.5931 20.2004 20.987 25.1467 31.2172 24.7724 23.8943 29.4261 33.2775 22.4425 27.6854 26.5525 28.6449 25.8635 16.0401 20.2049 14.7345 26.3598 30.4957 21.3649 23.5314 26.584 19.3901 16.2074 16.862 17.697 20.3206 25.3305 20.9003 15.1216 19.1556 19.7057 21.9426 20.7424 25.7239 23.5161 16.7004 25.7224 19.2989 7.17094 5.5998 5.72656 4.99041 6.51868 7.55337 12.2025 8.72801 9.57526 6.70774 7.99289 11.4432 9.88977 8.46534 8.1977 8.64138 11.5857 15.3072 12.5339 10.1043 12.9551 13.9427 18.3496 14.0675 13.4407 13.8087 9.36253 11.86 12.3225 9.48375 0 0 -9999 -9999
38.7667 32.2155 23.8584 14.5695 17.713 27.9481 26.2998 26.3483 26.4897 28.3346 35.539 22.7983 23.361 22.8212 23.2799 15.1253 21.7129 31.7733 25.7184 25.754 21.757 19.3612 28.0891 31.6723 20.1064 21.2859 26.3981 16.0452 14.7259 21.7544 20.743 21.4042 20.754 24.7423 25.9146 18.4428 23.2742 20.245 17.7588 27.8498 15.4652 14.3742 8.44722 4.01473 4.43682 6.40491 7.22191 8.91932 10.083 12.5659 7.64993 7.3339 13.3497 12.5905 6.72446 9.29902 11.3461 12.8014 17.5297 16.8701 10.3755 12.7973 11.7095 12.8299 10.841 13.5591 12.3438 10.1544 13.0187 13.0861 6.24914 4.14641 -9999 -9999 -9999
5.57429 12.2015 19.08 20.9448 25.1473 23.4467 35.3754 32.7028 21.3903 20.9582 25.7331 26.0542 27.6009 22.7962 15.5201 22.928 22.0378 24.671 13.513 19.0147 13.8783 21.7583 37.3455 35.4439 25.463 23.5068 28.1476 18.985 19.5474 19.443 26.9163 24.6735 18.5285 23.0584 25.9611 22.0532 24.9119 23.4101 22.5579 25.3487 23.9816 18.0609 10.9938 4.80034 5.91038 5.99914 6.52584 7.80512 7.58532 7.64126 5.90368 9.25412 10.376 12.0988 11.2496 15.6577 16.42 13.9765 13.3542 17.3017 16.6545 13.0645 10.2087 11.1699 8.79015 8.07537 6.81985 9.58283 15.8182 12.8723 13.0796 11.7328 -9999 -9999 -9999
4.59093 18.7495 30.7397 27.2385 19.6545 18.8722 16.7039 22.8486 15.8754 22.2662 19.5112 18.4261 19.6759 14.8061 14.0067 17.3802 20.5675 16.3461 11.0697 18.289 18.5291 29.2457 36.8342 33.0851 34.278 35.0857 33.6783 21.1041 19.9958 25.509 23.8669 19.6698 19.2052 21.0962 22.6803 27.9054 26.8345 30.2052 25.8386 28.6284 33.3895 24.0481 22.7763 5.89047 6.97155 8.47812 8.08003 5.41994 5.70831 6.8045 7.3197 7.58885 9.56321 15.2858 17.3556 12.764 16.2264 14.4646 16.1157 19.75 17.7416 13.363 12.1919 11.5095 10.6572 9.37902 7.98624 7.17605 9.35394 9.82814 9.99247 6.80041 -9999 -9999 -9999
10.54 25.4441 20.4032 13.1874 14.6499 19.2477 20.6105 15.4962 18.0649 23.4572 15.9996 15.481 13.9409 10.0852 15.6062 16.7324 15.9465 10.7023 7.69985 23.6232 34.7883 35.2884 36.6401 34.0322 42.6975 42.1401 44.2794 27.0663 20.7576 27.2298 18.7977 19.9553 19.764 19.1277 23.9732 31.2154 31.2969 36.8985 25.5216 29.8416 22.6842 23.8916 24.1698 9.69407 10.9469 12.684 8.77722 5.91834 7.26223 7.41026 12.9764 7.58553 7.29446 7.58746 8.67761 9.36888 10.7462 11.8222 10.6182 13.6796 14.9912 13.0877 15.5231 16.0162 13.2271 12.0185 11.4863 9.69512 11.587 10.3681 12.2319 6.80041 -9999 -9999 -9999
20.1233 20.0417 15.2735 12.6399 15.8128 22.5862 24.4174 15.8739 15.9528 19.2022 24.1364 16.2069 6.37974 4.68602 15.8107 15.1224 18.4237 22.0945 16.1583 36.9923 42.3401 38.0157 39.4391 37.4937 40.9 43.4517 47.6223 27.7199 17.127 21.1771 19.2649 24.2829 21.083 30.6237 30.8123 35.6368 37.2803 33.7375 17.2101 20.7636 17.8127 19.5815 21.8288 22.1684 21.3335 20.5279 14.4621 11.3328 9.80743 9.26859 14.7431 7.2955 6.2934 5.64295 6.17079 7.15965 9.52229 11.3154 8.37967 8.92099 10.5376 10.2796 13.9158 17.1722 14.2825 12.3529 10.8792 16.0486 16.2277 12.1653 13.3182 9.40854 -9999 -9999 -9999
23.8274 16.7671 12.8476 16.4259 20.3791 25.8232 17.1088 9.56631 14.1904 11.5963 21.7503 14.0895 5.73734 3.01881 10.8157 22.3563 27.454 30.3594 18.8972 30.2475 40.0962 39.4781 40.3546 34.5471 38.6257 38.0734 28.2459 21.201 20.1022 21.1742 20.3014 24.5718 55.7564 61.6881 34.7412 30.9959 24.2468 13.3062 10.7028 14.8982 15.4001 21.12 28.9296 31.1471 24.0652 17.8792 17.8383 13.6389 13.9866 10.9135 7.04066 8.01791 10.3369 6.41412 7.66574 8.55368 10.9786 13.9023 10.9294 8.59617 9.11513 9.82176 10.3786 7.38305 8.64371 8.76224 7.92388 8.87954 8.92121 9.75648 13.5531 -9999 -9999 -9999 -9999
21.6286 21.5006 22.8855 18.8801 13.3024 16.115 14.2343 14.6149 13.7429 13.0792 15.6294 19.1051 9.82391 3.87711 9.00971 23.5017 34.0159 33.3075 20.9933 26.074 39.0859 36.0321 34.6259 35.9686 33.8022 35.0509 34.5475 27.3638 22.3045 26.4944 25.3717 30.6892 35.4431 41.203 36.6843 28.1048 20.2829 15.1722 17.8678 13.4924 15.878 25.9298 33.9306 28.8997 23.6108 23.0419 19.9915 13.3616 13.3246 11.8494 10.6125 7.31046 10.5676 9.5224 10.0062 8.64137 12.8428 15.4204 13.9446 15.2165 12.4862 10.633 12.6298 9.12945 10.5286 9.85744 6.6158 7.11918 4.8211 7.9838 11.7245 -9999 -9999 -9999 -9999
7.00768 14.1805 16.493 15.6799 13.07 12.8244 18.6877 19.9862 16.5375 12.8798 24.4032 25.7657 13.2753 4.88703 13.5675 23.7988 25.341 35.5279 27.3379 26.6271 37.3147 40.1655 31.6712 27.3295 31.3149 42.5558 42.5204 27.6728 24.1674 28.6765 21.6918 24.5618 36.9058 60.4365 35.2093 25.2042 22.774 24.6821 20.3196 16.3255 21.2796 30.1347 32.0731 31.0608 25.5157 21.3592 16.7094 19.2387 14.793 12.4679 20.0619 10.7562 14.8365 10.5938 7.87997 9.68791 8.42691 9.39797 11.2693 15.2223 12.2289 14.2506 14.5947 12.4999 15.1051 13.3142 9.78306 7.06599 5.42144 11.51 14.148 -9999 -9999 -9999 -9999
1.99494 3.84091 9.79454 17.7635 16.5749 16.543 20.5324 16.3847 12.329 13.1845 30.0975 32.6035 16.6132 6.67385 13.8103 20.204 21.6505 34.6839 34.9704 24.2556 29.0394 35.1189 33.6029 35.4029 45.6466 40.8633 26.3303 25.3822 30.8605 30.9977 20.3154 20.8775 26.6245 36.4565 29.8704 21.3177 19.5217 18.2716 19.7115 24.2666 23.5341 30.4076 31.502 29.8712 30.8265 24.6286 23.0276 25.4315 21.7845 15.0458 13.4686 12.2697 12.566 11.4572 10.5441 8.2187 8.80797 10.3556 12.3084 13.1142 13.7831 14.9791 14.7666 14.5709 16.2112 15.336 15.7851 8.62766 6.26109 15.337 15.337 -9999 -9999 -9999 -9999
1.89062 1.95098 4.48114 16.9839 24.5008 26.4497 23.1309 11.1379 7.91522 10.1199 18.4803 36.4002 24.5449 16.9459 12.595 23.2319 28.2343 24.085 37.82 37.247 36.8711 35.5188 38.7656 45.5283 33.605 31.9462 31.8387 39.7131 40.2151 34.6378 24.3701 23.814 24.26 28.4036 31.7999 15.3308 9.39711 13.5117 22.5098 24.9213 19.4125 29.7455 29.6932 20.7375 21.9338 26.7621 33.8911 31.3814 27.6155 19.9116 13.6482 17.5324 14.0987 12.4774 8.6074 11.2938 10.1457 8.05355 9.65335 10.4148 9.71165 13.8986 13.4664 12.2569 17.2223 17.1324 15.0639 11.3416 10.3849 -9999 -9999 -9999 -9999 -9999 -9999
4.80439 4.89864 7.54261 16.4768 18.9468 19.6246 23.1525 17.7348 13.8124 13.0553 14.8119 18.6077 29.5512 22.8288 20.3412 20.6884 17.9823 19.7497 25.0324 34.1952 38.0812 28.2334 28.7141 33.6076 34.4067 34.3835 32.7952 40.7042 29.8245 37.7082 32.0371 20.5684 23.1355 22.677 20.8298 20.6624 18.3149 18.3364 27.3895 36.1685 28.3534 29.3314 28.2472 26.9296 23.1177 26.0414 24.7583 31.5859 25.3682 22.6912 29.4829 21.4198 13.7201 18.109 11.1922 11.9361 9.49314 9.26617 8.10149 10.1008 11.3171 12.2797 15.9304 14.2751 15.0651 13.297 12.4042 7.00133 5.07075 4.04639 2.78146 -9999 -9999 -9999 -9999
10.1938 9.42468 8.0059 17.1011 14.4402 14.0238 19.6485 15.2373 14.9853 14.0781 14.3677 18.1766 27.2851 20.6073 18.4229 22.3099 20.0313 21.8374 25.7313 34.2104 36.8534 28.123 24.455 37.7138 41.4523 33.4849 27.2393 35.2226 26.0104 33.49 29.9148 23.4064 21.5778 22.8113 23.2142 27.5873 24.481 31.111 30.2573 28.0407 31.6508 32.7088 27.6435 25.6918 22.7105 24.0528 31.1555 33.7394 35.5688 32.9446 27.0891 14.9812 11.6534 13.2316 16.4994 11.5366 11.785 12.3774 7.55936 9.58075 15.4183 11.9291 15.546 13.0725 13.3081 12.2067 10.9952 7.48628 4.26179 4.57559 3.38566 -9999 -9999 -9999 -9999
11.2775 9.27332 13.1894 17.1679 13.2113 12.43 16.0763 10.9577 13.4801 15.7368 14.8738 20.8138 22.8066 15.0853 16.2488 19.7692 26.289 23.8693 25.1813 28.278 35.5219 36.1271 22.8869 35.5066 43.68 33.5279 40.1049 32.134 29.2407 28.6038 26.7985 29.3209 33.9996 38.0775 26.2794 26.9804 22.772 26.7693 23.524 19.3584 23.5046 21.4759 22.6854 27.7967 35.6603 36.7868 46.468 51.9867 45.1755 38.7985 25.7781 14.9591 10.6722 8.36484 10.5061 13.1947 12.9323 13.2866 12.6268 11.6533 16.6374 9.30081 9.55919 11.3196 11.9397 10.6205 12.4259 13.6156 4.7072 5.64411 5.39966 -9999 -9999 -9999 -9999
11.033 10.3044 8.00593 15.5772 15.5217 14.0034 16.7536 20.0989 12.9122 12.1942 11.7506 25.4885 31.2537 26.54 19.9081 20.214 24.4314 26.5877 28.7263 25.7134 39.3608 43.7424 43.5097 36.7616 39.4454 39.3203 45.0782 30.5694 29.346 26.771 29.7011 42.8708 36.6133 31.4352 32.6036 26.5199 18.0207 13.7614 10.595 15.9108 22.1253 20.7982 23.0269 32.7283 37.0963 32.8676 39.5137 44.1638 36.6705 29.2985 22.656 19.6417 14.8299 11.8604 13.1999 19.5482 20.5814 13.4461 11.0191 14.9313 10.3899 10.0448 10.1963 10.1917 11.554 9.4224 10.25 6.14504 3.7554 3.31565 3.76943 -9999 -9999 -9999 -9999
10.6189 9.17547 9.88423 13.4035 12.6134 11.5252 18.2745 21.1465 16.7927 11.9294 12.9683 20.9808 25.4392 31.9761 33.0952 30.0107 27.8877 28.7726 30.5954 31.848 40.1145 31.8118 35.2727 35.9357 36.4812 36.7158 38.7711 31.7954 23.5935 26.4527 36.7381 40.1209 38.3332 35.1916 31.9269 18.2302 18.3276 18.847 13.0876 20.1654 24.8142 30.0282 30.3998 39.7166 27.9257 18.7921 34.7012 33.8505 38.8457 24.5512 21.3661 16.1833 13.9347 13.4399 13.7947 21.2544 14.6798 13.6375 11.2391 14.1369 11.1475 9.70571 11.5418 11.6599 10.1104 8.78017 5.94484 4.38912 3.23624 2.1872 0.592927 -9999 -9999 -9999 -9999
14.0239 10.5442 9.40391 11.5089 12.7584 10.3587 10.5561 14.2686 14.1181 12.4172 18.0391 20.9086 23.53 26.8458 32.2075 37.652 38.2516 34.9085 34.6991 38.9607 38.6464 24.0967 23.289 23.181 27.7151 28.0674 25.5754 25.9036 24.254 71.1946 46.5329 39.0447 37.9415 36.7803 28.6565 23.5629 21.4659 24.054 19.174 21.6624 22.0599 31.2796 34.593 31.8943 20.8912 21.8781 30.7515 22.24 28.4626 23.5477 27.9579 27.1401 16.7589 13.9466 14.085 18.6487 16.2921 13.5272 10.0502 10.5362 14.1922 15.9082 14.8337 9.49371 8.43628 6.78369 4.40697 3.31809 4.46524 3.75015 0.592927 -9999 -9999 -9999 -9999
10.7472 9.67468 8.66426 9.88635 10.3187 10.5807 9.10252 13.4361 17.4556 11.5781 15.7541 21.2883 16.3565 21.1122 25.3928 28.5943 33.6072 44.9034 39.4762 35.5644 27.2183 17.8384 17.2304 13.8829 15.0715 15.7953 20.7178 24.8508 27.0271 141.173 44.7061 44.2077 40.2647 33.1715 32.299 27.6494 30.1961 22.2919 22.9836 24.9702 22.3857 29.6708 45.3504 32.068 33.9076 30.3924 25.4164 20.438 29.3947 25.0981 36.393 28.156 18.156 16.7687 17.2111 14.8078 14.5641 12.4103 8.9739 7.00227 7.68406 8.54726 10.1763 8.14196 10.5376 6.43401 4.21095 3.37924 3.18685 4.63713 -9999 -9999 -9999 -9999 -9999
10.2754 8.44545 6.71696 8.8082 11.0493 11.1294 11.0394 15.6026 20.1284 13.6306 12.8146 18.0181 18.4739 21.1529 21.4961 26.7257 36.1942 45.7985 28.745 26.1421 23.0158 23.9196 22.1142 11.566 8.27727 8.99935 12.5418 22.6481 27.7518 29.0772 23.1445 40.5799 35.2922 23.2255 22.7985 24.9103 29.5945 28.6245 30.1583 37.7297 30.5725 32.9788 36.8062 32.8805 33.7312 36.0776 27.5663 22.5693 22.387 31.5538 27.8383 30.7705 20.1886 16.9494 21.326 12.2341 12.7877 12.5661 10.5551 10.8087 11.1091 9.93401 9.80933 10.7334 9.5482 6.95621 4.72555 3.86288 -9999 2.26385 2.26385 -9999 -9999 -9999 -9999
17.7298 8.94129 7.01939 7.25771 10.3861 9.39335 9.50831 11.2436 10.4754 11.3318 10.2986 13.8093 12.6736 20.8347 25.4976 28.2986 37.3425 36.6507 25.5872 30.7388 32.9633 28.0949 28.4607 22.5146 17.2729 14.4902 12.4858 17.1209 29.2144 44.2696 43.309 36.1099 26.6312 20.2183 24.4215 22.0054 16.9685 27.7808 29.3466 38.5637 30.5941 28.6627 33.3086 30.5606 29.9241 32.7651 24.4741 20.2864 19.5012 23.6916 22.5851 25.368 23.7228 18.435 28.3115 15.8088 10.2008 12.489 12.6189 12.2269 11.6151 11.4887 9.87658 10.9978 10.37 5.3482 2.62619 4.05845 6.10957 -9999 -9999 -9999 -9999 -9999 -9999
14.658 8.22536 2.86755 2.53448 3.32231 6.62572 6.30884 7.69424 8.86953 11.6052 11.7343 13.1191 17.9276 27.6393 30.3766 27.5649 37.2457 40.8196 29.6955 40.4691 42.9342 34.2392 29.5154 25.5614 24.4994 18.8545 14.0762 23.3212 18.4801 30.8566 46.3238 27.4257 22.8296 22.3898 24.119 20.1411 15.376 24.525 28.8796 27.4963 26.6646 26.8806 30.5463 25.9028 26.1086 32.3725 29.8102 23.0818 22.0694 28.2425 27.5577 31.6845 26.9317 20.9819 20.3241 15.4754 10.8351 9.59429 10.6783 14.2806 11.9803 9.9465 9.63676 11.5429 10.1677 7.47995 3.72867 5.02631 6.50364 -9999 -9999 -9999 -9999 -9999 -9999
8.28143 5.14372 3.01874 2.49524 5.22295 7.11767 5.33444 6.82098 10.5012 16.1395 19.2179 20.1404 27.0763 29.9736 29.528 28.5555 32.044 43.93 46.6474 42.5927 40.6802 41.789 38.7588 25.6397 23.9971 27.704 19.3962 17.249 20.5464 25.0404 38.3609 38.8836 26.0147 17.9613 17.2239 25.7682 22.9834 31.847 28.662 35.8963 28.9082 22.3703 24.0408 21.873 28.0352 33.5371 28.2068 29.3544 25.7821 21.5839 30.2939 28.0093 21.7947 19.2152 20.083 15.9239 12.8005 14.9548 18.1964 16.425 15.3323 14.1059 8.25028 6.55037 9.15837 7.80779 4.95646 6.76636 6.76636 -9999 -9999 -9999 -9999 -9999 -9999
13.6753 9.3746 8.46728 7.62989 9.54618 10.749 10.1716 8.90831 10.9394 16.3472 24.9427 21.8862 17.6013 16.7888 26.0653 24.186 31.028 42.1607 37.1919 33.019 32.8744 44.5087 50.9364 32.7706 22.5326 13.8968 10.5349 15.9406 20.5922 23.5629 32.4113 32.5966 25.8559 18.8748 20.4011 25.7393 25.3441 30.8244 29.5482 39.9555 29.696 16.9566 27.8765 26.3876 22.6303 31.8036 25.2857 31.3276 21.6007 17.5508 21.0018 23.7171 20.3978 21.9536 19.5739 19.6135 14.9847 16.521 16.3919 8.83088 9.26816 7.18368 6.72388 7.40713 6.73888 7.65611 9.15919 4.37546 1.43364 -9999 -9999 -9999 -9999 -9999 -9999
19.1497 16.2814 16.9871 13.9429 13.6428 16.6527 16.1532 19.8324 16.071 17.0073 19.1379 20.4927 21.6735 26.2261 24.9821 24.4828 29.8533 38.3942 35.4197 31.1252 36.9781 44.5807 43.3131 30.0738 24.639 17.8449 10.8354 15.0657 18.4536 20.6823 24.5942 26.947 33.7048 33.1708 18.6102 17.754 20.0835 26.8397 36.333 39.7459 28.5297 25.378 25.4488 16.2309 24.9585 30.1505 26.9201 30.1509 21.6378 18.9585 21.6716 18.3837 19.2571 23.8496 16.5067 13.653 10.8376 8.99791 10.7613 9.63276 8.1709 8.1841 8.08997 7.02993 8.73584 9.51974 7.98653 8.11337 3.97498 -9999 -9999 -9999 -9999 -9999 -9999
17.2462 17.7286 19.2391 22.5541 21.1041 22.139 22.4525 28.7337 23.7419 19.9296 21.5836 21.5722 23.5501 32.2392 28.4219 27.337 27.1086 34.1064 42.1409 37.4963 42.8089 42.8845 37.3759 26.772 16.4303 9.48815 12.8037 16.8773 15.7556 18.2477 21.1359 23.887 32.8452 33.801 33.4815 17.3286 17.006 21.7461 24.3571 37.414 35.5487 34.0934 18.9223 21.9203 29.5705 26.28 27.9775 27.4456 23.1968 21.8349 20.5748 22.479 22.1952 18.3321 14.3132 17.1092 13.9545 10.4613 10.5809 7.69994 8.79697 10.2445 8.79173 8.64459 11.578 14.111 10.8733 9.40918 8.3668 -9999 -9999 -9999 -9999 -9999 -9999
