public/models/data/input/map/sulsel/2500/mapdplant.asc
NCOLS 199
NROWS 249
XLLCORNER -95260.364462
YLLCORNER 9791291.912663
CELLSIZE 2500.000000
NODATA_VALUE       -9999
[rows 33 to 65 of 249, columns 75 to 149 of 199]
-9999 -9999 -9999 -9999 -9999 -9999 -9999 -9999 -9999 -9999 -9999 -9999 -9999 -9999 -9999 -9999 -9999 -9999 19138.8 20149.1 21970.7 23147.3 24127.9 25203.3 26211.5 27276.2 28325.6 30121.7 30917.1 29248.6 27508.9 26174.3 25165.4 24105 23097.6 22024 21043.1 19981.5 19629.4 20310.4 19520.2 17240 15743.7 14395.5 12361.3 9956.59 8645.45 7558.69 6956.96 7102.54 6768.82 6076.96 5819.7 5717.06 4475.73 1995.31 1127.7 2725.34 3254.17 2886.89 2980.41 4303.52 5290.87 -9999 -9999 -9999 -9999 -9999 -9999 11773.8 12936.7 13596.5 -9999 -9999 24784.4
-9999 -9999 -9999 -9999 -9999 -9999 -9999 -9999 -9999 -9999 -9999 -9999 -9999 -9999 -9999 -9999 -9999 -9999 18482.3 18511.2 19454.9 20555.3 21536.2 22609.8 23617.2 24749.4 26462.1 28564.4 29558.1 27462.4 25746.3 23835.5 22579.1 21513 20505.6 19433.5 18451.1 17389.5 17037.4 17896.1 18795 18843.5 18028.1 15814.9 13663.4 12205.9 11224.3 10150.7 9548.96 9694.54 9360.82 8703.66 8421.14 8402.94 7866.86 -9999 3027.49 4325 4954.94 -9999 -9999 -9999 -9999 -9999 -9999 -9999 -9999 -9999 -9999 -9999 -9999 -9999 -9999 -9999 -9999
-9999 -9999 -9999 -9999 -9999 -9999 -9999 -9999 -9999 -9999 -9999 -9999 -9999 -9999 -9999 -9999 -9999 16496.9 16359.9 16111.6 17023.2 18123.3 19104.2 20177.8 21238.8 23024.7 24989.1 27278.6 28542.8 26328.6 24083.1 22190 20401.5 19083 18073.6 17013.5 16020.6 14957.5 14605.4 15464.1 16471.5 17513.3 17868.5 16937.6 15746.9 14637.2 13656.3 12582.7 11981 12126.5 11792.8 11135.7 10853.1 11121.2 11795.2 -9999 -9999 4761.91 5191.17 -9999 -9999 -9999 -9999 -9999 -9999 -9999 -9999 -9999 -9999 -9999 -9999 -9999 -9999 -9999 -9999
-9999 -9999 -9999 -9999 -9999 -9999 -9999 -9999 -9999 -9999 -9999 -9999 -9999 -9999 -9999 -9999 14050.9 14284.2 13815.5 13551.9 14463.2 15563.3 16544.2 17689.7 19404.3 21480.4 23624.3 26209.1 27482.4 25267.1 22899.2 20432.4 18664.2 16781.1 15519.4 14441.4 13461.8 12397.5 12045.4 12904.1 13911.5 14961 15480.6 16257.1 16923 16871.1 16172.3 15142.4 14541 14686.5 14352.5 13722 13405.4 13630.9 13468.3 -9999 -9999 -9999 -9999 -9999 -9999 -9999 -9999 -9999 -9999 -9999 -9999 -9999 -9999 -9999 -9999 -9999 -9999 -9999 -9999
-9999 -9999 -9999 -9999 -9999 -9999 -9999 -9999 -9999 -9999 24470.1 23320.7 21366.8 18216.4 16457.8 13041.7 13257.3 12496.3 11499.3 11119.9 12031.2 13131.3 14169.6 16163 17933.5 20184.9 22609.8 25201.7 26475.1 24259.8 21891.8 19299.8 16993 15130.3 13336.3 12010.9 11031 9965.53 9613.45 10472.1 11479.5 12547.5 13061.8 13854.5 14835.3 15928.5 16802.6 17361.8 16972.6 17118.5 16796 16463.3 15709.4 15282.8 -9999 -9999 -9999 -9999 -9999 -9999 -9999 -9999 -9999 -9999 -9999 -9999 -9999 -9999 -9999 -9999 -9999 -9999 -9999 -9999 -9999
-9999 -9999 -9999 -9999 -9999 -9999 -9999 -9999 -9999 -9999 24003 22593.5 20251.2 17595.8 15222.4 12725.2 11051.2 9914.69 8907.32 8527.9 9439.17 10547.1 11839.5 14283.8 16552.4 19104.2 21536.2 24128 25401.1 23186.1 20818.1 18226.1 15794.2 13358.6 11581.9 9680.88 8443.2 7373.53 7021.45 7880.13 8932.49 10380.5 10517.9 11262.5 12243.3 13450.8 15244 17734.2 19213.8 19704.8 19370.4 18477.1 17177.8 -9999 -9999 -9999 -9999 -9999 -9999 -9999 -9999 -9999 -9999 -9999 -9999 -9999 -9999 -9999 -9999 -9999 -9999 -9999 -9999 -9999 -9999
-9999 -9999 -9999 -9999 -9999 -9999 -9999 -9999 -9999 -9999 23572.3 21638.8 19271.3 16615.3 14247.3 11665.6 9368.55 7593.81 6539.32 6159.9 7071.17 8452.04 10547.4 13131.3 15560.1 18123.3 20555.3 23131.9 24263 22205.2 19837.2 17245.2 14813.3 12256.1 9948.95 8069.81 6276.86 5011.41 4667 5543.42 7133.57 8634.26 8152.21 8894.48 9927.82 11887.1 14222.2 16814.1 19234.1 21324 21913.1 -9999 -9999 -9999 -9999 -9999 -9999 -9999 -9999 -9999 -9999 -9999 -9999 -9999 -9999 -9999 -9999 -9999 -9999 -9999 -9999 -9999 -9999 22022 20703.7
-9999 -9999 -9999 -9999 -9999 -9999 -9999 -9999 -9999 23430.2 22909.5 20539.2 18171.2 15515.2 13147.2 10555.2 8125.07 5619.84 3937.76 3511.73 4695.89 7071.17 9439.17 12031.2 14463.2 17023.2 19455.2 21836.7 21998.9 20886.1 18736.6 16145.1 13713.1 11153.1 8721.12 6249.06 4505.26 2520.66 1977.18 3589.78 5817.64 6232.63 5496.21 6345.8 8130.92 10758.2 13200 15770.5 18532.5 20276.1 -9999 -9999 -9999 -9999 -9999 -9999 -9999 -9999 -9999 -9999 -9999 -9999 -9999 -9999 -9999 -9999 -9999 -9999 -9999 -9999 -9999 -9999 25642.7 24647.9 21636.4
-9999 -9999 -9999 -9999 -9999 -9999 -9999 -9999 -9999 22545.4 22005.9 19627.9 17259.9 14603.9 12235.9 9647.62 7212.92 4651.85 2295.7 1535.72 3511.73 6159.9 8527.9 11119.9 13551.9 16111.9 18541.8 20281.7 19643.6 19035 17719.5 15172.5 12740.5 10180.5 7748.55 5157.91 2908.49 1191.01 808.793 3170.5 5185.74 4070.25 3188.85 5189.91 7506.52 10076.9 13732.1 15183.5 19288.9 20121 -9999 -9999 -9999 -9999 -9999 -9999 -9999 -9999 -9999 -9999 -9999 -9999 -9999 -9999 -9999 -9999 -9999 -9999 -9999 -9999 -9999 -9999 25387.7 24463.7 22560.5
-9999 -9999 -9999 -9999 -9999 -9999 -9999 -9999 -9999 21520.5 21046.8 19521.8 17564.5 14983.3 12615.3 10023.3 7595.62 5166.48 3195.92 2307.56 3937.76 6536.07 8907.32 11499.3 13931.3 16481.2 18323.4 18025.1 17051.6 16548.8 16588.3 15029.5 12616.3 10056.3 7624.29 5032.3 2669.17 615.25 1725.68 4012.74 5073.79 2880.12 903.409 1053.15 -9999 -9999 -9999 -9999 -9999 -9999 -9999 -9999 -9999 -9999 -9999 -9999 -9999 -9999 -9999 -9999 -9999 -9999 -9999 -9999 -9999 -9999 -9999 -9999 -9999 -9999 -9999 -9999 -9999 -9999 -9999
-9999 -9999 -9999 -9999 -9999 -9999 -9999 -9999 -9999 18952.4 18673.5 17691.8 16666.1 15234.7 13456.8 11034.3 8709.12 6753.15 5527.3 4678.52 5627.59 7614.63 9916.05 12500.2 14977.3 16878.3 16653.2 15598.8 14619.6 14104.6 14530 15085.7 13580.1 11048.7 8616.74 6032.28 3810.95 2086.37 2768.04 5053.43 5339.46 2929.18 687.028 2245.59 3841.33 -9999 -9999 -9999 -9999 -9999 -9999 -9999 -9999 -9999 -9999 -9999 -9999 -9999 -9999 -9999 -9999 -9999 -9999 -9999 -9999 -9999 -9999 -9999 -9999 -9999 -9999 -9999 -9999 -9999 -9999
-9999 -9999 -9999 -9999 -9999 -9999 -9999 -9999 -9999 17852.3 16513 15138.6 14153.3 13053.1 12127.2 11521.5 10313.9 9012.11 7858.77 7591.32 8119.23 9301.21 11034.4 13607.1 15609.3 15112.6 14112.4 13038.8 12059.6 11542.3 11965.1 13017.4 13600.7 12080.5 9683.67 7280.52 5689.99 4583.84 4825.83 6315.72 6392.98 4054.71 2451.79 3863.04 4281.98 -9999 -9999 -9999 -9999 -9999 -9999 -9999 -9999 -9999 -9999 -9999 -9999 -9999 -9999 -9999 -9999 -9999 -9999 -9999 -9999 -9999 -9999 -9999 -9999 -9999 -9999 -9999 -9999 -9999 -9999
-9999 -9999 -9999 -9999 -9999 -9999 -9999 -9999 -9999 16376.6 15161.1 12963.4 11724.4 10621.1 9706.73 9780.85 10603.6 10819.4 10544.5 10059.9 10557.9 11655.3 12706 14541.6 14600.8 12776 11680.4 10606.8 9627.6 9110.31 9537.54 10586.3 11592.5 12220.1 10840 9096.36 8044.43 6985.07 7371.03 8324.55 8181.82 -9999 -9999 -9999 -9999 -9999 -9999 -9999 -9999 -9999 -9999 -9999 -9999 -9999 -9999 -9999 -9999 -9999 -9999 -9999 -9999 -9999 -9999 -9999 -9999 -9999 -9999 -9999 -9999 -9999 -9999 -9999 -9999 -9999 -9999
-9999 -9999 -9999 -9999 -9999 -9999 -9999 -9999 -9999 -9999 13346 11475.5 9450.64 8031.94 7085.63 7175.66 8271.08 10139.8 12089.6 12518.3 13148.3 14247.3 15213.4 15483.2 13603.1 11081.6 9208 8015.12 7035.6 6518.31 6945.54 7995.16 9133.85 11116.3 12380.4 11615.9 10636 9633.32 9464.51 9739.68 9947.3 -9999 -9999 -9999 -9999 -9999 -9999 -9999 -9999 -9999 -9999 -9999 -9999 -9999 -9999 -9999 -9999 -9999 -9999 -9999 -9999 -9999 -9999 -9999 -9999 -9999 -9999 -9999 -9999 -9999 -9999 -9999 -9999 -9999 -9999
-9999 -9999 -9999 -9999 -9999 -9999 -9999 -9999 -9999 -9999 12132.4 10410.8 8124.8 5915.04 4707.03 4858.9 6637.36 9139.2 11194.8 13599.1 15287 16594.1 16923.6 15052.8 12626.3 10066.3 7668.29 5724.53 4667.61 4150.31 4577.56 5736.42 7620.44 10143.4 12524.5 13742.1 13004 11964.7 11594.4 -9999 -9999 -9999 -9999 -9999 -9999 -9999 -9999 -9999 -9999 -9999 -9999 -9999 -9999 -9999 -9999 -9999 -9999 -9999 -9999 -9999 -9999 -9999 -9999 -9999 -9999 -9999 -9999 -9999 -9999 -9999 -9999 -9999 -9999 -9999 -9999
-9999 -9999 -9999 -9999 -9999 -9999 -9999 -9999 -9999 12086.2 11629.9 9339.81 6948.12 4372.97 2300.03 3484.93 5738.1 7647.24 9795.98 12463.7 14840.1 17201.7 16525.7 13958.1 11533.2 8964.45 6534.12 3973.2 2137.8 1506.1 2052.06 4065.46 6484.52 9047 11479 13913.5 13673.9 11972.5 10861.3 8856.1 -9999 -9999 -9999 -9999 -9999 -9999 -9999 -9999 -9999 -9999 -9999 -9999 -9999 -9999 -9999 -9999 -9999 -9999 -9999 -9999 -9999 -9999 -9999 -9999 -9999 -9999 -9999 -9999 -9999 -9999 -9999 -9999 -9999 -9999 -9999
-9999 -9999 -9999 -9999 -9999 -9999 -9999 -9999 -9999 11856.7 11127.2 9798.98 6217.99 3415.23 1119.68 1419.81 4259.26 6389.98 8809.85 11393.3 13814.4 16307.7 16082.1 13563.8 11146.2 8357.78 5692.23 3100.27 861.843 190.724 1264.77 3688.19 6124.16 8711.68 11135.2 13388.5 12521.6 10141.1 8643.54 7364.38 5984.06 -9999 -9999 -9999 -9999 -9999 -9999 -9999 -9999 -9999 -9999 -9999 -9999 -9999 -9999 -9999 -9999 -9999 -9999 -9999 -9999 -9999 -9999 -9999 -9999 -9999 -9999 -9999 -9999 -9999 -9999 -9999 -9999 -9999 -9999
-9999 -9999 -9999 -9999 -9999 -9999 -9999 -9999 -9999 -9999 10777.4 9673.93 6187.82 2908.26 742.022 630.476 2777.14 5325.26 7757.26 10349.3 12717.3 15370.4 16587.7 14503.5 12578.3 8975.5 5975.06 3419.48 1511.66 739.585 2329.98 4716.26 7114.89 9630.9 12061.8 13378.9 11406.1 8801.31 6649.72 5165.81 3932.48 -9999 -9999 -9999 -9999 -9999 -9999 -9999 -9999 -9999 -9999 -9999 -9999 -9999 -9999 -9999 -9999 -9999 -9999 -9999 -9999 -9999 -9999 -9999 -9999 -9999 -9999 -9999 -9999 -9999 -9999 -9999 -9999 -9999 -9999
-9999 -9999 -9999 -9999 -9999 -9999 -9999 -9999 -9999 -9999 -9999 8224.17 6200.36 3233.93 1355.07 323.856 1976.72 4530.42 6962.42 9554.42 11922.4 14578.4 16410.6 14769 12430.3 9525.35 7002.98 4900.48 3481.02 2884.14 3926.42 5904.28 8170.26 10638.4 12997.9 12729.3 10398.7 7743.62 5424.7 3080.53 1730.37 1758.91 -9999 -9999 -9999 -9999 -9999 -9999 -9999 -9999 -9999 -9999 -9999 -9999 -9999 -9999 -9999 -9999 -9999 -9999 -9999 -9999 -9999 -9999 -9999 -9999 -9999 -9999 -9999 -9999 -9999 -9999 -9999 -9999 -9999
-9999 -9999 -9999 -9999 -9999 -9999 -9999 -9999 -9999 -9999 -9999 8249.93 7053.56 3842.99 691.266 223.251 1828.68 4369.48 6801.48 9393.48 11761.5 14417.5 16543.8 15479.8 13044.2 10499.1 8539.13 7007.82 5999.37 5440.04 6327.23 7560.64 9419.2 11776.7 13499.7 11775.9 9407.95 6751.95 4385.55 1865.47 477.307 937.952 -9999 -9999 -9999 -9999 -9999 -9999 -9999 -9999 -9999 -9999 -9999 -9999 -9999 -9999 -9999 -9999 -9999 -9999 -9999 -9999 -9999 -9999 -9999 -9999 -9999 -9999 -9999 -9999 -9999 -9999 -9999 -9999 -9999
-9999 -9999 -9999 -9999 -9999 -9999 -9999 -9999 -9999 -9999 -9999 -9999 -9999 2743.39 1972.01 1305.36 2587.93 4862.8 7291.84 9883.84 12251.8 14907.8 17161 16564.5 14149.1 11974.3 10525.6 9362.28 8381.31 7872.04 8758.01 9834.03 11000 12962 14168.6 11994.7 9626.65 6972.85 4768.86 2429.53 1526.76 2429.45 -9999 -9999 -9999 -9999 -9999 -9999 -9999 -9999 -9999 -9999 -9999 -9999 -9999 -9999 -9999 -9999 -9999 -9999 -9999 -9999 -9999 -9999 -9999 -9999 -9999 -9999 -9999 -9999 -9999 -9999 -9999 -9999 -9999
-9999 -9999 -9999 -9999 -9999 -9999 -9999 -9999 77294.7 78273.7 79572.8 81307.8 83407.1 42450.8 4614.4 3786.8 4678.87 6233.23 8375.48 10957.5 13325.5 15981.5 18267.5 18276.4 16459.3 14116 13027.9 11954.2 10973.3 10464 11350 12423.6 13432.2 14647 15317.4 13066.6 10700.6 8188.75 6205.66 4670.02 4009.07 4362.85 -9999 -9999 -9999 -9999 -9999 -9999 -9999 -9999 -9999 -9999 -9999 -9999 -9999 -9999 -9999 -9999 -9999 -9999 -9999 -9999 -9999 -9999 -9999 -9999 -9999 -9999 -9999 -9999 -9999 -9999 -9999 -9999 -9999
-9999 -9999 -9999 -9999 -9999 -9999 -9999 -9999 76080 77180.4 78366 80334.7 82660.2 75481.6 16131.6 6154.79 6986.55 8123.51 9621.48 11940.3 14306.3 16962.3 19297.1 19435.9 17619.1 16403.3 15395.8 14322.2 13341.3 12832 13718 14790.6 15798 16833.4 16522 14049.4 11800.3 9545.34 8141.37 6974.54 6071.8 5037.03 -9999 -9999 -9999 -9999 -9999 -9999 -9999 -9999 -9999 -9999 -9999 -9999 -9999 -9999 -9999 -9999 -9999 -9999 -9999 -9999 -9999 -9999 -9999 -9999 -9999 -9999 -9999 -9999 -9999 -9999 -9999 -9999 -9999
-9999 -9999 -9999 71562.5 71289 69495.8 69884.2 71888.9 73529.9 74760.4 76638.5 79190.6 81720.9 63250.9 11683.2 8806.23 9632.48 10712 11764.7 13333.5 15417.4 18062.5 20219.2 20314 19291.5 18347.2 17153.7 16098.9 15521.9 15401.9 16299.6 17365.6 18468.9 19191.8 17740.7 15293.4 13272.6 11438.6 9718.8 7312.68 5082.39 3572.19 1097.97 1941.15 -9999 -9999 -9999 -9999 -9999 -9999 -9999 -9999 -9999 -9999 -9999 -9999 -9999 -9999 -9999 -9999 -9999 -9999 -9999 -9999 -9999 -9999 -9999 -9999 -9999 -9999 -9999 -9999 -9999 -9999 -9999
-9999 72379.8 71094.9 70657.2 69794 68685.9 68875.6 70170.2 71299.3 73234.4 75616.1 78139.6 81142.8 66848.3 17818.6 11303.6 12006.5 13096.1 14078.3 15231.9 16682.3 18953.8 19642.9 18379.9 17397.5 16403.7 15297.1 14267.2 14279.6 15286.8 16259.6 17312.1 18342 19488.3 18601.7 16156.9 13917.6 11366 9004.42 6412.42 3983.12 1578.93 595.662 2409.44 5499.23 7558.14 -9999 -9999 -9999 -9999 -9999 -9999 -9999 -9999 -9999 -9999 -9999 -9999 -9999 -9999 -9999 -9999 -9999 -9999 -9999 -9999 -9999 -9999 -9999 -9999 -9999 -9999 -9999 -9999 -9999
-9999 71716.9 70121.4 68289.2 67249 66238.3 66539.9 67722.3 69595.6 72176.7 75236 77851.4 79758.3 87077.1 37809.1 13833 14608.8 15677.8 16670.5 17743.9 18777.7 19337.4 17583.3 15908.5 14778.6 13717.1 12710.3 11675.2 11694.3 12768.3 13749.2 14828.1 16151.7 18424.9 19168 16807.3 14439.3 11783.3 9415.32 6823.32 4406.58 2308.39 1635.88 3308.87 5624.36 8392.23 10876.7 -9999 -9999 -9999 -9999 -9999 -9999 -9999 -9999 -9999 -9999 -9999 -9999 -9999 -9999 -9999 -9999 -9999 -9999 -9999 -9999 -9999 -9999 -9999 -9999 -9999 -9999 -9999 -9999
-9999 70476.6 68655.4 66589.9 64882.8 63806.4 64203.3 66161.9 68565.2 72053.6 76993.9 78428.5 80347.3 -9999 -9999 17527.8 17509.9 18191.6 19104.3 20167 20588 18748 16387.6 14019.1 12474.6 11286.9 10278.3 9243.21 9262.26 10336.3 11319.9 12712.4 14892 17445.6 19359.2 17814.4 15446.7 12790.7 10422.7 7845.95 5835.75 4536.45 3989.53 4995.2 6647.31 9183.25 10887.2 -9999 -9999 -9999 -9999 -9999 -9999 -9999 -9999 -9999 -9999 -9999 -9999 -9999 -9999 -9999 -9999 -9999 -9999 -9999 -9999 -9999 -9999 -9999 -9999 -9999 -9999 -9999 -9999
-9999 -9999 -9999 64673.1 62997.1 61295.2 62663.4 63244.1 67910.9 70147.1 78201.5 -9999 -9999 -9999 -9999 19758.9 20659 21333.9 21796 22026.6 20370.6 17689 15323.9 12733.4 10502.2 8853.92 7719.6 6683.21 6702.26 7785.33 9074.47 11394.4 13825.7 16385.7 18780.2 18811.6 16507.1 13851.1 11500.4 9366.56 8155.59 7088.66 6549.36 7453.81 8502.72 10310.5 12500 14695.7 15544.5 -9999 -9999 -9999 -9999 -9999 -9999 -9999 -9999 -9999 -9999 -9999 -9999 -9999 -9999 -9999 -9999 -9999 -9999 -9999 -9999 -9999 -9999 -9999 -9999 -9999 -9999
-9999 -9999 -9999 -9999 61457.4 59477.4 57567.8 55479.1 53085.9 50330.4 -9999 -9999 43759.6 44999.8 46399.1 25375.2 24974.2 25263.1 23704.4 21700.1 19351.6 16819.8 14329 11724.5 9294.02 6959.32 5410.59 4252.09 4270.55 5669.73 7799.12 10386.3 12818.3 15378.3 17810.3 19349.9 17514.4 14874.9 12913.3 11593.5 10579.8 9520.66 8981.36 9821.84 10307.2 10253.8 10952.1 13876.9 -9999 -9999 -9999 -9999 -9999 -9999 -9999 -9999 -9999 -9999 -9999 -9999 -9999 -9999 -9999 -9999 -9999 -9999 -9999 -9999 -9999 -9999 -9999 -9999 -9999 -9999 -9999
-9999 -9999 -9999 -9999 60283.5 58344.8 55976.8 53465.5 51162.4 49171.5 46493.7 43901.7 42457.7 44355.6 45163.2 27547.2 27196.8 25842.1 23221.8 20635.7 18271.1 15845.2 13272.5 10651.7 8217.52 5660.06 3421.16 1802.65 2021.93 4473.18 7060.5 9674.06 12106.1 14666.1 17098.1 19396.5 18594.1 16430.4 15260.9 14179.1 13150.1 11922.5 10649.2 9642.2 8696.37 7811.92 8403.73 9311.79 -9999 -9999 -9999 -9999 -9999 -9999 -9999 -9999 -9999 -9999 -9999 -9999 -9999 -9999 -9999 -9999 -9999 -9999 -9999 -9999 -9999 -9999 -9999 -9999 -9999 -9999 -9999
-9999 -9999 -9999 -9999 59372.9 57364 54999.2 52407.2 49975.2 47458.2 44999.4 42404.2 40402.4 38431.7 34765.5 29790.5 27731.7 25211.3 22752 20146.4 17714.2 15059.9 12691.8 10100 7654.38 5072.56 2674.2 644.855 1392.6 4209.98 6662.03 9234.9 11666.9 14226.9 16658.9 19186.2 19821.1 18607.9 17607.9 16223.1 14370.8 12031.7 9823.14 7589.91 6331.64 5443.93 6198.6 8715.15 -9999 -9999 -9999 -9999 -9999 -9999 -9999 -9999 -9999 -9999 -9999 -9999 -9999 -9999 -9999 -9999 -9999 -9999 -9999 -9999 -9999 -9999 -9999 -9999 -9999 -9999 -9999
-9999 -9999 -9999 -9999 59370.1 57415.6 55088.9 52496.9 50064.9 47504.9 45072.9 42480.9 40123.5 37828 35278.3 31840.2 28709.2 26027.9 23623.5 21100.3 18568.7 15914.1 13546.1 10954.1 8522.11 6011.43 4230.54 3060.82 2843.58 4824.01 7227.23 9766.1 12196.4 14756.4 17188.4 19780.4 21625.3 20512.5 18459.5 15893.6 13461.6 10901.6 8499.8 6125.81 4033.72 2791.81 3322.23 4511.7 -9999 -9999 -9999 -9999 -9999 -9999 -9999 -9999 -9999 -9999 -9999 -9999 -9999 -9999 -9999 -9999 -9999 -9999 -9999 -9999 -9999 -9999 -9999 -9999 -9999 -9999 -9999
-9999 -9999 -9999 -9999 58999.5 57354.4 55474.1 52891.1 50459.1 47899.6 45466.1 42874.2 40508.7 37864 35567.5 32543.2 29533 26942.2 24515 22036.8 19542.5 16894.9 14526.9 11935 9532.3 7598.53 6356.56 5179.97 5128.41 6333.54 8187.9 10765.6 13177.3 15737.3 18169.3 20754.2 22021.2 19872.8 17504.8 14912.8 12480.8 9920.79 7489.57 4943.46 2767.69 955.455 2089.98 3840.15 -9999 -9999 -9999 -9999 -9999 -9999 -9999 -9999 -9999 -9999 -9999 -9999 -9999 -9999 -9999 -9999 -9999 -9999 -9999 -9999 -9999 -9999 -9999 -9999 -9999 -9999 -9999
