public/models/data/input/map/sulsel/2500/mapdroad.asc
NCOLS 199
NROWS 249
XLLCORNER -95260.364462
YLLCORNER 9791291.912663
CELLSIZE 2500.000000
NODATA_VALUE       -9999
[rows 0 to 32 of 249, columns 75 to 149 of 199]
-9999 -9999 -9999 -9999 -9999 -9999 -9999 -9999 -9999 -9999 -9999 -9999 -9999 -9999 -9999 -9999 -9999 -9999 -9999 -9999 -9999 -9999 -9999 -9999 -9999 -9999 -9999 -9999 -9999 -9999 -9999 -9999 -9999 -9999 -9999 -9999 -9999 -9999 -9999 -9999 -9999 -9999 -9999 -9999 -9999 -9999 27465.7 28113.5 27975.3 -9999 -9999 -9999 -9999 -9999 -9999 -9999 -9999 -9999 -9999 -9999 -9999 -9999 -9999 -9999 -9999 -9999 -9999 -9999 -9999 -9999 -9999 -9999 -9999 -9999 -9999
-9999 -9999 -9999 -9999 -9999 -9999 -9999 -9999 -9999 -9999 -9999 -9999 -9999 -9999 -9999 -9999 -9999 -9999 -9999 -9999 -9999 -9999 -9999 -9999 -9999 -9999 -9999 -9999 -9999 -9999 -9999 -9999 -9999 -9999 -9999 -9999 -9999 -9999 -9999 -9999 -9999 -9999 -9999 -9999 -9999 -9999 24711.9 25788.6 26360.8 25737.9 -9999 -9999 -9999 -9999 -9999 -9999 -9999 -9999 -9999 -9999 -9999 -9999 -9999 -9999 -9999 -9999 -9999 -9999 -9999 -9999 -9999 -9999 -9999 -9999 -9999
-9999 -9999 -9999 -9999 -9999 -9999 -9999 -9999 -9999 -9999 -9999 -9999 -9999 -9999 -9999 -9999 -9999 -9999 -9999 -9999 -9999 -9999 -9999 -9999 -9999 -9999 -9999 -9999 -9999 15556.1 16207.5 -9999 -9999 -9999 -9999 -9999 -9999 -9999 -9999 -9999 -9999 -9999 -9999 -9999 -9999 20398.2 22206.9 23196.8 23869.5 23950.2 23571.9 -9999 -9999 -9999 -9999 -9999 -9999 -9999 -9999 -9999 -9999 -9999 -9999 -9999 -9999 -9999 -9999 -9999 -9999 -9999 -9999 -9999 -9999 -9999 -9999
-9999 -9999 -9999 -9999 -9999 -9999 -9999 -9999 -9999 -9999 -9999 -9999 -9999 -9999 -9999 -9999 -9999 -9999 -9999 -9999 -9999 -9999 -9999 -9999 -9999 -9999 -9999 12640.9 13078.3 14852.3 16739.8 18562.4 18215.9 17297.4 16007.8 -9999 -9999 -9999 -9999 -9999 -9999 -9999 -9999 -9999 -9999 18559.9 19683 20765.3 21440.6 21589.6 21820.8 21325.1 -9999 -9999 -9999 -9999 -9999 -9999 -9999 -9999 -9999 -9999 -9999 -9999 -9999 -9999 -9999 -9999 -9999 -9999 -9999 -9999 -9999 -9999 -9999
-9999 -9999 -9999 -9999 -9999 -9999 -9999 -9999 -9999 -9999 -9999 -9999 -9999 -9999 -9999 -9999 -9999 -9999 -9999 -9999 -9999 -9999 -9999 -9999 -9999 -9999 -9999 10062.4 11249.7 13549.5 15913 17468.8 16670.4 15605.5 14568.9 11591 -9999 -9999 -9999 -9999 -9999 -9999 -9999 -9999 -9999 16224.8 17135.6 18366.9 18978.9 19029.9 19354.7 19435.9 -9999 -9999 -9999 -9999 -9999 -9999 -9999 -9999 -9999 -9999 -9999 -9999 -9999 -9999 -9999 -9999 -9999 -9999 -9999 -9999 -9999 -9999 -9999
-9999 -9999 -9999 -9999 -9999 -9999 -9999 -9999 -9999 -9999 -9999 -9999 -9999 -9999 -9999 -9999 -9999 -9999 -9999 -9999 -9999 -9999 -9999 5463.97 5736.89 -9999 5620.55 7817.53 9893.61 12540.5 14844.2 15289.7 14240.7 13179.5 12166.2 10854.6 9498.33 8842 -9999 3640.51 2654.09 634.526 749.282 -9999 -9999 13702.5 14850.5 16455.5 16614.5 16597.9 16924.3 17426.3 17053.4 -9999 -9999 -9999 -9999 -9999 -9999 -9999 -9999 -9999 -9999 -9999 -9999 -9999 -9999 -9999 -9999 -9999 -9999 -9999 -9999 -9999 -9999
-9999 -9999 -9999 -9999 -9999 -9999 -9999 -9999 -9999 -9999 -9999 -9999 -9999 -9999 -9999 -9999 -9999 -9999 -9999 -9999 -9999 8288.34 6545.63 4531.68 2358.69 1708.58 3886.93 6444.82 8810.9 11466.9 13513.3 12916.9 11708.4 10588.6 9580.11 8536.84 7603.41 7708.45 7167.3 5029.63 2612.11 662.031 1986.07 4627.85 7951.49 11315 12832 14214 14039.3 14005.9 14332.3 15089.5 15735.7 14593.6 -9999 -9999 -9999 -9999 -9999 -9999 -9999 -9999 -9999 -9999 -9999 -9999 -9999 -9999 -9999 -9999 -9999 -9999 -9999 -9999 -9999
-9999 -9999 -9999 -9999 -9999 -9999 -9999 -9999 -9999 -9999 -9999 -9999 -9999 -9999 -9999 -9999 -9999 -9999 -9999 -9999 -9999 8774.53 6842.96 4253 1827.28 859.245 3000.55 5591.52 7959.52 10615.5 12303.9 11018.8 9531.84 8270.87 7212.16 6191.37 5271.17 5482.41 5453.48 4658.52 2297.2 665.749 2479.58 5038.96 7353.94 9486.33 10907.5 12247.1 11677.5 11637.9 11964.3 12728.8 13686.8 13404.3 12366.8 -9999 -9999 -9999 -9999 -9999 -9999 -9999 -9999 -9999 -9999 -9999 -9999 -9999 -9999 -9999 -9999 -9999 -9999 -9999 -9999
-9999 -9999 -9999 -9999 -9999 -9999 -9999 -9999 -9999 -9999 -9999 -9999 -9999 -9999 -9999 -9999 -9999 -9999 -9999 -9999 -9999 9634.11 7587.46 4995.46 2566.43 682.85 2269.05 4819.64 7183.6 9839.59 11206 9287.92 7417.86 5828.33 4616.71 3661.64 2617.8 2774.38 2846.82 3417.75 1908.42 622.627 1857.54 3999.09 5728.65 7339.42 9107.28 9867.6 9021.65 8981.86 9308.35 10072.8 11037.8 11296.9 9968 -9999 -9999 -9999 -9999 -9999 -9999 -9999 -9999 -9999 -9999 -9999 -9999 -9999 -9999 -9999 -9999 -9999 -9999 -9999 -9999
-9999 -9999 -9999 -9999 -9999 -9999 -9999 -9999 -9999 -9999 -9999 -9999 -9999 -9999 -9999 -9999 -9999 -9999 -9999 14710.4 13020.6 10310.8 7969.11 5377.11 2945.11 754.389 1650.51 4089.02 6454.65 9109.56 10269.7 8161.98 5890.05 3939.26 2447.35 1437.82 789.716 926.101 810.507 1254.24 787.946 370.624 735.048 2374.64 3802.47 5774.56 7563.15 7546.24 6653.65 6613.86 6940.35 7704.79 8669.86 9422.52 8240.45 6025.87 4666.91 -9999 -9999 -9999 -9999 -9999 -9999 -9999 -9999 -9999 -9999 -9999 -9999 -9999 -9999 -9999 -9999 -9999 -9999
-9999 -9999 -9999 -9999 -9999 -9999 -9999 -9999 -9999 -9999 -9999 -9999 -9999 -9999 -9999 -9999 -9999 -9999 13978.8 14124.3 12740.6 10358.6 7994.64 5402.64 2970.64 742.334 1543.77 4048.21 6416.18 8856.92 8922.31 6943.3 4656.49 2260.76 739.842 1261.24 1918.72 1300.65 881.921 1216.98 1528.94 742.384 696.928 709.337 2057.53 4304.18 5501.29 4955.21 4061.66 4021.86 4348.35 5115.41 6090.09 7021.15 6891.46 4569.44 2575.27 -9999 -9999 -9999 -9999 -9999 -9999 -9999 -9999 -9999 -9999 -9999 -9999 -9999 -9999 -9999 -9999 -9999 -9999
-9999 -9999 -9999 -9999 -9999 -9999 -9999 -9999 -9999 -9999 -9999 -9999 -9999 -9999 -9999 -9999 -9999 15255.7 13933.2 12015.9 10821.6 9499.45 7615.32 5106.2 2693.63 659.219 1806.47 4392.52 6663.27 7697.92 7224.86 5453.73 3540.99 1458.53 895.123 3021.43 4240.42 3685.94 3082.71 3480.65 3491.87 2372.71 2519.22 1635.17 1102.48 2959.39 3153.91 2558.28 1650.97 1596.38 1917.35 2769.15 3724.13 4601.21 5111.09 3547.87 1325.25 824.565 2032.84 -9999 -9999 -9999 -9999 -9999 -9999 -9999 -9999 -9999 -9999 -9999 -9999 -9999 -9999 -9999 -9999
-9999 -9999 -9999 -9999 -9999 -9999 -9999 -9999 -9999 -9999 -9999 -9999 -9999 -9999 -9999 -9999 14263.2 15179.5 13168.5 10585.6 8525.9 7164.08 6056.31 4130.73 1893.33 363.053 1856.58 4443.47 5553.94 5183.2 4875.28 3856.38 1940.08 677.184 1854.47 4219.23 6299.99 6244.8 5640.33 6030.11 5865.7 4914 4069.62 1966.46 900.945 1021.73 854.023 694.258 910.838 1061.21 787.078 814.709 1295.43 2147.03 2875.36 1918.71 902.254 1429.96 3539.71 4849.77 5023.48 -9999 -9999 -9999 -9999 -9999 -9999 -9999 -9999 -9999 -9999 -9999 -9999 -9999 -9999
-9999 -9999 -9999 -9999 -9999 -9999 -9999 -9999 -9999 -9999 -9999 -9999 -9999 -9999 13220.8 12925.9 13135.6 13514.5 12157 9570.06 7204.69 4929.55 3787.01 2811.15 915.597 488.588 1785.14 3832.51 3339.72 2751.55 2456.96 2057.92 750.719 1527.01 3399.08 5425.17 7584.13 8650.67 8072.33 8460.56 8294.82 7169.52 5458.19 3457.8 1485.52 766.471 1571.43 2194.96 3038.5 3373.98 2780.74 1621.73 1134.78 909.23 1165.42 575.999 940.176 2134.12 3120.21 4316.43 5141.64 -9999 -9999 -9999 -9999 -9999 -9999 -9999 -9999 -9999 -9999 -9999 -9999 -9999 -9999
-9999 -9999 -9999 -9999 -9999 -9999 -9999 -9999 -9999 -9999 -9999 -9999 -9999 11528 12010.8 11603.1 10824.9 11118.9 10947.6 8566 6198.01 3548.9 1560.2 1139.55 393.643 510.026 1195.71 2378.21 1122.63 709.939 683.499 699.057 1298.4 3033.71 5042.8 7064.26 8900.86 10834.1 10662.7 11052 10764.6 8977.05 6944.07 4431.38 2120.91 605.324 1634.44 3745.91 5369.32 5942.56 5205.9 4150.04 3600.51 2290.78 1141.05 623.838 690.059 836.436 1002.69 2596.51 4231.78 6075.08 5634.28 3512.97 835.25 2569.77 4871.37 7356.22 9703.28 12026.8 14512.6 16878.3 19091.8 21149.8 -9999
-9999 -9999 -9999 -9999 -9999 -9999 -9999 -9999 -9999 -9999 -9999 -9999 -9999 11026.4 10282.7 9256.37 8458.83 8770.89 9589.17 8669.03 6376.95 3742.6 1885.76 669.773 302.676 755.919 858.483 887.084 873.815 1988.94 1988.52 2312.39 3212.39 4709.33 6427.68 8566.26 10283.7 11963.8 12588.9 13201 12454.5 10350.9 7996.33 5461.22 3274.59 1220.09 961.047 3344.55 5767.31 7768.74 7543.31 6510.8 5691.74 4283.9 3368.3 2488.77 2056.74 2088.79 982.62 1029.69 2869.77 4796.04 4779.87 2599.05 758.014 1569.37 3982.31 6574.31 8942.3 11597.8 13986.6 16577.8 18966.8 21349.7 22607.4
-9999 -9999 -9999 -9999 -9999 -9999 -9999 -9999 -9999 -9999 -9999 -9999 -9999 8922.63 7714.75 6600.37 5802.83 6115.15 7091.01 8070.89 7255.65 5280.6 3684.97 1640.68 287.583 620.496 837.046 1334.24 1931.85 1674.97 877.102 1444.32 3537.51 5936.07 7923.24 8763.25 8980.65 10045.5 11026.5 12191.9 13219.1 11351 8933 6443.38 4157 1570.85 798.758 3075.28 5507.27 8055.59 9704.72 9102.26 8030.58 6931.13 6233 5588.55 4788.89 4307.12 2688.1 847.014 1151.31 2834.02 3411.95 1302.87 555.363 1925.49 4195.51 6783.36 9151.36 11807.4 14167 16661.3 18913.5 20127.4 20956.3
-9999 -9999 -9999 -9999 -9999 -9999 -9999 -9999 -9999 -9999 -9999 -9999 -9999 7480.03 5637.01 4262.62 3434.95 3748.37 4807.51 6069.72 6013.76 4879.33 3287.6 989.485 386.602 684.703 2141.39 2751.41 1551.35 570.045 501.906 725.562 2583.89 5129.87 7084.81 6659.34 6612.74 7677.68 8723.86 10594.4 12650.3 11418.8 8986.82 6394.84 4026.84 1428.26 722.618 2971.62 5403.61 7963.61 10358.7 11284.3 10366.6 9300.07 9535.78 8304.38 7213.17 6143.13 4316.62 2254.48 850.989 1119.86 2131.13 802.85 1390.63 3396.55 5248.09 7639.88 9994.36 12490.9 14173.4 16089.8 17795.3 17858 18656.6
-9999 -9999 -9999 -9999 -9999 -9999 -9999 -9999 -9999 -9999 -9999 -9999 -9999 6227.87 4091.51 1967.83 1005.28 1300.78 2491.21 3661.78 3511.59 2441.32 1751.4 619.484 1466.85 678.624 1776.01 1826.81 587.366 965.334 493.243 1105.69 2791.59 5088.05 5290.96 4070.02 4020.82 5177.45 6928.75 9469.06 11742.3 10935.3 8503.57 5911.57 3543.57 1033.85 1089.75 3503.56 5935.54 8495.54 10927.5 13121 12953.2 11893.2 11752.1 10645.6 9557.64 7968.63 7162.01 5372.51 2500.09 931.812 778.944 898.892 952.099 2932.7 4721.97 7074 9272.75 10878.8 12449.7 14383 15436.8 15266 16064.6
-9999 -9999 -9999 -9999 -9999 -9999 -9999 -9999 -9999 -9999 -9999 -9999 -9999 5194.5 2638.5 1042.57 1019.38 494.994 663.636 1608.53 1216.83 617.598 630.485 412.827 794.21 548.346 634.637 1360.97 715.953 590.634 514.018 1834.71 3585.14 5060.75 3774.74 1856.6 1659.31 3544.63 5869.97 8461.69 10834 10618.6 8205.17 5634.45 3429.91 982.892 1085.12 3535.52 5967.52 8527.52 10959.5 13523.2 14991.2 14325.2 13841.5 12787.2 11460.4 10321.3 9064.15 6528.84 4384.01 2799.35 1194.31 882.329 457.411 1353.48 3487.41 5871.95 7304.66 9057.91 10836.5 12170.7 13042.7 12834 13632.6
-9999 -9999 -9999 -9999 -9999 -9999 -9999 -9999 -9999 -9999 -9999 -9999 -9999 -9999 -9999 2565.58 2168.57 919.713 260.575 638.987 1262.9 1652.29 2184.83 727.834 1347.16 1881.07 1349.58 1668.56 1981.69 658.01 937.969 1230.75 2146.34 4055.69 2730.65 752.429 506.172 2629.98 4997.98 7589.98 9966.88 9772.4 7358.46 4768.59 2546.45 737.462 1377.92 3806.56 6174.81 8636.32 11062.2 13654.2 15986.6 16814.2 16301.3 14999.9 13887 12534.8 10402.8 8037.27 6482.08 4568.42 2974.69 1833.79 467.273 832.602 2588.09 3805.86 5363.87 7341.01 8536.19 9783.36 10532.7 10274 11072.6
-9999 -9999 -9999 -9999 -9999 -9999 -9999 -9999 -9999 -9999 -9999 -9999 -9999 -9999 -9999 -9999 -9999 2172.44 766.771 1089.46 2676.99 3260.3 3169.18 978.741 1402.79 3284.67 3453.02 3495.6 3588.54 2306.17 733.839 262.315 1123.24 3434.47 3342.93 1666.64 547.806 2499.91 4867.91 7459.91 9816.99 9474.32 7051.98 4459.98 2092.95 583.399 2076.81 4020.05 5702.1 8046.33 10476 13068 15436 17857 18349.9 17132.9 15876.7 13808.9 11591.3 9871.13 8049.98 5599.53 3343.35 1065.08 245.025 473.435 962.95 1986.08 3789.01 5126.91 6266.55 7536.92 8129 7842.03 8640.63
-9999 -9999 -9999 -9999 -9999 -9999 -9999 -9999 -9999 -9999 -9999 -9999 -9999 -9999 -9999 -9999 -9999 2148.79 688.586 613.891 1049.28 1441.79 2557.07 1268.72 629.926 2332.56 5263.03 6060.49 5951.37 3842.4 1796.37 476.072 940.525 3123.31 3046.7 929.676 1024.35 3232.64 5573.14 8162.46 9966.63 9437.45 7721.03 5403.62 3197.2 1088.01 828.159 2209.15 4420.28 6976.59 9408.58 12000.6 14368.6 17023.1 19143.9 19797.9 17371.2 15091 13395.5 11290.5 8975.87 6319.94 3974.97 2055.86 852.144 301.028 275.638 870.346 1676.94 2715.81 3905.26 5271.16 5555.2 5250.68 6055.68
-9999 -9999 -9999 -9999 -9999 -9999 -9999 -9999 -9999 -9999 -9999 -9999 -9999 -9999 -9999 -9999 -9999 1227.1 673.49 1693.85 1365.33 677.606 1816.34 1465.74 696.966 2496.58 5599.69 7749.49 7403.06 5125.42 3337.99 1361.24 570.203 2182.29 2241.81 686.437 2175.8 4267.83 6523.64 9008.68 8907.99 7325.3 6292.77 5500.55 4327.49 2242.59 602.209 1419.39 3807.28 6367.15 8799.15 11391.2 13759.2 16124.4 17456.6 18067.6 17083.5 15619.6 13535.9 10951.7 8583.69 5927.69 3560.74 1276.02 718.294 281.204 243.933 322.79 310.906 713.424 2054.67 3092.5 3146.45 2887.05 3964.87
-9999 -9999 -9999 -9999 -9999 -9999 -9999 -9999 -9999 -9999 -9999 -9999 -9999 -9999 -9999 -9999 -9999 1653.47 2082.24 3557.18 3112.49 896.21 1003.22 916.135 1335.17 3758.45 5949.68 8273.48 8353.44 6705.73 4954.11 3081.27 1096.54 811.848 1153.24 469.689 1495.27 3983.69 6351.36 8572.33 7743.05 5306.92 3683.49 3282.57 3213.26 1566.9 606.448 1209.79 3536.73 6095.93 8527.92 11115.5 13262 14083 14835.2 15415.9 14552.8 13650.8 13151.3 11307.2 8943.21 6294.11 4021.89 2157.19 1300.34 363.542 140.428 250.29 214.035 562.631 604.67 1189.29 873.372 791.393 2073.59
-9999 -9999 -9999 -9999 -9999 -9999 -9999 -9999 -9999 -9999 -9999 -9999 -9999 -9999 -9999 -9999 -9999 2189.23 3556.21 5338.51 3844.58 2047.16 803.971 495.194 1610.96 4153.81 6566.68 7719.62 6820.22 5675.5 4749.96 3959.64 2475.74 963.9 584.979 866.758 2453.1 4571.83 6688.42 7188.91 6557.12 4311.18 1977.75 1147.75 1575.91 528.449 300.079 1636.07 3942.51 6500.86 8926.47 11105.6 12019.5 11727 12467.2 13047.9 12184.8 11284.5 11112.8 10540.7 8270.21 5616.18 3326.67 1287.51 1002.29 304.519 154.302 409.363 444.967 438.298 529.32 1822.79 1295.14 778.553 770.074
-9999 -9999 -9999 -9999 -9999 -9999 -9999 -9999 -9999 -9999 -9999 -9999 -9999 -9999 -9999 -9999 -9999 -9999 -9999 -9999 -9999 3547.85 1978.87 477.319 1659.93 4177.56 6042.43 5685.92 4421.56 3135.24 2274.66 2544.94 1659 563.945 472.608 998.034 2906.06 4349 5378.67 4672.07 4670.5 3695.68 1779.56 398.334 452.951 577.911 590.098 1577.18 3746.41 6024.99 7666.7 8882.8 9494.24 9134.95 9875.16 10455.9 9592.8 8692.51 8528.77 8992.97 7534.86 4929.01 2570.81 480.635 248.44 113.998 141.138 194.81 391.54 212.174 354.382 1242.67 783.513 655.366 324.069
-9999 -9999 -9999 -9999 -9999 -9999 -9999 -9999 -9999 -9999 -9999 -9999 -9999 -9999 -9999 -9999 -9999 -9999 -9999 -9999 -9999 3843.82 2345.82 927.851 1321.35 3578.15 4173.87 3433.51 2740.28 1022.43 617.174 676.55 623.28 430.888 972.902 606.804 1043.85 2558.92 3666.56 2324.36 2405.1 1825.73 1886.46 792.688 263.638 378.141 1404.53 2863.21 4163.97 4536.29 5372.22 6684.02 7185.96 6702.95 7443.17 8028.61 7160.95 6260.52 6096.78 6810.49 6293.45 4437.7 2113.98 377.619 129.588 103.83 145.526 176.468 144.678 381.579 589.73 521.987 264.309 353.841 574.735
-9999 -9999 -9999 -9999 -9999 -9999 -9999 -9999 -9999 -9999 -9999 -9999 -9999 -9999 -9999 -9999 -9999 -9999 -9999 -9999 -9999 -9999 1935.55 980.745 911.961 1829.55 1962.9 1036.11 1412.02 660.705 1053.82 1635.44 1880.89 786.504 1280.65 832.128 478.692 1055.04 2453.99 1212.88 1149.27 1218.69 705.02 893.971 300.839 520.67 606.976 1426.04 2238.11 2047.49 3082.11 4792.38 4715.04 4143 4920.04 5748.1 4669.3 3700.66 3537.06 4284.01 3805.46 3310.85 1604.64 202.999 110.929 151.287 270.188 292.035 284.211 253.243 1249.77 817.856 435.858 749.18 1244.23
-9999 -9999 -9999 -9999 -9999 -9999 -9999 -9999 -9999 -9999 -9999 -9999 -9999 -9999 -9999 -9999 -9999 -9999 -9999 -9999 -9999 -9999 3413.18 2257.5 1058.47 393.156 547.042 429.313 523.942 633.242 364.676 1066.78 2314.9 1035.66 626.586 1031.6 1174.89 579.369 752.204 934.116 763.968 1220.16 528.361 460.648 218.47 362.006 228.531 274.513 509.753 402.405 1444.14 2654.25 2477.83 1752.65 2953.29 3754.69 2850.33 1344.87 1206.69 2460.78 1636.14 1505.75 1125.43 257.654 176.113 149.135 148.023 235.874 174.481 534.076 1948.98 1183.09 296.031 463.632 824.114
-9999 -9999 -9999 -9999 -9999 -9999 -9999 -9999 -9999 -9999 -9999 -9999 -9999 -9999 -9999 -9999 -9999 -9999 -9999 -9999 -9999 -9999 5429.09 4352.98 2418.11 834.675 613.961 565.287 911.21 831.878 876.764 619.546 1704.54 2460.11 2306.46 2828.33 3000.49 1416.12 435.802 585.853 380.964 236.24 1033.95 717.546 196.198 513.855 218.438 223.769 278.438 170.162 271.907 597.212 913.169 607.227 1367.37 1605.64 1854.29 448.865 519.397 1137.46 565.723 276.422 443.055 598.378 517.09 248.85 319.96 212.556 231.389 599.83 1028.19 556.648 439.619 613.214 223.522
-9999 -9999 -9999 -9999 -9999 -9999 -9999 -9999 -9999 -9999 -9999 -9999 -9999 -9999 -9999 -9999 -9999 -9999 -9999 -9999 -9999 9405.38 7962.47 5791.09 4074.92 2868.08 2230.42 1966.11 2633.85 1301.91 628.506 529.082 585.077 1099.95 1824.55 1760.86 1702.45 1528.27 470.347 517.918 340.327 318.107 656.843 635.017 360.863 1016.09 354.189 246.323 280.628 251.643 182.781 661.766 322.881 305.072 382.233 584.536 614.914 361.001 567.718 280.298 266.497 305.793 530.169 659.781 1393.16 1201.86 1067.41 580.883 959.274 489.248 419.359 600.909 473.445 335.192 331.75
-9999 -9999 -9999 -9999 -9999 -9999 -9999 -9999 -9999 -9999 -9999 -9999 -9999 -9999 -9999 -9999 -9999 -9999 -9999 -9999 11549 11570.1 9498.53 7703.25 6611.1 5516.1 4880.85 4587.12 4714.7 3039.91 1950.03 1935.9 1310.41 586.313 773.831 693.737 757.721 322.096 377.648 401.982 864.541 805.978 522.228 473.744 301.14 949.43 529.585 321.335 285.76 197.262 263.924 994.45 570.257 149.916 215.752 184.322 175.643 251.571 238.765 551.512 350.953 694.503 671.201 62.6667 100 3096.22 3096.22 263.824 1510.2 1765.3 1857.29 2139.29 2041.22 2237.34 2953.34
