public/models/data/input/map/sulsel/2500/mapdset.asc
NCOLS 199
NROWS 249
XLLCORNER -95260.364462
YLLCORNER 9791291.912663
CELLSIZE 2500.000000
NODATA_VALUE       -9999
[rows 132 to 164 of 249, columns 75 to 149 of 199]
-9999 -9999 -9999 -9999 -9999 -9999 -9999 -9999 -9999 4530.62 5727.21 5953.69 3244.44 1419.44 1633.36 3144.72 3548.67 4696.16 6672.66 8755.08 7432.34 5011.83 3694.46 3534.29 4931.88 7301.87 9733.63 12224 13184.4 12794.6 13388.5 12595.8 11454 10390.2 9387.76 9404.33 10370.3 11473.5 12642.6 14748.6 14903 12725.9 11406.8 11948.9 15234.5 -9999 -9999 -9999 -9999 -9999 -9999 -9999 -9999 -9999 -9999 -9999 -9999 -9999 -9999 -9999 -9999 -9999 -9999 -9999 -9999 -9999 -9999 -9999 -9999 -9999 -9999 -9999 -9999 -9999 -9999
-9999 -9999 -9999 -9999 -9999 -9999 -9999 -9999 -9999 -9999 -9999 4875.13 2745.79 1195.83 1897.04 1330.13 1303.59 3264.36 5681.6 7783.61 6469.85 3816.67 1683.99 1589.25 3815.69 6373.8 8805.8 11398.1 13697.9 14881.7 13823.8 11335.8 9250.57 7958.51 6955.77 6972.34 7938.28 9234.15 11212.9 13787.5 15509.6 14823.5 13898.2 14729.5 15381.9 -9999 -9999 -9999 -9999 -9999 -9999 -9999 -9999 -9999 -9999 -9999 -9999 -9999 -9999 -9999 -9999 -9999 -9999 -9999 -9999 -9999 -9999 -9999 -9999 -9999 -9999 -9999 -9999 -9999 -9999
-9999 -9999 -9999 -9999 -9999 -9999 -9999 -9999 -9999 3426.44 3293.21 3482.78 4151.09 3565.7 3579.66 2090.64 1774.12 3528.26 5909.42 8035.58 6764.77 4131.57 2228.14 2282.65 4263.42 6797.95 9223.41 11838.6 14201.1 15057.4 12847.1 10255.1 7826.88 5612.02 4367.38 4384.18 5531.91 7758.97 10121.9 12713.9 15136.8 16826.8 16440.4 16897.7 -9999 -9999 -9999 -9999 -9999 -9999 -9999 -9999 -9999 -9999 -9999 -9999 -9999 -9999 -9999 -9999 -9999 -9999 -9999 -9999 -9999 -9999 -9999 -9999 -9999 -9999 -9999 -9999 -9999 -9999 -9999
-9999 -9999 -9999 -9999 -9999 -9999 -9999 -9999 -9999 3210.7 1898.7 2356.52 4464.47 5827.94 5412.26 4510.07 4109.13 5125.66 6920.86 9013.94 7746.31 5540.92 4422.48 4479.21 5668.39 7787.29 10210.8 12801.3 15039.1 14232.8 11866.2 9274.2 6842.21 4293.41 2213.25 2198.19 4135.89 6773.05 9141.05 11733 14165 16385.4 17098.4 17691.9 -9999 -9999 -9999 -9999 -9999 -9999 -9999 -9999 -9999 -9999 -9999 -9999 -9999 -9999 -9999 -9999 -9999 -9999 -9999 -9999 -9999 -9999 -9999 -9999 -9999 -9999 -9999 -9999 -9999 -9999 -9999
-9999 -9999 -9999 -9999 -9999 -9999 -9999 -9999 5112.2 4007.78 1206.24 1331.17 3590.85 6171.61 7499.31 7062.59 6751.97 7709.43 8820.17 10284.3 9297.06 8036.86 7076.3 7133.46 8139.63 9365.18 11332.6 13902.9 15764.6 14020.3 11652.3 9060.26 6628.26 4069.08 1754.95 1554.1 3719.33 6373.75 8741.75 11333.7 13626.2 14393.8 14693.3 15505.1 -9999 -9999 -9999 -9999 -9999 -9999 -9999 -9999 -9999 -9999 -9999 -9999 -9999 -9999 -9999 -9999 -9999 -9999 -9999 -9999 -9999 -9999 -9999 -9999 -9999 -9999 -9999 -9999 -9999 -9999 -9999
-9999 -9999 -9999 -9999 -9999 -9999 -9999 -9999 773.591 2562.64 1046.86 820.019 2689.89 5307.95 7628.17 9118.39 9118.54 10059.6 11068 12027.8 11507.2 10404.9 9444.29 9501.46 10507.6 11574.8 12755.8 14895.7 16737.8 14983.7 12615.7 10023.7 7591.73 5145.7 3576.39 3432.51 4813.05 7298.27 9666.27 12135.6 12909.7 12108.2 12331.7 13523.5 -9999 -9999 -9999 -9999 -9999 -9999 -9999 -9999 -9999 -9999 -9999 -9999 -9999 -9999 -9999 -9999 -9999 -9999 -9999 -9999 -9999 -9999 -9999 -9999 -9999 -9999 -9999 -9999 -9999 -9999 -9999
-9999 -9999 -9999 -9999 -9999 -9999 -9999 5171.71 3766.59 3039.18 1252.33 933.968 2885.08 5515.06 7883.06 10410.8 11652.7 12651.6 13659 14567.5 14097 12996.8 12036.3 12093.5 13099.6 14159.9 15144 16216.7 17555.2 16054.2 13689.3 11097.4 8778.97 7159.41 6133.64 6000.51 6959.38 8522.44 10622.5 11402.4 10507 9516.53 9888.72 11255.4 -9999 -9999 -9999 -9999 -9999 -9999 -9999 -9999 -9999 -9999 -9999 -9999 -9999 -9999 -9999 -9999 -9999 -9999 -9999 -9999 -9999 -9999 -9999 -9999 -9999 -9999 -9999 -9999 -9999 -9999 -9999
-9999 -9999 -9999 -9999 -9999 -9999 5770.38 4754.55 2781.56 1607.91 1489.29 2042.18 3900.27 6523.77 8890.44 11481.5 13676.8 15079.9 16091 16999.5 16529 15428.8 14468.3 14525.3 15457 15948.9 15669.1 15271.1 16042.7 16412 14683.3 12218.3 10668.9 9573 8565.64 8437.71 9387.44 10413.8 10334.6 9109.85 8075.56 7079.69 6920.5 -9999 -9999 -9999 -9999 -9999 -9999 -9999 -9999 -9999 -9999 -9999 -9999 -9999 -9999 -9999 -9999 -9999 -9999 -9999 -9999 -9999 -9999 -9999 -9999 -9999 -9999 -9999 -9999 -9999 -9999 -9999 -9999
-9999 -9999 -9999 -9999 -9999 1444.61 2312.11 2323.75 1583.41 466.278 628.231 2450.32 4681.7 7294.53 9660.83 12252.7 14683.8 17033.5 18586.5 19559.4 19081.7 17857.6 16580.2 15914.6 15312.7 14305.7 13364.1 12727.5 13490.4 14582.1 14985.1 14124.2 13190.3 12133 11125.6 10992.9 11867.8 11304.7 9138.64 6932.63 5553.4 4523.93 4530.96 -9999 -9999 -9999 -9999 -9999 -9999 -9999 -9999 -9999 -9999 -9999 -9999 -9999 -9999 -9999 -9999 -9999 -9999 -9999 -9999 -9999 -9999 -9999 -9999 -9999 -9999 -9999 -9999 -9999 -9999 -9999 -9999
-9999 -9999 -9999 -9999 -9999 688.131 494.759 167.723 858.13 1937.7 2114.06 3136.73 5294.74 7949.26 10317.3 12909.3 15341.3 17901.2 20282.9 21774.4 20629.7 18244.6 15930.3 14002.1 12925.7 11880.7 11157.4 10297.5 11058.4 12158.5 13139.5 14279.3 15079.8 14561.2 13557.6 13326.4 12868.9 10446.1 8078.15 5547 3493.27 2160.73 3464.32 -9999 -9999 -9999 -9999 -9999 -9999 -9999 -9999 -9999 -9999 -9999 -9999 -9999 -9999 -9999 -9999 -9999 -9999 -9999 -9999 -9999 -9999 -9999 -9999 -9999 -9999 -9999 -9999 -9999 -9999 -9999 -9999
-9999 -9999 -9999 0 0 100.984 548.827 287.466 225.254 1356.74 3328.79 5088.81 6605.88 9024.22 11390.9 13982.9 16414.9 18974.9 21398.9 22051.4 19845.1 17189.1 14821.1 12264.6 10439.2 9275.35 8251.7 7702.64 8466.38 9569.44 10699.4 12441.1 14524 16393.2 15964.5 14314.7 12095 9439.03 7071.03 4479.11 2101.95 437.951 164.1 -9999 -9999 -9999 -9999 -9999 -9999 -9999 -9999 -9999 -9999 -9999 -9999 -9999 -9999 -9999 -9999 -9999 -9999 -9999 -9999 -9999 -9999 -9999 -9999 -9999 -9999 -9999 -9999 -9999 -9999 -9999 -9999
-9999 -9999 -9999 0 0 65.8737 339.322 278.05 224.804 1124.97 3133.31 5712.67 7956.87 10162.5 12373.1 14963.7 17395.7 19955.7 22169.6 21224.6 18864.2 16208.2 13840.2 11248.2 8857.63 6970.33 5897.9 5337.89 6098.38 7342.34 8919.3 11115.4 13519 16052.4 16921.3 14604.9 12236.9 9580.94 7212.95 4620.95 2264.78 1115.89 415.705 -9999 -9999 -9999 -9999 -9999 -9999 -9999 -9999 -9999 -9999 -9999 -9999 -9999 -9999 -9999 -9999 -9999 -9999 -9999 -9999 -9999 -9999 -9999 -9999 -9999 -9999 -9999 -9999 -9999 -9999 -9999 -9999
-9999 -9999 549.358 140.879 0 11.1229 98.4977 243.063 1100.08 2938.73 4514.65 6721.14 9079.79 11685 13669.8 16065.4 18495.9 21047.5 22311.7 20165.2 17797.2 15147.2 12769.4 10172.4 7716.08 5188.71 3342.39 2684.86 3586.19 5383.66 7421.02 9986.8 12418.8 14978.8 17024.9 15684.9 13318.6 10662.6 8294.72 5816.17 4262.08 3791.98 4832.82 -9999 -9999 -9999 -9999 -9999 -9999 -9999 -9999 -9999 -9999 -9999 -9999 -9999 -9999 -9999 -9999 -9999 -9999 -9999 -9999 -9999 -9999 -9999 -9999 -9999 -9999 -9999 -9999 -9999 -9999 -9999 -9999
-9999 -9999 783.45 164.358 15.7015 54.8037 189.488 544.714 1923.33 4257.22 6312.53 8037.46 10070 12716.6 15027.9 17214.2 19479.3 21944.2 21934.1 19403 17035 14380.9 12016.6 9462.46 6935.8 4377.42 1991.73 709.715 1821.61 4072.16 6414.01 9005.95 11437.9 13997.9 16400.9 16588.5 14299.5 11643.6 9358.54 7644.29 6604.04 6163.52 7164.7 9176.13 -9999 -9999 -9999 -9999 -9999 -9999 -9999 -9999 -9999 -9999 -9999 -9999 -9999 -9999 -9999 -9999 -9999 -9999 -9999 -9999 -9999 -9999 -9999 -9999 -9999 -9999 -9999 -9999 -9999 -9999 -9999
-9999 -9999 2354.46 1652.88 929.913 150.974 233.961 1885.55 3630.73 5491.93 7765.26 9978.17 11529.1 13794.6 16158.3 18698.7 20739.1 22962.8 22528.9 19945.7 17577.7 14921.7 12553.7 9961.7 7529.7 4969.7 2548.55 528.447 1178.04 3622.12 5989.8 8581.8 11013.8 13573.8 16005.8 17383.7 15373.1 12830.7 11309.9 10203.4 9196.01 8755.29 9673.52 11147.6 12094.8 -9999 -9999 -9999 -9999 -9999 -9999 -9999 -9999 -9999 -9999 -9999 -9999 -9999 -9999 -9999 -9999 -9999 -9999 -9999 -9999 -9999 -9999 -9999 -9999 -9999 -9999 -9999 -9999 -9999 -9999
-9999 -9999 3467.04 3383.71 1776.6 291.984 609.747 2523.7 4887.93 7124.88 8931.29 11350.1 13372.5 15137.5 17176.5 19757.6 22134.8 24125 23429.4 20841.3 18476.4 15817.3 13449.3 10857.3 8425.33 5865.45 3504.64 2004.59 2737.75 4679.38 6919.46 9509.63 11941.6 14501.6 16933.6 18365.5 16456.1 14715.9 13709 12635.4 11628 11187.3 12096.9 13174.2 14315.3 -9999 -9999 -9999 -9999 -9999 -9999 -9999 -9999 -9999 -9999 -9999 -9999 -9999 -9999 -9999 -9999 -9999 -9999 -9999 -9999 -9999 -9999 -9999 -9999 -9999 -9999 -9999 -9999 -9999 -9999
-9999 291.421 1309.52 2792.72 3062.99 2200.02 2621.98 3964.78 6012.14 8502.94 10644.2 12581.6 14796 17062.2 18617.2 20826.8 23250 25499 24489.8 21910 19532.8 16874.1 14506.1 11914.1 9482.24 7021.52 5399.94 4513.98 5085.59 6415.2 8140.51 10571.4 13002 15562 17994 19540.5 18383.7 17249.9 16269 15195.4 14188 13747.3 14656.9 15730.4 16669.6 -9999 -9999 -9999 -9999 -9999 -9999 -9999 -9999 -9999 -9999 -9999 -9999 -9999 -9999 -9999 -9999 -9999 -9999 -9999 -9999 -9999 -9999 -9999 -9999 -9999 -9999 -9999 -9999 -9999 -9999
-9999 866.333 981.879 2766.1 4708.1 4626.23 5045.58 6049.2 7404.15 9568.34 11944.6 14208.9 15960.8 18444 20453.6 22170.5 24266.2 26517.6 25497.5 22919.6 20541.6 17881.5 15513.5 12921.5 10560.8 8839.31 7796.12 6945.98 7516.7 8622.9 9817.59 11710.4 14010.8 16569.4 19001.4 21080.7 20707.5 19608.5 18627.7 17554 16546.7 15958.7 16486.2 17533.1 18445.2 -9999 -9999 -9999 -9999 -9999 -9999 -9999 -9999 -9999 -9999 -9999 -9999 -9999 -9999 -9999 -9999 -9999 -9999 -9999 -9999 -9999 -9999 -9999 -9999 -9999 -9999 -9999 -9999 -9999 -9999
-9999 1343.04 1897.98 3814.56 6008.73 7160.35 7637.54 8629.54 9643.76 11051.8 13085.8 15607.2 17699.7 19682.9 21898.9 24119.2 25722.2 27602.1 26571.1 23979.1 21611.1 18955.1 16587.2 14095.8 12494 11397.5 10388.1 9537.98 10108.7 11208.8 12192.2 13474.2 15185.6 17372.4 19125.8 20395.8 20283.2 19068.3 18086.9 17013.3 16005.9 14963.4 14722.7 15735.3 16711.9 16946.3 16340.2 -9999 -9999 -9999 -9999 -9999 -9999 -9999 -9999 -9999 -9999 -9999 -9999 -9999 -9999 -9999 -9999 -9999 -9999 -9999 -9999 -9999 -9999 -9999 -9999 -9999 -9999 -9999 -9999
-9999 142.192 1196.65 3738.64 6106.64 8590.47 9936.45 10997.5 12004.9 13081.3 14436.5 16642.8 18959.2 21277.4 23031.7 25458.5 27516.1 28895.6 27552 24960 22592 19936 17629.5 15869.1 14823.9 13799.2 12757.4 11906 12476.7 13572.3 14329.6 14425.5 14878.7 15998.7 17013.2 18085.6 18529.1 16852.5 15728.7 14654.6 13647.3 12598.7 12354.7 13367.3 14349.5 15801.4 16207.6 -9999 -9999 -9999 -9999 -9999 -9999 -9999 -9999 -9999 -9999 -9999 -9999 -9999 -9999 -9999 -9999 -9999 -9999 -9999 -9999 -9999 -9999 -9999 -9999 -9999 -9999 -9999 -9999
-9999 1185.1 2359.51 4502.36 6858.47 9514.47 11827 13611.3 14660.9 15721.3 16731.1 18152.9 20129.1 22715.4 24804.7 26731.5 29006.1 30513.7 28652.1 26060.1 23692.1 21141.8 19595.4 18487.2 17479.8 16419.5 15410.2 14440.2 14465.2 14132.2 13235.3 12196.7 12309.3 13349.8 14357.2 15432.1 16465.6 15291.1 13292.4 11999.2 10991.3 9942.69 9698.72 10711.3 11690.8 13237.6 14738.5 17042.9 18067.9 -9999 -9999 -9999 -9999 -9999 -9999 -9999 -9999 -9999 -9999 -9999 -9999 -9999 -9999 -9999 -9999 -9999 -9999 -9999 -9999 -9999 -9999 -9999 -9999 -9999 -9999
-9999 4163.88 4583.9 5864.92 7851.21 10495.3 12863.2 15362.3 16986.6 18089.3 19096.6 20188.5 21501.7 23747.9 26060.2 28274.2 29962.3 31275.2 29576.6 26993.6 24715.1 22918.8 21903.4 20829.7 19821 18615.9 16984.8 14756.5 13038.7 11848.4 10867.5 9828.68 9941.35 10981.9 11989.2 13203.5 15015 14302.4 11947 9796.66 8624.7 7574.7 7330.73 8343.33 9374.72 11298.7 13626.5 16194.4 17253 -9999 -9999 -9999 -9999 -9999 -9999 -9999 -9999 -9999 -9999 -9999 -9999 -9999 -9999 -9999 -9999 -9999 -9999 -9999 -9999 -9999 -9999 -9999 -9999 -9999 -9999
-9999 6861.81 7177.66 8235.49 9370.75 11575 13937 16528.9 18896.1 20641.2 21688.6 22762.3 23741 25026.3 26347.6 27602 28620.6 29634.4 29137.9 26677.4 24654.7 23152 22109.4 21035.1 20023.6 18542.6 16285.9 13688.9 11339.7 9333.32 8275.72 7236.69 7349.35 8390.71 9527.25 11608.9 13910.6 13228.8 10860.8 8276.68 6234.75 4983.17 4738.73 5838.89 7574.13 10184.8 12552.8 15077.4 15907.5 -9999 -9999 -9999 -9999 -9999 -9999 -9999 -9999 -9999 -9999 -9999 -9999 -9999 -9999 -9999 -9999 -9999 -9999 -9999 -9999 -9999 -9999 -9999 -9999 -9999 -9999
-9999 9244.32 9608.52 10666.4 11648 12961.7 14957.9 17536.3 19968.2 22436.3 24051.6 24761.8 24671.2 24120.9 24282.9 25181.3 26188.6 27229.8 27313.2 25586.6 23300.1 21090.9 19772.5 18629.2 17621.8 16541.4 15104.5 12689 10416.9 7704.63 5940.29 4804.69 4917.4 6095.62 8022.28 10589 12903.3 12221.4 9853.43 7261.43 4841.43 2725.65 2367.4 4198.71 6521.48 9177.43 11505.2 13388.6 14035.4 -9999 -9999 -9999 -9999 -9999 -9999 -9999 -9999 -9999 -9999 -9999 -9999 -9999 -9999 -9999 -9999 -9999 -9999 -9999 -9999 -9999 -9999 -9999 -9999 -9999 -9999
-9999 11063.5 12062.2 13223.4 14221.2 15308.5 16461 18607.8 21028.7 23455.3 24306.3 23418.3 22437.8 21590 21723.7 22621.3 23628.6 24669.9 24793 23710.4 22129.4 19588.1 17611.7 16135.2 15062.8 14001.4 12986.4 11453.5 9258.81 6594.11 4259.4 2336.67 2500.03 4523.79 6940.72 9532.72 11877.6 11669.3 9326.1 6734.55 4302.58 1843.68 1360.39 3682.1 6049.23 8482.08 9784.38 10894.1 11918.8 12676.1 -9999 -9999 -9999 -9999 -9999 -9999 -9999 -9999 -9999 -9999 -9999 -9999 -9999 -9999 -9999 -9999 -9999 -9999 -9999 -9999 -9999 -9999 -9999 -9999 -9999
-9999 12855.6 13092.3 20512.2 17267.2 17739.4 18721 19996.2 21966.2 22891.3 22060.3 20986.7 20005.8 19158 19291.7 20189.3 21196.6 22237.9 22361 21323.9 20320.3 18553.6 16209.4 14052 12695.9 11569.4 10562.1 9508.24 8393.58 5931.13 3563.13 1112.37 1418.06 3907.91 6339.91 8931.9 11145 11334.5 9832.49 7599.76 5224.46 3435.63 3185.03 4714.7 6802.42 7390.64 7443.74 8462.06 9691.91 12178.6 -9999 -9999 -9999 -9999 -9999 -9999 -9999 -9999 -9999 -9999 -9999 -9999 -9999 -9999 -9999 -9999 -9999 -9999 -9999 -9999 -9999 -9999 -9999 -9999 -9999
-9999 -9999 -9999 23254.6 20110.1 20397.9 21312.3 21725.4 21420.3 20475.7 19468.3 18394.7 17413.8 16566 16699.7 17597.3 18604.6 19645.9 19769 18731.9 17766 17186.8 15121 12543.8 10506.7 9047.11 7970.71 6966.01 7040.1 6500.44 4372.08 2388.29 2478.92 4570.02 6988.93 9309.08 9771.74 8907.8 8027.08 7395.62 6647.17 5606.28 5466.77 6439.69 5980.45 4866.06 4851.78 5947.18 7703.24 10083.3 11449.7 -9999 -9999 -9999 -9999 -9999 -9999 -9999 -9999 -9999 -9999 -9999 -9999 -9999 -9999 -9999 -9999 -9999 -9999 -9999 -9999 -9999 -9999 -9999 -9999
-9999 -9999 -9999 22211.5 22295.7 22694.9 22798.4 20836.3 19206.4 18107.7 17100.3 16026.7 15045.8 14198 14331.7 15229.3 16236.6 17277.9 17401 16363.9 15398 15417.6 14123.8 11548.2 9134.27 7016.67 5664.53 4598.01 4723.99 5648.19 5592.19 4628.43 4675.54 5920.96 7822.84 8348.75 7494.44 6539.8 5660.54 5251.78 5437.95 4536.83 4616 6702.62 4178.39 2509.63 2527.09 4295.11 6672.27 9135.26 10027.7 -9999 -9999 -9999 -9999 -9999 -9999 -9999 -9999 -9999 -9999 -9999 -9999 -9999 -9999 -9999 -9999 -9999 -9999 -9999 -9999 -9999 -9999 -9999 -9999
-9999 -9999 -9999 -9999 24339.9 24666.7 22239.3 19651.7 17272.8 15499.8 14444.3 13370.7 12389.8 11542 11675.7 12573.3 13580.6 14621.9 14745 13707.9 12742 12963.9 12822.7 10448.1 8016.07 5469.71 3415.08 2017.27 2083.78 3402.91 4814.87 5950.49 7133.57 8174.53 7466.28 5822.97 4853.68 3958.46 3005.61 2602.72 3189.72 2011.21 2071.63 3071.1 2422.79 608.59 944.541 3371.71 5803.71 8294.87 9299.49 -9999 -9999 -9999 -9999 -9999 -9999 -9999 -9999 -9999 -9999 -9999 -9999 -9999 -9999 -9999 -9999 -9999 -9999 -9999 -9999 -9999 -9999 -9999 -9999
-9999 -9999 -9999 -9999 26610.1 24530.5 21664 19104 16526.6 13760.7 12118.1 11002.7 10021.8 9174 9307.71 10205.3 11212.6 12263.3 12382.5 11339.9 10374 10607.6 11277.4 9662.53 7237.35 4677.36 2279.3 430.352 459.002 1696.35 2715.15 4912.96 7314.41 8579.04 6530.21 4047.22 2533.48 2034.6 845.432 604.03 2078.54 1044.48 716.91 -9999 -9999 129.333 1552.3 3640.1 6050.73 8550.42 9589.19 -9999 -9999 -9999 -9999 -9999 -9999 -9999 -9999 -9999 -9999 -9999 -9999 -9999 -9999 -9999 -9999 -9999 -9999 -9999 -9999 -9999 -9999 -9999 -9999
-9999 -9999 -9999 27725.6 27195 24908.6 22555.7 20140.5 15305.3 12588.6 10230.1 8452.46 7429.84 6582 6715.71 7613.27 8650.13 10089.4 9842.21 8747.96 7782.01 8015.63 8994.87 9555.23 7890.18 5377.01 3375.98 686.38 73.378 186.585 1877.38 4500.26 6948.34 8123.97 5963.62 3367.71 1188.71 269.603 58.6655 0 -9999 -9999 -9999 -9999 -9999 -9999 4391.53 5277.94 7138.9 9622.8 11853.9 -9999 -9999 -9999 -9999 -9999 -9999 -9999 -9999 -9999 -9999 -9999 -9999 -9999 -9999 -9999 -9999 -9999 -9999 -9999 -9999 -9999 -9999 -9999 -9999
-9999 -9999 -9999 -9999 27391.8 26001.5 26003.5 28695.8 14224.1 12073.9 9470.29 6664.92 5045.98 4150 4283.71 5210.77 6794.08 8898.57 7905.21 6330.04 5350.01 5583.65 6649.94 8562.69 8788.54 7032.55 5265.46 -9999 -9999 -9999 2973.65 4898.25 8031.88 8877 6629.88 3986.39 2091.19 18.4198 -9999 -9999 -9999 -9999 -9999 -9999 -9999 -9999 5729.21 7138.78 8684.3 10693.3 12815.5 -9999 -9999 -9999 -9999 -9999 -9999 -9999 -9999 -9999 -9999 -9999 -9999 -9999 -9999 -9999 -9999 -9999 -9999 -9999 -9999 -9999 -9999 -9999 -9999
-9999 -9999 -9999 -9999 -9999 26839.5 27421.9 28637.8 -9999 9572.7 9138.39 5660.75 3371.03 1637.54 1770.71 3282.24 5630.52 7626.83 6600.8 4263.68 2817.73 3140.76 4962.99 7524.3 9686.53 8598.76 -9999 -9999 -9999 -9999 -9999 -9999 -9999 -9999 -9999 -9999 -9999 -9999 -9999 -9999 -9999 -9999 -9999 -9999 -9999 -9999 -9999 -9999 10426.7 11746.6 14124.6 14924.2 -9999 -9999 -9999 -9999 -9999 -9999 -9999 -9999 -9999 -9999 -9999 -9999 -9999 -9999 -9999 -9999 -9999 -9999 -9999 -9999 -9999 -9999 -9999
