public/models/data/input/map/sulsel/2500/mapdroad.asc
NCOLS 199
NROWS 249
XLLCORNER -95260.364462
YLLCORNER 9791291.912663
CELLSIZE 2500.000000
NODATA_VALUE       -9999
[rows 132 to 164 of 249, columns 75 to 149 of 199]
-9999 -9999 -9999 -9999 -9999 -9999 -9999 -9999 -9999 149.48 323.16 287.476 326.809 258.819 427.897 1211.62 2808.45 3212.02 2695.98 2618.79 1162.76 483.679 521.387 730.049 645.891 844.616 2228.41 993.941 374.625 964.085 1302.32 382.22 328.279 393.386 298.597 414.793 367.213 1276.45 2339.49 2909.51 1709.11 785.991 504.255 437.218 35.3553 -9999 -9999 -9999 -9999 -9999 -9999 -9999 -9999 -9999 -9999 -9999 -9999 -9999 -9999 -9999 -9999 -9999 -9999 -9999 -9999 -9999 -9999 -9999 -9999 -9999 -9999 -9999 -9999 -9999 -9999
-9999 -9999 -9999 -9999 -9999 -9999 -9999 -9999 -9999 -9999 106.813 291.73 634.236 771.493 364.942 603.446 866.305 1098.19 687.937 1106.4 754.028 465.012 339.726 257.555 272.7 1642.78 2329.83 555.957 730.132 1667.9 1096.51 301.075 265.561 321.524 255.944 261.932 264.642 1008.57 3031.29 2629.76 937.498 429.506 279.502 203.226 22.5563 -9999 -9999 -9999 -9999 -9999 -9999 -9999 -9999 -9999 -9999 -9999 -9999 -9999 -9999 -9999 -9999 -9999 -9999 -9999 -9999 -9999 -9999 -9999 -9999 -9999 -9999 -9999 -9999 -9999 -9999
-9999 -9999 -9999 -9999 -9999 -9999 -9999 -9999 -9999 411.088 188.23 220.821 927.491 1208.81 834.463 1147.52 694.35 1318.94 1696.22 761.586 387.51 524.954 213.508 363.809 427.81 667.119 1658.9 661.203 1607.79 2213.85 595.7 448.112 399.992 272.094 270.078 312.411 210.206 693.989 2826.97 3858.21 2726.53 1106.14 422.051 522.94 -9999 -9999 -9999 -9999 -9999 -9999 -9999 -9999 -9999 -9999 -9999 -9999 -9999 -9999 -9999 -9999 -9999 -9999 -9999 -9999 -9999 -9999 -9999 -9999 -9999 -9999 -9999 -9999 -9999 -9999 -9999
-9999 -9999 -9999 -9999 -9999 -9999 -9999 -9999 201.397 898.6 550.347 275.936 256.137 211.961 359.221 967.138 843.435 2421.18 3469.18 2197.89 813.03 280.53 379.433 377.17 493.369 545.281 729.256 815.587 2739.36 2151.43 835.872 597.971 179.095 304.253 217.683 173.029 220.894 518.5 2173.53 3186.48 2364.05 1125.66 224.899 413.414 -9999 -9999 -9999 -9999 -9999 -9999 -9999 -9999 -9999 -9999 -9999 -9999 -9999 -9999 -9999 -9999 -9999 -9999 -9999 -9999 -9999 -9999 -9999 -9999 -9999 -9999 -9999 -9999 -9999 -9999 -9999
-9999 -9999 -9999 -9999 -9999 -9999 -9999 -9999 215.879 363.934 337.75 198.907 184.312 178.531 164.112 262.712 1197.75 2177.84 2097.36 1899.64 489.488 284.416 344.665 671.356 1491.52 1773.86 691.924 1368.7 3628.82 3180.68 2435.95 1780.16 363.903 632.373 231.886 195.122 237.458 382.322 725.807 1532.8 1615.19 656.64 342.089 202.23 -9999 -9999 -9999 -9999 -9999 -9999 -9999 -9999 -9999 -9999 -9999 -9999 -9999 -9999 -9999 -9999 -9999 -9999 -9999 -9999 -9999 -9999 -9999 -9999 -9999 -9999 -9999 -9999 -9999 -9999 -9999
-9999 -9999 -9999 -9999 -9999 -9999 -9999 -9999 201.561 180.346 196.272 173.798 178.06 215.471 277.605 406.59 1372.83 1476.8 457.624 608.868 242.18 557.735 572.181 1430.95 933.866 1095.8 452.411 1849.84 3678.49 2357.7 1132.98 889.131 389.828 597.847 225.464 199.095 220.757 264.709 289.457 530.204 680.584 609.755 267.974 247.441 -9999 -9999 -9999 -9999 -9999 -9999 -9999 -9999 -9999 -9999 -9999 -9999 -9999 -9999 -9999 -9999 -9999 -9999 -9999 -9999 -9999 -9999 -9999 -9999 -9999 -9999 -9999 -9999 -9999 -9999 -9999
-9999 -9999 -9999 -9999 -9999 -9999 -9999 666.247 284.477 533.36 366.594 225.505 263.018 312.822 221.811 343.064 1360.15 1529.33 409.101 902.732 324.626 619.55 1273.37 2152.15 1387.97 869.686 461.726 1039.7 2515.78 1335.79 415.873 551.162 420.505 338.929 391.728 311.97 262.328 326.471 282.514 389.488 906.766 1228.87 237.172 99.6178 -9999 -9999 -9999 -9999 -9999 -9999 -9999 -9999 -9999 -9999 -9999 -9999 -9999 -9999 -9999 -9999 -9999 -9999 -9999 -9999 -9999 -9999 -9999 -9999 -9999 -9999 -9999 -9999 -9999 -9999 -9999
-9999 -9999 -9999 -9999 -9999 -9999 1269.53 519.793 261.391 237.868 233.336 512.597 378.074 502.205 442.764 251.846 551.652 650.911 568.601 1196.72 513.981 345.599 1798.76 1620.93 578.055 954.909 1396.69 593.912 916.934 604.878 610.327 451.251 428.013 522.631 548.136 328.596 308.862 305.711 298.65 459.876 387.292 546.677 159.005 53.74 -9999 -9999 -9999 -9999 -9999 -9999 -9999 -9999 -9999 -9999 -9999 -9999 -9999 -9999 -9999 -9999 -9999 -9999 -9999 -9999 -9999 -9999 -9999 -9999 -9999 -9999 -9999 -9999 -9999 -9999 -9999
-9999 -9999 -9999 -9999 -9999 211.244 961.446 571.961 228.295 152.807 174.23 219.801 209.932 308.28 348.172 1133.45 2149 1418.06 482.136 414.561 391.725 309.564 1703.67 1429.77 1521.83 2791.74 2672.72 1052.53 432.333 1101.3 477.447 1248.65 540.314 501.18 738.168 481.217 369.782 844.06 246.724 216.705 316.528 260.272 155.924 37.0936 -9999 -9999 -9999 -9999 -9999 -9999 -9999 -9999 -9999 -9999 -9999 -9999 -9999 -9999 -9999 -9999 -9999 -9999 -9999 -9999 -9999 -9999 -9999 -9999 -9999 -9999 -9999 -9999 -9999 -9999 -9999
-9999 -9999 -9999 -9999 -9999 315.195 312.035 279.462 178.122 227.87 278.952 207.324 263.993 269.452 209.666 1086.8 2224.11 1030.44 872.828 365.298 855.6 705.185 2194.1 3410.64 3036.92 3212.03 2311.99 876.469 592.545 493.586 523.568 743.269 454.915 338.985 510.34 305.314 197.142 362.502 256.861 245.475 236.609 185.138 446.486 -9999 -9999 -9999 -9999 -9999 0 -9999 -9999 -9999 -9999 -9999 -9999 -9999 -9999 -9999 -9999 -9999 -9999 -9999 -9999 -9999 -9999 -9999 -9999 -9999 -9999 -9999 -9999 -9999 -9999 -9999 -9999
-9999 -9999 -9999 57.918 197.378 380.11 626.175 234.826 176.481 373.428 306.962 440.425 301.979 249.03 446.471 1039.46 1177.27 450.017 474.558 431.062 349.116 642.422 2376.68 3827.97 1933.12 1104.45 1056.07 691.157 2023.08 1489.75 1676.85 1322.26 782.835 412.823 442.253 539.859 341.382 265.507 250.604 230.633 191.854 108.984 135.277 -9999 -9999 -9999 -9999 770.813 307.587 -9999 -9999 -9999 -9999 -9999 -9999 -9999 -9999 -9999 -9999 -9999 -9999 -9999 -9999 -9999 -9999 -9999 -9999 -9999 -9999 -9999 -9999 -9999 -9999 -9999 -9999
-9999 -9999 -9999 53.3151 53.9161 349.052 315.04 146.981 202.978 283.061 242.166 732.522 362.437 210.818 446.693 460.856 585.554 960.107 827.87 903.039 629.883 822.247 2360.5 3264.36 1511.99 624.076 1200.63 2239.82 3216.84 3315.03 2281.52 1030.79 378.986 311.072 287.762 544.951 211.039 261.004 223.185 244.769 174.375 119.465 187.029 -9999 -9999 -9999 -9999 770.813 1127.82 -9999 -9999 -9999 -9999 -9999 -9999 -9999 -9999 -9999 -9999 -9999 -9999 -9999 -9999 -9999 -9999 -9999 -9999 -9999 -9999 -9999 -9999 -9999 -9999 -9999 -9999
-9999 -9999 852.964 339.955 49.4405 143.476 151.882 310.48 386.111 266.713 223.747 267.371 231.968 256.885 517.321 1177.25 2169.56 1541.25 447.22 440.093 410.557 665.179 1450.14 2958.23 1383.92 342.084 903.764 1834.37 1523.2 2625.48 1700.53 201.901 269.751 366.268 230.127 300.935 177.024 240.339 258.819 272.404 161.904 312.113 86.3204 -9999 -9999 -9999 -9999 -9999 -9999 -9999 -9999 -9999 -9999 -9999 -9999 -9999 -9999 -9999 -9999 -9999 -9999 -9999 -9999 -9999 -9999 -9999 -9999 -9999 -9999 -9999 -9999 -9999 -9999 -9999 -9999
-9999 -9999 469.429 140.753 89.0975 159.084 211.99 358.327 626.382 276.23 217.599 178.665 194.013 393.967 598.71 1522.79 2398.89 1341.75 468.16 1193.47 517.051 1703.62 2684.43 3227.89 1296.12 383.708 395.7 358.719 317.095 1015.42 1087.52 259.976 385.74 334.98 259.71 311.366 189.776 265.042 260.955 300.622 328.135 318.327 149.231 126.476 -9999 -9999 -9999 -9999 -9999 -9999 -9999 -9999 -9999 -9999 -9999 -9999 -9999 -9999 -9999 -9999 -9999 -9999 -9999 -9999 -9999 -9999 -9999 -9999 -9999 -9999 -9999 -9999 -9999 -9999 -9999
-9999 -9999 415.501 149.829 109.21 81.9655 116.011 212.793 348.687 374.685 367.437 252.45 299.704 231.66 194.09 630.799 725.241 452.151 1392.62 1760 726.562 1653.09 1788.59 1711.91 1130.13 420.395 537.232 174.971 191.653 134.447 151.456 329.735 856.439 302.51 234.285 378.573 231.035 274.777 197.392 212.063 227.517 222.04 226.935 247.403 422.494 -9999 -9999 -9999 -9999 -9999 -9999 -9999 -9999 -9999 -9999 -9999 -9999 -9999 -9999 -9999 -9999 -9999 -9999 -9999 -9999 -9999 -9999 -9999 -9999 -9999 -9999 -9999 -9999 -9999 -9999
-9999 -9999 171.032 194.071 139.737 172.986 138.274 217.081 265.109 455.328 217.358 351.477 169.84 126.007 190.56 323.098 232.968 409.401 709.611 750.971 705.94 1348.16 478.337 277.053 411.84 275.504 387.978 204.469 285.097 218.027 199.109 410.735 418.06 321.685 294.68 539.648 289.51 201.043 198.14 197.143 287.369 190.848 165.246 214.394 162.69 -9999 -9999 -9999 -9999 -9999 -9999 -9999 -9999 -9999 -9999 -9999 -9999 -9999 -9999 -9999 -9999 -9999 -9999 -9999 -9999 -9999 -9999 -9999 -9999 -9999 -9999 -9999 -9999 -9999 -9999
-9999 145.711 124.98 220.533 196.908 284.449 177.717 141.064 158.34 205.561 219.029 359.721 183.661 211.267 174.316 246.834 269.317 470.948 778.122 812.602 961.595 965.981 438.435 153.073 198.039 339.294 225.318 324.271 524.58 167.331 189.036 270.767 268.126 224.592 239.76 225.169 143.053 148.089 224.048 173.274 232.452 221.713 239.318 217.98 163.36 -9999 -9999 -9999 -9999 -9999 -9999 -9999 -9999 -9999 -9999 -9999 -9999 -9999 -9999 -9999 -9999 -9999 -9999 -9999 -9999 -9999 -9999 -9999 -9999 -9999 -9999 -9999 -9999 -9999 -9999
-9999 89.4552 110.027 237.121 190.8 279.505 293.69 216.934 258.628 349.553 350.268 358.008 328.325 243.118 257.099 341.821 373.708 324.655 298.745 410.001 600.107 332.696 267.543 158.903 742.34 1157.28 697.811 1147 1260.75 242.128 461.843 476.956 176.416 250.527 377.906 173.442 189.068 123.141 171.699 348.204 236.981 306.432 438.236 450.418 422.673 -9999 -9999 -9999 -9999 -9999 -9999 -9999 -9999 -9999 -9999 -9999 -9999 -9999 -9999 -9999 -9999 -9999 -9999 -9999 -9999 -9999 -9999 -9999 -9999 -9999 -9999 -9999 -9999 -9999 -9999
-9999 67.9157 98.5527 261.528 143.18 156.279 176.303 203.712 315.294 665.775 659.733 266.361 276.41 201.871 825.372 883.68 640.12 679.129 471.682 412.012 296.882 186.08 264.424 219.915 300.401 1153.58 2490.63 3071.12 1580.81 1041.44 532.138 616.938 194.445 193.743 267.613 167.969 150.643 198.478 177.494 240.86 241.518 320.27 466.07 507.349 332.278 404.571 511.675 -9999 -9999 -9999 -9999 -9999 -9999 -9999 -9999 -9999 -9999 -9999 -9999 -9999 -9999 -9999 -9999 -9999 -9999 -9999 -9999 -9999 -9999 -9999 -9999 -9999 -9999 -9999 -9999
-9999 99.3641 183.751 175.449 172.66 148.737 327.979 341.592 294.061 243.082 394.516 486.894 480.335 323.278 840.438 883.943 418.408 521.94 1197.94 936.27 353.131 455.982 1010.61 713.86 1147.54 2021.44 3997.41 4666.34 2852.42 852.948 310.052 201.182 171.226 162.093 195.377 196.147 109.351 173.369 178.704 255.302 262.512 278.275 413.611 245.332 303.051 331.521 422.937 -9999 -9999 -9999 -9999 -9999 -9999 -9999 -9999 -9999 -9999 -9999 -9999 -9999 -9999 -9999 -9999 -9999 -9999 -9999 -9999 -9999 -9999 -9999 -9999 -9999 -9999 -9999 -9999
-9999 108.465 209.108 155.021 146.209 180.574 239.751 310.99 345.827 836.413 443.147 956.078 1588.73 640.698 977.178 382.116 373.949 563.217 787.035 275.488 337.069 1301.24 1454.52 1816.7 2739.32 3906.44 5324.04 6030.05 4044.27 1748.35 378.905 188.46 290.041 163.156 115.045 120.973 138.685 148.165 172.015 161.923 160.066 218.858 332.183 257.273 376.428 535.29 204.104 392.075 892.913 -9999 -9999 -9999 -9999 -9999 -9999 -9999 -9999 -9999 -9999 -9999 -9999 -9999 -9999 -9999 -9999 -9999 -9999 -9999 -9999 -9999 -9999 -9999 -9999 -9999 -9999
-9999 172.74 200.01 198.854 209.775 183.548 272.818 369.653 709.65 1151.14 696.339 2205.23 2450.01 756.716 1049 860.632 297.517 324.218 369.991 434.408 633.849 572.31 422.473 547.221 1304.41 2938.73 4550.52 5466.25 4853.76 2651.76 834.098 319.538 382.11 277.328 174.577 136.475 185.225 230.247 297.13 342.78 295.778 436.628 331.306 395.369 322.27 296.376 220.11 243.408 385.86 -9999 -9999 -9999 -9999 -9999 -9999 -9999 -9999 -9999 -9999 -9999 -9999 -9999 -9999 -9999 -9999 -9999 -9999 -9999 -9999 -9999 -9999 -9999 -9999 -9999 -9999
-9999 156.328 223.724 169.679 192.111 231.6 328.651 424.608 469.74 541.452 462.106 1299.04 1796.94 1322.49 361.229 465.342 1075.35 1780.16 1476.03 819.472 601.626 308.879 184.55 217.878 258.839 1457.04 2245.64 3304.93 3898.76 1797.72 361.743 186.138 258.62 212.57 292.855 208.57 215.884 235.997 238.424 244.956 277.81 281.559 264.178 241.429 469.171 410.35 260.132 319.421 1014.86 -9999 -9999 -9999 -9999 -9999 -9999 -9999 -9999 -9999 -9999 -9999 -9999 -9999 -9999 -9999 -9999 -9999 -9999 -9999 -9999 -9999 -9999 -9999 -9999 -9999 -9999
-9999 218.465 192.669 182.946 152.282 228.235 374.185 354.235 341.865 400.523 723.379 1068.35 665.12 713.554 608.066 719.022 1427.77 3389.86 2923.15 1793.17 546.377 300.139 229.779 209.588 222.61 350.92 442.581 1415.96 2321.28 1147.51 307.944 178.111 357.028 547.591 549.417 338.772 292 280.108 215.758 281.659 277.885 442.431 324.394 355.919 328.069 385.28 558.359 664.492 390.024 -9999 -9999 -9999 -9999 -9999 -9999 -9999 -9999 -9999 -9999 -9999 -9999 -9999 -9999 -9999 -9999 -9999 -9999 -9999 -9999 -9999 -9999 -9999 -9999 -9999 -9999
-9999 282.502 195.408 243.94 154.328 160.502 383.112 571.598 355.226 587.973 2180.53 3283.57 2265.55 827.924 608.067 624.024 1373.62 2788.9 1427.45 436.664 237.227 406.961 503.937 221.377 233.156 266.939 195.582 659.582 942.709 318.031 205.604 223.02 254.228 269.306 329.812 327.214 718.23 828.913 327.112 332.196 406.88 260.243 206.022 706.37 551.555 222.105 276.623 438.006 335.363 354.692 -9999 -9999 -9999 -9999 -9999 -9999 -9999 -9999 -9999 -9999 -9999 -9999 -9999 -9999 -9999 -9999 -9999 -9999 -9999 -9999 -9999 -9999 -9999 -9999 -9999
-9999 141.421 301.825 465.72 133.896 190 652.911 328.963 322.512 1055.25 2362.1 3493.5 2615.52 964.401 397.151 631.2 1170.19 1023.62 476.672 439.616 363.69 234.503 212.252 290.267 536.109 226.996 396.856 1061.3 672.225 347.44 151.572 224.769 179.907 325.563 308.365 316.729 548.925 607.254 448.911 273.032 281.143 337.631 209.672 1252.77 965.001 232.379 285.285 191.7 289.652 508.5 -9999 -9999 -9999 -9999 -9999 -9999 -9999 -9999 -9999 -9999 -9999 -9999 -9999 -9999 -9999 -9999 -9999 -9999 -9999 -9999 -9999 -9999 -9999 -9999 -9999
-9999 -9999 194.281 773.434 230.23 182.957 294.753 316.068 559.618 277.355 686.142 1222.92 2131.18 2401.04 637.225 609.333 428.005 334.049 350.392 323.686 407.027 426.405 328.33 391.837 322.572 227.779 413.717 461.507 313.67 265.863 258.25 284.485 276.887 231.268 236.87 413.949 355.204 296.788 333.172 286.205 424.284 248.632 376.998 621.802 392.647 378.561 281.129 383.491 224.726 326.291 1038.51 -9999 -9999 -9999 -9999 -9999 -9999 -9999 -9999 -9999 -9999 -9999 -9999 -9999 -9999 -9999 -9999 -9999 -9999 -9999 -9999 -9999 -9999 -9999 -9999
-9999 -9999 -9999 375.398 136.859 362.085 263.458 306.536 239.887 124.772 420.4 514.185 1920.64 2683.3 736.513 1529.39 1048.53 436.158 627.806 520.131 471.031 470.486 524.182 439.95 332.39 251.93 290.073 389.623 260.711 284.207 234.852 318.726 730.928 298.571 325.604 403.2 179.807 282.295 529.746 595.821 349.09 317.954 321.723 695.25 442.804 311.884 361.258 482.993 383.373 414.156 886.142 -9999 -9999 -9999 -9999 -9999 -9999 -9999 -9999 -9999 -9999 -9999 -9999 -9999 -9999 -9999 -9999 -9999 -9999 -9999 -9999 -9999 -9999 -9999 -9999
-9999 -9999 -9999 -9999 46.3388 368.859 768.62 366.337 346.858 461.102 230.514 626.157 2032.82 1656.41 685 2099.74 1337.43 406.63 363.095 353.856 393.981 323.934 262.324 273.437 487.776 360.922 594.671 222.374 218.574 210.514 248.118 355.893 315.737 300.569 228.444 249.961 296.908 239.548 201.09 606.553 827.597 400.983 200.392 100.644 156.066 82.7989 456.575 1136.64 1061.36 399.465 677.377 -9999 -9999 -9999 -9999 -9999 -9999 -9999 -9999 -9999 -9999 -9999 -9999 -9999 -9999 -9999 -9999 -9999 -9999 -9999 -9999 -9999 -9999 -9999 -9999
-9999 -9999 -9999 -9999 559.294 289.592 448.81 472.191 701.205 330.959 251.164 587.57 821.435 646.171 974.065 1271.45 444.423 376.316 303.254 481.51 393.942 301.445 243.928 241.675 334.415 233.428 274.125 164.626 264.187 305.686 398.38 228.46 214.977 270.303 259.385 315.884 444.358 359.956 202.409 258.82 255.493 339.323 254.942 -9999 -9999 128.083 631.848 267.915 499.942 458.361 749.034 -9999 -9999 -9999 -9999 -9999 -9999 -9999 -9999 -9999 -9999 -9999 -9999 -9999 -9999 -9999 -9999 -9999 -9999 -9999 -9999 -9999 -9999 -9999 -9999
-9999 -9999 -9999 190.237 288.538 549.541 470.182 1095.6 1035.2 343.126 258.074 214.577 248.113 439.871 603.897 376.332 248.249 334.183 312.041 221.698 298.993 148.391 300.624 357.597 244.82 299.723 269.06 262.449 115.471 93.3875 195.125 171.114 201.642 153.159 219.921 301.194 435.751 344.37 95.6341 110.806 -9999 -9999 -9999 -9999 -9999 -9999 799.295 566.343 244.652 250.142 150.904 -9999 -9999 -9999 -9999 -9999 -9999 -9999 -9999 -9999 -9999 -9999 -9999 -9999 -9999 -9999 -9999 -9999 -9999 -9999 -9999 -9999 -9999 -9999 -9999
-9999 -9999 -9999 -9999 174.443 435.095 458.549 385.725 511.443 386.364 323.487 160.434 263.642 301.995 274.755 303.592 351.146 552.058 223.06 239.924 153.747 144.674 192.075 364.25 267.217 306.928 53.217 -9999 -9999 -9999 142.794 124.56 76.0816 129.695 204.342 205.515 385.603 255.003 -9999 -9999 -9999 -9999 -9999 -9999 -9999 -9999 1273.57 313.828 240.125 864.195 351.983 -9999 -9999 -9999 -9999 -9999 -9999 -9999 -9999 -9999 -9999 -9999 -9999 -9999 -9999 -9999 -9999 -9999 -9999 -9999 -9999 -9999 -9999 -9999 -9999
-9999 -9999 -9999 -9999 -9999 176.551 296.938 146.944 -9999 249.329 260.452 169.728 167.903 318.662 513.856 322.922 185.626 353.726 389.704 256.762 192.735 175.381 239.616 218.649 251.575 90.9384 -9999 -9999 -9999 -9999 -9999 -9999 -9999 -9999 -9999 -9999 -9999 -9999 -9999 -9999 -9999 -9999 -9999 -9999 -9999 -9999 -9999 -9999 165.369 342.94 420.258 300.257 -9999 -9999 -9999 -9999 -9999 -9999 -9999 -9999 -9999 -9999 -9999 -9999 -9999 -9999 -9999 -9999 -9999 -9999 -9999 -9999 -9999 -9999 -9999
