public/models/data/input/map/sulsel/2500/mapdem.asc
NCOLS 199
NROWS 249
XLLCORNER -95260.364462
YLLCORNER 9791291.912663
CELLSIZE 2500.000000
NODATA_VALUE       -9999
[rows 33 to 65 of 249, columns 75 to 149 of 199]
-9999 -9999 -9999 -9999 -9999 -9999 -9999 -9999 -9999 -9999 -9999 -9999 -9999 -9999 -9999 -9999 -9999 -9999 2455.75 2356.2 2145.22 2012.06 1958.53 2034.44 2171.64 2334.49 2248.59 1878.98 1524.79 1190.91 999.368 876.896 624.002 647.035 824.41 575.558 527.508 339.511 170.283 31.3707 25.5908 26.3037 22.5253 20.5123 19.3668 17.042 16.444 14.8307 12.4523 10.3263 10.3731 7.22732 7.81782 8.16215 6.1547 8.0698 13.8295 8.41148 2.64611 1.3668 0.36861 0.573867 0.369139 0 -9999 -9999 7.6732 4.86957 3.32433 9.03043 8.1819 7.74709 7.1905 7.45764 8.48973
-9999 -9999 -9999 -9999 -9999 -9999 -9999 -9999 -9999 -9999 -9999 -9999 -9999 -9999 -9999 -9999 -9999 -9999 2501.9 2331.39 2095.79 1993.01 2115.44 2238.2 2157.51 2181.95 2108.78 1646.54 1602.47 1612.52 1365.45 971.379 976.286 802.208 753.862 659.982 595.855 247.554 39.1398 22.1737 20.0083 23.0236 21.6404 19.0716 17.5301 14.4591 14.5261 12.8811 12.4005 10.9485 9.26353 8.12817 6.43003 4.94702 4.89937 4.0518 5.52507 2.88361 1.44764 0.548387 -9999 -9999 -9999 -9999 -9999 -9999 -9999 -9999 -9999 -9999 1.5 14.0882 6.64862 4.07771 5.60744
-9999 -9999 -9999 -9999 -9999 -9999 -9999 -9999 -9999 -9999 -9999 -9999 -9999 -9999 -9999 -9999 -9999 2637.48 2548.68 2289.37 2085.03 1996.05 2141.32 2179 1958.07 1978.01 2062.66 2148.58 2120.45 1960.07 1578.52 1371.96 1283.67 1087.21 554.069 361.071 343.541 130.076 19.0533 17.9377 15.3082 18.4548 19.2981 17.4988 15.1458 13.9971 13.63 13.7369 12.154 9.47713 8.17688 8.48468 6.18033 4.19922 4.63583 5.03908 3.14359 0.150637 0.116279 -9999 -9999 -9999 -9999 -9999 -9999 -9999 -9999 -9999 -9999 -9999 -9999 -9999 -9999 6.5303 3.66606
-9999 -9999 -9999 -9999 -9999 -9999 -9999 -9999 -9999 -9999 -9999 -9999 -9999 -9999 -9999 -9999 2623.46 2543.11 2489.64 2321.17 2143.96 2059.09 2234.83 2167.89 2051.8 1999.21 1823.82 1841.07 1597.23 1733.1 1377.36 1034.9 1010.1 900.052 525.541 269.264 76.1113 27.8827 14.0856 16.7616 16.4111 14.8067 15.3209 15.1173 12.6689 10.5957 10.1816 10.7723 12.9612 9.1713 7.61255 6.76617 4.80618 4.3029 4.77934 1.55714 -9999 -9999 -9999 -9999 -9999 -9999 -9999 -9999 -9999 -9999 -9999 -9999 -9999 -9999 -9999 -9999 -9999 -9999 -9999
-9999 -9999 -9999 -9999 -9999 -9999 -9999 -9999 -9999 -9999 2438.43 2395.37 2280.15 2468.91 2487.37 2769.64 2632 2409.69 2226.2 2111.19 2037.3 2167.68 2267.95 2179.53 2182.18 1793.37 1369.61 1223.3 1134.56 1382.43 1414.55 848.271 647.575 613.498 447.316 174.859 40.2529 14.8244 13.2976 13.3404 11.8002 12.526 12.8292 11.8693 9.6577 8.8948 8.5549 8.2433 9.5138 8.2614 6.46605 7.39558 6.57517 5.40838 3.07967 -9999 -9999 -9999 -9999 -9999 -9999 -9999 -9999 -9999 -9999 -9999 -9999 -9999 -9999 -9999 -9999 -9999 -9999 -9999 -9999
-9999 -9999 -9999 -9999 -9999 -9999 -9999 -9999 -9999 -9999 2306.21 2191.83 2115.92 2247.78 2422.99 2639.17 2442.16 2323.55 2197 2168.11 2201.72 2122.35 2120.41 2238.36 2280.8 1796.46 1489.96 1169.52 812.479 756.613 770.044 746.605 468.527 392.527 334.176 88.6273 21.7704 10.6864 10.6318 9.53935 7.8444 8.81763 9.16728 10.2299 8.56973 6.99447 5.87428 5.45027 6.33498 6.1031 6.0311 6.44024 6.55957 6.45095 -9999 -9999 -9999 -9999 -9999 -9999 -9999 -9999 -9999 -9999 -9999 -9999 -9999 -9999 -9999 -9999 -9999 -9999 -9999 -9999 -9999
-9999 -9999 -9999 -9999 -9999 -9999 -9999 -9999 -9999 -9999 2066.91 1854.82 1857.31 2122.27 2385.41 2410.99 2251.63 2105.47 2194.28 2317.69 2137.4 1924.86 1933.18 1888.73 1971.83 1878.22 1706.46 1512.39 1091.26 829.826 500.291 701.351 688.311 419.911 192.001 49.3408 31.6712 14.4166 9.97713 7.82585 7.0837 7.51652 8.86438 8.54702 6.45878 5.70437 5.29668 5.64213 5.27122 5.6282 4.9773 2.9853 2.68766 -9999 -9999 -9999 -9999 -9999 -9999 -9999 -9999 -9999 -9999 -9999 -9999 -9999 -9999 -9999 -9999 -9999 -9999 -9999 -9999 -9999 9.88599
-9999 -9999 -9999 -9999 -9999 -9999 -9999 -9999 -9999 1722.76 1724.91 1911.48 2113.96 2263.7 2341.2 2166.65 1995.02 1843.95 1816.03 2046.46 2069.34 2149.62 1825.09 1733.51 1928.53 1578.76 1279.98 1427.37 1343.68 927.58 578.601 449.944 642.771 501.597 179.784 51.4774 32.7908 39.3063 10.6317 7.7934 6.78665 7.49218 7.90613 6.95942 5.91547 5.75947 4.95683 4.28 4.6058 4.51373 2.45347 0.97 -9999 -9999 -9999 -9999 -9999 -9999 -9999 -9999 -9999 -9999 -9999 -9999 -9999 -9999 -9999 -9999 -9999 -9999 -9999 4 17.9861 61.5431 130.716
-9999 -9999 -9999 -9999 -9999 -9999 -9999 -9999 -9999 1859.58 1914.88 2174.26 2335.63 2252.83 2210.47 2059.38 1895.13 1643.24 1559.21 1575.46 1819.62 2123.75 1816.55 1703.7 1821.9 1410 1150.01 1305.03 1081.34 612.743 467.159 362.087 435.007 433.459 171.869 55.3118 35.5092 18.1509 11.7384 7.10915 6.8771 7.02852 7.76997 5.85052 5.39657 4.60542 4.24718 3.79603 2.44151 1.63695 0.110813 -9999 -9999 -9999 -9999 -9999 -9999 -9999 -9999 -9999 -9999 -9999 -9999 -9999 -9999 -9999 -9999 -9999 -9999 -9999 -9999 -9999 1 89.0814 341.427
-9999 -9999 -9999 -9999 -9999 -9999 -9999 -9999 -9999 2136.17 2136.95 2232.82 2304.87 2281.13 2282.99 2274.27 2174.88 1883.77 1595.73 1355.47 1770.21 1903.42 1657.93 1673.65 1671.99 1244.71 1063.64 1201.01 1090.79 813.375 616.293 408.106 287.543 251.708 171.331 66.8786 89.5135 18.8457 8.56215 7.2163 5.84025 5.9897 6.2937 5.09365 4.41695 3.44897 2.53536 0.74668 0.866667 -9999 -9999 -9999 -9999 -9999 -9999 -9999 -9999 -9999 -9999 -9999 -9999 -9999 -9999 -9999 -9999 -9999 -9999 -9999 -9999 -9999 -9999 -9999 -9999 -9999 -9999
-9999 -9999 -9999 -9999 -9999 -9999 -9999 -9999 -9999 1901.32 1992.4 2054.44 2058.05 2176.16 2330.93 2420.17 2147.36 1693.12 1507.03 1288.18 1461.8 1475.02 1401.81 1720.09 1680.08 1229.21 997.335 986.195 1037.08 1103.94 864.408 608.345 574.691 512.137 349.416 113.335 28.2947 12.3728 7.95265 7.12995 6.1746 5.2432 4.9708 4.64249 3.6972 1.78169 1.72437 -9999 -9999 -9999 -9999 -9999 -9999 -9999 -9999 -9999 -9999 -9999 -9999 -9999 -9999 -9999 -9999 -9999 -9999 -9999 -9999 -9999 -9999 -9999 -9999 -9999 -9999 -9999 -9999
-9999 -9999 -9999 -9999 -9999 -9999 -9999 -9999 -9999 1350.35 1340.08 1508.69 1775.16 1904.34 2064.58 2301.94 1970.46 1590.44 1334.6 1220.75 1253.99 1228.48 1430.75 1559.92 1550.24 1149.49 926.042 870.472 899.236 1121.64 1072.28 863.528 965.667 688.743 350.93 92.2654 56.2314 13.689 17.7965 6.91132 5.23647 4.7059 3.64434 2.55753 3.09201 -9999 -9999 -9999 -9999 -9999 -9999 -9999 -9999 -9999 -9999 -9999 -9999 -9999 -9999 -9999 -9999 -9999 -9999 -9999 -9999 -9999 -9999 -9999 -9999 -9999 -9999 -9999 -9999 -9999 -9999
-9999 -9999 -9999 -9999 -9999 -9999 -9999 -9999 -9999 1282.56 1348.98 1463.32 1503.61 1796.21 1836.44 1826.49 1720.67 1434.82 1247.5 1151.19 1125.28 1328.48 1419.48 1186.49 1152.19 966.466 864.873 855.483 917.162 958.605 986.554 1115.14 1001.83 579.899 439.699 181.176 191.614 35.8899 31.2583 7.14488 5.17623 3.30758 1.40758 0.418871 -9999 -9999 -9999 -9999 -9999 -9999 -9999 -9999 -9999 -9999 -9999 -9999 -9999 -9999 -9999 -9999 -9999 -9999 -9999 -9999 -9999 -9999 -9999 -9999 -9999 -9999 -9999 -9999 -9999 -9999 -9999
-9999 -9999 -9999 -9999 -9999 -9999 -9999 -9999 -9999 -9999 1378.64 1123.19 1327.3 1615.02 1528.3 1513.5 1501.48 1385.29 1234.03 1096.21 1034.51 1304.62 1414.99 1130.18 862.752 807.86 819.624 832.804 908.152 944.626 988.662 1159.26 973.262 856.89 613.642 295.797 345.967 71.8358 5.18915 3.99238 3.17569 1.67922 0.391304 -9999 -9999 -9999 -9999 -9999 -9999 -9999 -9999 -9999 -9999 -9999 -9999 -9999 -9999 -9999 -9999 -9999 -9999 -9999 -9999 -9999 -9999 -9999 -9999 -9999 -9999 -9999 -9999 -9999 -9999 -9999 -9999
-9999 -9999 -9999 -9999 -9999 -9999 -9999 -9999 -9999 -9999 843.063 1087.4 1511.23 1533.26 1366.02 1328.37 1333.24 1297.37 1202.08 1078.33 1020.9 1140.53 1178.38 1081.83 847.992 798.201 818.551 853.152 874.282 909.103 1056.18 1216.25 1256.94 923.108 722.597 483.835 364.647 129.708 7.94158 3.55351 2.59359 -9999 -9999 -9999 -9999 -9999 -9999 -9999 -9999 -9999 -9999 -9999 -9999 -9999 -9999 -9999 -9999 -9999 -9999 -9999 -9999 -9999 -9999 -9999 -9999 -9999 -9999 -9999 -9999 -9999 -9999 -9999 -9999 -9999 -9999
-9999 -9999 -9999 -9999 -9999 -9999 -9999 -9999 -9999 544.576 640.873 896.948 1194.57 1487.54 1293.29 1324.16 1178.79 1087.4 1038.74 978.051 956.242 1017.2 1077.61 892.689 806.914 814.357 803.985 841.994 953.682 980.048 1088.73 1380.69 1436.4 1297.2 968.044 724.757 305.687 82.6273 7.31817 5.75673 -9999 -9999 -9999 -9999 -9999 -9999 -9999 -9999 -9999 -9999 -9999 -9999 -9999 -9999 -9999 -9999 -9999 -9999 -9999 -9999 -9999 -9999 -9999 -9999 -9999 -9999 -9999 -9999 -9999 -9999 -9999 -9999 -9999 -9999 -9999
-9999 -9999 -9999 -9999 -9999 -9999 -9999 -9999 -9999 526.933 523.45 826.438 1024.26 1093.39 1005.88 1400.41 1211.16 1063.1 907.208 939.238 887.935 980.877 1024.05 885.309 824.24 889.867 793.373 820.781 954.628 1159.72 1240.2 1204.52 1196.82 1493.88 1051.25 558.753 254.799 73.754 11.844 5.40937 5.40341 -9999 -9999 -9999 -9999 -9999 -9999 -9999 -9999 -9999 -9999 -9999 -9999 -9999 -9999 -9999 -9999 -9999 -9999 -9999 -9999 -9999 -9999 -9999 -9999 -9999 -9999 -9999 -9999 -9999 -9999 -9999 -9999 -9999 -9999
-9999 -9999 -9999 -9999 -9999 -9999 -9999 -9999 -9999 -9999 457.975 698.468 975.774 749.849 867.001 1371.32 1363.02 1299.92 904.12 922.657 887.344 894.099 844.454 796.174 862.917 882.445 788.493 845.277 951.999 1013.79 966.766 843.005 886.772 1133.75 730.541 496.18 371.361 152.682 26.8168 7.00045 5.26946 2 -9999 -9999 -9999 -9999 -9999 -9999 -9999 -9999 -9999 -9999 -9999 -9999 -9999 -9999 -9999 -9999 -9999 -9999 -9999 -9999 -9999 -9999 -9999 -9999 -9999 -9999 -9999 -9999 -9999 -9999 -9999 -9999 -9999
-9999 -9999 -9999 -9999 -9999 -9999 -9999 -9999 -9999 -9999 -9999 478.651 712.586 725.521 903.599 1295.6 1427.72 1443.7 971.376 842.98 915.72 815.891 822.697 784.336 823.17 824.287 791.632 877.549 905.343 777.957 635.971 590.698 691.932 942.019 822.699 587.057 315.543 232.961 110.158 65.4075 7.13901 6.56601 -9999 -9999 -9999 -9999 -9999 -9999 -9999 -9999 -9999 -9999 -9999 -9999 -9999 -9999 -9999 -9999 -9999 -9999 -9999 -9999 -9999 -9999 -9999 -9999 -9999 -9999 -9999 -9999 -9999 -9999 -9999 -9999 -9999
-9999 -9999 -9999 -9999 -9999 -9999 -9999 -9999 -9999 -9999 -9999 384.06 445.048 608.176 749.611 1300.35 1421.3 1283.81 1118.96 865.843 791.294 804.42 801.374 795.061 834.509 782.427 812.464 1005.31 927.573 665.546 576.902 574.248 845.739 1054.02 835.401 508.06 274.628 255.117 86.3703 52.431 10.1063 5.04712 -9999 -9999 -9999 -9999 -9999 -9999 -9999 -9999 -9999 -9999 -9999 -9999 -9999 -9999 -9999 -9999 -9999 -9999 -9999 -9999 -9999 -9999 -9999 -9999 -9999 -9999 -9999 -9999 -9999 -9999 -9999 -9999 -9999
-9999 -9999 -9999 -9999 -9999 -9999 -9999 -9999 -9999 -9999 -9999 -9999 394.391 545.084 891.353 1429.22 1621.11 1467.04 1501.24 1088.87 866.405 796.283 811.868 846.312 894.267 878.701 866.812 1004.42 842.113 642.434 696.001 566.438 656.474 710.995 853.876 621.418 531.815 376.722 187.71 55.268 31.1894 5.4249 -9999 -9999 -9999 -9999 -9999 -9999 -9999 -9999 -9999 -9999 -9999 -9999 -9999 -9999 -9999 -9999 -9999 -9999 -9999 -9999 -9999 -9999 -9999 -9999 -9999 -9999 -9999 -9999 -9999 -9999 -9999 -9999 -9999
-9999 -9999 -9999 -9999 -9999 -9999 -9999 -9999 2175.19 1863.19 1605.25 1105.73 634.326 523.899 1018.08 1326.16 1405.08 1621.65 1552.28 1310.64 938.434 1023.09 1064.5 957.019 992.172 1012.11 953.361 977.832 717.196 535.607 560.163 587.769 486.239 633.105 961.594 1077.55 873.221 587.001 379.189 159.73 39.6905 3.15841 0 -9999 -9999 -9999 -9999 -9999 -9999 -9999 -9999 -9999 -9999 -9999 -9999 -9999 -9999 -9999 -9999 -9999 -9999 -9999 -9999 -9999 -9999 -9999 -9999 -9999 -9999 -9999 -9999 -9999 -9999 -9999 -9999
-9999 -9999 -9999 -9999 -9999 -9999 -9999 -9999 2045.01 1844.38 1496.53 1265.57 991.456 548.731 668.653 939.068 1238.94 1246.08 1341.84 952.331 1024.01 1313.14 1392.41 1042.82 962.268 1047.45 973.995 890.929 790.116 629.828 624.453 511.153 454.938 655.208 805.972 1066.74 844.649 560.75 444.249 470.571 84.2315 3.25238 0 -9999 -9999 -9999 -9999 -9999 -9999 -9999 -9999 -9999 -9999 -9999 -9999 -9999 -9999 -9999 -9999 -9999 -9999 -9999 -9999 -9999 -9999 -9999 -9999 -9999 -9999 -9999 -9999 -9999 -9999 -9999 -9999
-9999 -9999 -9999 1614.82 1737.01 1635.43 1760.41 1675.75 1713.17 1520.65 1382.13 1108.53 994.701 665.967 580.691 912.791 990.46 736.206 822.884 800.842 1067.84 1405.18 1528.41 1149.91 1036.56 1064.25 942.115 900.705 988.041 893.814 783.947 541.067 491.374 735.532 730.669 1002.27 986.721 863.78 769.553 378.134 67.4245 7.81142 3.78145 3.05311 2.1682 -9999 -9999 -9999 -9999 -9999 -9999 -9999 -9999 -9999 -9999 -9999 -9999 -9999 -9999 -9999 -9999 -9999 -9999 -9999 -9999 -9999 -9999 -9999 -9999 -9999 -9999 -9999 -9999 -9999 -9999
-9999 1098.08 1302.77 1406.97 1532.51 1617.62 1714.01 1574.2 1436.58 1358.79 1338.46 1267.83 871.837 614.735 529.789 753.174 796.485 413.793 505.167 1111.11 1240.31 1454.5 1461.54 1144.82 1010.47 987.319 923.52 995.653 1165.64 1218.05 924.81 531.211 417.253 508.163 606.319 836.646 1009.84 757.359 482.293 215.101 46.7765 8.76905 7.90733 5.48343 3.14127 1.47658 2.49839 -9999 -9999 -9999 -9999 -9999 -9999 -9999 -9999 -9999 -9999 -9999 -9999 -9999 -9999 -9999 -9999 -9999 -9999 -9999 -9999 -9999 -9999 -9999 -9999 -9999 -9999 -9999 -9999
-9999 1246.02 1371.19 1240.9 1203.98 1301.94 1376.46 1623.6 1704.56 1228.23 1068.68 1051.45 1011.42 640.493 317.652 440.425 600.454 364.301 606.881 1282.91 1599.78 1476.41 1269.98 1075.8 992.256 885.15 933.401 1073.86 1526.97 1547.45 1087.86 710.271 487.168 658.268 627.727 797.105 590.481 757.79 490.371 194.072 47.1424 12.2205 21.5721 8.69882 6.77782 3.88085 3.10099 2.77778 -9999 -9999 -9999 -9999 -9999 -9999 -9999 -9999 -9999 -9999 -9999 -9999 -9999 -9999 -9999 -9999 -9999 -9999 -9999 -9999 -9999 -9999 -9999 -9999 -9999 -9999 -9999
-9999 1443.9 1582.95 1484.31 1250.05 1140.3 1095.72 1269.62 1452.89 1297.97 928.344 961.419 780.033 462.956 382.244 361.5 611.166 373.099 697.215 1413.94 1434.57 1150.81 987.501 971.236 918.091 885.372 943.516 1113.49 1653.13 1724.47 1648.11 1066.36 489.07 457.96 445.125 587.259 389.715 680.738 346.18 164.918 58.1379 59.3372 87.0938 7.87727 7.07198 5.84935 3.21652 1.31083 1.15942 -9999 -9999 -9999 -9999 -9999 -9999 -9999 -9999 -9999 -9999 -9999 -9999 -9999 -9999 -9999 -9999 -9999 -9999 -9999 -9999 -9999 -9999 -9999 -9999 -9999 -9999
-9999 -9999 -9999 1496.51 1543.04 1437.09 1141.91 1052.11 1042.15 1026.11 924.299 972.79 594.044 486.114 403.434 367.015 606.539 414.979 742.259 1330.26 1403.86 1124.09 941.718 916.278 875.079 911.84 979.955 1149.33 1532.19 2120.15 1793.82 1193.44 877.154 426.203 332.039 307.319 276.341 317.848 221.699 88.1802 70.8625 38.6533 27.0562 15.6028 9.6688 9.8143 6.37234 3.56603 1.94872 -9999 -9999 -9999 -9999 -9999 -9999 -9999 -9999 -9999 -9999 -9999 -9999 -9999 -9999 -9999 -9999 -9999 -9999 -9999 -9999 -9999 -9999 -9999 -9999 -9999 -9999
-9999 -9999 -9999 -9999 1304.89 1330.79 1366.63 1290.34 938.467 904.098 750.689 727.264 577.301 539.772 442.738 341.845 382.028 504.675 1102.32 1417.31 1310.68 1125.37 909.972 916.927 916.083 909.558 984.986 1003.52 1053.9 1387.12 1909.77 1857.26 1227.79 685.281 484.061 396.581 481.046 395.524 384.347 132.16 52.2218 26.9282 22.1732 13.166 9.6369 10.778 5.54185 3.69875 2.26456 -9999 -9999 -9999 -9999 -9999 -9999 -9999 -9999 -9999 -9999 -9999 -9999 -9999 -9999 -9999 -9999 -9999 -9999 -9999 -9999 -9999 -9999 -9999 -9999 -9999 -9999
-9999 -9999 -9999 -9999 990.474 1087.64 1111.14 1131.09 1245.15 1277.92 989.555 951.716 830.318 908.77 467.784 287.757 546.958 824.202 1002.2 1390.59 1266.92 949.394 909.276 890.024 748.771 776.671 802.892 894.779 1109.13 1262.76 1715.5 2050.67 1521.71 1127.99 810.675 584.393 521.825 567.597 294.582 156.369 99.2712 62.5374 33.6059 15.7731 11.2548 11.5337 6.36615 3.49904 3.5016 -9999 -9999 -9999 -9999 -9999 -9999 -9999 -9999 -9999 -9999 -9999 -9999 -9999 -9999 -9999 -9999 -9999 -9999 -9999 -9999 -9999 -9999 -9999 -9999 -9999 -9999
-9999 -9999 -9999 -9999 916.04 989.83 974.593 930.252 1136.59 1394.56 1338.37 1255.93 1373.22 1136.16 741.078 333.445 469.865 1046.15 1217.52 1520.44 1200.05 830.046 720.116 805.064 632.082 684.602 837.234 1194.94 1578.08 1679.51 1836.74 2372.75 1948.22 1455.97 1024.79 675.767 641.182 615.368 407.759 235.953 240.663 253.878 159.196 20.2386 16.2111 9.28305 5.29425 3.81183 4.25417 -9999 -9999 -9999 -9999 -9999 -9999 -9999 -9999 -9999 -9999 -9999 -9999 -9999 -9999 -9999 -9999 -9999 -9999 -9999 -9999 -9999 -9999 -9999 -9999 -9999 -9999
-9999 -9999 -9999 -9999 1174.56 980.676 1087.57 1108.12 943.296 1048.96 1410.89 1564.26 1759.15 1490.54 1036.03 440.056 379.592 973.125 1058.3 1274.97 917.567 697.982 639.604 738.51 643.87 927.273 1233.17 1687.68 1938.58 2227.91 2014.04 2648.97 2310.95 1612.01 1067.2 906.978 627.034 532.842 488.539 249.384 143.281 157.074 185.092 46.2412 22.1363 20.5037 5.99825 1.70414 0.57697 -9999 -9999 -9999 -9999 -9999 -9999 -9999 -9999 -9999 -9999 -9999 -9999 -9999 -9999 -9999 -9999 -9999 -9999 -9999 -9999 -9999 -9999 -9999 -9999 -9999 -9999
-9999 -9999 -9999 -9999 -9999 566.395 741.733 944.349 858.397 859.606 1041.49 1250.28 1512.4 1372.36 1265.19 625.946 406.305 1058.04 806.39 1048.27 709.108 612.107 564.2 603.795 638.151 882.105 1135.16 1586.35 2177.42 2640.48 2667.15 2758.56 2104.57 1618.73 1402.46 1192.09 738.601 422.498 419.581 455.442 189.077 106.115 81.3798 58.7276 25.3988 18.6522 9.76415 3.35841 2.7619 -9999 -9999 -9999 -9999 -9999 -9999 -9999 -9999 -9999 -9999 -9999 -9999 -9999 -9999 -9999 -9999 -9999 -9999 -9999 -9999 -9999 -9999 -9999 -9999 -9999 -9999
