public/models/data/input/map/sulsel/2500/mapdcenter.asc
NCOLS 199
NROWS 249
XLLCORNER -95260.364462
YLLCORNER 9791291.912663
CELLSIZE 2500.000000
NODATA_VALUE       -9999
[rows 33 to 65 of 249, columns 75 to 149 of 199]
-9999 -9999 -9999 -9999 -9999 -9999 -9999 -9999 -9999 -9999 -9999 -9999 -9999 -9999 -9999 -9999 -9999 -9999 39469.7 39410.2 39567.7 38694 37713.1 36639.5 35777.9 36336.3 37343.6 38417.3 39396.7 39947.8 38435.2 35871.7 33439.7 30879.7 28447.7 25855.7 23487.7 20831.9 18463.1 15981.2 14423.2 13325.9 12318.6 11262.3 11085.1 12128 13108.9 14195.3 15588.4 17940.3 20371.7 22963.7 25331.7 27987.7 30355.7 32947.7 35379.7 37939.7 40367.9 42507.9 44828.1 45140.8 42293.8 41569.8 -9999 -9999 30173.8 28774.9 27022.2 23483.7 21667.8 19081.4 16693 14140.5 11759.6
-9999 -9999 -9999 -9999 -9999 -9999 -9999 -9999 -9999 -9999 -9999 -9999 -9999 -9999 -9999 -9999 -9999 -9999 38785.1 38144.2 37201.3 36102 35121.1 34047.5 33185.9 33744.3 34751.6 35825.3 36806.1 37904.7 38469.3 36927.9 34513.3 31953.3 29521.3 26929.3 24561.3 21905.1 19646.8 18001.1 16978.3 15917.9 14910.6 13854.3 13677.1 14720 15700.9 16774.5 17786.1 19224 21446.7 24037.3 26405.3 29061.3 31427.7 33996.6 36375.2 38969.6 40890.3 42328.8 -9999 -9999 -9999 -9999 -9999 -9999 -9999 -9999 -9999 -9999 22039.8 18312.3 17242.3 14609.3 13315
-9999 -9999 -9999 -9999 -9999 -9999 -9999 -9999 -9999 -9999 -9999 -9999 -9999 -9999 -9999 -9999 -9999 36840.4 36660.4 35750.6 34770.1 33670 32689.1 31615.5 30753.9 31312.3 32319.6 33393.3 34374.1 35474.3 36451.3 37019.2 35493.6 32960.7 30528.7 27936.7 25568.7 23032 21528.3 20417.7 19410.3 18349.9 17342.6 16286.3 16109.1 17152 18132.9 19206.5 20213.9 21288.3 22663.4 25045.4 27412.7 30068.7 32429.9 34139.9 36615.6 39352.3 40235.3 -9999 -9999 -9999 -9999 -9999 -9999 -9999 -9999 -9999 -9999 -9999 -9999 -9999 -9999 14174.2 13847.4
-9999 -9999 -9999 -9999 -9999 -9999 -9999 -9999 -9999 -9999 -9999 -9999 -9999 -9999 -9999 -9999 34365.9 34611.3 34145.2 33191 32210.1 31110 30129.1 29055.5 28193.9 28752.3 29759.6 30833.3 31814.1 32914.3 33895.1 34967.4 35525.4 33935.8 31584.2 28998 26731.1 25046.1 24051.3 22977.7 21970.3 20909.9 19902.6 18846.3 18669.1 19712 20692.9 21766.5 22773.9 23834.3 24845.9 26313.9 28476.6 31124 33208.4 34296.9 -9999 -9999 -9999 -9999 -9999 -9999 -9999 -9999 -9999 -9999 -9999 -9999 -9999 -9999 -9999 -9999 -9999 -9999 -9999
-9999 -9999 -9999 -9999 -9999 -9999 -9999 -9999 -9999 -9999 44130.1 42992.5 41056.8 37893.4 36117.8 33360 33581.3 32829 31832.6 30759 29778.1 28678 27697.1 26623.5 25761.9 26320.3 27327.6 28401.3 29382.1 30482.3 31463.1 32536.8 33485.7 33136.9 31819.5 29925.8 28445 27317.2 26440.7 25409.7 24402.3 23341.9 22334.6 21278.3 21101.1 22144 23124.9 24198.5 25205.9 26266.3 27273.7 28360.1 29694 31904.9 32842.4 -9999 -9999 -9999 -9999 -9999 -9999 -9999 -9999 -9999 -9999 -9999 -9999 -9999 -9999 -9999 -9999 -9999 -9999 -9999 -9999
-9999 -9999 -9999 -9999 -9999 -9999 -9999 -9999 -9999 -9999 43679.5 42278.8 39940.1 37284.4 34905.5 32547.7 31313.4 30248 29240.6 28167 27186.1 26086 25105.1 24031.5 23169.9 23728.3 24735.6 25809.3 26790.1 27890.3 28871.1 29944.8 30894 30586.9 29579.2 28505.5 27524.3 26449.8 26382.3 26940.7 26728.1 25913.5 24926.6 23870.3 23693.1 24736 25716.9 26790.5 27797.9 28858.3 29865.7 30917.4 31735.3 32113.2 -9999 -9999 -9999 -9999 -9999 -9999 -9999 -9999 -9999 -9999 -9999 -9999 -9999 -9999 -9999 -9999 -9999 -9999 -9999 -9999 -9999
-9999 -9999 -9999 -9999 -9999 -9999 -9999 -9999 -9999 -9999 43244.9 41327.6 38960.3 36304.3 33936.3 31349.6 29213.8 27880.5 26872.6 25799 24818.1 23718 22737.1 21663.5 20801.9 21360.3 22367.6 23441.3 24422.1 25522.3 26503.3 27577.3 28543.8 28218.8 27211.1 26137.8 25157.1 24083.1 24064 25099.1 26081 26832.6 26930.5 26229.5 26061.1 27104 28084.9 29158.5 30165.9 31226.3 32233.7 32873 32527.3 -9999 -9999 -9999 -9999 -9999 -9999 -9999 -9999 -9999 -9999 -9999 -9999 -9999 -9999 -9999 -9999 -9999 -9999 -9999 -9999 -9999 24196.7
-9999 -9999 -9999 -9999 -9999 -9999 -9999 -9999 -9999 43098.3 42589.2 40228.2 37860.1 35204.1 32836.1 30244.1 27812.6 25525.5 24222 23143 22162.1 21062 20081.1 19007.5 18145.9 18704.3 19711.6 20785.3 21766.1 22866.3 23847.2 25050.3 26247.7 25562.9 24555.5 23481.9 22501.1 21427.1 21408 22443.1 23450.5 24510.9 25518.2 26539.5 27389.6 29081.1 30575.9 31807.6 32821.9 33864.5 34455.5 34540 -9999 -9999 -9999 -9999 -9999 -9999 -9999 -9999 -9999 -9999 -9999 -9999 -9999 -9999 -9999 -9999 -9999 -9999 -9999 -9999 29525.8 28419.9 25408.2
-9999 -9999 -9999 -9999 -9999 -9999 -9999 -9999 -9999 42167 41630.2 39247.3 36879.3 34223.3 31855.3 29263.3 26831.3 24279.2 22134.3 20777 19794.1 18694 17713.1 16639.5 15777.9 16336.3 17343.6 18417.3 19398.1 20498.4 21575.5 23513 24182.9 23195 22187.9 21113.9 20133.1 19059.1 19040 20075.1 21082.5 22142.9 23150.2 24280.9 25912 28486.2 30826.3 33178.1 34863.1 35357.3 35271.9 -9999 -9999 -9999 -9999 -9999 -9999 -9999 -9999 -9999 -9999 -9999 -9999 -9999 -9999 -9999 -9999 -9999 -9999 -9999 -9999 -9999 -9999 28204.2 26229.5
-9999 -9999 -9999 -9999 -9999 -9999 -9999 -9999 -9999 41230.1 40583.3 38173.6 35805.6 33149.6 30781.6 28189.6 25757.6 23197.6 20766.1 18468.6 17207.4 16102 15121.1 14047.5 13185.9 13744.3 14751.6 15825.3 16806.1 18035.7 19900.8 22215.3 21765.6 20603.3 19597.1 18522 17541.1 16467.1 16448 17483.1 18490.5 19550.9 20606.7 22437.4 24756.7 27413.1 29791.9 32222.7 33198.7 -9999 -9999 -9999 -9999 -9999 -9999 -9999 -9999 -9999 -9999 -9999 -9999 -9999 -9999 -9999 -9999 -9999 -9999 -9999 -9999 -9999 -9999 -9999 -9999 -9999 -9999
-9999 -9999 -9999 -9999 -9999 -9999 -9999 -9999 -9999 40378.7 39580.4 37166.3 34798.3 32142.3 29774.3 27182.2 24750.2 22190.2 19758.2 17174.2 15071.6 13670.4 12689.1 11615.5 10753.9 11312.3 12319.6 13393.5 14463.1 16519.5 18866.2 21181.1 20192.6 18261.9 17163.9 16090 15109.1 14035.1 14016 15051.1 16058.5 17173.8 18861.2 21381.2 23746.8 26242.4 28820.4 -9999 -9999 -9999 -9999 -9999 -9999 -9999 -9999 -9999 -9999 -9999 -9999 -9999 -9999 -9999 -9999 -9999 -9999 -9999 -9999 -9999 -9999 -9999 -9999 -9999 -9999 -9999 -9999
-9999 -9999 -9999 -9999 -9999 -9999 -9999 -9999 -9999 40275.5 38689.1 36105.9 33737.9 31081.9 28713.9 26121.9 23689.8 21129.8 18697.8 16105.8 13738.3 11383.3 10137.1 9055.48 8193.91 8752.27 9759.81 10967.7 12809.7 15437.8 17805.8 20120.7 19097.8 16582.7 14716.7 13530.3 12549.2 11475.1 11456 12491.1 13553.5 15350.6 17763.5 20426.7 22395.8 -9999 -9999 -9999 -9999 -9999 -9999 -9999 -9999 -9999 -9999 -9999 -9999 -9999 -9999 -9999 -9999 -9999 -9999 -9999 -9999 -9999 -9999 -9999 -9999 -9999 -9999 -9999 -9999 -9999 -9999
-9999 -9999 -9999 -9999 -9999 -9999 -9999 -9999 -9999 38843.5 37668.7 35098.5 32730.5 30074.5 27706.5 25114.5 22682.5 20122.5 17690.5 15098.5 12730.5 10079.8 7992.17 6624.01 5761.92 6320.45 7421.39 9429.63 11774.5 14430.5 16798.5 19113.3 18090.4 15540.8 13137.7 11182.6 10117.9 9043.05 9024 10107.6 11801.4 14285.9 16738.4 19750.5 -9999 -9999 -9999 -9999 -9999 -9999 -9999 -9999 -9999 -9999 -9999 -9999 -9999 -9999 -9999 -9999 -9999 -9999 -9999 -9999 -9999 -9999 -9999 -9999 -9999 -9999 -9999 -9999 -9999 -9999 -9999
-9999 -9999 -9999 -9999 -9999 -9999 -9999 -9999 -9999 -9999 35958.7 34022.9 31656.9 29000.9 26632.9 24040.9 21608.9 19048.9 16616.8 14024.8 11656.8 9000.85 6634.88 4326.53 3178.11 3862.74 5763.99 8332.85 10700.8 13356.8 15724.8 18039.7 17016.7 14467.2 12035.2 9479.21 7648.76 6451.11 6486.63 8307.78 10746.1 13022.6 14948.8 -9999 -9999 -9999 -9999 -9999 -9999 -9999 -9999 -9999 -9999 -9999 -9999 -9999 -9999 -9999 -9999 -9999 -9999 -9999 -9999 -9999 -9999 -9999 -9999 -9999 -9999 -9999 -9999 -9999 -9999 -9999 -9999
-9999 -9999 -9999 -9999 -9999 -9999 -9999 -9999 -9999 -9999 34897.8 33160.9 30795.3 28139.3 25771.3 23179.3 20747.3 18187.3 15755.3 13163.3 10795.3 8139.29 5771.29 3184.62 1283.56 2475.64 4879.29 7471.29 9839.29 12495.3 14863.3 17139.8 16037.9 13486.4 11054.4 8462.27 6121.01 4144.47 4596.51 7883.64 8986.41 -9999 -9999 -9999 -9999 -9999 -9999 -9999 -9999 -9999 -9999 -9999 -9999 -9999 -9999 -9999 -9999 -9999 -9999 -9999 -9999 -9999 -9999 -9999 -9999 -9999 -9999 -9999 -9999 -9999 -9999 -9999 -9999 -9999 -9999
-9999 -9999 -9999 -9999 -9999 -9999 -9999 -9999 -9999 36264 35683.7 33364.8 30996.8 28340.8 25972.8 23380.8 20948.8 18388.8 15963 13561.1 11362.2 8724.16 6356.33 3893.62 2523.65 3333.64 5469.49 8056.16 10424.2 13080.1 15448.1 17017.8 15077.9 12517.9 10085.9 7493.94 5124.6 2498.95 1118.33 2301.28 -9999 -9999 -9999 -9999 -9999 -9999 -9999 -9999 -9999 -9999 -9999 -9999 -9999 -9999 -9999 -9999 -9999 -9999 -9999 -9999 -9999 -9999 -9999 -9999 -9999 -9999 -9999 -9999 -9999 -9999 -9999 -9999 -9999 -9999 -9999
-9999 -9999 -9999 -9999 -9999 -9999 -9999 -9999 -9999 36102 34645.1 32585.7 30221.2 27565.2 25197.2 22605.2 20173.2 17613.2 15181.5 12746.4 11151.9 9387.4 7373.42 5741.62 4869.87 5436.23 6730.69 9039.04 11405 14061 16429 17661.5 15497.1 12937.1 10505.1 7913.18 5544.91 3104.5 2213.83 3311.37 4234.37 -9999 -9999 -9999 -9999 -9999 -9999 -9999 -9999 -9999 -9999 -9999 -9999 -9999 -9999 -9999 -9999 -9999 -9999 -9999 -9999 -9999 -9999 -9999 -9999 -9999 -9999 -9999 -9999 -9999 -9999 -9999 -9999 -9999 -9999
-9999 -9999 -9999 -9999 -9999 -9999 -9999 -9999 -9999 -9999 33012.5 31437.4 29147.5 26491.5 24123.5 21531.5 19099.5 16539.5 14107.5 11515.9 9263.74 7638.42 6646.98 6274.42 6670.29 7684.44 8983.56 10396.3 12484 15134.6 17502.6 18733.4 16568.3 14008.3 11576.3 8987.61 6809.67 5318.2 4753.58 5611.96 7412.72 9896.8 -9999 -9999 -9999 -9999 -9999 -9999 -9999 -9999 -9999 -9999 -9999 -9999 -9999 -9999 -9999 -9999 -9999 -9999 -9999 -9999 -9999 -9999 -9999 -9999 -9999 -9999 -9999 -9999 -9999 -9999 -9999 -9999 -9999
-9999 -9999 -9999 -9999 -9999 -9999 -9999 -9999 -9999 -9999 -9999 30261.2 28137.4 25484.2 23116.2 20524.2 18092.2 15532.2 13100.2 10508.2 8140.41 5653.7 4237.54 3957.78 5173.39 7393.27 9745.64 11932.8 13675.4 16141.1 18509 19740.4 17575.6 15015.6 12583.8 10212.4 8863.45 7750.61 7185.69 8048.34 9368.32 10814.8 -9999 -9999 -9999 -9999 -9999 -9999 -9999 -9999 -9999 -9999 -9999 -9999 -9999 -9999 -9999 -9999 -9999 -9999 -9999 -9999 -9999 -9999 -9999 -9999 -9999 -9999 -9999 -9999 -9999 -9999 -9999 -9999 -9999
-9999 -9999 -9999 -9999 -9999 -9999 -9999 -9999 -9999 -9999 -9999 28956.4 26892.3 24478.4 22112.1 19520.1 17088.1 14528.1 12096.1 9504.12 7136.12 4480.47 2250.02 1748.64 3834.08 6388.12 8820.12 11412.1 13772.3 16397.1 18765 20465.2 18635.8 16079.7 13851.5 12394.9 11409.4 10308.8 9745.33 10605.2 11614.9 12415.9 -9999 -9999 -9999 -9999 -9999 -9999 -9999 -9999 -9999 -9999 -9999 -9999 -9999 -9999 -9999 -9999 -9999 -9999 -9999 -9999 -9999 -9999 -9999 -9999 -9999 -9999 -9999 -9999 -9999 -9999 -9999 -9999 -9999
-9999 -9999 -9999 -9999 -9999 -9999 -9999 -9999 -9999 -9999 -9999 -9999 25585.1 24532.1 22264.5 19672.5 17240.5 14680.5 12248.5 9656.55 7288.55 4634.77 2504.15 2053.76 3997.18 6540.55 8972.55 11564.5 13932.5 16588.5 18956.5 21066.4 19642.5 17290.9 15904.8 14821.9 13841.1 12740.7 12177.2 13037.5 14044.9 14775.1 -9999 -9999 -9999 -9999 -9999 -9999 -9999 -9999 -9999 -9999 -9999 -9999 -9999 -9999 -9999 -9999 -9999 -9999 -9999 -9999 -9999 -9999 -9999 -9999 -9999 -9999 -9999 -9999 -9999 -9999 -9999 -9999 -9999
-9999 -9999 -9999 -9999 -9999 -9999 -9999 -9999 37642.5 35977.6 33777.1 30875.7 28987.1 25622.3 23333.2 20741.2 18309.2 15749.2 13317.2 10725.2 8359.19 6000.34 4747.79 4480.05 5581.84 7629.16 10041.2 12633.2 15001.2 17657.2 20025.2 22139.8 20936.7 19500.2 18487.6 17413.9 16433.1 15332.8 14769.2 15629.5 16633.6 17220.7 -9999 -9999 -9999 -9999 -9999 -9999 -9999 -9999 -9999 -9999 -9999 -9999 -9999 -9999 -9999 -9999 -9999 -9999 -9999 -9999 -9999 -9999 -9999 -9999 -9999 -9999 -9999 -9999 -9999 -9999 -9999 -9999 -9999
-9999 -9999 -9999 -9999 -9999 -9999 -9999 -9999 38732 36763.6 34304.2 31706.3 29338.1 26682.1 24314.1 21722.1 19290.1 16730.1 14298.1 11708 9549.71 8090.92 7109.59 6847.81 7818.25 9047.81 11032.5 13614.1 15982.1 18638.1 21006.1 23270.7 22933.2 21863 20855.6 19781.9 18801.1 17701 17137.5 17997.8 18995 19189.9 -9999 -9999 -9999 -9999 -9999 -9999 -9999 -9999 -9999 -9999 -9999 -9999 -9999 -9999 -9999 -9999 -9999 -9999 -9999 -9999 -9999 -9999 -9999 -9999 -9999 -9999 -9999 -9999 -9999 -9999 -9999 -9999 -9999
-9999 -9999 -9999 53513.7 52226.4 49252.5 46232.7 42709 40340.1 37830.2 35398.2 32806.2 30438.2 27782.2 25414.2 22822.2 20390.2 17830.2 15400.4 13105.3 11847.1 10744 9765.59 9503.81 10473.9 11534.5 12657.8 14732.1 17082.2 19738.2 22106.2 24662.2 25489.5 24519 23511.6 22437.9 21457.1 20357 19793.6 20653.4 21661 22957.6 25033.5 27452.1 30067.2 -9999 -9999 -9999 -9999 -9999 -9999 -9999 -9999 -9999 -9999 -9999 -9999 -9999 -9999 -9999 -9999 -9999 -9999 -9999 -9999 -9999 -9999 -9999 -9999 -9999 -9999 -9999 -9999 -9999 -9999
-9999 58405.8 56313.2 53970 51728.9 49073.4 46527.6 43796.4 41370.9 38811.1 36379.1 33787.1 31419.1 28763.1 26395.3 23803.1 21371.1 18814.5 16615.9 15199.2 14212.1 13112 12133.6 11871.8 12841.9 13902.3 14910 16160.6 18080.9 20719.1 23087.1 25678.9 27477.1 26887 25879.6 24805.9 23825.1 22725 22160.7 23021 24028.8 25094.3 26336.1 28586 30972.7 33552.7 36222.5 -9999 -9999 -9999 -9999 -9999 -9999 -9999 -9999 -9999 -9999 -9999 -9999 -9999 -9999 -9999 -9999 -9999 -9999 -9999 -9999 -9999 -9999 -9999 -9999 -9999 -9999 -9999 -9999
-9999 58540.8 57388.5 54860.7 52492.7 49836.7 47468.7 44876.7 42444.7 39884.7 37452.7 34860.7 32492.7 29836.7 27469.8 24876.5 22446.7 20164.8 18861.5 17784.9 16804.1 15703.9 14725.6 14463.8 15433.9 16494.3 17501.6 18575.6 19672.3 21803.2 24160.7 26752.7 29088.4 29466.3 28471.6 27397.9 26417.1 25317 24754 25613.5 26620.9 27681.3 28688.7 30002 32031.6 34678.5 36922.7 38811.8 -9999 -9999 -9999 -9999 -9999 -9999 -9999 -9999 -9999 -9999 -9999 -9999 -9999 -9999 -9999 -9999 -9999 -9999 -9999 -9999 -9999 -9999 -9999 -9999 -9999 -9999 -9999
-9999 58361.8 57253 55210.9 52848.5 50533.6 48439.9 45884.1 43452.1 40892.1 38460.1 35868.1 33500.1 30844.1 28476.2 25886.3 23699.7 22304 21290.6 20216.9 19236.1 18135.9 17157.6 16895.8 17865.9 18926.3 19933.6 21007.3 21988.4 23257.8 25188 27760.1 30189.7 31698.2 30903.4 29829.9 28849.6 27749 27186.4 28045.5 29052.9 30113.3 31121.7 32199.4 33395 35687.5 38025.6 40035.4 44104.1 -9999 -9999 -9999 -9999 -9999 -9999 -9999 -9999 -9999 -9999 -9999 -9999 -9999 -9999 -9999 -9999 -9999 -9999 -9999 -9999 -9999 -9999 -9999 -9999 -9999 -9999
-9999 -9999 -9999 53453.2 51746.2 49336.2 47785.1 46286 44364.5 41941.7 39520.5 36928.5 34560.5 31904.5 29540 27224.2 25924.2 24858 23850.6 22776.9 21796.1 20695.9 19717.6 19455.8 20425.9 21486.3 22493.6 23567.3 24548.1 25648.7 26761.1 28837.1 31252.5 33530.1 33460.6 32389.4 31407.7 30309.4 29744.9 30605.5 31612.9 32673.3 33680.7 34754.3 35735.2 37080.5 39124.3 41787.9 43644 -9999 -9999 -9999 -9999 -9999 -9999 -9999 -9999 -9999 -9999 -9999 -9999 -9999 -9999 -9999 -9999 -9999 -9999 -9999 -9999 -9999 -9999 -9999 -9999 -9999 -9999
-9999 -9999 -9999 -9999 50244.3 48210 45951.3 44305.6 43267.3 41973.5 40278.8 37926.7 35567.9 32914.1 30780.8 29360.3 28350.4 27290 26282.6 25208.9 24228.1 23127.9 22149.6 21887.8 22857.9 23918.3 24925.6 25999.3 26980.1 28080.3 29061.4 30292.9 32276.5 34781.9 35793.5 34821.3 33840.9 32740.6 32177.6 33037.5 34044.9 35105.3 36112.7 37186.3 38167.2 39270.3 40479.3 42500.1 43355 -9999 -9999 -9999 -9999 -9999 -9999 -9999 -9999 -9999 -9999 -9999 -9999 -9999 -9999 -9999 -9999 -9999 -9999 -9999 -9999 -9999 -9999 -9999 -9999 -9999 -9999
-9999 -9999 -9999 -9999 49062.8 47136.2 44768.2 42285.6 40727.7 39630.4 38621.8 37465.8 36057.1 34048.8 32796.2 31716.8 30709.2 29648.5 28641.2 27613.7 26791.1 25719.9 24741.6 24479.8 25449.9 26510.3 27517.6 28591.3 29572.1 30672.3 31653.2 32727.1 33866.1 35912.9 37865 37413.8 36433.1 35333 34769.6 35629.8 36637.3 37697.3 38704.7 39778.3 40759.2 41859.3 42841.2 43815.8 43852 -9999 -9999 -9999 -9999 -9999 -9999 -9999 -9999 -9999 -9999 -9999 -9999 -9999 -9999 -9999 -9999 -9999 -9999 -9999 -9999 -9999 -9999 -9999 -9999 -9999 -9999
-9999 -9999 -9999 -9999 48126 46148.8 43787.3 41195.5 38882.6 37276.3 36255 35181.3 34200.5 33093.6 32111.3 31038.1 30029.6 28969.9 27962.5 27151.9 27565.8 27714.7 27089.2 26847.8 27817.9 28878.3 29885.6 30959.3 31940.1 33040.3 34021.2 35094.8 36102.6 37332.1 39258.6 39761.9 38801.1 37700.9 37137.3 37997.5 39003.8 40065 41072.6 42146.3 43127.2 44227.3 45208.2 46299.4 46984.5 -9999 -9999 -9999 -9999 -9999 -9999 -9999 -9999 -9999 -9999 -9999 -9999 -9999 -9999 -9999 -9999 -9999 -9999 -9999 -9999 -9999 -9999 -9999 -9999 -9999 -9999
-9999 -9999 -9999 -9999 47408.7 45046.5 42687.1 40095.1 37663.1 35205.1 33631.5 32525.3 31544.5 30444.3 29463.4 28389.6 27382.4 26322 25314.7 24524.4 25183.8 26283.9 27229.9 28115.7 29112.9 30173.3 31180.6 32254.3 33248.7 34808.3 36411.2 37729.4 38758.1 39818.8 40942.2 42155.1 41457.1 40356.4 39793.6 40653.6 41660.9 42721.2 43728.5 44802.3 45783.2 46883.3 47864.2 48751.5 48831.4 -9999 -9999 -9999 -9999 -9999 -9999 -9999 -9999 -9999 -9999 -9999 -9999 -9999 -9999 -9999 -9999 -9999 -9999 -9999 -9999 -9999 -9999 -9999 -9999 -9999 -9999
-9999 -9999 -9999 -9999 -9999 43656.6 41697.1 39114.3 36682.3 34123.2 31806.5 30175.7 29176.5 28076.3 27095.4 26021.4 25014.3 23954 22946.7 22156.4 22815.8 23915.9 24896.8 25970.4 26977.8 28038.2 29045.6 30138.6 31550.3 34030.3 36386.9 38822.3 40716.3 42143.7 43193.9 44191.7 43824.4 42724.9 42162 43021.9 44029.2 45089.4 46096.7 47170.3 48151.2 49251.3 50232.2 51214.2 51903.1 -9999 -9999 -9999 -9999 -9999 -9999 -9999 -9999 -9999 -9999 -9999 -9999 -9999 -9999 -9999 -9999 -9999 -9999 -9999 -9999 -9999 -9999 -9999 -9999 -9999 -9999
