public/models/data/input/map/sulsel/2500/mapdriver.asc
NCOLS 199
NROWS 249
XLLCORNER -95260.364462
YLLCORNER 9791291.912663
CELLSIZE 2500.000000
NODATA_VALUE       -9999
[rows 33 to 65 of 249, columns 75 to 149 of 199]
-9999 -9999 -9999 -9999 -9999 -9999 -9999 -9999 -9999 -9999 -9999 -9999 -9999 -9999 -9999 -9999 -9999 -9999 556.569 840.381 657.152 668.595 633.956 1342.28 518.544 530.403 546.645 1042.71 594.197 459.012 614.863 572.03 404.661 643.448 1316.07 571.007 681.833 614.117 990.898 392.517 359.488 758.164 1437.76 625.859 507.966 449.373 463.732 2105.66 1320.59 777.101 2530.58 1758.44 819.023 662.346 247.591 383.649 2750.54 2416.75 621.551 852.892 488.957 915.287 988.294 -9999 -9999 -9999 0 0 -9999 223.822 168.182 219.931 78.8036 283.972 383.116
-9999 -9999 -9999 -9999 -9999 -9999 -9999 -9999 -9999 -9999 -9999 -9999 -9999 -9999 -9999 -9999 -9999 -9999 661.633 427.99 580.951 526.133 1129.54 1652.45 610.017 577.974 522.598 675.068 1129.03 1688.14 1041.26 338.593 606.142 471.539 1287.7 1545.88 1259.3 1994.97 814.94 438.714 529.025 1265.98 2689.74 1548.93 570.789 400.732 336.955 880.544 1675.71 657.97 1479.58 1641.45 656.339 1806.09 591.55 53.4616 4609.02 3520.14 1897.69 -9999 -9999 -9999 -9999 -9999 -9999 -9999 -9999 -9999 -9999 -9999 -9999 -9999 85.3553 103.103 221.024
-9999 -9999 -9999 -9999 -9999 -9999 -9999 -9999 -9999 -9999 -9999 -9999 -9999 -9999 -9999 -9999 -9999 1025.43 700.389 295.591 445.178 381.238 484.226 1180.88 505.846 436.535 504.359 1308.64 2474.01 1444.7 903.8 714.97 710.918 804.889 657.102 915.827 666.257 1284.4 710.662 529.511 345.474 1064.07 3242.94 2583.15 707.744 1064.69 611.765 811.555 519.769 401.89 417.911 694.945 814.838 969.66 1214.14 56.2884 -9999 3771.89 3355.28 -9999 -9999 -9999 -9999 -9999 -9999 -9999 -9999 -9999 -9999 -9999 -9999 -9999 -9999 -9999 -9999
-9999 -9999 -9999 -9999 -9999 -9999 -9999 -9999 -9999 -9999 -9999 -9999 -9999 -9999 -9999 -9999 1728.17 2859.13 1132.1 679.069 1166.97 525.883 661.16 611.241 551.801 715.555 513.597 1088.91 1041.92 1034.15 372.801 413.155 508.588 645.844 596.441 766.268 342.166 537.074 913.117 522.93 577.394 821.679 2961.32 2299.48 595.839 871.685 611.059 991.6 1866.47 1607.87 864.093 466.107 471.215 320.553 828.451 -9999 -9999 -9999 -9999 -9999 -9999 -9999 -9999 -9999 -9999 -9999 -9999 -9999 -9999 -9999 -9999 -9999 -9999 -9999 -9999
-9999 -9999 -9999 -9999 -9999 -9999 -9999 -9999 -9999 -9999 190.533 1105.34 609.743 1045.25 1510.89 1256.62 1047.16 1871.35 899.326 435.295 717.58 876.776 598.19 1260.67 595.747 524.422 367.975 551.305 654.423 1413.27 1011.72 357.02 479.156 645.993 495.375 561.852 532.29 361.32 392.581 277.591 952.174 625.689 2345.89 2373.36 648.461 583.028 601.713 536.276 1577.67 2575.05 2679.84 2267.56 716.607 1173.16 -9999 -9999 -9999 -9999 -9999 -9999 -9999 -9999 -9999 -9999 -9999 -9999 -9999 -9999 -9999 -9999 -9999 -9999 -9999 -9999 -9999
-9999 -9999 -9999 -9999 -9999 -9999 -9999 -9999 -9999 -9999 1622.68 675.474 549.712 545.849 661.027 433.174 456.318 717.117 783.945 653.522 1803.89 1178.45 770.446 1895.12 588.022 523.179 996.643 579.808 440.051 711.172 1168.52 517.485 356.004 516.02 793.142 495.681 464.88 337.791 293.376 417.895 610.529 408.078 1992.53 3416.41 2092.3 674.895 1058.01 467.702 389.53 810.036 1413.91 2123.22 211.362 -9999 -9999 -9999 -9999 -9999 -9999 -9999 -9999 -9999 -9999 -9999 -9999 -9999 -9999 -9999 -9999 -9999 -9999 -9999 -9999 -9999 -9999
-9999 -9999 -9999 -9999 -9999 -9999 -9999 -9999 -9999 -9999 1584.14 683.305 392.937 849.681 863.868 502.343 659.017 552.744 750.394 579.707 666.932 549.139 769.509 721.51 395.327 482.844 544.811 593.877 601.506 962.112 625.56 1172.37 646.111 377.824 338.349 773.842 502.451 577.602 694.462 327.795 836.963 847.643 2925.81 4397.47 2674.74 709.107 1121.12 840.356 354.304 1022.56 799.085 159.978 301.777 -9999 -9999 -9999 -9999 -9999 -9999 -9999 -9999 -9999 -9999 -9999 -9999 -9999 -9999 -9999 -9999 -9999 -9999 -9999 -9999 16736.7 15418.4
-9999 -9999 -9999 -9999 -9999 -9999 -9999 -9999 -9999 465.136 445.737 612.332 614.806 442.21 638.808 695.656 642.016 711.146 438.628 592.758 671.623 1357.21 672.902 347.505 697.85 494.324 320.083 488.149 640.472 1102.03 1290.65 699.919 579.213 657.044 417.399 581.577 561.092 1809.49 2208.49 648.787 559.696 607.593 2410.18 3819.43 1985.65 731.305 568.219 833.383 693.22 334.468 -9999 -9999 -9999 -9999 -9999 -9999 -9999 -9999 -9999 -9999 -9999 -9999 -9999 -9999 -9999 -9999 -9999 -9999 -9999 -9999 -9999 -9999 20357.4 19362.6 16351.1
-9999 -9999 -9999 -9999 -9999 -9999 -9999 -9999 -9999 405.476 457.801 517.718 568.387 587.665 786.789 548.581 451.151 310.964 427.499 369.277 1268.89 716.246 519.139 375.056 1370.96 744.439 391.303 633.534 1532.41 508.868 884.168 500.38 700.79 1046 846.326 303.514 401.28 683.222 1445.1 1038.52 306.435 333.897 1366.77 3448.91 2863.43 578.561 360.621 615.218 307.089 188.042 -9999 -9999 -9999 -9999 -9999 -9999 -9999 -9999 -9999 -9999 -9999 -9999 -9999 -9999 -9999 -9999 -9999 -9999 -9999 -9999 -9999 -9999 20102.4 19178.4 17275.2
-9999 -9999 -9999 -9999 -9999 -9999 -9999 -9999 -9999 1469.08 1116.01 589.574 883.443 525.864 702.781 476.997 487.924 576.666 710.833 448.436 1165.33 918.002 428.108 978.2 2461.43 1688.57 448.67 1471.31 2470.26 908.153 684.493 557.511 482.132 473.237 551.122 863.238 1068.27 527.683 729.325 490.137 755.354 517.335 500.24 104.331 0 59.6526 71.6359 0 -9999 -9999 -9999 -9999 -9999 -9999 -9999 -9999 -9999 -9999 -9999 -9999 -9999 -9999 -9999 -9999 -9999 -9999 -9999 -9999 -9999 -9999 -9999 -9999 -9999 -9999 -9999
-9999 -9999 -9999 -9999 -9999 -9999 -9999 -9999 -9999 1158.88 852.271 799.216 740.529 461.04 523.176 673.509 454.808 365.597 363.343 411.543 1074.98 555.843 460.31 1041.58 1792.97 948.832 723.471 967.619 2290.68 818.036 422.145 583.243 1218.39 657.134 702.543 416.685 658.927 282.169 650.959 633.91 920.741 1005.59 812.148 310.955 200.63 173.097 -9999 -9999 -9999 -9999 -9999 -9999 -9999 -9999 -9999 -9999 -9999 -9999 -9999 -9999 -9999 -9999 -9999 -9999 -9999 -9999 -9999 -9999 -9999 -9999 -9999 -9999 -9999 -9999 -9999
-9999 -9999 -9999 -9999 -9999 -9999 -9999 -9999 -9999 857.006 399.236 347.385 403.646 420.857 343.848 522.544 458.421 604.032 1126.12 780.283 1158.04 507.235 811.75 1002.33 2265.79 900.157 650.68 418.759 1177.84 1084.2 598.315 427.44 1262.52 641.406 550.766 449.135 414.244 400.383 394.411 412.698 350.892 1106.8 362.132 223.848 212.132 -9999 -9999 -9999 -9999 -9999 -9999 -9999 -9999 -9999 -9999 -9999 -9999 -9999 -9999 -9999 -9999 -9999 -9999 -9999 -9999 -9999 -9999 -9999 -9999 -9999 -9999 -9999 -9999 -9999 -9999
-9999 -9999 -9999 -9999 -9999 -9999 -9999 -9999 -9999 1120.56 733.534 813.528 594.371 484.252 476.403 617.917 578.941 647.177 599.18 544.203 463.412 545.634 828.283 673.226 2115.29 2331.39 1327.1 425.216 925.822 579.89 716.199 545.389 794.012 757.015 753.792 694.576 570.819 560.63 466.911 494.23 512.09 26.8246 -9999 -9999 -9999 -9999 -9999 -9999 -9999 -9999 -9999 -9999 -9999 -9999 -9999 -9999 -9999 -9999 -9999 -9999 -9999 -9999 -9999 -9999 -9999 -9999 -9999 -9999 -9999 -9999 -9999 -9999 -9999 -9999 -9999
-9999 -9999 -9999 -9999 -9999 -9999 -9999 -9999 -9999 -9999 851.795 405.753 481.591 516.057 325.374 577.838 493.729 276.734 689.702 460.785 341.872 598.913 988.604 1038.24 658.009 1191.33 542.281 683.324 2105.53 1435.51 412.511 587.397 532.023 929.549 1085.21 601.849 696.963 331.386 330.572 229.659 663.461 94.8327 -9999 -9999 -9999 -9999 -9999 -9999 -9999 -9999 -9999 -9999 -9999 -9999 -9999 -9999 -9999 -9999 -9999 -9999 -9999 -9999 -9999 -9999 -9999 -9999 -9999 -9999 -9999 -9999 -9999 -9999 -9999 -9999 -9999
-9999 -9999 -9999 -9999 -9999 -9999 -9999 -9999 -9999 -9999 301.344 415.62 639.747 436.599 298.257 451.674 441.552 323.855 382.517 330.619 671.78 583.378 828.873 1230.64 1018.85 469.259 773.217 629.683 756.093 1091.96 697.625 362.333 417.701 586.001 394.231 591.995 613.342 362.862 473.674 -9999 -9999 -9999 -9999 -9999 -9999 -9999 -9999 -9999 -9999 -9999 -9999 -9999 -9999 -9999 -9999 -9999 -9999 -9999 -9999 -9999 -9999 -9999 -9999 -9999 -9999 -9999 -9999 -9999 -9999 -9999 -9999 -9999 -9999 -9999 -9999
-9999 -9999 -9999 -9999 -9999 -9999 -9999 -9999 -9999 24.6697 297.598 445.678 593.158 736.466 709.135 563.348 322.339 425.544 474.645 302.428 541.308 589.822 981.317 504.766 506.977 1706.3 2278.28 1823.06 980.539 795.965 679.941 347.244 398.441 346.141 312.696 674.865 660.091 497.143 917.018 556.405 -9999 -9999 -9999 -9999 -9999 -9999 -9999 -9999 -9999 -9999 -9999 -9999 -9999 -9999 -9999 -9999 -9999 -9999 -9999 -9999 -9999 -9999 -9999 -9999 -9999 -9999 -9999 -9999 -9999 -9999 -9999 -9999 -9999 -9999 -9999
-9999 -9999 -9999 -9999 -9999 -9999 -9999 -9999 -9999 41.1765 251.001 516.322 386.839 338.999 436.693 661.462 542.602 441.005 490.012 948.058 374.364 679.704 443.129 386.235 784.007 1534.85 774.14 720.462 1142.17 1329.88 871.587 307.075 362.453 588.491 553.004 609.201 437.252 462.983 693.273 2057.43 3787.01 -9999 -9999 -9999 -9999 -9999 -9999 -9999 -9999 -9999 -9999 -9999 -9999 -9999 -9999 -9999 -9999 -9999 -9999 -9999 -9999 -9999 -9999 -9999 -9999 -9999 -9999 -9999 -9999 -9999 -9999 -9999 -9999 -9999 -9999
-9999 -9999 -9999 -9999 -9999 -9999 -9999 -9999 -9999 -9999 187.117 850.868 711.516 259.059 870.089 648.472 453.167 620.479 419.768 975.271 798.546 593.961 431.925 355.037 559.316 785.928 420.446 540.793 508.154 520.413 237.864 234.428 404.002 332.22 312.276 469.61 589.094 601.276 2088.09 3333.49 2067.2 -9999 -9999 -9999 -9999 -9999 -9999 -9999 -9999 -9999 -9999 -9999 -9999 -9999 -9999 -9999 -9999 -9999 -9999 -9999 -9999 -9999 -9999 -9999 -9999 -9999 -9999 -9999 -9999 -9999 -9999 -9999 -9999 -9999 -9999
-9999 -9999 -9999 -9999 -9999 -9999 -9999 -9999 -9999 -9999 -9999 271.569 602.383 401.558 1015.95 719.472 314.209 462.268 606.038 409.986 917.543 406.885 512.285 222.612 581.461 531.278 1176.06 708.891 646.88 670.43 208.757 271.737 302.892 381.159 414.796 549.131 389.327 790.027 1852.56 1760.36 406.67 635.551 -9999 -9999 -9999 -9999 -9999 -9999 -9999 -9999 -9999 -9999 -9999 -9999 -9999 -9999 -9999 -9999 -9999 -9999 -9999 -9999 -9999 -9999 -9999 -9999 -9999 -9999 -9999 -9999 -9999 -9999 -9999 -9999 -9999
-9999 -9999 -9999 -9999 -9999 -9999 -9999 -9999 -9999 -9999 -9999 61.2164 191.287 296.866 763.251 561.41 453.829 497.525 614.003 288.298 372.552 492.144 485.118 484.231 1337.63 654.919 815.813 838.841 991.387 630.378 355.257 458.254 546.367 622.332 554.346 483.404 324.572 429.904 497.467 467.944 505.545 703.739 -9999 -9999 -9999 -9999 -9999 -9999 -9999 -9999 -9999 -9999 -9999 -9999 -9999 -9999 -9999 -9999 -9999 -9999 -9999 -9999 -9999 -9999 -9999 -9999 -9999 -9999 -9999 -9999 -9999 -9999 -9999 -9999 -9999
-9999 -9999 -9999 -9999 -9999 -9999 -9999 -9999 -9999 -9999 -9999 -9999 187.377 455.711 995.379 1285.14 640.979 518.939 529.15 459.285 527.633 385.872 542.436 1468.57 3431.79 2285.28 644.641 641.643 1593.59 750.042 940.265 581.046 548.665 366.05 596.62 363.728 329.445 438.01 691.502 422.562 394.678 638.815 -9999 -9999 -9999 -9999 -9999 -9999 -9999 -9999 -9999 -9999 -9999 -9999 -9999 -9999 -9999 -9999 -9999 -9999 -9999 -9999 -9999 -9999 -9999 -9999 -9999 -9999 -9999 -9999 -9999 -9999 -9999 -9999 -9999
-9999 -9999 -9999 -9999 -9999 -9999 -9999 -9999 189.137 252.729 389.605 557.319 614.652 879.443 626.276 506.409 547.402 819.807 648.675 993.822 366.307 1079.26 702.312 2018.7 4241.87 2911.5 875.464 1219.91 615.537 494.135 984.455 1023.48 383.094 444.025 526.689 497.225 337.389 747.593 855.928 710.129 1302.17 1868.36 -9999 -9999 -9999 -9999 -9999 -9999 -9999 -9999 -9999 -9999 -9999 -9999 -9999 -9999 -9999 -9999 -9999 -9999 -9999 -9999 -9999 -9999 -9999 -9999 -9999 -9999 -9999 -9999 -9999 -9999 -9999 -9999 -9999
-9999 -9999 -9999 -9999 -9999 -9999 -9999 -9999 369.316 400.73 343.077 336.955 464.134 494.529 576.782 675.526 949.309 694.689 682.463 490.987 672.467 752.81 755.87 2620.29 4527.85 3568.3 2112.92 979.22 1111.58 746.922 440.101 465.826 364.744 639.395 479.131 511.68 348.804 429.853 516.931 651.93 573.031 1690.13 -9999 -9999 -9999 -9999 -9999 -9999 -9999 -9999 -9999 -9999 -9999 -9999 -9999 -9999 -9999 -9999 -9999 -9999 -9999 -9999 -9999 -9999 -9999 -9999 -9999 -9999 -9999 -9999 -9999 -9999 -9999 -9999 -9999
-9999 -9999 -9999 521.606 352.534 1600.86 538.563 506.604 850.889 389.062 548.53 277.854 1034.58 1474.78 1326.75 823.77 1469.43 606.695 486.354 455.465 633.981 629.54 1660.77 3109.08 2942.2 3791.64 2892.09 693.084 1104.81 910.558 350.675 311.123 554.446 822.617 582.189 469.609 507.734 432.572 550.308 393.693 567.072 1081.25 1468.47 3506.43 -9999 -9999 -9999 -9999 -9999 -9999 -9999 -9999 -9999 -9999 -9999 -9999 -9999 -9999 -9999 -9999 -9999 -9999 -9999 -9999 -9999 -9999 -9999 -9999 -9999 -9999 -9999 -9999 -9999 -9999 -9999
-9999 202.946 558.637 516.625 669.014 984.231 538.104 417.107 463.845 680.765 513.941 815.665 962.741 552.373 1192.96 852.399 1026.55 470.14 441.099 633.941 684.733 2083.13 2407.69 2037.94 977.488 1848.58 2182.35 1134.02 489.634 845.153 313.29 391.6 321.296 364.623 413.778 382.859 283.046 265.039 384.49 452.11 614.227 682.623 1855.25 3215.85 720.357 255.655 -9999 -9999 -9999 -9999 -9999 -9999 -9999 -9999 -9999 -9999 -9999 -9999 -9999 -9999 -9999 -9999 -9999 -9999 -9999 -9999 -9999 -9999 -9999 -9999 -9999 -9999 -9999 -9999 -9999
-9999 705.599 581.824 424.497 447.008 378.948 550.362 611.006 651.282 772.166 751.133 883.833 555.412 493.062 264.209 608.166 620.842 360.1 416.869 550.408 1309.75 2704.79 1703.9 906.316 1239.61 342.197 412.301 533.136 497.676 894.62 569.448 553.582 293.038 780.314 608.424 366.857 326.474 348.04 401.604 530.133 634.631 643.126 2410.61 2068.41 533.904 607.769 786.652 -9999 -9999 -9999 -9999 -9999 -9999 -9999 -9999 -9999 -9999 -9999 -9999 -9999 -9999 -9999 -9999 -9999 -9999 -9999 -9999 -9999 -9999 -9999 -9999 -9999 -9999 -9999 -9999
-9999 672.415 469.126 1463.06 926.76 407.517 407.547 457.593 1303.39 1948.79 852.229 2033.78 66.4474 151.519 136.241 1001.98 1499.9 635.953 981.458 845.8 862.387 859.899 1038.17 638.905 819.837 342.047 411.108 532.524 755.253 1263.86 824.621 559.511 397.463 468.895 415.402 506.103 367.145 494.552 381.422 843.781 608.081 982.564 1700.25 777.045 1032.46 1344.54 676.925 -9999 -9999 -9999 -9999 -9999 -9999 -9999 -9999 -9999 -9999 -9999 -9999 -9999 -9999 -9999 -9999 -9999 -9999 -9999 -9999 -9999 -9999 -9999 -9999 -9999 -9999 -9999 -9999
-9999 -9999 -9999 2399.87 1330.61 342.142 858.106 1275.75 1631.86 2081.1 1228.29 2043.3 70.7107 0 0 2205.96 1954.14 519.22 547.164 542.467 1081.85 1485.57 535.842 413.321 451.262 559.739 568.196 670.996 669.124 657.502 529.112 381.21 299.089 345.71 411.88 383.836 354.329 359.196 463.681 333.117 514.494 1206.93 453.127 305.777 517.894 422.25 377.634 126.381 0 -9999 -9999 -9999 -9999 -9999 -9999 -9999 -9999 -9999 -9999 -9999 -9999 -9999 -9999 -9999 -9999 -9999 -9999 -9999 -9999 -9999 -9999 -9999 -9999 -9999 -9999
-9999 -9999 -9999 -9999 901.098 394.143 1170.41 3336.32 2928.27 1204.93 1074.19 2127.13 1857.11 2240.52 1341.1 256.147 770.999 367.414 446.995 471.334 643.157 1406.38 524.972 962.849 1279.24 638.022 644.533 940.735 716.638 844.781 983.274 373.474 307.029 473.633 404.151 595.415 412.663 531.458 545.205 736.69 315.06 420.285 514.603 469.564 581.777 460.953 549.878 500 -9999 -9999 -9999 -9999 -9999 -9999 -9999 -9999 -9999 -9999 -9999 -9999 -9999 -9999 -9999 -9999 -9999 -9999 -9999 -9999 -9999 -9999 -9999 -9999 -9999 -9999 -9999
-9999 -9999 -9999 -9999 294.407 406.826 457.861 1767.36 1561.49 712.717 900.416 905.168 644.019 1711.63 1027.74 473.485 922.921 571.754 611.443 1368.14 1313.44 586.666 810.021 990.121 775.027 667.034 388.923 865.974 887.82 540.299 562.161 340.542 416.897 445.306 400.511 556.555 429.555 499.364 380.012 346.777 324.401 1156.38 1343.41 932.396 344.616 550.784 789.288 163.912 -9999 -9999 -9999 -9999 -9999 -9999 -9999 -9999 -9999 -9999 -9999 -9999 -9999 -9999 -9999 -9999 -9999 -9999 -9999 -9999 -9999 -9999 -9999 -9999 -9999 -9999 -9999
-9999 -9999 -9999 -9999 881.473 1196.98 842.948 586.408 1080.11 685.795 1240.02 780.624 613.729 1070.54 886.819 502.276 1120.41 947.539 846.336 868.492 2035.14 1175.7 511.78 847.105 444.469 751.653 732.886 539.613 1258.51 1091.99 854.809 470.59 339.87 515.02 546.188 508.812 427.544 335.079 428.379 386.584 752.478 1286.26 502.499 482.606 1094.94 515.166 661.137 45.4545 -9999 -9999 -9999 -9999 -9999 -9999 -9999 -9999 -9999 -9999 -9999 -9999 -9999 -9999 -9999 -9999 -9999 -9999 -9999 -9999 -9999 -9999 -9999 -9999 -9999 -9999 -9999
-9999 -9999 -9999 -9999 551.025 708.239 834.787 1082.3 563.391 585.82 766.099 479.606 482.901 675.958 691.256 926.594 575.456 586.806 941.279 1181.89 855.014 606.253 582.908 1573.55 603.565 1298.3 1117.05 900.889 497.016 1088.95 388.209 472.479 479.044 279.41 459.431 777.027 343.277 449.608 391.169 417.927 444.61 662.387 787.136 1844.83 2170.76 1476.42 2440.42 4786.07 -9999 -9999 -9999 -9999 -9999 -9999 -9999 -9999 -9999 -9999 -9999 -9999 -9999 -9999 -9999 -9999 -9999 -9999 -9999 -9999 -9999 -9999 -9999 -9999 -9999 -9999 -9999
-9999 -9999 -9999 -9999 282.843 252.371 491.486 575.501 335.233 510.14 458.8 863.935 774.713 546.314 1015.62 1261.92 1037.26 1121.55 700.418 683.273 392.213 809.601 685.968 1028.24 409.917 340.181 478.606 839.324 662.152 541.289 501.556 576.322 379.23 442.402 610.74 671.78 470.002 378.251 531.634 562.771 523.352 659.116 543.544 756.962 1304.23 1934.79 3096.13 4670.94 -9999 -9999 -9999 -9999 -9999 -9999 -9999 -9999 -9999 -9999 -9999 -9999 -9999 -9999 -9999 -9999 -9999 -9999 -9999 -9999 -9999 -9999 -9999 -9999 -9999 -9999 -9999
