public/models/data/input/map/sulsel/2500/mapdset.asc
NCOLS 199
NROWS 249
XLLCORNER -95260.364462
YLLCORNER 9791291.912663
CELLSIZE 2500.000000
NODATA_VALUE       -9999
[rows 0 to 32 of 249, columns 75 to 149 of 199]
-9999 -9999 -9999 -9999 -9999 -9999 -9999 -9999 -9999 -9999 -9999 -9999 -9999 -9999 -9999 -9999 -9999 -9999 -9999 -9999 -9999 -9999 -9999 -9999 -9999 -9999 -9999 -9999 -9999 -9999 -9999 -9999 -9999 -9999 -9999 -9999 -9999 -9999 -9999 -9999 -9999 -9999 -9999 -9999 -9999 -9999 27324.3 27972.1 27905.7 -9999 -9999 -9999 -9999 -9999 -9999 -9999 -9999 -9999 -9999 -9999 -9999 -9999 -9999 -9999 -9999 -9999 -9999 -9999 -9999 -9999 -9999 -9999 -9999 -9999 -9999
-9999 -9999 -9999 -9999 -9999 -9999 -9999 -9999 -9999 -9999 -9999 -9999 -9999 -9999 -9999 -9999 -9999 -9999 -9999 -9999 -9999 -9999 -9999 -9999 -9999 -9999 -9999 -9999 -9999 -9999 -9999 -9999 -9999 -9999 -9999 -9999 -9999 -9999 -9999 -9999 -9999 -9999 -9999 -9999 -9999 -9999 24570.5 25647.2 26507.6 26590.6 -9999 -9999 -9999 -9999 -9999 -9999 -9999 -9999 -9999 -9999 -9999 -9999 -9999 -9999 -9999 -9999 -9999 -9999 -9999 -9999 -9999 -9999 -9999 -9999 -9999
-9999 -9999 -9999 -9999 -9999 -9999 -9999 -9999 -9999 -9999 -9999 -9999 -9999 -9999 -9999 -9999 -9999 -9999 -9999 -9999 -9999 -9999 -9999 -9999 -9999 -9999 -9999 -9999 -9999 25550.8 26068 -9999 -9999 -9999 -9999 -9999 -9999 -9999 -9999 -9999 -9999 -9999 -9999 -9999 -9999 20256.8 22065.4 23055.4 24063.1 25228.8 26070.3 -9999 -9999 -9999 -9999 -9999 -9999 -9999 -9999 -9999 -9999 -9999 -9999 -9999 -9999 -9999 -9999 -9999 -9999 -9999 -9999 -9999 -9999 -9999 -9999
-9999 -9999 -9999 -9999 -9999 -9999 -9999 -9999 -9999 -9999 -9999 -9999 -9999 -9999 -9999 -9999 -9999 -9999 -9999 -9999 -9999 -9999 -9999 -9999 -9999 -9999 -9999 22658 23095.4 24622.8 25423.4 25166.5 22345.2 20983.8 19662.9 -9999 -9999 -9999 -9999 -9999 -9999 -9999 -9999 -9999 -9999 18418.5 19541.5 20623.7 21786.2 23689.7 25415.7 26178.9 -9999 -9999 -9999 -9999 -9999 -9999 -9999 -9999 -9999 -9999 -9999 -9999 -9999 -9999 -9999 -9999 -9999 -9999 -9999 -9999 -9999 -9999 -9999
-9999 -9999 -9999 -9999 -9999 -9999 -9999 -9999 -9999 -9999 -9999 -9999 -9999 -9999 -9999 -9999 -9999 -9999 -9999 -9999 -9999 -9999 -9999 -9999 -9999 -9999 -9999 20072.2 21047.1 22154.5 23135.3 23578.5 21678.7 19540.5 18242.9 15170.2 -9999 -9999 -9999 -9999 -9999 -9999 -9999 -9999 -9999 16083.4 16993.9 18244.1 20069.9 22043 24360.9 25905.7 -9999 -9999 -9999 -9999 -9999 -9999 -9999 -9999 -9999 -9999 -9999 -9999 -9999 -9999 -9999 -9999 -9999 -9999 -9999 -9999 -9999 -9999 -9999
-9999 -9999 -9999 -9999 -9999 -9999 -9999 -9999 -9999 -9999 -9999 -9999 -9999 -9999 -9999 -9999 -9999 -9999 -9999 -9999 -9999 -9999 -9999 17173.9 17480.8 -9999 15696.3 17593.2 18622.3 19722.5 20703.3 21666 20565.9 18122.4 16094.8 14451.3 13037.4 11481.9 -9999 7729.3 7384.93 7126.84 7062.1 -9999 -9999 13561 14705.4 16629.2 18494 20923.4 23355.4 25667.9 26581.2 -9999 -9999 -9999 -9999 -9999 -9999 -9999 -9999 -9999 -9999 -9999 -9999 -9999 -9999 -9999 -9999 -9999 -9999 -9999 -9999 -9999 -9999
-9999 -9999 -9999 -9999 -9999 -9999 -9999 -9999 -9999 -9999 -9999 -9999 -9999 -9999 -9999 -9999 -9999 -9999 -9999 -9999 -9999 15882.7 15783.6 15289.3 14028.3 12806.6 13875.8 15047.4 16030.3 17130.5 18151.1 19783.9 19459.6 16956.2 14604.7 12438.3 11155 9951.69 8561.39 7093.57 6105.44 5819.26 6163.52 6354.86 8130.95 11183.4 12963.8 14964 17290.2 19849.7 22281.7 24866.4 26856.6 28008 -9999 -9999 -9999 -9999 -9999 -9999 -9999 -9999 -9999 -9999 -9999 -9999 -9999 -9999 -9999 -9999 -9999 -9999 -9999 -9999 -9999
-9999 -9999 -9999 -9999 -9999 -9999 -9999 -9999 -9999 -9999 -9999 -9999 -9999 -9999 -9999 -9999 -9999 -9999 -9999 -9999 -9999 14808.2 14063.7 12991.9 11978 11096.7 11607.8 12681.5 13662.3 14794.7 16329.2 18700.5 18477.4 15970.4 13543.4 11049.8 9087.53 7712.78 6692.27 5243.55 3788.44 3471.29 4024.85 5365.76 7291.16 9617.69 11426.1 13876.9 16308.9 18868.9 21300.9 23892.9 26251.3 28253.3 28779.2 -9999 -9999 -9999 -9999 -9999 -9999 -9999 -9999 -9999 -9999 -9999 -9999 -9999 -9999 -9999 -9999 -9999 -9999 -9999 -9999
-9999 -9999 -9999 -9999 -9999 -9999 -9999 -9999 -9999 -9999 -9999 -9999 -9999 -9999 -9999 -9999 -9999 -9999 -9999 -9999 -9999 12912.2 11519.8 10335.9 9328.54 8466.74 8951.84 10025.5 11038.5 12802.2 15084.6 17602.5 17408.9 14905.1 12474.9 9907.59 7571.23 5218.75 4072.79 3638.17 1754.86 958.395 1727.75 3859.61 5860.49 7907.09 10184.8 12776.7 15208.7 17768.7 20200.7 22792.7 25160.7 27786.7 29358.2 -9999 -9999 -9999 -9999 -9999 -9999 -9999 -9999 -9999 -9999 -9999 -9999 -9999 -9999 -9999 -9999 -9999 -9999 -9999 -9999
-9999 -9999 -9999 -9999 -9999 -9999 -9999 -9999 -9999 -9999 -9999 -9999 -9999 -9999 -9999 -9999 -9999 -9999 -9999 16187.6 14524.5 12170.9 9921.81 8042.23 6960.89 6098.74 6583.84 7697.27 9224.24 11735.7 14102.2 16647.4 16644.8 14163.5 11761.8 9244.84 6648.85 3874.35 1917.45 2183.34 2083.33 1026.8 747.322 2515.97 4321.09 6835.93 9203.9 11795.9 14227.9 16787.9 19219.9 21811.9 24179.9 26835.9 29146.2 30754.2 31189.9 -9999 -9999 -9999 -9999 -9999 -9999 -9999 -9999 -9999 -9999 -9999 -9999 -9999 -9999 -9999 -9999 -9999 -9999
-9999 -9999 -9999 -9999 -9999 -9999 -9999 -9999 -9999 -9999 -9999 -9999 -9999 -9999 -9999 -9999 -9999 -9999 17039.2 16081.2 13812 11156 8788 6248.3 4467.92 3506.76 4024.4 5741.29 8006.25 10660.5 13028.5 15610.8 16330.5 14015.4 11573.9 8940.07 6495.14 3845.68 1775.44 2047.89 3774.79 2888.64 998.276 1210 3378.06 6033.98 8401.98 10994 13426 15986 18418 21010 23378 26034 28402 30881.6 32691.4 -9999 -9999 -9999 -9999 -9999 -9999 -9999 -9999 -9999 -9999 -9999 -9999 -9999 -9999 -9999 -9999 -9999 -9999
-9999 -9999 -9999 -9999 -9999 -9999 -9999 -9999 -9999 -9999 -9999 -9999 -9999 -9999 -9999 -9999 -9999 19043.1 17503.7 15212.5 12851 10195 7827.03 5235.15 2861.59 1221.94 2173.86 4632.75 6998.83 9654.82 12022.8 14614.8 16470.3 14906.8 12462 9866.94 7499.33 5130.9 3881.87 3987.11 5299.32 4363.74 3046.01 2888.34 4173.32 6718.31 9086.26 11678.3 14110.3 16670.5 19102.3 21694.3 24062.3 26718.3 29086.3 31676.5 34057.2 36393 37577.8 -9999 -9999 -9999 -9999 -9999 -9999 -9999 -9999 -9999 -9999 -9999 -9999 -9999 -9999 -9999 -9999
-9999 -9999 -9999 -9999 -9999 -9999 -9999 -9999 -9999 -9999 -9999 -9999 -9999 -9999 -9999 -9999 22803.6 20312.8 18054.2 15462.6 13094.6 10438.6 8070.59 5485.93 3206.95 1278.79 1946.95 4421.54 6762.43 9414.58 11782.6 14374.6 16667.7 15952.9 13520.9 10934.9 8820.16 7390.37 6431.2 6525.66 7347.39 6588.18 5592.62 5653 6552.07 7998.57 10151.7 12738.6 15170.2 17731.4 20162.6 22754.6 25122.6 27779 30146.7 32747 35150.8 36582 35733.7 33987 32449.7 -9999 -9999 -9999 -9999 -9999 -9999 -9999 -9999 -9999 -9999 -9999 -9999 -9999 -9999
-9999 -9999 -9999 -9999 -9999 -9999 -9999 -9999 -9999 -9999 -9999 -9999 -9999 -9999 27944 26611.8 23909 21492.9 19061.9 16469.9 14101.9 11445.9 9081.13 6623.08 4691.1 3555.15 3830.14 5470.65 7717.73 10370.6 12738.6 15330.6 17633.8 16957.9 14527.2 12216.4 10928.9 9820.86 8863.2 8957.64 9703.68 8944.13 8024.6 8069.56 8505.02 9985.66 11392.1 13746.1 16178 18738 21170 23762 26130 28865.2 31195.3 33747.4 35248.6 34567.5 33547.7 32353.4 30939.3 -9999 -9999 -9999 -9999 -9999 -9999 -9999 -9999 -9999 -9999 -9999 -9999 -9999 -9999
-9999 -9999 -9999 -9999 -9999 -9999 -9999 -9999 -9999 -9999 -9999 -9999 -9999 32965 29794.7 27561.1 25127.8 22567.6 20135.6 17543.6 15175.6 12528.7 10293.3 8256.28 7086.22 6139.36 6402.66 7500.37 8949.55 11444.1 13812.2 16404.2 18707.5 18039.9 15882.1 14497.3 13513 12412.8 11455.2 11549.6 12277.4 11532.7 10616.6 10661.6 11072.5 12195.6 13503.7 15057.7 17256.7 19811.6 22243.6 24835.6 27203.6 29868.2 32234.9 34561 33806.1 32025.4 30955.3 29882.4 28895.2 27648.3 25914.2 24526.4 22937.6 22945.8 22948 23764.3 23314.4 22491.2 22979.7 23815.8 24406.9 24652.7 -9999
-9999 -9999 -9999 -9999 -9999 -9999 -9999 -9999 -9999 -9999 -9999 -9999 -9999 33444 31127.4 28540.4 26108.4 23548.4 21116.4 18524.4 16156.8 13637.8 11747.3 10460.7 9452.8 8507.36 8770.66 9842.64 10845.7 12610.9 14795 17385.1 19689.5 19274 17943.3 16861.8 15881 14780.8 13823.2 13917.6 14645.4 13900.7 12984.6 13029.6 13440.5 14482 15543.4 16977.7 18451.2 20792.5 23224.5 25816.5 28181.2 30827.2 33214.8 34723 32794.6 30314.1 28631.6 27514.4 26533.6 25433.4 24443.4 23267.2 22237.3 21301.4 20790.9 21551 21114.5 20529.3 21307.4 22375.3 23332.5 24143.7 24428.5
-9999 -9999 -9999 -9999 -9999 -9999 -9999 -9999 -9999 -9999 -9999 -9999 -9999 34462.2 32232.6 29640.6 27208.6 24648.6 22216.6 19633.7 17394 15314 14190.3 13116.2 12108.8 11163.4 11426.7 12498.6 13479.5 14713.2 16170.2 18487.4 20874.3 21565.5 20591.4 19517.8 18537 17436.8 16479.2 16573.6 17301.4 16556.7 15640.6 15685.6 16096.5 17137 18117.8 19265 20609.3 22136.2 24327.6 26916.7 29283.5 31941.8 34401.5 34343.8 31814.7 29170.9 26744.9 24914.9 23877.6 22777.4 21796.5 20722.9 19715.5 18657 18134.9 18895 18458.5 17875.9 18652.3 19725.9 20733.3 21790.4 22732.7
-9999 -9999 -9999 -9999 -9999 -9999 -9999 -9999 -9999 -9999 -9999 -9999 -9999 35478.9 33213.5 30621.5 28189.5 25629.5 23200.6 20747.1 18851.2 17539.1 16557.8 15484.2 14476.8 13531.4 13794.7 14866.6 15847.5 16952.7 18067.7 19691.9 21804 22482.1 21760.1 21552.9 20877.1 19804.9 18847.2 18941.6 19669.4 18924.7 18008.6 18053.6 18464.5 19505 20485.8 21560.4 22650.3 24065.7 25535.6 27898.5 30265.3 32807.4 34641.2 33281.2 31356.1 28482.4 25879.4 23237.2 21566.1 20409.4 19428.5 18354.9 17347.5 16289 15766.9 16527 16090.5 15507.9 16284.3 17357.9 18365.3 19425.7 20433.1
-9999 -9999 -9999 -9999 -9999 -9999 -9999 -9999 -9999 -9999 -9999 -9999 -9999 35969.7 34248.7 31695.1 29263.1 26710.4 24408.2 22375.8 21233.7 20130.6 19149.8 18076.1 17068.8 16123.4 16386.7 17458.6 18439.5 19539.6 20483.6 21250.3 21199.6 20262.1 19603.5 20377.8 21272.2 21669.7 21307 21506.6 22217.1 21516.4 20600.6 20645.6 21056.5 22097 23077.8 24151.5 25158.9 26297.6 27640.5 29176.3 30816.9 31664.6 32572.3 32024.4 29644.6 27116.4 24790.6 22298.9 19722.6 17861 16835.9 15762.9 14755.5 13697 13174.9 13935 13498.5 12915.9 13692.3 14765.9 15773.3 16834.7 17963.1
-9999 -9999 -9999 -9999 -9999 -9999 -9999 -9999 -9999 -9999 -9999 -9999 -9999 35731.1 34218.1 32564.2 30254.7 27851.6 25915.6 24645.1 23662.8 22562.6 21581.8 20508.1 19500.8 18555.4 18818.7 19889.6 20799.3 21225.6 20814.5 19888 18889.2 17830.1 17171.5 17946.5 18927.3 20025.2 20950.5 21733.6 22295.9 22891.3 22801.1 22835.8 22948.4 23501 24477.9 25551.5 26557.5 27343.4 28319.5 29208.6 29105.8 29239.5 30157.2 30609.1 28631.5 26206.1 23579 21254.5 18679.2 16104 14463.2 13330.9 12323.5 11265 10742.9 11503 11066.5 10483.9 11260.3 12334 13341.4 14538.6 16222.1
-9999 -9999 -9999 -9999 -9999 -9999 -9999 -9999 -9999 -9999 -9999 -9999 -9999 -9999 -9999 32545.7 31256.2 29365.6 28277.8 27203.7 26222.8 25122.6 24141.8 23068.1 22072.2 21115.1 21377.5 22040.2 20935.4 19435.9 18411.4 17336.6 16329.2 15270.1 14611.5 15386.5 16367.3 17467.5 18448.3 19289.4 19831.9 20880.7 21869.3 21826.3 21334 21423.1 22397.4 23471 24476.3 25127.7 26014 26787.8 26557.1 26679.5 27597.4 28583.7 27545 25013.3 22573.1 19983.5 17620.7 14964.7 12649.8 10823.8 9763.74 8705 8182.93 8942.98 8506.47 7923.94 8700.32 9775 10918.2 12823.3 14234.5
-9999 -9999 -9999 -9999 -9999 -9999 -9999 -9999 -9999 -9999 -9999 -9999 -9999 -9999 -9999 -9999 -9999 31617.3 30709.3 29635.7 28654.8 27554.6 26573.8 25500.1 24513.9 23552.3 23512.8 22139 19810.2 17374.2 15997.2 14904.6 13897.2 12838.1 12179.5 12954.5 13935.3 15035.5 16023.9 16908 17399.9 18448.7 19438.7 19394.9 18902 18991.1 19965.4 21039 22044.3 22695.7 23582 24355.8 24125.1 24247.5 25172 26834.9 26558.9 23995.7 21573.3 18981.3 16613.3 13957.3 11589.3 9067.08 7384.49 6273.01 5750.93 6510.98 6074.47 5491.95 6268.38 7471.54 9293.34 11093.7 12022.8
-9999 -9999 -9999 -9999 -9999 -9999 -9999 -9999 -9999 -9999 -9999 -9999 -9999 -9999 -9999 -9999 -9999 33867.9 33301.3 32227.7 31246.8 30146.6 29165.8 28088.5 27000.9 25880.6 23930.6 21102.3 18740.6 16079.4 13890.5 12336.3 11307.6 10246.1 9587.49 10362.5 11343.3 12465.6 13820.9 14528 14807.9 15856.7 16846.7 16802.9 16310 16399.1 17373.4 18447 19452.3 20103.7 20990 21763.8 21533.1 21655.5 22558.9 23168.9 23872.5 22913 20499.7 17907.7 15539.7 12883.7 10515.7 7923.69 5544.84 3740.7 3162.11 4106.86 3567.41 2901.47 3815.84 5752.74 7442.69 9236.79 9629.85
-9999 -9999 -9999 -9999 -9999 -9999 -9999 -9999 -9999 -9999 -9999 -9999 -9999 -9999 -9999 -9999 -9999 35831.7 35652.7 34595.7 33614.8 32513.9 31430.9 29743.2 27646.2 25453.9 22847.4 20115.2 17751.2 15095.2 12730.5 10363.1 8949.91 7878.09 7219.49 7994.48 8977.21 10477.8 12026.3 12190.7 12439.9 13488.7 14478.7 14434.9 13942 14031.1 15005.4 16079 17084.3 17735.7 18622 19395.8 19165.1 19287.5 20205.4 21279 22266.4 21885.6 19553.6 16961.6 14593.6 11937.6 9569.63 6977.63 4545.63 2068.57 1089.54 2652.59 1912.36 771.122 2249.89 3997.14 5817.68 7750.62 7490.26
-9999 -9999 -9999 -9999 -9999 -9999 -9999 -9999 -9999 -9999 -9999 -9999 -9999 -9999 -9999 -9999 -9999 38512.9 38214.9 37196.2 35902.1 33892.2 31625.8 29035.1 26603.1 24068.4 21615 19015.4 16651.1 13995.1 11627.1 9036.69 6777.48 5242.02 4563.49 5360.61 6721.61 8502.75 9855.56 9538.7 9783.91 10832.7 11822.8 11778.9 11286 11375.1 12349.4 13423 14429.7 15081 15966 16739.8 16509.1 16631.5 17549.4 18623 19630.4 20367.4 18787.3 16196.6 13828.6 11172.6 8804.98 6240.34 3858.22 1349.55 476.329 1038.95 828.108 995.384 780.48 2335.46 4694.12 5575.1 5132.54
-9999 -9999 -9999 -9999 -9999 -9999 -9999 -9999 -9999 -9999 -9999 -9999 -9999 -9999 -9999 -9999 -9999 39038.1 39320.8 38651.7 35900.4 33013.8 30646.2 28054.2 25622.6 23069.2 20629.9 18038.2 15670.2 13014.2 10646.2 8054.22 5626.06 3289.25 2215.59 3383.75 4954.62 6858.19 7985.05 7170.7 7415.91 8466.41 9510.83 9413.1 8918.03 9007.15 9981.37 11057.8 12225.8 12737.4 13598 14371.8 14141.1 14263.5 15181.4 16255 17262.4 18272.4 17737 15221 12853 10197.1 7829.06 5245.5 3024.24 1068.79 1206.16 1321.58 1068.54 671.119 1185.72 2689.69 4377.8 3423.85 2795.35
-9999 -9999 -9999 -9999 -9999 -9999 -9999 -9999 -9999 -9999 -9999 -9999 -9999 -9999 -9999 -9999 -9999 -9999 -9999 -9999 -9999 32084.2 30040 27546.1 25129.7 22537.5 20114.9 17522.9 15154.9 12498.9 10130.9 7541.44 5109.44 2589.65 1124.02 1635.67 3157.06 5624 5682.88 4578.7 4824.77 6063.85 7347.8 6822.43 6326.03 6414.9 7394.57 8766.53 10239 10153.2 11006 11779.8 11549.1 11671.5 12589.4 13663 14672.4 15815.7 16422.7 14491 12130.4 9476.28 7108.28 4516.28 2095.12 334.862 1094.88 1697.27 1803.31 1142.21 1117.58 1762.11 3445.33 2126.03 834.573
-9999 -9999 -9999 -9999 -9999 -9999 -9999 -9999 -9999 -9999 -9999 -9999 -9999 -9999 -9999 -9999 -9999 -9999 -9999 -9999 -9999 32039.7 30010.9 28262 25839.3 23275.1 20844 18254.2 15964.6 13393.1 11025.6 8456.53 6040.14 4047.36 2519.21 1371.6 2994.74 5163.42 4172.38 2245.26 2560.02 4566.07 5228.24 4390.48 3894.03 3986.9 5226.79 7377.61 8067.96 7726.57 8574.06 9347.78 9117.13 9239.48 10157.4 11233 12318.9 13689.7 14714.9 13728 12291 9858.76 7490.77 4898.77 2493.63 555.893 484.998 517.662 907.131 2228 969.167 1315.01 3380 3067.17 1773.84
-9999 -9999 -9999 -9999 -9999 -9999 -9999 -9999 -9999 -9999 -9999 -9999 -9999 -9999 -9999 -9999 -9999 -9999 -9999 -9999 -9999 -9999 28745.7 27652.3 25242.5 22682.5 20250.5 17658.8 15371.3 13455.6 11780.1 9484.44 7643.69 6027.31 4371.42 3637.94 4482.08 4318.98 2749.66 1367.1 1789.36 3530.27 2755.65 1962.81 1406.94 1795.13 3896.89 5768.85 5523.37 5183.17 6021.56 6806.75 6546.68 6679.48 7599.96 8758.2 10072.2 11717.7 12262.7 11322.8 11045.4 10555.5 8320.19 5781.35 3812.13 2021.73 1902.84 1720.04 1507.69 3292.8 3203.24 3379.78 4695.04 5198.98 4068.05
-9999 -9999 -9999 -9999 -9999 -9999 -9999 -9999 -9999 -9999 -9999 -9999 -9999 -9999 -9999 -9999 -9999 -9999 -9999 -9999 -9999 -9999 28214.8 26666.9 24235.2 21675.2 19243.2 16651.2 14283.2 11756.6 10271.5 9096.84 8041.19 7298.12 6686.36 6046.51 5811.26 3490.71 1304.51 1629.32 2925.5 2925.48 1194.78 985.325 812.961 1944.34 3882.78 4001.74 2798.27 2676.58 3760.53 4454.89 4051.93 4248.02 5241.84 6634 8213.5 9427.43 9865.98 8890.8 8650.55 9342.72 7782.5 5243.22 3438.54 2710.42 3435.91 3914.78 3761.48 4943.55 5589.35 5839.15 6532.9 6276.44 4188.95
-9999 -9999 -9999 -9999 -9999 -9999 -9999 -9999 -9999 -9999 -9999 -9999 -9999 -9999 -9999 -9999 -9999 -9999 -9999 -9999 -9999 -9999 27018.6 25579.6 23161.5 20601.5 18169.5 15577.5 13209.5 10553.7 8282.29 6607.26 5598.33 5702.21 6711.92 7603.21 6174.81 3524.87 1312.79 1196.32 1399.55 1380.95 2331.15 2882.92 3096.79 3544.11 3234.42 2531.6 890.66 586.826 1651.27 2141.98 1503.09 1710.18 2973.53 4630.03 5799.08 7407.73 7395.35 6298.8 6058.56 7060.84 6769.06 4361.58 1968.04 817.71 2546.39 4948.63 6231.45 7371.3 8083.7 7818.33 6159.67 4450.26 3813.2
-9999 -9999 -9999 -9999 -9999 -9999 -9999 -9999 -9999 -9999 -9999 -9999 -9999 -9999 -9999 -9999 -9999 -9999 -9999 -9999 -9999 27221.3 26519.6 24609.7 22180.7 19620.7 17188.7 14596.7 12228.7 9572.68 7204.86 4742.14 3251.59 3367.33 4991.64 7122.05 6260.83 3627.6 1726 1434.16 376.511 1300.95 3296.52 4947.33 4862.95 2925.4 1159.27 953.494 1311.57 714.519 476.863 1500.56 735.023 445.635 1568.2 2413.74 4058.82 6286.21 5595.65 3947.86 3690.65 5031.61 6567.44 5059.58 2857.21 1312.68 2852.48 5610.67 7832.39 9705.31 10233.9 8596.19 6266.24 3712.66 1217.94
-9999 -9999 -9999 -9999 -9999 -9999 -9999 -9999 -9999 -9999 -9999 -9999 -9999 -9999 -9999 -9999 -9999 -9999 -9999 -9999 30749.4 28999.5 26603.9 23952 21557.7 18761.4 16318.8 13726.8 11358.8 8702.83 6334.84 3742.84 1473.19 1644.57 3967.69 6527.94 7153.47 5195.09 3998.42 2163.72 1194.1 1296.38 2351.82 4828.23 5348.63 2890.42 1018.15 418.765 1093.14 365.447 998.653 2148.78 1584.15 1115.76 952.962 1029.62 3245.93 5515.7 4552.73 2042.6 1507.1 3853.12 6128.08 6163.02 6039.09 3361.91 3361.91 7618.98 9016.58 12120.8 12037 10278.7 7964.2 7901.14 2429.08
