public/models/data/input/map/sulsel/2500/mapdem.asc
NCOLS 199
NROWS 249
XLLCORNER -95260.364462
YLLCORNER 9791291.912663
CELLSIZE 2500.000000
NODATA_VALUE       -9999
[rows 66 to 98 of 249, columns 75 to 149 of 199]
-9999 -9999 -9999 -9999 -9999 232.077 463.691 1011.24 1152.3 872.292 827.209 940.078 1298.81 1133.34 930.697 754.563 364.31 948.802 623.983 836.566 619.584 588.328 489.222 509.894 701.227 1001.08 1182.49 1441.12 2089.89 2266.9 2653.65 2911.03 2423.87 1881.77 1331.78 1052.89 662.37 798.349 698.536 491.095 403.794 299.229 244.875 78.3108 50.6546 34.9918 12.7392 4.31011 3.66202 -9999 -9999 -9999 -9999 -9999 -9999 -9999 -9999 -9999 -9999 -9999 -9999 -9999 -9999 -9999 -9999 -9999 -9999 -9999 -9999 -9999 -9999 -9999 -9999 -9999 -9999
-9999 -9999 -9999 -9999 -9999 133.653 293.367 711.892 963.484 757.299 974.934 786.454 1191.03 1016.58 678.642 509.444 304.345 795.159 459.936 799.582 695.021 500.938 538.362 521.768 643.783 1099.98 1432.94 1541.7 1596.78 1845.9 2516.44 2956.2 2737.07 2072.02 1772.65 1317.8 793.477 1091.76 942.497 694.894 429.028 256.527 329.59 217.862 81.7285 20.353 10.0815 4.53669 3.75161 -9999 -9999 -9999 -9999 -9999 -9999 -9999 -9999 -9999 -9999 -9999 -9999 -9999 -9999 -9999 -9999 -9999 -9999 -9999 -9999 -9999 -9999 -9999 -9999 -9999 -9999
-9999 -9999 -9999 -9999 -9999 45.4473 102.502 413.604 673.724 508.474 880.86 749.946 840.383 1018.19 984.811 611.368 404.788 338.932 285.434 670.076 630.604 708.386 863.515 664.793 752.627 809.132 1194.77 1297.69 1402.57 1778.66 2406.66 2459.92 2597.72 2576.67 2062.89 1431.85 990.666 1032.24 714.563 488.148 290.301 144.932 116.487 221.288 150.268 33.2841 12.6951 3.10753 4.1 -9999 -9999 -9999 -9999 -9999 -9999 -9999 -9999 -9999 -9999 -9999 -9999 -9999 -9999 -9999 -9999 -9999 -9999 -9999 -9999 -9999 -9999 -9999 -9999 -9999 -9999
-9999 -9999 -9999 -9999 -9999 -9999 36.8844 150.688 327.474 361.731 1013.68 1057.78 806.711 609.014 802.476 671.509 320.302 359.571 295.182 552.566 539.723 658.506 1172.21 939.479 923.972 1075.63 1398.99 1663.46 1833 1948.04 2388.92 2058.23 2495.85 2592.12 2432.72 1831.52 1276.61 1216.57 958.036 642.307 374.714 279.642 100.966 74.2991 58.0969 10.5165 3.93709 1.64958 -9999 -9999 -9999 -9999 -9999 -9999 -9999 -9999 -9999 -9999 -9999 -9999 -9999 -9999 -9999 -9999 -9999 -9999 -9999 -9999 -9999 -9999 -9999 -9999 -9999 -9999 -9999
-9999 -9999 -9999 -9999 -9999 -9999 15.2184 75.1389 156.666 282.292 875.488 1106.18 1259.5 879.256 494.74 492.933 219.96 128.338 147.656 395.156 472.338 442.661 968.452 1122.36 892.207 979.502 1130.33 1553.24 1537.46 1985.92 1948.93 1802.1 2185.6 2726.62 2905.52 2235.36 1688.78 1721.08 1298.6 911.009 588.311 430.128 138.563 100.729 75.8255 35.4425 15.1218 0.856369 -9999 -9999 -9999 -9999 -9999 -9999 -9999 -9999 -9999 -9999 -9999 -9999 -9999 -9999 -9999 -9999 -9999 -9999 -9999 -9999 -9999 -9999 -9999 -9999 -9999 -9999 -9999
-9999 -9999 -9999 -9999 -9999 -9999 9.63325 45.9675 71.4462 135.57 461.256 681.944 1077.08 1102.96 897.726 765.178 422.568 104.504 125.078 305.952 328.815 406.476 736.768 956.614 613.333 635.05 709.646 932.004 1343.62 1588.73 1449.09 1938.16 2431.83 2702.3 2639.81 2099.63 1618.44 1830.13 1622.68 1157.39 685.72 356.223 166.736 116.639 94.5329 92.0824 14.9867 1.33333 -9999 -9999 -9999 -9999 -9999 -9999 -9999 -9999 -9999 -9999 -9999 -9999 -9999 -9999 -9999 -9999 -9999 -9999 -9999 -9999 -9999 -9999 -9999 -9999 -9999 -9999 -9999
-9999 -9999 -9999 -9999 -9999 -9999 6.2 10.8218 14.9855 27.4913 156.273 411.592 563.155 860.55 1064.56 823.829 640.117 200.58 98.6617 207.198 317.462 374.958 582.36 655.455 454.645 787.041 914.01 794.614 1013.29 1215.64 1732.74 2045.35 2439.63 2433.74 2124.97 2064.77 1518.33 1641.37 1548.7 979.026 647.679 347.401 187.173 128.812 138.267 62.6675 7.26395 17.1549 5.56 -9999 -9999 -9999 -9999 -9999 -9999 -9999 -9999 -9999 -9999 -9999 -9999 -9999 -9999 -9999 -9999 -9999 -9999 -9999 -9999 -9999 -9999 -9999 -9999 -9999 -9999
-9999 -9999 -9999 -9999 -9999 -9999 -9999 6.82597 7.67999 9.76297 37.5382 93.1824 196.497 431.179 738.957 674.478 455.236 235.963 85.9993 124.565 222.976 452.705 654.206 689.561 416.37 614.27 876.502 970.879 892.484 1469.54 1948.37 2240.97 1925.65 1745.83 1627.72 1816.89 1353.47 1428.5 1492.22 902.612 467.711 346.15 211.233 137.299 117.127 67.1609 29.0521 56.2742 8.41209 -9999 -9999 -9999 -9999 -9999 -9999 -9999 -9999 -9999 -9999 -9999 -9999 -9999 -9999 -9999 -9999 -9999 -9999 -9999 -9999 -9999 -9999 -9999 -9999 -9999 -9999
-9999 -9999 -9999 -9999 -9999 -9999 -9999 8.72019 6.20344 13.4741 22.9115 38.944 113.515 248.345 379.74 303.337 205.031 221.582 120.382 92.6002 243.925 420.157 572.645 495.886 433.696 376.096 666.626 1100.95 1077.01 1296.01 1473.72 1658.39 1547.32 1459.1 1314.73 1556.79 1202.22 1130.28 1347.74 1000.21 576.692 320.305 237.353 255.753 248.856 161.701 112.335 56.0267 4.85081 -9999 -9999 -9999 -9999 -9999 -9999 -9999 -9999 -9999 -9999 -9999 -9999 -9999 -9999 -9999 -9999 -9999 -9999 -9999 -9999 -9999 -9999 -9999 -9999 -9999 -9999
-9999 -9999 -9999 -9999 -9999 -9999 5.05833 4.18611 4.84986 13.7545 71.4429 129.673 306.895 506.711 418.854 174.16 136.951 162.763 117.746 86.1365 190.556 305.279 437.713 570.486 411.283 313.268 503.856 866.208 1047.6 776.5 1094.46 1169.57 1233.97 1255.21 1233.92 1182.49 994.707 915.57 948.197 896.29 636.287 493.427 297.895 314.266 172.812 82.4528 56.536 15.5515 4.41003 -9999 -9999 -9999 -9999 -9999 -9999 -9999 -9999 -9999 -9999 -9999 -9999 -9999 -9999 -9999 -9999 -9999 -9999 -9999 -9999 -9999 -9999 -9999 -9999 -9999 -9999
-9999 -9999 -9999 -9999 -9999 1.02857 3.71652 3.84796 4.533 13.9327 116.661 246.866 349.311 565.816 502.859 241.521 145.554 110.929 93.9129 60.2356 95.988 325.235 343.39 490.601 664.044 383.891 304.195 827.292 891.75 538.018 789.364 657.36 780.875 979.442 1115.8 781.048 849.924 698.592 616.57 520.551 415.613 367.49 271.602 236.302 140.047 96.1578 41.8969 17.9954 9.87044 -9999 -9999 -9999 -9999 -9999 -9999 -9999 -9999 -9999 -9999 -9999 -9999 -9999 -9999 -9999 -9999 -9999 -9999 -9999 -9999 -9999 -9999 -9999 -9999 -9999 -9999
-9999 -9999 -9999 -9999 -9999 2.7985 4.10601 4.18195 4.4673 17.6593 125.837 152.58 199.268 398.692 381.194 274.291 154.066 81.5619 89.7311 44.5721 84.9565 217.326 473.577 413.984 437.024 513.556 319.829 478.444 497.309 378.617 517.664 382.437 572.753 936.423 975.015 610.302 599.158 744.999 662.642 421.364 304.699 322.83 272.09 179.355 166.389 50.5512 25.4844 32.498 12.489 -9999 -9999 -9999 -9999 -9999 -9999 -9999 -9999 -9999 -9999 -9999 -9999 -9999 -9999 -9999 -9999 -9999 -9999 -9999 -9999 -9999 -9999 -9999 -9999 -9999 -9999
-9999 -9999 -9999 -9999 -9999 2.11293 4.50205 4.44515 5.57295 11.2903 44.3825 47.5554 164.54 241.966 177.923 92.8825 44.7133 33.4654 39.5406 38.3781 76.817 227.145 403.586 497.013 274.559 291.343 252.792 277.264 317.907 292.778 284.272 298.534 493.249 676.629 870.427 508.83 406.88 515.875 474.709 535.313 452.577 440.405 249.319 148.728 62.0001 25.1291 31.0459 22.5057 8.34411 0.502703 -9999 -9999 -9999 -9999 -9999 -9999 -9999 -9999 -9999 -9999 -9999 -9999 -9999 -9999 -9999 -9999 -9999 -9999 -9999 -9999 -9999 -9999 -9999 -9999 -9999
-9999 -9999 -9999 -9999 -9999 3.53178 5.70417 5.70345 4.41935 8.16873 12.9614 19.0835 58.445 92.9149 58.2899 27.0581 22.5189 22.1992 34.6074 78.788 93.5493 183.464 214.727 440.451 377.854 208.87 145.932 265.684 181.18 314.422 267.145 207.125 255.608 395.023 600.835 479.233 313.533 346.886 451.122 508.372 501.334 415.401 308.238 116.883 38.9717 20.076 22.7714 30.2431 9.05674 2.65108 -9999 -9999 -9999 -9999 -9999 -9999 -9999 -9999 -9999 -9999 -9999 -9999 -9999 -9999 -9999 -9999 -9999 -9999 -9999 -9999 -9999 -9999 -9999 -9999 -9999
-9999 -9999 -9999 -9999 -9999 4.49989 6.4916 6.077 6.2686 8.49368 12.2876 14.82 11.4631 15.4389 19.1304 20.3893 22.4868 23.155 39.6034 83.5348 88.8798 115.222 123.009 167.757 143.11 117.327 99.6951 235.104 127.623 198.375 275.269 174.903 217.074 308.009 419.244 387.54 362.772 300.829 338.041 389.709 446.305 298.603 152.663 51.0838 16.6182 13.0933 19.5406 17.4762 10.4017 2.99513 -9999 -9999 -9999 -9999 -9999 -9999 -9999 -9999 -9999 -9999 -9999 -9999 -9999 -9999 -9999 -9999 -9999 -9999 -9999 -9999 -9999 -9999 -9999 -9999 -9999
-9999 -9999 -9999 -9999 -9999 0.713541 4.31217 5.5005 6.3542 7.23822 9.13978 11.7372 13.2829 15.1141 18.1341 20.414 23.4595 26.9142 30.448 44.3335 84.2137 113.899 86.2261 78.6274 68.796 93.358 115.617 123.336 98.3367 104.676 186.693 148.514 163.163 186.414 192.475 196.21 192.34 180.359 180.856 191.862 218.803 135.167 55.0502 29.4783 11.6248 13.3255 17.8125 12.331 8.51678 1.69657 -9999 -9999 -9999 -9999 -9999 -9999 -9999 -9999 -9999 -9999 -9999 -9999 -9999 -9999 -9999 -9999 -9999 -9999 -9999 -9999 -9999 -9999 -9999 -9999 -9999
-9999 -9999 -9999 -9999 -9999 -9999 3.07017 4.46216 6.27408 7.5134 7.94605 12.0076 14.4282 18.0311 24.2028 21.562 20.5443 20.5342 21.825 24.4291 38.1695 87.2651 79.1327 68.1358 62.105 76.0143 85.4477 60.2424 69.7813 72.7105 91.7753 78.3744 75.7142 114.732 140.813 133.326 125.751 150.509 183.905 138.832 70.6254 47.5832 32.039 12.4743 8.93058 20.0372 12.1215 5.62324 3.16129 0.229299 -9999 -9999 -9999 -9999 -9999 -9999 -9999 -9999 -9999 -9999 -9999 -9999 -9999 -9999 -9999 -9999 -9999 -9999 -9999 -9999 -9999 -9999 -9999 -9999 -9999
-9999 -9999 -9999 -9999 -9999 -9999 4.96402 4.97307 5.26512 7.0043 9.11215 9.72552 14.5019 15.0011 18.9151 16.6385 17.8724 13.3018 13.6696 19.0776 28.9652 60.3789 68.4213 61.2944 54.5897 58.7653 69.6127 50.2997 44.3181 49.0957 44.7386 58.7232 81.1187 84.0559 111.031 149.383 140.198 165.405 199.545 172.464 102.942 64.2003 48.3383 38.5735 29.657 19.6998 4.47078 0.121644 0.282944 -9999 -9999 -9999 -9999 -9999 -9999 -9999 -9999 -9999 -9999 -9999 -9999 -9999 -9999 -9999 -9999 -9999 -9999 -9999 -9999 -9999 -9999 -9999 -9999 -9999 -9999
-9999 -9999 -9999 -9999 -9999 -9999 -9999 4.76289 5.94094 5.92658 8.15732 8.58117 10.268 14.2065 14.6269 15.4524 14.8993 15.717 11.4966 14.8518 18.8653 32.706 55.1385 56.5791 44.572 43.0867 60.2839 47.9671 32.3483 42.1712 30.0651 43.2066 64.3345 60.2716 99.7545 116.586 147.715 113.903 138.669 157.869 123.26 68.1704 46.0277 43.2029 30.5268 17.1159 5.85289 0.00415225 0 0 0 -9999 -9999 -9999 -9999 -9999 -9999 -9999 -9999 -9999 -9999 -9999 -9999 -9999 -9999 -9999 -9999 -9999 -9999 -9999 -9999 -9999 -9999 -9999 -9999
-9999 -9999 -9999 -9999 -9999 -9999 -9999 7.23314 5.89684 6.39012 6.51928 9.69993 11.3492 13.5942 17.3531 11.2343 10.7797 10.7353 10.6741 12.3449 16.8662 22.8874 36.579 49.7031 51.61 33.4589 33.3896 35.5034 27.5217 26.842 23.2475 28.6989 47.4412 54.0905 70.259 79.034 80.0356 85.9132 109.484 95.4121 61.8887 54.5677 28.9321 10.7712 8.10238 6.63772 3.21517 0 -9999 -9999 -9999 -9999 -9999 -9999 -9999 -9999 -9999 -9999 -9999 -9999 -9999 -9999 -9999 -9999 -9999 -9999 -9999 -9999 -9999 -9999 -9999 -9999 -9999 -9999 -9999
-9999 -9999 -9999 -9999 -9999 -9999 -9999 12.1429 5.18957 5.03888 5.43173 7.93628 9.23223 14.2681 9.54545 6.8912 8.68225 7.60343 8.29502 14.3156 22.417 27.8955 27.8418 33.2831 55.8825 36.9589 22.5874 17.2735 19.0104 16.9172 20.1092 30.6298 43.0095 42.1264 47.8944 74.4723 64.9476 59.5328 83.7376 68.488 36.7704 23.642 14.6012 5.57132 5.74178 7.01695 2.92334 -9999 -9999 -9999 -9999 -9999 -9999 -9999 -9999 -9999 -9999 -9999 -9999 -9999 -9999 -9999 -9999 -9999 -9999 -9999 -9999 -9999 -9999 -9999 -9999 -9999 -9999 -9999 -9999
-9999 -9999 -9999 -9999 -9999 -9999 -9999 -9999 5.90127 4.8513 4.83608 5.85372 7.60028 12.9078 13.6215 8.2509 9.72555 7.28687 7.42048 10.8853 17.2644 23.848 21.8148 25.3051 43.8148 37.4952 19.9421 15.4795 14.7311 14.8784 15.5343 26.1551 46.4286 39.9602 49.4764 80.7957 74.7012 49.1898 76.4108 83.6412 43.5446 33.1788 33.0271 12.7387 8.00453 5.22821 10.4667 -9999 -9999 -9999 -9999 -9999 -9999 -9999 -9999 -9999 -9999 -9999 -9999 -9999 -9999 -9999 -9999 -9999 -9999 -9999 -9999 -9999 -9999 -9999 -9999 -9999 -9999 -9999 -9999
-9999 -9999 -9999 -9999 -9999 -9999 -9999 -9999 1.6704 3.17511 4.6391 4.8412 5.53425 17.5115 22.1416 42.005 90.4782 24.6686 14.3209 10.7959 11.3181 13.7582 15.51 18.6068 26.9284 41.0169 24.5462 14.661 12.978 12.1412 13.2182 17.1588 26.2047 48.4727 80.0719 59.3842 45.6749 56.7402 59.8421 89.0619 83.368 45.7978 21.6879 9.9425 8.5933 16.8234 0 -9999 -9999 -9999 -9999 -9999 -9999 -9999 -9999 -9999 -9999 -9999 -9999 -9999 -9999 -9999 -9999 -9999 -9999 -9999 -9999 -9999 -9999 -9999 -9999 -9999 -9999 -9999 -9999
-9999 -9999 -9999 -9999 -9999 -9999 -9999 -9999 0 1.56921 4.09114 5.68145 7.2777 47.9271 75.6036 97.8287 110.603 78.2318 26.6011 15.2772 9.3896 7.86112 9.63153 12.2696 15.1797 30.4959 20.1952 13.1028 11.0538 12.2567 10.9816 11.1088 21.8665 52.1242 86.2312 86.8815 42.901 46.6589 61.2832 90.3983 83.8522 50.852 26.82 12.0127 6.19788 6.9586 -9999 -9999 -9999 -9999 -9999 -9999 -9999 -9999 -9999 -9999 -9999 -9999 -9999 -9999 -9999 -9999 -9999 -9999 -9999 -9999 -9999 -9999 -9999 -9999 -9999 -9999 -9999 -9999 -9999
-9999 -9999 -9999 -9999 -9999 -9999 -9999 -9999 -9999 4.25587 4.31848 5.41377 11.5548 75.2814 120.219 170.509 206.404 161.958 68.8881 26.0777 9.56818 6.353 6.23065 7.0195 9.46345 26.37 15.1731 11.7913 11.2974 10.7622 10.6676 11.115 22.0503 49.0544 73.2906 87.7091 46.5403 29.6108 26.7339 47.7107 42.0983 34.9607 21.7393 11.0532 4.09391 13.6 -9999 -9999 -9999 0 -9999 -9999 -9999 -9999 -9999 -9999 -9999 -9999 -9999 -9999 -9999 -9999 -9999 -9999 -9999 -9999 -9999 -9999 -9999 -9999 -9999 -9999 -9999 -9999 -9999
-9999 -9999 -9999 -9999 -9999 -9999 -9999 -9999 -9999 -9999 4.7822 3.35293 5.54069 19.3855 81.4513 136.719 174.733 177.774 124.179 42.0059 15.5607 6.81765 6.0726 7.6679 10.371 15.5802 13.6704 10.6331 8.63673 7.74715 6.959 8.5203 21.1061 49.7205 82.7677 56.1961 35.4349 23.3657 19.0802 19.8591 16.805 9.1961 8.661 6.49118 4.72196 8.59958 -9999 -9999 -9999 -9999 -9999 -9999 -9999 -9999 -9999 -9999 -9999 -9999 -9999 -9999 -9999 -9999 -9999 -9999 -9999 -9999 -9999 -9999 -9999 -9999 -9999 -9999 -9999 -9999 -9999
-9999 -9999 -9999 -9999 -9999 -9999 -9999 -9999 -9999 -9999 4.29082 1.87621 7.61035 12.2358 58.7837 109.654 185.629 185.013 171.317 51.1865 26.8617 8.58095 6.61635 11.4847 12.709 9.32442 10.5425 9.72135 8.65455 5.8634 8.1958 6.00658 20.0802 53.8176 80.9108 47.0423 37.9179 32.9513 31.0893 18.8017 12.9805 7.39267 5.50798 5.45057 6.86238 2.64074 -9999 -9999 -9999 -9999 -9999 -9999 -9999 -9999 -9999 -9999 -9999 -9999 -9999 -9999 -9999 -9999 -9999 -9999 -9999 -9999 -9999 -9999 -9999 -9999 -9999 -9999 -9999 -9999 -9999
-9999 -9999 -9999 -9999 -9999 -9999 -9999 -9999 -9999 -9999 -9999 7.3554 16.3342 25.0705 53.7985 68.3772 143.419 191.726 203.507 67.1545 33.368 14.4081 7.85035 8.55 9.6444 7.33433 10.0399 8.6152 7.8844 7.1142 7.5972 12.0208 30.7 54.3305 76.0294 58.5318 44.4795 30.2994 25.1572 20.1181 21.3099 10.6902 6.62493 7.95967 7.14097 3.84896 4.72222 -9999 -9999 -9999 -9999 -9999 -9999 -9999 -9999 -9999 -9999 -9999 -9999 -9999 -9999 -9999 -9999 -9999 -9999 -9999 -9999 -9999 -9999 -9999 -9999 -9999 -9999 -9999 -9999
-9999 -9999 -9999 -9999 -9999 -9999 -9999 -9999 -9999 -9999 -9999 10.2986 15.8165 34.9252 40.5048 68.2236 173.49 288.491 253.597 165.61 67.4787 30.4425 16.6889 9.33685 7.573 7.0667 7.80765 7.54862 6.92693 7.41512 8.43873 22.5246 60.7388 67.1651 73.8951 71.8144 64.6846 49.4958 30.6193 29.9412 25.7602 19.6145 15.4936 11.2068 8.5902 7.1819 8.43778 -9999 -9999 -9999 -9999 -9999 -9999 -9999 -9999 -9999 -9999 -9999 -9999 -9999 -9999 -9999 -9999 -9999 -9999 -9999 -9999 -9999 -9999 -9999 -9999 -9999 -9999 -9999 -9999
-9999 -9999 -9999 -9999 -9999 -9999 -9999 -9999 -9999 -9999 -9999 5.66802 11.8288 28.9848 41.4265 180.347 393.344 438.017 342.255 279.662 152.31 50.4431 28.6178 14.98 7.17925 7.20935 7.2044 7.23852 7.45363 7.69898 8.04938 30.5431 75.0947 46.0816 56.5187 56.9632 45.8487 60.4081 37.9691 37.2941 29.9724 24.2498 13.0598 7.54955 8.32825 7.97712 9.99709 -9999 -9999 -9999 -9999 -9999 -9999 -9999 -9999 -9999 -9999 -9999 -9999 -9999 -9999 -9999 -9999 -9999 -9999 -9999 -9999 -9999 -9999 -9999 -9999 -9999 -9999 -9999 -9999
-9999 -9999 -9999 -9999 -9999 -9999 -9999 -9999 -9999 -9999 -9999 -9999 6.92271 74.4254 128.876 324.743 512.87 564.345 424.845 306.895 133.947 96.0377 40.739 17.4105 10.0429 7.51583 7.89423 7.1174 7.58845 8.56102 9.02528 42.0986 49.4202 21.7763 35.94 34.4633 31.7624 35.3054 35.9224 51.1256 41.9331 17.9892 13.0054 8.81625 8.68815 2.89961 3 -9999 -9999 -9999 -9999 -9999 -9999 -9999 -9999 -9999 -9999 -9999 -9999 -9999 -9999 -9999 -9999 -9999 -9999 -9999 -9999 -9999 -9999 -9999 -9999 -9999 -9999 -9999 -9999
-9999 -9999 -9999 -9999 -9999 -9999 -9999 -9999 -9999 -9999 -9999 -9999 12.1707 91.2824 199.886 395.92 529.674 541.492 524.669 279.739 180.649 178.171 71.0692 18.2813 7.08178 7.48607 7.39458 7.7349 7.65395 7.99688 9.27693 41.5261 32.2612 13.6075 19.117 15.4408 18.302 22.8188 28.4387 45.8963 36.8998 14.7903 12.0891 8.54935 4.29602 0.69 -9999 -9999 -9999 -9999 -9999 -9999 -9999 -9999 -9999 -9999 -9999 -9999 -9999 -9999 -9999 -9999 -9999 -9999 -9999 -9999 -9999 -9999 -9999 -9999 -9999 -9999 -9999 -9999 -9999
-9999 -9999 -9999 -9999 -9999 -9999 -9999 -9999 -9999 -9999 -9999 -9999 17.5391 159.116 306.195 401.036 401.843 592.376 636.617 322.034 232.288 243.36 100.688 30.0832 10.7786 6.76705 7.328 7.568 6.77505 7.12133 8.46857 36.5739 21.7365 7.59352 8.50562 8.70247 8.77567 12.526 22.1035 40.9022 26.7213 13.0409 14.4198 10.4377 11.9773 6.91406 2.66667 -9999 -9999 -9999 -9999 -9999 -9999 -9999 -9999 -9999 -9999 -9999 -9999 -9999 -9999 -9999 -9999 -9999 -9999 -9999 -9999 -9999 -9999 -9999 -9999 -9999 -9999 -9999 -9999
