public/models/data/input/map/sulsel/2500/mapdroad.asc
NCOLS 199
NROWS 249
XLLCORNER -95260.364462
YLLCORNER 9791291.912663
CELLSIZE 2500.000000
NODATA_VALUE       -9999
[rows 33 to 65 of 249, columns 75 to 149 of 199]
-9999 -9999 -9999 -9999 -9999 -9999 -9999 -9999 -9999 -9999 -9999 -9999 -9999 -9999 -9999 -9999 -9999 -9999 6935.29 8274.65 9613.78 10453.2 10591.9 9889.27 8945.4 7858.59 7224.25 6909.27 6513.04 5173.13 4307.7 3738.7 2109.24 1170.98 1090.69 1163.1 941.696 500.164 563.572 703.695 1192.4 848.435 550.153 390.989 291.551 1404.17 1061.39 308.691 410.001 317.923 117.713 655.04 754.434 230.017 676.038 426.796 272.732 204.967 240.924 755.937 183.066 692.009 1010.4 -9999 -9999 -9999 -9999 -9999 -9999 2087.51 1116.44 2889.95 130.474 1494 3881.93
-9999 -9999 -9999 -9999 -9999 -9999 -9999 -9999 -9999 -9999 -9999 -9999 -9999 -9999 -9999 -9999 -9999 -9999 6111.64 6652.35 7171.57 7947 8931.66 9777.06 9074.84 8017.54 7480.9 7837.12 7823.15 7523.25 6328.78 4037.11 1698.99 496.283 735.643 859.492 1019.8 557.86 324.918 1657.31 2618.8 847.396 583.194 460.046 384.198 1090.75 1974.91 741.292 244.207 262.546 243.779 888.051 647.863 462.92 996.975 47.1405 137.942 367.026 341.476 -9999 -9999 -9999 -9999 -9999 -9999 -9999 -9999 -9999 -9999 -9999 -9999 -9999 130.474 298.227 -9999
-9999 -9999 -9999 -9999 -9999 -9999 -9999 -9999 -9999 -9999 -9999 -9999 -9999 -9999 -9999 -9999 -9999 3282.74 3448.5 4515.73 4784.89 5519.83 6691.98 7827.66 6698 5607.34 5087.93 5590.69 5872.32 6811.68 6917.16 4887.4 3096.73 1498.13 603.362 1132.88 1545.51 536.063 255.024 1240.78 1963.58 575.171 329.182 464.579 366.952 1380.71 2319.25 787.486 503.376 915.855 400.166 1634.52 1141.69 284.293 87.3681 47.1405 39.4113 468.369 269.004 -9999 -9999 -9999 -9999 -9999 -9999 -9999 -9999 -9999 -9999 -9999 -9999 -9999 -9999 -9999 -9999
-9999 -9999 -9999 -9999 -9999 -9999 -9999 -9999 -9999 -9999 -9999 -9999 -9999 -9999 -9999 -9999 2997.45 697.817 1249.63 2433.2 2237.26 3192.08 5149.47 6612.34 4695.67 3080.5 2533.11 3034.54 3312.37 4400.01 5825.57 5256.72 3957.33 1902.97 544.223 494.117 341.872 322.982 488.049 810.448 800.704 270.021 335.936 641.005 440.334 632.273 733.03 466.673 708.644 609.742 904.465 2799.16 3001.03 1960.96 855.406 -9999 -9999 -9999 -9999 -9999 -9999 -9999 -9999 -9999 -9999 -9999 -9999 -9999 -9999 -9999 -9999 -9999 -9999 -9999 -9999
-9999 -9999 -9999 -9999 -9999 -9999 -9999 -9999 -9999 -9999 18691.9 17542.5 15588.6 12438.3 10679.7 5729.27 3880.76 1625.98 638.25 631.257 481.913 1883.81 4122.96 5630.87 3620.92 1256.32 658.754 899.144 1053.84 2727.75 4168.03 3199.82 2120.66 1310.35 411.277 213.996 154.053 286.337 679.326 1166.58 430.322 445.254 249.785 808.09 1313.81 469.94 814.112 860.238 958.885 891.931 805.493 3192.36 5219.14 4011.21 -9999 -9999 -9999 -9999 -9999 -9999 -9999 -9999 -9999 -9999 -9999 -9999 -9999 -9999 -9999 -9999 -9999 -9999 -9999 -9999 -9999
-9999 -9999 -9999 -9999 -9999 -9999 -9999 -9999 -9999 -9999 18657 17452.3 15165.8 12512.2 10139.9 7508.64 5238.85 3175.88 1839.42 1919.88 1222.64 845.053 2539.4 3586.04 3224.39 1423.92 1016.92 660.37 365.22 1008.01 1928 1854.77 739.497 654.317 510.881 297.932 341.988 222.685 285.883 813.694 631.59 757.994 283.068 579.385 726.142 1207.68 628.297 468.784 378.491 405.286 374.849 1718.36 6986.14 -9999 -9999 -9999 -9999 -9999 -9999 -9999 -9999 -9999 -9999 -9999 -9999 -9999 -9999 -9999 -9999 -9999 -9999 -9999 -9999 -9999 -9999
-9999 -9999 -9999 -9999 -9999 -9999 -9999 -9999 -9999 -9999 17492 16932.4 15519.7 13065.3 10879.4 8367.79 6500 5004.07 4096.78 3349.66 1580.54 399.653 927.925 1358.87 2534.96 1690.87 1448.92 2372.65 1695.68 1276.35 666.622 1700.89 2324.01 1349.19 544.963 439.65 364.752 170.113 166.255 569.042 455.447 387.192 374.965 661.581 968.324 634.575 499.956 426.556 339.391 337.772 830.56 -9999 -9999 -9999 -9999 -9999 -9999 -9999 -9999 -9999 -9999 -9999 -9999 -9999 -9999 -9999 -9999 -9999 -9999 -9999 -9999 -9999 -9999 6901.22 5582.89
-9999 -9999 -9999 -9999 -9999 -9999 -9999 -9999 -9999 15218.1 15029.1 14467.6 14220 11980.8 9951.11 7615.74 5385.9 3933.02 3526.51 2366.07 668.937 1031.78 388.382 682.981 1988.35 1346.47 836.836 2342.88 2336.71 2075.22 1496.24 871.347 2488.76 2421.6 720.668 261.547 194.753 196.688 244.318 218.492 370.58 582.123 322.67 639.356 1135.28 507.382 1477.93 1203.04 453.546 512.418 -9999 -9999 -9999 -9999 -9999 -9999 -9999 -9999 -9999 -9999 -9999 -9999 -9999 -9999 -9999 -9999 -9999 -9999 -9999 -9999 -9999 -9999 10521.9 9527.08 6515.59
-9999 -9999 -9999 -9999 -9999 -9999 -9999 -9999 -9999 13015.1 12739.1 12102.7 12327.3 10967.8 8637.41 6410.9 4220.21 1944.75 1275 1034.27 513.09 1962.05 713.399 650.291 1340.97 538.595 352.204 938.918 636.425 592.153 860.413 548.433 1084.47 1266.09 555.675 158.299 271.126 325.568 294.54 483.483 298.448 751.635 1195.09 564.164 308.805 260.922 2421.23 2240.58 307.179 199.699 -9999 -9999 -9999 -9999 -9999 -9999 -9999 -9999 -9999 -9999 -9999 -9999 -9999 -9999 -9999 -9999 -9999 -9999 -9999 -9999 -9999 -9999 10266.9 9342.91 7439.67
-9999 -9999 -9999 -9999 -9999 -9999 -9999 -9999 -9999 10695.7 10210.4 9508.89 9771.75 9640.4 7532.36 4966.97 3014.85 1449.91 599.848 289.6 810.141 1829.32 808.94 340.043 425.648 192.922 342.854 393.512 419.083 973.009 1042.99 564.946 600.238 613.278 343.906 172.287 632.497 340.335 434.629 269.362 541.579 1068.47 3295.41 4025.03 838.901 -9999 0 0 -9999 -9999 -9999 -9999 -9999 -9999 -9999 -9999 -9999 -9999 -9999 -9999 -9999 -9999 -9999 -9999 -9999 -9999 -9999 -9999 -9999 -9999 -9999 -9999 -9999 -9999 -9999
-9999 -9999 -9999 -9999 -9999 -9999 -9999 -9999 -9999 7924.17 7653.63 7078.67 7314.77 7834.96 6697.46 4219.04 1840.02 448.921 519.442 410.652 306.881 480.561 229.309 418.669 521.717 199.408 229.695 193.933 183.454 994.452 793.151 613.374 2045.16 1701.11 400.486 241.713 331.892 664.662 441.969 558.338 751.658 1674.82 3461.97 7299.65 9014.12 -9999 -9999 -9999 -9999 -9999 -9999 -9999 -9999 -9999 -9999 -9999 -9999 -9999 -9999 -9999 -9999 -9999 -9999 -9999 -9999 -9999 -9999 -9999 -9999 -9999 -9999 -9999 -9999 -9999 -9999
-9999 -9999 -9999 -9999 -9999 -9999 -9999 -9999 -9999 6253.27 5263.35 4518.67 4755.04 5420.32 5261.41 4139.58 2608.46 847.513 253.254 480.09 240.263 161.951 270.147 312.247 417.098 268.241 180.865 193.007 177.375 343.496 468.265 622.273 2639.59 2319.32 1001.19 357.9 737.749 426.835 496.493 283.028 510.01 403.846 1191.13 9035.83 9454.77 -9999 -9999 -9999 -9999 -9999 -9999 -9999 -9999 -9999 -9999 -9999 -9999 -9999 -9999 -9999 -9999 -9999 -9999 -9999 -9999 -9999 -9999 -9999 -9999 -9999 -9999 -9999 -9999 -9999 -9999
-9999 -9999 -9999 -9999 -9999 -9999 -9999 -9999 -9999 4153.68 3072.48 2089.07 2325.39 3020.58 3057.95 2165.59 1343.07 585.612 251.169 349.626 300.059 316.442 242.752 432.923 253.213 131.071 204.984 126.757 317.493 178.405 245.689 1166.32 2752.14 2486.73 2217.25 692.695 779.809 399.746 1358.64 630.808 1323.37 -9999 -9999 -9999 -9999 -9999 -9999 -9999 -9999 -9999 -9999 -9999 -9999 -9999 -9999 -9999 -9999 -9999 -9999 -9999 -9999 -9999 -9999 -9999 -9999 -9999 -9999 -9999 -9999 -9999 -9999 -9999 -9999 -9999 -9999
-9999 -9999 -9999 -9999 -9999 -9999 -9999 -9999 -9999 -9999 937.889 363.027 518.475 814.565 1142.48 342.36 420.5 811.159 511.277 372.284 479.774 383.251 343.079 234.615 260.085 200.238 165.356 230.554 260.965 217.414 354.45 660.329 934.448 543.546 918.552 384.776 1102.65 428.827 934.083 907.207 328.458 -9999 -9999 -9999 -9999 -9999 -9999 -9999 -9999 -9999 -9999 -9999 -9999 -9999 -9999 -9999 -9999 -9999 -9999 -9999 -9999 -9999 -9999 -9999 -9999 -9999 -9999 -9999 -9999 -9999 -9999 -9999 -9999 -9999 -9999
-9999 -9999 -9999 -9999 -9999 -9999 -9999 -9999 -9999 -9999 212.367 1160.57 1957.38 1247.19 357.792 253.085 818.212 1746.36 1093.41 436.287 650.519 291.798 229.69 285.031 224.769 131.183 225.994 375.561 635.591 173.568 274.464 731.307 885.718 519.187 1255.82 707.903 659.855 476.402 155.405 -9999 -9999 -9999 -9999 -9999 -9999 -9999 -9999 -9999 -9999 -9999 -9999 -9999 -9999 -9999 -9999 -9999 -9999 -9999 -9999 -9999 -9999 -9999 -9999 -9999 -9999 -9999 -9999 -9999 -9999 -9999 -9999 -9999 -9999 -9999 -9999
-9999 -9999 -9999 -9999 -9999 -9999 -9999 -9999 -9999 186.051 386.378 2391.84 3612.1 1796.31 621.535 454.033 592.614 1869.41 1894.19 634.088 412.324 260.545 444.064 331.333 170.258 231.012 295.691 328.937 973.422 273.074 270.392 863.254 1803.55 2400.1 3193.46 2238.39 853.722 235.199 83.2427 307.397 -9999 -9999 -9999 -9999 -9999 -9999 -9999 -9999 -9999 -9999 -9999 -9999 -9999 -9999 -9999 -9999 -9999 -9999 -9999 -9999 -9999 -9999 -9999 -9999 -9999 -9999 -9999 -9999 -9999 -9999 -9999 -9999 -9999 -9999 -9999
-9999 -9999 -9999 -9999 -9999 -9999 -9999 -9999 -9999 194.954 472.567 1934.72 2752.59 935.075 1174.32 1263.63 226.985 505.376 647.603 677.139 260.2 265.555 503.829 426.897 162.032 270.346 329.498 282.869 288.784 268.014 279.316 291.564 613.45 2373.54 2780.53 1457.92 470.564 232.69 256.393 173.767 0 -9999 -9999 -9999 -9999 -9999 -9999 -9999 -9999 -9999 -9999 -9999 -9999 -9999 -9999 -9999 -9999 -9999 -9999 -9999 -9999 -9999 -9999 -9999 -9999 -9999 -9999 -9999 -9999 -9999 -9999 -9999 -9999 -9999 -9999
-9999 -9999 -9999 -9999 -9999 -9999 -9999 -9999 -9999 -9999 399.941 288.663 1066.01 349.074 747.996 463.202 828.672 777.443 175.277 182.259 183.384 177.502 140.386 164.655 183.753 247.459 187.58 246.983 317.354 247.501 380.114 614.304 301.734 1381.64 847.59 668.708 958.256 837.934 299.416 259.48 321.696 -9999 -9999 -9999 -9999 -9999 -9999 -9999 -9999 -9999 -9999 -9999 -9999 -9999 -9999 -9999 -9999 -9999 -9999 -9999 -9999 -9999 -9999 -9999 -9999 -9999 -9999 -9999 -9999 -9999 -9999 -9999 -9999 -9999 -9999
-9999 -9999 -9999 -9999 -9999 -9999 -9999 -9999 -9999 -9999 -9999 154.852 326.475 380.73 1061.96 970.371 699.15 1355.66 468.652 255.72 174.016 155.605 143.595 129.594 191.563 229.592 134.229 278.751 429.634 235.316 463.399 695.716 314.552 549.533 573.464 1279.4 1015.13 953.242 575.439 453.894 379.823 1173.35 -9999 -9999 -9999 -9999 -9999 -9999 -9999 -9999 -9999 -9999 -9999 -9999 -9999 -9999 -9999 -9999 -9999 -9999 -9999 -9999 -9999 -9999 -9999 -9999 -9999 -9999 -9999 -9999 -9999 -9999 -9999 -9999 -9999
-9999 -9999 -9999 -9999 -9999 -9999 -9999 -9999 -9999 -9999 -9999 192.994 580.157 339.254 768.142 558.819 412.987 427.757 229.771 124.584 122.708 127.127 114.998 146.221 166.198 180.947 157.291 356.489 549.476 437.409 613.196 286.423 264.169 278.752 711.868 377.235 628.371 1082.83 455.304 357.649 747.411 958.954 -9999 -9999 -9999 -9999 -9999 -9999 -9999 -9999 -9999 -9999 -9999 -9999 -9999 -9999 -9999 -9999 -9999 -9999 -9999 -9999 -9999 -9999 -9999 -9999 -9999 -9999 -9999 -9999 -9999 -9999 -9999 -9999 -9999
-9999 -9999 -9999 -9999 -9999 -9999 -9999 -9999 -9999 -9999 -9999 -9999 -9999 671.943 360.246 1309.64 876.245 206.659 570.149 256.449 122.524 141.024 148.58 213.967 369.822 514.785 309.3 303.636 279.218 346.491 433.448 352.262 134.357 214.543 511.488 1258.37 2300.05 2742.7 1487.32 412.635 317.84 371.604 -9999 -9999 -9999 -9999 -9999 -9999 -9999 -9999 -9999 -9999 -9999 -9999 -9999 -9999 -9999 -9999 -9999 -9999 -9999 -9999 -9999 -9999 -9999 -9999 -9999 -9999 -9999 -9999 -9999 -9999 -9999 -9999 -9999
-9999 -9999 -9999 -9999 -9999 -9999 -9999 -9999 1869.71 738.433 1307.24 756.687 257.15 449.53 576.178 1069.73 632.074 1246.54 796.574 568.701 155.883 237.87 148.483 258.785 672.829 259.883 182.391 325.091 462.701 393.374 346.003 167.603 181.754 359.242 1018.03 2706.33 4365.24 3398.5 1435.91 622.768 782.8 291.77 -9999 -9999 -9999 -9999 -9999 -9999 -9999 -9999 -9999 -9999 -9999 -9999 -9999 -9999 -9999 -9999 -9999 -9999 -9999 -9999 -9999 -9999 -9999 -9999 -9999 -9999 -9999 -9999 -9999 -9999 -9999 -9999 -9999
-9999 -9999 -9999 -9999 -9999 -9999 -9999 -9999 2398.63 1023.28 944.672 633.556 752.486 2037.64 1010.33 359.06 1050.01 946.642 511.91 231.049 218.567 472.217 302.257 237.415 314.837 223.799 257.196 447.804 1561.91 1624.86 1251.2 219.655 448.978 1219.55 608.26 2573.24 4802.58 3885.33 2317.62 2184.64 818.552 140.237 -9999 -9999 -9999 -9999 -9999 -9999 -9999 -9999 -9999 -9999 -9999 -9999 -9999 -9999 -9999 -9999 -9999 -9999 -9999 -9999 -9999 -9999 -9999 -9999 -9999 -9999 -9999 -9999 -9999 -9999 -9999 -9999 -9999
-9999 -9999 -9999 2364.27 2065.93 301.049 907.052 430.251 975.1 1241.14 610.435 258.072 1627.58 4042.5 3000.27 885.76 669.439 381.986 297.656 212.349 311.35 578.669 645.407 166.78 246.088 199.287 187.21 412.529 1595.74 2112.44 1090.94 315.365 1826.22 1573.63 764.223 3015.85 5344.52 5171.26 3337.32 1913.76 873.488 720.806 2030.06 1810.24 -9999 -9999 -9999 -9999 -9999 -9999 -9999 -9999 -9999 -9999 -9999 -9999 -9999 -9999 -9999 -9999 -9999 -9999 -9999 -9999 -9999 -9999 -9999 -9999 -9999 -9999 -9999 -9999 -9999 -9999 -9999
-9999 155.099 674.957 1172.02 1029.41 732.792 1151.99 355.611 232.171 332.547 418.492 970.942 1793.49 5656.64 4386.82 2520.67 1003.11 267.532 452.785 467.708 315.336 636.036 715.205 195.139 137.798 141.599 244.074 205.532 324.686 532.366 292.691 421.37 1135.09 652.227 1287.17 3297.9 5332.17 4585.92 2504.13 854.889 542.326 396.33 1053.55 909.267 219.314 75.9039 -9999 -9999 -9999 -9999 -9999 -9999 -9999 -9999 -9999 -9999 -9999 -9999 -9999 -9999 -9999 -9999 -9999 -9999 -9999 -9999 -9999 -9999 -9999 -9999 -9999 -9999 -9999 -9999 -9999
-9999 468.265 872.594 348.37 273.209 326.699 349.89 1064.02 841.172 563.039 1255.98 941.975 545.967 5544.65 1616.12 1620.49 981.844 294.094 311.745 523.509 403.246 461.747 268.995 171.593 168.579 239.763 586.14 379.133 1056.2 1128.38 687.595 293.325 319.591 452.017 709.116 2244.33 4422.38 3408.31 1517.42 817.615 436.094 469.774 359.123 390.663 487.162 488.398 866.247 -9999 -9999 -9999 -9999 -9999 -9999 -9999 -9999 -9999 -9999 -9999 -9999 -9999 -9999 -9999 -9999 -9999 -9999 -9999 -9999 -9999 -9999 -9999 -9999 -9999 -9999 -9999 -9999
-9999 1312.5 2017.68 905.977 609.821 303.424 271.763 272.997 301.928 1403.13 3149.44 3670.19 935.627 374.755 648.146 2083.65 1633.06 237.792 274.413 241.377 188.34 149.281 250.35 256.556 212.002 155.467 198.102 442.465 1950.65 2083.86 1955.24 645.07 388.534 781.612 591.782 1906.91 4175.04 3311.02 1040.5 739.831 422.115 591.788 642.148 419.916 571.367 401.68 560.682 -9999 -9999 -9999 -9999 -9999 -9999 -9999 -9999 -9999 -9999 -9999 -9999 -9999 -9999 -9999 -9999 -9999 -9999 -9999 -9999 -9999 -9999 -9999 -9999 -9999 -9999 -9999 -9999
-9999 -9999 -9999 1003.58 451.667 560.376 782.396 630.203 918.2 1616.87 832.839 328.684 -9999 -9999 -9999 3296.16 1387.15 1022.01 600.307 390.172 264.437 212.905 245.439 293.638 258.357 308.833 416.985 1181.84 1945.18 2548 3127.22 2029.39 1768.42 648.714 845.335 2409.98 4488.81 3665.25 1368.06 321.033 492.611 321.872 305.521 286.022 231.087 226.278 309.27 333.762 50 -9999 -9999 -9999 -9999 -9999 -9999 -9999 -9999 -9999 -9999 -9999 -9999 -9999 -9999 -9999 -9999 -9999 -9999 -9999 -9999 -9999 -9999 -9999 -9999 -9999 -9999
-9999 -9999 -9999 -9999 739.148 577.591 1068.52 687.25 588.552 676 613.698 417.846 9619.85 10860 12259.3 524.983 852.784 1739.97 963.214 524.919 259.293 368.952 403.074 277.577 325.447 446.619 239.081 411.573 322.508 849.702 2816.19 4160.46 3578.8 1449.93 818.865 2047.38 4004.73 4037.02 1945.32 525.71 363.048 249.189 306.126 267.143 293.928 421.955 1243.96 141.421 -9999 -9999 -9999 -9999 -9999 -9999 -9999 -9999 -9999 -9999 -9999 -9999 -9999 -9999 -9999 -9999 -9999 -9999 -9999 -9999 -9999 -9999 -9999 -9999 -9999 -9999 -9999
-9999 -9999 -9999 -9999 971.84 821.998 332.941 376.991 369.865 521.189 2509.92 5129.94 7993.19 10460.1 11777.5 542.302 429.206 394.594 276.597 366.466 314.741 358.127 564.642 544.208 1231.2 502.772 276.015 353.214 556.009 1643.64 3266.34 5552.31 4996.98 2701.05 915.64 928.681 2941.15 3002.39 1455.35 364.633 342.525 401.549 332.695 287.381 278.824 233.486 405.055 329.268 -9999 -9999 -9999 -9999 -9999 -9999 -9999 -9999 -9999 -9999 -9999 -9999 -9999 -9999 -9999 -9999 -9999 -9999 -9999 -9999 -9999 -9999 -9999 -9999 -9999 -9999 -9999
-9999 -9999 -9999 -9999 197.686 528.589 596.148 369.229 397.71 836.233 1412.34 3877.73 6219.22 7137.99 4684.29 831.885 836.639 681.149 248.445 1486.35 748.141 181.021 286.517 433.658 438.557 269.486 301.614 531.087 1680.25 3786.95 5040.21 6656.39 6040.51 3759.84 1495.52 476.828 1316.01 1189.71 600.238 415.756 586.771 1159.98 669.237 289.301 295.362 258.488 489.709 107.531 -9999 -9999 -9999 -9999 -9999 -9999 -9999 -9999 -9999 -9999 -9999 -9999 -9999 -9999 -9999 -9999 -9999 -9999 -9999 -9999 -9999 -9999 -9999 -9999 -9999 -9999 -9999
-9999 -9999 -9999 -9999 380.08 298.526 431.987 748.171 553.554 358.814 1039.36 3168.72 5388.7 4680.4 3221.31 1448.4 413.614 457.612 279.775 1238.85 519.56 164.84 427.004 468.081 338.161 458.352 605.133 1649.07 3263.55 5316.57 7209.26 7680.66 5776.33 3710.59 1783.34 538.486 643.222 744.919 503.222 329.78 308.93 1201.34 1126.75 264.372 263.915 213.258 277.144 351.87 -9999 -9999 -9999 -9999 -9999 -9999 -9999 -9999 -9999 -9999 -9999 -9999 -9999 -9999 -9999 -9999 -9999 -9999 -9999 -9999 -9999 -9999 -9999 -9999 -9999 -9999 -9999
-9999 -9999 -9999 -9999 341.421 174.534 294.853 503.394 562.621 545.758 579.858 2361.6 4083.54 3156.76 1403.43 590.991 308.663 355.512 546.746 437.742 187.67 531.487 396.369 319.501 270.882 321.24 402.787 1226.36 2869.71 5134.31 6735.25 7066.25 4705.1 2332.3 807.769 476.314 950.45 508.768 966.754 1788.84 1057.95 301.178 289.966 219.896 257.64 235.984 157.647 352.734 -9999 -9999 -9999 -9999 -9999 -9999 -9999 -9999 -9999 -9999 -9999 -9999 -9999 -9999 -9999 -9999 -9999 -9999 -9999 -9999 -9999 -9999 -9999 -9999 -9999 -9999 -9999
