public/models/data/input/map/sulsel/2500/mapdroad.asc
NCOLS 199
NROWS 249
XLLCORNER -95260.364462
YLLCORNER 9791291.912663
CELLSIZE 2500.000000
NODATA_VALUE       -9999
[rows 66 to 98 of 249, columns 75 to 149 of 199]
-9999 -9999 -9999 -9999 -9999 134.227 718.253 2311.02 1768.87 638.458 698.685 1456.59 2369.34 1133.09 436.124 337.45 360.75 604.807 1396.92 587.111 471.222 569.453 406.939 233.788 292.119 515.995 532.531 411.49 1756.04 3068.81 4483.34 6322.76 4556.51 2036.28 443.004 232.931 372.952 1407.64 2783.09 3577.97 2320.45 635.047 1021.01 342.296 323.766 179.247 159.387 257.431 -9999 -9999 -9999 -9999 -9999 -9999 -9999 -9999 -9999 -9999 -9999 -9999 -9999 -9999 -9999 -9999 -9999 -9999 -9999 -9999 -9999 -9999 -9999 -9999 -9999 -9999 -9999
-9999 -9999 -9999 -9999 -9999 233.354 592.257 2648.15 2006.74 749.734 1470.46 754.465 1512.4 363.973 327.788 641.66 387.959 1245.34 2165.76 692.559 686.465 295.836 409.611 267.918 235.777 505.826 522.908 653.317 666.585 1354.47 3535.27 5930.7 5227.44 2768.31 1202.32 637.949 550.121 1558.2 1859.74 2135.82 1760.61 650.345 1586.27 774.166 470.301 130.024 241.429 158.328 150.888 -9999 -9999 -9999 -9999 -9999 -9999 -9999 -9999 -9999 -9999 -9999 -9999 -9999 -9999 -9999 -9999 -9999 -9999 -9999 -9999 -9999 -9999 -9999 -9999 -9999 -9999
-9999 -9999 -9999 -9999 -9999 210.359 463.139 2401.32 1928.23 780.179 1795.63 519.094 627.898 1038.52 1302.66 703.906 793.852 2390.07 2255.72 600.461 641.573 1004.02 326.311 399.508 340.97 232.074 281.229 239.711 485.852 1445.57 3731.43 6266.03 6296.44 4516.95 3170.81 1088.83 430.576 663.063 659.692 697.489 499.177 514.78 705.738 1211.44 617.79 249.74 161.005 119.235 150.888 -9999 -9999 -9999 -9999 -9999 -9999 -9999 -9999 -9999 -9999 -9999 -9999 -9999 -9999 -9999 -9999 -9999 -9999 -9999 -9999 -9999 -9999 -9999 -9999 -9999 -9999
-9999 -9999 -9999 -9999 -9999 -9999 303.424 1123.46 838.206 910.585 2615.58 1933.91 1490.01 1627.23 985.15 755.35 390.067 1209.21 993.644 628.865 764.447 1169.38 681.976 246.562 274.32 310.301 978.177 884.687 1919.58 2565.14 4391.6 6942.4 7868.87 6320.19 4080.2 1577.11 517.2 2036.52 2557.44 2441.96 1329.15 1724.73 677.677 397.164 351.867 200.978 388.479 1327.82 -9999 -9999 -9999 -9999 -9999 -9999 -9999 -9999 -9999 -9999 -9999 -9999 -9999 -9999 -9999 -9999 -9999 -9999 -9999 -9999 -9999 -9999 -9999 -9999 -9999 -9999 -9999
-9999 -9999 -9999 -9999 -9999 -9999 331.492 400.148 629.133 1014.91 2874.45 3392.79 2364.6 695.93 378.955 374.371 722.703 630.706 447.276 456.015 314.952 402.346 861.64 260.784 288.185 397.672 644.386 1888.76 2917.41 4638.97 6020.96 8052.83 9464.8 7428 5032.65 3018.57 2406.06 3763.55 4968.25 4563.67 3474.74 2846.92 974.3 737.197 663.429 390.866 400.161 1327.82 -9999 -9999 -9999 -9999 -9999 -9999 -9999 -9999 -9999 -9999 -9999 -9999 -9999 -9999 -9999 -9999 -9999 -9999 -9999 -9999 -9999 -9999 -9999 -9999 -9999 -9999 -9999
-9999 -9999 -9999 -9999 -9999 -9999 180.812 501.947 529.297 833.435 1260.36 1998.14 1721.8 1089.33 567.333 384.473 1066.85 594.971 513.052 436.784 546.075 382.092 1127.26 1124.99 1328.96 738.409 731.496 719.691 1953.88 4433.54 6501.96 8786.93 10325 8439.13 6496.58 5231.32 4753.37 5733.77 6829.31 5764.59 3561.59 1735.86 803.564 924.502 664.627 698.959 473.754 -9999 -9999 -9999 -9999 -9999 -9999 -9999 -9999 -9999 -9999 -9999 -9999 -9999 -9999 -9999 -9999 -9999 -9999 -9999 -9999 -9999 -9999 -9999 -9999 -9999 -9999 -9999 -9999
-9999 -9999 -9999 -9999 -9999 -9999 255.228 396.461 248.43 435.51 531.93 855.541 559.128 393.32 947.527 972.018 1175.07 1134.49 387.905 445.444 598.999 441.335 911.015 2509.88 2049.86 1331.96 1079.82 667.333 1390.96 3101.06 5340.64 7924.07 10150.6 9985.11 8899 7845.97 7312.49 8030.2 8113.96 5853.26 3430.83 1341.48 849.74 508.896 619.214 419.104 433.735 141.094 100 -9999 -9999 -9999 -9999 -9999 -9999 -9999 -9999 -9999 -9999 -9999 -9999 -9999 -9999 -9999 -9999 -9999 -9999 -9999 -9999 -9999 -9999 -9999 -9999 -9999 -9999
-9999 -9999 -9999 -9999 -9999 -9999 -9999 612.07 371.746 328.966 422.807 366.475 422.888 534.406 1297.38 1353.55 800.189 935.305 404.63 314.269 533.07 273.16 400.105 1113.79 1342.29 490.513 1147.24 1268.82 430.032 2164.1 4522.71 6980.45 8673.1 9568.97 8975.98 8111.95 7200.05 7016.78 7641.32 6751.48 4644.73 2845.81 1299.33 641.352 623.963 530.987 395.528 271.917 48.7602 -9999 -9999 -9999 -9999 -9999 -9999 -9999 -9999 -9999 -9999 -9999 -9999 -9999 -9999 -9999 -9999 -9999 -9999 -9999 -9999 -9999 -9999 -9999 -9999 -9999 -9999
-9999 -9999 -9999 -9999 -9999 -9999 -9999 708.606 348.637 435.173 680.492 318.682 748.271 1014.29 2443.59 1538.27 585.8 1664.09 1478.57 406.463 461.362 450.255 498.038 1249.49 1209.98 897.226 2084.37 2527.97 882.786 1841.07 4136.06 5302.65 6171.04 7056.23 6482.25 5696.39 4692.74 4431.55 5229.93 6299.18 5151.97 2626.75 918.61 2133.11 2589.44 936.223 688.018 491.23 442.391 -9999 -9999 -9999 -9999 -9999 -9999 -9999 -9999 -9999 -9999 -9999 -9999 -9999 -9999 -9999 -9999 -9999 -9999 -9999 -9999 -9999 -9999 -9999 -9999 -9999 -9999
-9999 -9999 -9999 -9999 -9999 -9999 802.477 476.169 360.45 323.104 1517.32 1011.48 1117.17 2722.03 3502.82 1555.06 380.176 1480.52 1356.14 455.497 579.427 446.384 599.944 1436.45 584.897 945.147 1120.26 2516.37 1278.95 1043.88 2853.77 2909.07 3777.59 4716.37 4055.57 3440.67 2382.75 2000.31 3038.85 5259.56 5799.48 3815.91 2871.27 3751.2 3239.59 952.121 299.729 367.86 804.87 -9999 -9999 -9999 -9999 -9999 -9999 -9999 -9999 -9999 -9999 -9999 -9999 -9999 -9999 -9999 -9999 -9999 -9999 -9999 -9999 -9999 -9999 -9999 -9999 -9999 -9999
-9999 -9999 -9999 -9999 -9999 -9999 442.789 100.843 329.975 454.07 1490.3 1494.23 661.583 2908.1 4405.97 2579.69 637.663 1114.73 627.598 441.566 616.618 433.589 392.899 414.962 680.803 298.327 656.951 2564.25 1786.58 679.521 1209.57 674.912 1477.93 2915.91 1889.66 1118 675.035 857.056 2213.21 4748.66 6653.05 5999.17 5186.01 4728.89 3358.09 1432.35 376.838 350.989 526.839 -9999 -9999 -9999 -9999 -9999 -9999 -9999 -9999 -9999 -9999 -9999 -9999 -9999 -9999 -9999 -9999 -9999 -9999 -9999 -9999 -9999 -9999 -9999 -9999 -9999 -9999
-9999 -9999 -9999 -9999 -9999 943.031 832.164 391.933 360.707 1049.82 1964.63 787.944 1282.96 3521.14 4131.38 2905.33 1139.99 917.042 696.286 477.063 534.367 884.873 618.248 557.481 822.297 597.951 594.257 1650.96 918.462 442.494 419.254 341.851 470.147 2064.46 1350.81 402.18 987.145 2715 3683.22 5648.49 7078.12 5723.06 4519.57 3179.66 1624.96 445.872 297.387 349.493 267.678 -9999 -9999 -9999 -9999 -9999 -9999 -9999 -9999 -9999 -9999 -9999 -9999 -9999 -9999 -9999 -9999 -9999 -9999 -9999 -9999 -9999 -9999 -9999 -9999 -9999 -9999
-9999 -9999 -9999 -9999 -9999 739.26 387.584 802.759 374.259 716.028 855.104 502.333 1179.19 1972.5 2242.36 1029.81 476.699 472.087 343.21 287.31 471.038 308.176 499.493 327.276 269.932 362.337 642.432 445.223 751.77 1361.08 645.127 496.672 425.917 1891.82 1676.35 506.61 1430.01 3765.26 5701.48 6993.63 6340.09 4031.01 2188.31 1079.45 490.789 283.827 212.441 284.155 518.579 -9999 -9999 -9999 -9999 -9999 -9999 -9999 -9999 -9999 -9999 -9999 -9999 -9999 -9999 -9999 -9999 -9999 -9999 -9999 -9999 -9999 -9999 -9999 -9999 -9999 -9999
-9999 -9999 -9999 -9999 -9999 360.511 445.979 496.257 1195.75 486.595 378.133 426.211 313.803 477.883 630.263 271.3 375.474 432.846 479.825 746.345 432.332 213.781 339.555 739.194 485.894 959.515 378.833 1244.46 883.581 1493.07 2189.97 1389.86 1313 2660.1 1669.84 484.185 1054.13 3115.91 5116.64 6300.28 5155.07 2940.94 1027.16 181.329 174.317 190.837 258.185 190.855 244.653 -9999 -9999 -9999 -9999 -9999 -9999 -9999 -9999 -9999 -9999 -9999 -9999 -9999 -9999 -9999 -9999 -9999 -9999 -9999 -9999 -9999 -9999 -9999 -9999 -9999 -9999
-9999 -9999 -9999 -9999 -9999 755.103 293.821 181.456 419.765 284.263 383.767 507.73 606.201 433.288 637.563 582.904 379.241 922.534 1109.74 1571.88 502.53 338.178 431.702 869.998 365.269 475.312 519.849 1589.76 805.547 1904.96 3814.9 3578.27 3414.88 3582.25 2417.55 1447.02 440.739 1857.9 2810.39 3994.21 4173.72 1834.53 487.846 331.226 170.094 276.1 437.012 235.818 745.136 1874.56 -9999 -9999 -9999 -9999 -9999 -9999 -9999 -9999 -9999 -9999 -9999 -9999 -9999 -9999 -9999 -9999 -9999 -9999 -9999 -9999 -9999 -9999 -9999 -9999 -9999
-9999 -9999 -9999 -9999 -9999 -9999 35.7143 581.955 465.175 375.225 458.045 713.85 526.77 679.562 648.234 1012.46 615.903 278.126 321.787 910.352 1136.58 345.695 680.799 345.463 320.577 593.702 1319.38 1339.96 1185.34 1145.38 3250.38 2565.53 2210.89 1801.16 1007.39 490.923 417.412 654.607 920.447 2762.79 3735.42 2239.16 763.006 377.089 361.679 278.127 367.505 483.456 576.286 628.634 -9999 -9999 -9999 -9999 -9999 -9999 -9999 -9999 -9999 -9999 -9999 -9999 -9999 -9999 -9999 -9999 -9999 -9999 -9999 -9999 -9999 -9999 -9999 -9999 -9999
-9999 -9999 -9999 -9999 -9999 -9999 156.14 153.532 541.323 470.739 374.017 463.317 426.409 506.794 644.954 843.766 477.676 162.097 260.975 440.546 673.428 310.606 929.358 267.611 661.126 620.482 1312.55 698.67 1149.73 737.543 2207.07 1008.07 350.769 246.474 218.073 243.588 306.192 1006.68 2138.77 2998.41 1911.61 768.802 755.873 696.701 252.088 279.642 254.321 286.216 965.658 -9999 -9999 -9999 -9999 -9999 -9999 -9999 -9999 -9999 -9999 -9999 -9999 -9999 -9999 -9999 -9999 -9999 -9999 -9999 -9999 -9999 -9999 -9999 -9999 -9999 -9999
-9999 -9999 -9999 -9999 -9999 -9999 24.4999 47.0407 731.465 579.673 533.158 1265.62 666.119 412.798 322.795 590.12 241.245 283.553 891.18 375.54 319.45 414.807 352.432 248.714 527.827 1077.06 612.442 470.709 494.734 444.675 593.616 348.734 501.519 289.906 213.279 256.021 621.951 1447.06 2385.19 2871.58 894.32 371.248 489.643 416.266 549.71 263.161 393.475 116.909 -9999 -9999 -9999 -9999 -9999 -9999 -9999 -9999 -9999 -9999 -9999 -9999 -9999 -9999 -9999 -9999 -9999 -9999 -9999 -9999 -9999 -9999 -9999 -9999 -9999 -9999 -9999
-9999 -9999 -9999 -9999 -9999 -9999 -9999 -9999 1285.76 464.455 629.994 1595.5 894.014 371.404 287.904 427.392 248.111 473.167 1516.19 349.849 466.77 447.861 563.499 1117.63 510.412 743.998 561.783 455.999 428.986 677.161 353.214 216.029 328.091 507.565 348.913 650.118 1937.41 1160.02 772.287 2111.27 987.851 329.109 211.757 150.002 345.757 458.701 404.338 -9999 -9999 -9999 -9999 -9999 -9999 -9999 -9999 -9999 -9999 -9999 -9999 -9999 -9999 -9999 -9999 -9999 -9999 -9999 -9999 -9999 -9999 -9999 -9999 -9999 -9999 -9999 -9999
-9999 -9999 -9999 -9999 -9999 -9999 -9999 33.3333 559.145 448.122 634.708 489.276 796.67 341.177 466.745 1179.76 444.144 277.323 584.034 313.083 464.24 455.684 640.228 1036.07 605.668 393.611 487.459 583.649 464.666 413.917 316.843 273.671 301.982 463.343 919.195 462.47 896.712 1045.67 446.379 1627.84 1611.51 761.959 202.94 311.53 409.651 379.272 698.12 -9999 -9999 -9999 -9999 -9999 -9999 -9999 -9999 -9999 -9999 -9999 -9999 -9999 -9999 -9999 -9999 -9999 -9999 -9999 -9999 -9999 -9999 -9999 -9999 -9999 -9999 -9999 -9999
-9999 -9999 -9999 -9999 -9999 -9999 -9999 33.3333 241.399 348.602 686.116 361.591 284.493 317.636 1462.87 1901.31 397.133 448.457 740.359 398.691 163.13 156.813 355.081 769.246 411.79 749.334 397.631 616.354 371.789 269.474 249.007 399.557 304.366 405.623 315.137 400.87 355.611 578.086 478.1 900.265 1213.93 1042.55 466.943 362.952 575.26 116.667 -9999 -9999 -9999 -9999 -9999 -9999 -9999 -9999 -9999 -9999 -9999 -9999 -9999 -9999 -9999 -9999 -9999 -9999 -9999 -9999 -9999 -9999 -9999 -9999 -9999 -9999 -9999 -9999 -9999
-9999 -9999 -9999 -9999 -9999 -9999 -9999 -9999 678.449 470.634 577.129 581.175 356.312 325.68 727.51 966.037 438.062 539.876 559.964 490.435 250.224 382.495 638.728 715.72 505.349 323.139 426.752 424.576 428.301 228.364 357.815 622.594 240.177 460.331 428.332 413.997 624.466 529.546 1230.51 2179.02 1621.51 694.255 383.375 387.191 482.459 -9999 -9999 -9999 -9999 -9999 -9999 -9999 -9999 -9999 -9999 -9999 -9999 -9999 -9999 -9999 -9999 -9999 -9999 -9999 -9999 -9999 -9999 -9999 -9999 -9999 -9999 -9999 -9999 -9999 -9999
-9999 -9999 -9999 -9999 -9999 -9999 -9999 -9999 -9999 437.636 395.188 692.742 565.067 315.428 723.977 889.884 685.568 370.243 279.771 805.353 586.65 273.491 325.34 334.112 287.188 419.713 489.172 432.527 358.496 235.199 242.598 379.583 537.842 357.81 565.814 307.058 558.842 551.774 1526.66 1003.39 541.247 877.43 409.042 428.342 525.325 -9999 -9999 -9999 -9999 -9999 -9999 -9999 -9999 -9999 -9999 -9999 -9999 -9999 -9999 -9999 -9999 -9999 -9999 -9999 -9999 -9999 -9999 -9999 -9999 -9999 -9999 -9999 -9999 -9999 -9999
-9999 -9999 -9999 -9999 -9999 -9999 -9999 -9999 -9999 221.753 171.105 404.452 350.329 666.935 1030.82 1025.69 370.886 312.548 265.35 367.114 204.256 310.812 306.21 247.79 223.393 297.946 356.012 545.016 579.034 313.554 411.084 258.605 560.783 627.16 1690.95 667.261 372.845 439.888 417.035 470.981 647.995 587.942 318.313 567.518 971.66 -9999 -9999 -9999 -9999 -9999 -9999 -9999 -9999 -9999 -9999 -9999 -9999 -9999 -9999 -9999 -9999 -9999 -9999 -9999 -9999 -9999 -9999 -9999 -9999 -9999 -9999 -9999 -9999 -9999 -9999
-9999 -9999 -9999 -9999 -9999 -9999 -9999 -9999 -9999 75.3623 145.144 306.391 315.597 537.57 850.15 900.419 1016.46 1151.23 498.575 506.542 413.496 318.712 344.881 414.686 633.801 345.439 703.947 338.504 379.803 364.826 272.815 224.808 195.734 645.958 910.79 564.627 340.235 236.139 693.312 448.995 690.372 552.86 386.544 409.754 961.713 -9999 -9999 -9999 -9999 -9999 -9999 -9999 -9999 -9999 -9999 -9999 -9999 -9999 -9999 -9999 -9999 -9999 -9999 -9999 -9999 -9999 -9999 -9999 -9999 -9999 -9999 -9999 -9999 -9999 -9999
-9999 -9999 -9999 -9999 -9999 -9999 -9999 -9999 -9999 -9999 170.958 231.088 514.725 306.146 754.836 486.911 1134.52 1616.56 1868.7 519.254 291.969 893.697 1429.22 1918.79 1508.99 384.991 742.286 194.166 276.875 580.56 538.374 392.19 207.708 378.624 552.79 476.526 358.211 295.723 306.478 438.121 395.069 588.746 268.043 465.004 803.796 -9999 -9999 -9999 -9999 -9999 -9999 -9999 -9999 -9999 -9999 -9999 -9999 -9999 -9999 -9999 -9999 -9999 -9999 -9999 -9999 -9999 -9999 -9999 -9999 -9999 -9999 -9999 -9999 -9999 -9999
-9999 -9999 -9999 -9999 -9999 -9999 -9999 -9999 -9999 -9999 61.1002 53.6676 182.256 186.378 322.287 1068.1 1154.51 523.3 761.027 450.512 455.362 502.38 1097.9 2776.69 2549.71 770.393 391.744 236.545 213.542 903.632 1510.51 1228.16 283.479 564.916 575.776 372.182 437.918 414.546 371.978 465.98 733.617 626.626 600.294 496.64 659.604 -9999 -9999 -9999 -9999 -9999 -9999 -9999 -9999 -9999 -9999 -9999 -9999 -9999 -9999 -9999 -9999 -9999 -9999 -9999 -9999 -9999 -9999 -9999 -9999 -9999 -9999 -9999 -9999 -9999 -9999
-9999 -9999 -9999 -9999 -9999 -9999 -9999 -9999 -9999 -9999 -9999 265.756 182.931 101.164 208.874 772.27 518.418 934.852 495.888 533.082 606.489 265.653 344.537 1404.36 2526.16 1230.93 249.208 305.767 214.721 178.149 605.233 739.989 380.694 827.548 379.042 433.619 451.99 555.367 407.673 452.909 400.16 435.192 473.6 300.681 317.219 -9999 -9999 -9999 -9999 -9999 -9999 -9999 -9999 -9999 -9999 -9999 -9999 -9999 -9999 -9999 -9999 -9999 -9999 -9999 -9999 -9999 -9999 -9999 -9999 -9999 -9999 -9999 -9999 -9999 -9999
-9999 -9999 -9999 -9999 -9999 -9999 -9999 -9999 -9999 -9999 -9999 181.626 181.349 149.01 296.328 672.93 1824.75 1786.84 726.435 628.018 1382.61 299.576 359.099 414.734 1620.41 1590.27 597.139 615.632 382.764 697.261 604.365 458.627 394.138 400.87 394.445 356.543 316.453 369.37 544.013 253.73 386.159 283.583 312.745 239.629 379.048 -9999 -9999 -9999 -9999 -9999 -9999 -9999 -9999 -9999 -9999 -9999 -9999 -9999 -9999 -9999 -9999 -9999 -9999 -9999 -9999 -9999 -9999 -9999 -9999 -9999 -9999 -9999 -9999 -9999 -9999
-9999 -9999 -9999 -9999 -9999 -9999 -9999 -9999 -9999 -9999 -9999 64.363 208.465 267.363 347.557 1113.75 3301.55 3461.32 1930.34 890.937 1064.88 334.221 462.303 427.55 825.585 767.709 1301.22 1580.4 508.231 849.021 287.111 328.745 286.686 338.272 713.036 366.711 578.239 393.969 665.28 257.752 485.75 618.971 553.667 487.705 1145.39 -9999 -9999 -9999 -9999 -9999 -9999 -9999 -9999 -9999 -9999 -9999 -9999 -9999 -9999 -9999 -9999 -9999 -9999 -9999 -9999 -9999 -9999 -9999 -9999 -9999 -9999 -9999 -9999 -9999 -9999
-9999 -9999 -9999 -9999 -9999 -9999 -9999 -9999 -9999 -9999 -9999 -9999 362.867 1187.2 2069.13 2343.8 3675.54 3255.67 2573.77 2198.87 892.929 770.523 467.767 592.711 934.865 1357 2921.96 3610.17 -9999 -9999 216.112 224.288 210.173 700.208 451.615 507.737 993.246 366.031 509.774 554.729 459.039 531.85 689.159 491.875 428.012 -9999 -9999 -9999 -9999 -9999 -9999 -9999 -9999 -9999 -9999 -9999 -9999 -9999 -9999 -9999 -9999 -9999 -9999 -9999 -9999 -9999 -9999 -9999 -9999 -9999 -9999 -9999 -9999 -9999 -9999
-9999 -9999 -9999 -9999 -9999 -9999 -9999 -9999 -9999 -9999 -9999 -9999 187.351 1316.61 2927.47 4190.55 3527.21 1406.44 1271.14 1345.5 518.232 903.558 865.432 723.706 1031.35 1717.6 -9999 -9999 -9999 -9999 349.847 423.856 452.634 633.038 545.624 455.547 455.78 318.412 548.764 698.333 1430.3 926.739 535.78 971.907 1494.65 -9999 -9999 -9999 -9999 -9999 -9999 -9999 -9999 -9999 -9999 -9999 -9999 -9999 -9999 -9999 -9999 -9999 -9999 -9999 -9999 -9999 -9999 -9999 -9999 -9999 -9999 -9999 -9999 -9999 -9999
-9999 -9999 -9999 -9999 -9999 -9999 -9999 -9999 -9999 -9999 -9999 -9999 131.159 431.35 1573.94 3637.61 3837.61 2387.12 2387.95 1511.16 1439.26 1617.02 734.307 375.224 1290.92 1133.26 873.219 -9999 -9999 -9999 230.485 170.363 463.894 624.013 321.732 712.784 634.638 531.858 610.54 459.267 1299.26 1051.54 424.855 727.463 1017.28 -9999 -9999 -9999 -9999 -9999 -9999 -9999 -9999 -9999 -9999 -9999 -9999 -9999 -9999 -9999 -9999 -9999 -9999 -9999 -9999 -9999 -9999 -9999 -9999 -9999 -9999 -9999 -9999 -9999 -9999
