public/models/data/input/map/sulsel/2500/mapdriver.asc
NCOLS 199
NROWS 249
XLLCORNER -95260.364462
YLLCORNER 9791291.912663
CELLSIZE 2500.000000
NODATA_VALUE       -9999
[rows 66 to 98 of 249, columns 75 to 149 of 199]
-9999 -9999 -9999 -9999 -9999 138.24 728.815 617.889 672.856 767.631 358.311 613.912 750.955 553.656 570.268 820.617 595.165 987.732 731.914 1424.78 563.549 1038.54 394.414 535.526 1402.76 805.701 561.391 633.788 725.537 344.732 394.602 513.197 457.368 431.662 452.097 705.11 432.444 887.116 472.778 574.802 984.569 1910.32 1050.7 390.705 326.764 638.794 2469.04 4002.59 -9999 -9999 -9999 -9999 -9999 -9999 -9999 -9999 -9999 -9999 -9999 -9999 -9999 -9999 -9999 -9999 -9999 -9999 -9999 -9999 -9999 -9999 -9999 -9999 -9999 -9999 -9999
-9999 -9999 -9999 -9999 -9999 254.751 639.022 443.507 583.046 722.784 735.741 422.828 989.362 1158.96 523.909 580.224 603.976 1413.95 913.236 2369.26 1219.91 727.472 676.174 309.755 799.737 1225.28 769.756 860.576 541.953 837.547 929.845 555.181 522.006 388.068 621.692 763.906 489.676 752.287 460.352 565.94 586.562 713.055 1507.92 933.678 382.311 427.11 1093.94 2095.78 209.099 -9999 -9999 -9999 -9999 -9999 -9999 -9999 -9999 -9999 -9999 -9999 -9999 -9999 -9999 -9999 -9999 -9999 -9999 -9999 -9999 -9999 -9999 -9999 -9999 -9999 -9999
-9999 -9999 -9999 -9999 -9999 88.3529 469.344 319.465 448.773 353.485 433.694 304.552 1030.38 1618.92 877.651 1285.17 931.585 536.016 707.973 1988.08 937.786 1457.35 680.987 421.372 955.072 472.142 650.901 514.722 526.534 1730.18 1616.3 618.973 458.998 466.038 546 416.362 399.827 555.59 346.841 386.75 528.683 402.584 768.629 1412.16 1308.86 569.844 456.249 141.547 209.099 -9999 -9999 -9999 -9999 -9999 -9999 -9999 -9999 -9999 -9999 -9999 -9999 -9999 -9999 -9999 -9999 -9999 -9999 -9999 -9999 -9999 -9999 -9999 -9999 -9999 -9999
-9999 -9999 -9999 -9999 -9999 -9999 137.916 224.796 595.195 325.985 390.502 439.589 813.562 471.733 1056.61 2252.54 1197.14 871.686 833.923 1461.63 1144.6 1061.48 1191.92 1187.98 1000.73 1115.79 704.728 492.846 709.731 540.992 482.252 411.504 454.077 545.186 476.581 593.33 512.779 447.567 542.394 447.834 481.438 679.465 540.344 685.982 1018.53 346.863 596.929 2069.24 -9999 -9999 -9999 -9999 -9999 -9999 -9999 -9999 -9999 -9999 -9999 -9999 -9999 -9999 -9999 -9999 -9999 -9999 -9999 -9999 -9999 -9999 -9999 -9999 -9999 -9999 -9999
-9999 -9999 -9999 -9999 -9999 -9999 346.868 769.943 588.122 554.521 709.908 524.003 556.508 387.904 434.03 691.439 674.433 770.679 554.969 907.887 870.703 453.651 674.029 1539.83 874.249 1180.89 687.815 778.008 529.671 698.465 478.013 517.348 433.924 413.622 477.884 390.381 297.324 419.173 479.668 371.945 499.04 1044.98 392.484 728.511 777.002 1241.95 1385.1 2069.24 -9999 -9999 -9999 -9999 -9999 -9999 -9999 -9999 -9999 -9999 -9999 -9999 -9999 -9999 -9999 -9999 -9999 -9999 -9999 -9999 -9999 -9999 -9999 -9999 -9999 -9999 -9999
-9999 -9999 -9999 -9999 -9999 -9999 1405.86 1535.32 905.76 362.7 498.153 228.92 276.939 359.522 426.794 729.915 587.243 205.012 391.234 732.917 522.229 417.932 673.538 687.183 629.328 515.806 449.562 633.981 1261.03 1097.17 659.842 1834.17 1395.54 392.66 741.175 435.609 262.143 1085.98 1345.39 1266.78 1474.58 920.421 548.758 551.686 603.264 837.864 726.296 -9999 -9999 -9999 -9999 -9999 -9999 -9999 -9999 -9999 -9999 -9999 -9999 -9999 -9999 -9999 -9999 -9999 -9999 -9999 -9999 -9999 -9999 -9999 -9999 -9999 -9999 -9999 -9999
-9999 -9999 -9999 -9999 -9999 -9999 1935.7 1448.96 503.347 207.154 261.97 281.265 251.463 504.46 723.245 863.79 601.905 372.168 591.096 1127.67 372.895 311.834 363.85 398.846 461.487 1084.01 1146.27 581.861 630.095 547.666 1704.4 2330.23 1457.81 561.716 595.052 590.129 392.617 1067.51 2512.77 2900.21 2244.16 881.34 580.417 577.049 571.089 367.849 656.366 1907.9 2320.71 -9999 -9999 -9999 -9999 -9999 -9999 -9999 -9999 -9999 -9999 -9999 -9999 -9999 -9999 -9999 -9999 -9999 -9999 -9999 -9999 -9999 -9999 -9999 -9999 -9999 -9999
-9999 -9999 -9999 -9999 -9999 -9999 -9999 1896.48 719.39 193.404 300.679 396.073 299.183 454.537 611.844 778.336 547.765 341.299 245.959 665.357 419.37 468.022 539.391 710.999 535.378 1058.57 1407.22 1037.78 579.02 914.935 1522.43 911.167 467.654 487.628 544.46 705.674 409.379 481.315 1421.87 1197.01 911.295 805.676 717.804 560.349 402.807 406.51 748.195 996.657 1151.48 -9999 -9999 -9999 -9999 -9999 -9999 -9999 -9999 -9999 -9999 -9999 -9999 -9999 -9999 -9999 -9999 -9999 -9999 -9999 -9999 -9999 -9999 -9999 -9999 -9999 -9999
-9999 -9999 -9999 -9999 -9999 -9999 -9999 79.1227 788.4 982.628 271.684 287.418 421.2 276.556 334.588 326.154 548.831 374.047 376.999 388.691 755.45 893.85 939.823 556.292 718.5 562.365 785.823 1619.05 831.522 767.743 770.534 474.81 337.849 385.701 624.288 646.534 390.994 422.384 374.878 571.479 1114.44 960.34 515.832 890.29 614.424 757.855 661.215 316.068 230.315 -9999 -9999 -9999 -9999 -9999 -9999 -9999 -9999 -9999 -9999 -9999 -9999 -9999 -9999 -9999 -9999 -9999 -9999 -9999 -9999 -9999 -9999 -9999 -9999 -9999 -9999
-9999 -9999 -9999 -9999 -9999 -9999 -9999 500.025 529.732 619.129 282.915 321.932 387.258 296.36 333.1 299.757 694.692 432.396 522.225 529.201 754.048 816.86 983.163 1056.58 496.091 372.356 654 588.147 682.114 440.098 799.536 773.823 737.347 336.451 489.876 669.963 471.379 512.095 297.952 889.062 829.829 1721.22 648.142 732.662 418.651 202.45 201.672 257.735 546.232 -9999 -9999 -9999 -9999 -9999 -9999 -9999 -9999 -9999 -9999 -9999 -9999 -9999 -9999 -9999 -9999 -9999 -9999 -9999 -9999 -9999 -9999 -9999 -9999 -9999 -9999
-9999 -9999 -9999 -9999 -9999 -9999 -9999 107.394 370.541 440.929 350.988 303.99 427.094 402.325 338.776 242.677 514.234 699.036 744.044 342.441 598.405 1252.41 571.179 553.212 725.02 625.745 311.971 471.817 533.873 461.658 799.505 498.943 596.756 457.152 465.836 489.429 581.318 604.083 434.759 726.572 555.797 964.155 612.634 587.725 409.222 302.003 399.664 452.974 1193.67 -9999 -9999 -9999 -9999 -9999 -9999 -9999 -9999 -9999 -9999 -9999 -9999 -9999 -9999 -9999 -9999 -9999 -9999 -9999 -9999 -9999 -9999 -9999 -9999 -9999 -9999
-9999 -9999 -9999 -9999 -9999 28.5714 152.505 216.544 499.999 402.518 565.976 473.406 324.86 348.94 373.937 240.111 328.977 415.088 411.457 230.691 490.643 677.983 683.96 582.153 452.889 801.447 710.565 470.678 634.816 549.182 781.925 328.85 821.894 603.73 340.942 502.394 579.18 512.069 564.787 842.612 773.382 837.317 528.376 504.895 658.085 350.109 344.115 1038.52 1570.75 -9999 -9999 -9999 -9999 -9999 -9999 -9999 -9999 -9999 -9999 -9999 -9999 -9999 -9999 -9999 -9999 -9999 -9999 -9999 -9999 -9999 -9999 -9999 -9999 -9999 -9999
-9999 -9999 -9999 -9999 -9999 175.285 424.165 1191.8 476.63 414.483 454.16 370.63 631.149 548.225 358.546 217.185 235.36 546.873 319.272 204.864 709.207 554.001 776.349 1043.55 685.103 751.95 511.705 660.66 447.486 374.51 603.751 479.993 507.323 372.501 567.215 324.741 229.198 594.683 497.922 1614.91 2670.49 1978.56 782.464 280.203 340.877 271.052 279.263 518.302 577.392 -9999 -9999 -9999 -9999 -9999 -9999 -9999 -9999 -9999 -9999 -9999 -9999 -9999 -9999 -9999 -9999 -9999 -9999 -9999 -9999 -9999 -9999 -9999 -9999 -9999 -9999
-9999 -9999 -9999 -9999 -9999 369.234 303.676 528.354 656.222 411.728 675.833 664.87 842.923 505.18 238.902 151.363 248.732 768.087 1319.07 415.94 541.416 225.869 847.432 707.482 687.086 432.043 554.14 667.492 486.351 567.551 514.905 264.041 360.697 387.902 464.723 591.564 297.171 450.658 587.282 1740.73 2899.07 1099.84 471.834 261.179 300.379 332.664 216.476 460.323 373.062 -9999 -9999 -9999 -9999 -9999 -9999 -9999 -9999 -9999 -9999 -9999 -9999 -9999 -9999 -9999 -9999 -9999 -9999 -9999 -9999 -9999 -9999 -9999 -9999 -9999 -9999
-9999 -9999 -9999 -9999 -9999 756.53 512.78 121.864 542.88 407.154 307.776 228.032 599.122 475.802 287.814 213.86 322.961 1179.01 2327.48 750.425 1365.1 497.483 391.928 538.78 556.446 917.287 515.816 1029.36 500.779 422.801 596.151 311.356 386.044 492.178 353.804 266.438 311.14 237.082 368.986 840.514 2186.54 1081.05 547.855 276.418 227.772 224.067 386.581 279.216 240.253 100.626 -9999 -9999 -9999 -9999 -9999 -9999 -9999 -9999 -9999 -9999 -9999 -9999 -9999 -9999 -9999 -9999 -9999 -9999 -9999 -9999 -9999 -9999 -9999 -9999 -9999
-9999 -9999 -9999 -9999 -9999 -9999 907.23 1274.28 505.456 495.59 536.146 355.317 372.917 559.223 288.413 275.94 370.886 826.834 1608.71 704.035 791.387 534.005 510.138 698.284 353.748 1407.56 922.844 1174.8 1292.25 431.887 530.176 430.156 585.807 530.157 324.068 295.619 389.988 356.039 364.587 356.704 928.847 892.767 373.164 415.862 357.691 219.403 733.653 986.478 435.751 438.211 -9999 -9999 -9999 -9999 -9999 -9999 -9999 -9999 -9999 -9999 -9999 -9999 -9999 -9999 -9999 -9999 -9999 -9999 -9999 -9999 -9999 -9999 -9999 -9999 -9999
-9999 -9999 -9999 -9999 -9999 -9999 349.772 649.721 878.889 833.242 767.077 542.264 650.965 446.677 352.433 398.956 391.804 538.481 376.493 633.661 444.333 767.723 547.722 956.875 429.338 438.052 935.904 731.058 625.303 455.515 508.577 248.382 450.055 451.507 437.51 761.259 350.59 758.19 464.121 614.346 347.286 336.493 208.036 268.725 221.1 750.131 1088.1 749.468 393.722 -9999 -9999 -9999 -9999 -9999 -9999 -9999 -9999 -9999 -9999 -9999 -9999 -9999 -9999 -9999 -9999 -9999 -9999 -9999 -9999 -9999 -9999 -9999 -9999 -9999 -9999
-9999 -9999 -9999 -9999 -9999 -9999 902.58 1224.8 1034.58 578.653 408.372 463.344 411.032 248.29 323.063 678.223 640.303 700.634 609.162 326.334 489.043 602.651 465.927 630.836 817.83 439.825 551.553 363.829 309.785 490.168 258.129 508.736 681.98 458.183 426.114 1149.78 543.731 512.762 366.059 446.828 504.693 441.136 603.956 626.843 245.598 624.634 666.948 838.328 -9999 -9999 -9999 -9999 -9999 -9999 -9999 -9999 -9999 -9999 -9999 -9999 -9999 -9999 -9999 -9999 -9999 -9999 -9999 -9999 -9999 -9999 -9999 -9999 -9999 -9999 -9999
-9999 -9999 -9999 -9999 -9999 -9999 -9999 -9999 159.446 785.649 402.136 295.672 240.103 218.975 259.883 556.959 522.12 392.781 461.057 485.21 518.339 365.475 414.032 370.665 457.15 357.978 1235.44 837.413 260.014 1194.07 590.453 436.342 790.888 345.993 623.9 873.567 519.509 228.145 307.629 380.568 384.408 342.806 331.077 543.087 432.884 448.848 1505.6 -9999 -9999 -9999 -9999 -9999 -9999 -9999 -9999 -9999 -9999 -9999 -9999 -9999 -9999 -9999 -9999 -9999 -9999 -9999 -9999 -9999 -9999 -9999 -9999 -9999 -9999 -9999 -9999
-9999 -9999 -9999 -9999 -9999 -9999 -9999 2279.9 1035.01 546.359 429.102 372.031 296.813 263.167 322.361 278.307 413.819 596.313 394.806 467.434 549.128 616.121 837.294 498.161 926.187 302.048 434.61 827.395 309.576 948.239 649.354 441.064 525.56 499.193 562.546 428.84 388.916 213.81 347.386 358.057 266.709 333.043 211.124 208.455 392.855 398.833 1358.19 -9999 -9999 -9999 -9999 -9999 -9999 -9999 -9999 -9999 -9999 -9999 -9999 -9999 -9999 -9999 -9999 -9999 -9999 -9999 -9999 -9999 -9999 -9999 -9999 -9999 -9999 -9999 -9999
-9999 -9999 -9999 -9999 -9999 -9999 -9999 2279.9 774.229 418.055 779.088 346.644 249.849 428.217 382.266 279.749 374.291 388.565 338.344 429.12 486.364 489.077 486.309 392.029 517.508 347.577 260.543 1050.13 641.18 393.794 284.718 653.264 625.104 308.909 305.346 470.561 321.064 240.855 419.95 575.247 260.736 236.842 244.703 309.515 543.216 62.6404 141.421 -9999 -9999 -9999 -9999 -9999 -9999 -9999 -9999 -9999 -9999 -9999 -9999 -9999 -9999 -9999 -9999 -9999 -9999 -9999 -9999 -9999 -9999 -9999 -9999 -9999 -9999 -9999 -9999
-9999 -9999 -9999 -9999 -9999 -9999 -9999 -9999 469.834 399.434 620.588 414.619 201.387 571.408 341.433 254.515 594.333 364.025 354.216 579.87 565.096 542.244 525.538 715.383 704.275 516.596 343.899 620.744 614.16 282.949 290.789 526.179 546.471 400.106 370.733 337.762 448.289 323.687 382.733 631.335 308.228 276.105 284.592 423.456 638.42 -9999 -9999 -9999 -9999 -9999 -9999 -9999 -9999 -9999 -9999 -9999 -9999 -9999 -9999 -9999 -9999 -9999 -9999 -9999 -9999 -9999 -9999 -9999 -9999 -9999 -9999 -9999 -9999 -9999 -9999
-9999 -9999 -9999 -9999 -9999 -9999 -9999 -9999 666.029 377.9 551.452 406.683 338.607 433.831 417.38 349.206 1202.43 447.702 336.112 413.351 423.217 441.205 977.894 1107.74 506.09 651.775 468.079 596.655 297.233 435.927 516.802 585.702 352.115 523.698 533.611 583.327 384.987 750.695 348.138 407.675 360.753 250.332 242.988 357.931 452.219 -9999 -9999 -9999 -9999 -9999 -9999 -9999 -9999 -9999 -9999 -9999 -9999 -9999 -9999 -9999 -9999 -9999 -9999 -9999 -9999 -9999 -9999 -9999 -9999 -9999 -9999 -9999 -9999 -9999 -9999
-9999 -9999 -9999 -9999 -9999 -9999 -9999 -9999 -9999 369.452 246.084 319.568 281.278 609.315 925.602 388.602 1222.09 479.74 458.488 709.749 964.701 326.007 567.57 351.209 515.894 496.815 294.25 379.731 260.839 395.92 772.396 321.598 276.862 301.423 374.313 553.719 352.017 341.827 379.145 450.522 293.967 295.845 425.562 339.626 505.616 -9999 -9999 -9999 -9999 -9999 -9999 -9999 -9999 -9999 -9999 -9999 -9999 -9999 -9999 -9999 -9999 -9999 -9999 -9999 -9999 -9999 -9999 -9999 -9999 -9999 -9999 -9999 -9999 -9999 -9999
-9999 -9999 -9999 -9999 -9999 -9999 -9999 -9999 -9999 -9999 240.79 402.871 381.373 583.64 587.89 726.209 1200.82 395.716 542.115 482.455 598.537 460.032 1012.69 550.454 369.413 877.903 329.561 442.73 339.684 536.964 515.627 400.459 372.895 467.682 619.288 365.911 348.603 323.666 302.669 380.05 787.62 363.042 291.375 465.413 811.69 -9999 -9999 -9999 -9999 -9999 -9999 -9999 -9999 -9999 -9999 -9999 -9999 -9999 -9999 -9999 -9999 -9999 -9999 -9999 -9999 -9999 -9999 -9999 -9999 -9999 -9999 -9999 -9999 -9999 -9999
-9999 -9999 -9999 -9999 -9999 -9999 -9999 -9999 -9999 -9999 2319.85 702.677 705.716 620.182 592.712 732.449 457.315 399.305 760.04 479.649 346.054 426.095 1084.56 1777.28 950.836 1124.99 423.294 749.153 753.682 663.246 918.882 388.336 379.039 399.338 768.134 551.608 296.046 362.399 243.979 310.851 932.536 366.219 362.735 941.863 1437.05 -9999 -9999 -9999 -9999 -9999 -9999 -9999 -9999 -9999 -9999 -9999 -9999 -9999 -9999 -9999 -9999 -9999 -9999 -9999 -9999 -9999 -9999 -9999 -9999 -9999 -9999 -9999 -9999 -9999 -9999
-9999 -9999 -9999 -9999 -9999 -9999 -9999 -9999 -9999 -9999 2230.65 1668.7 2322.89 1255.09 493.552 326.725 544.581 301.588 415.493 502.978 452.559 428.699 888.802 2647.2 2399.15 764.201 407.815 1290.35 530.245 854.767 1203.3 900.415 801.636 358.774 830.579 730.17 245.561 460.6 662.686 340.566 267.999 228.421 302.799 376.764 145.772 47.1405 -9999 -9999 -9999 -9999 -9999 -9999 -9999 -9999 -9999 -9999 -9999 -9999 -9999 -9999 -9999 -9999 -9999 -9999 -9999 -9999 -9999 -9999 -9999 -9999 -9999 -9999 -9999 -9999 -9999
-9999 -9999 -9999 -9999 -9999 -9999 -9999 -9999 -9999 -9999 -9999 -9999 1733.68 1005.67 446.779 262.333 608.616 492.923 926.621 782.343 400.855 379.767 936.01 2352.34 3047.13 2157.43 1512.5 1678.47 387.89 274.973 736.597 1211.55 757.722 554.089 677.93 1125.95 512.58 878.727 700.491 430.261 863.604 569.062 1214.31 1576.49 1113.04 47.1405 -9999 -9999 -9999 -9999 -9999 -9999 -9999 -9999 -9999 -9999 -9999 -9999 -9999 -9999 -9999 -9999 -9999 -9999 -9999 -9999 -9999 -9999 -9999 -9999 -9999 -9999 -9999 -9999 -9999
-9999 -9999 -9999 -9999 -9999 -9999 -9999 -9999 -9999 -9999 -9999 -9999 1658.99 663.334 375.619 473.18 447.336 419.961 628.53 819.505 548.949 682.015 925.299 700.019 1996.45 3600.33 3512.45 1655.62 209.171 964.913 374.256 378.427 655.644 1314.17 1734.52 1957.69 647.126 1723.97 1158.14 1019.84 1944.82 799.79 2109.04 2159.01 1762.89 29.3976 0 -9999 -9999 -9999 -9999 -9999 -9999 -9999 -9999 -9999 -9999 -9999 -9999 -9999 -9999 -9999 -9999 -9999 -9999 -9999 -9999 -9999 -9999 -9999 -9999 -9999 -9999 -9999 -9999
-9999 -9999 -9999 -9999 -9999 -9999 -9999 -9999 -9999 -9999 -9999 -9999 980.616 457.362 548.968 542.63 417.928 472.419 512.004 878.901 724.084 406.358 973.246 1033.67 964.652 2019.24 3449.59 2701.26 2108.98 2929.95 2637.99 1146.16 1460.75 846.96 1160.35 1743.39 672.272 631.277 850.829 2078.63 2663.92 1138.38 874.697 647.377 908.705 251.307 -9999 -9999 -9999 -9999 -9999 -9999 -9999 -9999 -9999 -9999 -9999 -9999 -9999 -9999 -9999 -9999 -9999 -9999 -9999 -9999 -9999 -9999 -9999 -9999 -9999 -9999 -9999 -9999 -9999
-9999 -9999 -9999 -9999 -9999 -9999 -9999 -9999 -9999 -9999 -9999 -9999 440.76 546.587 439.327 422.364 347.668 447.841 557.523 1077.43 541.301 940.356 714.164 508.073 662.994 5040.93 7645.26 6874.24 7450.83 6560.16 5239.57 2902.16 2599.24 590.708 759.886 626.935 370.161 523.844 1580.34 3363.19 2958.47 1044.88 953.671 1459.02 2381.98 -9999 -9999 -9999 -9999 -9999 -9999 -9999 -9999 -9999 -9999 -9999 -9999 -9999 -9999 -9999 -9999 -9999 -9999 -9999 -9999 -9999 -9999 -9999 -9999 -9999 -9999 -9999 -9999 -9999 -9999
-9999 -9999 -9999 -9999 -9999 -9999 -9999 -9999 -9999 -9999 -9999 -9999 796.643 358.791 387.51 702.06 376.831 250.324 700.753 580.851 390.942 539.898 610.117 592.74 606.22 4817.54 9120.58 6644.41 5082.73 4192.52 4323.14 3481.17 2432.75 624.97 1663.01 496.193 377.639 522.88 714.01 2633.67 2763.72 972.918 593.149 1552.9 813.18 -9999 -9999 -9999 -9999 -9999 -9999 -9999 -9999 -9999 -9999 -9999 -9999 -9999 -9999 -9999 -9999 -9999 -9999 -9999 -9999 -9999 -9999 -9999 -9999 -9999 -9999 -9999 -9999 -9999 -9999
-9999 -9999 -9999 -9999 -9999 -9999 -9999 -9999 -9999 -9999 -9999 -9999 1167.73 414.173 388.543 319.618 323.971 328.576 649.045 1333.74 758.05 677.139 503.628 538.576 586.81 1639.98 6366.18 5483.36 3184.23 1654.04 1515.68 1667.6 2104.52 581.667 1097.87 768.612 319.225 691.805 498.662 1644.83 1951.46 672.922 584.715 1744.14 789.086 -9999 -9999 -9999 -9999 -9999 -9999 -9999 -9999 -9999 -9999 -9999 -9999 -9999 -9999 -9999 -9999 -9999 -9999 -9999 -9999 -9999 -9999 -9999 -9999 -9999 -9999 -9999 -9999 -9999 -9999
