public/models/data/input/map/sulsel/2500/mapdagr.asc
NCOLS 199
NROWS 249
XLLCORNER -95260.364462
YLLCORNER 9791291.912663
CELLSIZE 2500.000000
NODATA_VALUE       -9999
[rows 0 to 33 of 249, columns 75 to 149 of 199]
-9999 -9999 -9999 -9999 -9999 -9999 -9999 -9999 -9999 -9999 -9999 -9999 -9999 -9999 -9999 -9999 -9999 -9999 -9999 -9999 -9999 -9999 -9999 -9999 -9999 -9999 -9999 -9999 -9999 -9999 -9999 -9999 -9999 -9999 -9999 -9999 -9999 -9999 -9999 -9999 -9999 -9999 -9999 -9999 -9999 -9999 25785.8 26433.6 26367.2 -9999 -9999 -9999 -9999 -9999 -9999 -9999 -9999 -9999 -9999 -9999 -9999 -9999 -9999 -9999 -9999 -9999 -9999 -9999 -9999 -9999 -9999 -9999 -9999 -9999 -9999
-9999 -9999 -9999 -9999 -9999 -9999 -9999 -9999 -9999 -9999 -9999 -9999 -9999 -9999 -9999 -9999 -9999 -9999 -9999 -9999 -9999 -9999 -9999 -9999 -9999 -9999 -9999 -9999 -9999 -9999 -9999 -9999 -9999 -9999 -9999 -9999 -9999 -9999 -9999 -9999 -9999 -9999 -9999 -9999 -9999 -9999 23032 24108.7 24969.1 25052.1 -9999 -9999 -9999 -9999 -9999 -9999 -9999 -9999 -9999 -9999 -9999 -9999 -9999 -9999 -9999 -9999 -9999 -9999 -9999 -9999 -9999 -9999 -9999 -9999 -9999
-9999 -9999 -9999 -9999 -9999 -9999 -9999 -9999 -9999 -9999 -9999 -9999 -9999 -9999 -9999 -9999 -9999 -9999 -9999 -9999 -9999 -9999 -9999 -9999 -9999 -9999 -9999 -9999 -9999 22384.3 21915.4 -9999 -9999 -9999 -9999 -9999 -9999 -9999 -9999 -9999 -9999 -9999 -9999 -9999 -9999 18718.3 20527 21516.9 22524.3 23603.2 24143.9 -9999 -9999 -9999 -9999 -9999 -9999 -9999 -9999 -9999 -9999 -9999 -9999 -9999 -9999 -9999 -9999 -9999 -9999 -9999 -9999 -9999 -9999 -9999 -9999
-9999 -9999 -9999 -9999 -9999 -9999 -9999 -9999 -9999 -9999 -9999 -9999 -9999 -9999 -9999 -9999 -9999 -9999 -9999 -9999 -9999 -9999 -9999 -9999 -9999 -9999 -9999 21533.8 21744.8 21507 20320.9 18434.1 16937.2 15998.6 14687.7 -9999 -9999 -9999 -9999 -9999 -9999 -9999 -9999 -9999 -9999 16880 18003.1 19084.9 20173.7 21771.5 23452.4 23808.6 -9999 -9999 -9999 -9999 -9999 -9999 -9999 -9999 -9999 -9999 -9999 -9999 -9999 -9999 -9999 -9999 -9999 -9999 -9999 -9999 -9999 -9999 -9999
-9999 -9999 -9999 -9999 -9999 -9999 -9999 -9999 -9999 -9999 -9999 -9999 -9999 -9999 -9999 -9999 -9999 -9999 -9999 -9999 -9999 -9999 -9999 -9999 -9999 -9999 -9999 18947.9 19831 19144.2 18070.7 16728.3 15417.4 14322.3 13259.4 9850.04 -9999 -9999 -9999 -9999 -9999 -9999 -9999 -9999 -9999 14544.9 15454.7 16620.4 18151.6 20061.8 21748.2 22762.6 -9999 -9999 -9999 -9999 -9999 -9999 -9999 -9999 -9999 -9999 -9999 -9999 -9999 -9999 -9999 -9999 -9999 -9999 -9999 -9999 -9999 -9999 -9999
-9999 -9999 -9999 -9999 -9999 -9999 -9999 -9999 -9999 -9999 -9999 -9999 -9999 -9999 -9999 -9999 -9999 -9999 -9999 -9999 -9999 -9999 -9999 16415.3 16722.2 -9999 14572 16468.9 17460.3 16952.4 15736.4 14558.2 13292.6 11914.4 10882.5 9129.89 6742.41 4269.8 -9999 3467.85 4491.89 6131.03 6347.13 -9999 -9999 12022.1 13096.8 14709.1 16532.5 18310.5 20186.8 22457.8 23371.1 -9999 -9999 -9999 -9999 -9999 -9999 -9999 -9999 -9999 -9999 -9999 -9999 -9999 -9999 -9999 -9999 -9999 -9999 -9999 -9999 -9999 -9999
-9999 -9999 -9999 -9999 -9999 -9999 -9999 -9999 -9999 -9999 -9999 -9999 -9999 -9999 -9999 -9999 -9999 -9999 -9999 -9999 -9999 15124.2 15025 14530.8 13269.7 11894.8 12753 13923.2 14906 14985.3 13432.3 12070.7 10965.7 9645.93 8327.23 7202.65 5784.36 3359.87 1148.41 1821.46 3870.78 4828.51 5319.96 5614.67 6953.85 9553.22 11047.3 12981.8 14666.6 16669 19071.7 21656.3 23646.6 24797.9 -9999 -9999 -9999 -9999 -9999 -9999 -9999 -9999 -9999 -9999 -9999 -9999 -9999 -9999 -9999 -9999 -9999 -9999 -9999 -9999 -9999
-9999 -9999 -9999 -9999 -9999 -9999 -9999 -9999 -9999 -9999 -9999 -9999 -9999 -9999 -9999 -9999 -9999 -9999 -9999 -9999 -9999 14107.9 13307 12233.3 11219.4 10234.3 10486.9 11557.2 12538.1 13322.3 11806.1 9938.74 8690.31 7526.63 6262.82 4905.83 4208.14 3553.16 2355.5 2662.76 2416.69 2507.94 3205.5 4664.7 5906.93 7694.52 9470.63 11270 13147.8 15658.8 18090.8 20682.8 23041.2 25043.3 25569.2 -9999 -9999 -9999 -9999 -9999 -9999 -9999 -9999 -9999 -9999 -9999 -9999 -9999 -9999 -9999 -9999 -9999 -9999 -9999 -9999
-9999 -9999 -9999 -9999 -9999 -9999 -9999 -9999 -9999 -9999 -9999 -9999 -9999 -9999 -9999 -9999 -9999 -9999 -9999 -9999 -9999 12176.7 10862.2 9579.54 8569.96 7606.22 7830.89 8901.96 9987.34 11618.8 10631 8102.91 6323.65 4981.04 3878.83 2668.53 1497.78 1465.37 1245.48 1925.64 797.772 517.645 1129.41 2447.4 3938.37 5924.36 7561.36 9587.04 11998.7 14558.7 16990.7 19582.7 21950.7 24576.6 26148.2 -9999 -9999 -9999 -9999 -9999 -9999 -9999 -9999 -9999 -9999 -9999 -9999 -9999 -9999 -9999 -9999 -9999 -9999 -9999 -9999
-9999 -9999 -9999 -9999 -9999 -9999 -9999 -9999 -9999 -9999 -9999 -9999 -9999 -9999 -9999 -9999 -9999 -9999 -9999 12448.4 11211.5 10302.7 9096.17 7381.26 6205.18 5238.22 5462.89 6648.56 8272.48 9709.29 9486.07 7078.49 4706.13 2860.21 1619.74 1033.17 275.99 504.829 165.807 402.416 1004.46 579.211 247.887 744.499 2366.16 4212.5 6047.16 8585.85 11017.8 13577.8 16009.8 18601.8 20969.8 23625.8 25916.8 26298.8 25007.3 -9999 -9999 -9999 -9999 -9999 -9999 -9999 -9999 -9999 -9999 -9999 -9999 -9999 -9999 -9999 -9999 -9999 -9999
-9999 -9999 -9999 -9999 -9999 -9999 -9999 -9999 -9999 -9999 -9999 -9999 -9999 -9999 -9999 -9999 -9999 -9999 11879.2 11878.9 10057 8016.98 6813.59 5436.44 3809.44 2648.69 2978.56 4780.38 6034.77 7328.01 8312.61 6249.32 3817.32 1352.54 349.142 1025.56 1499.08 1118.15 724.527 1291.38 2067.78 2118.42 495.266 63.5625 718.741 2653.19 4993.02 7542.71 9972.39 12532.4 14964.4 17556.4 19924.4 22580.4 24891.2 24766.9 22901.8 -9999 -9999 -9999 -9999 -9999 -9999 -9999 -9999 -9999 -9999 -9999 -9999 -9999 -9999 -9999 -9999 -9999 -9999
-9999 -9999 -9999 -9999 -9999 -9999 -9999 -9999 -9999 -9999 -9999 -9999 -9999 -9999 -9999 -9999 -9999 13058.7 11748.2 9893.49 8552.82 6432.56 4626.26 3342.99 2136.6 627.619 1453.25 2866.92 3747.63 5907.54 7499.92 5896.46 3466.46 1028.23 845.029 2923.7 3826.21 3454.86 2937.56 3450.24 4329.41 3676.41 1834.25 662.117 324.235 2232.98 4240.54 6632.43 9062.36 11624.4 14054.4 16646.4 19014.4 21670.4 23971.8 23628.5 21354.2 19219.1 17867 -9999 -9999 -9999 -9999 -9999 -9999 -9999 -9999 -9999 -9999 -9999 -9999 -9999 -9999 -9999 -9999
-9999 -9999 -9999 -9999 -9999 -9999 -9999 -9999 -9999 -9999 -9999 -9999 -9999 -9999 -9999 -9999 11032.3 12726.9 10971.1 8397.47 6403.45 4869.53 2975.58 1124.03 644.725 336.817 695.195 813.227 2418.6 4459.96 5530.59 6003.35 4078.69 2172.32 2137.18 4145.33 6085.76 6014.73 5496.86 5987.08 6709.41 5325.55 2976.67 821.403 197.368 1016.38 3084.98 5667.21 8097.23 10661.1 13091.2 15683.2 18051.2 20707.7 22994.7 22567.5 20131.7 17750.5 16038.7 14203.8 12601.7 -9999 -9999 -9999 -9999 -9999 -9999 -9999 -9999 -9999 -9999 -9999 -9999 -9999 -9999
-9999 -9999 -9999 -9999 -9999 -9999 -9999 -9999 -9999 -9999 -9999 -9999 -9999 -9999 10145.1 9850.19 9970.78 10672.9 9918.93 7373.01 5014.31 2809.86 1678.8 430.454 47.3081 353.264 263.454 448.942 1774.62 2342.85 3490.64 5675.8 5604.58 4515.96 4455.85 5641.13 7502.03 8434.78 7928.85 8418.65 8566.6 6372.93 4139.79 2093.72 684.619 1114.98 3291.04 5879.82 8311.81 10871.8 13303.8 15895.8 18263.8 20999.5 22930.7 21574.3 19188.1 16576 14290.1 12592.7 11036.4 -9999 -9999 -9999 -9999 -9999 -9999 -9999 -9999 -9999 -9999 -9999 -9999 -9999 -9999
-9999 -9999 -9999 -9999 -9999 -9999 -9999 -9999 -9999 -9999 -9999 -9999 -9999 9078.11 8959.17 8527.35 7681.84 8155.85 8554.89 6583.37 4219.74 1594.67 230.855 165.622 9.87561 8.7705 52.3642 741.916 440.384 672.847 2436.03 5018.29 7103.11 7101.34 7047.85 8085.19 9166.75 10684.1 10520.3 10920.3 9965.94 7671.21 5692.87 3648.65 2737.99 3087.14 4535.92 6930.49 9359.27 11919.3 14351.3 16943.3 19311.3 21957.5 22760.6 20480.5 18064.8 15492.2 13055.3 10634.7 9132.18 7351.57 4673.27 2391.65 498.427 2438.07 4748.32 7233.17 9580.23 11904.2 14390.4 16756 18554.1 17885.2 -9999
-9999 -9999 -9999 -9999 -9999 -9999 -9999 -9999 -9999 -9999 -9999 -9999 -9999 8918.59 7457.52 6181.34 5315.76 5790.93 6769.29 6873.16 4851.31 2356.2 712.5 94.3897 3.66828 0.38 4.2732 105.313 520.625 1858.87 3233.49 5575.54 8001.14 9337.2 9415.84 10452.7 11433.5 12594.8 12862.4 12865.6 11181.6 9095.88 7130.02 5870.22 5105.2 5428.81 6432.84 8048.74 10342.6 12900.1 15332.1 17924.1 20288.8 22720.3 22068.8 19508.9 17067.5 14507.7 12075.7 9485.71 7273.14 5605.53 4069.67 1856.09 414.952 1483.01 3892.12 6484.12 8852.12 11506.6 13891.7 16442.2 17593.2 17313.8 17369.2
-9999 -9999 -9999 -9999 -9999 -9999 -9999 -9999 -9999 -9999 -9999 -9999 -9999 7479.68 5665.48 3777 2669.92 3146.67 4432.3 5898.91 5083.9 3680.53 2126.39 571.438 18.4679 1.24 19.9137 52.91 364.513 2173.86 4418.05 6668.34 9056.05 11300.3 12067.8 13108.7 14089.5 15182 15476.8 14686.6 12771 10745.2 9599.12 8525.48 7761.2 8084.81 9063.96 10154.3 11633.8 14003.5 16432.3 19024.3 21391.1 23757.7 22444.2 18883.2 16103.6 13443.9 10975.5 8383.54 6015.54 3516.98 2058.71 1373.7 1316.33 1997.55 4139.92 6724.79 9091.79 11613.4 13376.9 14778.6 15082.2 14943.8 15665.3
-9999 -9999 -9999 -9999 -9999 -9999 -9999 -9999 -9999 -9999 -9999 -9999 -9999 6212.39 4198.08 2148.73 672.309 1117.86 2904.46 4044.93 2990.1 2694.51 1309.72 108.021 6.98622 1.52 0.135 67.8168 318.034 1999.6 4353.81 6945.52 9377.1 11916 14000.3 15460.7 16457.5 17550 17763.3 16171 14225.7 12975.5 11967.1 10893.5 10129.2 10452.8 11431.9 12505.6 13540 15137.1 17415.7 20005.1 22373.1 23961.2 21997.8 18780.2 16583.8 13275.3 10735.5 7731.88 5329.25 2676.91 725.043 293.255 1737.09 3638.59 5336.56 7540.55 9317.53 10670 11369.1 12425 12714.2 12579.2 13361.4
-9999 -9999 -9999 -9999 -9999 -9999 -9999 -9999 -9999 -9999 -9999 -9999 -9999 4991 2946.18 778.742 41.7432 150.619 1282.56 1790.3 840.299 690.854 503.35 108.415 147.75 10.6953 1.33 74.9934 253.292 1859.9 4183.69 6772.3 9202.18 11762.2 14194.2 16618.7 18099.6 19217.1 19430.7 17768.4 16617.6 15556.5 14549.4 13484.1 12721.2 13044.8 14023.9 15097.6 16104.9 17188.4 18669.2 21032.9 23015.9 23548.4 21474.4 18845.2 16387.7 14166.4 12466.8 9262.92 6035.73 3595.11 2008.2 750.374 1258.35 3647.88 5153.69 6138.19 7251.04 8373.24 8777.86 9832.97 10122.2 9987.16 10769.4
-9999 -9999 -9999 -9999 -9999 -9999 -9999 -9999 -9999 -9999 -9999 -9999 -9999 4064.72 2429.69 1090.55 156.749 9.36246 130.329 188.551 49.604 36.9176 67.5896 39.8013 17.0853 2.37882 2.85 28.3634 198.599 1788.38 3977.82 6328.42 8740.83 11300 13594.7 15179.7 16203.5 17304.7 18261.4 18033.1 17025.1 15964.7 14963.2 14570.3 14731.5 14834.9 15444.2 16242.8 17162.8 18223.3 19253.2 20450.9 21250.5 22206.7 21287.2 19277.1 17470.1 15319.1 12499.4 9666.69 7159.85 4850.88 2571.16 498.903 873.523 2793.6 2893.26 3860.38 5633.91 6081.03 6345.86 7410.59 7696.6 7555.17 8337.36
-9999 -9999 -9999 -9999 -9999 -9999 -9999 -9999 -9999 -9999 -9999 -9999 -9999 -9999 -9999 1583.85 555.733 203 37.2096 143.719 804.23 593.141 1180.88 653.145 390.258 173.829 31.337 11.5243 157.456 823.767 2828.51 5353.46 7784.22 10132.6 11575.7 12663.4 13644.5 14810.9 15993.3 15616.5 14609.1 13548.7 12548.3 12398.7 13327.7 13142.4 13377 14038.4 14917.4 15977.7 16985.1 17987.2 18694.3 19773.1 19862.4 17778.7 16251.2 14798.8 12659.3 10059.8 7761.11 5131.73 2987.78 1010.11 1149.94 1700.03 694.549 2210.86 3849.27 3525.31 3807.69 5161.59 5185.47 4995.17 5778.34
-9999 -9999 -9999 -9999 -9999 -9999 -9999 -9999 -9999 -9999 -9999 -9999 -9999 -9999 -9999 -9999 -9999 1770.29 660.148 242.751 1482.19 2454.45 3060.84 1750.1 1495.1 683.962 282.48 205.842 194.995 812.682 2783.5 5363.73 7564.02 8284.38 9157.79 10231.8 11258.7 12817.5 14176.9 13252.3 12177.2 11116.7 10116.3 9966.67 10895.7 10710.4 10945 11606.4 12485.4 13545.7 14553.1 15563.5 16262.4 17344.3 17824.9 16719.5 14381.8 12737.3 11492.8 9243.36 6880.34 4224.34 1917.47 387.912 215.596 276.402 44.374 758.716 1712.82 1248.47 1750.93 3167.71 2774.74 2568.18 3429.16
-9999 -9999 -9999 -9999 -9999 -9999 -9999 -9999 -9999 -9999 -9999 -9999 -9999 -9999 -9999 -9999 -9999 1748.45 685.176 280.311 567.245 2869.85 3495.05 1271.5 536.278 1814.23 2504.58 2042.05 1505.88 1283.82 3138.59 5566.22 6213.57 5730.79 6566.12 7708.95 9110.62 10882.3 12010.1 11505.3 9689.36 8524.79 7524.32 7374.67 8303.69 8118.38 8353 9014.35 9893.37 10954.2 12046.2 13251.9 13670.7 14752.3 15455.6 13886.3 11161.9 10149.6 9145.08 7961.32 6318.71 3744.49 1470.72 67.6789 1.83598 5.2316 2.71859 16.993 200.32 303.492 320.548 1011.22 610.486 454.618 1092.43
-9999 -9999 -9999 -9999 -9999 -9999 -9999 -9999 -9999 -9999 -9999 -9999 -9999 -9999 -9999 -9999 -9999 308.57 446.452 218.995 1054.75 3318.09 3927.58 1619.55 777.479 2579.14 5141.89 4528.62 3850.99 3397.56 4451.08 5469.09 4046.96 3363.01 4244.23 5761.76 7371.09 8689.61 10417.3 10457.6 8108.13 6220.43 5156.32 5006.67 5943.23 5750.38 5985 6646.36 7525.37 8658.78 10406.9 11161.2 11302.7 12384.3 13333.3 12676.7 10285.1 8047.24 6779.44 5728.58 4897.72 3056.98 881.055 18.6553 0 18.8687 41.2693 0.44 28.2698 103.621 151.682 116.693 196.752 150.965 73.52
-9999 -9999 -9999 -9999 -9999 -9999 -9999 -9999 -9999 -9999 -9999 -9999 -9999 -9999 -9999 -9999 -9999 3.50711 212.657 975.947 2453.58 4635.09 4885.58 2885.49 2362.36 3982.6 6079.58 7080.63 6491.15 5661.39 5288.43 4333.4 2454.54 981.491 2072.84 3797 4933.46 6949.76 8967.54 8635.08 6902.71 4439.25 2599.43 2391.24 3389.81 3099.7 3332.91 3993.1 4956.76 6851.46 8769.29 8544.91 8646.7 9728.32 10719 11244.7 9181.75 6625.17 4445.49 3079.11 2382.59 2021.39 328.983 1.28419 30.328 39.6761 97.8111 15.4173 28.6232 3.02627 23.5755 71.7418 948.08 1640.29 1321.97
-9999 -9999 -9999 -9999 -9999 -9999 -9999 -9999 -9999 -9999 -9999 -9999 -9999 -9999 -9999 -9999 -9999 0 701.033 2674.04 4070.37 6000.25 6279.17 5077.99 4691.72 5605.7 6578.55 7387.85 7238.86 5380.06 3408.8 2335.46 2291.83 667.873 830.651 1685.23 3349.8 5872.19 7240.6 6397.63 5245.26 3548.13 1273.69 564.455 1203.63 935.483 1177.54 1727.7 3351.39 5604.83 6938.56 6177.49 6278.7 7370.17 8693.51 10139.1 8273.92 5713.93 3286.79 1108.97 428.639 588.501 63.9091 70.6209 173.99 13.5889 7.9965 15.1585 15.4657 42.676 9.8247 421.94 2071.35 3142.35 2391.92
-9999 -9999 -9999 -9999 -9999 -9999 -9999 -9999 -9999 -9999 -9999 -9999 -9999 -9999 -9999 -9999 -9999 -9999 -9999 -9999 -9999 7976.97 8173.9 6912.17 6082.2 5224.52 4507.59 4960.89 4969.09 3967.96 1951.19 453.505 1422.51 337.586 288.403 516.367 2355.3 4172.25 4977.8 3951.56 2871.6 2096.57 941.097 353.448 638.029 189.379 109.622 569.106 2041.77 4004.17 4553.02 3586.14 3691.42 5180.14 7336.43 9229.23 7813.13 5461.75 3246.57 864.476 26.307 0 0 130.321 36.326 77.7458 18.4539 1.61627 3.47 18.7533 22.6464 577.521 1021.49 1569.2 2358.02
-9999 -9999 -9999 -9999 -9999 -9999 -9999 -9999 -9999 -9999 -9999 -9999 -9999 -9999 -9999 -9999 -9999 -9999 -9999 -9999 -9999 8736.51 7346.81 5602.33 4081.41 2921.45 2089.12 2530.88 2570.54 2137.62 1386.18 111.622 495.297 912.336 1360.22 454.765 887.429 2446.8 3413.77 1784.93 1066.98 606.349 956.517 432.234 297.943 346.819 168.436 180.503 1329.22 1907.72 2551.68 1360.86 1611.09 3959.61 6306.89 7444.03 6322.57 4360.89 2545.34 834.498 29.5648 0 2.97966 107.396 210.522 105.607 118.612 37.6491 32.1332 18.6834 84.615 56.3055 35.459 282.536 945.628
-9999 -9999 -9999 -9999 -9999 -9999 -9999 -9999 -9999 -9999 -9999 -9999 -9999 -9999 -9999 -9999 -9999 -9999 -9999 -9999 -9999 -9999 5342.59 4254.08 2097.29 785.685 300.725 366.261 711.08 415.651 845.378 866.76 1572.4 2118.96 2098.6 346.299 135.673 814.325 2065.11 1294.6 440.242 682.502 289.94 80.5593 106.06 58.315 459.747 677.319 726.262 249.684 1203.21 437.22 718.463 3104.09 5143.08 4978.59 4146.35 2815.89 989.577 112.596 10.6472 0 35.755 242.44 346.033 105.184 35.5136 5.90052 33.4128 2.02 71.3451 8.54851 3.04243 88.2091 100.023
-9999 -9999 -9999 -9999 -9999 -9999 -9999 -9999 -9999 -9999 -9999 -9999 -9999 -9999 -9999 -9999 -9999 -9999 -9999 -9999 -9999 -9999 4867.52 3311.81 996.648 27.849 81.9044 313.165 251.499 364.308 272.761 646.566 2379.44 3534.91 1865.87 674.358 838.311 321.272 467.392 748.331 402.449 202.605 68.6114 3.57266 11.3572 5.28 3.21681 46.9216 341.754 425.979 302.398 41.4011 276.996 2080.88 3486.97 2594.27 1845.83 1336.11 137.267 0.671127 0 53.4725 29.6468 23.4071 0 123.751 234.498 1.08648 17.5311 3.775 46.2447 3.89427 9.23144 171.264 30.9681
-9999 -9999 -9999 -9999 -9999 -9999 -9999 -9999 -9999 -9999 -9999 -9999 -9999 -9999 -9999 -9999 -9999 -9999 -9999 -9999 -9999 -9999 4477.82 2919.11 720.785 32.7388 92.8441 191.461 52.9685 604.681 1358.8 278.819 1335.38 2685.09 2459.85 1340.53 800.495 218.608 21.5037 388.522 139.433 124.361 14.4184 0 0 4.255 0.865 0.0682843 196.986 349.216 152.251 103.849 75.5328 677.916 1332.59 637.538 102.753 101.329 44.6162 93.6311 189.336 101.566 21.408 0 0.08 31.0689 16.1142 0 0.132414 4.4625 3.9375 0.515 2.47328 24.6297 1.6571
-9999 -9999 -9999 -9999 -9999 -9999 -9999 -9999 -9999 -9999 -9999 -9999 -9999 -9999 -9999 -9999 -9999 -9999 -9999 -9999 -9999 7301.22 5915.85 3673.58 1664.68 755.852 766.796 925.992 1066.9 1632.33 1280.56 233.337 320.359 679.967 882.774 499.019 155.494 519.026 507.785 272.97 38.883 15.4042 10.4385 0 0 3.045 13.6166 27.1669 2.66627 10.0866 44.7735 28.0013 40.3035 64.3159 65.4345 57.0405 74.5302 129.28 458.611 241.57 103.815 7.31293 0 0 0 4.08044 0 10.647 4.56049 2.8125 28.9698 19.0171 13.6748 0.154004 216.45
-9999 -9999 -9999 -9999 -9999 -9999 -9999 -9999 -9999 -9999 -9999 -9999 -9999 -9999 -9999 -9999 -9999 -9999 -9999 -9999 10813 9754.94 7361.18 5244.71 3779.36 3214.81 3174.13 3430.45 3595.19 2827.15 1038.21 736.414 571.07 335.467 140.516 277.962 1036.45 909.197 635.831 12.2519 3.1451 1.30971 0 0 1.26 1.6575 10.3345 44.9326 3.99146 55.1778 6.14108 0 0.589706 4.39338 10.9901 20.3998 131.43 11.3024 25.6187 12.9589 10.127 0 0 0 0 0 0 1.84908 2.14607 8.79213 248.331 558.036 105.127 0 2953.34
-9999 -9999 -9999 -9999 -9999 -9999 -9999 -9999 -9999 -9999 -9999 -9999 -9999 -9999 -9999 -9999 -9999 -9999 8908.67 8868.64 9199.2 9604.8 8702.3 7118.99 6116.74 5586.47 5533.3 5718.26 5175.44 2815.66 1119.19 1046.92 577.771 850.873 1176.65 908.25 2241.86 1209.96 219.874 1.38107 36.9128 1.15657 0 0 3.54 2.9825 3.1775 32.2325 14.2242 9.86573 148.066 10.0374 17.7358 32.9615 0 1.64977 23.6007 0 0 31.9413 130.669 0 0 -9999 -9999 -9999 -9999 0 -9999 17.7108 238.733 483.215 119.02 -9999 3881.93
