public/models/data/input/map/sulsel/2500/mapdplant.asc
NCOLS 199
NROWS 249
XLLCORNER -95260.364462
YLLCORNER 9791291.912663
CELLSIZE 2500.000000
NODATA_VALUE       -9999
[rows 0 to 32 of 249, columns 75 to 149 of 199]
-9999 -9999 -9999 -9999 -9999 -9999 -9999 -9999 -9999 -9999 -9999 -9999 -9999 -9999 -9999 -9999 -9999 -9999 -9999 -9999 -9999 -9999 -9999 -9999 -9999 -9999 -9999 -9999 -9999 -9999 -9999 -9999 -9999 -9999 -9999 -9999 -9999 -9999 -9999 -9999 -9999 -9999 -9999 -9999 -9999 -9999 69679.8 70066.5 69672.1 -9999 -9999 -9999 -9999 -9999 -9999 -9999 -9999 -9999 -9999 -9999 -9999 -9999 -9999 -9999 -9999 -9999 -9999 -9999 -9999 -9999 -9999 -9999 -9999 -9999 -9999
-9999 -9999 -9999 -9999 -9999 -9999 -9999 -9999 -9999 -9999 -9999 -9999 -9999 -9999 -9999 -9999 -9999 -9999 -9999 -9999 -9999 -9999 -9999 -9999 -9999 -9999 -9999 -9999 -9999 -9999 -9999 -9999 -9999 -9999 -9999 -9999 -9999 -9999 -9999 -9999 -9999 -9999 -9999 -9999 -9999 -9999 67072.7 67740.2 68247.8 68304.1 -9999 -9999 -9999 -9999 -9999 -9999 -9999 -9999 -9999 -9999 -9999 -9999 -9999 -9999 -9999 -9999 -9999 -9999 -9999 -9999 -9999 -9999 -9999 -9999 -9999
-9999 -9999 -9999 -9999 -9999 -9999 -9999 -9999 -9999 -9999 -9999 -9999 -9999 -9999 -9999 -9999 -9999 -9999 -9999 -9999 -9999 -9999 -9999 -9999 -9999 -9999 -9999 -9999 -9999 80825.9 80388 -9999 -9999 -9999 -9999 -9999 -9999 -9999 -9999 -9999 -9999 -9999 -9999 -9999 -9999 63763.8 64765.4 65148.4 65802.2 66653.8 66444.1 -9999 -9999 -9999 -9999 -9999 -9999 -9999 -9999 -9999 -9999 -9999 -9999 -9999 -9999 -9999 -9999 -9999 -9999 -9999 -9999 -9999 -9999 -9999 -9999
-9999 -9999 -9999 -9999 -9999 -9999 -9999 -9999 -9999 -9999 -9999 -9999 -9999 -9999 -9999 -9999 -9999 -9999 -9999 -9999 -9999 -9999 -9999 -9999 -9999 -9999 -9999 80643.5 80456.9 79944.4 78930.9 77450 75972.6 75054.1 73764.4 -9999 -9999 -9999 -9999 -9999 -9999 -9999 -9999 -9999 -9999 62357 62511.7 62716.4 63370.2 64296.3 64659.1 63738.5 -9999 -9999 -9999 -9999 -9999 -9999 -9999 -9999 -9999 -9999 -9999 -9999 -9999 -9999 -9999 -9999 -9999 -9999 -9999 -9999 -9999 -9999 -9999
-9999 -9999 -9999 -9999 -9999 -9999 -9999 -9999 -9999 -9999 -9999 -9999 -9999 -9999 -9999 -9999 -9999 -9999 -9999 -9999 -9999 -9999 -9999 -9999 -9999 -9999 -9999 78810.8 78558.1 77490.4 76509.6 75432.2 74427.1 73362.1 72325.5 69322.8 -9999 -9999 -9999 -9999 -9999 -9999 -9999 -9999 -9999 60305.6 60010.9 60156.4 60810.2 61736.7 62129 61339.9 -9999 -9999 -9999 -9999 -9999 -9999 -9999 -9999 -9999 -9999 -9999 -9999 -9999 -9999 -9999 -9999 -9999 -9999 -9999 -9999 -9999 -9999 -9999
-9999 -9999 -9999 -9999 -9999 -9999 -9999 -9999 -9999 -9999 -9999 -9999 -9999 -9999 -9999 -9999 -9999 -9999 -9999 -9999 -9999 -9999 -9999 81131.7 81404.6 -9999 76297.6 77016 76158.6 75058.4 74077.6 73003.9 71996.5 70936.1 69922.9 68586.6 67197.4 65642 -9999 62728.3 62378.9 61386.1 60864.4 -9999 -9999 58224.9 57584.8 57724.4 58378.2 59304.7 59697.4 58735.8 57295 -9999 -9999 -9999 -9999 -9999 -9999 -9999 -9999 -9999 -9999 -9999 -9999 -9999 -9999 -9999 -9999 -9999 -9999 -9999 -9999 -9999 -9999
-9999 -9999 -9999 -9999 -9999 -9999 -9999 -9999 -9999 -9999 -9999 -9999 -9999 -9999 -9999 -9999 -9999 -9999 -9999 -9999 -9999 83881.4 82196.5 80186.6 78035.3 75958.3 75499.3 74543.1 73566.6 72466.4 71485.6 70411.9 69404.5 68344.1 67336.8 66322.6 65311 64121.3 63062.3 62056.1 61099.4 60043.1 58962.7 57004.9 55575.5 55881.4 54993.5 55132.4 55786.2 56712.8 57118.8 56233.3 55158.9 52735.4 -9999 -9999 -9999 -9999 -9999 -9999 -9999 -9999 -9999 -9999 -9999 -9999 -9999 -9999 -9999 -9999 -9999 -9999 -9999 -9999 -9999
-9999 -9999 -9999 -9999 -9999 -9999 -9999 -9999 -9999 -9999 -9999 -9999 -9999 -9999 -9999 -9999 -9999 -9999 -9999 -9999 -9999 83757.1 81837.8 79247.8 76827.8 74579 73261.2 72179.5 71198.6 70098.4 69117.6 68043.9 67036.5 65976.1 64968.8 63986.6 63074.9 61872.8 60833.2 59762.5 58755.5 57703.7 56684.4 55590.9 54509.4 53529.7 52625.5 52764.4 53418.2 54345 54852.9 53915.6 52883.9 51525.6 50486.7 -9999 -9999 -9999 -9999 -9999 -9999 -9999 -9999 -9999 -9999 -9999 -9999 -9999 -9999 -9999 -9999 -9999 -9999 -9999 -9999
-9999 -9999 -9999 -9999 -9999 -9999 -9999 -9999 -9999 -9999 -9999 -9999 -9999 -9999 -9999 -9999 -9999 -9999 -9999 -9999 -9999 82750.9 80739.7 78147.7 75715.7 73164.2 70994.9 69536.6 68542.6 67442.4 66461.6 65387.9 64380.5 63320.1 62313.1 61361.1 60430.7 59201.9 58177.3 57135.4 56111.7 55204.4 54030.3 52954.8 51973.9 50873.7 49969.5 50108.4 50762.2 51689 52412.2 51621 50296.3 49118.2 48022.3 -9999 -9999 -9999 -9999 -9999 -9999 -9999 -9999 -9999 -9999 -9999 -9999 -9999 -9999 -9999 -9999 -9999 -9999 -9999 -9999
-9999 -9999 -9999 -9999 -9999 -9999 -9999 -9999 -9999 -9999 -9999 -9999 -9999 -9999 -9999 -9999 -9999 -9999 -9999 86084.1 84421.7 82067.9 79758.8 77166.8 74734.8 72174.8 69753.8 67496.3 66187.8 65074.4 64093.6 63019.9 62012.5 60952.4 59957.9 59074.7 57995.2 56799.7 55808.7 54750.3 53769.5 52702.8 51686.6 50587.2 49605.9 48505.7 47601.5 47740.4 48394.2 49321 50123.2 50021 48280.6 46810.6 45750.2 44102.6 42786.8 -9999 -9999 -9999 -9999 -9999 -9999 -9999 -9999 -9999 -9999 -9999 -9999 -9999 -9999 -9999 -9999 -9999 -9999
-9999 -9999 -9999 -9999 -9999 -9999 -9999 -9999 -9999 -9999 -9999 -9999 -9999 -9999 -9999 -9999 -9999 -9999 85779.3 85702.2 83702.8 81053.1 78685.1 76093.1 73661.1 71101.1 68669.1 66088.1 63980.4 62490.6 61501.6 60427.9 59420.5 58369.2 57387.6 56297.4 55296.4 54198.1 53217.3 52136.7 51161.4 50086.1 49215.2 48045.4 47015.1 45913.7 45009.5 45148.4 45802.2 46729 47533.3 48205.7 46676.1 44568.5 43252.7 42059.1 40630.9 -9999 -9999 -9999 -9999 -9999 -9999 -9999 -9999 -9999 -9999 -9999 -9999 -9999 -9999 -9999 -9999 -9999 -9999
-9999 -9999 -9999 -9999 -9999 -9999 -9999 -9999 -9999 -9999 -9999 -9999 -9999 -9999 -9999 -9999 -9999 84245 84310.7 83607.5 82381.6 80045 77677.8 75085.8 72674.9 70100.3 67661.8 65069.8 62710.3 60383.7 59084.1 57995.9 56988.5 55950.1 54933.3 53847 52866.2 51766.1 50785.2 49721.1 48747.1 47650.3 46688.6 45860.5 44698.5 43481.7 42577.5 42716.4 43370.4 44298.9 45101.3 46092.5 45445.1 43041.7 41178.9 39737.2 38642.3 36975.3 35646.4 -9999 -9999 -9999 -9999 -9999 -9999 -9999 -9999 -9999 -9999 -9999 -9999 -9999 -9999 -9999 -9999
-9999 -9999 -9999 -9999 -9999 -9999 -9999 -9999 -9999 -9999 -9999 -9999 -9999 -9999 -9999 -9999 82333.7 82937.9 82131.9 81059.1 80078 78694.2 76608.2 74025.3 71637.6 69047 66605.1 64022.9 61639.4 58996.6 56907.1 55448.2 54428.5 53368.2 52360.8 51287.1 50306.2 49206.1 48225.2 47151.5 46144.2 45081.6 44074.9 43021.6 42138.1 40925.7 40017.5 40156.4 40807.8 41738.3 42541.3 43581.3 43539.4 41767.9 39592.8 37530.3 36150.4 35044.2 33802.3 32055.7 30518.3 -9999 -9999 -9999 -9999 -9999 -9999 -9999 -9999 -9999 -9999 -9999 -9999 -9999 -9999
-9999 -9999 -9999 -9999 -9999 -9999 -9999 -9999 -9999 -9999 -9999 -9999 -9999 -9999 81780.4 81485.5 81425.3 80705 79700.8 78627.1 77646.3 76541.6 75296.6 73017.1 70586 68027.7 65594 63001 60632.2 57978 55619.3 53343.6 52008.8 50936.1 49928.8 48855.1 47874.2 46774.1 45793.2 44719.5 43712.2 42651.8 41644.4 40570.7 39592 38482.4 37585.5 37724.4 38378.2 39305 40109.3 41164.2 41256.3 40023.7 38372.8 35978 34050.9 32642.1 31616.4 30422 29007.9 -9999 -9999 -9999 -9999 -9999 -9999 -9999 -9999 -9999 -9999 -9999 -9999 -9999 -9999
-9999 -9999 -9999 -9999 -9999 -9999 -9999 -9999 -9999 -9999 -9999 -9999 -9999 80087.6 80570.4 80162.7 79174.6 78116.2 77108.8 76035.1 75054.3 73954.1 72972.2 71730.1 69512.2 66952.3 64520.3 61928.3 59561.8 56905.1 54536.3 51953.7 49802.1 48358.7 47336.8 46263.1 45282.2 44182.1 43201.2 42127.5 41120.2 40059.8 39052.4 37978.7 36997.9 35896.5 34993.5 35132.4 35786.2 36713 37517.3 38590.6 39140 37675.8 36466 34707.4 32396.9 30246.1 29025.8 27951 26963.8 25716.9 23982.8 22595 21006.2 21139.9 21653.9 21373.1 20395.6 20293.5 21083.9 21919.9 22511.1 22756.9 -9999
-9999 -9999 -9999 -9999 -9999 -9999 -9999 -9999 -9999 -9999 -9999 -9999 -9999 79564 78842.3 77815.9 76808.6 75748.2 74740.8 73667.1 72686.3 71586.1 70606.1 70031.8 68521.4 65971.4 63539.4 60947.4 58624.6 55953.2 53555.4 50963.4 48542.7 46309.4 44976.9 43895.1 42914.2 41814.1 40833.2 39759.5 38752.2 37691.8 36684.4 35610.7 34629.9 33529.7 32625.5 32764.4 33418.2 34345 35149.3 36222.9 37158.6 36178.4 34339.5 33020.2 31309 28847.9 26827.8 25583.1 24602.2 23502 22512 21335.9 20305.9 19409.6 19437.1 19161.4 18198 18429 19411.6 20479.4 21436.7 22247.9 22532.7
-9999 -9999 -9999 -9999 -9999 -9999 -9999 -9999 -9999 -9999 -9999 -9999 -9999 77302.7 76235.1 75159.9 74152.6 73092.2 72084.8 71011.1 70030.3 68930.1 67950.1 67610.1 67274.2 64871.3 62439.3 59847.3 57479.3 54823.3 52455.3 49863.3 47431.3 44879.9 42710.6 41252.3 40258.2 39158.1 38177.2 37103.5 36096.2 35035.8 34028.4 32954.7 31973.9 30873.7 29969.5 30108.4 30762.2 31689 32493.3 33566.9 34544.8 34558.8 32734.9 30713.6 29399.1 27647.3 25301.1 23119.3 21948.4 20846 19865.2 18791.5 17784.2 16765.2 16781.1 16505.4 15542 15775.6 16756.5 17830.1 18837.5 19894.6 20860.1
-9999 -9999 -9999 -9999 -9999 -9999 -9999 -9999 -9999 -9999 -9999 -9999 -9999 75819.8 74018 72792 71784.6 70724.2 69716.8 68643.1 67663.5 66562.1 65582.1 65254 65777.9 63890.4 61458.4 58866.4 56498.4 53842.4 51474.4 48882.4 46450.4 43890.4 41469.4 39211.9 37903.4 36790.1 35809.2 34735.5 33728.2 32667.8 31660.4 30586.7 29605.9 28505.7 27601.5 27740.4 28394.2 29321 30125.3 31198.9 32179.7 32616.2 30868.9 28435.3 27283.9 26049.4 24270.8 21762 19770.4 18478 17497.2 16423.5 15416.2 14397.2 14413.1 14137.4 13174 13407.6 14388.5 15462.1 16469.5 17553.6 18950.6
-9999 -9999 -9999 -9999 -9999 -9999 -9999 -9999 -9999 -9999 -9999 -9999 -9999 74567.4 72430.5 70341.5 69193.6 68132.2 67124.8 66051.1 65067.2 63970.1 62990.1 62662 63573.1 62780.9 60384.8 57792.8 55424.8 52768.8 50400.8 47808.8 45376.8 42816.8 40384.8 37803.8 35696 34206.2 33217.2 32143.5 31136.2 30075.8 29068.4 27994.7 27013.9 25913.7 25009.5 25148.4 25802.2 26729 27533.3 28606.9 29587.7 30357.6 29438.9 26960.5 24767.9 23412.4 22510 20637.5 18277.2 16057.1 14906.5 13831.5 12824.2 11805.2 11821.1 11545.4 10582 10815.6 11796.5 12870.1 13899.6 15403.5 17637.6
-9999 -9999 -9999 -9999 -9999 -9999 -9999 -9999 -9999 -9999 -9999 -9999 -9999 73534 70917.7 68975.9 66897.9 65700.2 64692.8 63619.1 62638.3 61538.1 60558.1 60230 61184.8 61460.4 59377.4 56785.4 54421.8 51769.6 49393.6 46801.4 44369.4 41809.4 39377.4 36785.4 34426 32099.3 30799.7 29711.5 28704.2 27643.8 26636.4 25562.7 24581.9 23481.7 22577.5 22716.4 23370.2 24297 25101.3 26174.9 27155.7 27960.7 27867.7 25948.1 23517.2 21269.3 19820.2 18917.9 17150.8 14637.9 12669.5 11399.6 10392.2 9373.21 9389.13 9113.43 8150.01 8383.63 9364.48 10460.3 11872.3 14200.1 16629.5
-9999 -9999 -9999 -9999 -9999 -9999 -9999 -9999 -9999 -9999 -9999 -9999 -9999 -9999 -9999 66991 65598.5 63220.9 62132.8 61059.1 60078.3 58978.1 57998.1 57670 58635 59511.3 58305.7 55725 53357 50705 48330.4 45741 43309 40749 38317 35725 33357 30712.2 28622.7 27163.8 26144.2 25083.8 24076.4 23002.7 22021.9 20921.7 20017.5 20156.4 20810.2 21737 22541.3 23614.9 24595.7 25400.9 25561.6 24805.6 22453.8 19897.3 17666.9 16158 15143.7 13458.5 11198.5 9024.3 7835.07 6813.21 6836.39 6565.91 5590.01 5823.73 6828.27 8343.77 10579.7 13137.2 15569.1
-9999 -9999 -9999 -9999 -9999 -9999 -9999 -9999 -9999 -9999 -9999 -9999 -9999 -9999 -9999 -9999 -9999 60649.8 59702 58627.1 57646.3 56546.1 55566.1 55238 56188.4 57235.7 57121.1 54718.8 52352.5 49694.5 47324.6 44733.6 42301.6 39741.6 37309.6 34717.6 32349.6 29693.6 27334.9 25059.2 23724.4 22651.8 21644.4 20570.7 19589.9 18489.7 17585.5 17724.4 18378.2 19305 20109.3 21182.9 22163.7 22968.9 23152.6 23528.4 21495.5 18876.8 16456.3 14126.5 12753.3 11592.8 10068.9 7605.06 5584.93 4381.24 4433.08 4462.4 3178.03 3414.65 4785.84 7138.51 9569.8 12129.8 14561.8
-9999 -9999 -9999 -9999 -9999 -9999 -9999 -9999 -9999 -9999 -9999 -9999 -9999 -9999 -9999 -9999 -9999 59099.3 57397.3 56038.7 55054.3 53954.1 52974.1 52646 53601.2 54673.1 55501.5 53645.2 51284.5 48619.9 46251.9 43660.2 41227.8 38667.9 36235.9 33643.9 31275.9 28619.9 26251.9 23669.3 21517.7 20074.3 19052.4 17978.7 16997.9 15897.7 14993.5 15132.4 15786.2 16713 17517.3 18590.9 19571.7 20376.9 20522 20564.2 19802.6 17796.5 15380.8 12793 10628.2 9059.18 8034.23 6404.83 4105.12 2001.25 1974.84 2918.87 1188.22 1363.58 3536.23 6137.31 8605.5 11169.4 13596.2
-9999 -9999 -9999 -9999 -9999 -9999 -9999 -9999 -9999 -9999 -9999 -9999 -9999 -9999 -9999 -9999 -9999 57747.7 56110.9 53892.1 52687.5 51586.1 50606.1 50278 51233.2 52294.2 53284.1 52612 50295.1 47639.1 45271.1 42680.4 40242 37687.1 35255.1 32663.1 30295.1 27639.1 25271.1 22679.1 20258.3 18025 16692.5 15610.7 14629.9 13529.7 12625.5 12764.4 13418.2 14345 15149.3 16222.9 17203.7 18008.9 18162.2 18656.6 18967.6 16831.9 14399.9 11807.9 9441.81 7057.7 5710.32 4591.29 3280.11 1198.35 907.386 2502.58 1118.24 1108.62 3318.93 5908.33 8358.44 10915.2 13347.2
-9999 -9999 -9999 -9999 -9999 -9999 -9999 -9999 -9999 -9999 -9999 -9999 -9999 -9999 -9999 -9999 -9999 55975.7 54971 52438.5 50330.9 48931.3 47950.1 47622 48577.2 49638.2 50643.7 51091 49194.9 46538.9 44170.9 41578.9 39146.9 36586.9 34154.9 31562.9 29194.9 26538.9 24170.9 21578.9 19146.9 16595.5 14426.2 12967.9 11973.9 10873.7 9969.51 10108.4 10762.2 11689 12493.3 13566.9 14547.7 15352.9 15506.2 16000.8 16853.2 15663.9 13299.8 10707.8 8339.8 5685.67 3523.23 2000.31 1182.86 857.212 1268.85 3423.49 3304.28 3108.95 4528.18 6894.54 9303.74 11863.5 14295.5
-9999 -9999 -9999 -9999 -9999 -9999 -9999 -9999 -9999 -9999 -9999 -9999 -9999 -9999 -9999 -9999 -9999 55732 53994 52156.3 49322.6 46786.6 45585.6 45254 46209.4 47274.7 48277 49199.6 48182.4 45558.1 43190.1 40598.1 38166.1 35611.9 33176.5 30581.5 28214.1 25558.1 23190.1 20598.1 18166.1 15606.1 13185.1 10927.6 9619.06 8505.75 7601.51 7740.43 8394.21 9321.05 10125.3 11198.9 12180.6 12995.2 13138.2 13632.8 14519.4 13966.6 12351.9 9897.17 7529.46 4873.46 2515.36 494.399 234.825 1579.49 2952.58 4696.21 5547.03 5462.7 6456.26 8063.97 10307.1 12844.4 15276.4
-9999 -9999 -9999 -9999 -9999 -9999 -9999 -9999 -9999 -9999 -9999 -9999 -9999 -9999 -9999 -9999 -9999 -9999 -9999 -9999 -9999 45359.9 43347.9 42664.3 43651.9 44677.8 45685 46720.6 46587.9 44474.7 42116.4 39530.4 37097.5 34535.2 32106.9 29504.3 27140.4 24484.4 22116.4 19524.4 17092.4 14532.8 12102.8 9519.43 7411.72 5922.96 5010.5 5148.43 5802.21 6729.05 7533.27 8612.55 9734.81 10488.7 10546.2 11040.8 11927.4 11440.7 10430.3 9112.24 7134.43 4512.22 2187.2 239.061 703.046 2475.49 4413.74 5959.96 7096.26 7926.7 9017.07 10115.6 11605.4 13940.8 16350
-9999 -9999 -9999 -9999 -9999 -9999 -9999 -9999 -9999 -9999 -9999 -9999 -9999 -9999 -9999 -9999 -9999 -9999 -9999 -9999 -9999 45120.3 41065.7 40232.2 41186.9 42246.1 43253 44289 44276.2 43028.7 41090.1 38527.7 36088.1 33525.1 31093.1 28501.1 26133.1 23477.1 21109.1 18517.1 16085.1 13525.1 11093.4 8501.07 6141.65 3815.47 2588.84 2716.61 3385.96 4377.68 5102.5 6427.67 7688.84 8063.27 8114.2 8608.83 9495.42 9008.74 8006.56 7136.94 6076.08 4026.88 1802.26 250.576 180.062 1322.94 3070.57 4316.3 5793.3 8175.1 10346.9 12252.2 13536.1 15144.8 17330.5
-9999 -9999 -9999 -9999 -9999 -9999 -9999 -9999 -9999 -9999 -9999 -9999 -9999 -9999 -9999 -9999 -9999 -9999 -9999 -9999 -9999 -9999 37333.6 37657.9 38625.2 39685.6 40693 41729 41716.5 40642.9 39526.4 37493.4 35134.4 32579 30147 27555 25187 22531 20163 17571 15139 12579 10147 7555 5187 2543.69 690.963 529.842 1157.06 2053.48 2791.84 4522.11 5262.23 5503.27 5554.2 6048.83 6966.94 6479.9 5446.56 4749.69 3667.84 2757.84 988.932 127.549 188.48 371.52 1047.38 2328.04 4490.88 7136.25 9506.96 12127.1 14488.2 16632.5 17913.6
-9999 -9999 -9999 -9999 -9999 -9999 -9999 -9999 -9999 -9999 -9999 -9999 -9999 -9999 -9999 -9999 -9999 -9999 -9999 -9999 -9999 -9999 34928.8 35210.4 36193.2 37253.6 38261 39297 39284.5 38211.3 37230.4 36111.2 34773.4 32827.8 30524.4 27934.4 25566.4 22910.4 20542.4 17950.4 15518.4 12958.4 10526.4 7934.42 5566.42 3059.66 1742.19 892.528 262.995 389.537 1167.4 2215.51 2789.97 3071.41 3111.86 3627.26 4803.02 4383.75 3043.4 2510.27 1732.5 797.021 649.594 1044.32 1598.23 377.992 190.135 1637.76 3915.26 6571.26 8954.85 11704.6 14109.1 16670.9 17490
-9999 -9999 -9999 -9999 -9999 -9999 -9999 -9999 -9999 -9999 -9999 -9999 -9999 -9999 -9999 -9999 -9999 -9999 -9999 -9999 -9999 -9999 32078 32610.5 33601.2 34661.6 35669 36705.5 36693.8 35619.3 34638.4 33564.8 32557.4 31489.4 30349.6 28629.8 26575.4 23983.6 21616 19024 16592 14032 11600.1 9009.91 6780.63 5176.45 4043.58 2084.9 455.293 333.276 274.384 314.865 520.949 764.031 706.919 1574.61 2677.26 2267.02 946.318 368.246 288.653 355.936 1264.16 2917.98 2864.87 1310.16 1388.36 3144.75 4912.37 7460.17 9828.16 12420.2 14851.7 17345.2 17517.3
-9999 -9999 -9999 -9999 -9999 -9999 -9999 -9999 -9999 -9999 -9999 -9999 -9999 -9999 -9999 -9999 -9999 -9999 -9999 -9999 -9999 27648 28907.1 30225.4 31233.4 32294.1 33301 34358.8 34448.1 33251.3 32270.4 31196.8 30189.4 29129.8 28130.3 27045.2 25986.2 24443.3 22554.3 20004.9 17572.9 15012.9 12580.9 10129.5 8667.91 7305.36 5257.13 2894 1953.3 2090.68 1770.46 1111.67 906.135 920.112 967.038 1542.1 752.628 477.715 76.743 103.251 530.258 1546 2977.72 4555.38 4526.06 3033.25 3299.7 4824.22 6558.78 8504.76 10809 13370.9 15992.5 18281.4 20291.6
-9999 -9999 -9999 -9999 -9999 -9999 -9999 -9999 -9999 -9999 -9999 -9999 -9999 -9999 -9999 -9999 -9999 -9999 -9999 -9999 24140.7 25194 26492.3 27568.6 28629.5 29687.8 30645 31796 32510.1 30847 29622.1 28540.8 27533.4 26473 25465.6 24392 23411.1 22349.5 21899.8 20970 18672.8 16114.5 13830.3 12281.4 11061.5 8739.4 6607.74 5191.39 4588.96 4734.54 4400.82 3681.25 3445.82 3364.27 3230.04 1809.58 336.414 1115.22 987.805 1199.38 2339.63 3713.76 4852.64 5480.6 5824.01 4647.7 4647.7 6840.31 8234.24 10380.7 11986.2 13696.2 17931.3 18495.2 23855.8
