public/models/data/input/map/sulsel/2500/mapdem.asc
NCOLS 199
NROWS 249
XLLCORNER -95260.364462
YLLCORNER 9791291.912663
CELLSIZE 2500.000000
NODATA_VALUE       -9999
[rows 99 to 131 of 249, columns 75 to 149 of 199]
-9999 -9999 -9999 -9999 -9999 -9999 -9999 -9999 -9999 -9999 -9999 3.66667 10.3658 165.48 342.912 225.55 420.871 713.999 676.737 290.28 191.273 164.241 75.6459 29.1996 18.0311 12.0133 6.8076 7.0251 7.09735 7.45547 8.06733 22.175 14.366 6.92553 5.90632 6.26452 6.95213 11.0433 20.0839 31.4948 21.9385 10.104 8.35213 9.00295 11.319 11.0718 3.49606 -9999 -9999 -9999 -9999 -9999 -9999 -9999 -9999 -9999 -9999 -9999 -9999 -9999 -9999 -9999 -9999 -9999 -9999 -9999 -9999 -9999 -9999 -9999 -9999 -9999 -9999 -9999 -9999
-9999 -9999 -9999 -9999 -9999 -9999 -9999 -9999 -9999 -9999 -9999 -9999 7.11111 47.4836 169.03 215.657 451.616 721.346 643.672 352.176 323.629 179.868 85.9308 42.796 22.5871 11.9847 6.5301 7.08588 6.80573 7.8169 10.6918 13.8527 8.55783 7.43045 10.8598 9.599 7.02225 11.701 15.126 26.974 17.6092 13.2423 14.1905 9.78543 13.9822 10.7992 6.11716 -9999 -9999 -9999 -9999 -9999 -9999 -9999 -9999 -9999 -9999 -9999 -9999 -9999 -9999 -9999 -9999 -9999 -9999 -9999 -9999 -9999 -9999 -9999 -9999 -9999 -9999 -9999 -9999
-9999 -9999 -9999 -9999 -9999 -9999 -9999 -9999 -9999 -9999 -9999 -9999 10 9.82628 25.9032 159.496 462.627 689.834 682.333 496.978 332.241 234.733 128.855 49.1286 30.2033 11.4315 6.2395 6.81978 7.15662 8.44845 15.4039 31.5983 15.3133 10.7415 18.0688 9.35075 6.607 9.6414 16.7169 21.7819 18.8599 21.6638 13.9793 11.078 13.4804 9.24403 2.98783 -9999 -9999 -9999 -9999 -9999 -9999 -9999 -9999 -9999 -9999 -9999 -9999 -9999 -9999 -9999 -9999 -9999 -9999 -9999 -9999 -9999 -9999 -9999 -9999 -9999 -9999 -9999 -9999
-9999 -9999 -9999 -9999 -9999 -9999 -9999 -9999 -9999 -9999 -9999 -9999 4.69815 15.9691 17.8899 134.286 431.937 460.068 569.847 531.956 393.889 289.042 151.471 58.4583 33.1333 16.7208 8.10365 8.00645 8.80685 12.0246 22.8464 63.7117 32.2483 21.3837 18.4312 7.72622 6.13858 5.66913 7.56332 9.818 16.499 24.2915 17.7514 19.0463 16.8006 9.45495 5.29438 -9999 -9999 -9999 -9999 -9999 -9999 -9999 -9999 -9999 -9999 -9999 -9999 -9999 -9999 -9999 -9999 -9999 -9999 -9999 -9999 -9999 -9999 -9999 -9999 -9999 -9999 -9999 -9999
-9999 -9999 -9999 -9999 -9999 -9999 -9999 -9999 -9999 -9999 -9999 2.81594 4.7651 20.7711 62.8473 185.129 277.509 417.669 551.632 519.51 398.063 277.076 151.993 67.9483 40.0469 17.1872 11.6763 11.4733 14.2576 13.3179 26.2207 66.4815 32.6736 26.5232 23.2143 11.9119 6.67048 7.90072 7.32623 10.1193 11.5748 17.9103 14.3967 22.6844 18.952 11.1901 7.82577 -9999 -9999 -9999 -9999 -9999 -9999 -9999 -9999 -9999 -9999 -9999 -9999 -9999 -9999 -9999 -9999 -9999 -9999 -9999 -9999 -9999 -9999 -9999 -9999 -9999 -9999 -9999 -9999
-9999 -9999 -9999 -9999 -9999 -9999 -9999 -9999 -9999 -9999 -9999 4.40457 7.7022 11.7192 55.6367 150.783 364.348 581.711 644.302 565.32 359.857 230.929 145.701 78.5787 29.3638 20.5706 11.4138 11.7949 15.8867 12.2958 31.479 66.7045 41.4992 34.8559 27.6079 21.059 17.798 20.2749 6.84972 8.23675 10.3735 8.2739 6.5539 15.0743 19.917 10.7466 3.47878 -9999 -9999 -9999 -9999 -9999 -9999 -9999 -9999 -9999 -9999 -9999 -9999 -9999 -9999 -9999 -9999 -9999 -9999 -9999 -9999 -9999 -9999 -9999 -9999 -9999 -9999 -9999 -9999
-9999 -9999 -9999 -9999 -9999 -9999 -9999 -9999 -9999 -9999 -9999 -9999 3.96958 4.06855 16.7203 170.853 348.254 472.038 597.915 542.448 433.149 272.599 166.072 81.3819 45.3409 34.9137 15.3504 10.4685 13.706 13.393 38.3919 73.5528 50.0132 36.4025 33.6634 28.5817 25.9007 14.4502 13.9027 10.2605 9.5576 8.87865 12.2758 18.9579 19.4824 10.8269 2.63774 -9999 -9999 -9999 -9999 -9999 -9999 -9999 -9999 -9999 -9999 -9999 -9999 -9999 -9999 -9999 -9999 -9999 -9999 -9999 -9999 -9999 -9999 -9999 -9999 -9999 -9999 -9999 -9999
-9999 -9999 -9999 -9999 -9999 -9999 -9999 -9999 -9999 -9999 -9999 -9999 -9999 7.33952 11.1808 119.104 199.232 279.312 441.742 527.346 430.604 316.776 220.166 142.723 90.8264 52.8068 20.7193 12.4819 12.9669 16.7281 38.8727 79.8877 71.1049 48.4544 47.9453 49.0763 36.4656 28.0832 27.2502 16.4233 17.4811 11.2102 9.77655 17.1654 13.2203 12.935 7.78201 1.26316 -9999 -9999 -9999 -9999 -9999 -9999 -9999 -9999 -9999 -9999 -9999 -9999 -9999 -9999 -9999 -9999 -9999 -9999 -9999 -9999 -9999 -9999 -9999 -9999 -9999 -9999 -9999
-9999 -9999 -9999 -9999 -9999 -9999 -9999 -9999 -9999 -9999 -9999 -9999 -9999 5.83696 15.4738 160.26 209.997 360.599 442.799 567.922 534.208 373.034 252.119 162.641 102.3 51.6063 24.2555 16.4793 19.6146 24.3253 47.4132 92.5875 93.5051 64.5109 64.7007 57.7468 46.5938 63.2617 42.4067 34.5841 29.0209 13.9355 11.3267 14.7626 15.5549 15.4813 8.73466 1.18069 -9999 -9999 -9999 -9999 -9999 -9999 -9999 -9999 -9999 -9999 -9999 -9999 -9999 -9999 -9999 -9999 -9999 -9999 -9999 -9999 -9999 -9999 -9999 -9999 -9999 -9999 -9999
-9999 -9999 -9999 -9999 -9999 -9999 -9999 -9999 -9999 -9999 -9999 2.793 2.77644 5.1448 15.94 83.6641 321.155 464.732 639.799 753.574 671.007 492.973 386.704 217.975 122.792 56.6701 29.571 20.3183 22.7473 28.0331 53.0638 98.2285 105.409 84.03 80.4638 75.2504 72.4244 60.4004 47.5185 62.6038 38.6025 18.008 16.126 11.4649 12.6364 13.9857 9.37945 2.25383 -9999 -9999 -9999 -9999 -9999 -9999 -9999 -9999 -9999 -9999 -9999 -9999 -9999 -9999 -9999 -9999 -9999 -9999 -9999 -9999 -9999 -9999 -9999 -9999 -9999 -9999 -9999
-9999 -9999 -9999 -9999 -9999 -9999 -9999 -9999 -9999 -9999 -9999 2.32257 1.07207 9.64072 69.9893 73.4157 194.727 387.475 766.629 916.059 723.065 628.953 452.552 376.454 171.264 85.7351 44.5442 34.5908 33.3069 26.8867 51.644 87.3672 107.557 107.554 107.063 91.0975 93.5733 77.7983 61.6278 51.3786 46.5758 34.5514 22.8318 13.477 10.2853 9.25437 3.88135 0 -9999 -9999 -9999 -9999 -9999 -9999 -9999 -9999 -9999 -9999 -9999 -9999 -9999 -9999 -9999 -9999 -9999 -9999 -9999 -9999 -9999 -9999 -9999 -9999 -9999 -9999 -9999
-9999 -9999 -9999 -9999 -9999 -9999 -9999 -9999 -9999 -9999 -9999 7.73333 4.53316 18.0585 90.3131 112.918 53.9773 176.811 667.997 948.914 877.294 876.161 689.852 556.649 265.001 129.761 75.9195 58.7728 55.7144 30.1158 50.1956 91.3407 123.289 142.89 154.451 119.607 132.315 103.259 79.1115 87.159 89.6578 40.222 24.7644 14.1227 6.54115 3.1687 1.95066 -9999 -9999 -9999 -9999 -9999 -9999 -9999 -9999 -9999 -9999 -9999 -9999 -9999 -9999 -9999 -9999 -9999 -9999 -9999 -9999 -9999 -9999 -9999 -9999 -9999 -9999 -9999 -9999
-9999 -9999 -9999 -9999 -9999 -9999 -9999 -9999 -9999 -9999 -9999 9.30199 8.34682 11.0999 55.6806 87.195 59.9825 132.496 598.587 1151.44 984.44 853.985 785.957 618.834 340.504 169.007 113.464 94.4511 95.4488 84.2356 37.6872 116.163 189.383 214.361 181.157 143.185 147.087 147.77 104.884 101.698 96.9894 31.3881 21.3415 21.3606 9.20555 1.36433 0 -9999 -9999 -9999 -9999 -9999 -9999 -9999 -9999 -9999 -9999 -9999 -9999 -9999 -9999 -9999 -9999 -9999 -9999 -9999 -9999 -9999 -9999 -9999 -9999 -9999 -9999 -9999 -9999
-9999 -9999 -9999 -9999 -9999 -9999 -9999 -9999 -9999 -9999 -9999 4.5636 5.2309 35.8299 110.15 161.291 125.723 132.204 629.499 1153.69 1008.95 890.339 752.525 595.321 421.851 229.403 152.824 126.643 182.601 199.11 62.9066 220.837 298.059 319.968 255.395 212.971 170.361 140.998 139.945 111.641 102.838 52.2729 20.5952 13.7868 12.7993 11.4183 21.8989 -9999 -9999 -9999 -9999 -9999 -9999 -9999 -9999 -9999 -9999 -9999 -9999 -9999 -9999 -9999 -9999 -9999 -9999 -9999 -9999 -9999 -9999 -9999 -9999 -9999 -9999 -9999 -9999
-9999 -9999 -9999 -9999 -9999 -9999 -9999 -9999 -9999 -9999 -9999 3.57684 4.86735 38.8748 99.5491 182.685 198.444 139.588 504.344 1094.68 895.864 713.593 633.634 581.016 508.364 285.087 187.994 155.079 169.093 143.405 79.8103 202.427 276.919 291.119 306.508 289.495 212.772 188.669 131.284 98.5565 80.6472 80.8943 43.634 23.7282 16.5842 10.2774 16.1979 30.0526 43.4615 -9999 -9999 -9999 -9999 -9999 -9999 -9999 -9999 -9999 -9999 -9999 -9999 -9999 -9999 -9999 -9999 -9999 -9999 -9999 -9999 -9999 -9999 -9999 -9999 -9999 -9999
-9999 -9999 -9999 -9999 -9999 -9999 -9999 -9999 -9999 -9999 1.46667 4.87831 7.87896 36.4328 79.2366 117.049 140.565 159.111 421.062 989.913 1132.44 879.994 770.017 587.981 355.763 229.246 187.624 155.422 112.399 150.379 94.9904 163.716 213.529 275.944 371.257 376.34 293.644 229.73 142.564 126.265 83.4361 77.9211 59.1287 38.2556 16.1563 10.7052 11.085 27.6077 32.0771 -9999 -9999 -9999 -9999 -9999 -9999 -9999 -9999 -9999 -9999 -9999 -9999 -9999 -9999 -9999 -9999 -9999 -9999 -9999 -9999 -9999 -9999 -9999 -9999 -9999 -9999
-9999 -9999 -9999 -9999 -9999 -9999 -9999 -9999 -9999 -9999 0.4 5.48779 14.4426 56.6731 20.5709 96.5105 106.616 130.236 263.149 579.87 949.921 790.734 562.355 447.954 290.194 201.303 166.066 150.903 146.05 133.827 92.3351 100.603 174.477 285.672 407.263 405.312 360.98 243.033 166.236 136.561 88.7718 74.493 50.6312 38.3689 23.2822 14.284 6.32005 7.62298 18.2583 -9999 -9999 -9999 -9999 -9999 -9999 -9999 -9999 -9999 -9999 -9999 -9999 -9999 -9999 -9999 -9999 -9999 -9999 -9999 -9999 -9999 -9999 -9999 -9999 -9999 -9999
-9999 -9999 -9999 -9999 -9999 -9999 -9999 -9999 -9999 -9999 -9999 5.40006 18.2767 97.9524 103.76 44.3398 69.9306 131.296 373.483 707.896 779.026 587.285 446.03 316.242 218.321 319.634 188.759 149.939 114.586 161.23 100.113 126.764 183.229 316.954 452.551 446.227 401.956 284.98 198.609 151.044 83.6813 54.4846 54.7869 41.3482 28.4228 13.4942 8.87688 12.2012 -9999 0 0 0 -9999 -9999 -9999 -9999 -9999 -9999 -9999 -9999 -9999 -9999 -9999 -9999 -9999 -9999 -9999 -9999 -9999 -9999 -9999 -9999 -9999 -9999 -9999
-9999 -9999 -9999 -9999 -9999 -9999 -9999 -9999 -9999 -9999 -9999 16.9053 53.4638 160.615 182.869 83.9109 61.7712 123.904 380.475 725.417 749.74 800.618 754.115 566.097 325.144 332.888 199.444 149.798 100.175 92.3097 91.8482 129.251 181.66 381.36 514.73 444.248 340.555 302.605 251.532 159.329 97.8031 66.207 63.8158 47.3843 33.8972 20.8022 10.9206 9.21919 -9999 0 0 0 -9999 -9999 -9999 -9999 -9999 -9999 -9999 -9999 -9999 -9999 -9999 -9999 -9999 -9999 -9999 -9999 -9999 -9999 -9999 -9999 -9999 -9999 -9999
-9999 -9999 -9999 -9999 -9999 -9999 -9999 -9999 -9999 -9999 -9999 9.17193 76.8281 193.289 247.595 226.9 177.523 292.769 460.431 831.683 873.664 844.507 801.936 620.567 576.771 340.195 221.653 172.79 122.605 118.319 77.0657 113.256 178.091 363.85 491.219 422.216 321.749 344.12 279.013 177.438 109.16 75.7124 48.2929 41.6833 39.4137 25.4382 11.9016 15.5182 -9999 -9999 -9999 -9999 -9999 -9999 -9999 -9999 -9999 -9999 -9999 -9999 -9999 -9999 -9999 -9999 -9999 -9999 -9999 -9999 -9999 -9999 -9999 -9999 -9999 -9999 -9999
-9999 -9999 -9999 -9999 -9999 -9999 -9999 -9999 -9999 -9999 2.16667 3.29973 17.5074 233.262 380.423 267.046 189.053 415.402 676.915 769.745 977.104 907.946 897.653 596.266 593.315 405.261 290.338 205.277 135.765 92.2663 81.1348 101.597 178.329 304.429 425.378 459.979 378.907 286.553 279.4 189.991 117.703 82.832 57.2079 37.8744 35.6574 27.2206 15.0978 19.9204 30.525 -9999 -9999 0 0 -9999 -9999 -9999 -9999 -9999 -9999 -9999 -9999 -9999 -9999 -9999 -9999 -9999 -9999 -9999 -9999 -9999 -9999 -9999 -9999 -9999 -9999
-9999 -9999 -9999 -9999 -9999 -9999 -9999 -9999 -9999 3.125 3.82512 3.55041 5.19345 161.53 348.303 448.041 267.202 256.355 547.148 865.951 680.11 520.842 487.498 535.964 761.788 682.255 446.221 294.752 161.016 91.4825 81.0925 96.4798 197.19 264.559 379.619 529.944 436.876 257.87 247.983 204.804 115.368 82.6025 53.8387 38.1068 33.8808 24.6986 22.9452 32.5766 14.3223 9.08798 -9999 -9999 -9999 -9999 -9999 -9999 -9999 -9999 -9999 -9999 -9999 -9999 -9999 -9999 -9999 -9999 -9999 -9999 -9999 -9999 -9999 -9999 -9999 -9999 -9999
-9999 -9999 -9999 -9999 -9999 -9999 -9999 -9999 -9999 1.46292 2.67368 4.0245 7.4188 136.396 415.329 423.989 336.66 307.278 471.311 774.012 636.028 574.323 590.359 486.395 591.305 812.868 548.984 238.017 173.05 99.8583 90.8654 98.3986 141.544 264.145 353.74 489.696 281.662 171.297 137.692 129.442 104.704 81.3307 49.776 36.4721 29.414 29.8342 24.5503 58.8644 25.2336 13.7521 34.4063 0 -9999 -9999 -9999 -9999 -9999 -9999 -9999 -9999 -9999 -9999 -9999 -9999 -9999 -9999 -9999 -9999 -9999 -9999 -9999 -9999 -9999 -9999 -9999
0 0 -9999 -9999 -9999 0 -9999 0 0.4 2.90206 4.05597 5.85105 9.2045 55.0217 173.494 330.988 505.273 334.756 441.85 907.335 906.771 791.548 798.591 551.506 476.553 621.942 409.443 191.602 176.091 98.9863 90.0064 94.3478 112.712 245.029 470.837 399.127 197.908 148.277 115.616 113.848 111.633 86.3847 54.245 41.1446 27.9026 29.6765 16.7525 18.9912 13.8546 19.8496 11.4863 0 -9999 -9999 -9999 -9999 -9999 -9999 -9999 -9999 -9999 -9999 -9999 -9999 -9999 -9999 -9999 -9999 -9999 -9999 -9999 -9999 -9999 -9999 -9999
0 0 -9999 -9999 -9999 0 7.31111 0 4.40387 3.4861 4.67562 7.3986 9.60255 33.8601 111.844 290.179 563.815 360.539 523.278 1073.46 1047.84 1020.62 903.521 658.502 561.854 776.023 489.475 176.927 132.714 99.1614 87.7486 101.694 106.963 248.082 499.475 367.747 276.468 201.925 146.639 125.926 103.116 75.5004 52.7671 40.199 29.1125 93.4426 32.3893 27.1025 14.065 4.45709 -9999 -9999 -9999 -9999 -9999 -9999 -9999 -9999 -9999 -9999 -9999 -9999 -9999 -9999 -9999 -9999 -9999 -9999 -9999 -9999 -9999 -9999 -9999 -9999 -9999
0 0 -9999 -9999 -9999 1.33595 1.40823 1.27778 3.22764 4.08288 5.02203 8.1438 12.5729 49.1626 145.778 237.202 323.216 304.147 383.735 720.067 837.336 935.654 829.294 663.223 755.136 747.153 500.817 236.454 143.952 116.714 101.708 104.364 116.27 225.764 472.819 536.598 500.779 369.457 251.79 179.233 120.247 77.7823 57.0029 40.1181 38.2427 84.8496 38.2836 15.0034 13.9533 -9999 -9999 -9999 -9999 -9999 -9999 -9999 -9999 -9999 -9999 -9999 -9999 -9999 -9999 -9999 -9999 -9999 -9999 -9999 -9999 -9999 -9999 -9999 -9999 -9999 -9999
0 0 -9999 -9999 -9999 3.5 0 2.00537 3.18483 3.48102 5.25207 8.1738 14.8021 80.3197 105.031 224.919 331.982 387.338 364.745 464.485 736.99 883.072 876.081 926.695 998.547 751.88 487.096 296.499 177.661 132.41 108.986 104.75 113.381 194.878 363.961 643.311 648.87 384.144 261.573 231.892 197.008 133.816 61.1127 41.242 29.6875 23.3176 31.5253 14.751 15.447 -9999 -9999 -9999 -9999 -9999 -9999 -9999 -9999 -9999 -9999 -9999 -9999 -9999 -9999 -9999 -9999 -9999 -9999 -9999 -9999 -9999 -9999 -9999 -9999 -9999 -9999
0 -9999 -9999 -9999 6.14815 3.48889 2.85336 3.41621 3.76782 3.54335 5.76135 8.84565 17.4018 69.7184 72.3828 236.15 284.907 260.107 314.91 371.266 699.99 1319.36 1325.13 1311.44 1070.42 747.101 442.608 302.275 192.302 124.794 110.404 102.597 98.6044 131.161 277.674 602.279 665.308 441.933 290.608 215.541 167.445 125.658 65.6588 43.7941 31.4397 25.2105 23.4255 7.54242 3.59524 -9999 -9999 -9999 -9999 -9999 -9999 -9999 -9999 -9999 -9999 -9999 -9999 -9999 -9999 -9999 -9999 -9999 -9999 -9999 -9999 -9999 -9999 -9999 -9999 -9999 -9999
-9999 -9999 -9999 -9999 0 3.06316 3.21091 4.2749 3.98482 3.95095 6.17855 10.2455 13.3779 35.1005 48.4473 101.34 236.463 355.924 336.313 343.398 657.987 1249.95 1337.38 1141.42 976.214 588.842 312.089 232.866 170.606 137.583 124.875 115.695 102.018 115.293 207.075 442.033 491.937 365.259 279.666 177.934 142.712 137.153 65.3736 42.0503 31.6448 25.9687 19.8285 10.6045 -9999 -9999 -9999 -9999 -9999 -9999 -9999 -9999 -9999 -9999 -9999 -9999 -9999 -9999 -9999 -9999 -9999 -9999 -9999 -9999 -9999 -9999 -9999 -9999 -9999 -9999 -9999
0 -9999 -9999 -9999 0 -9999 -9999 4.57563 6.54625 12.6464 13.6626 7.16945 14.6193 103.611 122.84 153.217 187.622 339.04 305.066 321.837 483.19 938.138 1061.66 728.701 660.502 439.02 247.001 245.579 213.188 181.681 137.801 115.889 114.814 107.485 192.151 348.898 344.75 343.555 223.711 136.771 100.314 88.3289 53.6241 29.1341 25.2337 19.4318 10.2232 13.5549 -9999 -9999 -9999 -9999 -9999 -9999 -9999 -9999 -9999 -9999 -9999 -9999 -9999 -9999 -9999 -9999 -9999 -9999 -9999 -9999 -9999 -9999 -9999 -9999 -9999 -9999 -9999
0 -9999 -9999 0 0 -9999 0.818182 4.14899 4.89296 7.2327 10.9298 33.6004 49.1362 255.453 305.043 344.355 198.183 190.919 262.911 291.167 401.58 789.625 718.934 514.147 401.642 306.683 293.684 272.29 208.712 201.73 155.575 126.081 115.824 117.695 142.705 270.19 341.686 257.525 270.759 184.095 122.376 71.798 72.1797 52.0533 43.798 20.9328 10.724 26.3067 -9999 -9999 -9999 -9999 -9999 -9999 -9999 -9999 -9999 -9999 -9999 -9999 -9999 -9999 -9999 -9999 -9999 -9999 -9999 -9999 -9999 -9999 -9999 -9999 -9999 -9999 -9999
0 0 -9999 0 -9999 -9999 -9999 3.51538 4.10478 4.5042 5.34735 33.5364 144.958 298.239 215.999 383.85 309.024 157.216 180.737 291.138 435.802 800.181 771.009 604.497 462 381.338 375.923 253.228 270.05 234.086 167.168 125.487 115.202 132.499 135.139 205.903 383.311 326.267 282.285 246.622 153.917 102.931 84.3768 31.8418 11.7738 9.90168 6.82439 5.525 -9999 -9999 -9999 -9999 -9999 -9999 -9999 -9999 -9999 -9999 -9999 -9999 -9999 -9999 -9999 -9999 -9999 -9999 -9999 -9999 -9999 -9999 -9999 -9999 -9999 -9999 -9999
0 0 0 0 -9999 -9999 -9999 2.35774 4.07517 4.3819 5.08145 9.65425 74.5967 181.84 202.112 278.716 366.543 288.027 199.568 283.073 474.813 757.109 727.685 600.145 440.135 439.617 387.845 263.907 305.908 222.824 177.229 135.635 126.318 132.963 142.024 172.317 268.041 434.027 282.499 276.477 170.382 97.1554 42.342 8.32443 4.10859 -9999 -9999 -9999 -9999 -9999 -9999 0 -9999 -9999 -9999 -9999 -9999 -9999 -9999 -9999 -9999 -9999 -9999 -9999 -9999 -9999 -9999 -9999 -9999 -9999 -9999 -9999 -9999 -9999 -9999
