public/models/data/input/map/sulsel/2500/mapdplant.asc
NCOLS 199
NROWS 249
XLLCORNER -95260.364462
YLLCORNER 9791291.912663
CELLSIZE 2500.000000
NODATA_VALUE       -9999
[rows 66 to 98 of 249, columns 75 to 149 of 199]
-9999 -9999 -9999 -9999 -9999 56819 55568.3 53018.5 50586.5 48026.2 45591.8 43000 40632 37976 35612.9 33384.2 30678.4 28019.6 25609.5 23000.6 20622.9 17974.1 15602.6 13116.5 11242.9 9945.37 8813.39 7766.78 7720.38 8785.77 9884.83 12049.9 14306.3 16810.9 19242.9 21762.5 21894.9 19329.3 16961.3 14369.3 11937.3 9377.68 6944.39 4352.17 2030.67 959.168 2616.86 4485.69 -9999 -9999 -9999 -9999 -9999 -9999 -9999 -9999 -9999 -9999 -9999 -9999 -9999 -9999 -9999 -9999 -9999 -9999 -9999 -9999 -9999 -9999 -9999 -9999 -9999 -9999 -9999
-9999 -9999 -9999 -9999 -9999 57194.2 56474.7 54016 51584 49024 46592 44000 41632 39002.5 37009.7 35630.5 32040.5 29231.9 27255.9 24115.8 21808.2 19001.8 16815.7 14938.3 13491.2 12254.5 11242.6 10198.8 10152.4 11217.7 12199.1 13639.9 15697.4 17852.8 20250.3 22759.8 22793.2 20210.8 17842.8 15250.8 12818.8 10258.8 7826.8 5294.48 3585.4 3121.05 4350.6 6009.56 7482.07 -9999 -9999 -9999 -9999 -9999 -9999 -9999 -9999 -9999 -9999 -9999 -9999 -9999 -9999 -9999 -9999 -9999 -9999 -9999 -9999 -9999 -9999 -9999 -9999 -9999 -9999
-9999 -9999 -9999 -9999 -9999 58050.4 57399.2 55076.4 52644.4 50084.4 47652.4 45060.4 42692.4 40077.7 37826.9 35230.3 33098 30635 27991.5 25126.5 22908.8 20307.5 18568.3 17168.1 15980.8 14808.6 13802.6 12758.8 12712.4 13777.7 14758.6 15837.5 17175 19286.7 21356.4 23820.2 23853.7 21270.7 18903.2 16311.2 13878.6 11319.4 8940.12 7100.47 6066.47 5609.6 6318.55 7013.95 7482.07 -9999 -9999 -9999 -9999 -9999 -9999 -9999 -9999 -9999 -9999 -9999 -9999 -9999 -9999 -9999 -9999 -9999 -9999 -9999 -9999 -9999 -9999 -9999 -9999 -9999 -9999
-9999 -9999 -9999 -9999 -9999 -9999 58028.6 56076.3 53651.7 51091.7 48659.7 46067.7 43699.7 41047.9 38702.1 36722.8 34902.4 32333.8 28685.1 26477.3 24530.8 21964.8 20722.9 19406 18315.6 17241.9 16234.6 15190.8 15144.4 16209.7 17190.6 18264.2 19276.9 20700 22725.7 24858.6 24881 22271.9 19910.5 17322 14882.3 12379.5 10622.7 9479.33 8498.47 8032.67 9243.79 12263.3 -9999 -9999 -9999 -9999 -9999 -9999 -9999 -9999 -9999 -9999 -9999 -9999 -9999 -9999 -9999 -9999 -9999 -9999 -9999 -9999 -9999 -9999 -9999 -9999 -9999 -9999 -9999
-9999 -9999 -9999 -9999 -9999 -9999 59071.6 57138 54725.4 52165.4 49733.4 47141.4 44774.3 42179.5 40314.7 38465.5 36214.7 32376.9 30085.1 27960.7 26003.7 24225.4 23073 21902.1 20894.3 19833.9 18826.6 17782.8 17736.4 18801.7 19782.6 20856.2 21863.6 22931.3 24254.3 26292.9 25955.6 23352.2 20984.2 18392.2 16019.9 14205.5 13145 12071.3 11090.5 10733.2 11601.7 12263.3 -9999 -9999 -9999 -9999 -9999 -9999 -9999 -9999 -9999 -9999 -9999 -9999 -9999 -9999 -9999 -9999 -9999 -9999 -9999 -9999 -9999 -9999 -9999 -9999 -9999 -9999 -9999
-9999 -9999 -9999 -9999 -9999 -9999 60059.5 58131.4 55706.3 53146.3 50714.3 48122.3 45754.3 43227.2 41100 38561.6 35928.5 33506.3 31476.8 29401.6 27860.5 26418.8 25346.2 24269.7 23262.3 22201.9 21194.6 20150.8 20104.4 21169.7 22150.6 23224.2 24231.6 25292 26305.3 27598.9 26965.8 24333 21965 19416.6 17659.6 16520.3 15512.9 14439.3 13458.5 13142 14059.1 -9999 -9999 -9999 -9999 -9999 -9999 -9999 -9999 -9999 -9999 -9999 -9999 -9999 -9999 -9999 -9999 -9999 -9999 -9999 -9999 -9999 -9999 -9999 -9999 -9999 -9999 -9999 -9999
-9999 -9999 -9999 -9999 -9999 -9999 59541.3 58795.1 56801.1 54246.4 51814.4 49222.4 46854.4 44198.4 41830.4 39257.5 37192.8 35053.2 33092.7 31452 30187.4 28980.2 27999.4 26948.7 25925 24857.9 23850.6 22806.8 22760.4 23825.7 24806.6 25880.2 26887.6 27948 28955.4 29660.7 28087.7 25433.2 23121.7 21286 20236.7 19176.3 18168.9 17095.3 16114.5 15897.4 17611 19746.6 20139.1 -9999 -9999 -9999 -9999 -9999 -9999 -9999 -9999 -9999 -9999 -9999 -9999 -9999 -9999 -9999 -9999 -9999 -9999 -9999 -9999 -9999 -9999 -9999 -9999 -9999 -9999
-9999 -9999 -9999 -9999 -9999 -9999 -9999 58773.5 57710.9 55226.9 52795.3 50203.3 47835.3 45179.3 42820.2 40564 38566.1 36559.8 34958.3 33537.1 32451.3 31348.2 30367.4 29421.5 28385.3 27225.9 26218.6 25174.8 25128.4 26193.7 27174.6 28248.2 29255.6 30316 31322.6 31256.2 29070.1 26470.6 24770.3 23616.3 22602.8 21544.3 20536.9 19463.3 18482.5 18269.4 19026.8 20450.2 20875.4 -9999 -9999 -9999 -9999 -9999 -9999 -9999 -9999 -9999 -9999 -9999 -9999 -9999 -9999 -9999 -9999 -9999 -9999 -9999 -9999 -9999 -9999 -9999 -9999 -9999 -9999
-9999 -9999 -9999 -9999 -9999 -9999 -9999 -9999 57754.8 56248 53868.9 51283.5 48925.8 46259.2 44229.2 42092.3 40208.1 38626.1 37204.8 36021.6 35040.4 33940.2 32959.4 31920.9 31019.2 29820.1 28810.6 27766.8 27720.4 28785.7 29766.6 30840.2 31847.6 32908 33798.6 32503.6 30187.3 28300.5 27277.7 26206.8 25200.1 24136.3 23128.9 22055.3 21074.5 20854.9 21572.4 22555.1 22906.8 -9999 -9999 -9999 -9999 -9999 -9999 -9999 -9999 -9999 -9999 -9999 -9999 -9999 -9999 -9999 -9999 -9999 -9999 -9999 -9999 -9999 -9999 -9999 -9999 -9999 -9999
-9999 -9999 -9999 -9999 -9999 -9999 -9999 -9999 59046.6 57226.1 54876.3 52285.2 49923.8 47615.2 45660 43647.5 42142.8 40647.7 39529 38453.3 37472.4 36372.2 35391.4 34317.8 33314.7 32249.9 31242.6 30198.8 30152.4 31217.7 32198.4 33268.9 34278.9 35337.2 35680.3 33578.8 31864 30693 29709.7 28636.1 27628.7 26578.4 25560.9 24487.3 23506.5 23286.9 24004.4 25032.3 26365.9 -9999 -9999 -9999 -9999 -9999 -9999 -9999 -9999 -9999 -9999 -9999 -9999 -9999 -9999 -9999 -9999 -9999 -9999 -9999 -9999 -9999 -9999 -9999 -9999 -9999 -9999
-9999 -9999 -9999 -9999 -9999 -9999 -9999 63132.6 60511.2 58368.8 55971.1 53466.4 51315.7 49127.9 47291.1 45685.9 44268.1 43094.8 42086.9 41013.3 40032.4 38932.2 37951.4 36877.7 35870.3 34809.9 33802.6 32758.8 32712.4 33777.7 34758.6 35834.9 36844.1 37827.4 37173.4 35382.8 34350.2 33241.6 32268.6 31196.1 30188.7 29138.1 28120.9 27047.3 26066.5 25846.9 26564.8 27582 28211.1 -9999 -9999 -9999 -9999 -9999 -9999 -9999 -9999 -9999 -9999 -9999 -9999 -9999 -9999 -9999 -9999 -9999 -9999 -9999 -9999 -9999 -9999 -9999 -9999 -9999 -9999
-9999 -9999 -9999 -9999 -9999 69980.3 69777.8 63511.6 61916.6 59397.2 57165.8 54718.7 52747.1 50682.2 49222.5 47703.9 46588.8 45526.3 44518.9 43445.3 42464.4 41364.2 40383.4 39309.7 38302.3 37241.9 36234.6 35190.8 35144.4 36209.7 37190.6 38265.5 39273.4 39967.2 38911.1 37773.7 36788.6 35686.7 34702.4 33628.1 32620.7 31560.3 30552.9 29479.3 28498.5 28278.9 29000.9 30002.1 30104.7 -9999 -9999 -9999 -9999 -9999 -9999 -9999 -9999 -9999 -9999 -9999 -9999 -9999 -9999 -9999 -9999 -9999 -9999 -9999 -9999 -9999 -9999 -9999 -9999 -9999 -9999
-9999 -9999 -9999 -9999 -9999 69464.2 68563.2 65315.9 63008.8 60472.9 58369.7 56266.6 54713.1 52746.1 51373.8 50186.4 49178.7 48118.3 47110.9 46037.3 45056.4 43956.2 42975.4 41901.7 40894.3 39833.2 38823.7 37782.8 37736.4 38801.7 39783 40865.3 41863.3 42335.9 41449.9 40353.2 39374.9 38274.6 37293.7 36220.1 35212.7 34152.3 33144.9 32071.3 31090.5 30870.9 31588.4 32597.2 33014.4 -9999 -9999 -9999 -9999 -9999 -9999 -9999 -9999 -9999 -9999 -9999 -9999 -9999 -9999 -9999 -9999 -9999 -9999 -9999 -9999 -9999 -9999 -9999 -9999 -9999 -9999
-9999 -9999 -9999 -9999 -9999 69777.4 68877.5 66422.6 63996.3 61767.8 59778.4 57956.5 56398.9 54721.3 53632.5 52554.1 51546.7 50486.3 49478.9 48404.2 47375.3 46310.5 45343 44269.7 43262.3 42206.7 41204.8 40150.8 40104.4 41169.7 42154.1 43230.1 44231.9 44698.9 43868.5 42723.1 41748.6 40642.6 39661.7 38588.1 37580.7 36520.3 35512.9 34439.3 33458.5 33238.9 33969.9 34980.4 36538 -9999 -9999 -9999 -9999 -9999 -9999 -9999 -9999 -9999 -9999 -9999 -9999 -9999 -9999 -9999 -9999 -9999 -9999 -9999 -9999 -9999 -9999 -9999 -9999 -9999 -9999
-9999 -9999 -9999 -9999 -9999 70798.7 69992.3 67252.7 65428.6 63367.7 61668.8 59958.2 58473.1 57264.6 56283.7 55210.1 54202.7 53142.3 52134.9 51106.2 51143.5 49324.6 47987.4 46905.2 45918.3 44881.9 43851.4 42806.8 42760.4 43825.7 44806.6 45880.2 46887.6 47354.9 46453.3 45649.3 44395.4 43298.6 42317.7 41244.1 40236.7 39176.3 38168.9 37095.3 36114.5 35894.9 36612.3 37630.5 38687.1 39825.6 -9999 -9999 -9999 -9999 -9999 -9999 -9999 -9999 -9999 -9999 -9999 -9999 -9999 -9999 -9999 -9999 -9999 -9999 -9999 -9999 -9999 -9999 -9999 -9999 -9999
-9999 -9999 -9999 -9999 -9999 -9999 70461 68370.5 66834.9 65061.1 63455.7 61829 60735.6 59632.6 58651.7 57578.1 56570.7 55510.3 54502.9 53464.1 53282.1 54062.7 51557.6 49239.6 48286.3 47230.2 46216.2 45174.8 45128.4 46193.7 47174.4 48247.4 49258 49723.9 48821.3 47753.7 46766.8 45666.6 44685.7 43612.1 42604.7 41544.3 40536.9 39463.3 38482.5 38262.9 38980.3 39998.4 40920.1 41319.9 -9999 -9999 -9999 -9999 -9999 -9999 -9999 -9999 -9999 -9999 -9999 -9999 -9999 -9999 -9999 -9999 -9999 -9999 -9999 -9999 -9999 -9999 -9999 -9999 -9999
-9999 -9999 -9999 -9999 -9999 -9999 -9999 68137.3 68163.7 66827.6 65358.3 64175.9 63194.7 62094.5 61113.7 60040 59032.6 57972.3 56964.9 55953.3 55854.5 56626.4 56389.4 51945.8 50878.4 49895 48825 47766.8 47720.4 48784.8 49891.5 50992.1 51956.3 52328.6 51400 50331 49358.8 48258.6 47277.7 46204.1 45196.7 44136.3 43128.9 42055.3 41057.7 40853.8 41553.2 42185.9 42298.9 -9999 -9999 -9999 -9999 -9999 -9999 -9999 -9999 -9999 -9999 -9999 -9999 -9999 -9999 -9999 -9999 -9999 -9999 -9999 -9999 -9999 -9999 -9999 -9999 -9999 -9999
-9999 -9999 -9999 -9999 -9999 -9999 -9999 -9999 67472.4 65963.6 64728.5 63653.3 62672.5 61572.3 60591.4 59517.8 58510.4 57450.1 56442.7 55734 56346.9 56923 55620.3 54319.1 53310.3 52251.1 51245.1 50216.7 50151.6 51215.9 52574 54897.5 54590.4 54756.4 53892.4 52775.1 51790.8 50690.6 49709.7 48636.1 47628.7 46568.3 45560.9 44491.9 43523.2 43285.7 43662.9 42551.6 -9999 -9999 -9999 -9999 -9999 -9999 -9999 -9999 -9999 -9999 -9999 -9999 -9999 -9999 -9999 -9999 -9999 -9999 -9999 -9999 -9999 -9999 -9999 -9999 -9999 -9999 -9999
-9999 -9999 -9999 -9999 -9999 -9999 -9999 -9999 61533 62774.6 62198.5 61124.8 60143.9 59043.8 58062.9 56989.3 55981.9 54921.5 53914.2 53236.5 53948.9 55045.9 55891.6 56215 55747.1 54804.3 53802.6 52762.5 52697.3 53834.2 54938.5 57417.9 57504.4 57474.3 56429.8 55337.9 54351.6 53249.6 52269.7 51196.1 50188.7 49128 48121 47043.3 46147 45849.4 46246.9 -9999 -9999 -9999 -9999 -9999 -9999 -9999 -9999 -9999 -9999 -9999 -9999 -9999 -9999 -9999 -9999 -9999 -9999 -9999 -9999 -9999 -9999 -9999 -9999 -9999 -9999 -9999 -9999
-9999 -9999 -9999 -9999 -9999 -9999 -9999 62386.8 61371.8 60733.6 59766.5 58692.8 57711.9 56611.8 55630.9 54557.3 53549.9 52489.5 51482.2 50804.5 51516.9 52617.1 53597.9 54671.6 55621.8 56199.5 56035.2 55250.7 55145.7 56216.2 57191.3 58467.7 59723.2 59819.1 58846.7 57765.3 56782.8 55691.4 54701.7 53622 52615.3 51597.2 50563 49584.3 48536.1 47884.2 47738 -9999 -9999 -9999 -9999 -9999 -9999 -9999 -9999 -9999 -9999 -9999 -9999 -9999 -9999 -9999 -9999 -9999 -9999 -9999 -9999 -9999 -9999 -9999 -9999 -9999 -9999 -9999 -9999
-9999 -9999 -9999 -9999 -9999 -9999 -9999 62386.8 60684.8 58621.5 57176.6 56100.8 55119.9 54019.8 53038.9 51965.3 50957.9 49897.5 48890.2 48212.5 48924.9 50025.1 51005.9 52079.6 53087 54147.4 55146.9 56028.7 56727.6 57814.5 58795.4 59869.7 60913.7 61617.5 61310.2 60355.6 59374.8 58291.5 57289.1 56265 55462.2 54217.6 53145.6 52072.7 51440.9 49021.6 -9999 -9999 -9999 -9999 -9999 -9999 -9999 -9999 -9999 -9999 -9999 -9999 -9999 -9999 -9999 -9999 -9999 -9999 -9999 -9999 -9999 -9999 -9999 -9999 -9999 -9999 -9999 -9999 -9999
-9999 -9999 -9999 -9999 -9999 -9999 -9999 -9999 60251.5 56665.1 54776.5 53732.8 52751.9 51651.8 50670.9 49597.3 48589.9 47529.5 46522.2 45844.5 46556.9 47657.1 48637.9 49711.6 50719 51779.4 52786.7 53860.4 54841.3 55941.4 56922.3 57996 59003.3 60197.5 61989.9 62635.4 61742.8 60681 59665.3 58594.9 57835.2 56524.8 55512.9 54440.1 53961.7 -9999 -9999 -9999 -9999 -9999 -9999 -9999 -9999 -9999 -9999 -9999 -9999 -9999 -9999 -9999 -9999 -9999 -9999 -9999 -9999 -9999 -9999 -9999 -9999 -9999 -9999 -9999 -9999 -9999 -9999
-9999 -9999 -9999 -9999 -9999 -9999 -9999 -9999 -9999 53791.3 52340.6 51077.9 50095.9 48995.8 48014.9 46941.3 45933.9 44873.5 43866.2 43188.5 43900.9 45001.1 45981.9 47055.6 48063 49123.4 50130.7 51204.4 52185.3 53285.4 54266.3 55340.6 56501.7 58591.8 61015.9 63434 64195.9 63298.6 62317.7 61244.1 60302.7 59176.8 58168.9 57096.1 56576.3 -9999 -9999 -9999 -9999 -9999 -9999 -9999 -9999 -9999 -9999 -9999 -9999 -9999 -9999 -9999 -9999 -9999 -9999 -9999 -9999 -9999 -9999 -9999 -9999 -9999 -9999 -9999 -9999 -9999 -9999
-9999 -9999 -9999 -9999 -9999 -9999 -9999 -9999 -9999 53378.5 50869.4 48876.2 47729 46627.8 45646.9 44573.3 43565.9 42505.5 41498.2 40820.5 41532.9 42633.1 43613.9 44687.6 45695 46755.4 47762.7 48836.4 49817.3 50917.4 51898.5 53115.2 55069.3 57602.7 59994.5 62483.2 64726 65534.8 64682.2 63612.1 62604.8 61544.3 60536.9 59462.8 58720.5 -9999 -9999 -9999 -9999 -9999 -9999 -9999 -9999 -9999 -9999 -9999 -9999 -9999 -9999 -9999 -9999 -9999 -9999 -9999 -9999 -9999 -9999 -9999 -9999 -9999 -9999 -9999 -9999 -9999 -9999
-9999 -9999 -9999 -9999 -9999 -9999 -9999 -9999 -9999 -9999 49268.9 47330.1 45345.5 44046.4 43055.9 42066.9 40995.3 39972.4 38906.2 38228.5 38940.9 40041.1 41021.9 42095.6 43103 44163.4 45170.7 46244.4 47225.3 48326 49449.6 51546.2 53969.4 56484 58816.5 61395.1 63632 65214 65890.6 65869.4 65171.2 64136.3 63128.9 62081.3 61007.3 -9999 -9999 -9999 -9999 -9999 -9999 -9999 -9999 -9999 -9999 -9999 -9999 -9999 -9999 -9999 -9999 -9999 -9999 -9999 -9999 -9999 -9999 -9999 -9999 -9999 -9999 -9999 -9999 -9999 -9999
-9999 -9999 -9999 -9999 -9999 -9999 -9999 -9999 -9999 -9999 48483.8 46493.5 44029.1 41831.8 40635 40025.7 38941.2 37670.6 36496 35796.5 36508.9 37609.1 38589.9 39663.6 40671 41731.4 42738.7 43812.4 44793.3 46070.1 48099.3 50663.4 52945.4 55377.9 57796.7 60232.6 61681 62806 63786.8 64905.2 66331.4 66527.2 65560.9 64601.2 64428.4 -9999 -9999 -9999 -9999 -9999 -9999 -9999 -9999 -9999 -9999 -9999 -9999 -9999 -9999 -9999 -9999 -9999 -9999 -9999 -9999 -9999 -9999 -9999 -9999 -9999 -9999 -9999 -9999 -9999 -9999
-9999 -9999 -9999 -9999 -9999 -9999 -9999 -9999 -9999 -9999 48053.9 46541.8 44112.6 39102 38076.8 37566.7 37462 35016.8 33917.3 33235.9 33948.9 35049.1 36029.9 37103.6 38111 39171.4 40178.7 41252.4 42244.2 44099.4 47843.9 49876.1 51775.4 54302.6 56591.5 58153.1 59145.8 60246.1 61289.5 63143.6 65533.8 67788.7 68053.4 67275.4 68160 -9999 -9999 -9999 -9999 -9999 -9999 -9999 -9999 -9999 -9999 -9999 -9999 -9999 -9999 -9999 -9999 -9999 -9999 -9999 -9999 -9999 -9999 -9999 -9999 -9999 -9999 -9999 -9999 -9999 -9999
-9999 -9999 -9999 -9999 -9999 -9999 -9999 -9999 -9999 -9999 -9999 -9999 36428.3 36532 35630.9 34616.7 33711.1 32477 31482.2 30804.5 31517 32617.1 33597.9 34671.6 35679 36739.4 37746.7 38835 40173 42982.9 45695.9 48448.6 50843.4 53170.6 54640.5 55732.9 56713.8 57877.4 59567.8 62094.5 64526.5 67084.9 69231.7 69610.1 69747.7 -9999 -9999 -9999 -9999 -9999 -9999 -9999 -9999 -9999 -9999 -9999 -9999 -9999 -9999 -9999 -9999 -9999 -9999 -9999 -9999 -9999 -9999 -9999 -9999 -9999 -9999 -9999 -9999 -9999 -9999
-9999 -9999 -9999 -9999 -9999 -9999 -9999 -9999 -9999 -9999 -9999 -9999 36157 34006 33038.9 32105.7 31526 29925 28890.2 28212.5 28925 30025.1 31005.9 32079.6 33087 34147.4 35169.4 36725.4 38551.2 46628.2 46753.1 48432.4 49902.3 51057.6 52067.3 53141.1 54180.3 56095.1 58428.8 61020.8 63452.8 66012.8 68444.8 70768 71904.2 -9999 -9999 -9999 -9999 -9999 -9999 -9999 -9999 -9999 -9999 -9999 -9999 -9999 -9999 -9999 -9999 -9999 -9999 -9999 -9999 -9999 -9999 -9999 -9999 -9999 -9999 -9999 -9999 -9999 -9999
-9999 -9999 -9999 -9999 -9999 -9999 -9999 -9999 -9999 -9999 -9999 -9999 31866.1 31639.6 30678.1 29671.6 29107.8 27550.3 26522.2 25844.5 26557 27657.1 28637.9 29711.6 30719 31790.3 33198.6 35564.7 37046.8 47624.8 47159.8 46710.8 47631.5 48691.9 49699.3 50831.4 52493.1 55079.9 57447.9 60039.9 62471.9 65031.9 67440.7 69371.5 70254 -9999 -9999 -9999 -9999 -9999 -9999 -9999 -9999 -9999 -9999 -9999 -9999 -9999 -9999 -9999 -9999 -9999 -9999 -9999 -9999 -9999 -9999 -9999 -9999 -9999 -9999 -9999 -9999 -9999 -9999
-9999 -9999 -9999 -9999 -9999 -9999 -9999 -9999 -9999 -9999 -9999 -9999 29529.3 28992.6 28031.1 26954.4 25927.6 24874.8 23866.2 23188.5 23901 25001.1 25981.9 27055.6 28061.3 29437.5 32951.7 34528.5 -9999 -9999 44204.1 44058.6 44975.5 46036 47106.7 48990.1 51323.8 53979.8 56347.8 58939.8 61371.8 63878.2 65658 66996 68888.7 -9999 -9999 -9999 -9999 -9999 -9999 -9999 -9999 -9999 -9999 -9999 -9999 -9999 -9999 -9999 -9999 -9999 -9999 -9999 -9999 -9999 -9999 -9999 -9999 -9999 -9999 -9999 -9999 -9999 -9999
-9999 -9999 -9999 -9999 -9999 -9999 -9999 -9999 -9999 -9999 -9999 -9999 27739.8 26629.8 25670.8 24593.6 23567.3 22505.4 21498.2 20820.5 21533 22633.1 23613.9 24687.6 25692.4 26205.5 -9999 -9999 -9999 -9999 41589.6 41687.5 42607.5 43730.6 45448.3 47974.9 50342.9 52998.9 55366.9 57958.9 60379.5 62301.7 63356.5 64318 64564.7 -9999 -9999 -9999 -9999 -9999 -9999 -9999 -9999 -9999 -9999 -9999 -9999 -9999 -9999 -9999 -9999 -9999 -9999 -9999 -9999 -9999 -9999 -9999 -9999 -9999 -9999 -9999 -9999 -9999 -9999
-9999 -9999 -9999 -9999 -9999 -9999 -9999 -9999 -9999 -9999 -9999 -9999 25284.8 24034 23051.6 21980 20973.9 19913.5 18906.2 18228.5 18941 20041.1 21021.9 22095.6 23080.9 23522.8 23589.4 -9999 -9999 -9999 39060.7 39096.6 40076.5 41919 44309.2 46901.2 49268 51972.9 54298.4 56885.2 58924.5 59841.3 60764.6 61815.3 62240.2 -9999 -9999 -9999 -9999 -9999 -9999 -9999 -9999 -9999 -9999 -9999 -9999 -9999 -9999 -9999 -9999 -9999 -9999 -9999 -9999 -9999 -9999 -9999 -9999 -9999 -9999 -9999 -9999 -9999 -9999
