public/models/data/input/map/sulsel/2500/mapdcenter.asc
NCOLS 199
NROWS 249
XLLCORNER -95260.364462
YLLCORNER 9791291.912663
CELLSIZE 2500.000000
NODATA_VALUE       -9999
[rows 99 to 131 of 249, columns 75 to 149 of 199]
-9999 -9999 -9999 -9999 -9999 -9999 -9999 -9999 -9999 -9999 -9999 -9999 31925.4 31329.7 30652.1 29768.4 28765.4 27705.6 26698.2 25625 24861.7 25006.9 23388.4 20823.4 18391.4 15831.4 13399.4 10807.4 8439.43 5783.43 3433.34 1557.6 2620.15 5091.49 7523.43 10115.4 12483.4 15139.4 17507.4 20099.4 22531.4 25091.4 27523.4 30115.4 32483.4 35054.2 36562.3 -9999 -9999 -9999 -9999 -9999 -9999 -9999 -9999 -9999 -9999 -9999 -9999 -9999 -9999 -9999 -9999 -9999 -9999 -9999 -9999 -9999 -9999 -9999 -9999 -9999 -9999 -9999 -9999
-9999 -9999 -9999 -9999 -9999 -9999 -9999 -9999 -9999 -9999 -9999 -9999 32173.4 29804.6 29884.6 30698 30194.6 28869.1 27854.1 26781 25848 24791.1 23214.8 20947.2 18563.3 16005.4 13573.4 10981.4 8613.4 5957.45 3634.68 1926.64 2870.91 5266.11 7697.4 10289.4 12657.4 15313.4 17681.4 20273.4 22705.4 25265.4 27697.4 30289.4 32657.4 35313.4 37569.6 -9999 -9999 -9999 -9999 -9999 -9999 -9999 -9999 -9999 -9999 -9999 -9999 -9999 -9999 -9999 -9999 -9999 -9999 -9999 -9999 -9999 -9999 -9999 -9999 -9999 -9999 -9999 -9999
-9999 -9999 -9999 -9999 -9999 -9999 -9999 -9999 -9999 -9999 -9999 -9999 -9999 27102.4 27460.7 28518.8 28880.3 27025.6 25692.5 24614.6 23632.8 22533.8 21552.3 20402.2 18980.7 16961.7 14579.1 11987.1 9619.11 7008.45 5273.21 4281.36 4836.08 6401.44 8703.11 11295.1 13663.1 16319.1 18687.1 21279.1 23711.1 26271.1 28703.1 31295.1 33663.1 36319.1 38470.6 -9999 -9999 -9999 -9999 -9999 -9999 -9999 -9999 -9999 -9999 -9999 -9999 -9999 -9999 -9999 -9999 -9999 -9999 -9999 -9999 -9999 -9999 -9999 -9999 -9999 -9999 -9999 -9999
-9999 -9999 -9999 -9999 -9999 -9999 -9999 -9999 -9999 -9999 -9999 -9999 25265.7 24670.4 24870.7 25927.3 26831.2 25689.3 23478.8 22030.6 21041.7 19941.3 18960.4 17887.1 16881.4 16494.5 15542.1 13060.8 10734.3 8809.65 7777.65 6873.36 7412.66 8489.71 9944.29 12369.4 14736.7 17392.7 19760.7 22352.7 24784.7 27344.7 29776.7 32367.8 34623.5 36708.4 37752.9 -9999 -9999 -9999 -9999 -9999 -9999 -9999 -9999 -9999 -9999 -9999 -9999 -9999 -9999 -9999 -9999 -9999 -9999 -9999 -9999 -9999 -9999 -9999 -9999 -9999 -9999 -9999 -9999
-9999 -9999 -9999 -9999 -9999 -9999 -9999 -9999 -9999 -9999 -9999 23177 23209.3 22314.8 22502.7 23559.4 24564.1 24527.4 22287.9 19965.4 18678 17573.3 16592.4 15519.1 14513.4 14338.4 15095.2 14033.3 12318.8 11126.4 10145.6 9241.36 9780.66 10839.8 11863.9 13467.2 15717.6 18373.6 20741.6 23333.6 25765.6 28325.6 30757.6 33170.8 33940.9 34762.3 35371.6 -9999 -9999 -9999 -9999 -9999 -9999 -9999 -9999 -9999 -9999 -9999 -9999 -9999 -9999 -9999 -9999 -9999 -9999 -9999 -9999 -9999 -9999 -9999 -9999 -9999 -9999 -9999 -9999
-9999 -9999 -9999 -9999 -9999 -9999 -9999 -9999 -9999 -9999 -9999 22865.1 21051.2 19669.4 19846.7 20902.7 21910 22687.3 21183.9 18595.6 16413.3 14921 13936.9 12863.1 11857.4 11683.4 12656 13655.1 14046.2 13692.9 12801.5 11897.4 12436.7 13495.8 14503.2 15591.9 16992.4 19473.7 21841.7 24433.7 26865.7 29425 31665 32157.8 31419.4 32104.5 32894.1 -9999 -9999 -9999 -9999 -9999 -9999 -9999 -9999 -9999 -9999 -9999 -9999 -9999 -9999 -9999 -9999 -9999 -9999 -9999 -9999 -9999 -9999 -9999 -9999 -9999 -9999 -9999 -9999
-9999 -9999 -9999 -9999 -9999 -9999 -9999 -9999 -9999 -9999 -9999 -9999 18612.4 17305.6 17478.7 18533.7 19542 20560.3 20111.3 17613.4 15246.7 12859.6 11575.5 10495.1 9489.4 9315.43 10288 11363.6 12519.1 14530.6 15047.2 14265.4 14804.7 15863.8 16871.2 17944.8 18940.7 20572.2 22823.3 25414.6 27846.6 30217 30797.7 29850 29051.4 29727.7 30222.7 -9999 -9999 -9999 -9999 -9999 -9999 -9999 -9999 -9999 -9999 -9999 -9999 -9999 -9999 -9999 -9999 -9999 -9999 -9999 -9999 -9999 -9999 -9999 -9999 -9999 -9999 -9999 -9999
-9999 -9999 -9999 -9999 -9999 -9999 -9999 -9999 -9999 -9999 -9999 -9999 -9999 14894.2 14881.9 15942.7 16950.4 18183.4 18840.1 16539.8 14171.9 11517.2 9359.51 7907.33 6897.4 6723.43 7696.36 9004.58 11023.7 13671.8 15905 16754.9 17396.6 18455.8 19463.2 20536.8 21517.7 22634.5 24063.8 26488.3 28733.8 29263.4 28331.6 27258 26459.4 27141.3 27667.9 27293.5 -9999 -9999 -9999 -9999 -9999 -9999 -9999 -9999 -9999 -9999 -9999 -9999 -9999 -9999 -9999 -9999 -9999 -9999 -9999 -9999 -9999 -9999 -9999 -9999 -9999 -9999 -9999
-9999 -9999 -9999 -9999 -9999 -9999 -9999 -9999 -9999 -9999 -9999 -9999 -9999 11510.1 12439.2 13511.3 14673.3 16756.9 17821.9 15532.4 13164.4 10508.3 8143.34 5801.52 4472.98 4293.34 5455.85 7649.74 10008.4 12664.4 15032.2 17506.4 19391.7 20839.4 21895.1 22968.8 23949.7 25049.8 26047 27412.2 27840.8 26907 25899.6 24826 24027.4 24715 25688.5 26222.6 -9999 -9999 -9999 -9999 -9999 -9999 -9999 -9999 -9999 -9999 -9999 -9999 -9999 -9999 -9999 -9999 -9999 -9999 -9999 -9999 -9999 -9999 -9999 -9999 -9999 -9999 -9999
-9999 -9999 -9999 -9999 -9999 -9999 -9999 -9999 -9999 -9999 -9999 -9999 -9999 9054.79 9878.29 11132.4 13145.2 15681.5 16779.7 14498.6 12130.6 9474.56 7106.69 4516.26 2307.67 1995.19 4021.67 6606.56 8974.56 11630.6 13998.6 16590.6 19022.6 21547.6 23680 25376.3 26469.2 27189.3 27159.9 26399.6 25407.4 24347 23339.6 22266 21467.4 22155.1 23181.2 24359.4 -9999 -9999 -9999 -9999 -9999 -9999 -9999 -9999 -9999 -9999 -9999 -9999 -9999 -9999 -9999 -9999 -9999 -9999 -9999 -9999 -9999 -9999 -9999 -9999 -9999 -9999 -9999
-9999 -9999 -9999 -9999 -9999 -9999 -9999 -9999 -9999 -9999 -9999 -9999 5111.25 6521.65 7591.15 9700.92 12122.1 14680.8 16324.9 14452.2 12084.2 9428.17 7060.17 4468.47 2230.97 1907.99 3972.39 6560.17 8928.17 11584.2 13952.2 16544.2 18976.2 21536.2 23968.2 26536.1 27592.5 26096.4 25056.4 23982.8 22975.4 21915 20907.6 19834 19035.4 19730.7 21216 23204 -9999 -9999 -9999 -9999 -9999 -9999 -9999 -9999 -9999 -9999 -9999 -9999 -9999 -9999 -9999 -9999 -9999 -9999 -9999 -9999 -9999 -9999 -9999 -9999 -9999 -9999 -9999
-9999 -9999 -9999 -9999 -9999 -9999 -9999 -9999 -9999 -9999 -9999 1264.15 2850.12 4069.69 6040.53 8616.85 11048.8 13608.8 15937.5 15475.3 13132.9 10477 8110.9 5751.89 4399.18 4218.06 5399.48 7616.9 9976.95 12632.9 15000.9 17592.9 20024.9 22584.9 25017 27394 26926.7 24349.1 22573.4 21390.8 20383.4 19323 18315.6 17242 16443.4 17145 18033.6 -9999 -9999 -9999 -9999 -9999 -9999 -9999 -9999 -9999 -9999 -9999 -9999 -9999 -9999 -9999 -9999 -9999 -9999 -9999 -9999 -9999 -9999 -9999 -9999 -9999 -9999 -9999 -9999
-9999 -9999 -9999 -9999 -9999 -9999 -9999 -9999 -9999 -9999 -9999 1244.4 1074.52 2805.69 5163.29 7755.29 10187.3 12747.3 15178.7 16229.1 14113.8 11458.2 9266.63 7771 6756.28 6583.17 7557.48 8900.63 10962 13613.8 15981.8 18573.6 21005.6 23565.3 25997.8 27695 25985 23328.7 21000.3 19082.9 18015.4 16955 15947.6 14874 14075.4 14616.8 16757.4 -9999 -9999 -9999 -9999 -9999 -9999 -9999 -9999 -9999 -9999 -9999 -9999 -9999 -9999 -9999 -9999 -9999 -9999 -9999 -9999 -9999 -9999 -9999 -9999 -9999 -9999 -9999 -9999
-9999 -9999 -9999 -9999 -9999 -9999 -9999 -9999 -9999 -9999 -9999 3212.57 2451.22 3581.87 5751.8 8340.61 10772 13332.2 15764.3 17197.8 15214.3 12802 11499.8 10419.1 9413.4 9239.33 10212 11287 12453.8 14717.5 17081.9 19673.9 22106 24666 27066.7 27186 24884.8 22228.9 19860.9 17297.1 15462 14299 13291.6 12218 11419.4 11939.7 12087.6 -9999 -9999 -9999 -9999 -9999 -9999 -9999 -9999 -9999 -9999 -9999 -9999 -9999 -9999 -9999 -9999 -9999 -9999 -9999 -9999 -9999 -9999 -9999 -9999 -9999 -9999 -9999 -9999
-9999 -9999 -9999 -9999 -9999 -9999 -9999 -9999 -9999 -9999 -9999 4763.48 4803.65 5587.4 6945.24 9321.37 11752.2 14312.9 16745.1 18180.6 16371.6 14848.6 13860.7 12787.1 11781.4 11608 12580 13653.6 14636.2 16005.1 18070.7 20655.1 23087 25646.5 27658.3 26269.6 23903.6 21248.3 18880 16288 13898.1 12003.9 10923.6 9850 9051.4 9737.47 10454.8 10368.8 10510.7 -9999 -9999 -9999 -9999 -9999 -9999 -9999 -9999 -9999 -9999 -9999 -9999 -9999 -9999 -9999 -9999 -9999 -9999 -9999 -9999 -9999 -9999 -9999 -9999 -9999 -9999
-9999 -9999 -9999 -9999 -9999 -9999 -9999 -9999 -9999 -9999 -9999 8154.42 7417.95 8164.42 9149.54 10599.5 12829.2 15385.9 17817.9 19472.1 18541.6 17433.6 16452.7 15379.4 14373 14199.5 15171.7 16245.6 17226.5 18328.1 19519 21733 24160.5 26696.6 27530 25198.5 22831.2 20174.5 17806.4 15214.4 12782.4 10258.9 8424.24 7258.01 6459.41 7147 8167.84 9807.13 10259.2 -9999 -9999 -9999 -9999 -9999 -9999 -9999 -9999 -9999 -9999 -9999 -9999 -9999 -9999 -9999 -9999 -9999 -9999 -9999 -9999 -9999 -9999 -9999 -9999 -9999 -9999
-9999 -9999 -9999 -9999 -9999 -9999 -9999 -9999 -9999 -9999 -9999 10412.3 9861.68 10596.4 11577.3 12662.6 14047.2 16394.2 18824.7 21083 20962.3 19865.6 18884.7 17811.1 16805.1 16631.3 17604 18677.6 19658.5 20758.6 21742.1 23065.8 25174.8 27476.1 26767.6 24191 21823 19167 16798.9 14207 11775 9215.1 6819.58 4898.93 4027.41 4763.14 6316.35 8759.96 10104.2 -9999 -9999 -9999 -9999 -9999 -9999 -9999 -9999 -9999 -9999 -9999 -9999 -9999 -9999 -9999 -9999 -9999 -9999 -9999 -9999 -9999 -9999 -9999 -9999 -9999 -9999
-9999 -9999 -9999 -9999 -9999 -9999 -9999 -9999 -9999 -9999 -9999 13210.9 12422.4 13156.6 14137.5 15210.9 16223.6 17666.6 19888.2 22435.1 23405.6 22425.6 21444.7 20370.8 19365.8 19191.3 20164.2 21237.6 22218.5 23318.4 24299.5 25374.5 26601.9 27703.2 25757.4 23165.4 20797.4 18141.3 15773.6 13181.4 10749.4 8189.42 5757.42 3207.61 1643.11 2950.55 5206.52 6354.11 -9999 -9999 -9999 -9999 -9999 -9999 -9999 -9999 -9999 -9999 -9999 -9999 -9999 -9999 -9999 -9999 -9999 -9999 -9999 -9999 -9999 -9999 -9999 -9999 -9999 -9999 -9999
-9999 -9999 -9999 -9999 -9999 -9999 -9999 -9999 -9999 -9999 -9999 14994.5 14848.4 15588.7 16569.1 17642.9 18650.3 19722.4 21099.1 23485.6 25374.9 24857.6 23876.7 22803.2 21798.1 21623.6 22596.5 23669.6 24650.5 25750.6 26731.5 27805.2 28784.5 28156.8 25777.3 23185.3 20817.8 18162 15792.9 13201.3 10769.3 8209.3 5777.31 3232.22 1690.23 2977.48 5264.66 6531.19 -9999 -9999 -9999 -9999 -9999 -9999 -9999 -9999 -9999 -9999 -9999 -9999 -9999 -9999 -9999 -9999 -9999 -9999 -9999 -9999 -9999 -9999 -9999 -9999 -9999 -9999 -9999
-9999 -9999 -9999 -9999 -9999 -9999 -9999 -9999 -9999 -9999 -9999 17787 17436 18180.7 19161.4 20234.8 21241.7 22302.7 23314.3 24775.6 26892.8 27440.7 26468.7 25395.1 24389.4 24215.3 25187.6 26261.6 27242.5 28342.6 29323.5 30397.2 31048.7 29266.4 26834.4 24242.6 21875.7 19218.3 16852.1 14258.1 11826.4 9266.48 6881.29 5009.88 4151.41 4878.27 6446.1 8190.4 -9999 -9999 -9999 -9999 -9999 -9999 -9999 -9999 -9999 -9999 -9999 -9999 -9999 -9999 -9999 -9999 -9999 -9999 -9999 -9999 -9999 -9999 -9999 -9999 -9999 -9999 -9999
-9999 -9999 -9999 -9999 -9999 -9999 -9999 -9999 -9999 -9999 22371.7 20772.1 19814.5 20548.4 21529.3 22603.1 23610.4 24670.7 25678 26766.7 28110 29602.8 28836.7 27763.1 26757.4 26583.4 27556 28629 29610.5 30710.6 31691.5 32759.1 32610.4 30247.6 27815.4 25223.2 22855.3 20199.3 17832.6 15239.5 12807.2 10285.5 8477.69 7318.02 6519.41 7207 8227.13 9691.44 10376.1 -9999 -9999 -9999 -9999 -9999 -9999 -9999 -9999 -9999 -9999 -9999 -9999 -9999 -9999 -9999 -9999 -9999 -9999 -9999 -9999 -9999 -9999 -9999 -9999 -9999 -9999
-9999 -9999 -9999 -9999 -9999 -9999 -9999 -9999 -9999 21167.2 22686.4 22794.2 22405.3 23178.7 24159.4 25232.3 26237.8 27301.9 28328.5 29407.7 30388.9 31634.9 31481.5 30419.1 29413.4 29239.4 30212 31285.4 32266.5 33366.6 34347.5 35225.3 33893.2 31346.7 28915 26323.4 23955.4 21300.5 18931.5 16339.6 13955.5 12108.1 11047.6 9974 9175.4 9863 10843.8 11941.3 13619.7 15298.6 -9999 -9999 -9999 -9999 -9999 -9999 -9999 -9999 -9999 -9999 -9999 -9999 -9999 -9999 -9999 -9999 -9999 -9999 -9999 -9999 -9999 -9999 -9999 -9999 -9999
-9999 -9999 -9999 -9999 -9999 -9999 -9999 -9999 -9999 20023.8 20551.8 21645.7 22521 23578 24558.9 25632.8 26640.5 27864.3 29716.6 31550.9 32738.4 33830.9 33826.3 32787.1 31781.4 31607.4 32579.9 33653.6 34634.5 35734.6 36715 36990.3 34888.2 32328.1 29895.9 27304.1 24935.3 22280.2 19912.2 17362.1 15574.6 14423 13415.6 12342 11543.4 12231 13211.8 14285.5 15334.8 16850.9 18553 -9999 -9999 -9999 -9999 -9999 -9999 -9999 -9999 -9999 -9999 -9999 -9999 -9999 -9999 -9999 -9999 -9999 -9999 -9999 -9999 -9999 -9999 -9999 -9999
-9999 -9999 -9999 -9999 -9999 -9999 -9999 -9999 16561.7 17131.4 17991.9 19065.5 20046.3 21146.5 22128.4 23201.5 24374.6 26488.6 28912.4 31503.6 33805.7 35927.4 36366.7 35379.1 34373.4 34199.4 35172.8 36245.9 37226.5 38326.6 39253.6 38375.6 35961.9 33401.6 30969.9 28377.4 26009.7 23353.9 21027.6 19139.6 18075.4 17015 16007.6 14934 14135.4 14823 15803.8 16877.5 17884.3 18738.5 19365.1 -9999 -9999 -9999 -9999 -9999 -9999 -9999 -9999 -9999 -9999 -9999 -9999 -9999 -9999 -9999 -9999 -9999 -9999 -9999 -9999 -9999 -9999 -9999 -9999
-9999 -9999 -9999 -9999 -9999 -9999 -9999 -9999 15554.8 15194.3 15559.8 16633.5 17614.3 18714.5 19695.5 20935.5 22933.3 25472.9 27904.8 30496.8 32864.8 35517.7 37569.9 37779.5 36805.4 36631.4 37603.9 38677.6 39658.5 40758.6 41310.8 39401.3 36969.3 34409.2 31977.3 29385.4 27017.1 24409.6 22679.6 21514.8 20507.4 19447 18439.6 17366 16567.4 17255 18235.8 19306.7 20041.7 19901.1 -9999 -9999 -9999 -9999 -9999 -9999 -9999 -9999 -9999 -9999 -9999 -9999 -9999 -9999 -9999 -9999 -9999 -9999 -9999 -9999 -9999 -9999 -9999 -9999 -9999
-9999 -9999 -9999 -9999 -9999 -9999 -9999 12017.3 13291.4 12648.6 12999.8 14073.5 15054.3 16156.4 17300 19428.1 21851.8 24413 26844.4 29436.4 31804.4 34460.4 36828.2 39101.5 39297.1 39191.4 40164 41236.9 42218.5 43288.7 42908.1 40461.7 38029.7 35468.9 33037.4 30445.8 28115.9 26182.4 25147.7 24074.4 23067.4 22007 20999.6 19926 19127.4 19815 20795.8 21774 21948.6 -9999 -9999 -9999 -9999 -9999 -9999 -9999 -9999 -9999 -9999 -9999 -9999 -9999 -9999 -9999 -9999 -9999 -9999 -9999 -9999 -9999 -9999 -9999 -9999 -9999 -9999
-9999 -9999 -9999 -9999 -9999 -9999 -9999 11542.2 11100.4 10216.6 10567.8 11641.5 12622.3 13891.6 15839.9 18413.1 20844.6 23405 25837.2 28428.9 30797 33453 35821 38412.7 40527.5 41582.2 42596 43669.7 44650.5 45481 44050.5 41469 39037 36477 34045.1 31499.9 29747.5 28561.3 27579.2 26507.4 25499.8 24439 23431.6 22358 21559.4 22247 23227.8 24208 24421.7 -9999 -9999 -9999 -9999 -9999 -9999 -9999 -9999 -9999 -9999 -9999 -9999 -9999 -9999 -9999 -9999 -9999 -9999 -9999 -9999 -9999 -9999 -9999 -9999 -9999 -9999
-9999 -9999 -9999 -9999 -9999 -9999 9934.49 9561.86 8583.94 7624.59 7975.84 9051.97 10189.9 12384.9 14747.3 17338.9 19770.9 22331.1 24762.7 27355 29723.4 32379.4 34747.4 37339.4 39771.3 42291.3 44410.6 46085.5 47225.8 47312.4 45134.7 42542.7 40110.7 37550.8 35165.5 33294.2 32253.5 31153.3 30172.3 29098.7 28091.5 27031 26023.6 24950 24151.4 24839 25819 26498.3 26275.1 -9999 -9999 -9999 -9999 -9999 -9999 -9999 -9999 -9999 -9999 -9999 -9999 -9999 -9999 -9999 -9999 -9999 -9999 -9999 -9999 -9999 -9999 -9999 -9999 -9999 -9999
-9999 -9999 -9999 -9999 -9999 -9999 9342.73 7547.5 6241.98 5256.59 5607.84 6841.05 8763.48 11398.5 13766.5 16358.5 18789.8 21350.5 23782.6 26374.5 28742.5 31398.5 33766.5 36358.5 38790.5 41350.5 43782.7 46354.5 48526.2 48468.9 46115.6 43523.6 41091.6 38569.8 36762 35602.3 34621.4 33522.1 32540.6 31467.2 30459.4 29399 28391.6 27318 26519.4 27207 28194.7 28655.4 -9999 -9999 -9999 -9999 -9999 -9999 -9999 -9999 -9999 -9999 -9999 -9999 -9999 -9999 -9999 -9999 -9999 -9999 -9999 -9999 -9999 -9999 -9999 -9999 -9999 -9999 -9999
-9999 -9999 -9999 -9999 -9999 -9999 -9999 6252.58 4225.53 2636.26 3120.76 5279.82 7642.38 10298.4 12666.4 15258.4 17690.6 20249.8 22681.3 25274.6 27642.4 30298.4 32666.4 35258.4 37690.4 40250.5 42683.2 45272.9 47611.2 48162.2 46701.7 44543.6 42237.6 40392.5 39332 38257.2 37277.4 36177.8 35196.3 34122.8 33115.4 32055 31047.6 29974 29175.4 29863 30834.2 31377.8 -9999 -9999 -9999 -9999 -9999 -9999 -9999 -9999 -9999 -9999 -9999 -9999 -9999 -9999 -9999 -9999 -9999 -9999 -9999 -9999 -9999 -9999 -9999 -9999 -9999 -9999 -9999
-9999 -9999 -9999 -9999 -9999 -9999 -9999 5275.7 3530.44 1362.36 2117.08 4661.35 7029.35 9686.11 12056.7 14648.7 17080.5 19640.4 22072.9 24667.9 27036.1 29692 32060 34652 37084 39643.6 42076.3 44659 46397.8 45875.2 44893.4 43755.1 42521 41390.5 40383.1 39309.5 38328.7 37229 36248 35174.4 34166.6 33578.1 33264.3 32338 31543.4 32231 33208.3 33805.1 -9999 -9999 -9999 -9999 -9999 -9999 -9999 -9999 -9999 -9999 -9999 -9999 -9999 -9999 -9999 -9999 -9999 -9999 -9999 -9999 -9999 -9999 -9999 -9999 -9999 -9999 -9999
-9999 -9999 -9999 -9999 -9999 -9999 -9999 5879.86 4519.23 3124.6 3547.9 5516.56 7855.94 10511.8 12879.9 15472.5 17903 20463.8 22896.2 25489.6 27856.1 30512.1 32880.1 35472.1 37904.1 40464.4 42896.1 45233.7 44777.5 43287.4 42302.5 41228.8 40221.5 39161.1 38153.7 37080 36099.3 34999.6 34018.7 32944.1 31936.9 31693.6 32649 33445.8 33671.9 34128.9 35157.7 35566.4 -9999 -9999 -9999 -9999 -9999 -9999 -9999 -9999 -9999 -9999 -9999 -9999 -9999 -9999 -9999 -9999 -9999 -9999 -9999 -9999 -9999 -9999 -9999 -9999 -9999 -9999 -9999
-9999 -9999 -9999 -9999 -9999 -9999 -9999 6708.14 6457.37 5548.59 5899.93 7092.13 8897.17 11519.7 13887.6 16479.7 18903.5 21444.9 23877.4 26470.4 28838.2 31494.2 33862.2 36454.2 38886.4 41446.2 43878 45441.8 43621.3 41203 39881.3 38796.8 37789.5 36729.1 35721.7 34648.2 33667.1 32567.2 31586.2 30513.2 29505.3 29261.6 30222.6 31327.7 33266.9 -9999 -9999 -9999 -9999 -9999 -9999 -9999 -9999 -9999 -9999 -9999 -9999 -9999 -9999 -9999 -9999 -9999 -9999 -9999 -9999 -9999 -9999 -9999 -9999 -9999 -9999 -9999 -9999 -9999 -9999
