public/models/data/input/map/sulsel/2500/mapdset.asc
NCOLS 199
NROWS 249
XLLCORNER -95260.364462
YLLCORNER 9791291.912663
CELLSIZE 2500.000000
NODATA_VALUE       -9999
[rows 66 to 98 of 249, columns 75 to 149 of 199]
-9999 -9999 -9999 -9999 -9999 18819.6 18073.5 17031.7 17111.2 18148 19054 18956.2 19247.4 17386.6 15151.5 12715.3 9384.66 6845.29 4757.84 2555.36 718.088 1880.16 2052.52 1346.89 3249.58 3658.24 4530.93 6563.46 8914.58 11570.6 13928.3 16648.7 18968.5 21425.6 21459.1 19355.7 18173 16513.5 14247.7 11655.9 9256.04 7319.26 6222.53 5499.47 4289.62 2179.46 897.16 400.22 -9999 -9999 -9999 -9999 -9999 -9999 -9999 -9999 -9999 -9999 -9999 -9999 -9999 -9999 -9999 -9999 -9999 -9999 -9999 -9999 -9999 -9999 -9999 -9999 -9999 -9999 -9999
-9999 -9999 -9999 -9999 -9999 16654.8 15583 14599.7 14679.2 15716.4 16622 16527.4 17266.5 16759.6 14798.1 12953.5 8891.25 6100.51 3580.29 1524.62 1078.45 1995.24 2400.52 1430.34 1995.84 1406.42 3014.45 5574.84 7942.84 10598.8 12966.8 15553.7 17990.7 20545.7 22243.4 21575.7 20125.9 17623.1 15255.3 12695.4 10841 9663.29 8655.55 7416.73 5802.49 4311.24 2891.64 3346.96 6026.44 -9999 -9999 -9999 -9999 -9999 -9999 -9999 -9999 -9999 -9999 -9999 -9999 -9999 -9999 -9999 -9999 -9999 -9999 -9999 -9999 -9999 -9999 -9999 -9999 -9999 -9999
-9999 -9999 -9999 -9999 -9999 14050.1 13124.5 12039.7 12119.2 13156.4 14062 13967.4 14714.6 15373 13838.2 11219.6 8773.38 5548.67 2749.26 1202.19 2672.65 3897.42 4207.09 3376.4 1699.03 847.965 2937.06 5529.06 7897.06 10553.1 12921.1 15513.1 17945.1 20505.1 22922.8 23511.9 21339.6 18683.2 16350.1 14378.1 13279.8 12145.6 10760.1 8582.87 6727.54 5284.98 4406.77 5558.32 6026.44 -9999 -9999 -9999 -9999 -9999 -9999 -9999 -9999 -9999 -9999 -9999 -9999 -9999 -9999 -9999 -9999 -9999 -9999 -9999 -9999 -9999 -9999 -9999 -9999 -9999 -9999
-9999 -9999 -9999 -9999 -9999 -9999 10697.7 9611.64 9687.24 10724.4 11630 11535.4 12282.6 13387 13773 12048.8 9882.91 7490.84 4169.85 3478.3 5197.03 6353.88 6574.96 4845.82 2605.13 1728.75 3464.07 6028.1 8396.1 11052.1 13420.1 16012.1 18444.1 21004.1 23436.1 24500 22367.1 19718.4 17915 16602.7 15025.7 12834.3 10450.3 7858.34 5497.72 3324.62 2950.36 1369.24 -9999 -9999 -9999 -9999 -9999 -9999 -9999 -9999 -9999 -9999 -9999 -9999 -9999 -9999 -9999 -9999 -9999 -9999 -9999 -9999 -9999 -9999 -9999 -9999 -9999 -9999 -9999
-9999 -9999 -9999 -9999 -9999 -9999 7384.54 7002.33 7095.25 8136.06 9079.39 8943.36 9690.64 10804.1 11951 12580 11371.3 8462.79 6661.47 5988.89 6864.19 8434.04 8348.19 6125.91 4671.33 4181.5 5163.86 7127 9459.8 12115.8 14483.8 17075.8 19507.8 22067.8 24499.8 25571.3 23449 21311.1 19566.5 17155.1 14730.4 12170.4 9738.37 7146.37 4778.69 2177.57 691.282 1369.24 -9999 -9999 -9999 -9999 -9999 -9999 -9999 -9999 -9999 -9999 -9999 -9999 -9999 -9999 -9999 -9999 -9999 -9999 -9999 -9999 -9999 -9999 -9999 -9999 -9999 -9999 -9999
-9999 -9999 -9999 -9999 -9999 -9999 5708.23 4650.07 4727.25 5909.21 6944.04 6575.36 7322.65 8490.08 10174.6 10584.2 9784.99 8283.71 7134.55 6332.59 6946.22 8097.5 8942.2 8045.53 7021.43 6549.23 7448.9 8646.26 10468.3 13096.6 15464.6 18056.6 20488.6 23048.6 25480.6 26457.3 24355.8 21924.8 19583.4 16991.4 14559.4 11999.4 9567.45 6975.45 4607.45 1986.86 669.38 -9999 -9999 -9999 -9999 -9999 -9999 -9999 -9999 -9999 -9999 -9999 -9999 -9999 -9999 -9999 -9999 -9999 -9999 -9999 -9999 -9999 -9999 -9999 -9999 -9999 -9999 -9999 -9999
-9999 -9999 -9999 -9999 -9999 -9999 3506.53 2144.18 2253.77 3659.67 4374.23 3919.53 4733.86 6698.53 8474.16 7932.1 7652.35 6455.73 4722.89 3782.14 4384.79 6143.52 8439.7 10172.1 9665.38 9205.23 10104.9 11178.5 12224.6 14224.5 16564.8 19156.8 21588.8 24148.8 26576.9 27151.8 24894 22238 19870 17278 14846 12286 9854.04 7262.04 4894.35 2614.97 1153.62 1630.45 2044.97 -9999 -9999 -9999 -9999 -9999 -9999 -9999 -9999 -9999 -9999 -9999 -9999 -9999 -9999 -9999 -9999 -9999 -9999 -9999 -9999 -9999 -9999 -9999 -9999 -9999 -9999
-9999 -9999 -9999 -9999 -9999 -9999 -9999 416.924 955.967 1666.67 2344.66 1647.77 3119.82 5689.29 6564.16 5564.4 5402.35 5307.29 3060.47 1512.46 2578.07 5110.26 7478.26 10029.4 11566.8 11573.2 12472.9 13546.5 14527.4 15751.2 17580.8 20137.6 22569.6 25129.6 27506.3 27119.8 24769.8 22113.8 19745.8 17155.8 14718.8 12161.8 9729.81 7137.81 4769.81 2139.47 827.75 2100.19 2564.8 -9999 -9999 -9999 -9999 -9999 -9999 -9999 -9999 -9999 -9999 -9999 -9999 -9999 -9999 -9999 -9999 -9999 -9999 -9999 -9999 -9999 -9999 -9999 -9999 -9999 -9999
-9999 -9999 -9999 -9999 -9999 -9999 -9999 -9999 1232.06 1627.33 1827.91 1393.46 3122.24 5534.07 4959.88 3053.91 2852.49 4099.8 3001.68 1447.05 2515.61 5058.07 7426.07 10018.1 12500.3 14083.8 15064.9 16138.5 17119.4 18219.5 19283.3 21239.3 23643.3 26203.3 28566.8 28052.7 25695 23039 20670.9 18081 15644 13086.9 10655 8062.96 5707.69 3589.92 2922.29 3548.09 3646.88 -9999 -9999 -9999 -9999 -9999 -9999 -9999 -9999 -9999 -9999 -9999 -9999 -9999 -9999 -9999 -9999 -9999 -9999 -9999 -9999 -9999 -9999 -9999 -9999 -9999 -9999
-9999 -9999 -9999 -9999 -9999 -9999 -9999 -9999 4790.67 3941.77 3761.02 3638.44 4735.2 5989.16 4250.92 1740.17 1321.93 3567.24 4534.75 3786.95 4370.54 6090.06 8177.82 10578.1 13007.9 15422.4 16837.6 17914.6 18895.5 20102 21433.2 22808.6 24683.7 27203.3 29439.6 29029 26698.8 24049.1 21678.3 19086.3 16655.3 14099.7 11662.3 9092.9 7169.68 5718.4 4195.56 2487.33 1228.18 -9999 -9999 -9999 -9999 -9999 -9999 -9999 -9999 -9999 -9999 -9999 -9999 -9999 -9999 -9999 -9999 -9999 -9999 -9999 -9999 -9999 -9999 -9999 -9999 -9999 -9999
-9999 -9999 -9999 -9999 -9999 -9999 -9999 3806.99 4538.86 4666.16 5322.99 6123.9 6976.77 7133.24 5033.21 3065.28 2756.76 4376.64 5787.69 4869.93 4529.43 5536.7 7193.34 9706.69 12096.7 13985.6 15063.8 16139.2 17229.5 19146 21426.4 23868.3 25507.8 26982.5 28122.1 28916 27712.1 25100.3 22735.3 20144.5 17712.6 15152.9 12731.8 10504.8 8682.06 6167.93 3822.51 1392.43 767.904 -9999 -9999 -9999 -9999 -9999 -9999 -9999 -9999 -9999 -9999 -9999 -9999 -9999 -9999 -9999 -9999 -9999 -9999 -9999 -9999 -9999 -9999 -9999 -9999 -9999 -9999
-9999 -9999 -9999 -9999 -9999 2150.14 1947.62 3433.02 2589.68 2424.76 4149.68 5737.58 6300.96 6661.21 5543.94 4573.8 4808.96 5880.62 5219.78 2984.11 2186.73 3800.48 6107.37 8667.64 10473.6 11624.4 12631.8 13828.2 15512.4 18035.8 20392.5 22486.2 23626.2 24686.7 25718.2 27074.6 27774.6 25610.2 23234 20641.4 18209.4 15649.4 13238 10751.4 8395.42 5741.05 3463.24 1963.55 1861.35 -9999 -9999 -9999 -9999 -9999 -9999 -9999 -9999 -9999 -9999 -9999 -9999 -9999 -9999 -9999 -9999 -9999 -9999 -9999 -9999 -9999 -9999 -9999 -9999 -9999 -9999
-9999 -9999 -9999 -9999 -9999 1617.47 846.936 1570.17 1212.58 1125.08 2547.59 3181.35 3710.5 4338.61 3531.83 2635.99 3761.17 5735.43 4721.03 2178.7 1140.18 3284.86 5628.89 7305.38 7981.73 9034.28 10163.3 12046.3 14307.2 16933.3 18816.2 20048.2 21035.9 22110.7 23343.9 25089.6 26606.5 25112.8 22744.8 20152.8 17720.8 15160.8 12728.8 10136.8 7768.78 5112.78 2753.51 1065.03 1421.35 -9999 -9999 -9999 -9999 -9999 -9999 -9999 -9999 -9999 -9999 -9999 -9999 -9999 -9999 -9999 -9999 -9999 -9999 -9999 -9999 -9999 -9999 -9999 -9999 -9999 -9999
-9999 -9999 -9999 -9999 -9999 2390.78 1853.34 2119.84 2537.22 2303.15 1068.02 948.085 1304.1 2165.37 2003.26 817.371 2654.31 5147.74 5470.23 3545.85 2906.66 4310.37 5725.63 5324.02 5614.9 6730.92 8477.57 10958.4 13321.2 15472.7 16581.8 17664 18676.5 19932.8 21351.3 23660.7 25910.9 25881.7 23540.1 20948.1 18516.1 15956.1 13524.1 10932.1 8564.07 5924.66 3853.78 1975.21 514.063 -9999 -9999 -9999 -9999 -9999 -9999 -9999 -9999 -9999 -9999 -9999 -9999 -9999 -9999 -9999 -9999 -9999 -9999 -9999 -9999 -9999 -9999 -9999 -9999 -9999 -9999
-9999 -9999 -9999 -9999 -9999 4498.1 4128.29 4151.18 4350.88 2721.23 1550.24 881.253 1159.11 834.302 1556.35 1188.62 3253.65 5550.47 6737.11 6125.17 6166.28 5877.62 4341.6 2692.42 3025.68 4886.11 7268.15 9852.95 11771 12948.4 13929.3 15017.4 16226.2 17733.6 19836.4 22320.7 24752.8 26410.2 24636.3 22048.2 19616.2 17056.2 14624.2 12032.2 9680.72 7329.15 5161.33 2722.79 1714.76 2636.16 -9999 -9999 -9999 -9999 -9999 -9999 -9999 -9999 -9999 -9999 -9999 -9999 -9999 -9999 -9999 -9999 -9999 -9999 -9999 -9999 -9999 -9999 -9999 -9999 -9999
-9999 -9999 -9999 -9999 -9999 -9999 4697.64 5515.59 4063.81 1661.92 968.937 1047.71 1394.12 766.956 2376.77 2310.05 2980.22 4438.2 6408.94 7514.44 7657.22 6937.17 4289.09 1096.78 1504.57 3980.5 6454.08 8904.25 9727.96 10580.4 11570.2 12858.2 14296.1 16443.5 18790.6 21376.8 23665.1 25567.3 25430.1 23026.7 20597.1 18037.1 15605.1 13034 10933.8 8510.18 6260.6 4623.15 3940.49 4130.46 -9999 -9999 -9999 -9999 -9999 -9999 -9999 -9999 -9999 -9999 -9999 -9999 -9999 -9999 -9999 -9999 -9999 -9999 -9999 -9999 -9999 -9999 -9999 -9999 -9999
-9999 -9999 -9999 -9999 -9999 -9999 0 1245.23 3489.82 1419.74 965.771 1089.31 1442.52 628.83 1387.09 952.336 1038.77 3009.19 5203.34 5560.81 6036.6 5071.11 4422.96 1608.41 2152.19 4395.36 6889.84 7761.1 7194.79 7990.68 9194.89 10750.3 12756.4 15305.9 17724.4 20197.5 21940.8 24123.5 24320.7 23070 21378 19094.8 16695.3 14399.8 12232.8 9734.7 8285.72 6939.31 5702.77 -9999 -9999 -9999 -9999 -9999 -9999 -9999 -9999 -9999 -9999 -9999 -9999 -9999 -9999 -9999 -9999 -9999 -9999 -9999 -9999 -9999 -9999 -9999 -9999 -9999 -9999
-9999 -9999 -9999 -9999 -9999 -9999 0 0 3054.55 1927.49 806.022 1634.01 947.178 750.576 413.494 974.168 1548.91 3070.62 3801.61 3133.91 3625.54 3000.43 1699.32 1285.59 3414.95 5460.93 6514.92 5523.68 4763.21 5619.01 6931.39 9832.5 12656.7 15011.6 16867.5 18568.8 20645.3 22547.7 21917.3 20843.9 19833.4 18996.4 17875.4 15629.1 13433.8 11692.1 10631 7723.72 -9999 -9999 -9999 -9999 -9999 -9999 -9999 -9999 -9999 -9999 -9999 -9999 -9999 -9999 -9999 -9999 -9999 -9999 -9999 -9999 -9999 -9999 -9999 -9999 -9999 -9999 -9999
-9999 -9999 -9999 -9999 -9999 -9999 -9999 -9999 1492.85 1472.73 818.354 2398.72 1283.94 571.295 339.728 927.993 850.622 1529.74 2067.98 987.739 1803.41 1061.06 2130.82 2498.95 3545.3 4558.9 5133.72 3286.91 2210.34 3493.99 5609.16 8403.35 11822.2 13663.7 14968.9 17217.8 19383.7 20262.4 19357.5 18284.2 17281.6 16749.6 17246.4 16723.1 15426.9 14232.4 13663.3 -9999 -9999 -9999 -9999 -9999 -9999 -9999 -9999 -9999 -9999 -9999 -9999 -9999 -9999 -9999 -9999 -9999 -9999 -9999 -9999 -9999 -9999 -9999 -9999 -9999 -9999 -9999 -9999
-9999 -9999 -9999 -9999 -9999 -9999 -9999 0 598.591 865.772 1350.37 3218.08 2350.56 1357.24 715.099 1784.78 1191.79 910.558 958.605 693.125 1147.72 1151.14 1716.38 1671.56 1629.77 2390.34 4077.81 2574.8 782.817 2458.14 4825.77 7395.81 9586.13 11400.2 13612.1 15983 17329.4 17841.3 16925.6 15937.3 14911 14250.7 14904.8 15932 16541.9 16276.1 15233 -9999 -9999 -9999 -9999 -9999 -9999 -9999 -9999 -9999 -9999 -9999 -9999 -9999 -9999 -9999 -9999 -9999 -9999 -9999 -9999 -9999 -9999 -9999 -9999 -9999 -9999 -9999 -9999
-9999 -9999 -9999 -9999 -9999 -9999 -9999 0 279.682 708.229 1692.19 3905.11 3364.94 1288.87 1644.5 2112.79 845.948 2235.67 1914.2 760.042 620.311 517.458 1269.93 1224.35 1248.77 2098.75 4210.08 3592.04 2259.68 3134.76 4819.9 6333.2 7773.79 10099.9 12317.2 13762.8 14772.4 15512.9 14358.3 13429.8 12503.7 11539.7 12307.2 13380.5 14413.9 16785.8 -9999 -9999 -9999 -9999 -9999 -9999 -9999 -9999 -9999 -9999 -9999 -9999 -9999 -9999 -9999 -9999 -9999 -9999 -9999 -9999 -9999 -9999 -9999 -9999 -9999 -9999 -9999 -9999 -9999
-9999 -9999 -9999 -9999 -9999 -9999 -9999 -9999 697.699 1524.41 2242.21 2957.33 2574.53 1151.06 2126.9 1198.05 1711.99 3047.85 2935.19 1350.26 874.955 1857.03 2756.69 3445.01 3488.98 4005.09 4844.18 4761.17 3699.23 2579.4 2941.18 4367.52 6566.78 8923.43 10315 11423.6 12843.9 13490.1 11998 10891.9 10006.5 9164 9939.21 11012.8 12045.8 -9999 -9999 -9999 -9999 -9999 -9999 -9999 -9999 -9999 -9999 -9999 -9999 -9999 -9999 -9999 -9999 -9999 -9999 -9999 -9999 -9999 -9999 -9999 -9999 -9999 -9999 -9999 -9999 -9999 -9999
-9999 -9999 -9999 -9999 -9999 -9999 -9999 -9999 -9999 978.094 1149.79 1606.93 2342.26 814.291 1477.04 1614.59 2232.32 1553.89 1271.39 1826.65 2222.15 3167.38 3153.92 3948.56 5296.75 4499.15 3033.76 3024.42 2751.69 708.252 1041.76 3241.6 5343.58 6660.39 7696.14 9319.25 11557.9 12277.8 10035.6 8274.73 7215.4 6521.06 7283.22 8438.53 10070.9 -9999 -9999 -9999 -9999 -9999 -9999 -9999 -9999 -9999 -9999 -9999 -9999 -9999 -9999 -9999 -9999 -9999 -9999 -9999 -9999 -9999 -9999 -9999 -9999 -9999 -9999 -9999 -9999 -9999 -9999
-9999 -9999 -9999 -9999 -9999 -9999 -9999 -9999 -9999 758.712 2278.58 2894.36 3568.29 1920.47 1886.56 3550.56 3636.15 1900.76 830.126 656.414 673.042 1327.08 1177.66 2575.63 4688.41 3474.62 1263.47 1548.9 2654.61 1626.22 2346.7 3559.02 3682.83 4321.46 5795.59 8210.17 10554.3 11015.3 8984.01 6501.85 4899.59 4153.12 4963.89 6807.21 8907.22 -9999 -9999 -9999 -9999 -9999 -9999 -9999 -9999 -9999 -9999 -9999 -9999 -9999 -9999 -9999 -9999 -9999 -9999 -9999 -9999 -9999 -9999 -9999 -9999 -9999 -9999 -9999 -9999 -9999 -9999
-9999 -9999 -9999 -9999 -9999 -9999 -9999 -9999 -9999 -9999 4284.12 4567.57 3213.25 2408.03 3269.21 4521.15 5096.34 4130.06 3064.45 2404.22 1039.03 1237.15 1707.28 3026.76 5030.73 3731.45 1633.99 1597.7 3485.03 4099.7 4531.19 3093.02 1347.29 2278.85 4568.31 7159.35 9115.87 8718.33 7722.67 5331.13 2971.81 1675.92 3142.34 5646.26 7545.19 -9999 -9999 -9999 -9999 -9999 -9999 -9999 -9999 -9999 -9999 -9999 -9999 -9999 -9999 -9999 -9999 -9999 -9999 -9999 -9999 -9999 -9999 -9999 -9999 -9999 -9999 -9999 -9999 -9999 -9999
-9999 -9999 -9999 -9999 -9999 -9999 -9999 -9999 -9999 -9999 6271 4419.88 2046.13 1016.78 1777 2812.08 4968.97 6231.04 5471.31 4282.34 2904.42 2684.31 3381.49 4688.02 5938.63 4281.58 1946.16 1366.63 3483.01 5848.85 5586.19 3196.41 1474.03 2333.2 4615.27 6974.2 7282.43 6298.06 6214.71 5093.41 2744.17 1356.86 2994.66 5461.75 6316.82 -9999 -9999 -9999 -9999 -9999 -9999 -9999 -9999 -9999 -9999 -9999 -9999 -9999 -9999 -9999 -9999 -9999 -9999 -9999 -9999 -9999 -9999 -9999 -9999 -9999 -9999 -9999 -9999 -9999 -9999
-9999 -9999 -9999 -9999 -9999 -9999 -9999 -9999 -9999 -9999 6089.23 4687.56 2522.23 514.891 661.177 2351.53 5244.93 7846.61 7134.64 4711.41 2419.91 1075.24 2274.68 4680.11 5904.34 3940.2 2210.46 2417 4312.35 6511.64 5082.25 3157.04 3091.83 4211.94 5810.92 6896.03 5141.95 3742.83 3868.62 5017.13 4360.78 3634.36 4527.23 6091.15 6658.13 -9999 -9999 -9999 -9999 -9999 -9999 -9999 -9999 -9999 -9999 -9999 -9999 -9999 -9999 -9999 -9999 -9999 -9999 -9999 -9999 -9999 -9999 -9999 -9999 -9999 -9999 -9999 -9999 -9999 -9999
-9999 -9999 -9999 -9999 -9999 -9999 -9999 -9999 -9999 -9999 -9999 2792.54 2248.48 152.822 650.818 2529.69 5222.92 7687.61 7099.65 4519.38 2153.37 706.226 1835.36 3334.28 4850.87 3207.18 1087.47 1886.31 4139.72 5204.11 2781.07 1156.08 2157.58 4631.34 6788.35 6217.55 3876.91 1604.34 1925.05 4314.91 6059.5 5829.32 5370.79 4621.72 4747.94 -9999 -9999 -9999 -9999 -9999 -9999 -9999 -9999 -9999 -9999 -9999 -9999 -9999 -9999 -9999 -9999 -9999 -9999 -9999 -9999 -9999 -9999 -9999 -9999 -9999 -9999 -9999 -9999 -9999 -9999
-9999 -9999 -9999 -9999 -9999 -9999 -9999 -9999 -9999 -9999 -9999 923.628 1189.94 361.702 1038.99 2844.19 5210.81 7588.67 6984.92 4396.07 2029.36 704.432 785.173 2253.71 3530.43 3363.23 2824.78 3420.2 4454.07 4125.04 2563.61 1252.84 2628.8 5091.23 7278.96 6109.04 3746.75 1568.86 2050.38 4450.05 6674.35 5887.98 3634.88 2110.21 2126.46 -9999 -9999 -9999 -9999 -9999 -9999 -9999 -9999 -9999 -9999 -9999 -9999 -9999 -9999 -9999 -9999 -9999 -9999 -9999 -9999 -9999 -9999 -9999 -9999 -9999 -9999 -9999 -9999 -9999 -9999
-9999 -9999 -9999 -9999 -9999 -9999 -9999 -9999 -9999 -9999 -9999 129.351 171.591 653.142 2397.33 4378.73 6368.92 8584.61 7811.7 5220.19 2992.13 1294.38 915.982 1823.96 1446.77 2020.15 4004.83 5494.81 5469.97 4098.61 1945.08 1162.96 3366.53 5872.19 8104.19 7068.95 4993.7 3695.26 3951.67 5530.21 6951.79 5028.28 2597.7 738.632 1704.34 -9999 -9999 -9999 -9999 -9999 -9999 -9999 -9999 -9999 -9999 -9999 -9999 -9999 -9999 -9999 -9999 -9999 -9999 -9999 -9999 -9999 -9999 -9999 -9999 -9999 -9999 -9999 -9999 -9999 -9999
-9999 -9999 -9999 -9999 -9999 -9999 -9999 -9999 -9999 -9999 -9999 -9999 2001.54 1867.47 3704.03 6166.94 8073.64 9968.77 8910.53 6511.65 4700.16 2448.41 1279.16 769.114 1078.83 1687.23 4420.13 5991.01 -9999 -9999 2395.03 2768.72 4340.47 6781.27 9062.11 8558.5 7378.09 6350.38 6589.77 7495.06 6684.11 4210.58 1844.14 1014.13 2552.85 -9999 -9999 -9999 -9999 -9999 -9999 -9999 -9999 -9999 -9999 -9999 -9999 -9999 -9999 -9999 -9999 -9999 -9999 -9999 -9999 -9999 -9999 -9999 -9999 -9999 -9999 -9999 -9999 -9999 -9999
-9999 -9999 -9999 -9999 -9999 -9999 -9999 -9999 -9999 -9999 -9999 -9999 3828.48 4102.73 5234.36 7305.47 9475.69 11194.8 10046.9 8042.63 6012.77 4410.62 3167.19 2783.94 3279.11 3386.48 -9999 -9999 -9999 -9999 2899.87 3288.86 4487.57 6733.61 9136.45 10434.4 9744.2 8718.36 8813.45 8056.75 6210.01 3908.83 1586.52 1164.71 1699.39 -9999 -9999 -9999 -9999 -9999 -9999 -9999 -9999 -9999 -9999 -9999 -9999 -9999 -9999 -9999 -9999 -9999 -9999 -9999 -9999 -9999 -9999 -9999 -9999 -9999 -9999 -9999 -9999 -9999 -9999
-9999 -9999 -9999 -9999 -9999 -9999 -9999 -9999 -9999 -9999 -9999 -9999 5856.3 6025.34 6670.86 7859.66 9421.07 11588.3 11644.4 9515.14 8109.97 6698.62 5525.36 4081.29 2981.83 1882.91 1499.13 -9999 -9999 -9999 530.929 1183.26 3190.52 5738.76 8169.01 10518.5 11427.3 11003.5 9475.99 6989.25 4748.75 3273.14 2436.22 1017.38 859.637 -9999 -9999 -9999 -9999 -9999 -9999 -9999 -9999 -9999 -9999 -9999 -9999 -9999 -9999 -9999 -9999 -9999 -9999 -9999 -9999 -9999 -9999 -9999 -9999 -9999 -9999 -9999 -9999 -9999 -9999
