public/models/data/input/map/sulsel/2500/mapdset.asc
NCOLS 199
NROWS 249
XLLCORNER -95260.364462
YLLCORNER 9791291.912663
CELLSIZE 2500.000000
NODATA_VALUE       -9999
[rows 33 to 65 of 249, columns 75 to 149 of 199]
-9999 -9999 -9999 -9999 -9999 -9999 -9999 -9999 -9999 -9999 -9999 -9999 -9999 -9999 -9999 -9999 -9999 -9999 36320.3 34360.5 31979.7 29464.4 27102.8 24429.3 22019 19361.7 16926.9 14334.9 11966.9 9310.9 6942.9 4393.71 2631.47 2752.65 4584.2 7136.43 8431.96 7337.53 5652.11 4034.37 2955.62 1387.65 2302.92 4823.52 6043.76 4127.81 2585.61 755.063 1135.17 1175.4 331.459 1076.33 601.906 849.976 2076.28 2282.67 4249.68 6218.54 5159.77 2884.48 500.881 3764.64 6111.56 -9999 -9999 -9999 -9999 -9999 -9999 13306.9 13198.6 11364 -9999 -9999 3357.67
-9999 -9999 -9999 -9999 -9999 -9999 -9999 -9999 -9999 -9999 -9999 -9999 -9999 -9999 -9999 -9999 -9999 -9999 36983.6 35312.4 33037.9 30384.5 28016.5 25424.5 22992.5 20432.5 18000.5 15408.5 13040.5 10384.5 8059.36 6171.58 5130.94 5235.37 6309.93 8249.27 10240.3 9158.2 7700.01 6424.4 4786.96 3665.37 4140.76 5906.29 7342.23 5653.67 3339.39 1071.05 552.521 708.545 289.32 1759.69 2362.31 2543.46 2442.91 -9999 6222.05 7558.76 6973.3 -9999 -9999 -9999 -9999 -9999 -9999 -9999 -9999 -9999 -9999 -9999 -9999 -9999 -9999 -9999 -9999
-9999 -9999 -9999 -9999 -9999 -9999 -9999 -9999 -9999 -9999 -9999 -9999 -9999 -9999 -9999 -9999 -9999 35465.8 35324.2 34342.9 33120.6 31202 29011.2 26431.9 23999.9 21439.9 19007.9 16415.9 14047.9 11441.1 9711.51 8545.45 7562.91 7667.3 8669.76 9865.86 11466.8 11106.7 9953.8 8226.32 7028.77 6097.23 6541.27 7667.31 8275.44 6097.38 3736.86 1470.54 700.238 1651.92 1230.72 2833.93 4527.88 5098.17 5863.81 -9999 -9999 8031.88 8332.23 -9999 -9999 -9999 -9999 -9999 -9999 -9999 -9999 -9999 -9999 -9999 -9999 -9999 -9999 -9999 -9999
-9999 -9999 -9999 -9999 -9999 -9999 -9999 -9999 -9999 -9999 -9999 -9999 -9999 -9999 -9999 -9999 33019.8 33253.1 32784.3 31826.5 30845.6 29742.7 28660.7 27040.8 24978 22496.7 20068.3 17476.4 15147.6 13214.3 12179.1 11105.4 10122.9 10221.9 11130.7 11949.2 12385.1 12766 11803.5 10591.6 9585.06 8657.23 9101.26 10012.3 8950.36 6319.3 3966.66 1775.99 1157.59 2632.37 3113.36 4158.8 6234.56 7512.72 7509.06 -9999 -9999 -9999 -9999 -9999 -9999 -9999 -9999 -9999 -9999 -9999 -9999 -9999 -9999 -9999 -9999 -9999 -9999 -9999 -9999
-9999 -9999 -9999 -9999 -9999 -9999 -9999 -9999 -9999 -9999 42982.5 42986.5 41599.5 38464 36705.4 32921.8 32480 31465.9 30468.2 29394.5 28413.6 27313.5 26381.7 25303.7 24207.6 22837.4 21047.6 18531.6 16779.4 15590.7 14516.2 13185.4 12165.3 11658.6 11142.9 10794.8 10437.6 11113 11963.1 12338.6 11930.8 11089.2 11533.3 11923.1 9977.69 7336.45 5315.18 3871.09 3413.99 3158.28 1764.08 3531.87 7904.33 8687.04 -9999 -9999 -9999 -9999 -9999 -9999 -9999 -9999 -9999 -9999 -9999 -9999 -9999 -9999 -9999 -9999 -9999 -9999 -9999 -9999 -9999
-9999 -9999 -9999 -9999 -9999 -9999 -9999 -9999 -9999 -9999 41269.1 41140 40027.1 37833.8 35470.2 32947.4 30970 29129.1 27881 26802.5 25821.6 24721.5 23766.6 22655 21662 20754.5 20926.9 20149.3 18968.2 17031.3 14823.3 12356.5 10745.6 9634.15 8626.21 8204.65 7843.49 8523.89 9505.09 10605 11905.1 13234.3 14048.2 13373.8 11064.6 8823.17 7540.09 6441.4 5420.87 3294.36 1559.57 967.045 8976.09 -9999 -9999 -9999 -9999 -9999 -9999 -9999 -9999 -9999 -9999 -9999 -9999 -9999 -9999 -9999 -9999 -9999 -9999 -9999 -9999 -9999 -9999
-9999 -9999 -9999 -9999 -9999 -9999 -9999 -9999 -9999 -9999 39661.5 38794.6 37812.9 36496.5 34485.3 31913.9 29588.6 27470.3 25734.5 24435 23453.6 22353.5 21377.9 20299 19298.2 18388.7 18890.7 19802.2 18843.7 16222.4 13854.4 11263.7 8953.18 7295.5 6260.31 5840.45 5477.66 6158.59 7166.43 8536.56 10656.4 12985.5 14495.8 14344.1 12368.6 10885.3 9884.06 8676.84 6747.54 4821.7 4000.45 -9999 -9999 -9999 -9999 -9999 -9999 -9999 -9999 -9999 -9999 -9999 -9999 -9999 -9999 -9999 -9999 -9999 -9999 -9999 -9999 -9999 -9999 27180.6 25862.3
-9999 -9999 -9999 -9999 -9999 -9999 -9999 -9999 -9999 38762 38334.7 36448.1 35165.8 34056.7 32923 30792 28372.6 25843.3 23870.3 22020.4 20803 19697.5 18716.6 17643 16635.6 15732.7 16234.7 17302.4 17454.1 15122.3 12754.3 10162.3 7730.36 5276.99 3649.4 3188.95 2825.03 3521.11 4825.8 7152.67 9325.4 11020.1 13112 15081.4 14628.2 13522.6 12397.5 10354.6 8404.83 7609.01 -9999 -9999 -9999 -9999 -9999 -9999 -9999 -9999 -9999 -9999 -9999 -9999 -9999 -9999 -9999 -9999 -9999 -9999 -9999 -9999 -9999 -9999 30801.3 29806.5 26795
-9999 -9999 -9999 -9999 -9999 -9999 -9999 -9999 -9999 37703.4 37158.5 34984 33099.2 31690.1 30706.6 29430 27378.9 24833.5 22445.9 20350.4 18671.6 17330 16348.6 15275 14267.6 13364.7 13866.7 14940.3 15741.4 14151 11783.4 9191.36 6759.36 4201.48 1888.81 1268.08 1030.42 1566.92 3683.25 6036.68 7540.9 9705.69 12145.3 15094.6 16616.1 15230.2 14013.8 11389.8 9131.46 8787.19 -9999 -9999 -9999 -9999 -9999 -9999 -9999 -9999 -9999 -9999 -9999 -9999 -9999 -9999 -9999 -9999 -9999 -9999 -9999 -9999 -9999 -9999 30546.3 29622.3 27719.1
-9999 -9999 -9999 -9999 -9999 -9999 -9999 -9999 -9999 36726.9 36065.8 33692.1 31496.8 29380.8 28124 27042.2 25867.9 23883.6 21645.7 18780.3 16855.8 14967.3 13761.4 12683.6 11675.7 10772.7 11274.7 12348.3 13328.3 13539.2 11628.1 9038.93 6606.93 4048.83 1801.91 1425.95 2154.54 1966.75 2887.86 3973.11 6067.19 8616.79 11348.4 13815 0 -9999 -9999 -9999 -9999 -9999 -9999 -9999 -9999 -9999 -9999 -9999 -9999 -9999 -9999 -9999 -9999 -9999 -9999 -9999 -9999 -9999 -9999 -9999 -9999 -9999 -9999 -9999 -9999 -9999 -9999
-9999 -9999 -9999 -9999 -9999 -9999 -9999 -9999 -9999 34924.3 34612.6 32667.5 30313.8 27848.5 25991.4 24612.3 23601.6 22409.9 20364.8 17726.5 15397.1 13177.4 11549.7 10338.9 9254.41 8340.66 8842.68 9916.33 10936.1 12680.7 12511.3 10015.5 7584.71 5214.72 3800.98 3596.58 3993.93 2135.16 1000.09 2751.99 5170.73 7703.47 10339.2 15880.2 9690.98 -9999 -9999 -9999 -9999 -9999 -9999 -9999 -9999 -9999 -9999 -9999 -9999 -9999 -9999 -9999 -9999 -9999 -9999 -9999 -9999 -9999 -9999 -9999 -9999 -9999 -9999 -9999 -9999 -9999 -9999
-9999 -9999 -9999 -9999 -9999 -9999 -9999 -9999 -9999 33409.1 32419.2 31119.9 29225.9 26599.5 24400 22345.4 21052.2 20169.6 19040.3 16628.5 14310.3 11676.1 9686.85 7918.84 6685.27 5780.66 6282.69 7428.95 9093.69 11683.7 13066.6 11078.6 8835.11 7357.33 6345.96 5949.65 5239.16 3106.51 2201.65 3400.5 5619.79 7572.72 1534.04 11481.1 18207.5 -9999 -9999 -9999 -9999 -9999 -9999 -9999 -9999 -9999 -9999 -9999 -9999 -9999 -9999 -9999 -9999 -9999 -9999 -9999 -9999 -9999 -9999 -9999 -9999 -9999 -9999 -9999 -9999 -9999 -9999
-9999 -9999 -9999 -9999 -9999 -9999 -9999 -9999 -9999 31236.4 30179.2 28839.7 27730.8 25582.5 23264.8 20811.3 18906 17552.7 16537.7 15261 13298.6 10633.1 8297.12 6118.89 4465.79 3349.37 3892.69 5710.99 8021.8 10677.8 12856.3 12263.8 10857 9726.75 8319.21 6305.82 4400.99 3305.63 4479.25 5412.14 6531.06 -9999 -9999 -9999 -9999 -9999 -9999 -9999 -9999 -9999 -9999 -9999 -9999 -9999 -9999 -9999 -9999 -9999 -9999 -9999 -9999 -9999 -9999 -9999 -9999 -9999 -9999 -9999 -9999 -9999 -9999 -9999 -9999 -9999 -9999
-9999 -9999 -9999 -9999 -9999 -9999 -9999 -9999 -9999 -9999 27255.3 26247.9 25267.7 24019.9 22190.1 19539.7 17294.1 15266 13959.2 12876.1 11743.6 9549.87 7191.45 4631.48 2582.12 1105.71 2116.88 4649.52 7017.52 9673.51 12037.1 13785.2 12658.7 10374.4 7965.76 5373.79 3011.22 998.7 2411.65 6854.15 7511.9 -9999 -9999 -9999 -9999 -9999 -9999 -9999 -9999 -9999 -9999 -9999 -9999 -9999 -9999 -9999 -9999 -9999 -9999 -9999 -9999 -9999 -9999 -9999 -9999 -9999 -9999 -9999 -9999 -9999 -9999 -9999 -9999 -9999 -9999
-9999 -9999 -9999 -9999 -9999 -9999 -9999 -9999 -9999 -9999 24775.3 23901.6 22899.7 21882.6 20675.2 18571.5 16166.5 13764.3 11867.1 10543.2 9531.55 8256.11 6299.96 3713.94 1340.85 581.833 2330.23 4814.34 7182.27 9838.27 12206.3 14369.7 13037.9 10480.6 8048.59 5456.59 3088.59 684.598 224.743 -9999 -9999 -9999 -9999 -9999 -9999 -9999 -9999 -9999 -9999 -9999 -9999 -9999 -9999 -9999 -9999 -9999 -9999 -9999 -9999 -9999 -9999 -9999 -9999 -9999 -9999 -9999 -9999 -9999 -9999 -9999 -9999 -9999 -9999 -9999 -9999
-9999 -9999 -9999 -9999 -9999 -9999 -9999 -9999 -9999 24378.2 23980.4 21931.1 20303.2 19209 18184 17228.4 15036.5 12483.8 10214.7 8200.59 6901.87 6005.56 5820.43 3816.21 1708.49 1820.66 3722.09 6013.3 8272.03 10925.7 13293.7 14974.7 13101.7 10540.7 8108.74 5516.74 3148.74 726.579 43.2209 124.153 -9999 -9999 -9999 -9999 -9999 -9999 -9999 -9999 -9999 -9999 -9999 -9999 -9999 -9999 -9999 -9999 -9999 -9999 -9999 -9999 -9999 -9999 -9999 -9999 -9999 -9999 -9999 -9999 -9999 -9999 -9999 -9999 -9999 -9999 -9999
-9999 -9999 -9999 -9999 -9999 -9999 -9999 -9999 -9999 23849.6 22152.9 21528.4 18475.8 16789.7 15799.7 14938 13943 11500.7 9072.62 6746.28 4713.04 3651.41 4273.74 4644.9 3783.81 3898.97 5188.07 7261.57 9362.15 11906.7 14274.6 15669.3 13595.5 11006.8 8566.31 5974.31 3606.4 1210.25 509.338 753.803 2231.37 -9999 -9999 -9999 -9999 -9999 -9999 -9999 -9999 -9999 -9999 -9999 -9999 -9999 -9999 -9999 -9999 -9999 -9999 -9999 -9999 -9999 -9999 -9999 -9999 -9999 -9999 -9999 -9999 -9999 -9999 -9999 -9999 -9999 -9999
-9999 -9999 -9999 -9999 -9999 -9999 -9999 -9999 -9999 -9999 19526.9 18417 16049.5 14180.9 13201.4 12301.8 12356.3 10469.6 8038.13 5446.13 3087.22 1232.22 2066.58 4326.52 5723.58 6520.5 7443.73 8853.71 10736.6 13085.9 15350.3 16700.4 14587.7 12028.4 9596.38 7006.29 4782.56 3209.5 2734.08 2317.75 1288.58 -9999 -9999 -9999 -9999 -9999 -9999 -9999 -9999 -9999 -9999 -9999 -9999 -9999 -9999 -9999 -9999 -9999 -9999 -9999 -9999 -9999 -9999 -9999 -9999 -9999 -9999 -9999 -9999 -9999 -9999 -9999 -9999 -9999 -9999
-9999 -9999 -9999 -9999 -9999 -9999 -9999 -9999 -9999 -9999 -9999 16966.8 14969.7 12250.3 10790.2 9861.34 10336.7 10255.2 8183.45 5591.93 3238.43 1290.46 1761.96 3200.17 4540.59 6959.73 8894.16 10741.3 12241.4 14365.8 16468.6 17707.2 15597.5 13035.7 10603.9 8181.87 6717.93 5377.73 3727.05 1427.41 533.094 1196.37 -9999 -9999 -9999 -9999 -9999 -9999 -9999 -9999 -9999 -9999 -9999 -9999 -9999 -9999 -9999 -9999 -9999 -9999 -9999 -9999 -9999 -9999 -9999 -9999 -9999 -9999 -9999 -9999 -9999 -9999 -9999 -9999 -9999
-9999 -9999 -9999 -9999 -9999 -9999 -9999 -9999 -9999 -9999 -9999 16992.6 15796.2 11962.1 8481.77 7301.34 7806.26 8828.52 8852.77 6668.55 4772.24 3182.04 1606.87 1232.05 3262.85 5909.77 8327.59 10917.3 13250.8 15621.2 17745.5 18823 16656.1 14098.8 11821.9 10052.4 8227.38 5694.8 3329.46 1029.84 1448.59 2688.16 -9999 -9999 -9999 -9999 -9999 -9999 -9999 -9999 -9999 -9999 -9999 -9999 -9999 -9999 -9999 -9999 -9999 -9999 -9999 -9999 -9999 -9999 -9999 -9999 -9999 -9999 -9999 -9999 -9999 -9999 -9999 -9999 -9999
-9999 -9999 -9999 -9999 -9999 -9999 -9999 -9999 -9999 -9999 -9999 -9999 -9999 7127.04 5852.07 4869.34 5374.37 6618.04 8460.91 8026.8 6184.43 3625.28 1318.8 805.518 3439.22 5963.37 8375.39 10967.4 13335.4 15991.4 18359.4 19748.6 17663.6 15261.3 13599.4 11415.4 9056.37 6402.59 4293.79 2792.2 3303.07 4565.55 -9999 -9999 -9999 -9999 -9999 -9999 -9999 -9999 -9999 -9999 -9999 -9999 -9999 -9999 -9999 -9999 -9999 -9999 -9999 -9999 -9999 -9999 -9999 -9999 -9999 -9999 -9999 -9999 -9999 -9999 -9999 -9999 -9999
-9999 -9999 -9999 -9999 -9999 -9999 -9999 -9999 50202.2 51181.2 52480.3 54215.3 56314.6 29900.1 3851.88 2297.67 2981.31 5126.32 7550.39 8920.57 6987.37 4369.23 2556.3 2242.18 4213.36 6811.81 9160.63 11752.6 14120.6 16776.6 19144.6 20716.9 18905.8 17141.9 15081.1 12498 10132 7768.87 6418.75 5281.17 5690.74 6348.18 -9999 -9999 -9999 -9999 -9999 -9999 -9999 -9999 -9999 -9999 -9999 -9999 -9999 -9999 -9999 -9999 -9999 -9999 -9999 -9999 -9999 -9999 -9999 -9999 -9999 -9999 -9999 -9999 -9999 -9999 -9999 -9999 -9999
-9999 -9999 -9999 -9999 -9999 -9999 -9999 -9999 48987.6 50087.9 51273.6 53242.3 55567.8 51461.4 9531.22 1015.53 2004.03 4510.84 6942.84 9112.02 7976.1 5886.83 4822.67 4639.18 5607.71 7502.71 9910.8 12502.8 14870.8 17526.8 19894.8 21698.1 20318.2 18091.6 15671.3 13079.5 10810.7 9229.23 8135.45 6785.67 6032.2 7011.28 -9999 -9999 -9999 -9999 -9999 -9999 -9999 -9999 -9999 -9999 -9999 -9999 -9999 -9999 -9999 -9999 -9999 -9999 -9999 -9999 -9999 -9999 -9999 -9999 -9999 -9999 -9999 -9999 -9999 -9999 -9999 -9999 -9999
-9999 -9999 -9999 44470 44196.5 42403.3 42791.7 44796.4 46437.5 47668 49546 52098.1 54628.4 42304.8 5690.87 3025.42 3529.83 5465.76 7690.34 9595.54 9424.41 8435.38 7474.79 7288.59 8143.49 9361.72 11064.4 13602.9 15970.9 18626.9 20988.7 22600.9 19997.7 17215.8 14783.8 12191.9 9825.17 7574.22 6407.58 5247.98 3683.39 2606.82 2090.78 3218.01 -9999 -9999 -9999 -9999 -9999 -9999 -9999 -9999 -9999 -9999 -9999 -9999 -9999 -9999 -9999 -9999 -9999 -9999 -9999 -9999 -9999 -9999 -9999 -9999 -9999 -9999 -9999 -9999 -9999 -9999 -9999
-9999 44547 43892.8 43564.7 42701.5 41593.4 41783.2 43077.8 44206.9 46141.9 48523.6 51047.2 54050.4 45292.8 10601.5 5466.92 5739.38 6206.47 6710.99 7811.92 8974.64 10336.1 10012.7 9705.81 10506 11864.3 12700.4 14612.9 16951.8 19607.8 21825.2 21376.3 18848.8 16235 13803 11211 8843.01 6205.29 4239.39 3085.43 2100.76 783.196 1536.36 3108.3 3936.58 5748.09 -9999 -9999 -9999 -9999 -9999 -9999 -9999 -9999 -9999 -9999 -9999 -9999 -9999 -9999 -9999 -9999 -9999 -9999 -9999 -9999 -9999 -9999 -9999 -9999 -9999 -9999 -9999 -9999 -9999
-9999 43764 42434.2 41138.8 40156.6 39145.9 39447.5 40629.8 42503.2 45084.2 48143.6 50758.9 52665.8 59984.6 25114.8 6899.54 5818.89 4182.82 4165.54 5507.3 7584.99 10222.7 12071.1 12309 13097.3 14160.2 15165 16323.1 18072.6 20681.4 22199.3 20282.6 17850.6 15290.6 12858.6 10266.6 7898.6 5242.6 2880.7 989.931 822.738 1349.72 1174.29 1709.21 3323.65 5855.67 7817.93 -9999 -9999 -9999 -9999 -9999 -9999 -9999 -9999 -9999 -9999 -9999 -9999 -9999 -9999 -9999 -9999 -9999 -9999 -9999 -9999 -9999 -9999 -9999 -9999 -9999 -9999 -9999 -9999
-9999 42505.5 40693.9 38935.4 37726.5 36713.9 37110.9 39069.4 41472.7 35847.2 49901.5 51336 53254.8 -9999 -9999 7247.74 5984.74 1845.76 1983.51 4218.44 6579.95 9234.82 11592.1 13850.9 15382.7 16582.7 17592.2 18666.4 19723.6 21712.7 22898.3 20739.9 18307.9 15747.9 13315.9 10723.9 8355.89 5700.23 3459.74 2023.66 2221.5 2519.53 1176.26 580.578 2433.04 5071.04 6655.4 -9999 -9999 -9999 -9999 -9999 -9999 -9999 -9999 -9999 -9999 -9999 -9999 -9999 -9999 -9999 -9999 -9999 -9999 -9999 -9999 -9999 -9999 -9999 -9999 -9999 -9999 -9999 -9999
-9999 -9999 -9999 36643.1 35220.5 34150.2 35679.9 36513.1 40882.6 11204.5 5515.61 814.592 -9999 -9999 -9999 8113.88 5251.01 2167.47 2016.02 4147.27 6675.2 9250.21 11534.3 14063.8 16160.2 17680.4 18701.6 19776 20759.8 22104.2 23158.5 21771.9 19364.9 16804.9 14372.9 11781 9413.19 6910.71 5299.64 3530.63 1749.52 1375.62 2018.01 1875.99 2887.34 5353.58 7747.14 9824.59 10649.1 -9999 -9999 -9999 -9999 -9999 -9999 -9999 -9999 -9999 -9999 -9999 -9999 -9999 -9999 -9999 -9999 -9999 -9999 -9999 -9999 -9999 -9999 -9999 -9999 -9999 -9999
-9999 -9999 -9999 -9999 32487.5 31644.6 30978.2 29702.5 28896.7 26166.2 646.371 838.361 26216.4 27456.6 28855.9 7611.22 6389.92 5259.01 4238.99 5393.57 7500.59 10146 12307 13428.6 14450.3 15511.4 16518.8 17596.7 18742.9 20146.7 21247.5 21939.4 20360.1 17812.3 15380.3 12788.7 10531.5 8515.29 6349.32 3770.29 1741.25 1740.76 3392.01 4202.42 4872.59 6482.93 8540.98 9194.11 -9999 -9999 -9999 -9999 -9999 -9999 -9999 -9999 -9999 -9999 -9999 -9999 -9999 -9999 -9999 -9999 -9999 -9999 -9999 -9999 -9999 -9999 -9999 -9999 -9999 -9999 -9999
-9999 -9999 -9999 -9999 29737.3 29040.4 28059.5 27010.4 27063 28057 27915.3 26358.5 24914.6 26845.4 27612.6 9783.2 8916.83 7709.69 6826.92 7622.08 8561.38 10089.7 10960.5 10912.6 11902.1 12932.1 13931 15211.5 16448.7 17666.7 18899.5 20686.3 21226.4 18885.9 16454.3 14019.4 12229.1 9776.81 7419.46 5236.21 4081.74 4008.65 3819.54 3679.01 4759.11 6610.82 7355.16 8239 -9999 -9999 -9999 -9999 -9999 -9999 -9999 -9999 -9999 -9999 -9999 -9999 -9999 -9999 -9999 -9999 -9999 -9999 -9999 -9999 -9999 -9999 -9999 -9999 -9999 -9999 -9999
-9999 -9999 -9999 -9999 27834.8 26670.4 25691.5 24647.7 24727.2 25756.9 26477.1 24854.4 22855.6 21342.6 17659.6 12448.9 11216.2 9856.67 8624.99 8139.81 7420.54 7897.27 8590.6 8544.58 9503.53 10559.4 11722.2 13427.8 14121.8 15362.8 17167 19685.2 21498.9 19867 17546 15577.9 13410.5 10764.1 8734.65 7409.27 6194.46 4465.61 2248.14 1520.13 3391.21 4877.3 5164.33 7642.35 -9999 -9999 -9999 -9999 -9999 -9999 -9999 -9999 -9999 -9999 -9999 -9999 -9999 -9999 -9999 -9999 -9999 -9999 -9999 -9999 -9999 -9999 -9999 -9999 -9999 -9999 -9999
-9999 -9999 -9999 -9999 25543.5 24065.7 23035.5 21991.7 22071.2 23108.4 24014 23393.1 21376.1 18870.5 16913.5 14188 11859.2 9400.72 7243.27 5755.7 4771.29 5245.53 5951.74 5888.58 6839.36 8090.97 9365.05 10415.6 11540.5 13622.4 16004.5 18585.1 20957.7 21063.1 19284.6 16881.8 14520.2 12291.2 11123.7 9502.22 7177.15 4617.38 2219.55 1158.65 2928.03 2478.41 2269.74 3105.13 -9999 -9999 -9999 -9999 -9999 -9999 -9999 -9999 -9999 -9999 -9999 -9999 -9999 -9999 -9999 -9999 -9999 -9999 -9999 -9999 -9999 -9999 -9999 -9999 -9999 -9999 -9999
-9999 -9999 -9999 -9999 24558.1 21737.4 20665.2 19623.7 19703.2 20740.7 21646 21439.3 20354.7 17745.8 15459 12934.8 10491.5 8244.81 5995.37 3742.08 2424.42 3094.43 3767.82 3523.59 4734.61 6103.49 7015.22 8206.82 10026.1 12643.7 15029 17694 20037.9 21887.9 20451.7 17873.3 15839.6 14472.6 13013.4 10582.1 8150.27 5624.69 3750.75 3076.94 3370.13 1291.2 897.01 1517.32 -9999 -9999 -9999 -9999 -9999 -9999 -9999 -9999 -9999 -9999 -9999 -9999 -9999 -9999 -9999 -9999 -9999 -9999 -9999 -9999 -9999 -9999 -9999 -9999 -9999 -9999 -9999
