public/models/data/input/map/sulsel/2500/mapdriver.asc
NCOLS 199
NROWS 249
XLLCORNER -95260.364462
YLLCORNER 9791291.912663
CELLSIZE 2500.000000
NODATA_VALUE       -9999
[rows 132 to 164 of 249, columns 75 to 149 of 199]
-9999 -9999 -9999 -9999 -9999 -9999 -9999 -9999 427.739 589.949 2415.7 960.5 343.444 422.16 460.361 611.43 789.727 1465.79 1264.86 564.059 716.68 1179.57 1080.02 1583.45 1093.69 399.423 375.503 559.946 440.391 480.642 393.388 1093.41 1166.12 487.702 1340.45 753.688 444.457 543.288 402.452 471.749 521.637 469.152 325.06 798.896 2032.11 -9999 -9999 -9999 -9999 -9999 -9999 -9999 -9999 -9999 -9999 -9999 -9999 -9999 -9999 -9999 -9999 -9999 -9999 -9999 -9999 -9999 -9999 -9999 -9999 -9999 -9999 -9999 -9999 -9999 -9999
-9999 -9999 -9999 -9999 -9999 -9999 -9999 -9999 67.2444 85.7052 58.2521 410.475 515.285 490.769 552.953 485.079 405.557 582.012 829.897 1164.12 1705.7 635.141 661.952 743.082 532.152 510.179 545.152 427.525 418.945 397.534 370.11 534.385 474.833 289.588 938.307 955.089 972.762 1157.39 378.393 351.381 521.485 469.206 782.361 1575.23 2179.48 -9999 -9999 -9999 -9999 -9999 -9999 -9999 -9999 -9999 -9999 -9999 -9999 -9999 -9999 -9999 -9999 -9999 -9999 -9999 -9999 -9999 -9999 -9999 -9999 -9999 -9999 -9999 -9999 -9999 -9999
-9999 -9999 -9999 -9999 -9999 -9999 -9999 -9999 76.5685 3268.32 2626.51 925.882 490.809 984.599 1524.9 1606.12 992.412 730.278 1046.7 2050.44 2396.17 1220.98 451.684 1098.89 1569.79 477.293 812.509 354.096 351.511 456.247 407.29 556.193 826.684 373.138 347.643 880.488 2407.67 1961.58 708.31 397.771 603.605 357.953 523.376 892.955 -9999 -9999 -9999 -9999 -9999 -9999 -9999 -9999 -9999 -9999 -9999 -9999 -9999 -9999 -9999 -9999 -9999 -9999 -9999 -9999 -9999 -9999 -9999 -9999 -9999 -9999 -9999 -9999 -9999 -9999 -9999
-9999 -9999 -9999 -9999 -9999 -9999 -9999 -9999 62.0091 947.176 1968.77 874.039 872.628 1202.33 767.382 1633.78 1014.28 467.718 349.795 764.858 1325.64 586.584 487.781 1662.87 1284.84 513.213 494.798 363.267 431.226 264.352 665.878 580.442 472.036 379.17 376.616 1240.71 3195.69 1926.04 555.851 339.761 399.081 808.418 894.764 1448 -9999 -9999 -9999 -9999 -9999 -9999 -9999 -9999 -9999 -9999 -9999 -9999 -9999 -9999 -9999 -9999 -9999 -9999 -9999 -9999 -9999 -9999 -9999 -9999 -9999 -9999 -9999 -9999 -9999 -9999 -9999
-9999 -9999 -9999 -9999 -9999 -9999 -9999 -9999 67.283 304.412 734.226 591.167 265.204 340.311 406.386 440.419 1081.73 1253.32 571.944 535.732 353.418 1334.98 643.176 1302.45 634.054 1582.18 629.292 741.562 521.716 580.852 882.978 741.595 634.76 553.323 555.528 1425.51 2284.81 1705.15 451.395 645.017 447.893 570.691 960.665 1485.27 -9999 -9999 -9999 -9999 -9999 -9999 -9999 -9999 -9999 -9999 -9999 -9999 -9999 -9999 -9999 -9999 -9999 -9999 -9999 -9999 -9999 -9999 -9999 -9999 -9999 -9999 -9999 -9999 -9999 -9999 -9999
-9999 -9999 -9999 -9999 -9999 -9999 -9999 195.268 141.628 319.758 320.967 383.764 326.73 407.714 744.406 1309.07 867.181 1176.29 1760.79 1189.63 637.257 1719.78 691.057 1447.07 753.14 1907.65 615.223 1003.98 810.555 495.997 824.781 1267 634.315 610.34 868.231 795.519 663.542 979.497 436.7 1497.27 1237.68 784.046 553.323 1053.99 -9999 -9999 -9999 -9999 -9999 -9999 -9999 -9999 -9999 -9999 -9999 -9999 -9999 -9999 -9999 -9999 -9999 -9999 -9999 -9999 -9999 -9999 -9999 -9999 -9999 -9999 -9999 -9999 -9999 -9999 -9999
-9999 -9999 -9999 -9999 -9999 -9999 64.379 2730.66 2577.34 678.023 882.79 819.076 344.608 487.626 399.477 388.55 897.182 1359.26 2481.16 1651.25 637.79 1743.93 1712.41 1098.8 1078.8 1156.79 692.476 454.455 659.634 755.81 1016.51 574.873 449.926 418.298 328.952 308.444 287.904 391.544 443.813 839.369 1684.16 1059.12 660.921 564.353 -9999 -9999 -9999 -9999 -9999 -9999 -9999 -9999 -9999 -9999 -9999 -9999 -9999 -9999 -9999 -9999 -9999 -9999 -9999 -9999 -9999 -9999 -9999 -9999 -9999 -9999 -9999 -9999 -9999 -9999 -9999
-9999 -9999 -9999 -9999 -9999 -9999 3828.96 3274.7 2170.6 1007.88 950.009 1822.9 643.417 1399.28 1667.67 488.875 560.132 693.038 1103.45 490.583 839.449 796.119 2004.2 1461.11 644.875 946.207 867.275 388.656 624.881 705.006 1345.95 352.965 568.855 1121.5 740.575 298.1 487.636 728.354 474.555 318.957 567.763 1515.41 2252.09 376.777 -9999 -9999 -9999 -9999 -9999 -9999 -9999 -9999 -9999 -9999 -9999 -9999 -9999 -9999 -9999 -9999 -9999 -9999 -9999 -9999 -9999 -9999 -9999 -9999 -9999 -9999 -9999 -9999 -9999 -9999 -9999
-9999 -9999 -9999 -9999 -9999 4251.71 4406.6 2827.83 837.14 857.157 738.8 1239.69 1324.29 760.601 2535.94 1598.74 729.626 565.564 632.054 404.284 1588.85 901.089 492.919 774.689 704.604 2123.29 1647.83 1084.24 798.707 933.981 982.259 512.772 684.472 913.122 551.508 918.304 569.09 387.498 485.113 976.593 659.716 585.971 875.283 -9999 -9999 -9999 -9999 -9999 -9999 -9999 -9999 -9999 -9999 -9999 -9999 -9999 -9999 -9999 -9999 -9999 -9999 -9999 -9999 -9999 -9999 -9999 -9999 -9999 -9999 -9999 -9999 -9999 -9999 -9999 -9999
-9999 -9999 -9999 -9999 -9999 2971.44 2894.23 2545.63 1972.01 820.997 1444.66 751.426 1203.43 563.321 2477.57 2669.46 1065.1 581.764 827.657 414.308 984.145 687.483 359.933 437.15 686.438 855.852 1154.16 691.269 828.042 1347.16 503.923 937.949 639.43 381.427 604.254 646.09 458.618 492.759 526.51 577.041 483.146 435.987 1008.66 -9999 -9999 -9999 -9999 -9999 -9999 -9999 -9999 -9999 -9999 -9999 -9999 -9999 -9999 -9999 -9999 -9999 -9999 -9999 -9999 -9999 -9999 -9999 -9999 -9999 -9999 -9999 -9999 -9999 -9999 -9999 -9999
-9999 -9999 -9999 3390.71 1771.03 309.737 732.614 1114.5 1977.52 759.964 1911.33 2459.04 1499.63 446.006 1670.38 2750.41 1632.06 1352.2 1512.11 968.928 566.621 527.733 798.717 686.399 717.72 552.9 873.437 1598.48 2191.59 1496.09 833.953 526.86 445.713 678.548 440.022 1188.4 667.941 638.77 554.53 690.725 1279.5 1080.5 960.097 -9999 -9999 -9999 -9999 -9999 -9999 -9999 -9999 -9999 -9999 -9999 -9999 -9999 -9999 -9999 -9999 -9999 -9999 -9999 -9999 -9999 -9999 -9999 -9999 -9999 -9999 -9999 -9999 -9999 -9999 -9999 -9999
-9999 -9999 -9999 3464.67 2357.12 505.616 616.639 1303.83 998.945 962.027 2984.88 4292.88 3072.36 1156.71 609.56 983.471 346.285 373.749 627.989 921.866 1363.93 1497.77 1219.85 370.91 685.842 648.362 769.096 712.264 885.522 622.944 746.66 873.718 449.585 616.335 743.497 1655.92 781.295 573.95 492.846 408.825 570.085 674.182 1494.14 -9999 -9999 -9999 -9999 -9999 -9999 -9999 -9999 -9999 -9999 -9999 -9999 -9999 -9999 -9999 -9999 -9999 -9999 -9999 -9999 -9999 -9999 -9999 -9999 -9999 -9999 -9999 -9999 -9999 -9999 -9999 -9999
-9999 -9999 74.7248 812.982 1927.36 803.933 622.473 775.452 372.023 1945.73 3312.22 4081.66 3639.18 2435.11 1096.15 895.327 1025.64 966.73 655.271 659.768 658.26 660.594 568.669 420.123 780.566 849.586 1532.74 1549.9 844.951 706.892 1285.66 941.445 1020.05 1357.79 1595.36 632.432 420.877 519.547 370.01 660.065 1259.07 1163.82 540.349 -9999 -9999 -9999 -9999 -9999 -9999 -9999 -9999 -9999 -9999 -9999 -9999 -9999 -9999 -9999 -9999 -9999 -9999 -9999 -9999 -9999 -9999 -9999 -9999 -9999 -9999 -9999 -9999 -9999 -9999 -9999 -9999
-9999 -9999 378.764 289.159 1033.46 1445.06 2146.97 2457.79 742.444 1102.04 1282.65 1783.06 1531.96 1854.43 872.766 472.763 518.768 1032.31 1961.69 1806.5 2119.27 1732.32 1392.42 932.125 716.558 601.381 609.175 415.55 580.55 481.07 963.827 612.336 1185.42 730.727 594.373 371.533 839.412 1418.71 1659.36 1063.38 644.815 710.133 1359.07 2074.43 -9999 -9999 -9999 -9999 -9999 -9999 -9999 -9999 -9999 -9999 -9999 -9999 -9999 -9999 -9999 -9999 -9999 -9999 -9999 -9999 -9999 -9999 -9999 -9999 -9999 -9999 -9999 -9999 -9999 -9999 -9999
-9999 -9999 342.136 301.789 517.398 595.927 1853.28 2561.73 889.311 618.45 864.508 591.38 676.72 408.647 595.831 817.177 1190.75 1861.55 1786.28 810.016 1606.21 1030.37 655.406 541.935 406.1 608.449 570.69 683.7 1623.18 543.343 337.857 898.625 710.446 431.922 509.194 1149.61 2005.06 1284.06 1217.05 1760.4 1718.82 1560.2 1116.78 1266.47 1293.59 -9999 -9999 -9999 -9999 -9999 -9999 -9999 -9999 -9999 -9999 -9999 -9999 -9999 -9999 -9999 -9999 -9999 -9999 -9999 -9999 -9999 -9999 -9999 -9999 -9999 -9999 -9999 -9999 -9999 -9999
-9999 -9999 654.949 585.621 529.729 695.563 520.985 1394.99 976.469 1060.72 2184.12 2231.76 1722.53 503.61 485.882 604.749 699.654 727.91 611.661 536.605 1247.15 900.936 505.152 507.482 544.863 766.785 699.885 834.322 1301.71 439.965 309.029 926.862 591.188 562.952 1405.85 1704.8 746.552 454.253 226.761 367.443 476.191 273.57 490.646 716.076 1315.77 -9999 -9999 -9999 -9999 -9999 -9999 -9999 -9999 -9999 -9999 -9999 -9999 -9999 -9999 -9999 -9999 -9999 -9999 -9999 -9999 -9999 -9999 -9999 -9999 -9999 -9999 -9999 -9999 -9999 -9999
-9999 1791.42 2195.87 1387.52 729.095 521.575 985.454 549.252 969.697 658.991 828.216 1819.41 932.363 679.526 478.47 431.199 462.494 547.174 669.285 1089.22 1094.66 509.786 595.113 626.633 713.999 859.026 923.273 987.203 1121.05 434.486 465.097 616.764 513.24 823.099 1537 715.675 554.39 452.401 497.946 786.747 517.762 369.275 490.19 832.053 1899.66 -9999 -9999 -9999 -9999 -9999 -9999 -9999 -9999 -9999 -9999 -9999 -9999 -9999 -9999 -9999 -9999 -9999 -9999 -9999 -9999 -9999 -9999 -9999 -9999 -9999 -9999 -9999 -9999 -9999 -9999
-9999 1224.05 1553.9 1544.6 1174.84 497.65 1165.25 1445.06 629.088 1655.94 904.83 994.371 1417.92 984.826 412.714 474.438 748.843 544.703 628.61 542.821 369.562 403.616 658.749 536.97 370.738 666.411 882.724 745.842 804.091 661.805 425.66 349.344 443.313 431.283 474.959 575.645 526.094 357.72 986.631 427.633 509.24 787.068 639.577 612.162 915.601 -9999 -9999 -9999 -9999 -9999 -9999 -9999 -9999 -9999 -9999 -9999 -9999 -9999 -9999 -9999 -9999 -9999 -9999 -9999 -9999 -9999 -9999 -9999 -9999 -9999 -9999 -9999 -9999 -9999 -9999
-9999 1340.66 1004.59 892.39 926.542 1369.61 822.053 990.796 417.19 686.801 539.828 513.7 397.388 322.656 471.836 543.148 848.74 1546.73 661.626 348.675 248.427 489.914 509.383 433.932 280.006 351.02 550.668 529.724 287.236 549.721 360.697 249.533 352.044 372.41 534.048 810.021 300.46 408.266 342.724 392.275 609.539 579.92 452.394 392.922 695.139 1709.44 1398.51 -9999 -9999 -9999 -9999 -9999 -9999 -9999 -9999 -9999 -9999 -9999 -9999 -9999 -9999 -9999 -9999 -9999 -9999 -9999 -9999 -9999 -9999 -9999 -9999 -9999 -9999 -9999 -9999
-9999 3098.05 2881.7 2977.31 2592.92 1334.98 263.745 236.025 537.513 513.923 585.505 881.151 822.029 348.073 538.407 571.026 639.553 2088.44 1552 812.988 674.034 735.092 1392.02 1057.43 391.545 503.737 659.162 619.209 355.402 321.737 516.493 446.889 716.91 443.51 411.395 471.11 348.481 430.094 476.314 789.827 622.894 617.047 1128.41 670.062 790.622 1167.38 1648.16 -9999 -9999 -9999 -9999 -9999 -9999 -9999 -9999 -9999 -9999 -9999 -9999 -9999 -9999 -9999 -9999 -9999 -9999 -9999 -9999 -9999 -9999 -9999 -9999 -9999 -9999 -9999 -9999
-9999 1663.22 1811.97 2715.04 1482.3 1096.8 367.382 819.945 534.982 476.852 621.095 487.926 520.612 590.194 568.195 767.754 512.685 1032.92 1406.72 866.946 584.821 996.891 1430.76 607.504 594.838 648.552 1082.52 705.884 371.917 740.027 798.47 469.098 648.988 260.122 367.284 449.235 458.915 475.346 407.949 258.62 391.224 609.569 679.368 1046.34 787.164 490.734 2431.78 4816.91 5842.47 -9999 -9999 -9999 -9999 -9999 -9999 -9999 -9999 -9999 -9999 -9999 -9999 -9999 -9999 -9999 -9999 -9999 -9999 -9999 -9999 -9999 -9999 -9999 -9999 -9999 -9999
-9999 1214.98 1144.14 1285.13 473.9 529.603 491.05 886.939 698.997 412.779 473.304 660.638 651.529 550.152 1300.73 1103.12 612.021 640.393 532.092 686.353 1089.38 793.387 719.118 356.484 894.22 1073.96 1097.81 780.054 1037.85 435.215 486.304 550.462 476.368 281.991 372.284 378.603 352.27 410.306 449.323 345.354 302.4 455.086 665.536 461.638 560.509 640.616 1667.16 4136.22 5164.12 -9999 -9999 -9999 -9999 -9999 -9999 -9999 -9999 -9999 -9999 -9999 -9999 -9999 -9999 -9999 -9999 -9999 -9999 -9999 -9999 -9999 -9999 -9999 -9999 -9999 -9999
-9999 2535.93 1449.21 388.688 593.043 452.167 510.555 740.765 835.516 1367.82 686.553 569.127 602.677 750.799 1471.3 1868.74 1714.43 712.131 1465.23 1222.55 580.321 380.14 458.13 463.046 495.895 434.178 782.04 548.143 555.191 366.863 345.571 269.736 336.251 482.717 332.046 626.467 1084.12 939.92 375.061 396.281 484.548 1155.26 1110.68 887.241 764.732 399.258 1547.7 2893.64 3295.63 -9999 -9999 -9999 -9999 -9999 -9999 -9999 -9999 -9999 -9999 -9999 -9999 -9999 -9999 -9999 -9999 -9999 -9999 -9999 -9999 -9999 -9999 -9999 -9999 -9999 -9999
-9999 1315.26 512.794 956.791 626.266 990.403 359.5 366.636 453.112 557.595 577.764 368.161 483.756 744.968 680.669 667.763 1044.99 869.873 1412 2699.91 1407.48 703.813 546 478.585 605.782 1224.04 1200.45 409.113 465.383 978.966 1185.02 542.78 212.15 326.564 471.064 332.755 410.143 865.019 881.815 404.61 785.27 599.937 824.163 1801.87 1664.47 448.309 562.974 926.251 2011.33 -9999 -9999 -9999 -9999 -9999 -9999 -9999 -9999 -9999 -9999 -9999 -9999 -9999 -9999 -9999 -9999 -9999 -9999 -9999 -9999 -9999 -9999 -9999 -9999 -9999 -9999
-9999 544.308 989.333 1446.33 493.222 821.786 309.917 310.165 397.248 399.187 1026.81 840.102 500.623 473.609 643.945 487.852 509.197 665.56 749.805 1411.21 1220.43 601.98 358.941 528.844 785.928 875.361 392.06 340.887 1015.55 642.719 642.07 556.059 449.497 245.298 242.277 342.011 202.372 217.191 355.62 389.368 613.378 1442.6 1159.79 711.033 1158.58 956.08 1810.33 877.402 714.196 946.39 -9999 -9999 -9999 -9999 -9999 -9999 -9999 -9999 -9999 -9999 -9999 -9999 -9999 -9999 -9999 -9999 -9999 -9999 -9999 -9999 -9999 -9999 -9999 -9999 -9999
-9999 1614.21 1388.85 1329.18 763.242 448.343 695.246 517.07 499.684 416.052 489.57 366.611 403.984 932.64 1561.06 1542.88 815.615 597.392 379.112 537.976 733.713 477.069 420.448 328.082 315.219 459.435 832.423 435.878 1173.63 1581.24 478.169 562.829 732.319 471.512 373.967 275.97 235.256 271.407 455.371 519.932 353.309 745.091 1775.74 543.209 745.961 958.105 2887.89 2575.25 1706.81 1191.35 -9999 -9999 -9999 -9999 -9999 -9999 -9999 -9999 -9999 -9999 -9999 -9999 -9999 -9999 -9999 -9999 -9999 -9999 -9999 -9999 -9999 -9999 -9999 -9999 -9999
-9999 -9999 2233.74 2213.87 728.106 505.341 631.294 483.621 439.961 362.76 410.778 765.503 556.315 908.246 1457.73 792.193 787.244 620.939 511.56 777.154 526.239 467.277 371.213 273.202 514.705 500.235 1392.75 567.118 755.613 1886.25 501.745 529.753 618.889 1292.09 572.308 324.735 295.304 445.754 440.055 829.298 734.22 339.148 1142.3 818.485 264.485 1118.48 3284.91 4702.73 4398.78 5546.15 6600.9 -9999 -9999 -9999 -9999 -9999 -9999 -9999 -9999 -9999 -9999 -9999 -9999 -9999 -9999 -9999 -9999 -9999 -9999 -9999 -9999 -9999 -9999 -9999 -9999
-9999 -9999 -9999 569.679 1183.69 471.37 914.552 541.854 573.828 646.37 771.976 668.112 539.785 507.156 481.803 966.501 882.679 532.491 529.322 444.79 918.022 279.959 278.088 529.437 616.438 645.161 694.401 458.755 386.894 850.29 643.294 538.383 531.077 926.206 869.681 655.972 269.575 264.059 457.303 494.184 1001.05 378.927 1149.64 700.059 571.4 1123.69 3401.51 5853.83 6713.58 7599.9 8083.45 -9999 -9999 -9999 -9999 -9999 -9999 -9999 -9999 -9999 -9999 -9999 -9999 -9999 -9999 -9999 -9999 -9999 -9999 -9999 -9999 -9999 -9999 -9999 -9999
-9999 -9999 -9999 -9999 1180.01 370.526 674.132 737.466 624.891 261.501 355.403 463.328 690.909 408.304 536.656 452.805 365.076 455.946 440.044 572.124 508.98 242.299 265.63 623.097 572.33 805.337 477.255 345.738 221.487 294.713 607.171 405.087 466.787 918.953 682.089 953.446 232.113 259.528 457.338 402.16 286.07 711.829 622.424 1412 1257.11 2086.33 4165.33 6715.89 8901.97 10235.5 10657.7 -9999 -9999 -9999 -9999 -9999 -9999 -9999 -9999 -9999 -9999 -9999 -9999 -9999 -9999 -9999 -9999 -9999 -9999 -9999 -9999 -9999 -9999 -9999 -9999
-9999 -9999 -9999 -9999 3385.9 741.44 673.021 2137.56 1426.94 398.933 543.165 709.677 561.198 368.094 386.22 350.356 505.766 567.239 510.848 733.642 355.019 296.244 264.323 403.533 494.574 446.285 468.372 323.947 271.486 279.153 408.756 522.235 412.864 633.543 534.716 445.263 244.355 336.733 691.637 700.964 454.604 1144.3 649.67 -9999 -9999 4088.6 5610.93 7718.12 10123.8 12334.3 12989.5 -9999 -9999 -9999 -9999 -9999 -9999 -9999 -9999 -9999 -9999 -9999 -9999 -9999 -9999 -9999 -9999 -9999 -9999 -9999 -9999 -9999 -9999 -9999 -9999
-9999 -9999 -9999 3490.56 2823.6 1368.56 1211.77 2420.68 2354.72 1406.23 1011.18 479.955 374.362 358.927 332.395 370.64 367.073 684.777 411.741 605.399 369.496 422.721 347.891 281.927 627.639 527.292 261.264 142.5 313.032 302.011 408.569 659.532 446.845 784.962 457.709 654.891 362.541 588.43 682.396 1720.9 -9999 -9999 -9999 -9999 -9999 -9999 8492.75 9379.16 11240.1 13724 15955.1 -9999 -9999 -9999 -9999 -9999 -9999 -9999 -9999 -9999 -9999 -9999 -9999 -9999 -9999 -9999 -9999 -9999 -9999 -9999 -9999 -9999 -9999 -9999 -9999
-9999 -9999 -9999 -9999 1322.52 432.785 2231.56 4738.79 2480.86 3043.2 1172.3 1044.71 839.112 493.918 266.004 383.092 374.548 732.032 519.366 412.875 935.517 431.515 415.351 277.456 289.423 914.469 1075.17 -9999 -9999 -9999 822.255 713.545 744.756 1407.88 767.464 1176.1 414.639 574.365 -9999 -9999 -9999 -9999 -9999 -9999 -9999 -9999 9830.42 11240 12785.5 14794.5 16916.7 -9999 -9999 -9999 -9999 -9999 -9999 -9999 -9999 -9999 -9999 -9999 -9999 -9999 -9999 -9999 -9999 -9999 -9999 -9999 -9999 -9999 -9999 -9999 -9999
-9999 -9999 -9999 -9999 -9999 682.266 2370.39 4165.08 -9999 2982.64 2842.71 2554.98 823.654 698.718 421.99 237.929 377.41 553.684 771.982 608.796 1007.89 297.262 301.279 254.538 868.464 103.753 -9999 -9999 -9999 -9999 -9999 -9999 -9999 -9999 -9999 -9999 -9999 -9999 -9999 -9999 -9999 -9999 -9999 -9999 -9999 -9999 -9999 -9999 14527.9 15847.8 18225.8 19025.4 -9999 -9999 -9999 -9999 -9999 -9999 -9999 -9999 -9999 -9999 -9999 -9999 -9999 -9999 -9999 -9999 -9999 -9999 -9999 -9999 -9999 -9999 -9999
