public/models/data/input/map/sulsel/2500/mapdplant.asc
NCOLS 199
NROWS 249
XLLCORNER -95260.364462
YLLCORNER 9791291.912663
CELLSIZE 2500.000000
NODATA_VALUE       -9999
[rows 132 to 164 of 249, columns 75 to 149 of 199]
-9999 -9999 -9999 -9999 -9999 -9999 -9999 -9999 -9999 26072.6 24175.7 19733.3 16778 14157.6 11838.6 9866.32 8724.63 7670.43 7361.43 8256.66 7708.43 5235.41 2878.49 761.371 722.785 2734.07 4289.37 5399.23 6497.92 5288.18 2926.59 630.523 14.5056 13.9968 9.49629 311.126 1906.05 4489.98 6857.97 9447.85 11398.9 11273.2 10575.2 11568 14690.7 -9999 -9999 -9999 -9999 -9999 -9999 -9999 -9999 -9999 -9999 -9999 -9999 -9999 -9999 -9999 -9999 -9999 -9999 -9999 -9999 -9999 -9999 -9999 -9999 -9999 -9999 -9999 -9999 -9999 -9999
-9999 -9999 -9999 -9999 -9999 -9999 -9999 -9999 -9999 -9999 -9999 18034 15574.8 13150.2 10782.2 8251.68 6426.96 5238.54 4929.43 5962.16 7264.13 6158.93 4115.12 2608.34 1862.49 1981.47 2008.17 3228.63 4807.59 5542.68 3422.23 1131.46 72.9489 3.97397 23.2309 277.334 1850.82 4443.58 6811.58 9403.57 11824.5 13466.5 13043.6 14185.6 14838.1 -9999 -9999 -9999 -9999 -9999 -9999 -9999 -9999 -9999 -9999 -9999 -9999 -9999 -9999 -9999 -9999 -9999 -9999 -9999 -9999 -9999 -9999 -9999 -9999 -9999 -9999 -9999 -9999 -9999 -9999
-9999 -9999 -9999 -9999 -9999 -9999 -9999 -9999 -9999 20348.4 19918.4 16938.9 14660.1 12182 9823.21 7272.66 4729.13 2792.79 2374.23 3986.22 6226.55 6701.24 5736.84 3713.74 1479.07 465.477 415.104 1569.36 3600.66 5339.65 3497.13 994.648 35.5063 1.58083 169.004 1472.58 3175.71 5534.97 7857.36 10448.4 12880.7 15219 15611.2 16355.1 -9999 -9999 -9999 -9999 -9999 -9999 -9999 -9999 -9999 -9999 -9999 -9999 -9999 -9999 -9999 -9999 -9999 -9999 -9999 -9999 -9999 -9999 -9999 -9999 -9999 -9999 -9999 -9999 -9999 -9999 -9999
-9999 -9999 -9999 -9999 -9999 -9999 -9999 -9999 -9999 20971.3 19281.6 16638.9 14262.4 11571 9194.38 6513.26 3901 1479.64 1024.1 3246.99 5057 4767.87 5080.06 4061.71 2121.08 1405.1 1696.25 2646.72 4341.35 5695.42 3641.72 1369.02 363.332 68.6909 20.7714 1392.96 3711.42 6301.71 8641.13 11231.3 13663.3 16199.8 17806.3 18860.6 -9999 -9999 -9999 -9999 -9999 -9999 -9999 -9999 -9999 -9999 -9999 -9999 -9999 -9999 -9999 -9999 -9999 -9999 -9999 -9999 -9999 -9999 -9999 -9999 -9999 -9999 -9999 -9999 -9999 -9999 -9999
-9999 -9999 -9999 -9999 -9999 -9999 -9999 -9999 23441.2 22481.3 19531.3 16984.5 14643.5 12007 9639 7047 4671.89 2925.04 2772.87 3270.99 3277.22 2131.47 2930.31 4720.09 4563.29 3995.59 4171.66 4935.32 5801.47 5622.56 4307 3233.55 2472.7 1200.74 649.915 2182.9 4489.9 7145.85 9513.84 12105.8 14537.8 17097.8 19497.5 21394 -9999 -9999 -9999 -9999 -9999 -9999 -9999 -9999 -9999 -9999 -9999 -9999 -9999 -9999 -9999 -9999 -9999 -9999 -9999 -9999 -9999 -9999 -9999 -9999 -9999 -9999 -9999 -9999 -9999 -9999 -9999
-9999 -9999 -9999 -9999 -9999 -9999 -9999 -9999 22933.8 21153.7 19338.1 16856.7 14600.4 12517.9 10541.9 8076.85 6306.77 4853.72 3111.93 1444.83 1855.59 557.071 1666.2 4193.41 5646.31 4686.07 3735.7 4038.89 4865.43 3532.54 2496.47 2430.62 3599.26 3135.98 2837.29 3837.66 5527 8122.54 10490.5 13082.5 15514.5 18074.5 20493.8 22326.3 -9999 -9999 -9999 -9999 -9999 -9999 -9999 -9999 -9999 -9999 -9999 -9999 -9999 -9999 -9999 -9999 -9999 -9999 -9999 -9999 -9999 -9999 -9999 -9999 -9999 -9999 -9999 -9999 -9999 -9999 -9999
-9999 -9999 -9999 -9999 -9999 -9999 -9999 19321.3 19625.9 18482.6 17390.3 15680.2 13435 10996.1 9556.54 8302.91 7175.37 5484.12 3236.09 1602.23 1968.16 580.098 1697.79 4220.55 4695.42 2785.18 1374.74 1823.56 3292.82 1814.61 518.065 951.92 3245.27 5143.6 5428.95 6346.79 7368.73 9243.43 11564.2 14156.2 16588.2 19145.6 21137 21871.2 -9999 -9999 -9999 -9999 -9999 -9999 -9999 -9999 -9999 -9999 -9999 -9999 -9999 -9999 -9999 -9999 -9999 -9999 -9999 -9999 -9999 -9999 -9999 -9999 -9999 -9999 -9999 -9999 -9999 -9999 -9999
-9999 -9999 -9999 -9999 -9999 -9999 18602.4 18036.3 16939.8 15917.9 14848.6 13769.4 12299.5 9777.54 7615.82 6047.89 5026.71 4660.61 4422.38 2891.55 1914.81 1438.42 2687.46 4852.51 3922.24 1443.48 346.384 963.264 2491.48 1014.21 899.736 1961.03 3810.54 6281.76 7783.43 8783.99 9760.23 10937.1 12635.2 15163.5 17595.5 20147 21705.2 -9999 -9999 -9999 -9999 -9999 -9999 -9999 -9999 -9999 -9999 -9999 -9999 -9999 -9999 -9999 -9999 -9999 -9999 -9999 -9999 -9999 -9999 -9999 -9999 -9999 -9999 -9999 -9999 -9999 -9999 -9999 -9999
-9999 -9999 -9999 -9999 -9999 18941.1 18465.9 16513.8 14557.9 13323.7 12315.4 11241.7 10405.2 8704.39 6345.18 3965.18 2506.67 2284.22 3182.24 2075.3 741.374 580.323 2524.76 4799.68 3713.02 1266.37 813.764 1162.19 1925.68 2620.36 3099.67 4267.96 5487.43 7424.37 9705.39 11317.3 12320.2 13420.4 14452.7 16280.7 18656.2 21211.4 23553.4 -9999 -9999 -9999 -9999 -9999 -9999 -9999 -9999 -9999 -9999 -9999 -9999 -9999 -9999 -9999 -9999 -9999 -9999 -9999 -9999 -9999 -9999 -9999 -9999 -9999 -9999 -9999 -9999 -9999 -9999 -9999 -9999
-9999 -9999 -9999 -9999 -9999 18867.4 18005.9 15490.3 13075.5 11026.1 9883.49 8809.74 8041.2 7546.52 5473.95 2886.71 794.786 852.513 1743.43 821.425 1542.86 1387.23 2789.99 4586 3890.72 2442.97 1764.31 467.906 1125.19 3584.32 5271.05 6594.9 7707.33 9005.78 10858.3 13265.6 14731.2 15852.4 16833.2 17974.6 19719.9 22139.9 24182 -9999 -9999 -9999 -9999 -9999 -9999 -9999 -9999 -9999 -9999 -9999 -9999 -9999 -9999 -9999 -9999 -9999 -9999 -9999 -9999 -9999 -9999 -9999 -9999 -9999 -9999 -9999 -9999 -9999 -9999 -9999 -9999
-9999 -9999 -9999 22070 21032.5 20234.6 18013.3 14353.1 11983.2 9445.5 7463.92 6218.69 5449.2 5791.72 5618.67 3532.9 1503.42 425.627 1335.83 1851.43 1640.9 1299.86 1886.6 2846.08 2059.96 2359.99 767.179 216.629 1183.27 3683.32 5855.21 7706.9 9221.92 11042.3 12522.5 14529.8 16754.4 18423.8 19355.9 19992 20133.3 21039.6 22079.2 -9999 -9999 -9999 -9999 -9999 -9999 -9999 -9999 -9999 -9999 -9999 -9999 -9999 -9999 -9999 -9999 -9999 -9999 -9999 -9999 -9999 -9999 -9999 -9999 -9999 -9999 -9999 -9999 -9999 -9999 -9999 -9999
-9999 -9999 -9999 21677.6 20046.1 17943.8 15781.1 13231.1 11001.7 8444.95 6031.6 3972.32 3081.31 3473.01 4254.67 4327.7 2937.7 1752.02 2424.55 1891.96 395.24 262.648 694.272 1668.2 556.246 1654.46 1218.15 1199.97 2082.2 3525.68 4564.99 6109.97 8347.01 10897.9 13247.9 15524.8 17740.2 19832.8 19677.9 18766.1 18030.2 18612.7 21198.3 -9999 -9999 -9999 -9999 -9999 -9999 -9999 -9999 -9999 -9999 -9999 -9999 -9999 -9999 -9999 -9999 -9999 -9999 -9999 -9999 -9999 -9999 -9999 -9999 -9999 -9999 -9999 -9999 -9999 -9999 -9999 -9999
-9999 -9999 22375.7 21038.8 18940.5 16286.2 13920.5 11515.4 9725.25 7440.34 5032.18 2457.36 767.789 1164.52 1808.06 2847.77 4406.31 4262.77 4090.79 2177.62 1239.02 664.196 846.63 569.329 500.475 253.926 578.616 341.072 566.734 1220.64 2410.81 4812 7243.72 9803.71 12235.7 14827.7 17182 18129.1 17176.9 16113.1 15374.2 15943.9 15998.7 -9999 -9999 -9999 -9999 -9999 -9999 -9999 -9999 -9999 -9999 -9999 -9999 -9999 -9999 -9999 -9999 -9999 -9999 -9999 -9999 -9999 -9999 -9999 -9999 -9999 -9999 -9999 -9999 -9999 -9999 -9999 -9999
-9999 -9999 21824 20307.5 17961.4 15305.4 12937.8 10352.3 8120.27 6516.39 4990.56 2857.7 1234 770.906 420.964 1954.3 4024.79 3953.72 3655.99 1563.34 1067.76 957.211 1215.62 1239.95 156.832 70.9123 300.783 658.845 963.412 539.979 1879.32 4438.87 6870.86 9430.86 11862.9 14408.2 15971.3 15789.8 14808.9 13745.1 13006.2 13610 14253.8 13438.4 -9999 -9999 -9999 -9999 -9999 -9999 -9999 -9999 -9999 -9999 -9999 -9999 -9999 -9999 -9999 -9999 -9999 -9999 -9999 -9999 -9999 -9999 -9999 -9999 -9999 -9999 -9999 -9999 -9999 -9999 -9999
-9999 -9999 21291.4 19255.6 16887.7 14231.7 11863.7 9271.74 6840.17 4481.51 3132.25 3054.08 3103.94 2257.08 1402.6 2717.41 3129.05 1567.06 2279.9 1566.52 1346.63 1861.86 1741.58 1527.62 1088.86 421.494 213.43 1407.5 2919.53 2665.83 3330.54 5388.12 7804.12 10364.1 12763.4 14101.9 13721.6 13197.8 12216.9 11153.1 10414.2 11020 12020 12432.6 12375.9 -9999 -9999 -9999 -9999 -9999 -9999 -9999 -9999 -9999 -9999 -9999 -9999 -9999 -9999 -9999 -9999 -9999 -9999 -9999 -9999 -9999 -9999 -9999 -9999 -9999 -9999 -9999 -9999 -9999 -9999
-9999 -9999 20269.7 18261.9 15907.6 13251.6 10883.6 8291.59 5859.6 3303.49 1153.27 947.205 2155.29 3837.2 3684.1 3932.32 2782.15 1068.12 2413.93 3316.66 2890.59 1414.79 1423.85 1414.54 1622.76 563.103 399.554 1461.48 2906.35 3483.44 4714.34 6634.89 8809.41 11320.1 12661.8 11975.7 11291.5 10770 9784.95 8721.08 7982.23 8588.01 9595.37 10626.7 10625.1 -9999 -9999 -9999 -9999 -9999 -9999 -9999 -9999 -9999 -9999 -9999 -9999 -9999 -9999 -9999 -9999 -9999 -9999 -9999 -9999 -9999 -9999 -9999 -9999 -9999 -9999 -9999 -9999 -9999 -9999
-9999 21987.6 20454.2 18364.6 15996.6 13340.6 10972.6 8380.59 5948.6 3413.16 1372.91 870.422 2130.49 4384.86 3743.28 2400.47 2555.24 2777.76 3793.77 4802.31 4516.46 3487.38 3168.58 1416.75 654.824 363.194 786.924 2178.42 1099.2 1682.68 3890.37 6479.99 8899.26 10917.3 10490.9 9417.48 8738.56 8473.11 7245.94 6161.08 5422.23 6028.18 7050.4 8323.19 9681.65 -9999 -9999 -9999 -9999 -9999 -9999 -9999 -9999 -9999 -9999 -9999 -9999 -9999 -9999 -9999 -9999 -9999 -9999 -9999 -9999 -9999 -9999 -9999 -9999 -9999 -9999 -9999 -9999 -9999 -9999
-9999 22266.6 21712.1 19362.8 16994.8 14338.8 11970.8 9378.85 6960 4784.22 3439.04 3154.56 3866.02 4593.51 2607.63 612.83 691.494 2097.53 2905.51 3034.7 3883.73 5093.98 4331.06 2442.94 1926.5 800.686 1523.37 2752.43 1203.67 1757.52 4042.89 6633.4 9045.22 9589.01 8092.37 6985.48 6306.57 6545.44 5213.7 3735.08 2990.23 3611.03 4775.83 6764.84 8395.65 -9999 -9999 -9999 -9999 -9999 -9999 -9999 -9999 -9999 -9999 -9999 -9999 -9999 -9999 -9999 -9999 -9999 -9999 -9999 -9999 -9999 -9999 -9999 -9999 -9999 -9999 -9999 -9999 -9999 -9999
-9999 23709.7 22917.4 20436.5 18068.5 15412.5 13044.5 10476.6 8432.55 7029.95 6010.7 5746.55 6368.78 5382.02 3144.27 1350.61 848.026 1039.95 773.142 846.948 2063.09 4562.61 5089.77 3180.29 2217.12 2555.45 3654.61 4386.42 3421.42 3653.12 5232.66 7694.45 9756.76 8537.99 6175.99 4434.44 3714.57 4055.31 3516.07 1650.84 637.8 1297.13 3104.51 5078.61 7043.29 8795.06 9306.37 -9999 -9999 -9999 -9999 -9999 -9999 -9999 -9999 -9999 -9999 -9999 -9999 -9999 -9999 -9999 -9999 -9999 -9999 -9999 -9999 -9999 -9999 -9999 -9999 -9999 -9999 -9999 -9999
-9999 25735.7 23995.1 21417.3 19049.3 16393.3 14035.1 11817.3 10468.1 9383.58 8378.7 8114.48 8339.52 6319.82 4014.61 1550.52 368.423 1284.92 1518.05 1343.71 2077.7 3933.93 3713.75 2346.94 829.744 2415.26 4767.11 6395.18 5778.46 5975.63 7001.98 8754.53 9739.88 7559.6 5127.6 2642.92 1384.48 1688.39 1482.75 798.32 39.5111 546.91 1581.68 3701.17 6049.28 8609.2 9857.35 -9999 -9999 -9999 -9999 -9999 -9999 -9999 -9999 -9999 -9999 -9999 -9999 -9999 -9999 -9999 -9999 -9999 -9999 -9999 -9999 -9999 -9999 -9999 -9999 -9999 -9999 -9999 -9999
-9999 26860 25103.4 22517.5 20149.5 17519.3 15533.5 14117.3 13100 12039.6 11034.7 10722.6 9945.88 7397.12 5080.13 2792.03 1383.24 2571.6 3023.18 1988.61 1844.13 2128.02 1300.41 1547.12 1347.39 2670.61 4592.34 7052.56 8147.07 8631.63 9612.48 10661.8 9987.06 7488.21 5056.21 2480.54 563.655 181.983 208.358 351.967 850.692 450.342 1208.76 3586.51 5630.56 7501.6 9273.07 11610.4 12635.3 -9999 -9999 -9999 -9999 -9999 -9999 -9999 -9999 -9999 -9999 -9999 -9999 -9999 -9999 -9999 -9999 -9999 -9999 -9999 -9999 -9999 -9999 -9999 -9999 -9999 -9999
-9999 27669.3 26083.6 23498.3 21140.1 18882.3 17575.3 16475.3 15467.9 14407.6 13402.7 12799.9 11028.5 8428.98 6324.78 4454.86 3624.11 4110.05 2737.22 658.212 280.468 899.296 753.785 949.794 413.788 1413.53 3689.76 6281.21 8581.96 10669.2 11965.4 12684.2 11004 8448.85 6023.68 3672.84 1873.14 678.22 1016.82 1341.21 1299.75 248.009 1626.67 2981.96 4037.93 5883.13 8194.05 10761.8 11820.4 -9999 -9999 -9999 -9999 -9999 -9999 -9999 -9999 -9999 -9999 -9999 -9999 -9999 -9999 -9999 -9999 -9999 -9999 -9999 -9999 -9999 -9999 -9999 -9999 -9999 -9999
-9999 28808.3 27163.6 24596.1 22587.9 21131.8 20141 19067.3 18059.9 16999.6 15977.8 14414.7 12152.8 9803.78 8120.5 6957.79 6212.42 5804.06 3601.63 1354.55 674.272 1765.74 2718.56 1576.31 790.584 1999.15 4258.79 6849.26 9207.58 11863.3 14078 14381.3 12082.5 9535.65 7307.22 4950.62 2629.15 780.868 380.09 637.571 882.807 220.162 562.126 784.774 2238.15 4829.46 7197.46 9776.2 11163.3 -9999 -9999 -9999 -9999 -9999 -9999 -9999 -9999 -9999 -9999 -9999 -9999 -9999 -9999 -9999 -9999 -9999 -9999 -9999 -9999 -9999 -9999 -9999 -9999 -9999 -9999
-9999 29774.6 28183.5 25991.4 24678.1 23553.8 22573 21499.3 20492 19410.6 17925.6 15534.6 13426.8 11521 10464 9389.79 8527.95 7033.06 4851.38 3287.17 2848.84 3777.36 4475.02 3197.04 2986.96 3838.89 5434.91 7857.5 10226.7 12873.6 15216.9 15488.1 13098 10746.7 8539.51 6010.15 4116.75 2866.51 2197.98 1830.29 1706.45 285.711 16.2183 624.561 2467.83 5036.32 7404.32 9996.27 12174 -9999 -9999 -9999 -9999 -9999 -9999 -9999 -9999 -9999 -9999 -9999 -9999 -9999 -9999 -9999 -9999 -9999 -9999 -9999 -9999 -9999 -9999 -9999 -9999 -9999 -9999
-9999 30224.3 29505.4 28187.5 27213.1 26113.8 25133 24059.3 23030.9 21443.7 19183.8 16895.5 15195.9 14004.3 13023.4 11931 10512.9 8379.78 6901.52 5822.02 5408.79 6273.26 6647.88 5704.1 5545.01 6346.59 7386.66 9087.03 11337.1 13954 16277.7 16562.4 14367.1 12038.3 9658.44 7621.48 6498.56 5420.19 4745.61 4057.27 2308.78 282.215 131.164 487.134 2030.3 4640.38 7008.38 9600.37 12003.7 13506.7 -9999 -9999 -9999 -9999 -9999 -9999 -9999 -9999 -9999 -9999 -9999 -9999 -9999 -9999 -9999 -9999 -9999 -9999 -9999 -9999 -9999 -9999 -9999 -9999 -9999
-9999 30381.4 30267.3 33891.6 29868 28545.8 27565 26475.3 24985.3 22623.1 20459.4 18600.2 17536.5 16436.3 15446.6 13953.6 11910 10340.9 9310.33 8254.02 7840.79 8705.06 9074.34 8136.1 7977.01 8778.59 9785.95 10911.9 12466.4 14946.5 17288.2 17769 15599.2 13097.8 11152.4 9911.18 8929.84 7852.18 6907.74 4884.11 2488.43 850.974 594.27 730.454 2042.46 4622.87 6990.87 9582.86 12054.6 13909.1 -9999 -9999 -9999 -9999 -9999 -9999 -9999 -9999 -9999 -9999 -9999 -9999 -9999 -9999 -9999 -9999 -9999 -9999 -9999 -9999 -9999 -9999 -9999 -9999 -9999
-9999 -9999 -9999 35782.5 32527.2 31175.3 30140.3 28523.8 26260 24000.5 22265.8 21109.3 20128.4 19005.2 17610.3 15457.2 13995.2 12909.7 11902.3 10846 10432.8 11297.1 11666.3 10728.1 10569 11370.6 12377.9 13451.6 14458.9 16188 18388.9 19025.7 16735.5 14726.5 13576.8 12502.7 11521.8 10310.2 8472.88 5965.86 4209.42 3269.49 2991.06 3087.87 3886.77 5717.48 8018.53 10610.1 13039.5 15575.1 16880.2 -9999 -9999 -9999 -9999 -9999 -9999 -9999 -9999 -9999 -9999 -9999 -9999 -9999 -9999 -9999 -9999 -9999 -9999 -9999 -9999 -9999 -9999 -9999 -9999
-9999 -9999 -9999 34739.5 34528.1 33494.2 32048.6 29666.4 27501.1 25649.8 24551 23477.3 22493.6 20970.2 18973.5 17370.1 16338.1 15277.7 14270.3 13214 12800.8 13665.1 14034.3 13096.1 12937 13738.6 14745.9 15819.6 16800.4 17956 19530.9 20047.7 18191 16952.4 15944.3 14870.7 13825.7 11824.1 9510.26 7585.91 6504.52 5637.49 5392.45 4994.53 6672.23 7403.16 9066.34 11591 14023 16504.7 17471.8 -9999 -9999 -9999 -9999 -9999 -9999 -9999 -9999 -9999 -9999 -9999 -9999 -9999 -9999 -9999 -9999 -9999 -9999 -9999 -9999 -9999 -9999 -9999 -9999
-9999 -9999 -9999 -9999 36153.4 35794.5 33350.6 31073.6 29351.5 28214.3 27206.9 26110.2 24726.3 22508.3 21097.5 20001.4 18994.1 17933.7 16926.3 15870 15456.8 16321.1 16690.3 15752.1 15593 16394.6 17401.9 18475.6 19456.4 20556.6 21556.7 21750.3 20668.6 19607.7 18600.3 17404 15580.1 13010.3 11310 10167.6 9157.06 8277.36 7895.92 7503.29 8965.43 9612.32 10993.1 12763.8 15123.4 17614.8 18621.4 -9999 -9999 -9999 -9999 -9999 -9999 -9999 -9999 -9999 -9999 -9999 -9999 -9999 -9999 -9999 -9999 -9999 -9999 -9999 -9999 -9999 -9999 -9999 -9999
-9999 -9999 -9999 -9999 39437.5 36981.4 34595.9 32739.6 31526.6 30572.2 29566.1 28064.2 26078.6 24446.4 23443.1 22369.4 21362.1 20301.7 19294.3 18238 17824.8 18689.1 19058.3 18120.1 17961 18762.6 19744.4 20704.6 21807.5 22924.6 23897.5 24027.7 23036.1 21975.4 20886.4 18921.5 16615.2 14658.9 13608.7 12457.6 10836.2 9542.63 9087.83 -9999 -9999 11783.2 13204.7 14475.7 16175.6 18604.3 19645.7 -9999 -9999 -9999 -9999 -9999 -9999 -9999 -9999 -9999 -9999 -9999 -9999 -9999 -9999 -9999 -9999 -9999 -9999 -9999 -9999 -9999 -9999 -9999 -9999
-9999 -9999 -9999 40553.1 40082.7 38087.9 36327.3 34798.5 34464.9 33157.8 31738.8 29576.8 28140.8 27015.9 26035.1 24961.4 23954.1 22893.7 21886.3 20830 20416.8 21281.1 21650.3 20712.1 20553 21348.4 21869.2 22020.1 23129.9 24746.2 26046.3 26478.8 25603.5 24464.6 22599.4 20085.1 18351.4 16926.6 15629.3 14358.9 -9999 -9999 -9999 -9999 -9999 -9999 16201.1 16994.3 18052.5 19769.4 21930.4 -9999 -9999 -9999 -9999 -9999 -9999 -9999 -9999 -9999 -9999 -9999 -9999 -9999 -9999 -9999 -9999 -9999 -9999 -9999 -9999 -9999 -9999 -9999 -9999
-9999 -9999 -9999 -9999 40554.1 39776.8 40224.6 42975.3 34902.4 34956 33222.6 31547.5 30548.1 29447.9 28467.1 27393.4 26386.1 25325.7 24318.3 23262 22848.8 23713.1 24082.3 23144.1 22980.5 23551 23183.8 -9999 -9999 -9999 27148.8 27181.4 26927.4 25858.6 23431.8 21093.8 19969.1 17693 -9999 -9999 -9999 -9999 -9999 -9999 -9999 -9999 17538.7 18947.8 20393.4 21567.4 22967.5 -9999 -9999 -9999 -9999 -9999 -9999 -9999 -9999 -9999 -9999 -9999 -9999 -9999 -9999 -9999 -9999 -9999 -9999 -9999 -9999 -9999 -9999 -9999 -9999
-9999 -9999 -9999 -9999 -9999 41064.8 41675.4 42891.3 -9999 35442.3 35251.1 34073.6 33062 31994.7 31025.3 29953.4 28946.1 27885.7 26878.3 25822 25408.8 26273.1 26642.3 25755 25235.7 24360.8 -9999 -9999 -9999 -9999 -9999 -9999 -9999 -9999 -9999 -9999 -9999 -9999 -9999 -9999 -9999 -9999 -9999 -9999 -9999 -9999 -9999 -9999 22236.2 23363.4 24928.3 25355.8 -9999 -9999 -9999 -9999 -9999 -9999 -9999 -9999 -9999 -9999 -9999 -9999 -9999 -9999 -9999 -9999 -9999 -9999 -9999 -9999 -9999 -9999 -9999
