public/models/data/input/map/sulsel/2500/mapdcenter.asc
NCOLS 199
NROWS 249
XLLCORNER -95260.364462
YLLCORNER 9791291.912663
CELLSIZE 2500.000000
NODATA_VALUE       -9999
[rows 0 to 32 of 249, columns 75 to 149 of 199]
-9999 -9999 -9999 -9999 -9999 -9999 -9999 -9999 -9999 -9999 -9999 -9999 -9999 -9999 -9999 -9999 -9999 -9999 -9999 -9999 -9999 -9999 -9999 -9999 -9999 -9999 -9999 -9999 -9999 -9999 -9999 -9999 -9999 -9999 -9999 -9999 -9999 -9999 -9999 -9999 -9999 -9999 -9999 -9999 -9999 -9999 74563 75219 75171 -9999 -9999 -9999 -9999 -9999 -9999 -9999 -9999 -9999 -9999 -9999 -9999 -9999 -9999 -9999 -9999 -9999 -9999 -9999 -9999 -9999 -9999 -9999 -9999 -9999 -9999
-9999 -9999 -9999 -9999 -9999 -9999 -9999 -9999 -9999 -9999 -9999 -9999 -9999 -9999 -9999 -9999 -9999 -9999 -9999 -9999 -9999 -9999 -9999 -9999 -9999 -9999 -9999 -9999 -9999 -9999 -9999 -9999 -9999 -9999 -9999 -9999 -9999 -9999 -9999 -9999 -9999 -9999 -9999 -9999 -9999 -9999 71791.3 72890.4 73757.5 73839.3 -9999 -9999 -9999 -9999 -9999 -9999 -9999 -9999 -9999 -9999 -9999 -9999 -9999 -9999 -9999 -9999 -9999 -9999 -9999 -9999 -9999 -9999 -9999 -9999 -9999
-9999 -9999 -9999 -9999 -9999 -9999 -9999 -9999 -9999 -9999 -9999 -9999 -9999 -9999 -9999 -9999 -9999 -9999 -9999 -9999 -9999 -9999 -9999 -9999 -9999 -9999 -9999 -9999 -9999 80182 79749.6 -9999 -9999 -9999 -9999 -9999 -9999 -9999 -9999 -9999 -9999 -9999 -9999 -9999 -9999 67504.6 69306.4 70298.5 71305.9 72287.4 72357.6 -9999 -9999 -9999 -9999 -9999 -9999 -9999 -9999 -9999 -9999 -9999 -9999 -9999 -9999 -9999 -9999 -9999 -9999 -9999 -9999 -9999 -9999 -9999 -9999
-9999 -9999 -9999 -9999 -9999 -9999 -9999 -9999 -9999 -9999 -9999 -9999 -9999 -9999 -9999 -9999 -9999 -9999 -9999 -9999 -9999 -9999 -9999 -9999 -9999 -9999 -9999 79993 79810.2 79306.9 78296.1 76807.7 75335.5 74415.4 73132.4 -9999 -9999 -9999 -9999 -9999 -9999 -9999 -9999 -9999 -9999 65662 66797.3 67866.5 68873.9 69933.9 70835.4 70713.8 -9999 -9999 -9999 -9999 -9999 -9999 -9999 -9999 -9999 -9999 -9999 -9999 -9999 -9999 -9999 -9999 -9999 -9999 -9999 -9999 -9999 -9999 -9999
-9999 -9999 -9999 -9999 -9999 -9999 -9999 -9999 -9999 -9999 -9999 -9999 -9999 -9999 -9999 -9999 -9999 -9999 -9999 -9999 -9999 -9999 -9999 -9999 -9999 -9999 -9999 78105.9 77914.3 76856.6 75875.7 74798.2 73792.9 72728.7 71678.7 68920.8 -9999 -9999 -9999 -9999 -9999 -9999 -9999 -9999 -9999 63332.2 64236.7 65306.5 66313.9 67374.3 68380.2 68781.6 -9999 -9999 -9999 -9999 -9999 -9999 -9999 -9999 -9999 -9999 -9999 -9999 -9999 -9999 -9999 -9999 -9999 -9999 -9999 -9999 -9999 -9999 -9999
-9999 -9999 -9999 -9999 -9999 -9999 -9999 -9999 -9999 -9999 -9999 -9999 -9999 -9999 -9999 -9999 -9999 -9999 -9999 -9999 -9999 -9999 -9999 79861.3 80168.5 -9999 75650.4 76375.6 75524.8 74424.6 73443.7 72370.1 71362.7 70302.3 69283.6 67985.5 66554.8 64994.2 -9999 62066.2 61736.4 60740.5 60214.6 -9999 -9999 60797.8 61801.3 62874.5 63881.9 64942.3 65949.7 66765.7 66389.2 -9999 -9999 -9999 -9999 -9999 -9999 -9999 -9999 -9999 -9999 -9999 -9999 -9999 -9999 -9999 -9999 -9999 -9999 -9999 -9999 -9999 -9999
-9999 -9999 -9999 -9999 -9999 -9999 -9999 -9999 -9999 -9999 -9999 -9999 -9999 -9999 -9999 -9999 -9999 -9999 -9999 -9999 -9999 78813 78488 77990.1 76731.1 75119.9 74860.3 73908.6 72932.8 71832.6 70851.7 69778.1 68770.7 67710.3 66702.9 65629.3 64645.1 63490.4 62428.2 61417.7 60464.7 59408.4 58332.8 56380.1 55907.9 58232.5 59208.9 60282.5 61289.9 62350.3 63357.7 64424.6 65077.5 64172.7 -9999 -9999 -9999 -9999 -9999 -9999 -9999 -9999 -9999 -9999 -9999 -9999 -9999 -9999 -9999 -9999 -9999 -9999 -9999 -9999 -9999
-9999 -9999 -9999 -9999 -9999 -9999 -9999 -9999 -9999 -9999 -9999 -9999 -9999 -9999 -9999 -9999 -9999 -9999 -9999 -9999 -9999 78502.7 76968.7 75694.4 74680.7 73595.5 72619.3 71545.6 70564.8 69464.6 68483.7 67410.1 66402.7 65342.3 64334.9 63261.3 62280.4 61180.2 60199.3 59125.7 58118.3 57057.9 56050.6 54973.2 54691.8 55860 56840.9 57914.5 58921.9 59982.3 60989.7 62063.3 63035.5 63516.4 63213.6 -9999 -9999 -9999 -9999 -9999 -9999 -9999 -9999 -9999 -9999 -9999 -9999 -9999 -9999 -9999 -9999 -9999 -9999 -9999 -9999
-9999 -9999 -9999 -9999 -9999 -9999 -9999 -9999 -9999 -9999 -9999 -9999 -9999 -9999 -9999 -9999 -9999 -9999 -9999 -9999 -9999 77469 75480.9 73252 72034.5 70970.7 69963.3 68889.6 67908.8 66808.6 65827.7 64754.1 63746.7 62686.3 61678.9 60605.3 59624.4 58524.2 57543.3 56469.7 55462.3 54401.9 53394.6 52339.2 52163.6 53204 54184.9 55258.5 56265.9 57326.3 58333.7 59407.3 60388.2 61460.3 61778.2 -9999 -9999 -9999 -9999 -9999 -9999 -9999 -9999 -9999 -9999 -9999 -9999 -9999 -9999 -9999 -9999 -9999 -9999 -9999 -9999
-9999 -9999 -9999 -9999 -9999 -9999 -9999 -9999 -9999 -9999 -9999 -9999 -9999 -9999 -9999 -9999 -9999 -9999 -9999 80812.1 79155.8 76801.9 74497.3 71918 69871.8 68603.3 67595.3 66521.6 65540.8 64440.6 63459.7 62386.1 61378.7 60318.3 59310.9 58237.3 57256.4 56156.2 55175.3 54101.7 53094.3 52033.9 51026.6 49971.2 49795.6 50836 51816.9 52890.5 53897.9 54958.3 55965.7 57039.3 58020.2 59120.4 60056 60046.7 59438 -9999 -9999 -9999 -9999 -9999 -9999 -9999 -9999 -9999 -9999 -9999 -9999 -9999 -9999 -9999 -9999 -9999 -9999
-9999 -9999 -9999 -9999 -9999 -9999 -9999 -9999 -9999 -9999 -9999 -9999 -9999 -9999 -9999 -9999 -9999 -9999 81662 80712.2 78447.6 75791.6 73423.6 70831.6 68403.8 66221.4 65004.6 63929.6 62948.8 61848.6 60867.7 59794.1 58786.7 57726.3 56718.9 55645.3 54664.4 53564.2 52583.3 51509.7 50502.3 49441.9 48434.6 47379.2 47203.6 48244 49224.9 50298.5 51305.9 52366.3 53373.7 54447.3 55428.2 56528.4 57509.2 58467.6 58481.9 -9999 -9999 -9999 -9999 -9999 -9999 -9999 -9999 -9999 -9999 -9999 -9999 -9999 -9999 -9999 -9999 -9999 -9999
-9999 -9999 -9999 -9999 -9999 -9999 -9999 -9999 -9999 -9999 -9999 -9999 -9999 -9999 -9999 -9999 -9999 83430.8 82002.6 79800.5 77440.2 74784.2 72416.2 69824.2 67392.2 64846.2 62782 61498.3 60516.8 59416.6 58435.7 57362.1 56354.7 55294.3 54286.9 53213.3 52232.4 51132.2 50151.3 49077.7 48070.3 47009.9 46002.6 44947.2 44771.6 45812 46792.9 47866.5 48873.9 49934.3 50941.7 52015.3 52996.2 54096.4 55077.2 56150.5 57062.9 57116.2 56963.7 -9999 -9999 -9999 -9999 -9999 -9999 -9999 -9999 -9999 -9999 -9999 -9999 -9999 -9999 -9999 -9999
-9999 -9999 -9999 -9999 -9999 -9999 -9999 -9999 -9999 -9999 -9999 -9999 -9999 -9999 -9999 -9999 84798.8 83378.2 81338.7 78747.8 76379.8 73723.8 71355.8 68763.8 66331.8 63771.8 61344 59146.4 57960.2 56856.6 55875.7 54802.1 53794.7 52734.3 51726.9 50653.3 49672.4 48572.2 47591.3 46517.7 45510.3 44449.9 43442.6 42387.2 42211.6 43252 44232.9 45306.5 46313.9 47374.3 48381.7 49455.3 50436.2 51536.4 52517.2 53590.9 54598.3 55625.4 56175.8 56104.7 55869.3 -9999 -9999 -9999 -9999 -9999 -9999 -9999 -9999 -9999 -9999 -9999 -9999 -9999 -9999
-9999 -9999 -9999 -9999 -9999 -9999 -9999 -9999 -9999 -9999 -9999 -9999 -9999 -9999 88042.1 86917.8 84959.9 82760.8 80332.5 77740.5 75372.5 72716.5 70348.5 67756.5 65324.5 62764.5 60332.5 57753.2 55738.3 54424.6 53443.7 52370.1 51362.7 50302.3 49294.9 48221.3 47240.4 46140.2 45159.3 44085.7 43078.3 42017.9 41010.6 39955.2 39779.6 40820 41800.9 42874.5 43881.9 44942.3 45949.7 47023.3 48004.2 49104.4 50085.2 51158.9 52166.3 53226.7 54233.2 55251 56374.7 -9999 -9999 -9999 -9999 -9999 -9999 -9999 -9999 -9999 -9999 -9999 -9999 -9999 -9999
-9999 -9999 -9999 -9999 -9999 -9999 -9999 -9999 -9999 -9999 -9999 -9999 -9999 90342.5 88514.5 86667.3 84249.4 81690.8 79258.8 76666.8 74298.8 71642.8 69274.8 66682.8 64250.8 61690.8 59258.8 56666.8 54301.6 52035.4 50856 49778.1 48770.7 47710.3 46702.9 45629.3 44648.4 43548.2 42567.3 41493.7 40486.3 39425.9 38418.6 37363.2 37187.6 38228 39208.9 40282.5 41289.9 42350.3 43357.7 44431.3 45412.2 46512.4 47493.2 48566.9 49574.3 50635.6 51758.3 53793.2 56133.1 58459.6 60198.6 59633.5 58022.8 57990.8 57449.7 56539.9 55550.6 54327.4 52958.5 51769.5 50397.3 48740.3 -9999
-9999 -9999 -9999 -9999 -9999 -9999 -9999 -9999 -9999 -9999 -9999 -9999 -9999 90372.3 88254.8 85701.9 83269.9 80709.9 78277.9 75685.9 73317.9 70661.9 68293.9 65701.9 63269.9 60709.9 58277.9 55685.9 53317.9 50675.8 48686.5 47410.1 46402.7 45342.3 44334.9 43261.3 42280.4 41180.2 40199.3 39125.7 38118.3 37057.9 36050.6 34995.2 34819.6 35860 36840.9 37914.5 38921.9 39982.3 40989.7 42063.3 43044.2 44144.4 45125.2 46198.9 47206.3 48368.7 50234.4 52793.9 55161.9 57813.9 59249.9 58374.2 57341.6 56403.4 55410.2 54336.5 53355.6 52255.5 51274.6 50195.3 49160.2 47925.9 46860.7
-9999 -9999 -9999 -9999 -9999 -9999 -9999 -9999 -9999 -9999 -9999 -9999 -9999 89226.1 87178.6 84601.8 82169.8 79609.8 77177.8 74585.8 72217.8 69561.8 67193.8 64601.8 62169.8 59609.8 57177.8 54585.8 52217.8 49561.8 47196.6 44967.6 43750.1 42686.3 41678.9 40605.3 39624.4 38524.2 37543.3 36469.7 35462.3 34401.9 33394.6 32339.2 32163.5 33204 34184.9 35258.5 36265.9 37326.3 38333.7 39407.3 40388.2 41488.4 42469.2 43543.1 44669.5 46683.6 49101.8 51693.8 54061.8 56696 57274.5 55846.1 54821.9 53761.6 52754.2 51680.5 50699.6 49599.5 48618.6 47545 46537.6 45477.2 44440.7
-9999 -9999 -9999 -9999 -9999 -9999 -9999 -9999 -9999 -9999 -9999 -9999 -9999 87960.2 85968.8 83615.8 81188.9 78628.9 76196.9 73604.9 71236.9 68580.9 66212.9 63620.9 61188.9 58628.9 56196.9 53604.9 51236.9 48580.9 46212.9 43633.6 41587.4 40318.9 39310.9 38237.3 37256.4 36156.2 35175.3 34101.7 33094.3 32033.9 31026.6 29971.2 29795.5 30836 31816.9 32890.5 33897.9 34958.3 35965.7 37039.3 38020.2 39120.4 40101.3 41284.4 43165.8 45688.9 48120.9 50712.9 53080.9 55715.2 56176.8 53926.4 52471.9 51393.6 50386.2 49312.5 48331.6 47231.5 46250.6 45177 44169.6 43109.2 42101.8
-9999 -9999 -9999 -9999 -9999 -9999 -9999 -9999 -9999 -9999 -9999 -9999 -9999 86657.1 84619 82303.4 80103.1 77555.2 75123.2 72531.2 70163.2 67507.2 65139.2 62547.2 60115.2 57555.2 55123.2 52531.2 50163.2 47507.2 45139.2 42547.2 40119.5 37937 36720.2 35645.3 34664.4 33564.2 32583.3 31509.7 30502.3 29441.9 28434.6 27379.2 27203.5 28244 29224.9 30298.5 31305.9 32366.3 33373.7 34447.3 35428.2 36528.5 37618.7 39638.7 42055.2 44615.2 47047.2 49639.2 52007.2 54641.5 55102.4 52685.3 50383.6 48817 47794.2 46720.5 45739.6 44639.5 43658.6 42585 41577.6 40517.2 39509.8
-9999 -9999 -9999 -9999 -9999 -9999 -9999 -9999 -9999 -9999 -9999 -9999 -9999 85734.6 83094.6 81210.1 78856.5 76541.4 74115.9 71523.9 69155.9 66499.9 64131.9 61539.9 59107.9 56547.9 54115.9 51523.9 49155.9 46499.9 44131.9 41539.9 39107.9 36561.8 34497.6 33213.9 32232.4 31132.2 30151.3 29077.7 28070.3 27009.9 26002.6 24947.2 24771.5 25812 26792.9 27866.5 28873.9 29934.3 30941.7 32015.3 32996.2 34215.6 36060.8 38615.9 41047.9 43607.9 46039.9 48631.9 50999.9 53634.1 54095.1 51678.1 49246.6 46850.1 45377.6 44288.5 43307.6 42207.5 41226.6 40153 39145.6 38085.2 37077.8
-9999 -9999 -9999 -9999 -9999 -9999 -9999 -9999 -9999 -9999 -9999 -9999 -9999 -9999 -9999 79165.1 77745.1 75155.9 73041.9 70463.5 68095.5 65439.5 63071.5 60479.5 58047.5 55487.5 53055.5 50463.5 48095.5 45439.5 43071.5 40479.5 38047.5 35487.5 33059.7 30862 29675.8 28572.2 27591.3 26517.7 25510.3 24449.9 23442.6 22387.2 22211.5 23252 24232.9 25306.5 26313.9 27374.3 28381.7 29456.3 30538.2 32609.3 34963.5 37555.5 39987.5 42547.5 44979.5 47571.5 49939.5 52573.7 53034.6 50617.2 48185.1 45626.2 43323.9 41746.6 40747.6 39647.5 38666.6 37593 36585.6 35525.2 34517.8
-9999 -9999 -9999 -9999 -9999 -9999 -9999 -9999 -9999 -9999 -9999 -9999 -9999 -9999 -9999 -9999 -9999 72758.7 71644.5 69451 67088.1 64432.1 62064.1 59472.1 57040.1 54480.1 52048.1 49456.1 47088.1 44432.1 42064.1 39472.1 37040.1 34480.1 32048.1 29468.8 27453.9 26140.2 25159.3 24085.7 23078.3 22017.9 21010.6 19955.2 19779.5 20820 21800.9 22874.8 23882.7 24942.3 25949.7 27139.6 28964.5 31588.1 33956.1 36548.1 38980.1 41540.1 43972.1 46564.1 48932.1 51566.4 52027.3 49610 47177.9 44617.6 42186.2 39762.2 38332.4 37215.5 36234.6 35161 34153.6 33093.2 32085.8
-9999 -9999 -9999 -9999 -9999 -9999 -9999 -9999 -9999 -9999 -9999 -9999 -9999 -9999 -9999 -9999 -9999 71239.4 69529 67970 65997.2 63358.4 60990.4 58398.4 55966.4 53406.4 50974.4 48382.4 46014.4 43358.4 40990.4 38398.4 35966.4 33406.4 30974.4 28382.4 26017.2 23751 22571.6 21493.7 20486.3 19425.9 18418.6 17363.2 17187.5 18227.9 19208.7 20281.3 21289.2 22351.3 23473.9 25508.8 27858.4 30514.4 32882.4 35474.4 37906.4 40466.4 42898.4 45490.4 47858.4 50492.7 50953.6 48536.4 46104.3 43544.4 41112.4 38521.1 36269.9 34639.8 33642.4 32569 31563.5 30502.1 29494.4
-9999 -9999 -9999 -9999 -9999 -9999 -9999 -9999 -9999 -9999 -9999 -9999 -9999 -9999 -9999 -9999 -9999 69709.6 68243.4 66021 64632.9 62376.8 60009.6 57417.6 54985.6 52425.6 49993.6 47401.6 45033.6 42377.6 40009.6 37417.6 34985.6 32425.6 29993.6 27401.6 25033.6 22391.5 20402.1 19125.7 18118.3 17057.9 16050.6 14995.2 14819.5 15859.9 16841 17914.5 18921.8 20084.3 21950 24509.6 26877.6 29533.6 31901.6 34493.6 36925.6 39485.6 41917.6 44509.6 46877.6 49511.8 49972.8 47555.8 45123.6 42563.6 40131.6 37539.6 35171.6 32689.9 31289.2 30201.8 29193.6 28133.3 27125.7
-9999 -9999 -9999 -9999 -9999 -9999 -9999 -9999 -9999 -9999 -9999 -9999 -9999 -9999 -9999 -9999 -9999 67972.9 67074.5 64570.5 62463.2 60876.8 58892.2 56317.4 53885.4 51325.4 48893.4 46301.4 43933.4 41277.4 38909.4 36317.4 33885.4 31325.4 28893.4 26301.4 23933.4 21277.4 18912.2 16683.2 15465.8 14401.9 13394.6 12339.2 12163.5 13204.6 14185.2 15258.9 16385.5 18399.3 20817.4 23409.4 25777.4 28433.4 30801.4 33393.4 35825.4 38385.4 40817.4 43409.4 45777.4 48411.7 48872.9 46455.1 44023.4 41463.4 39031.4 36439.4 34071.4 31415.4 29165 27561.8 26537.5 25477.1 24469.6
-9999 -9999 -9999 -9999 -9999 -9999 -9999 -9999 -9999 -9999 -9999 -9999 -9999 -9999 -9999 -9999 -9999 67863.9 66125.4 64266.9 61439.8 58915.9 57516.1 55331.4 52904.5 50344.5 47912.5 45320.5 42952.5 40296.5 37928.5 35336.5 32904.5 30344.5 27912.5 25320.5 22952.5 20296.5 17928.5 15349.3 13303.1 12034.6 11026.5 9971.53 9796.33 10836.4 11816.7 12999.5 14881.4 17404.5 19836.5 22428.5 24796.5 27452.5 29820.5 32412.5 34844.5 37404.5 39836.5 42428.5 44796.5 47430.9 47892.2 45474.6 43042.5 40482.5 38050.5 35458.5 33090.5 30434.5 28067.2 25643.1 24187.7 23109.1 22101.8
-9999 -9999 -9999 -9999 -9999 -9999 -9999 -9999 -9999 -9999 -9999 -9999 -9999 -9999 -9999 -9999 -9999 -9999 -9999 -9999 -9999 57481 55472.1 53858.1 51817.3 49270.9 46838.9 44246.9 41878.9 39222.9 36854.9 34262.9 31830.9 29270.9 26838.9 24246.9 21878.9 19222.9 16854.9 14262.9 11835.1 9652.65 8436 7378.63 7202.43 8244.23 9334.38 11353.6 13770.8 16330.6 18762.9 21354.9 23722.9 26378.9 28746.9 31338.9 33770.9 36330.9 38762.9 41354.9 43722.7 46357.8 46818.5 44400.9 41968.9 39408.9 36976.9 34384.9 32016.9 29360.9 26992.9 24400.9 22099.3 20532.6 19510.3
-9999 -9999 -9999 -9999 -9999 -9999 -9999 -9999 -9999 -9999 -9999 -9999 -9999 -9999 -9999 -9999 -9999 -9999 -9999 -9999 -9999 57192.1 53176.4 51615.2 50425.8 48263.3 45831.5 43239.5 40871.5 38215.5 35847.5 33255.5 30823.5 28263.5 25831.5 23239.5 20871.3 18215.5 15847.5 13255.5 10823.5 8277.43 6213.23 4947.01 4769.07 5931.33 7776.46 10331.5 12763.5 15322.1 17755.4 20346.7 22715.5 25371.5 27739.5 30331.5 32763.5 35323.5 37755.5 40347.5 42715.1 45349.6 45811.1 43393.5 40961.5 38401.5 35969.5 33377.5 31009.5 28353.5 25985.5 23393.5 20962.4 18565.1 17093.9
-9999 -9999 -9999 -9999 -9999 -9999 -9999 -9999 -9999 -9999 -9999 -9999 -9999 -9999 -9999 -9999 -9999 -9999 -9999 -9999 -9999 -9999 49482.5 49049.2 48172.3 47136 44777.4 42185.4 39817.4 37161.4 34793.4 32201.4 29769.4 27209.4 24777.4 22185.4 19817.2 17161.7 14793.4 12202.4 9770.19 7209.35 4781.59 2602.28 2320.71 4331.24 6685.37 9277.37 11709.4 14268.9 16701.3 19293 21660.9 24317.4 26685.4 29277.4 31709.5 34269.3 36701.4 39293.8 41661.1 44295.2 44751.8 42333.1 39901.1 37341.1 34909.1 32317.1 29949.1 27293.1 24925.1 22333.1 19901.1 17341.8 15039.4
-9999 -9999 -9999 -9999 -9999 -9999 -9999 -9999 -9999 -9999 -9999 -9999 -9999 -9999 -9999 -9999 -9999 -9999 -9999 -9999 -9999 -9999 47190.2 46623.2 45761.9 45887.5 44389.6 41815.1 39447.1 36791.1 34423.1 31831.1 29399.1 26839.1 24407.1 21815.1 19447.1 16791.5 14423 11831.5 9398.85 6839.06 4407.06 1961.42 1594.22 3947.06 6315.06 8907.06 11339.1 13899.1 16331.3 18922.7 21290.7 23946.9 26315 28907.3 31338.9 33898.6 36330.7 38924.1 41291.1 43857.3 43819.6 41325.7 38893.7 36333.7 33901.7 31309.7 28941.7 26285.7 23917.6 21325.4 18893.7 16333.7 13901.7
-9999 -9999 -9999 -9999 -9999 -9999 -9999 -9999 -9999 -9999 -9999 -9999 -9999 -9999 -9999 -9999 -9999 -9999 -9999 -9999 -9999 -9999 44511.3 44025.2 43169.9 43724.4 44317.8 42765.4 40425.8 37769.8 35401.8 32809.8 30377.8 27817.8 25385.8 22793.8 20425.8 17770.5 15401.6 12809.8 10377.8 7818.82 5502.09 3888.72 3695.88 5128.63 7298.12 9885.85 12317.8 14877.8 17309.8 19901.9 22270 24925.8 27293.7 29885.9 32317.9 34877.8 37309.8 39901.8 42269.8 44295.9 42841 40252.1 37820.1 35260.1 32828.1 30236.1 27868.1 25212.1 22844.1 20252.1 17820.1 15260.1 12828.1
-9999 -9999 -9999 -9999 -9999 -9999 -9999 -9999 -9999 -9999 -9999 -9999 -9999 -9999 -9999 -9999 -9999 -9999 -9999 -9999 -9999 41685.3 42069.3 41662.5 40801.9 41360.3 42366 42890.8 41389.3 38750.7 36382.7 33790.7 31358.7 28798.7 26366.7 23775 21406 18750.9 16382.6 13790.7 11358.7 8900.7 7327.06 6238.35 6061.07 7117.98 8477.48 10866.7 13298.7 15858.7 18290.7 20882.7 23250.7 25906.7 28274.7 30866.7 33298.7 35858.7 38290.7 40882.7 43250.7 44087.3 41863.3 39271.3 36839.3 34279.3 31847.3 29255.3 26887.3 24231.3 21863.3 19271.3 16839.3 14279.3 11847.3
-9999 -9999 -9999 -9999 -9999 -9999 -9999 -9999 -9999 -9999 -9999 -9999 -9999 -9999 -9999 -9999 -9999 -9999 -9999 -9999 40705.3 40689.4 40053.4 39007.5 38145.9 38704.3 39711.6 40783.9 41403.6 39833.4 37482.8 34890.8 32458.8 29898.8 27467.4 24874.5 22507.4 19851.4 17482.7 14891 12578.1 10971.8 9950.59 8894.35 8717.06 9760.05 10743.7 12180.4 14402.3 16958.8 19390.8 21982.8 24350.8 27006.8 29374.8 31966.8 34398.8 36958.8 39390.8 41979.2 44338.6 44269.6 41934 39817.3 36431.9 34115.2 30623.4 28433.2 26067.6 23405 21045.8 18454.4 16022.4 13462.4 11030.4
