public/models/data/input/map/sulsel/2500/mapdem.asc
NCOLS 199
NROWS 249
XLLCORNER -95260.364462
YLLCORNER 9791291.912663
CELLSIZE 2500.000000
NODATA_VALUE       -9999
[rows 0 to 32 of 249, columns 75 to 149 of 199]
-9999 -9999 -9999 -9999 -9999 -9999 -9999 -9999 -9999 -9999 -9999 -9999 -9999 -9999 -9999 -9999 -9999 -9999 -9999 -9999 -9999 -9999 -9999 -9999 -9999 -9999 -9999 -9999 -9999 -9999 -9999 -9999 -9999 -9999 -9999 -9999 -9999 -9999 -9999 -9999 -9999 -9999 -9999 -9999 -9999 -9999 1606.26 1545.76 1439.02 -9999 -9999 -9999 -9999 -9999 -9999 -9999 -9999 -9999 -9999 -9999 -9999 -9999 -9999 -9999 -9999 -9999 -9999 -9999 -9999 -9999 -9999 -9999 -9999 -9999 -9999
-9999 -9999 -9999 -9999 -9999 -9999 -9999 -9999 -9999 -9999 -9999 -9999 -9999 -9999 -9999 -9999 -9999 -9999 -9999 -9999 -9999 -9999 -9999 -9999 -9999 -9999 -9999 -9999 -9999 -9999 -9999 -9999 -9999 -9999 -9999 -9999 -9999 -9999 -9999 -9999 -9999 -9999 -9999 -9999 -9999 -9999 1479.56 1417.35 1272.38 1381.97 -9999 -9999 -9999 -9999 -9999 -9999 -9999 -9999 -9999 -9999 -9999 -9999 -9999 -9999 -9999 -9999 -9999 -9999 -9999 -9999 -9999 -9999 -9999 -9999 -9999
-9999 -9999 -9999 -9999 -9999 -9999 -9999 -9999 -9999 -9999 -9999 -9999 -9999 -9999 -9999 -9999 -9999 -9999 -9999 -9999 -9999 -9999 -9999 -9999 -9999 -9999 -9999 -9999 -9999 2300.91 2184.13 -9999 -9999 -9999 -9999 -9999 -9999 -9999 -9999 -9999 -9999 -9999 -9999 -9999 -9999 1672.95 1479.57 1370.94 1363.37 1495.58 1368.57 -9999 -9999 -9999 -9999 -9999 -9999 -9999 -9999 -9999 -9999 -9999 -9999 -9999 -9999 -9999 -9999 -9999 -9999 -9999 -9999 -9999 -9999 -9999 -9999
-9999 -9999 -9999 -9999 -9999 -9999 -9999 -9999 -9999 -9999 -9999 -9999 -9999 -9999 -9999 -9999 -9999 -9999 -9999 -9999 -9999 -9999 -9999 -9999 -9999 -9999 -9999 2175.61 2267.07 2205.07 2111.24 2156.74 1958.68 1925.23 2010.35 -9999 -9999 -9999 -9999 -9999 -9999 -9999 -9999 -9999 -9999 1699.43 1630.16 1473.05 1321.34 1340.87 1409.64 1520.86 -9999 -9999 -9999 -9999 -9999 -9999 -9999 -9999 -9999 -9999 -9999 -9999 -9999 -9999 -9999 -9999 -9999 -9999 -9999 -9999 -9999 -9999 -9999
-9999 -9999 -9999 -9999 -9999 -9999 -9999 -9999 -9999 -9999 -9999 -9999 -9999 -9999 -9999 -9999 -9999 -9999 -9999 -9999 -9999 -9999 -9999 -9999 -9999 -9999 -9999 2205.78 2128.52 1938.98 1992.17 2169.32 2140.16 2094.52 2126.18 1985.79 -9999 -9999 -9999 -9999 -9999 -9999 -9999 -9999 -9999 1724.5 1701.21 1615.59 1346.23 1279.55 1292.93 1387.02 -9999 -9999 -9999 -9999 -9999 -9999 -9999 -9999 -9999 -9999 -9999 -9999 -9999 -9999 -9999 -9999 -9999 -9999 -9999 -9999 -9999 -9999 -9999
-9999 -9999 -9999 -9999 -9999 -9999 -9999 -9999 -9999 -9999 -9999 -9999 -9999 -9999 -9999 -9999 -9999 -9999 -9999 -9999 -9999 -9999 -9999 1748.86 1801.91 -9999 2037.63 1968.96 1874.29 1850.54 2063.18 2165.18 2147.36 2249.9 2262.75 1947.6 1727.42 1520.75 -9999 1304.25 1406.82 1650.76 1677.21 -9999 -9999 1748.24 1733.14 1702.88 1473.42 1292.47 1262.87 1353.72 1566.02 -9999 -9999 -9999 -9999 -9999 -9999 -9999 -9999 -9999 -9999 -9999 -9999 -9999 -9999 -9999 -9999 -9999 -9999 -9999 -9999 -9999 -9999
-9999 -9999 -9999 -9999 -9999 -9999 -9999 -9999 -9999 -9999 -9999 -9999 -9999 -9999 -9999 -9999 -9999 -9999 -9999 -9999 -9999 2089.27 1810.43 1613.71 1557.33 1608.11 1797.79 1723.39 1625.22 1727.29 1814.33 1979.5 1957.64 2146.43 2331.56 2131.15 1853.5 1443.77 1187.76 1197.2 1382.29 1544.76 1731.32 1724.6 1815.43 1853.19 1781.6 1767.66 1543.96 1345.47 1272.65 1320.07 1549.68 1486.86 -9999 -9999 -9999 -9999 -9999 -9999 -9999 -9999 -9999 -9999 -9999 -9999 -9999 -9999 -9999 -9999 -9999 -9999 -9999 -9999 -9999
-9999 -9999 -9999 -9999 -9999 -9999 -9999 -9999 -9999 -9999 -9999 -9999 -9999 -9999 -9999 -9999 -9999 -9999 -9999 -9999 -9999 2296.7 1951.05 1630.58 1475.11 1493.81 1529.55 1510.99 1674.89 1801.8 1913.66 2167.45 2023.16 2167.73 2179.01 1845.75 1618.66 1404.09 1434.82 1128.16 1271.97 1260 1553.68 1651.95 1782.51 1880.94 1791.43 1810.86 1600.35 1389.29 1282.39 1295.25 1416.05 1222 1043.33 -9999 -9999 -9999 -9999 -9999 -9999 -9999 -9999 -9999 -9999 -9999 -9999 -9999 -9999 -9999 -9999 -9999 -9999 -9999 -9999
-9999 -9999 -9999 -9999 -9999 -9999 -9999 -9999 -9999 -9999 -9999 -9999 -9999 -9999 -9999 -9999 -9999 -9999 -9999 -9999 -9999 2435.86 2046.19 1666.63 1496.67 1419.83 1399.1 1591.34 1763.88 1866.66 2042.47 2184.35 2035.84 1977.39 2000.81 1790.64 1418.32 1306.66 1451.57 1289.73 1089.91 981.224 1219.38 1471.75 1690.13 1836.72 1786.01 1806.67 1636.38 1489.14 1371.47 1396.24 1458 1225.39 1036.17 -9999 -9999 -9999 -9999 -9999 -9999 -9999 -9999 -9999 -9999 -9999 -9999 -9999 -9999 -9999 -9999 -9999 -9999 -9999 -9999
-9999 -9999 -9999 -9999 -9999 -9999 -9999 -9999 -9999 -9999 -9999 -9999 -9999 -9999 -9999 -9999 -9999 -9999 -9999 2230.15 2310.4 2295.95 1973.34 1633.3 1485.99 1460.48 1379.89 1405.12 1547.25 1633.93 1790.29 2039.75 2035.58 1899.83 1680.12 1507.3 1311.97 1337.32 1391.94 1469.34 1251.71 1042.51 1012.05 1218.03 1426.75 1622.71 1803.24 1808.67 1727.89 1710.88 1515.44 1608.13 1699.9 1230.8 1046.12 981.785 1116.5 -9999 -9999 -9999 -9999 -9999 -9999 -9999 -9999 -9999 -9999 -9999 -9999 -9999 -9999 -9999 -9999 -9999 -9999
-9999 -9999 -9999 -9999 -9999 -9999 -9999 -9999 -9999 -9999 -9999 -9999 -9999 -9999 -9999 -9999 -9999 -9999 2160.59 2087.14 1985.87 1923.1 1681.61 1534.25 1418.55 1355.64 1322.87 1393.07 1378.78 1496.25 1804.5 2132.79 1929.02 1585.48 1436.97 1428.98 1507.3 1478.87 1448.68 1423.75 1273.48 1189.26 1031.65 1013.27 1153.03 1595.72 1811.12 1839.41 1781.05 1738.84 1548.15 1614.99 1742.11 1466.28 1174.3 1062.69 1159.27 -9999 -9999 -9999 -9999 -9999 -9999 -9999 -9999 -9999 -9999 -9999 -9999 -9999 -9999 -9999 -9999 -9999 -9999
-9999 -9999 -9999 -9999 -9999 -9999 -9999 -9999 -9999 -9999 -9999 -9999 -9999 -9999 -9999 -9999 -9999 1866.01 1988.99 1872.05 1812.78 1685.73 1521.59 1442.15 1332.58 1243.09 1303.14 1445.77 1427.66 1508.98 1802.07 2214.75 2002.52 1686.35 1545.38 1699.72 1750.15 1762.33 1575 1390.72 1281.79 1243.15 1143.65 1018.79 1045.26 1357.27 1640.84 1802.77 1710.72 1651.42 1519.23 1438.64 1501.73 1603.77 1336.1 1130.98 1208.85 1286.08 1385.25 -9999 -9999 -9999 -9999 -9999 -9999 -9999 -9999 -9999 -9999 -9999 -9999 -9999 -9999 -9999 -9999
-9999 -9999 -9999 -9999 -9999 -9999 -9999 -9999 -9999 -9999 -9999 -9999 -9999 -9999 -9999 -9999 1668.19 1800.07 1789.45 1612.11 1522.83 1494.53 1401.18 1287.42 1231.4 1169.25 1209.01 1236.07 1375.3 1612.34 1730.85 2086.66 2055.32 1713.53 1712.34 2019.89 2190.23 1924.45 1673.42 1464.98 1387.85 1318.37 1355.49 1112.41 1028.34 1123.15 1390.71 1670.9 1742.71 1564.44 1431.57 1326.44 1198.21 1256.86 1305.45 1204.92 1047.98 1213.35 1289.7 1369.46 1621.57 -9999 -9999 -9999 -9999 -9999 -9999 -9999 -9999 -9999 -9999 -9999 -9999 -9999 -9999
-9999 -9999 -9999 -9999 -9999 -9999 -9999 -9999 -9999 -9999 -9999 -9999 -9999 -9999 1451.56 1498.94 1643.86 1986.16 2059.7 1862.43 1538.48 1490.69 1457.84 1264.52 1138.94 1140.19 1137.56 1173.4 1302.64 1511.88 1516.41 1928.15 2117.21 1890.86 1982.64 2233.97 2333.18 1996.93 1739.52 1736.12 1544.91 1427.05 1335.41 1264.5 1159.54 1146.37 1549.6 1505.24 1700.13 1702.63 1503.28 1291 1151.68 1020.29 1057.34 1191.24 1019.98 980.771 1133.7 1580.53 1577.89 -9999 -9999 -9999 -9999 -9999 -9999 -9999 -9999 -9999 -9999 -9999 -9999 -9999 -9999
-9999 -9999 -9999 -9999 -9999 -9999 -9999 -9999 -9999 -9999 -9999 -9999 -9999 1311.18 1407.29 1716.14 1768.44 2033.37 2148.55 1862.46 1623.32 1379.7 1244.05 1164.97 1102.52 1111.4 1126.69 1178.29 1253.3 1316.94 1429.98 1743.41 2063.39 2059.49 1955.83 2017.44 2193.16 2130.33 2124.34 1830.8 1652.99 1572.49 1445.4 1356.97 1365.54 1273.93 1540.48 1666.17 1403.19 1724.26 1589.18 1380.95 1209.81 1081.98 1050.33 1080.12 1005.48 729.451 908.046 1355.92 1563.73 1666.48 1747.8 1523.02 1291.51 1181.75 1284.92 1326.44 1312.54 1334.35 1327.12 1574.99 1566.35 1406.63 -9999
-9999 -9999 -9999 -9999 -9999 -9999 -9999 -9999 -9999 -9999 -9999 -9999 -9999 1398.93 1564.29 1885.09 2013.93 1946.98 1681.32 1768.46 1834.7 1561.89 1365.04 1196.6 1100.02 1112.42 1122.7 1167.28 1232.38 1378.67 1527.22 1886.7 2155 2006.97 1860.58 1844.91 1968.01 2189.3 2107.31 1905.08 1884.46 1727.3 1430.07 1467.2 1588.86 1443.89 1575.27 1371.69 1159.23 1440.95 1679.94 1515.75 1361.56 1221.09 1073.2 996.553 939.341 1027.07 910.266 909.915 1568.16 1754.67 1709.88 1529.46 1360.81 1281.97 1297.52 1387.31 1331.82 1393.54 1419.08 1534.01 1568.25 1420.58 1403.03
-9999 -9999 -9999 -9999 -9999 -9999 -9999 -9999 -9999 -9999 -9999 -9999 -9999 1367.15 1740.03 2034.06 1765.68 1333.19 1472.5 1809.76 1834.97 1619.93 1520.37 1357.04 1104.34 1103.79 1131.62 1159.56 1242.72 1535.24 1812.64 1987.33 1988.82 1840.29 1734.22 1749.8 1945.47 2033.39 1894.67 1793.63 1736.08 1536.41 1456.74 1623.3 1592.42 1635.64 1710.34 1511.22 1080.4 1066.94 1532.87 1725.04 1504.11 1387.25 1212.72 1323.3 1399.99 1187.35 1382.56 924.677 974.357 1321.73 1264.1 1284.94 1305.04 1339.03 1382.29 1435.16 1416.55 1482.92 1532.51 1476.21 1565.63 1505.41 1385.37
-9999 -9999 -9999 -9999 -9999 -9999 -9999 -9999 -9999 -9999 -9999 -9999 -9999 1084.16 1195.33 1480.11 1267.2 1106.72 1404.79 1824.29 1682.14 1476.27 1314.2 1200.24 1139.4 1104.84 1124.53 1167.51 1260.79 1486.18 1795.22 2118.79 2126.23 1936.26 1794.39 1662.96 1681.55 1767.53 1836.61 1662.68 1533.8 1612.07 1530.21 1358.8 1352.58 1512.86 1703.39 1536.76 1126.4 931.22 1415.38 1674.24 1653.46 1400.15 1227.68 1302.64 1484.35 1429.48 1545.88 1491.35 894.628 736.01 1060.4 1133.94 1229.69 1381.29 1445.83 1439.1 1471 1487.43 1565.76 1552.86 1602.33 1533.05 1411.96
-9999 -9999 -9999 -9999 -9999 -9999 -9999 -9999 -9999 -9999 -9999 -9999 -9999 537.744 682.692 980.637 895.33 953.732 1357.29 1621.64 1492.47 1413.29 1381.87 1248.44 1305.26 1170.22 1122.41 1165.98 1265.96 1555.27 1971.94 2393.87 2326.37 2024.15 1871.87 1748.54 1639.63 1597.89 1650.22 1629.36 1744.86 1692.35 1406.13 1067.87 1002.7 1301.56 1528.44 1542.44 1159.82 808.987 1134.09 1384.67 1771.76 1645.39 1409.63 1337.99 1438.21 1552.59 1570.91 1751.68 1652.22 953.357 777.509 1024.07 1036.19 1243.66 1352.51 1374.19 1346.4 1326.36 1435.43 1548.45 1529.66 1517.39 1531.41
-9999 -9999 -9999 -9999 -9999 -9999 -9999 -9999 -9999 -9999 -9999 -9999 -9999 436.611 584.746 771.726 1048.59 975.007 1029.88 1201.34 1202.98 1192.52 1214.94 1215.13 1263.67 1167.11 1131.09 1169.66 1258.48 1466.31 1760.19 2089.71 2364.66 2241.43 1966.16 1803.53 1727.41 1661.69 1755.9 1828.73 1605.01 1385.62 1289.94 996.36 909.066 1185.77 1297.08 1249.59 960.318 688.418 1086.36 1532.23 1931.45 1962 1701.16 1549.08 1520.4 1654.03 1739.3 1775.16 1771.34 1638.54 1096.83 544.32 648.459 848.021 1060.07 1190.69 1247.76 1209.69 1293.05 1379.26 1368.18 1300.32 1370.53
-9999 -9999 -9999 -9999 -9999 -9999 -9999 -9999 -9999 -9999 -9999 -9999 -9999 -9999 -9999 1049.38 1164.46 1115.05 1161.71 1316.85 1446.11 1406.04 1455.89 1396.7 1360.9 1289.75 1199.8 1162.85 1241.99 1388.04 1578.79 1997.24 2437.48 2439.11 2276.04 1976.5 1905.93 1828.37 1914.42 1682.53 1370.56 1129.25 991.228 963.192 796.668 927.702 1010.01 913.966 569.071 723.606 1274.78 1948.39 2336.98 2269.31 1957 1978.11 1797.06 1845.82 1872.86 1853.78 1728.94 1560.21 1336.34 591.878 442.695 536.188 449.724 720.109 867.511 1032.94 1116.93 1108.15 1160.83 1044.84 1019.45
-9999 -9999 -9999 -9999 -9999 -9999 -9999 -9999 -9999 -9999 -9999 -9999 -9999 -9999 -9999 -9999 -9999 1312.42 1189.96 1323.06 1639.53 1719.79 1727.62 1578.14 1589.49 1593.65 1366.86 1259.19 1260.26 1439.18 1616.52 1881.91 2074.86 2172.41 2204.83 2042.24 2055.37 1757.37 1750.85 1763.7 1539.17 1241.3 1020.03 749.503 657.679 646.595 762.392 658.495 420.994 719.056 1150.38 1771.77 2501.66 2468.34 2351.1 2409.67 2173.45 1923.86 1506.38 1504.89 1739.12 1459.29 1323.59 564.225 180.05 162.972 135.838 281.158 412.005 595.346 801.297 848.01 795.109 764.439 715.632
-9999 -9999 -9999 -9999 -9999 -9999 -9999 -9999 -9999 -9999 -9999 -9999 -9999 -9999 -9999 -9999 -9999 1393.24 1334.1 1271.04 1446.05 1766.87 1794.55 1604.82 1576.61 1671.02 1627.96 1415.66 1342.61 1490.08 1582.94 1594.59 1526.13 1778.22 1739 1545.97 1704.76 1449.15 1313.82 1436.9 1294.86 1246.04 958.955 806.527 566.193 474.796 446.487 381.367 355.523 627.235 922.619 1425.67 1984.23 2607.84 2537.54 2432.7 2335.63 1953.13 1291.88 1131.85 1594.23 1373.25 859.146 419.513 154.507 66.7539 64.7058 68.1584 151.047 294.477 369.697 455.416 402.451 307.155 319.561
-9999 -9999 -9999 -9999 -9999 -9999 -9999 -9999 -9999 -9999 -9999 -9999 -9999 -9999 -9999 -9999 -9999 1448.48 1378.05 1291.71 1544.74 1867.28 1787.97 1667.54 1612.14 1675.05 1640.36 1432.87 1509.9 1736.38 1822.68 1487.67 1143.93 1320.02 1227.71 1413.63 1546.54 1223.8 1089.81 1351.13 1182.17 1032.92 1099.51 892.444 646.26 551.293 326.721 331.795 357.87 696.359 863.875 1429.88 2121.51 2669.99 2534.52 2142.98 1931.58 1720.35 1227.31 884.491 1360.9 1161.66 779.867 252.245 115.2 58.7906 43.7926 33.1077 34.6687 97.8939 189.394 226.272 284.157 138.887 108.215
-9999 -9999 -9999 -9999 -9999 -9999 -9999 -9999 -9999 -9999 -9999 -9999 -9999 -9999 -9999 -9999 -9999 1511.23 1441.34 1615.32 1794.36 1968.29 2030.96 1800.41 1680.1 1801.38 1742.68 1717.73 1749.94 2032.54 1949.11 1491.62 1035.19 827.871 948.476 1214.07 1279.45 1139.79 886.264 1161.57 1111.39 764.642 651.864 758.39 487.563 360.203 225.533 218.74 431.209 951.157 1153.14 1374.36 1587.09 2091.81 2382.05 2162.23 1897.56 1537.36 1188.92 703.18 896.542 992.142 690.41 174.135 73.2681 67.2952 38.5977 31.4494 24.8932 23.8858 28.6216 70.3363 305.584 335.363 117.897
-9999 -9999 -9999 -9999 -9999 -9999 -9999 -9999 -9999 -9999 -9999 -9999 -9999 -9999 -9999 -9999 -9999 1531.66 1456.32 1716.69 1790.88 1868.23 2011.45 1910.49 1778.24 1924.83 2058.55 2098.92 2005.17 1836.17 1570.65 1399.69 965.094 699.934 749.511 946.77 1098.79 780.586 890.964 1182.25 1064.62 777.502 411.293 398.228 352.654 207.676 159.235 205.356 520.293 866.819 908.644 981.472 1284.27 1370.51 1852.13 1563.83 1677.23 1810.76 1314.99 939.18 613.946 571.005 296.021 134.197 103.967 64.363 31.1095 24.0457 23.2068 19.7788 20.1964 68.8639 315.154 414.595 276.929
-9999 -9999 -9999 -9999 -9999 -9999 -9999 -9999 -9999 -9999 -9999 -9999 -9999 -9999 -9999 -9999 -9999 -9999 -9999 -9999 -9999 1760.04 1823.39 1918.88 2006.4 2100.99 2277.53 2066.51 1716.51 1338.11 1234.19 1078.59 1086.27 691.72 574.452 589.553 692.33 759.203 1015.26 941.29 608.861 602.853 341.481 204.794 194.605 126.5 115.161 204.382 489.92 469.092 550.574 853.694 742.596 1147.2 1633.04 1055.78 1314.04 1469.3 916.875 762.175 533.366 253.176 155.87 106.892 88.5467 59.5144 32.5782 25.7024 23.0426 24.433 24.3682 58.6997 129.035 298.307 199.525
-9999 -9999 -9999 -9999 -9999 -9999 -9999 -9999 -9999 -9999 -9999 -9999 -9999 -9999 -9999 -9999 -9999 -9999 -9999 -9999 -9999 1742.2 1775.57 1851.65 2019.73 2090.21 1847.52 1725.77 1436.54 1090.44 1150.84 987.54 849.845 770.54 785.63 501.605 486.436 809.488 898.501 554.704 441.518 287.407 223.068 134.77 111.211 100.271 121.842 149.955 296.892 311.385 379.039 517.606 802.224 1186.49 1406.65 866.933 808.286 1196.68 859.116 542.467 312.557 209.221 167.655 87.1954 63.7293 47.119 32.5467 23.3897 24.8927 29.2077 65.0809 28.3822 36.4967 181.205 158.578
-9999 -9999 -9999 -9999 -9999 -9999 -9999 -9999 -9999 -9999 -9999 -9999 -9999 -9999 -9999 -9999 -9999 -9999 -9999 -9999 -9999 -9999 1796.64 1836.9 1930.58 1709.49 1438.53 1438.96 1305.16 937.182 898.471 1095.64 1052.25 1003.93 879.335 753.142 512.037 462.166 623.018 381.031 259.031 158.076 111.888 73.4808 71.3847 76.6841 79.8362 77.4583 113.845 136.507 266.928 454.442 464.475 653.95 949.668 827.753 458.631 657.306 491.803 473.594 206.842 162.549 176.819 49.6214 41.1597 37.3378 26.4275 19.8084 46.3695 19.0296 68.1818 50.1339 12.4529 72.1741 73.9921
-9999 -9999 -9999 -9999 -9999 -9999 -9999 -9999 -9999 -9999 -9999 -9999 -9999 -9999 -9999 -9999 -9999 -9999 -9999 -9999 -9999 -9999 1810.23 1862.89 1825.33 1572.18 1422.97 1213.04 1029.45 933.972 763.029 788.209 1120.16 1280.4 1122.5 973.416 581.031 322.903 253.825 184.187 132.992 79.8307 60.0676 37.2124 37.4437 36.2855 38.6102 37.4899 59.774 89.3414 142.591 329.35 268.259 255.973 507.677 487.002 359.717 366.72 386.298 176.456 104.04 98.5495 79.7684 17.3209 17.1456 18.3076 16.991 16.0299 30.5379 21.8922 56.6815 78.3151 19.7222 63.7401 33.757
-9999 -9999 -9999 -9999 -9999 -9999 -9999 -9999 -9999 -9999 -9999 -9999 -9999 -9999 -9999 -9999 -9999 -9999 -9999 -9999 -9999 -9999 1805.04 1849.54 1823.48 1543.92 1260.5 1115.98 1254.82 1259.24 1204.98 785.375 849.132 993.188 783.19 740.276 464.809 298.741 135.383 103.397 81.8181 45.6591 29.6411 30.0118 28.947 28.1383 25.3533 21.5778 28.3952 49.1457 48.1904 53.0296 91.5586 70.0895 128.578 132.141 120.834 131.51 122.714 80.5154 66.6684 36.6735 17.4438 1.84045 2.19435 2.37552 2.59448 11.0881 10.6847 18.0285 40.0816 52.4011 11.4192 13.9931 10.0023
-9999 -9999 -9999 -9999 -9999 -9999 -9999 -9999 -9999 -9999 -9999 -9999 -9999 -9999 -9999 -9999 -9999 -9999 -9999 -9999 -9999 2104 1905.11 1915.67 1903.63 1746.24 1553.11 1360.05 1490.16 1538.73 1177.64 652.408 476.609 537.082 508.949 401.903 365.267 222.598 132.688 92.667 41.9434 29.4715 26.4725 25.1245 23.3571 22.4851 21.9827 18.3335 16.4773 24.5644 27.0055 18.0518 16.2878 19.3252 22.5772 33.2776 48.0198 62.0921 86.0004 57.7153 23.8388 7.44835 1.97025 1.1815 1.5665 0.538975 1.40112 10.9353 17.5718 11.0454 64.335 16.1119 8.6483 7.0387 5.73115
-9999 -9999 -9999 -9999 -9999 -9999 -9999 -9999 -9999 -9999 -9999 -9999 -9999 -9999 -9999 -9999 -9999 -9999 -9999 -9999 2065.77 1994.54 1944.12 1913.78 2000.9 2056.29 2066.33 1892.5 1709.13 1414.35 1017.94 780.823 582.545 473.423 441.133 316.458 301.58 196.484 142.405 52.5243 27.0037 29.8159 24.4148 23.171 21.7096 19.8596 20.7073 17.0945 14.0435 14.7884 12.6077 10.7861 9.11012 9.9104 7.92635 10.4888 22.3916 24.0827 16.2338 11.0718 2.17227 2.11642 0.827423 0.0992754 0.199361 0.00837209 1.81794 5.54517 4.92704 5.82875 7.83403 8.28848 7.60903 8.12753 9.59463
