public/models/data/input/map/sulsel/2500/mapdcenter.asc
NCOLS 199
NROWS 249
XLLCORNER -95260.364462
YLLCORNER 9791291.912663
CELLSIZE 2500.000000
NODATA_VALUE       -9999
[rows 66 to 98 of 249, columns 75 to 149 of 199]
-9999 -9999 -9999 -9999 -9999 41977.1 40596.7 38040.6 35608.6 33048.6 30616.6 28140.8 26616.9 25484.3 24503.4 23429.6 22422.2 21362 20354.7 19564.4 20223.8 21323.9 22304.8 23378.4 24385.8 25446.2 26467.1 28060 30300.7 32956.6 35324.6 37916.6 40348.6 42880.1 45005 46591 46411.8 45317 44753.6 45613.7 46620.9 47681.4 48688.3 49762.2 50743.2 51843.3 52824.2 53823 54059.5 -9999 -9999 -9999 -9999 -9999 -9999 -9999 -9999 -9999 -9999 -9999 -9999 -9999 -9999 -9999 -9999 -9999 -9999 -9999 -9999 -9999 -9999 -9999 -9999 -9999 -9999
-9999 -9999 -9999 -9999 -9999 40743.3 39487.7 37033.2 34601.2 32041.2 29609.2 27018.2 24751.2 23066.2 22071.4 20998.1 19990.5 18930 17922.6 17132.4 17791.8 18891.9 19872.8 20946.4 21953.8 23032.6 24494.5 26925.9 29293.2 31949.2 34317.2 36909.2 39341.2 41901.2 44333.2 46879.3 48353.9 47749 47185.6 48045.6 49053.1 50113.1 51120.8 52194.7 53175.2 54275.3 55256.2 56221.4 56417.7 -9999 -9999 -9999 -9999 -9999 -9999 -9999 -9999 -9999 -9999 -9999 -9999 -9999 -9999 -9999 -9999 -9999 -9999 -9999 -9999 -9999 -9999 -9999 -9999 -9999 -9999
-9999 -9999 -9999 -9999 -9999 39499.9 38398.6 35972.2 33540.8 30980.8 28548.8 25956.8 23588.8 21052.1 19548.4 18437.9 17430.6 16370 15362.8 14572.3 15231.8 16331.9 17312.8 18386.4 19412.2 20976 23272.9 25864.8 28232.8 30888.8 33256.8 35848.8 38280.8 40840.8 43272.8 45864.8 48224.5 49869.6 49737.4 50605.6 51613 52673.4 53680.9 54754.3 55735.2 56835.3 57813.3 58165.3 57587.9 -9999 -9999 -9999 -9999 -9999 -9999 -9999 -9999 -9999 -9999 -9999 -9999 -9999 -9999 -9999 -9999 -9999 -9999 -9999 -9999 -9999 -9999 -9999 -9999 -9999 -9999
-9999 -9999 -9999 -9999 -9999 -9999 37095.3 34962.9 32533.5 29973.2 27541.4 24949.4 22581.4 19925.6 17666.9 16021.4 14998.8 13938.5 12931.2 12139.7 12799.8 13899.9 14880.8 15968 17434.7 19833.5 22265.4 24857.4 27225.4 29881.4 32249.4 34841.4 37273.4 39833.4 42265.4 44857.4 47225.4 49849.1 51615.8 53006.5 54044.9 55105.8 56112.3 57186.5 58167.3 59267.3 60242.9 60804.8 -9999 -9999 -9999 -9999 -9999 -9999 -9999 -9999 -9999 -9999 -9999 -9999 -9999 -9999 -9999 -9999 -9999 -9999 -9999 -9999 -9999 -9999 -9999 -9999 -9999 -9999 -9999
-9999 -9999 -9999 -9999 -9999 -9999 35379.9 33864.9 31460.2 28900.3 26467.8 23875.8 21507.8 18851.8 16483.9 14002.3 12443.4 11346 10338.4 9548.24 10207.2 11308.3 12308.1 13895.2 16200.5 18759.8 21191.8 23783.8 26151.8 28807.8 31175.8 33767.8 36199.8 38759.8 41191.8 43783.8 46151.8 48807.8 51175.6 53730.6 55848.8 57513.6 58688.2 59778.2 60759.3 61859.3 62810.4 63201.7 -9999 -9999 -9999 -9999 -9999 -9999 -9999 -9999 -9999 -9999 -9999 -9999 -9999 -9999 -9999 -9999 -9999 -9999 -9999 -9999 -9999 -9999 -9999 -9999 -9999 -9999 -9999
-9999 -9999 -9999 -9999 -9999 -9999 35023.7 32908.1 30479.2 27919 25486.4 22894.9 20526.9 17870.9 15502.9 12911.1 10598.2 8991.93 7970.69 7180.71 7839.44 8953.45 10371.1 12787.1 15218.9 17778.9 20210.9 22802.9 25170.9 27826.9 30194.9 32786.9 35218.9 37778.9 40210.9 42802.9 45170.9 47826.9 50194.9 52786.9 55218.9 57759.1 59993.3 61897.6 63116.6 64227.8 65176.4 65730.9 -9999 -9999 -9999 -9999 -9999 -9999 -9999 -9999 -9999 -9999 -9999 -9999 -9999 -9999 -9999 -9999 -9999 -9999 -9999 -9999 -9999 -9999 -9999 -9999 -9999 -9999 -9999
-9999 -9999 -9999 -9999 -9999 -9999 33085.1 31589.8 29375.7 26818.8 24386.9 21794.3 19426.7 16770.8 14402.8 11810.8 9379.04 6919.71 5347.16 4524.09 5197.31 6832.8 9094.9 11686.8 14118.8 16678.8 19110.8 21702.8 24070.8 26726.8 29094.8 31686.8 34118.8 36678.8 39110.8 41702.8 44070.8 46726.8 49094.8 51686.8 54118.8 56678.6 59111 61702.8 64043.5 66274.4 67729.3 69051.6 69490.7 -9999 -9999 -9999 -9999 -9999 -9999 -9999 -9999 -9999 -9999 -9999 -9999 -9999 -9999 -9999 -9999 -9999 -9999 -9999 -9999 -9999 -9999 -9999 -9999 -9999 -9999
-9999 -9999 -9999 -9999 -9999 -9999 -9999 30015 28340.2 25837.9 23405.9 20813.8 18445.8 15789.9 13421.9 10830.2 8397.88 5838.81 3522.19 2194.1 3266.44 5745.5 8113.95 10705.9 13138.8 15697.9 18129.9 20721.9 23089.9 25745.9 28113.9 30705.9 33137.9 35697.9 38129.9 40721.9 43089.9 45745.9 48113.9 50705.9 53138 55698.2 58130.8 60721.8 63089.8 65745.4 68077.2 70336.7 71394.9 -9999 -9999 -9999 -9999 -9999 -9999 -9999 -9999 -9999 -9999 -9999 -9999 -9999 -9999 -9999 -9999 -9999 -9999 -9999 -9999 -9999 -9999 -9999 -9999 -9999 -9999
-9999 -9999 -9999 -9999 -9999 -9999 -9999 28845.5 27908.7 25445.3 23013.3 20421.3 18053.3 15397.4 13029.4 10437 8005.29 5445.39 3026.89 1353.71 2730.55 5352.4 7721.29 10313.3 12745.2 15306.4 17737.3 20329.3 22697.3 25353.3 27721.3 30313.3 32745.3 35305.3 37737.3 40329.3 42697.3 45353.3 47721.3 50313.3 52745.3 55306.4 57737.4 60330 62697.7 65353.3 67721 70313.2 71949.6 -9999 -9999 -9999 -9999 -9999 -9999 -9999 -9999 -9999 -9999 -9999 -9999 -9999 -9999 -9999 -9999 -9999 -9999 -9999 -9999 -9999 -9999 -9999 -9999 -9999 -9999
-9999 -9999 -9999 -9999 -9999 -9999 27916.5 27857.1 27400.4 25881.2 23877.9 21358.7 18991.3 16335.1 13967.2 11375 8943.05 6401.61 4423.99 3474.08 4233.73 6304.19 8659.13 11251 13683 16243.4 18675.3 21267 23635 26291 28659 31251 33683 36243 38675 41267 43635 46291 48659 51251 53683 56243.1 58674.6 61267.1 63635 66291 68659 71251 72960.6 -9999 -9999 -9999 -9999 -9999 -9999 -9999 -9999 -9999 -9999 -9999 -9999 -9999 -9999 -9999 -9999 -9999 -9999 -9999 -9999 -9999 -9999 -9999 -9999 -9999 -9999
-9999 -9999 -9999 -9999 -9999 27528.5 26743.5 25992.3 24971.4 23910.9 22885.1 21536.5 19811 17373.9 15027 12435.4 10021.8 7965.22 6822.79 6032.38 6691.8 7911.23 9756.36 12311.4 14743.4 17302.1 19735.1 22327.4 24695.4 27351.4 29719.4 32311.4 34743.4 37303.4 39735.4 42327.4 44695.4 47351.4 49719.4 52311.4 54742.8 57303.4 59734.7 62327.2 64695.4 67351.4 69719.4 72297 73909.3 -9999 -9999 -9999 -9999 -9999 -9999 -9999 -9999 -9999 -9999 -9999 -9999 -9999 -9999 -9999 -9999 -9999 -9999 -9999 -9999 -9999 -9999 -9999 -9999 -9999 -9999
-9999 -9999 -9999 -9999 -9999 27627.5 26456.9 24093.1 22564.4 21479 20471.5 19397.2 18414.2 17161.4 15713.5 13458.4 11484.3 10262.2 9254.69 8464.38 9123.8 10224.4 11314.4 13334 15750.6 18310.8 20743.2 23334.8 25702.6 28358.5 30726.8 33319 35750.8 38310.8 40742.8 43334.8 45702.8 48358.8 50726.8 53318.6 55750.9 58310.5 60742.5 63334.1 65702.8 68341.8 70464.7 72242.3 73335 -9999 -9999 -9999 -9999 -9999 -9999 -9999 -9999 -9999 -9999 -9999 -9999 -9999 -9999 -9999 -9999 -9999 -9999 -9999 -9999 -9999 -9999 -9999 -9999 -9999 -9999
-9999 -9999 -9999 -9999 -9999 27467.7 25485.5 22897.2 20564.6 18916.4 17879.5 16805.9 15824.4 14724.5 14146 14291.1 13767.9 12848.5 11846.7 11056.4 11715.8 12816.4 13797.1 14979.6 16860.7 19383.6 21816.6 24408.4 26775.6 29432.9 31801.4 34392.7 36824.4 39384.4 41816.4 44408 46776.1 49432.4 51800.7 54392.4 56824.4 59384.2 61810.2 64275.5 66195.5 67752.4 68789.3 69863.3 70263.4 69617.1 -9999 -9999 -9999 -9999 -9999 -9999 -9999 -9999 -9999 -9999 -9999 -9999 -9999 -9999 -9999 -9999 -9999 -9999 -9999 -9999 -9999 -9999 -9999 -9999 -9999
-9999 -9999 -9999 -9999 -9999 26758.9 24508.3 21916.3 19484.4 17057.4 15529.4 14438 13457.1 12357 11793.7 12653.1 13592 14178.6 14043.7 13424.4 14083.8 15185.2 16165.4 17238.6 18365.2 20378.6 22797.3 25389.1 27757.3 30413.3 32781.2 35373.3 37805.3 40365 42797.3 45389.3 47756.1 50413.9 52781.4 55373.3 57803.9 60197 61963 63326.6 64341.9 65442.2 66423.1 67496.7 68452.2 69005.9 -9999 -9999 -9999 -9999 -9999 -9999 -9999 -9999 -9999 -9999 -9999 -9999 -9999 -9999 -9999 -9999 -9999 -9999 -9999 -9999 -9999 -9999 -9999 -9999 -9999
-9999 -9999 -9999 -9999 -9999 25446.6 23407.9 20816.2 18384.2 15824.2 13477.3 11808.9 10801.1 9700.96 9137.63 9997.53 11004.9 12154.8 13940.2 15655.1 16713 17839.9 18820.8 19894.9 20901.8 22064.6 23929.9 26489.4 28834.1 31387 33744.8 36337.7 38769.8 41329.9 43761.3 46353.3 48721.6 51376.7 53732.3 55978.7 57487.4 58624.2 59631.6 60705.2 61686 62786.2 63767.1 64840.7 65848.1 66546 -9999 -9999 -9999 -9999 -9999 -9999 -9999 -9999 -9999 -9999 -9999 -9999 -9999 -9999 -9999 -9999 -9999 -9999 -9999 -9999 -9999 -9999 -9999 -9999 -9999
-9999 -9999 -9999 -9999 -9999 24441.6 22378.5 19835.3 17403.3 14843.3 12411.4 9959.5 8460.08 7332.96 6769.63 7629.54 8698.67 10553.1 12935.3 15514.1 17745.5 19796 20961.2 22036.5 23043.8 24105.2 25227.9 27026.3 28641.6 30953 33315.4 35908.2 38340.2 40900.5 43332.1 45924.1 48292.2 50934.6 52904.1 54187 55195.7 56256.1 57263.5 58337.2 59318 60418.2 61399.1 62472.7 63480.3 64241 -9999 -9999 -9999 -9999 -9999 -9999 -9999 -9999 -9999 -9999 -9999 -9999 -9999 -9999 -9999 -9999 -9999 -9999 -9999 -9999 -9999 -9999 -9999 -9999 -9999
-9999 -9999 -9999 -9999 -9999 -9999 20743.8 18756.1 16329.7 13769.7 11337.7 8745.76 6462.87 4758.72 4177.63 5117.42 6913.39 9429.69 11861.7 14453.7 16799.6 18815.1 19869.2 20942.9 21950.3 23010.7 24018.1 25280 27233.9 29876.7 32244.7 34836.7 37268.7 39828.7 42260.7 44852.7 47213.9 49399 50521.5 51596.3 52603.7 53664.1 54671.5 55745.2 56726 57826.2 58807.1 59881.2 60981.9 62466.3 -9999 -9999 -9999 -9999 -9999 -9999 -9999 -9999 -9999 -9999 -9999 -9999 -9999 -9999 -9999 -9999 -9999 -9999 -9999 -9999 -9999 -9999 -9999 -9999 -9999
-9999 -9999 -9999 -9999 -9999 -9999 18771.9 17693.7 15327.3 12767.3 10335.3 7743.3 5375.34 2852.36 1841.77 3478.99 5867.42 8427.29 10859.3 13447.6 15319.2 16456.4 17437.3 18510.9 19518.3 20579.6 21735.2 23859.8 26213.3 28869.3 31237.3 33829.3 36261.3 38821.3 41253.3 43830.5 45809.6 47109.1 48090.8 49164.4 50171.7 51232.1 52239.5 53313.2 54294 55394.2 56375.1 57459.6 58961.3 -9999 -9999 -9999 -9999 -9999 -9999 -9999 -9999 -9999 -9999 -9999 -9999 -9999 -9999 -9999 -9999 -9999 -9999 -9999 -9999 -9999 -9999 -9999 -9999 -9999 -9999
-9999 -9999 -9999 -9999 -9999 -9999 -9999 17016.3 15215.7 12662.9 10230.9 7638.91 5270.91 2704.49 1619.72 3355.96 5762.94 8322.91 10753.2 12889.7 13132.4 13896.4 14877.3 15950.9 16959.3 18203 20205 22784.9 25152.9 27808.9 30176.9 32768.9 35200.9 37760.9 40180.7 42309.1 43448.3 44549.8 45530.7 46604.3 47611.7 48672.1 49679.5 50753.2 51734 52834.2 53850.5 55264.7 56571.2 -9999 -9999 -9999 -9999 -9999 -9999 -9999 -9999 -9999 -9999 -9999 -9999 -9999 -9999 -9999 -9999 -9999 -9999 -9999 -9999 -9999 -9999 -9999 -9999 -9999 -9999
-9999 -9999 -9999 -9999 -9999 -9999 -9999 17171.9 16138 13645.4 11213.4 8621.43 6303.2 4475.78 3877.68 4859.79 6770.47 9303.7 11393.8 11463.7 10730.4 11464.4 12445.3 13518.9 14675.4 16765.6 19185.5 21777.5 24145.5 26801.5 29169.5 31761.5 34193.5 36741.3 38775 40036.3 41017.7 42117.8 43098.7 44172.3 45179.7 46240.1 47247.5 48321.2 49302 50447.5 51966.6 53763.6 -9999 -9999 -9999 -9999 -9999 -9999 -9999 -9999 -9999 -9999 -9999 -9999 -9999 -9999 -9999 -9999 -9999 -9999 -9999 -9999 -9999 -9999 -9999 -9999 -9999 -9999 -9999
-9999 -9999 -9999 -9999 -9999 -9999 -9999 17374.8 16904 14719 12287.1 9790.57 8179.93 7032.96 6469.63 7329.58 8436.29 10014.8 9947.99 8900.58 8138.43 8872.42 9854.27 11115.2 13134.4 15679.9 18111.9 20703.9 23071.9 25727.9 28095.9 30687.9 33105.1 35204.1 36370.6 37444.8 38425.7 39525.8 40506.7 41580.3 42587.7 43648.1 44655.5 45729.2 46751.5 48539.5 50089 -9999 -9999 -9999 -9999 -9999 -9999 -9999 -9999 -9999 -9999 -9999 -9999 -9999 -9999 -9999 -9999 -9999 -9999 -9999 -9999 -9999 -9999 -9999 -9999 -9999 -9999 -9999 -9999
-9999 -9999 -9999 -9999 -9999 -9999 -9999 -9999 17461.6 15699.5 13317.7 11528.8 10501.1 9400.96 8837.63 9697.53 10574.1 9748.38 7799.62 6532.68 5770.43 6504.46 7620.9 9720.28 12139 14699 17131 19723 22091 24747 27115 29700.2 31735.3 32995 34003.1 35076.8 36057.7 37157.8 38138.7 39212.3 40219.7 41280.1 42287.5 43402.7 44987.2 47251.1 48272.6 -9999 -9999 -9999 -9999 -9999 -9999 -9999 -9999 -9999 -9999 -9999 -9999 -9999 -9999 -9999 -9999 -9999 -9999 -9999 -9999 -9999 -9999 -9999 -9999 -9999 -9999 -9999 -9999
-9999 -9999 -9999 -9999 -9999 -9999 -9999 -9999 17757.6 16821.5 15246.4 14138 13157.1 12057 11493.6 12142.6 11208.1 8738.91 6308.32 4091.96 3117.48 4044.43 6026.8 8606.91 11038.9 13598.9 16030.9 18622.9 20990.9 23646.9 26014.9 28222.6 29279.8 30339.8 31347.2 32420.8 33401.7 34501.8 35482.7 36556.3 37563.7 38624.2 39676.8 41478 43794.8 45362.4 -9999 -9999 -9999 -9999 -9999 -9999 -9999 -9999 -9999 -9999 -9999 -9999 -9999 -9999 -9999 -9999 -9999 -9999 -9999 -9999 -9999 -9999 -9999 -9999 -9999 -9999 -9999 -9999 -9999
-9999 -9999 -9999 -9999 -9999 -9999 -9999 -9999 17884.1 18011.6 17571.7 16505.9 15525.1 14425 13775.7 12777.8 10457 7897.23 5465.23 2890.25 1236.61 2817.21 5173.23 7765.23 10197.2 12757.2 15189.2 17781.2 20149.2 22805.2 25131.2 26296 26912.7 27971.8 28979.2 30052.8 31033.7 32133.8 33114.7 34188.3 35195.7 36301.4 37941.6 40446 42804 44560.1 -9999 -9999 -9999 -9999 -9999 -9999 -9999 -9999 -9999 -9999 -9999 -9999 -9999 -9999 -9999 -9999 -9999 -9999 -9999 -9999 -9999 -9999 -9999 -9999 -9999 -9999 -9999 -9999 -9999
-9999 -9999 -9999 -9999 -9999 -9999 -9999 -9999 -9999 19646.4 19852.7 19097.7 18117.1 17011.4 15784.7 13447.6 11015.1 8455.46 6023.49 3619.89 2445.06 3556.98 5734.27 8323.59 10755.6 13315.6 15747.6 18339.6 20707.6 23291.1 24387.4 23781.4 24320.7 25379.8 26387.2 27460.8 28441.7 29541.8 30522.7 31596.3 32646.8 34408.5 36780.3 39372.3 41692 42503 -9999 -9999 -9999 -9999 -9999 -9999 -9999 -9999 -9999 -9999 -9999 -9999 -9999 -9999 -9999 -9999 -9999 -9999 -9999 -9999 -9999 -9999 -9999 -9999 -9999 -9999 -9999 -9999 -9999
-9999 -9999 -9999 -9999 -9999 -9999 -9999 -9999 -9999 -9999 21876.3 21515.9 20548.4 19141.4 17039 14454.9 12022.7 9463.75 7180.17 5639.1 4862.43 5610.26 6959.67 9331.09 11762.9 14322.9 16754.9 19346.9 21685.1 22971.7 22250.8 21349.4 21888.7 22947.8 23955.2 25028.8 26009.7 27109.8 28090.7 29207.5 30867.7 33341 35772.9 38364.9 40731.1 42517.2 -9999 -9999 -9999 -9999 -9999 -9999 -9999 -9999 -9999 -9999 -9999 -9999 -9999 -9999 -9999 -9999 -9999 -9999 -9999 -9999 -9999 -9999 -9999 -9999 -9999 -9999 -9999 -9999 -9999
-9999 -9999 -9999 -9999 -9999 -9999 -9999 -9999 -9999 -9999 23819 24083.3 22457.3 20199 18106.9 15515.3 13084.5 10708.2 9270.4 8184.59 7422.43 8156.42 9142.48 10598.8 12827 15383.3 17815.3 20324.3 21468.7 20674.4 19693.6 18789.4 19328.7 20387.8 21395.2 22468.8 23449.7 24549.9 25576 27348.7 29720.6 32280.5 34712.5 37304.5 39672.5 41782.8 -9999 -9999 -9999 -9999 -9999 -9999 -9999 -9999 -9999 -9999 -9999 -9999 -9999 -9999 -9999 -9999 -9999 -9999 -9999 -9999 -9999 -9999 -9999 -9999 -9999 -9999 -9999 -9999 -9999
-9999 -9999 -9999 -9999 -9999 -9999 -9999 -9999 -9999 -9999 -9999 27448.8 28481 21509 19114.7 16522.8 14242.1 12710 11690.5 10616.6 9854.43 10588.4 11569.3 12652.1 14038.2 16390.8 18789.4 20041.9 19342 18242.4 17261.6 16357.4 16896.7 17955.8 18963.2 20036.8 21017.7 22163.1 23776.8 26281.2 28713.2 31273.2 33705.2 36297.2 38665.2 40649.9 41268.4 -9999 -9999 -9999 -9999 -9999 -9999 -9999 -9999 -9999 -9999 -9999 -9999 -9999 -9999 -9999 -9999 -9999 -9999 -9999 -9999 -9999 -9999 -9999 -9999 -9999 -9999 -9999 -9999
-9999 -9999 -9999 -9999 -9999 -9999 -9999 -9999 -9999 -9999 -9999 29772.4 27735.2 22502.9 20189.4 17786.5 16365 15290 14282.1 13208.1 12446.4 13180.4 14161.3 15234.9 16247.5 17657.8 18640.8 17731.9 16750.6 15650.4 14669.6 13765.4 14304.7 15363.8 16371.2 17444.9 18467.2 20298.7 22615.6 25207.5 27639.5 30199.5 32631.5 35223.5 37591.5 40064.6 40719.5 -9999 -9999 -9999 -9999 -9999 -9999 -9999 -9999 -9999 -9999 -9999 -9999 -9999 -9999 -9999 -9999 -9999 -9999 -9999 -9999 -9999 -9999 -9999 -9999 -9999 -9999 -9999 -9999
-9999 -9999 -9999 -9999 -9999 -9999 -9999 -9999 -9999 -9999 -9999 31190.2 26906.3 23506.8 21306.5 19739.5 18718 17657.5 16649.9 15578.1 14814.8 15548.4 16529.3 17602.9 18610 19118.4 17530.8 15481 14382.6 13282.4 12301.6 11397.4 11936.7 12995.8 14003.2 15118.3 16702.8 19266.6 21634.6 24226.6 26658.6 29218.6 31650.6 34242.6 36610.6 39044.3 39605 -9999 -9999 -9999 -9999 -9999 -9999 -9999 -9999 -9999 -9999 -9999 -9999 -9999 -9999 -9999 -9999 -9999 -9999 -9999 -9999 -9999 -9999 -9999 -9999 -9999 -9999 -9999 -9999
-9999 -9999 -9999 -9999 -9999 -9999 -9999 -9999 -9999 -9999 -9999 -9999 26737.6 24832.4 23467.9 22381.5 21374.3 20313.6 19306.2 18232.5 17470.5 18204.4 19185.3 20250.7 20645.2 18855.3 16426.5 13849.6 11901.2 10626.4 9645.58 8741.36 9280.66 10339.8 11392.5 13193.7 15510.5 18166.5 20534.5 23126.5 25558.5 28118.5 30550.5 33142.5 35509.2 37812.3 39017.8 -9999 -9999 -9999 -9999 -9999 -9999 -9999 -9999 -9999 -9999 -9999 -9999 -9999 -9999 -9999 -9999 -9999 -9999 -9999 -9999 -9999 -9999 -9999 -9999 -9999 -9999 -9999 -9999
-9999 -9999 -9999 -9999 -9999 -9999 -9999 -9999 -9999 -9999 -9999 -9999 27951.6 26816.5 25823.2 24748.8 23742 22681.6 21674.2 20600 19838.5 20572.5 21550.4 22040.7 20410.6 17877.6 15445.6 12853.6 10500.7 8376.02 7278.29 6373.36 6912.66 8017.08 9657.26 12161.7 14529.6 17185.6 19553.6 22145.6 24577.6 27137.6 29569.6 32161.6 34416.9 35947.9 -9999 -9999 -9999 -9999 -9999 -9999 -9999 -9999 -9999 -9999 -9999 -9999 -9999 -9999 -9999 -9999 -9999 -9999 -9999 -9999 -9999 -9999 -9999 -9999 -9999 -9999 -9999 -9999 -9999
-9999 -9999 -9999 -9999 -9999 -9999 -9999 -9999 -9999 -9999 -9999 -9999 29625.1 29395.6 28414.4 27341.6 26333.8 25273.6 24266.2 23192.7 22431 23156.7 23559 21792.4 19364 16804 14372 11780 9412 6772.74 4853.12 3781.36 4363.79 6124.22 8496.01 11088 13456 16112 18480 21072 23504 26064 28496 31088 33448.4 35121.9 35792.7 -9999 -9999 -9999 -9999 -9999 -9999 -9999 -9999 -9999 -9999 -9999 -9999 -9999 -9999 -9999 -9999 -9999 -9999 -9999 -9999 -9999 -9999 -9999 -9999 -9999 -9999 -9999 -9999
