public/models/data/input/map/sulsel/2500/mapdriver.asc
NCOLS 199
NROWS 249
XLLCORNER -95260.364462
YLLCORNER 9791291.912663
CELLSIZE 2500.000000
NODATA_VALUE       -9999
[rows 0 to 32 of 249, columns 75 to 149 of 199]
-9999 -9999 -9999 -9999 -9999 -9999 -9999 -9999 -9999 -9999 -9999 -9999 -9999 -9999 -9999 -9999 -9999 -9999 -9999 -9999 -9999 -9999 -9999 -9999 -9999 -9999 -9999 -9999 -9999 -9999 -9999 -9999 -9999 -9999 -9999 -9999 -9999 -9999 -9999 -9999 -9999 -9999 -9999 -9999 -9999 -9999 2019.22 800.168 824.226 -9999 -9999 -9999 -9999 -9999 -9999 -9999 -9999 -9999 -9999 -9999 -9999 -9999 -9999 -9999 -9999 -9999 -9999 -9999 -9999 -9999 -9999 -9999 -9999 -9999 -9999
-9999 -9999 -9999 -9999 -9999 -9999 -9999 -9999 -9999 -9999 -9999 -9999 -9999 -9999 -9999 -9999 -9999 -9999 -9999 -9999 -9999 -9999 -9999 -9999 -9999 -9999 -9999 -9999 -9999 -9999 -9999 -9999 -9999 -9999 -9999 -9999 -9999 -9999 -9999 -9999 -9999 -9999 -9999 -9999 -9999 -9999 837.161 760.217 487.674 640.943 -9999 -9999 -9999 -9999 -9999 -9999 -9999 -9999 -9999 -9999 -9999 -9999 -9999 -9999 -9999 -9999 -9999 -9999 -9999 -9999 -9999 -9999 -9999 -9999 -9999
-9999 -9999 -9999 -9999 -9999 -9999 -9999 -9999 -9999 -9999 -9999 -9999 -9999 -9999 -9999 -9999 -9999 -9999 -9999 -9999 -9999 -9999 -9999 -9999 -9999 -9999 -9999 -9999 -9999 3519.27 3155.9 -9999 -9999 -9999 -9999 -9999 -9999 -9999 -9999 -9999 -9999 -9999 -9999 -9999 -9999 1728.49 609.296 438.442 573.673 604.361 543.104 -9999 -9999 -9999 -9999 -9999 -9999 -9999 -9999 -9999 -9999 -9999 -9999 -9999 -9999 -9999 -9999 -9999 -9999 -9999 -9999 -9999 -9999 -9999 -9999
-9999 -9999 -9999 -9999 -9999 -9999 -9999 -9999 -9999 -9999 -9999 -9999 -9999 -9999 -9999 -9999 -9999 -9999 -9999 -9999 -9999 -9999 -9999 -9999 -9999 -9999 -9999 3317.22 3128.23 2650.4 2059.74 1300.37 787.377 1042.31 657.372 -9999 -9999 -9999 -9999 -9999 -9999 -9999 -9999 -9999 -9999 2352 1102.08 566.127 484.111 475.923 651.232 871.294 -9999 -9999 -9999 -9999 -9999 -9999 -9999 -9999 -9999 -9999 -9999 -9999 -9999 -9999 -9999 -9999 -9999 -9999 -9999 -9999 -9999 -9999 -9999
-9999 -9999 -9999 -9999 -9999 -9999 -9999 -9999 -9999 -9999 -9999 -9999 -9999 -9999 -9999 -9999 -9999 -9999 -9999 -9999 -9999 -9999 -9999 -9999 -9999 -9999 -9999 1855.21 1504.02 783.214 627.091 501.22 572.536 1169.36 1508.99 1081.26 -9999 -9999 -9999 -9999 -9999 -9999 -9999 -9999 -9999 1777.6 834.46 1324.63 849.981 381.8 536.876 1304.72 -9999 -9999 -9999 -9999 -9999 -9999 -9999 -9999 -9999 -9999 -9999 -9999 -9999 -9999 -9999 -9999 -9999 -9999 -9999 -9999 -9999 -9999 -9999
-9999 -9999 -9999 -9999 -9999 -9999 -9999 -9999 -9999 -9999 -9999 -9999 -9999 -9999 -9999 -9999 -9999 -9999 -9999 -9999 -9999 -9999 -9999 218.206 116.077 -9999 107.298 879.117 659.858 787.674 1399.99 1228 662.739 1671.03 1909.58 743.455 1479.56 1785.26 -9999 435.828 309.761 542.932 1128.57 -9999 -9999 661.77 596.954 1645.38 1078.86 625.075 561.689 1707.71 1514.37 -9999 -9999 -9999 -9999 -9999 -9999 -9999 -9999 -9999 -9999 -9999 -9999 -9999 -9999 -9999 -9999 -9999 -9999 -9999 -9999 -9999 -9999
-9999 -9999 -9999 -9999 -9999 -9999 -9999 -9999 -9999 -9999 -9999 -9999 -9999 -9999 -9999 -9999 -9999 -9999 -9999 -9999 -9999 686.144 775.741 460.846 341.232 787.164 670.288 452.286 383.011 385.299 616.567 835.475 467.2 1504.37 1134.69 597.262 668.088 882.781 618.546 728.395 396.734 499.333 707.776 872.361 760.074 730.483 668.912 1376.39 566.123 1078.77 1074.46 663.159 675.894 2658.17 -9999 -9999 -9999 -9999 -9999 -9999 -9999 -9999 -9999 -9999 -9999 -9999 -9999 -9999 -9999 -9999 -9999 -9999 -9999 -9999 -9999
-9999 -9999 -9999 -9999 -9999 -9999 -9999 -9999 -9999 -9999 -9999 -9999 -9999 -9999 -9999 -9999 -9999 -9999 -9999 -9999 -9999 537.803 318.931 430.438 486.156 461.162 539.528 290.148 318.808 317.223 530.509 1779.29 1423.56 803.699 730.192 570.495 595.26 530.987 1109.21 517.745 813.023 373.897 705.545 528.231 446.964 576.35 538.903 832.839 1437.9 1121.45 600.522 726.726 1821.79 1820.6 1409.36 -9999 -9999 -9999 -9999 -9999 -9999 -9999 -9999 -9999 -9999 -9999 -9999 -9999 -9999 -9999 -9999 -9999 -9999 -9999 -9999
-9999 -9999 -9999 -9999 -9999 -9999 -9999 -9999 -9999 -9999 -9999 -9999 -9999 -9999 -9999 -9999 -9999 -9999 -9999 -9999 -9999 283.762 350.718 246.737 362.619 374.614 365.685 520.694 447.667 545.382 654.913 903.721 953.364 632.022 645.206 665.505 932.468 407.608 807.413 1113.16 521.386 323.813 855.67 409.918 404.361 633.665 446.485 1487.98 934.405 712.978 525.446 978.221 1727.31 703.508 1375.1 -9999 -9999 -9999 -9999 -9999 -9999 -9999 -9999 -9999 -9999 -9999 -9999 -9999 -9999 -9999 -9999 -9999 -9999 -9999 -9999
-9999 -9999 -9999 -9999 -9999 -9999 -9999 -9999 -9999 -9999 -9999 -9999 -9999 -9999 -9999 -9999 -9999 -9999 -9999 962.772 952.256 242.988 346.496 319.953 472.877 625.665 397.468 343.359 754.264 521.995 814.907 670.285 672.544 728.115 639.712 882.891 529.288 860.146 686.22 1913.08 1077.5 448.395 497.314 303.782 404.682 988.068 713.289 1265.22 675.401 1096.96 638.084 600.807 642.669 431.752 495.988 230.988 500 -9999 -9999 -9999 -9999 -9999 -9999 -9999 -9999 -9999 -9999 -9999 -9999 -9999 -9999 -9999 -9999 -9999 -9999
-9999 -9999 -9999 -9999 -9999 -9999 -9999 -9999 -9999 -9999 -9999 -9999 -9999 -9999 -9999 -9999 -9999 -9999 1231.21 685.321 430.345 713.506 371.614 251.456 418.022 462.36 389.209 504.816 396.96 265.875 706.873 834.4 390.766 348.433 473.427 726.353 743.634 603.439 593.336 1117.35 491.977 610.192 326.111 287.967 424.509 596.513 605.376 793.369 1272.89 465.23 457.178 1234.53 672.966 530.18 528.039 387.994 1188.53 -9999 -9999 -9999 -9999 -9999 -9999 -9999 -9999 -9999 -9999 -9999 -9999 -9999 -9999 -9999 -9999 -9999 -9999
-9999 -9999 -9999 -9999 -9999 -9999 -9999 -9999 -9999 -9999 -9999 -9999 -9999 -9999 -9999 -9999 -9999 795.349 884.584 529.431 462.134 826.394 397.655 335.832 309.225 428.458 394.339 504.187 674.986 676.632 1348.22 805.262 337.528 588.287 445.059 1405.77 639.207 716.249 415.963 328.499 424.41 340.874 979.691 1009.33 510.553 782.212 673.51 1108.48 787.426 536.298 774.313 872.479 699.019 544.371 560.567 582.127 1064.92 981.983 650 -9999 -9999 -9999 -9999 -9999 -9999 -9999 -9999 -9999 -9999 -9999 -9999 -9999 -9999 -9999 -9999
-9999 -9999 -9999 -9999 -9999 -9999 -9999 -9999 -9999 -9999 -9999 -9999 -9999 -9999 -9999 -9999 80.4584 523.583 566.915 363.495 492.429 592.556 460.337 313.537 403.705 311.411 507.214 266.308 383.275 519.246 986.568 553.163 707.799 422.008 789.616 617.192 489.274 456.945 671.871 648.753 1099.27 273.022 892.852 456.99 783.59 2001.5 948.004 1229.04 1586.87 764.974 356.958 476.402 442.17 960.273 957.027 589.54 507.83 631.155 782.882 1350.25 3244.12 -9999 -9999 -9999 -9999 -9999 -9999 -9999 -9999 -9999 -9999 -9999 -9999 -9999 -9999
-9999 -9999 -9999 -9999 -9999 -9999 -9999 -9999 -9999 -9999 -9999 -9999 -9999 -9999 40.1292 280.81 463.073 1033.02 518.518 481.67 518.912 747.099 1296.41 874.05 255.414 363.016 353.063 356.241 271.681 628.134 431.702 640.176 416.602 440.686 691.012 459.693 530.806 585.979 582.495 774.227 414.621 422.583 418.067 420.315 487.43 1985.43 1899.71 659.598 1609.27 1055.46 392.27 398.257 474.847 367.912 945.227 1552.87 965.692 455.443 576.403 2310.82 2542.12 -9999 -9999 -9999 -9999 -9999 -9999 -9999 -9999 -9999 -9999 -9999 -9999 -9999 -9999
-9999 -9999 -9999 -9999 -9999 -9999 -9999 -9999 -9999 -9999 -9999 -9999 -9999 114.837 219.062 636.165 424.952 577.536 461.539 472.279 375.391 276.727 543.036 1013 340.891 464.28 397.48 423.97 485.109 386.248 437.538 428.686 977.042 768.408 434.602 654.442 749.024 861.829 1023.92 456.834 370.143 367.255 461.411 474.462 585.296 2288.94 1701.17 1010.21 714.126 1255.37 1602.65 491.053 412.025 582.38 435.273 613.093 898.785 289.647 550.471 1094.38 955.019 799.634 2519.45 3821.81 873.402 1209.37 721.019 1909.07 4247.27 6242.13 6083.35 6233.83 5647.77 3987.68 -9999
-9999 -9999 -9999 -9999 -9999 -9999 -9999 -9999 -9999 -9999 -9999 -9999 -9999 328.735 320.291 368.947 352.649 791.83 592.753 486.368 497.524 388.638 307.318 534.145 275.354 459.777 331.722 206.61 264.505 239.06 350.541 384.545 1200.29 633.091 588.507 646.954 772.666 823.969 1119.63 661.675 697.044 859.632 432.132 909.272 978.207 2714.49 1321.18 520.222 515.258 1773.17 1832.77 704.465 612.631 1147.59 559.284 500.53 423.249 893.558 1150.53 506.319 1362.88 2069.95 3383.02 3925.9 1743.08 851.754 1817.14 2475.87 4308.07 5028.54 4408.56 4840.68 4523.25 3317.63 3103.36
-9999 -9999 -9999 -9999 -9999 -9999 -9999 -9999 -9999 -9999 -9999 -9999 -9999 287.278 320.361 365.628 359.447 344.307 534.006 628.534 334.156 278.018 344.619 343.592 176.234 318.556 695.289 373.533 321.23 523.207 522.78 501.695 417.414 490.417 365.907 854.884 778.135 634.297 536.558 1084.73 1504.06 1005.47 485.086 1132.09 1117.02 2024.23 1220.31 527.441 378.272 1110.33 2403.97 1990.88 951.054 1174.6 889.323 1622.62 1758.63 616.493 985.309 796.187 868.79 2501.7 3427.64 2675.76 2031.48 647.626 1968.85 3240.31 2990.66 2581.56 1869.25 2513.84 2729.29 1230.09 1420.54
-9999 -9999 -9999 -9999 -9999 -9999 -9999 -9999 -9999 -9999 -9999 -9999 -9999 641.958 373.801 415.222 491.465 355.292 476.005 601.28 325.215 394.733 334.841 373.953 441.405 223.394 249.544 214.129 344.777 538.831 1410.08 1077.99 385.382 467.736 619.186 415.413 417.444 814.974 781.719 697.452 514.947 919.181 784.076 541.619 511.298 564.647 592.027 514.937 410.416 744.779 2350.37 1804.11 628.075 520.163 498.047 690.928 1619.78 979.48 557.156 748.182 743.869 881.516 1862.14 864.543 938.662 998.589 718.081 1574.02 995.133 1063.46 758.679 1253.48 1151.51 1242.62 880.742
-9999 -9999 -9999 -9999 -9999 -9999 -9999 -9999 -9999 -9999 -9999 -9999 -9999 224.296 395.988 396.387 345.151 320.355 430.413 438.243 411.292 359.511 486.356 377.085 684.305 323.133 216.165 260.871 337.142 444.125 630.475 627.378 1170.83 851.379 537.052 656.03 416.335 450.475 433.586 510.677 887.664 694.338 521.1 317.795 269.273 1047.91 669.283 1197.25 987.365 501.596 810.288 483.685 839.219 694.049 549.063 352.537 431.459 834.308 640.046 1281.47 561.796 856.461 623.91 786.336 447.718 1278.02 899.911 1161.67 796.448 624.471 468.094 1013.35 624.862 815.082 849.488
-9999 -9999 -9999 -9999 -9999 -9999 -9999 -9999 -9999 -9999 -9999 -9999 -9999 71.0645 122.55 251.964 908.447 878.836 380.567 391.559 335.468 325.772 336.796 346.179 421.037 359.3 292.647 376.415 427.765 642.542 353.441 427.929 608.038 442.244 289.206 366.829 414.078 439.602 606.101 523.679 530.411 410.607 617.684 569.165 685.711 2250.45 1230.87 508.776 967.487 467.409 671.16 421.759 502.844 799.782 508.949 401.5 401.133 428.641 561.297 687.822 598.538 1039.26 1160.72 464.961 431.238 915.934 1053.04 727.778 689.24 632.2 556.012 464.136 755.561 612.287 485.365
-9999 -9999 -9999 -9999 -9999 -9999 -9999 -9999 -9999 -9999 -9999 -9999 -9999 -9999 -9999 52.4538 471.435 391.359 400.459 553.469 439.528 521.654 395.206 421.971 323.083 359.279 267.617 289.346 535.645 363.294 312.359 455.972 539.48 366.963 707.67 696.879 692.245 498.972 415.789 505.482 473.955 443.51 502.117 1006.55 952.9 2905.62 2002.31 822.133 296.017 460.116 553.387 839.654 487.251 497.064 603.802 678.25 478.502 485.075 879.449 1021.19 798.747 424.503 1039.64 802.29 548.529 917.538 964.242 680.879 646.843 1033.01 536.201 500.978 952.653 960.843 528.75
-9999 -9999 -9999 -9999 -9999 -9999 -9999 -9999 -9999 -9999 -9999 -9999 -9999 -9999 -9999 -9999 -9999 882.651 408.249 748.621 651.242 546.539 619.766 489.35 402.001 438.35 297.781 383.404 338.438 356.036 475.558 482.901 1008.41 558.22 925.027 781.551 758.118 843.003 400.222 679.681 781.779 427.199 696.904 409.501 478.629 2297.39 2924.95 1768.8 409.996 666.481 700.983 720.866 877.023 863.12 1096.89 790.675 899.342 623.761 577.695 1445.36 1816.68 598.395 591.618 420.568 356.48 498.764 687.184 586.985 505.342 881.976 773.322 576.039 614.542 951.95 788.525
-9999 -9999 -9999 -9999 -9999 -9999 -9999 -9999 -9999 -9999 -9999 -9999 -9999 -9999 -9999 -9999 -9999 1123.45 687.81 429.035 385.281 908.066 578.029 617.728 348.007 347.579 635.119 396.827 298.308 591.885 1498.65 666.507 456.239 1032.97 1517.37 460.131 437.36 648.422 449.378 872.193 777.246 821.999 469.568 713.39 407.282 786.273 1079.4 1025.87 413.854 601.535 637.598 688.172 757.084 1366.63 992.903 875.21 1334.31 1068.74 720.28 761.417 1256.44 695.878 654.898 720.353 752.024 248.36 493.693 396.525 345.848 766.929 504.812 506.51 561.995 472.364 543.101
-9999 -9999 -9999 -9999 -9999 -9999 -9999 -9999 -9999 -9999 -9999 -9999 -9999 -9999 -9999 -9999 -9999 826.247 704.701 350.125 877.421 1521.52 381.609 350.006 409.197 452.602 448.376 379.783 398.255 425.88 556.277 746.907 382.468 842.565 744.535 587.846 953.975 639.038 678.129 827.473 401.532 609.785 1189.25 804.777 581.099 1038.01 567.774 1127.7 638.248 677.959 640.43 1492.24 1890.7 2042.35 1913.37 860.794 868.518 1531.22 920.288 595.89 1774.4 877.744 610.415 429.783 706.447 295.777 201.628 413.643 246.088 582.034 906.821 477.062 1125.25 571.498 369.621
-9999 -9999 -9999 -9999 -9999 -9999 -9999 -9999 -9999 -9999 -9999 -9999 -9999 -9999 -9999 -9999 -9999 1486.78 690.881 1069.22 1053.5 1394.55 1126.89 512.917 347.811 328.297 373.353 446.737 396.746 515.498 536.773 659.79 478.001 437.697 519.665 664.769 407.635 1150.13 512.097 643.453 812.195 697.787 873.8 971.92 667.681 803.032 513.7 799.05 1057.96 2427.7 1399.81 944.318 2241.39 3545.09 1948.7 1090.28 1135.91 855.116 1082.42 555.279 1129.91 2073.25 1532.86 934.195 643.711 532.759 330.792 620.342 630.004 909.667 832.284 359.504 1261.77 1669.16 673.691
-9999 -9999 -9999 -9999 -9999 -9999 -9999 -9999 -9999 -9999 -9999 -9999 -9999 -9999 -9999 -9999 -9999 1490.28 259.614 298.07 258.602 496.02 1312.23 645.341 361.703 309.106 423.072 504.005 628.101 488.818 405.257 552.959 421.016 301.067 473.717 566.196 986.574 506.263 586.299 720.466 1401.01 1565.93 566.437 525.543 708.374 404.306 367.091 535.054 1783.67 2810.85 1160.09 688.31 1778.14 3653.21 2135.69 659.36 750.657 971.102 1535.51 1855.3 851.9 777.305 742.654 595.732 1112.89 694 328.39 448.489 545.924 793.384 451.553 1004.54 892.768 2200.86 1883.14
-9999 -9999 -9999 -9999 -9999 -9999 -9999 -9999 -9999 -9999 -9999 -9999 -9999 -9999 -9999 -9999 -9999 -9999 -9999 -9999 -9999 153.378 390.393 455.469 543.994 549.703 532.747 575.281 590.98 326.363 533.617 715.257 679.098 476.633 454.312 542.808 817.694 424.711 658.117 979.149 607.866 1859.24 1459.89 544.887 582.038 505.466 283.422 782.289 1834.78 1784.16 552.274 1285.25 1486.4 3445.71 2959.98 747.962 1107.55 1186.75 634.6 1324.28 1648.62 1601.89 1693.9 1534.64 625.164 630.011 378.013 541.946 443.039 755.915 1088.39 904.464 2128.41 3065.15 1741.08
-9999 -9999 -9999 -9999 -9999 -9999 -9999 -9999 -9999 -9999 -9999 -9999 -9999 -9999 -9999 -9999 -9999 -9999 -9999 -9999 -9999 148.284 75.0214 464.08 420.732 614.581 455.021 485.235 675.971 506.677 569.465 462.389 540.652 578.694 1192.15 349.004 404.927 577.901 810.088 685.483 1036.22 796.704 1822.04 656.055 645.62 371.844 306.687 689.157 850.225 900.425 350.494 535.879 1403.57 3608.63 3629.65 1242.66 1133.2 2138.85 1062.43 490.826 599.004 921.825 1579.3 2428.22 2185.43 1311.92 454.596 543.523 469.468 310.598 769.727 315.572 1040.73 2349.01 1221.77
-9999 -9999 -9999 -9999 -9999 -9999 -9999 -9999 -9999 -9999 -9999 -9999 -9999 -9999 -9999 -9999 -9999 -9999 -9999 -9999 -9999 -9999 64.7839 307.038 493.67 481.371 454.65 750.834 892.444 417.172 355.138 366.322 496.691 771.495 373.424 803.816 824.786 673.646 766.821 619.228 551.218 438.541 736.975 1220.46 456.731 488.796 775.887 342.633 749.127 513.213 662.984 1120.78 954.884 2785.15 3916.29 2125.98 658.521 1552.29 692.465 573.861 928.779 301.088 517.031 1161.34 3064.99 3046.49 1114.76 777.99 496.231 392.562 517.104 738.192 317.691 918.165 741.136
-9999 -9999 -9999 -9999 -9999 -9999 -9999 -9999 -9999 -9999 -9999 -9999 -9999 -9999 -9999 -9999 -9999 -9999 -9999 -9999 -9999 -9999 118.748 683.752 513.189 560.917 945.475 781.425 356.066 427.175 340.745 388.255 665.154 909.247 508.653 887.174 1052.57 627.033 518.387 685.903 527.318 732.245 760.275 865.76 647.088 558.615 1387.72 345.384 1001.21 1064.45 797.787 1685.54 780.519 1284.97 2734.28 2125.57 560.313 757.402 670.904 515.437 434.995 311.257 590.002 496.079 2071.91 3048.7 1444.74 533.678 585.583 386.562 621.383 1725.71 642.243 653.843 618.278
-9999 -9999 -9999 -9999 -9999 -9999 -9999 -9999 -9999 -9999 -9999 -9999 -9999 -9999 -9999 -9999 -9999 -9999 -9999 -9999 -9999 -9999 87.7503 673.921 445.012 592.14 350.286 388.081 485.472 468.682 566.701 603.028 1389.59 638.638 410.357 1016.02 454.618 1024.31 942.427 323.358 287.686 489.93 606.203 888.994 649.869 499.687 832.097 451.177 1004.57 2040.27 1131.61 507.539 605.198 401.379 1400.27 895.199 551.259 496.284 501.368 516.632 848.674 397.169 1569.63 780.654 1601.99 2078.26 712.617 876.474 1403.97 382.33 595.583 1547.93 425.617 819.895 1056.73
-9999 -9999 -9999 -9999 -9999 -9999 -9999 -9999 -9999 -9999 -9999 -9999 -9999 -9999 -9999 -9999 -9999 -9999 -9999 -9999 -9999 241.421 303.448 525.72 503.987 513.955 545.472 639.305 397.349 572.845 473.499 336.714 542.507 527.991 580.598 1281.58 1002.82 605.032 534.51 696.588 301.232 290.841 246.736 572.078 585.299 779.357 581.828 531.339 494.06 2391.77 2972.96 1125.36 335.03 357.34 552.976 587.025 535.281 826 398.303 408.504 708.787 364.764 1203.8 1007.04 1752.56 1833.21 1057.7 966.346 742.95 349.688 926.754 1092.66 611.031 562.211 962.654
-9999 -9999 -9999 -9999 -9999 -9999 -9999 -9999 -9999 -9999 -9999 -9999 -9999 -9999 -9999 -9999 -9999 -9999 -9999 -9999 1207.69 541.256 515.351 411.384 364.239 563.265 782.147 1612.39 469.112 317.92 486.262 891.011 790.752 393.783 586.984 354.943 437.613 334.406 401.189 411.995 169.743 380.322 679.358 613.617 477.615 1034.88 575.794 1874.67 741.396 1717.13 3240.01 1507.6 586.274 414.441 360.061 614.24 1955.38 1381.54 619.883 412.77 421.732 779.863 996.423 1734.59 1610.66 3189.12 438.02 67.5103 446.177 543.234 459.574 789.255 760.479 675.276 121.787
