public/models/data/input/map/sulsel/2500/maphdi.asc
NCOLS 199
NROWS 249
XLLCORNER -95260.364462
YLLCORNER 9791291.912663
CELLSIZE 2500.000000
NODATA_VALUE       -9999
[rows 108 to 143 of 249, columns 80 to 159 of 199]
-9999 -9999 -9999 -9999 -9999 -9999 68 68 68 68 68 68 68 68.0342 68.9314 69 69 69 69 69 69 69 69 69 69 69 69 69 68.0702 67.0506 67 67 67 67 67 67 67 67 67 67 67 67 67 -9999 -9999 -9999 -9999 -9999 -9999 -9999 -9999 -9999 -9999 -9999 -9999 -9999 -9999 -9999 -9999 -9999 -9999 -9999 -9999 -9999 -9999 -9999 -9999 -9999 -9999 -9999 -9999 -9999 -9999 -9999 -9999 -9999 -9999 -9999 -9999 -9999
-9999 -9999 -9999 -9999 -9999 -9999 68 68 68 68 68 68 68 68.1248 68.9616 69 69 69 69 69 69 69 69 69 69 69 69 69 68.8622 67.2706 67 67 67 67 67 67 67 67 67 67 67 67 67 -9999 -9999 -9999 -9999 -9999 -9999 -9999 -9999 -9999 -9999 -9999 -9999 -9999 -9999 -9999 -9999 -9999 -9999 -9999 -9999 -9999 -9999 -9999 -9999 -9999 -9999 -9999 -9999 -9999 -9999 -9999 -9999 -9999 -9999 -9999 -9999 -9999
-9999 -9999 -9999 -9999 -9999 -9999 68 68 68 68 68 68 68 68.14 68.9667 69 69 69 69 69 69 69 69 69 69 69 68.9808 68.7448 68.591 67.2146 67 67 67 67 67 67 67 67 67 67 67 67 -9999 -9999 -9999 -9999 -9999 -9999 -9999 -9999 -9999 -9999 -9999 -9999 -9999 -9999 -9999 -9999 -9999 -9999 -9999 -9999 -9999 -9999 -9999 -9999 -9999 -9999 -9999 -9999 -9999 -9999 -9999 -9999 -9999 -9999 -9999 -9999 -9999 -9999
-9999 -9999 -9999 -9999 -9999 -9999 68 68 68 68 68 68 68 68.0431 68.9312 69 69 69 69 69 69 69 69 69 69 69 68.9808 67.6904 67.1422 67.0018 67 67 67 67 67 67 67 67 67 67 67 67 -9999 -9999 -9999 -9999 -9999 -9999 -9999 -9999 -9999 -9999 -9999 -9999 -9999 -9999 -9999 -9999 -9999 -9999 -9999 -9999 -9999 -9999 -9999 -9999 -9999 -9999 -9999 -9999 -9999 -9999 -9999 -9999 -9999 -9999 -9999 -9999 -9999 -9999
-9999 -9999 -9999 -9999 -9999 -9999 68 68 68 68 68 68 68 68.0379 68.9278 69 69 69 69 69 69 69 69 69 69 69 69 68.3988 67 67 67 67 67 67 67 67 67 67 67 67 67 67 -9999 -9999 -9999 -9999 -9999 -9999 -9999 -9999 -9999 -9999 -9999 -9999 -9999 -9999 -9999 -9999 -9999 -9999 -9999 -9999 -9999 -9999 -9999 -9999 -9999 -9999 -9999 -9999 -9999 -9999 -9999 -9999 -9999 -9999 -9999 -9999 -9999 -9999
-9999 -9999 -9999 -9999 -9999 -9999 68 68 68 68 68 68 68 68.0592 68.937 69 69 69 69 69 69 69 69 69 69 69 69 68.1076 67 67 67 67 67 67 67 67 67 67 67 67 67 67 67 67 -9999 -9999 -9999 -9999 -9999 -9999 -9999 -9999 -9999 -9999 -9999 -9999 -9999 -9999 -9999 -9999 -9999 -9999 -9999 -9999 -9999 -9999 -9999 -9999 -9999 -9999 -9999 -9999 -9999 -9999 -9999 -9999 -9999 -9999 -9999 -9999
-9999 -9999 -9999 -9999 -9999 68 68 68 68 68 68 68 68 68 68.7242 68.9824 69 69 69 69 69 69 69 69 69 69 69 68.0992 67 67 67 67 67 67 67 67 67 67 67 67 67 67 67 67 -9999 -9999 -9999 -9999 -9999 -9999 -9999 -9999 -9999 -9999 -9999 -9999 -9999 -9999 -9999 -9999 -9999 -9999 -9999 -9999 -9999 -9999 -9999 -9999 -9999 -9999 -9999 -9999 -9999 -9999 -9999 -9999 -9999 -9999 -9999 -9999
-9999 -9999 -9999 -9999 -9999 68 68 68 68 68 68 68 68 68 68.0554 68.62 69 69 69 69 68.9744 69 69 69 69 69 68.8538 67.5422 67 67 67 67 67 67 67 67 67 67 67 67 67 67 67 67 -9999 -9999 -9999 -9999 -9999 -9999 -9999 -9999 -9999 -9999 -9999 -9999 -9999 -9999 -9999 -9999 -9999 -9999 -9999 -9999 -9999 -9999 -9999 -9999 -9999 -9999 -9999 -9999 -9999 -9999 -9999 -9999 -9999 -9999 -9999 -9999
-9999 -9999 -9999 -9999 -9999 -9999 68 68 68 68 68 68 68 68 68 68.12 68.577 68.3836 68.5272 68.2928 67.4872 68.092 68.6184 68.6776 68.0316 67.858 67.4978 67.0126 67 67 67 67 67 67 67 67 67 67 67 67 67 67 67 -9999 67 67 67 -9999 -9999 -9999 -9999 -9999 -9999 -9999 -9999 -9999 -9999 -9999 -9999 -9999 -9999 -9999 -9999 -9999 -9999 -9999 -9999 -9999 -9999 -9999 -9999 -9999 -9999 -9999 -9999 -9999 -9999 -9999 -9999 -9999
-9999 -9999 -9999 -9999 -9999 -9999 67.9079 67.9633 68 68 68 68 68 68 68 68 67.3638 67 67.0348 67.0036 67 67 67.0328 67.084 67.0144 67 67 67 67 67 67 67 67 67 67 67 67 67 67 67 67 67 67 -9999 67 67 67 -9999 -9999 -9999 -9999 -9999 -9999 -9999 -9999 -9999 -9999 -9999 -9999 -9999 -9999 -9999 -9999 -9999 -9999 -9999 -9999 -9999 -9999 -9999 -9999 -9999 -9999 -9999 -9999 -9999 -9999 -9999 -9999 -9999
-9999 -9999 -9999 67 -9999 -9999 67.0452 67.1334 67.87 68 68 68 68 68 68 67.9936 67.046 67 67 67 67 67 67 67 67 67 67 67 67 67 67 67 67 67 67 67 67 67 67 67 67 67 67 -9999 -9999 -9999 -9999 -9999 -9999 -9999 -9999 -9999 -9999 -9999 -9999 -9999 -9999 -9999 -9999 -9999 -9999 -9999 -9999 -9999 -9999 -9999 -9999 -9999 -9999 -9999 -9999 -9999 -9999 -9999 -9999 -9999 -9999 -9999 -9999 -9999
-9999 -9999 -9999 -9999 -9999 67 67 67 67.4712 67.998 68 68 68 68 68 67.8784 67.0144 67 67 67 67 67 67 67 67 67 67 67 67 67 67 67 67 67 67 67 67 67 67 67 67 67 67 67 -9999 -9999 67 67 -9999 -9999 -9999 -9999 -9999 -9999 -9999 -9999 -9999 -9999 -9999 -9999 -9999 -9999 -9999 -9999 -9999 -9999 -9999 -9999 -9999 -9999 -9999 -9999 -9999 -9999 -9999 -9999 -9999 -9999 -9999 -9999
-9999 -9999 -9999 -9999 67 67 67 67 67.2246 67.9504 68 68 68 68 67.654 67.1266 67 67 67 67 67 67 67 67 67 67 67 67 67 67 67 67 67 67 67 67 67 67 67 67 67 67 67 67 67 -9999 -9999 -9999 -9999 -9999 -9999 -9999 -9999 -9999 -9999 -9999 -9999 -9999 -9999 -9999 -9999 -9999 -9999 -9999 -9999 -9999 -9999 -9999 -9999 -9999 -9999 -9999 -9999 -9999 -9999 -9999 -9999 -9999 -9999 -9999
-9999 -9999 -9999 -9999 67 67 67 67 67.0538 67.7688 68 68 68 67.9928 67.1454 67 67 67 67 67 67 67 67 67 67 67 67 67 67 67 67 67 67 67 67 67 67 67 67 67 67 67 67 67 67 67 67 -9999 -9999 -9999 -9999 -9999 -9999 -9999 -9999 -9999 -9999 -9999 -9999 -9999 -9999 -9999 -9999 -9999 -9999 -9999 -9999 -9999 -9999 -9999 -9999 -9999 -9999 -9999 -9999 -9999 -9999 -9999 -9999 -9999
-9999 -9999 67 67 67 67 67 67 67 67.1798 67.9736 68 68 68 67.2182 67 67 67 67 67 67 67 67 67 67 67 67 67 67 67 67 67 67 67 67 67 67 67 67 67 67 67 67 67 67 67 67 -9999 -9999 -9999 -9999 -9999 -9999 -9999 -9999 -9999 -9999 -9999 -9999 -9999 -9999 -9999 -9999 -9999 -9999 -9999 -9999 -9999 -9999 -9999 -9999 -9999 -9999 -9999 -9999 -9999 -9999 -9999 -9999 -9999
-9999 67 -9999 67 67 67 67 67 67 67.3246 67.9988 68 68 68 67.504 67.1942 67.0016 67 67 67 67 67 67 67 67 67 67 67 67 67 67 67 67 67 67 67 67 67 67 67 67 67 67 67 67 -9999 -9999 -9999 -9999 -9999 -9999 -9999 -9999 -9999 -9999 -9999 -9999 -9999 -9999 -9999 -9999 -9999 -9999 -9999 -9999 -9999 -9999 -9999 -9999 -9999 -9999 -9999 -9999 -9999 -9999 -9999 -9999 -9999 -9999 -9999
67 67 67 67 67 67 67 67 67 67.2625 67.9672 67.9911 68 68 68 67.9728 67.5511 67.0276 67 67.0101 67.0045 67 67 67 67 67 67 67 67 67 67 67 67 67 67 67 67 67 67 67 67 67 67 67 -9999 -9999 -9999 -9999 -9999 -9999 -9999 -9999 -9999 -9999 -9999 -9999 -9999 -9999 -9999 -9999 -9999 -9999 -9999 -9999 -9999 -9999 -9999 -9999 -9999 -9999 -9999 -9999 -9999 -9999 -9999 -9999 -9999 -9999 -9999 -9999
67 67 67 67 67 67 67 67 67 67.0751 67.2128 67.8117 68 68 68 68 67.9017 67.1266 67.0089 67.4275 67.4725 67.0882 67 67 67 67 67 67 67 67 67 67 67 67 67 67 67 67 67 67 67 67 67 67 -9999 -9999 -9999 -9999 -9999 -9999 -9999 -9999 -9999 -9999 -9999 -9999 -9999 -9999 -9999 -9999 -9999 -9999 -9999 -9999 -9999 -9999 -9999 -9999 -9999 -9999 -9999 -9999 -9999 -9999 -9999 -9999 -9999 -9999 -9999 -9999
67 67 67 67 67 67 67 67 67 67 67.0227 67.7525 68 68 67.8744 67.7592 67.6909 67.4809 67.8923 67.9777 67.9982 67.7486 67.1639 67.0113 67 67 67 67 67 67 67 67 67 67 67 67 67 67 67 67 67 67 67 67 -9999 -9999 -9999 -9999 -9999 -9999 -9999 -9999 -9999 -9999 -9999 -9999 -9999 -9999 -9999 -9999 -9999 -9999 -9999 -9999 -9999 -9999 -9999 -9999 -9999 -9999 -9999 -9999 -9999 -9999 -9999 -9999 -9999 -9999 -9999 -9999
67 67 67 67 67 67 67 67 67 67 67.077 67.8506 68 67.9892 67.3126 67.0534 67.3892 67.9794 68 68 68 68 67.9051 67.4333 67 67 67 67 67 67 67 67 67 67 67 67 67 67 67 67 67 67 67 -9999 -9999 -9999 -9999 -9999 -9999 -9999 -9999 -9999 -9999 -9999 -9999 -9999 -9999 -9999 -9999 -9999 -9999 -9999 -9999 -9999 -9999 -9999 -9999 -9999 -9999 -9999 -9999 -9999 -9999 -9999 -9999 -9999 -9999 -9999 -9999 -9999
-9999 -9999 67 67 67 67 67 67 67 67 67 67.1056 67.233 67.455 67.052 67 67.448 68 68 68 68 68 67.7548 67.16 67 67 67 67 67 67 67 67 67 67 67 67 67 67 67 67 67 67 67 -9999 -9999 -9999 67 -9999 -9999 -9999 -9999 -9999 -9999 -9999 -9999 -9999 -9999 -9999 -9999 -9999 -9999 -9999 -9999 -9999 -9999 -9999 -9999 -9999 -9999 -9999 -9999 -9999 -9999 -9999 -9999 -9999 -9999 -9999 -9999 -9999
-9999 67 67 67 67 67 67 67 67 67 67 67 67.0004 67.0004 67 67 67.534 68 68 68 68 68 67.5164 67 67 67 67 67 67 67 67 67 67 67 67 67 67 67 67 67 67 67 67 -9999 -9999 -9999 -9999 -9999 -9999 -9999 -9999 -9999 -9999 -9999 -9999 -9999 -9999 -9999 -9999 -9999 -9999 -9999 -9999 -9999 -9999 -9999 -9999 -9999 -9999 -9999 -9999 -9999 -9999 -9999 -9999 -9999 -9999 -9999 -9999 -9999
-9999 -9999 67 67 67 67 67 67 67 67 67 67 67 67 67 67 67.6702 68 68 68 68 67.9163 67.1929 67 67 67 67 67 67 67 67 67 67 67 67 67 67 67 67 67 67 67 67 -9999 -9999 -9999 -9999 -9999 -9999 -9999 -9999 -9999 -9999 -9999 -9999 -9999 -9999 -9999 -9999 -9999 -9999 -9999 -9999 -9999 -9999 -9999 -9999 -9999 -9999 -9999 -9999 -9999 -9999 -9999 -9999 -9999 -9999 -9999 -9999 -9999
-9999 -9999 67 67 67 67 67 67 67 67 67 67 67 67 67 67.0176 67.9262 68 68 68 67.9974 67.5829 67.0113 67 67 67 67 67 67 67 67 67 67 67 67 67 67 67 67 67 -9999 -9999 -9999 -9999 -9999 -9999 67 -9999 -9999 -9999 -9999 -9999 -9999 -9999 -9999 -9999 -9999 -9999 -9999 -9999 -9999 -9999 -9999 -9999 -9999 -9999 -9999 -9999 -9999 -9999 -9999 -9999 -9999 -9999 -9999 -9999 -9999 -9999 -9999 -9999
-9999 -9999 -9999 67.5596 67.2148 67.1466 67.0436 67.2304 67.0543 67.0023 67 67 67 67 67 67 67.752 68 68 68 67.9994 67.861 67.0462 67 67 67 67 67 67 67 67 67 67 67 67 67 67 67 67 67 -9999 -9999 -9999 -9999 -9999 -9999 -9999 -9999 -9999 -9999 -9999 -9999 -9999 -9999 -9999 -9999 -9999 -9999 -9999 -9999 -9999 -9999 -9999 -9999 -9999 -9999 -9999 -9999 -9999 -9999 -9999 -9999 -9999 -9999 -9999 -9999 -9999 -9999 -9999 -9999
-9999 -9999 -9999 67.9985 67.9956 67.925 67.7314 67.9326 67.7358 67.112 67 67 67 67 67 67 67.7664 68 68 68 67.804 67.2158 67 67 67 67 67 67 67 67 67 67 67 67 67 67 67 67 67 67 -9999 67 67 -9999 -9999 -9999 -9999 -9999 -9999 -9999 -9999 -9999 -9999 -9999 -9999 -9999 -9999 -9999 -9999 -9999 -9999 -9999 -9999 -9999 -9999 -9999 -9999 -9999 -9999 -9999 -9999 -9999 -9999 -9999 -9999 -9999 -9999 -9999 -9999 -9999
-9999 -9999 68 68 68 68 68 68 67.9957 67.8914 67.1949 67.0441 67.1687 67.4008 67.1836 67.5005 67.924 68 68 67.9992 67.3878 67 67 67 67 67 67 67 67 67 67 67 67 67 67 67 67 67 67 67 -9999 67 -9999 -9999 -9999 -9999 -9999 -9999 -9999 -9999 -9999 -9999 -9999 -9999 -9999 -9999 -9999 -9999 -9999 -9999 -9999 -9999 -9999 -9999 -9999 -9999 -9999 -9999 -9999 -9999 -9999 -9999 -9999 -9999 -9999 -9999 -9999 -9999 -9999 -9999
-9999 -9999 68 68 68 68 68 68 68 67.9997 67.7507 67.7711 67.9223 67.9966 67.936 67.9811 68 68 68 67.936 67.1386 67 67 67 67 67 67 67 67 67 67 67 67 67 67 67 67 67 67 67 67 67 -9999 -9999 -9999 -9999 -9999 -9999 -9999 -9999 -9999 -9999 -9999 -9999 -9999 -9999 -9999 -9999 -9999 -9999 -9999 -9999 -9999 -9999 -9999 -9999 -9999 -9999 -9999 -9999 -9999 -9999 -9999 -9999 -9999 -9999 -9999 -9999 -9999 -9999
-9999 68 68 68 68 68 68 68 68 68 68 68 68 68 68 68 68 68 68 67.9147 67.0747 67 67 67 67 67 67 67 67 67 67 67 67 67 67 67 67 67 67 -9999 -9999 -9999 -9999 -9999 67 67 67 -9999 -9999 -9999 -9999 -9999 -9999 -9999 -9999 -9999 -9999 -9999 -9999 -9999 -9999 -9999 -9999 -9999 -9999 -9999 -9999 -9999 -9999 -9999 -9999 -9999 -9999 -9999 -9999 -9999 -9999 -9999 -9999 -9999
-9999 68 68 68 68 68 68 68 68 68 68 68 68 68 68 68 68 68 68 67.8157 67.0197 67 67 67 67 67 67 67 67 67 67 67 67 67 67 67 67 67 67 -9999 -9999 -9999 -9999 67 67 67 67 -9999 -9999 -9999 -9999 -9999 -9999 -9999 -9999 -9999 -9999 -9999 -9999 -9999 -9999 -9999 -9999 -9999 -9999 -9999 -9999 -9999 -9999 -9999 -9999 -9999 -9999 -9999 -9999 -9999 -9999 -9999 -9999 -9999
68 68 68 68 68 68 68 68 68 68 68 68 68 68 68 68 68 68 67.9407 67.2787 67 67 67 67 67 67 67 67 67 67 67 67 67 67 67 67 67 67 67 -9999 -9999 -9999 67 67 67 67 67 -9999 -9999 -9999 -9999 -9999 -9999 -9999 -9999 -9999 -9999 -9999 -9999 -9999 -9999 -9999 -9999 -9999 -9999 -9999 -9999 -9999 -9999 -9999 -9999 -9999 -9999 -9999 -9999 -9999 -9999 -9999 -9999 -9999
68 68 68 68 68 68 68 68 68 68 68 68 68 68 68 68 68 67.9962 67.3935 67.0117 67 67 67 67 67 67 67 67 67 67 67 67 67 67 67 67 67 67 67 67 67 67 67 67 67 -9999 67 -9999 -9999 -9999 -9999 -9999 -9999 -9999 -9999 -9999 -9999 -9999 -9999 -9999 -9999 -9999 -9999 -9999 -9999 -9999 -9999 -9999 -9999 -9999 -9999 -9999 -9999 -9999 -9999 -9999 -9999 -9999 -9999 -9999
77 75.8754 72.6656 72.1868 69.2375 68.0117 68 68 68 68 68 68 68 68 68 68 68 67.9986 67.4643 67.0027 67 67 67 67 67 67 67 67 67 67 67 67 67 67 67 67 67 67 67 67 67 67 67 67 67 67 -9999 -9999 -9999 -9999 -9999 -9999 -9999 -9999 -9999 -9999 -9999 -9999 -9999 -9999 -9999 -9999 -9999 -9999 -9999 -9999 -9999 -9999 -9999 -9999 -9999 -9999 -9999 -9999 -9999 -9999 -9999 -9999 -9999 -9999
77 77 77 77 74.5673 68.5571 68 68 68 68 68 68 68 68 68 68 68 68 67.8455 67.3901 67.0356 67 67 67 67 67 67 67 67 67 67 67 67 67 67 67 67 67 67 -9999 67 67 67 67 67 67 67 -9999 -9999 -9999 -9999 -9999 -9999 -9999 -9999 -9999 -9999 -9999 -9999 -9999 -9999 -9999 -9999 -9999 -9999 -9999 -9999 -9999 -9999 -9999 -9999 -9999 -9999 -9999 -9999 -9999 -9999 -9999 -9999 -9999
77 77 77 77 74.291 68.036 68 68 68 68 68 68 68 68 68 68 68 68 68 67.9964 67.6037 67.0695 67.01 67 67 67 67 67 67 67 67 67 67 67 67 67 67 67 67 -9999 67 67 67 67 67 67 67 -9999 -9999 -9999 -9999 -9999 -9999 -9999 -9999 -9999 -9999 -9999 -9999 -9999 -9999 -9999 -9999 -9999 -9999 -9999 -9999 -9999 -9999 -9999 -9999 -9999 -9999 -9999 -9999 -9999 -9999 -9999 -9999 -9999
77 77 77 76.5752 70.1906 68 68 68 68 68 68 68 68 68 68 68 68 68 68 68 67.9911 67.7356 67.6438 67.3546 67 67 67 67 67 67 67 67 67 67 67 67 67 67 -9999 -9999 -9999 67 67 67 67 67 67 -9999 -9999 -9999 -9999 -9999 -9999 -9999 -9999 -9999 -9999 -9999 -9999 -9999 -9999 -9999 -9999 -9999 -9999 -9999 -9999 -9999 -9999 -9999 -9999 -9999 -9999 -9999 -9999 -9999 -9999 -9999 -9999 -9999
