public/models/data/input/map/sulsel/2500/mappop.asc
NCOLS 199
NROWS 249
XLLCORNER -95260.364462
YLLCORNER 9791291.912663
CELLSIZE 2500.000000
NODATA_VALUE       -9999
[rows 128 to 159 of 249, columns 72 to 143 of 199]
-9999 129095 129095 129095 -9999 -9999 -9999 129095 -9999 -9999 129095 129095 129095 129095 129095 129095 129095 129095 129095 141483 156428 309592 1.06157e+006 1.13073e+006 824076 436066 436066 436066 436066 436066 622954 1.0763e+006 1.19825e+006 1.19825e+006 1.19825e+006 1.19825e+006 1.19825e+006 1.19825e+006 1.19825e+006 1.19825e+006 1.19825e+006 1.19825e+006 1.19825e+006 1.19825e+006 1.19825e+006 1.19825e+006 1.19825e+006 1.19825e+006 1.19825e+006 1.19825e+006 1.19825e+006 -9999 -9999 -9999 1.19825e+006 -9999 -9999 -9999 -9999 -9999 -9999 -9999 -9999 -9999 -9999 -9999 -9999 -9999 -9999 -9999 -9999 -9999
-9999 -9999 -9999 129095 129095 -9999 129095 129095 -9999 129095 129095 129095 129095 129095 129095 129095 129095 129095 129095 129095 129142 139727 473096 364042 365079 436066 436066 436066 436066 436066 804659 1.19825e+006 1.19825e+006 1.19825e+006 1.19825e+006 1.19825e+006 1.19825e+006 1.19825e+006 1.19825e+006 1.19825e+006 1.19825e+006 1.19825e+006 1.19825e+006 1.19825e+006 1.19825e+006 1.19825e+006 1.19825e+006 1.19825e+006 1.19825e+006 1.19825e+006 1.19825e+006 -9999 -9999 -9999 -9999 -9999 -9999 -9999 -9999 -9999 -9999 -9999 -9999 -9999 -9999 -9999 -9999 -9999 -9999 -9999 -9999 -9999
-9999 -9999 -9999 129095 129095 -9999 129095 -9999 -9999 -9999 129095 129095 129095 129095 129095 129095 129095 129095 129095 129095 129095 129095 129095 129095 334827 436066 436066 436066 436066 499899 1.05119e+006 1.19825e+006 1.19825e+006 1.19825e+006 1.19825e+006 1.19825e+006 1.19825e+006 1.19825e+006 1.19825e+006 1.19825e+006 1.19825e+006 1.19825e+006 1.19825e+006 1.19825e+006 1.19825e+006 1.19825e+006 1.19825e+006 1.19825e+006 1.19825e+006 1.19825e+006 1.19825e+006 -9999 -9999 -9999 -9999 -9999 -9999 -9999 -9999 -9999 -9999 -9999 -9999 -9999 -9999 -9999 -9999 -9999 -9999 -9999 -9999 -9999
-9999 -9999 -9999 129095 -9999 129095 129095 -9999 -9999 -9999 129095 129095 129095 129095 129095 129095 129095 129095 129095 129095 129095 129095 129095 134498 413412 436066 436066 436066 438048 753935 1.18968e+006 1.19825e+006 1.19825e+006 1.19825e+006 1.19825e+006 1.19825e+006 1.19825e+006 1.19825e+006 1.19825e+006 1.19825e+006 1.19825e+006 1.19825e+006 1.19825e+006 1.19825e+006 1.19825e+006 1.19825e+006 1.19825e+006 1.19825e+006 -9999 -9999 -9999 -9999 -9999 -9999 1.19825e+006 -9999 -9999 -9999 -9999 -9999 -9999 -9999 -9999 -9999 -9999 -9999 -9999 -9999 -9999 -9999 -9999 -9999
129095 -9999 -9999 129095 129095 -9999 -9999 -9999 -9999 -9999 -9999 300865 195032 174097 142494 199806 145771 129793 129095 129095 129095 129095 129095 129095 359937 436066 436066 436066 436504 542029 1.16304e+006 1.19825e+006 1.19825e+006 1.19825e+006 1.19825e+006 1.19825e+006 1.19825e+006 1.19825e+006 1.19825e+006 1.19825e+006 1.19825e+006 1.19825e+006 1.19825e+006 1.19825e+006 1.19825e+006 1.19825e+006 1.19825e+006 1.19825e+006 -9999 -9999 -9999 -9999 -9999 -9999 -9999 -9999 -9999 -9999 -9999 -9999 -9999 -9999 -9999 -9999 -9999 -9999 -9999 -9999 -9999 -9999 -9999 -9999
-9999 -9999 -9999 129095 129095 -9999 129095 129095 -9999 -9999 -9999 435606 434715 413043 353598 415392 354972 163468 129095 129095 129095 129095 129095 129095 364358 436066 436066 436066 585473 1.03375e+006 1.19825e+006 1.19825e+006 1.19825e+006 1.19825e+006 1.19825e+006 1.19825e+006 1.19825e+006 1.19825e+006 1.19825e+006 1.19825e+006 1.19825e+006 1.19825e+006 1.19825e+006 1.19825e+006 1.19825e+006 1.19825e+006 1.19825e+006 1.19825e+006 -9999 1.19825e+006 1.19825e+006 -9999 -9999 -9999 -9999 -9999 -9999 -9999 -9999 -9999 -9999 -9999 -9999 -9999 -9999 -9999 -9999 -9999 -9999 -9999 -9999 -9999
-9999 -9999 129095 129095 -9999 -9999 129095 129095 -9999 -9999 436066 436066 436066 436066 436066 436066 434731 402744 188924 142632 180881 252144 185470 282734 412736 436066 436066 436676 902676 1.19825e+006 1.19825e+006 1.19825e+006 1.19825e+006 1.19825e+006 1.19825e+006 1.19825e+006 1.19825e+006 1.19825e+006 1.19825e+006 1.19825e+006 1.19825e+006 1.19825e+006 1.19825e+006 1.19825e+006 1.19825e+006 1.19825e+006 1.19825e+006 1.19825e+006 -9999 1.19825e+006 -9999 -9999 -9999 -9999 -9999 -9999 -9999 -9999 -9999 -9999 -9999 -9999 -9999 -9999 -9999 -9999 -9999 -9999 -9999 -9999 -9999 -9999
-9999 -9999 -9999 129095 129095 129095 129095 129095 -9999 -9999 436066 436066 436066 436066 436066 436066 436066 435974 359538 365800 412214 435007 416405 430264 436066 436066 436066 484846 1.09261e+006 1.19825e+006 1.19825e+006 1.19825e+006 1.19825e+006 1.19825e+006 1.19825e+006 1.19825e+006 1.19825e+006 1.19825e+006 1.19825e+006 1.19825e+006 1.19825e+006 1.19825e+006 1.19825e+006 1.19825e+006 1.19825e+006 1.19825e+006 1.19825e+006 1.19825e+006 1.19825e+006 1.19825e+006 -9999 -9999 -9999 -9999 -9999 -9999 -9999 -9999 -9999 -9999 -9999 -9999 -9999 -9999 -9999 -9999 -9999 -9999 -9999 -9999 -9999 -9999
-9999 129095 129095 129095 -9999 -9999 -9999 -9999 -9999 436066 436066 436066 436066 436066 436066 436066 436066 436066 436066 436066 436066 436066 436066 436066 436066 436066 436066 501080 1.14132e+006 1.19825e+006 1.19825e+006 1.19825e+006 1.19825e+006 1.19825e+006 1.19825e+006 1.19825e+006 1.19825e+006 1.19825e+006 1.19825e+006 1.19825e+006 1.19825e+006 1.19825e+006 1.19825e+006 1.19825e+006 1.19825e+006 1.19825e+006 1.19825e+006 -9999 -9999 -9999 -9999 -9999 377471 377471 1.19825e+006 -9999 -9999 -9999 -9999 -9999 -9999 -9999 -9999 -9999 -9999 -9999 -9999 -9999 -9999 -9999 -9999 -9999
-9999 -9999 436066 436066 -9999 -9999 -9999 -9999 -9999 436066 436066 436066 436066 436066 436066 436066 436066 436066 436066 436066 436066 436066 436066 436066 436066 436066 436066 576537 1.18324e+006 1.19825e+006 1.19825e+006 1.19825e+006 1.19825e+006 1.19825e+006 1.19825e+006 1.19825e+006 1.19825e+006 1.19825e+006 1.19825e+006 1.19825e+006 1.19825e+006 1.19825e+006 1.19825e+006 1.19825e+006 1.19825e+006 1.19825e+006 1.19825e+006 -9999 -9999 -9999 -9999 377471 377471 377471 377471 -9999 -9999 -9999 -9999 -9999 -9999 -9999 -9999 -9999 -9999 -9999 -9999 -9999 -9999 -9999 -9999 -9999
436066 436066 436066 436066 -9999 -9999 436066 436066 436066 436066 436066 436066 436066 436066 436066 436066 436066 436066 436066 436066 436066 436066 436066 436066 436066 436066 481264 985830 1.19825e+006 1.19825e+006 1.19825e+006 1.19825e+006 1.19825e+006 1.19825e+006 1.19825e+006 1.19825e+006 1.19825e+006 1.19825e+006 1.19825e+006 1.19825e+006 1.19825e+006 1.19825e+006 1.19825e+006 1.19825e+006 1.19825e+006 1.19825e+006 1.19825e+006 -9999 -9999 -9999 377471 377471 377471 377471 377471 -9999 -9999 -9999 -9999 -9999 -9999 -9999 -9999 -9999 -9999 -9999 -9999 -9999 -9999 -9999 -9999 -9999
436066 436066 436066 436066 436066 -9999 436066 436066 436066 436066 436066 436066 436066 436066 436066 436066 436066 436066 436066 436066 436066 436066 436066 436066 436066 438962 898331 1.18933e+006 1.19825e+006 1.19825e+006 1.19825e+006 1.19825e+006 1.19825e+006 1.19825e+006 1.19825e+006 1.19825e+006 1.19825e+006 1.19727e+006 985997 1.11404e+006 1.19825e+006 1.19825e+006 1.19825e+006 1.19825e+006 1.19825e+006 1.19825e+006 1.19825e+006 377471 377471 377471 377471 377471 377471 -9999 377471 -9999 -9999 -9999 -9999 -9999 -9999 -9999 -9999 -9999 -9999 -9999 -9999 -9999 -9999 -9999 -9999 -9999
436066 436066 396568 426662 436066 -9999 370236 425672 370236 378462 401940 405442 427014 435980 436066 436066 436066 436066 436066 436066 436066 436066 436066 436066 436066 437133 844369 1.19619e+006 1.19825e+006 1.19825e+006 1.19825e+006 1.19825e+006 1.19825e+006 1.19825e+006 1.19825e+006 1.19825e+006 1.13111e+006 897353 428359 493037 918365 1.02474e+006 1.19825e+006 1.19562e+006 1.19825e+006 1.19825e+006 1.06145e+006 377471 377471 377471 377471 377471 377471 377471 -9999 -9999 -9999 -9999 -9999 -9999 -9999 -9999 -9999 -9999 -9999 -9999 -9999 -9999 -9999 -9999 -9999 -9999
-9999 -9999 370236 370236 -9999 -9999 370236 370236 370236 370236 370236 370236 388030 431991 436066 436066 436066 436066 436066 436066 436066 436066 436066 436066 436066 436066 542793 824338 1.16314e+006 1.19825e+006 1.19825e+006 1.19825e+006 1.19825e+006 1.19825e+006 1.19825e+006 1.18151e+006 652596 377471 377471 377471 383381 533173 996914 804605 1.10846e+006 1.19185e+006 1.19825e+006 -9999 377471 377471 377471 377471 377471 377471 377471 -9999 -9999 -9999 -9999 -9999 -9999 -9999 -9999 -9999 -9999 -9999 -9999 -9999 -9999 -9999 -9999 -9999
370236 370236 -9999 370236 370236 -9999 370236 370236 370236 370236 370236 370236 390051 435803 436066 436066 436066 436066 436066 436066 436066 436066 436066 436066 436066 436066 407055 241249 602823 1.12965e+006 1.18839e+006 1.19267e+006 1.15335e+006 1.14605e+006 1.15569e+006 950170 386007 377471 377471 377471 377471 377717 386253 377963 554924 609380 787861 -9999 377471 377471 377471 377471 377471 377471 377471 -9999 -9999 -9999 -9999 -9999 -9999 -9999 -9999 -9999 -9999 -9999 -9999 -9999 -9999 -9999 -9999 -9999
-9999 -9999 -9999 370236 370236 370236 370236 370236 370236 370236 370236 373343 420043 436066 436066 436066 436066 436066 436066 436066 436066 436066 436066 436066 436066 436066 410239 239626 220600 472621 563220 706978 559930 545895 545280 449741 377471 377471 377471 377471 377471 377471 377471 377471 377471 377471 -9999 -9999 -9999 377471 377471 377471 377471 377471 377471 -9999 -9999 -9999 -9999 -9999 -9999 -9999 -9999 -9999 -9999 -9999 -9999 -9999 -9999 -9999 -9999 -9999
370236 -9999 -9999 -9999 -9999 370236 370236 370236 370236 370236 378991 409240 425742 413871 406164 332449 396316 427827 409835 422581 436066 436066 436066 436066 436066 436066 386082 223339 211871 211871 211871 225583 340286 358518 377471 377471 377471 377471 377471 377471 377471 377471 377471 377471 377471 377471 -9999 -9999 -9999 377471 377471 -9999 377471 377471 377471 -9999 -9999 -9999 -9999 -9999 -9999 -9999 -9999 -9999 -9999 -9999 -9999 -9999 -9999 -9999 -9999 -9999
-9999 -9999 -9999 -9999 -9999 370236 364139 366324 358857 327454 359393 308235 269949 244873 249934 213793 242518 276652 233080 255757 334237 358629 411707 436032 436066 422883 269881 213093 211871 211871 211871 211937 219447 238110 349253 377471 377471 377471 377471 377471 377471 377471 377471 377471 377471 377471 377471 -9999 -9999 -9999 -9999 -9999 377471 377471 -9999 -9999 -9999 -9999 -9999 -9999 -9999 -9999 -9999 -9999 -9999 -9999 -9999 -9999 -9999 -9999 -9999 -9999
-9999 -9999 -9999 -9999 -9999 363281 309570 243651 222014 215791 222086 231049 211871 211871 211871 211871 211871 211871 211871 211871 211871 211871 242653 375242 355569 259456 211871 211871 211871 211871 211871 211871 244461 331765 366939 377471 377471 377471 377471 377471 377471 377471 377471 377471 377471 377471 377471 377471 -9999 -9999 -9999 377471 377471 377471 -9999 -9999 -9999 -9999 -9999 -9999 -9999 -9999 -9999 -9999 -9999 -9999 -9999 -9999 -9999 -9999 -9999 -9999
-9999 -9999 -9999 -9999 -9999 319731 303980 213332 211871 211871 211871 211871 211871 211871 211871 211871 211871 211871 211871 211871 211871 211871 212263 218115 215694 211905 211871 211871 211871 211871 211871 211871 245322 368661 377471 377471 377471 377471 377471 377471 377471 377471 377471 377471 377471 377471 377471 377471 377471 -9999 -9999 377471 377471 377471 -9999 -9999 -9999 -9999 -9999 -9999 -9999 -9999 -9999 -9999 -9999 -9999 -9999 -9999 -9999 -9999 -9999 -9999
-9999 -9999 -9999 -9999 312056 312002 272837 212442 211871 211871 211871 211871 211871 211871 211871 211871 211871 211871 211871 211871 211871 211871 211871 211871 211871 211871 211871 211871 211871 211871 211871 212037 332527 377007 377471 377471 377471 377471 377471 377471 377471 377471 377471 377471 377471 377471 377471 377471 377471 377471 377471 -9999 377471 377471 -9999 -9999 -9999 -9999 -9999 -9999 -9999 -9999 -9999 -9999 -9999 -9999 -9999 -9999 -9999 -9999 -9999 -9999
-9999 -9999 -9999 -9999 312056 300079 226102 211901 211871 211871 211871 211871 211871 211871 211871 211871 211871 211871 211871 211871 211871 211871 211871 211871 211871 211871 211871 211871 211871 211871 211871 232306 375981 377471 377471 377471 377471 377471 377471 377471 377471 377471 377471 377471 377471 377471 377471 377471 377471 377471 377471 -9999 -9999 -9999 -9999 -9999 -9999 -9999 -9999 -9999 -9999 -9999 -9999 -9999 -9999 -9999 -9999 -9999 -9999 -9999 -9999 -9999
-9999 -9999 -9999 -9999 309789 269107 212372 211871 211871 211871 211871 218293 225677 254860 250382 214035 211871 211871 211871 211871 211871 211871 211871 211871 211871 211871 211871 211871 211871 211871 228957 347767 377471 377471 377471 377471 377471 377471 356233 284662 356354 356299 323287 296698 300824 242504 241053 223176 160188 157726 -9999 -9999 -9999 -9999 -9999 -9999 -9999 -9999 -9999 -9999 -9999 -9999 -9999 -9999 -9999 -9999 -9999 -9999 -9999 -9999 -9999 -9999
-9999 -9999 -9999 -9999 312056 304602 221589 211871 214215 248519 248539 281990 301116 311725 298511 222330 211871 211871 211871 211871 211871 211871 211871 211871 211871 211871 211871 211871 211871 211871 283845 375943 364814 351453 377471 377471 366220 285793 207048 161187 190886 188216 163082 158731 159176 157726 158253 157726 157726 157726 -9999 -9999 -9999 -9999 -9999 -9999 -9999 -9999 -9999 -9999 -9999 -9999 -9999 -9999 -9999 -9999 -9999 -9999 -9999 -9999 -9999 -9999
-9999 -9999 -9999 312056 312056 312056 266933 211871 216334 270404 312056 312056 312056 312056 311375 264789 212292 211871 211871 211871 211871 211871 211871 211871 211871 211871 211871 211871 211871 216193 351108 306299 187172 177151 276289 266027 187084 157726 157726 157726 157726 157726 157726 157726 157726 157726 157726 157726 157726 157726 157726 157726 -9999 -9999 -9999 -9999 -9999 -9999 -9999 -9999 -9999 -9999 -9999 -9999 -9999 -9999 -9999 -9999 -9999 -9999 -9999 -9999
-9999 -9999 -9999 -9999 312056 311515 258738 211871 236436 303480 312056 312056 312056 312056 312056 309992 221629 211871 211871 211871 211871 211871 211871 211871 211871 211871 211871 211871 211871 212035 221440 176696 157726 157726 159715 159341 157726 157726 157726 157726 157726 157726 157726 157726 157726 157726 157726 157726 157726 157726 157726 157726 -9999 -9999 -9999 -9999 -9999 -9999 -9999 -9999 -9999 -9999 -9999 -9999 -9999 -9999 -9999 -9999 -9999 -9999 -9999 -9999
-9999 -9999 -9999 -9999 311455 296858 219195 212993 254895 308945 312056 312056 312056 312056 312056 312056 289236 224492 211871 211871 211871 211871 211871 211871 211871 211871 211871 211871 211871 214144 200405 179711 165030 163845 158610 157726 157726 157726 157726 157726 157726 157726 157726 157726 157726 157726 157726 157726 157726 157726 157726 157726 -9999 -9999 -9999 -9999 -9999 -9999 -9999 -9999 -9999 -9999 -9999 -9999 -9999 -9999 -9999 -9999 -9999 -9999 -9999 -9999
-9999 -9999 -9999 -9999 302204 232800 228672 244952 307127 312056 312056 312056 312056 312056 312056 312056 307645 239144 211871 211871 211871 211871 211871 211871 211871 211871 211871 211871 213808 274360 213675 180400 179930 179791 167725 157789 157726 157726 157726 157726 157726 157726 157726 157726 157726 157726 157726 157726 157726 157726 157726 157726 -9999 -9999 -9999 -9999 -9999 -9999 -9999 -9999 -9999 -9999 -9999 -9999 -9999 -9999 -9999 -9999 -9999 -9999 -9999 -9999
-9999 -9999 -9999 -9999 295992 287158 305965 271661 311575 312056 312056 312269 315860 313358 312755 313633 299666 225053 211871 211871 211871 211871 211871 211871 211871 211871 212398 247311 306895 284096 181756 180400 180400 180400 178096 161807 157726 157726 157726 157726 157726 157726 157726 157726 157726 157726 157726 157726 157726 157726 157726 157726 157726 -9999 -9999 -9999 -9999 -9999 -9999 -9999 -9999 -9999 -9999 -9999 -9999 -9999 -9999 -9999 -9999 -9999 -9999 -9999
312056 312056 312056 312056 312056 312056 311996 303460 311896 312056 312083 320312 333303 330420 329279 331556 331209 249692 211871 211871 211871 211871 211871 211871 211871 211871 240759 324572 314620 202889 180400 180400 180400 180400 180400 173661 158742 157726 157726 157726 157726 157726 157726 157726 157726 157726 157726 157726 157726 157726 157726 157726 157726 -9999 -9999 -9999 -9999 -9999 -9999 -9999 -9999 -9999 -9999 -9999 -9999 -9999 -9999 -9999 -9999 -9999 -9999 -9999
312056 312056 312056 312056 -9999 312056 312056 312056 312056 312056 312112 322769 334439 334459 334459 334459 324309 283211 218914 211871 211871 211871 211871 211871 211871 218362 314587 331424 247092 180431 180400 180400 180400 180400 180400 180355 171746 158444 157726 157726 157726 157726 157726 157726 157726 157726 157726 157726 157726 157726 157726 157726 157726 157726 -9999 -9999 -9999 -9999 -9999 -9999 -9999 -9999 -9999 -9999 -9999 -9999 -9999 -9999 -9999 -9999 -9999 -9999
312056 312056 312056 312056 -9999 -9999 312056 312056 312056 312056 320813 328231 334425 334459 334459 334459 334459 331866 236554 238154 213538 211871 211871 211871 211871 245098 334404 297285 184606 180400 180400 180400 180400 180400 180400 180400 179485 162768 157726 157726 157726 157726 157726 157726 157726 157726 157726 157726 157726 157726 157726 157726 157726 157726 -9999 -9999 -9999 -9999 -9999 -9999 -9999 -9999 -9999 -9999 -9999 -9999 -9999 -9999 -9999 -9999 -9999 -9999
