public/models/data/input/map/sulsel/2500/mappop.asc
NCOLS 199
NROWS 249
XLLCORNER -95260.364462
YLLCORNER 9791291.912663
CELLSIZE 2500.000000
NODATA_VALUE       -9999
[rows 32 to 63 of 249, columns 72 to 143 of 199]
-9999 -9999 -9999 -9999 -9999 -9999 -9999 -9999 -9999 -9999 -9999 -9999 -9999 -9999 -9999 -9999 -9999 -9999 -9999 -9999 -9999 -9999 -9999 292454 292454 292335 289839 289463 289463 289463 289463 289463 289463 289463 289463 289463 289463 289463 289463 289463 289463 289463 289463 289463 289463 289463 289463 289463 289463 289463 289463 289463 289463 289463 289463 289463 289463 289463 289463 289463 292180 319899 326243 326243 326243 326243 326243 326243 326243 326243 326243 326243
-9999 -9999 -9999 -9999 -9999 -9999 -9999 -9999 -9999 -9999 -9999 -9999 -9999 -9999 -9999 -9999 -9999 -9999 -9999 -9999 -9999 292454 292454 292454 292454 292417 290094 289463 289463 289463 289463 289463 289463 289463 289463 289463 289415 289203 289463 289463 289463 289463 289463 289463 289463 289463 289463 289463 289463 289463 289463 289463 289463 289463 289463 289463 289463 289463 289463 289463 289578 306298 326176 326243 326243 326243 -9999 -9999 -9999 326243 326243 326243
-9999 -9999 -9999 -9999 -9999 -9999 -9999 -9999 -9999 -9999 -9999 -9999 -9999 -9999 -9999 -9999 -9999 -9999 -9999 -9999 -9999 292454 292454 292454 292454 292396 290008 289463 289463 289463 289463 289463 289463 289463 289463 289463 278803 246897 268690 288757 289463 289463 289463 289463 289463 289463 289463 289463 289463 289463 289463 289463 289463 289463 289463 289463 289463 289463 289463 289463 289463 292271 325111 -9999 -9999 -9999 -9999 -9999 -9999 -9999 -9999 -9999
-9999 -9999 -9999 -9999 -9999 -9999 -9999 -9999 -9999 -9999 -9999 -9999 -9999 -9999 -9999 -9999 -9999 -9999 -9999 -9999 292454 292454 292454 292454 292454 292419 290287 289464 289463 289463 289463 288797 272802 262600 265702 250579 240460 225388 244739 287843 289463 289463 289463 289463 289463 289463 289463 289463 289463 289463 289463 289463 289463 289463 289463 289463 289463 289463 289463 289463 289463 289463 -9999 -9999 -9999 -9999 -9999 -9999 -9999 -9999 -9999 -9999
-9999 -9999 -9999 -9999 -9999 -9999 -9999 -9999 -9999 -9999 -9999 -9999 -9999 -9999 -9999 -9999 -9999 -9999 -9999 292454 292454 292454 292454 292454 292454 292454 291599 288319 275493 274577 254411 239954 226612 225382 225382 225382 225382 225382 230528 269912 288720 289463 289463 289463 289463 289463 289463 289463 289463 289463 289463 289463 289463 289463 289463 289463 289463 289463 289463 -9999 -9999 -9999 -9999 -9999 -9999 -9999 -9999 -9999 -9999 -9999 -9999 -9999
-9999 -9999 -9999 -9999 -9999 -9999 -9999 -9999 -9999 -9999 -9999 -9999 -9999 292454 292454 292454 292454 292454 292454 292454 292454 292454 292454 292454 292454 292454 290586 251096 228317 226568 225382 225382 225382 225382 225382 225382 225382 225382 225382 228612 268675 289463 289463 289463 289463 289463 289463 289463 289463 289463 289463 289463 289463 289463 289463 289463 289463 289463 -9999 -9999 -9999 -9999 -9999 -9999 -9999 -9999 -9999 -9999 -9999 -9999 -9999 -9999
-9999 -9999 -9999 -9999 -9999 -9999 -9999 -9999 -9999 -9999 -9999 -9999 -9999 292454 292454 292454 292454 292454 292454 292454 292454 292454 292454 292454 292454 292454 292320 264049 231278 227790 225697 225382 225382 225382 225382 225382 225382 225382 225382 225382 237506 276980 289463 289463 289463 289463 289463 289463 289463 289463 289463 289463 289463 289463 289463 289463 289463 -9999 -9999 -9999 -9999 -9999 -9999 -9999 -9999 -9999 -9999 -9999 -9999 -9999 -9999 -9999
-9999 -9999 -9999 -9999 -9999 -9999 -9999 -9999 -9999 -9999 -9999 -9999 -9999 292454 292454 292454 292454 292454 292454 292454 292454 292454 292454 292454 292454 292454 292454 291911 282373 275532 240493 225382 225382 225382 225382 225382 225382 225382 225382 225382 225382 234379 276634 289450 289463 289463 289463 289463 289463 289463 289463 289463 289463 289463 289463 289463 -9999 -9999 -9999 -9999 -9999 -9999 -9999 -9999 -9999 -9999 -9999 -9999 -9999 -9999 -9999 -9999
-9999 -9999 -9999 -9999 -9999 -9999 -9999 -9999 -9999 -9999 -9999 -9999 292454 292454 292454 292454 292454 292454 292454 292454 292454 292454 292454 292454 292454 292454 292454 292454 292454 292454 279330 229935 225382 225382 225382 225382 225382 225382 225382 225382 225382 225382 232200 273199 288579 289463 289463 289463 289463 289463 289463 289463 289463 289463 289463 -9999 -9999 -9999 -9999 -9999 -9999 -9999 -9999 -9999 -9999 -9999 -9999 -9999 -9999 -9999 -9999 -9999
-9999 -9999 -9999 -9999 -9999 -9999 -9999 -9999 -9999 -9999 -9999 -9999 292454 292454 292454 292454 292454 292454 292454 292454 292454 292454 292454 292454 292454 292454 292454 292454 292454 292454 275577 226846 225382 225382 225382 225382 225382 225382 225382 225382 225382 225382 225382 231957 280479 289463 289463 289463 289463 289463 289463 289463 289463 289463 -9999 -9999 -9999 -9999 -9999 -9999 -9999 -9999 -9999 -9999 -9999 -9999 -9999 -9999 -9999 -9999 -9999 -9999
-9999 -9999 -9999 -9999 -9999 -9999 -9999 -9999 -9999 -9999 -9999 -9999 292454 292454 292454 292454 292454 292454 292454 292454 292454 292454 292454 292454 292454 292454 292454 292454 292454 292454 286099 248049 228481 225382 225382 225382 225382 225382 225382 225382 225382 225382 225382 225382 248579 288489 289463 289463 289463 289463 289463 289463 -9999 -9999 -9999 -9999 -9999 -9999 -9999 -9999 -9999 -9999 -9999 -9999 -9999 -9999 -9999 -9999 -9999 -9999 -9999 -9999
-9999 -9999 -9999 -9999 -9999 -9999 -9999 -9999 -9999 -9999 -9999 -9999 292454 292454 292454 292454 292454 292454 292454 292454 292454 292454 292454 292454 292454 292454 292454 292454 292454 292454 292417 291042 253874 229997 240077 226690 225382 225382 225382 225197 225028 225382 225382 225382 235968 286515 289463 289463 289463 289463 -9999 -9999 -9999 -9999 -9999 -9999 -9999 -9999 -9999 -9999 -9999 -9999 -9999 -9999 -9999 -9999 -9999 -9999 -9999 -9999 -9999 -9999
-9999 -9999 -9999 -9999 -9999 -9999 -9999 -9999 -9999 -9999 -9999 -9999 292454 292454 292454 292454 292454 292454 292454 292454 292454 292454 292454 292454 292454 292454 292454 292454 292454 292454 292454 292454 289691 285680 289912 239608 225361 225044 223546 220174 220185 222877 225382 225382 233469 275915 289463 289463 -9999 -9999 -9999 -9999 -9999 -9999 -9999 -9999 -9999 -9999 -9999 -9999 -9999 -9999 -9999 -9999 -9999 -9999 -9999 -9999 -9999 -9999 -9999 -9999
-9999 -9999 -9999 -9999 -9999 -9999 -9999 -9999 -9999 -9999 -9999 -9999 292454 292454 292454 292454 292454 292454 292454 292454 292454 292454 292454 292454 292454 292454 292454 292454 292454 292454 292454 292454 292454 292454 284629 232225 223341 219962 218817 218583 218583 220045 225339 225382 225408 239966 289463 -9999 -9999 -9999 -9999 -9999 -9999 -9999 -9999 -9999 -9999 -9999 -9999 -9999 -9999 -9999 -9999 -9999 -9999 -9999 -9999 -9999 -9999 -9999 -9999 -9999
-9999 -9999 -9999 -9999 -9999 -9999 -9999 -9999 -9999 -9999 -9999 -9999 -9999 292454 292454 292454 292454 292454 292454 292454 292454 292454 292454 292454 292454 292454 292454 292454 292454 292454 292454 292454 292454 292454 280037 224357 218739 218583 218583 218583 218583 218688 224034 225382 225382 225382 -9999 -9999 -9999 -9999 -9999 -9999 -9999 -9999 -9999 -9999 -9999 -9999 -9999 -9999 -9999 -9999 -9999 -9999 -9999 -9999 -9999 -9999 -9999 -9999 -9999 -9999
-9999 -9999 -9999 -9999 -9999 -9999 -9999 -9999 -9999 -9999 -9999 -9999 -9999 292454 292454 292454 292454 292454 292454 292454 292454 292454 292454 292454 292454 292454 292454 292454 292454 292454 292454 292454 292454 292454 290001 233269 218583 218583 218583 218583 218583 218599 224117 225382 -9999 -9999 -9999 -9999 -9999 -9999 -9999 -9999 -9999 -9999 -9999 -9999 -9999 -9999 -9999 -9999 -9999 -9999 -9999 -9999 -9999 -9999 -9999 -9999 -9999 -9999 -9999 -9999
-9999 -9999 -9999 -9999 -9999 -9999 -9999 -9999 -9999 -9999 -9999 -9999 292454 292454 292454 292454 292454 292454 292454 292454 292454 292454 292454 292454 292454 292454 292454 292454 292454 292454 292454 292454 292454 292454 291095 252401 221065 218583 218583 218583 218583 218583 218583 -9999 -9999 -9999 -9999 -9999 -9999 -9999 -9999 -9999 -9999 -9999 -9999 -9999 -9999 -9999 -9999 -9999 -9999 -9999 -9999 -9999 -9999 -9999 -9999 -9999 -9999 -9999 -9999 -9999
-9999 -9999 -9999 -9999 -9999 -9999 -9999 -9999 -9999 -9999 -9999 -9999 292454 292454 292454 292454 292454 292454 292454 292454 292454 292454 292454 292454 292454 292454 292454 292454 292454 292454 292454 292454 292454 292454 292454 290548 246506 218583 218583 218583 218583 218583 218583 218583 -9999 -9999 -9999 -9999 -9999 -9999 -9999 -9999 -9999 -9999 -9999 -9999 -9999 -9999 -9999 -9999 -9999 -9999 -9999 -9999 -9999 -9999 -9999 -9999 -9999 -9999 -9999 -9999
-9999 -9999 -9999 -9999 -9999 -9999 -9999 -9999 -9999 -9999 -9999 -9999 -9999 292454 292454 292454 292454 292454 292454 292454 292454 292454 292454 292454 292454 292454 292454 292454 292454 292454 292454 292454 292454 292454 286124 259949 233849 219039 218583 218583 218583 218897 220356 223527 225382 -9999 -9999 -9999 -9999 -9999 -9999 -9999 -9999 -9999 -9999 -9999 -9999 -9999 -9999 -9999 -9999 -9999 -9999 -9999 -9999 -9999 -9999 -9999 -9999 -9999 -9999 -9999
-9999 -9999 -9999 -9999 -9999 -9999 -9999 -9999 -9999 -9999 -9999 -9999 -9999 -9999 292454 292454 292454 292454 292454 292454 292454 292454 292454 292454 292454 292454 292454 292454 292454 292454 292454 292454 292454 285827 254181 226376 225318 223190 220037 221788 223081 224179 225157 225376 225382 -9999 -9999 -9999 -9999 -9999 -9999 -9999 -9999 -9999 -9999 -9999 -9999 -9999 -9999 -9999 -9999 -9999 -9999 -9999 -9999 -9999 -9999 -9999 -9999 -9999 -9999 -9999
-9999 -9999 -9999 -9999 -9999 -9999 -9999 -9999 -9999 -9999 -9999 -9999 -9999 -9999 292454 292454 292454 292454 292454 292454 292454 292454 292454 292454 292454 292454 292454 292454 292454 292454 292454 292454 288933 243914 225382 225382 225382 225374 225222 225382 225382 225382 225382 225382 225382 -9999 -9999 -9999 -9999 -9999 -9999 -9999 -9999 -9999 -9999 -9999 -9999 -9999 -9999 -9999 -9999 -9999 -9999 -9999 -9999 -9999 -9999 -9999 -9999 -9999 -9999 -9999
-9999 -9999 -9999 -9999 -9999 -9999 -9999 -9999 -9999 -9999 -9999 -9999 -9999 -9999 -9999 292454 292454 292454 292454 292454 292454 292454 292454 292454 292454 292454 292454 292454 292454 292454 292454 292454 292031 259783 225382 225382 225382 225382 225382 225382 225382 225382 225382 225382 225382 -9999 -9999 -9999 -9999 -9999 -9999 -9999 -9999 -9999 -9999 -9999 -9999 -9999 -9999 -9999 -9999 -9999 -9999 -9999 -9999 -9999 -9999 -9999 -9999 -9999 -9999 -9999
-9999 -9999 -9999 -9999 -9999 -9999 -9999 -9999 -9999 -9999 -9999 292454 292454 292454 292454 292454 292454 292454 292454 292454 292454 292454 292454 292454 292454 292454 292454 292454 292454 292454 292454 292454 292454 262178 225382 225382 225382 225382 225382 225382 225382 225382 225382 225382 225382 225382 -9999 -9999 -9999 -9999 -9999 -9999 -9999 -9999 -9999 -9999 -9999 -9999 -9999 -9999 -9999 -9999 -9999 -9999 -9999 -9999 -9999 -9999 -9999 -9999 -9999 -9999
-9999 -9999 -9999 -9999 -9999 -9999 -9999 -9999 -9999 -9999 -9999 292454 292454 292454 292454 292454 292454 292454 292454 292454 292454 292454 292454 292454 292454 292454 292454 292454 292454 292454 292454 292454 292293 249541 225382 225382 225382 225382 225382 225382 225382 225382 225382 225382 225382 225382 -9999 -9999 -9999 -9999 -9999 -9999 -9999 -9999 -9999 -9999 -9999 -9999 -9999 -9999 -9999 -9999 -9999 -9999 -9999 -9999 -9999 -9999 -9999 -9999 -9999 -9999
-9999 -9999 -9999 -9999 -9999 -9999 292454 292454 292454 292454 292454 292454 292454 292454 292454 292454 292454 292454 292454 292454 292454 292454 292454 292454 292454 292454 292454 292454 292454 292454 292454 292454 271514 232894 225382 225382 225382 225382 225382 225382 225382 225382 225382 225382 225382 225382 225382 225382 -9999 -9999 -9999 -9999 -9999 -9999 -9999 -9999 -9999 -9999 -9999 -9999 -9999 -9999 -9999 -9999 -9999 -9999 -9999 -9999 -9999 -9999 -9999 -9999
-9999 -9999 -9999 -9999 292454 292454 292454 292454 292454 292454 292454 292454 292454 292454 292454 292454 292454 292454 292454 292454 292454 292454 292454 292454 292454 292454 292454 292454 292454 292454 292454 292454 237146 225382 225382 225382 225382 225382 225382 225382 225382 225382 225382 225382 225382 225382 225382 225382 225382 225382 -9999 -9999 -9999 -9999 -9999 -9999 -9999 -9999 -9999 -9999 -9999 -9999 -9999 -9999 -9999 -9999 -9999 -9999 -9999 -9999 -9999 -9999
-9999 -9999 -9999 -9999 292454 292454 292454 292454 292454 292454 292454 292454 292454 292454 292454 292454 292454 292454 292454 292454 292454 292454 292454 292454 292454 292454 292454 292454 292454 292454 292454 289798 237656 225382 225382 225382 225382 225382 225382 225382 225382 225382 225382 225382 225382 225382 225382 225382 225382 225382 225382 -9999 -9999 -9999 -9999 -9999 -9999 -9999 -9999 -9999 -9999 -9999 -9999 -9999 -9999 -9999 -9999 -9999 -9999 -9999 -9999 -9999
-9999 -9999 -9999 -9999 292454 292454 292454 292454 292454 292454 292454 292454 292454 292454 292454 292454 292454 292454 292454 292454 292454 292454 291529 291067 291452 292399 292454 292454 292454 292454 292454 283091 225717 225382 225382 225382 225382 225382 225382 225382 225382 225382 225382 225382 225382 225382 225382 225382 225382 225382 225382 225382 -9999 -9999 -9999 -9999 -9999 -9999 -9999 -9999 -9999 -9999 -9999 -9999 -9999 -9999 -9999 -9999 -9999 -9999 -9999 -9999
-9999 -9999 -9999 -9999 -9999 -9999 292454 292454 292454 292454 292454 289205 281381 286525 292454 292454 292454 292454 292454 292454 292454 292390 289409 284405 285626 288824 291860 288863 288638 291397 292454 291703 262198 230634 225382 225382 225382 225382 225382 225382 225382 225382 225382 225382 225382 225382 225382 225382 225382 225382 225382 225382 -9999 -9999 -9999 -9999 -9999 -9999 -9999 -9999 -9999 -9999 -9999 -9999 -9999 -9999 -9999 -9999 -9999 -9999 -9999 -9999
-9999 -9999 -9999 -9999 -9999 -9999 -9999 225878 252520 284684 290992 193905 138665 183554 236140 251374 292454 292454 292454 292454 290881 287587 285224 284149 284149 284698 285657 284318 284160 286567 291423 292070 291951 273687 225684 225382 225382 225382 225382 225382 225382 225382 225382 225382 225382 225382 225382 225382 225382 225382 225382 225382 -9999 -9999 -9999 -9999 -9999 -9999 -9999 -9999 -9999 -9999 -9999 -9999 -9999 -9999 -9999 -9999 -9999 -9999 -9999 -9999
-9999 -9999 -9999 -9999 -9999 -9999 -9999 111961 115399 123810 131003 116834 111961 111961 111961 132393 260787 291561 292454 292265 285688 284149 284149 284149 284149 284149 284149 284149 284149 284149 284509 285137 288657 289003 232334 225382 225382 225382 225382 225382 225382 225382 225382 225382 225382 225382 225382 225382 225382 225382 225382 225382 -9999 -9999 -9999 -9999 -9999 -9999 -9999 -9999 -9999 -9999 -9999 -9999 -9999 -9999 -9999 -9999 -9999 -9999 -9999 -9999
-9999 -9999 -9999 -9999 -9999 -9999 -9999 111961 111961 111961 111961 111961 111961 111961 111961 111961 157202 284106 292454 292397 286703 284149 284149 284149 284149 284149 284149 284149 284149 284149 284149 284149 285356 290741 240316 225382 225382 225382 225382 225382 225382 225382 225382 225382 225382 225382 225382 225382 225382 225382 225382 225382 -9999 -9999 -9999 -9999 -9999 -9999 -9999 -9999 -9999 -9999 -9999 -9999 -9999 -9999 -9999 -9999 -9999 -9999 -9999 -9999
