public/models/data/input/map/sulsel/2500/mappop.asc
NCOLS 199
NROWS 249
XLLCORNER -95260.364462
YLLCORNER 9791291.912663
CELLSIZE 2500.000000
NODATA_VALUE       -9999
[rows 0 to 31 of 249, columns 72 to 143 of 199]
-9999 -9999 -9999 -9999 -9999 -9999 -9999 -9999 -9999 -9999 -9999 -9999 -9999 -9999 -9999 -9999 -9999 -9999 -9999 -9999 -9999 -9999 -9999 -9999 -9999 -9999 -9999 -9999 -9999 -9999 -9999 -9999 -9999 -9999 -9999 -9999 -9999 -9999 -9999 -9999 -9999 -9999 -9999 -9999 -9999 -9999 -9999 -9999 -9999 289463 289463 289463 -9999 -9999 -9999 -9999 -9999 -9999 -9999 -9999 -9999 -9999 -9999 -9999 -9999 -9999 -9999 -9999 -9999 -9999 -9999 -9999
-9999 -9999 -9999 -9999 -9999 -9999 -9999 -9999 -9999 -9999 -9999 -9999 -9999 -9999 -9999 -9999 -9999 -9999 -9999 -9999 -9999 -9999 -9999 -9999 -9999 -9999 -9999 -9999 -9999 -9999 -9999 -9999 -9999 -9999 -9999 -9999 -9999 -9999 -9999 -9999 -9999 -9999 -9999 -9999 -9999 -9999 -9999 -9999 -9999 289463 289463 289463 289463 -9999 -9999 -9999 -9999 -9999 -9999 -9999 -9999 -9999 -9999 -9999 -9999 -9999 -9999 -9999 -9999 -9999 -9999 -9999
-9999 -9999 -9999 -9999 -9999 -9999 -9999 -9999 -9999 -9999 -9999 -9999 -9999 -9999 -9999 -9999 -9999 -9999 -9999 -9999 -9999 -9999 -9999 -9999 -9999 -9999 -9999 -9999 -9999 -9999 -9999 -9999 289463 289463 -9999 -9999 -9999 -9999 -9999 -9999 -9999 -9999 -9999 -9999 -9999 -9999 -9999 -9999 289463 289463 289463 289463 289463 289463 -9999 -9999 -9999 -9999 -9999 -9999 -9999 -9999 -9999 -9999 -9999 -9999 -9999 -9999 -9999 -9999 -9999 -9999
-9999 -9999 -9999 -9999 -9999 -9999 -9999 -9999 -9999 -9999 -9999 -9999 -9999 -9999 -9999 -9999 -9999 -9999 -9999 -9999 -9999 -9999 -9999 -9999 -9999 -9999 -9999 -9999 -9999 -9999 289463 289463 289463 289463 289463 289463 289463 289463 -9999 -9999 -9999 -9999 -9999 -9999 -9999 -9999 -9999 -9999 289463 289463 289463 289463 289463 289463 289463 -9999 -9999 -9999 -9999 -9999 -9999 -9999 -9999 -9999 -9999 -9999 -9999 -9999 -9999 -9999 -9999 -9999
-9999 -9999 -9999 -9999 -9999 -9999 -9999 -9999 -9999 -9999 -9999 -9999 -9999 -9999 -9999 -9999 -9999 -9999 -9999 -9999 -9999 -9999 -9999 -9999 -9999 -9999 -9999 -9999 -9999 -9999 289463 289463 289463 289463 289463 289463 289463 289463 289463 -9999 -9999 -9999 -9999 -9999 -9999 -9999 -9999 -9999 289463 289463 289463 289463 289463 289463 289463 -9999 -9999 -9999 -9999 -9999 -9999 -9999 -9999 -9999 -9999 -9999 -9999 -9999 -9999 -9999 -9999 -9999
-9999 -9999 -9999 -9999 -9999 -9999 -9999 -9999 -9999 -9999 -9999 -9999 -9999 -9999 -9999 -9999 -9999 -9999 -9999 -9999 -9999 -9999 -9999 -9999 -9999 -9999 289463 289463 -9999 289463 289463 289463 289463 289463 289463 289463 289463 289463 289463 289463 289463 -9999 289463 289463 289463 289463 -9999 -9999 289463 289463 289463 289463 289463 289463 289463 289463 -9999 -9999 -9999 -9999 -9999 -9999 -9999 -9999 -9999 -9999 -9999 -9999 -9999 -9999 -9999 -9999
-9999 -9999 -9999 -9999 -9999 -9999 -9999 -9999 -9999 -9999 -9999 -9999 -9999 -9999 -9999 -9999 -9999 -9999 -9999 -9999 -9999 -9999 -9999 -9999 289463 289463 289463 289463 289463 289463 289463 289463 289463 289463 289463 289463 289463 289463 289463 289463 289463 289463 289463 289463 289463 289463 289463 289463 289463 289463 289463 289463 289463 289463 289463 294516 326243 -9999 -9999 -9999 -9999 -9999 -9999 -9999 -9999 -9999 -9999 -9999 -9999 -9999 -9999 -9999
-9999 -9999 -9999 -9999 -9999 -9999 -9999 -9999 -9999 -9999 -9999 -9999 -9999 -9999 -9999 -9999 -9999 -9999 -9999 -9999 -9999 -9999 -9999 -9999 289463 289463 289463 289463 289463 289463 289463 289463 289463 289463 289463 289463 289463 289463 289463 289463 289463 289463 289463 289463 289463 289463 289463 289463 289463 289463 289463 289463 289463 289463 289846 311483 326243 326243 -9999 -9999 -9999 -9999 -9999 -9999 -9999 -9999 -9999 -9999 -9999 -9999 -9999 -9999
-9999 -9999 -9999 -9999 -9999 -9999 -9999 -9999 -9999 -9999 -9999 -9999 -9999 -9999 -9999 -9999 -9999 -9999 -9999 -9999 -9999 -9999 -9999 -9999 289463 289463 289463 289463 289463 289463 289463 289463 289463 289463 289463 289463 289463 289463 289463 289463 289463 289463 289463 289463 289463 289463 289463 289463 289463 289463 289463 289463 289463 289463 289463 306786 326243 326243 -9999 -9999 -9999 -9999 -9999 -9999 -9999 -9999 -9999 -9999 -9999 -9999 -9999 -9999
-9999 -9999 -9999 -9999 -9999 -9999 -9999 -9999 -9999 -9999 -9999 -9999 -9999 -9999 -9999 -9999 -9999 -9999 -9999 -9999 -9999 -9999 289463 289463 289463 289463 289463 289463 289463 289463 289463 289463 289463 289463 289463 289463 289463 289463 289463 289463 289463 289463 289463 289463 289463 289463 289463 289463 289463 289463 289463 289463 289463 289463 289463 308758 326243 326243 326243 326243 -9999 -9999 -9999 -9999 -9999 -9999 -9999 -9999 -9999 -9999 -9999 -9999
-9999 -9999 -9999 -9999 -9999 -9999 -9999 -9999 -9999 -9999 -9999 -9999 -9999 -9999 -9999 -9999 -9999 -9999 -9999 -9999 -9999 289463 289463 289463 289463 289463 289463 289463 289463 289463 289463 289463 289463 289463 289463 289463 289463 289463 289463 289463 289463 289463 289463 289463 289463 289463 289463 289463 289463 289463 289463 289463 289463 289463 289463 302549 326243 326243 326243 326243 -9999 -9999 -9999 -9999 -9999 -9999 -9999 -9999 -9999 -9999 -9999 -9999
-9999 -9999 -9999 -9999 -9999 -9999 -9999 -9999 -9999 -9999 -9999 -9999 -9999 -9999 -9999 -9999 -9999 -9999 -9999 -9999 289463 289463 289463 289463 289463 289463 289463 289463 289463 289463 289463 289463 289463 289463 289463 289463 289463 289463 289463 289463 289463 289463 289463 289463 289463 289463 289463 289463 289463 289463 289463 289463 289463 289463 289816 310200 326243 326243 326243 326243 326243 326243 -9999 -9999 -9999 -9999 -9999 -9999 -9999 -9999 -9999 -9999
-9999 -9999 -9999 -9999 -9999 -9999 -9999 -9999 -9999 -9999 -9999 -9999 -9999 -9999 -9999 -9999 -9999 -9999 -9999 289463 289463 289463 289463 289463 289463 289463 289463 289463 289463 289463 289463 289463 289463 289463 289463 289463 289463 289463 289463 289463 289463 289463 289463 289463 289463 289463 289463 289463 289463 289463 289463 289463 289463 289463 290894 317294 326243 326243 326243 326243 326243 326243 326243 326243 -9999 -9999 -9999 -9999 -9999 -9999 -9999 -9999
-9999 -9999 -9999 -9999 -9999 -9999 -9999 -9999 -9999 -9999 -9999 -9999 -9999 -9999 -9999 -9999 -9999 289463 289463 289463 289463 289463 289463 289463 289463 289463 289463 289463 289463 289463 289463 289463 289463 289463 289463 289463 289463 289463 289463 289463 289463 289463 289463 289463 289463 289463 289463 289463 289463 289463 289463 289463 289463 289463 296802 322640 326243 326243 326243 326243 326243 326243 326243 326243 -9999 -9999 -9999 -9999 -9999 -9999 -9999 -9999
-9999 -9999 -9999 -9999 -9999 -9999 -9999 -9999 -9999 -9999 -9999 -9999 -9999 -9999 -9999 -9999 289463 289463 289463 289463 289463 289463 289463 289463 289463 289463 289463 289463 289463 289463 289463 289463 289463 289463 289463 289463 289463 289463 289463 289463 289463 289463 289463 289463 289463 289463 289463 289463 289463 289463 289463 289463 289463 289893 314637 326237 326243 326243 326243 326243 326243 326243 326243 326243 326243 326243 326243 326243 326243 326243 326243 326243
-9999 -9999 -9999 -9999 -9999 -9999 -9999 -9999 -9999 -9999 -9999 -9999 -9999 -9999 -9999 -9999 289463 289463 289463 289463 289463 289463 289463 289463 289463 289463 289463 289463 289463 289463 289463 289463 289463 289463 289463 289463 289463 289463 289463 289463 289463 289463 289463 289463 289463 289463 289463 289463 289463 289463 289463 289463 289463 298581 324908 326243 326243 326243 326243 326243 326243 326243 326243 326243 326243 326243 326243 326243 326243 326243 326243 326243
-9999 -9999 -9999 -9999 -9999 -9999 -9999 -9999 -9999 -9999 -9999 -9999 -9999 -9999 -9999 -9999 289463 289463 289463 289463 289463 289463 289463 289463 289463 289463 289463 289463 289463 289463 289463 289463 289463 289463 289463 289463 289463 289463 289463 289463 289463 289463 289463 289463 289463 289463 289463 289463 289463 289463 289463 289463 289463 294914 323221 326235 326243 326243 326243 326243 326243 326243 326243 326243 326243 326243 326243 326243 326243 326243 326243 326243
-9999 -9999 -9999 -9999 -9999 -9999 -9999 -9999 -9999 -9999 -9999 -9999 -9999 -9999 -9999 -9999 289463 289463 289463 289463 289463 289463 289463 289463 289463 289463 289463 289463 289463 289463 289463 289463 289463 289463 289463 289463 289463 289463 289463 289463 289463 289463 289463 289463 289463 289463 289463 289463 289463 289463 289463 289463 289463 289573 298661 322268 326243 326243 326243 326243 326243 326243 326243 326243 326243 326243 326243 326243 326243 326243 326243 326243
-9999 -9999 -9999 -9999 -9999 -9999 -9999 -9999 -9999 -9999 -9999 -9999 -9999 -9999 -9999 -9999 289463 289463 289463 289463 289463 289463 289463 289463 289463 289463 289463 289463 289463 289463 289463 289463 289463 289463 289463 289463 289463 289463 289463 289463 289463 289463 289463 289463 289463 289463 289463 289463 289463 289463 289463 289463 289463 289463 289629 309394 326243 326243 326243 326243 326243 326243 326243 326243 326243 326243 326243 326243 326243 326243 326243 326243
-9999 -9999 -9999 -9999 -9999 -9999 -9999 -9999 -9999 -9999 -9999 -9999 -9999 -9999 -9999 -9999 289463 289463 289463 289463 289463 289463 289463 289463 289463 289463 289463 289463 289463 289463 289463 289463 289463 289463 289463 289463 289463 289463 289463 289463 289463 289463 289463 289463 289463 289463 289463 289463 289463 289463 289463 289463 289463 289463 289463 293450 325802 326243 326243 326243 326243 326243 326243 326243 326243 326243 326243 326243 326243 326243 326243 326243
-9999 -9999 -9999 -9999 -9999 -9999 -9999 -9999 -9999 -9999 -9999 -9999 -9999 -9999 -9999 -9999 -9999 -9999 289463 289463 289463 289463 289463 289463 289463 289463 289463 289463 289463 289463 289463 289463 289463 289463 289463 289463 289463 289463 289463 289463 289463 289463 289463 289463 289463 289463 289463 289463 289463 289463 289463 289463 289463 289463 289463 290184 322447 326243 326243 326243 326243 326243 326243 326243 326243 326243 326243 326243 326243 326243 326243 326243
-9999 -9999 -9999 -9999 -9999 -9999 -9999 -9999 -9999 -9999 -9999 -9999 -9999 -9999 -9999 -9999 -9999 -9999 -9999 -9999 289463 289463 289463 289463 289463 289463 289463 289463 289463 289463 289463 289463 289463 289463 289463 289463 289463 289463 289463 289463 289463 289463 289463 289463 289463 289463 289463 289463 289463 289463 289463 289463 289463 289463 289463 293391 323301 326243 326243 326243 326243 326243 326243 326243 326243 326243 326243 326243 326243 326243 326243 326243
-9999 -9999 -9999 -9999 -9999 -9999 -9999 -9999 -9999 -9999 -9999 -9999 -9999 -9999 -9999 -9999 -9999 -9999 -9999 -9999 289463 289463 289463 289463 289463 289463 289463 289463 289463 289463 289463 289463 289463 289463 289463 289463 289463 289463 289463 289463 289463 289463 289463 289463 289463 289463 289463 289463 289463 289463 289463 289463 289463 289463 289463 289463 303002 325577 326243 326243 326243 326243 326243 326243 326243 326243 326243 326243 326243 326243 326243 326243
-9999 -9999 -9999 -9999 -9999 -9999 -9999 -9999 -9999 -9999 -9999 -9999 -9999 -9999 -9999 -9999 -9999 -9999 -9999 -9999 289463 289463 289463 289463 289463 289463 289463 289463 289463 289463 289463 289463 289463 289463 289463 289463 289463 289463 289463 289463 289463 289463 289463 289463 289463 289463 289463 289463 289463 289463 289463 289463 289463 289463 289463 289463 298345 324614 326243 326243 326243 326243 326243 326243 326243 326243 326243 326243 326243 326243 326243 326243
-9999 -9999 -9999 -9999 -9999 -9999 -9999 -9999 -9999 -9999 -9999 -9999 -9999 -9999 -9999 -9999 -9999 -9999 -9999 -9999 289463 289463 289463 289463 289463 289463 289463 289463 289463 289463 289463 289463 289463 289463 289463 289463 289463 289463 289463 289463 289463 289463 289463 289463 289463 289463 289463 289463 289463 289463 289463 289463 289463 289463 289463 289463 289684 304993 325432 326243 326243 326243 326243 326243 326243 326243 326243 326243 326243 326243 326243 326243
-9999 -9999 -9999 -9999 -9999 -9999 -9999 -9999 -9999 -9999 -9999 -9999 -9999 -9999 -9999 -9999 -9999 -9999 -9999 -9999 289463 289463 289463 289463 289463 289463 289463 289463 289463 289463 289463 289463 289463 289463 289463 289463 289463 289463 289463 289463 289463 289463 289463 289463 289463 289463 289463 289463 289463 289463 289463 289463 289463 289463 289463 289463 289463 290145 315358 326243 326243 326243 326243 326243 326243 326243 326243 326243 326243 326243 326243 326243
-9999 -9999 -9999 -9999 -9999 -9999 -9999 -9999 -9999 -9999 -9999 -9999 -9999 -9999 -9999 -9999 -9999 -9999 -9999 -9999 -9999 -9999 -9999 -9999 289463 289463 289463 289463 289463 289463 289463 289463 289463 289463 289463 289463 289463 289463 289463 289463 289463 289463 289463 289463 289463 289463 289463 289463 289463 289463 289463 289463 289463 289463 289463 289463 289463 289463 300045 325121 326243 326243 326243 326243 326243 326243 326243 326243 326243 326243 326243 326243
-9999 -9999 -9999 -9999 -9999 -9999 -9999 -9999 -9999 -9999 -9999 -9999 -9999 -9999 -9999 -9999 -9999 -9999 -9999 -9999 -9999 -9999 -9999 -9999 289463 289463 289463 289463 289463 289463 289463 289463 289463 289463 289463 289463 289463 289463 289463 289463 289463 289463 289463 289463 289463 289463 289463 289463 289463 289463 289463 289463 289463 289463 289463 289463 289463 289463 292453 321796 326243 326243 326243 326243 326243 326243 326243 326243 326243 326243 326243 326243
-9999 -9999 -9999 -9999 -9999 -9999 -9999 -9999 -9999 -9999 -9999 -9999 -9999 -9999 -9999 -9999 -9999 -9999 -9999 -9999 -9999 -9999 -9999 -9999 -9999 289463 289463 289463 289463 289463 289463 289463 289463 289463 289463 289463 289463 289463 289463 289463 289463 289463 289463 289463 289463 289463 289463 289463 289463 289463 289463 289463 289463 289463 289463 289463 289463 289463 289507 308272 326206 326243 326243 326243 326243 326243 326243 326243 326243 326243 326243 326243
-9999 -9999 -9999 -9999 -9999 -9999 -9999 -9999 -9999 -9999 -9999 -9999 -9999 -9999 -9999 -9999 -9999 -9999 -9999 -9999 -9999 -9999 -9999 -9999 -9999 289463 289463 289463 289463 289463 289463 289463 289463 289463 289463 289463 289463 289463 289463 289463 289463 289463 289463 289463 289463 289463 289463 289463 289463 289463 289463 289463 289463 289463 289463 289463 289463 289463 289463 294987 323823 326243 326243 326243 326243 326243 326243 326243 326243 326243 326243 326243
-9999 -9999 -9999 -9999 -9999 -9999 -9999 -9999 -9999 -9999 -9999 -9999 -9999 -9999 -9999 -9999 -9999 -9999 -9999 -9999 -9999 -9999 -9999 -9999 -9999 289463 289463 289463 289463 289463 289463 289463 289463 289463 289463 289463 289463 289463 289463 289463 289463 289463 289463 289463 289463 289463 289463 289463 289463 289463 289463 289463 289463 289463 289463 289463 289463 289463 289463 289625 307235 325191 326243 326243 326243 326243 326243 326243 326243 326243 326243 326243
-9999 -9999 -9999 -9999 -9999 -9999 -9999 -9999 -9999 -9999 -9999 -9999 -9999 -9999 -9999 -9999 -9999 -9999 -9999 -9999 -9999 -9999 -9999 -9999 292454 290861 289463 289463 289463 289463 289463 289463 289463 289463 289463 289463 289463 289463 289463 289463 289463 289463 289463 289463 289463 289463 289463 289463 289463 289463 289463 289463 289463 289463 289463 289463 289463 289463 289463 289463 293568 322970 326243 326243 326243 326243 326243 326243 326243 326243 326243 326243
