public/models/data/input/map/sulsel/2500/mappop.asc
NCOLS 199
NROWS 249
XLLCORNER -95260.364462
YLLCORNER 9791291.912663
CELLSIZE 2500.000000
NODATA_VALUE       -9999
[rows 64 to 95 of 249, columns 72 to 143 of 199]
-9999 -9999 -9999 -9999 -9999 -9999 -9999 111961 111961 111961 111961 111961 111961 111961 111961 111961 127826 258431 292454 292454 286122 284149 284149 284149 284149 284149 284149 284149 284149 284149 284149 284149 284149 286101 263202 225848 225382 225382 225382 225382 225382 225382 225382 225382 225382 225382 225382 225382 225382 225382 225382 225382 -9999 -9999 -9999 -9999 -9999 -9999 -9999 -9999 -9999 -9999 -9999 -9999 -9999 -9999 -9999 -9999 -9999 -9999 -9999 -9999
-9999 -9999 -9999 -9999 -9999 -9999 -9999 111961 111961 111961 111961 111961 111961 111961 111961 111961 114073 141869 246239 290208 286003 284149 284149 284149 284149 284149 284149 284149 284149 284149 284149 284149 284149 282603 244003 225506 225382 225382 225382 225382 225382 225382 225382 225382 225382 225382 225382 225382 225382 225382 225382 225382 -9999 -9999 -9999 -9999 -9999 -9999 -9999 -9999 -9999 -9999 -9999 -9999 -9999 -9999 -9999 -9999 -9999 -9999 -9999 -9999
-9999 -9999 -9999 -9999 -9999 -9999 -9999 -9999 111961 111961 111961 111961 111961 111961 111961 111961 111961 111961 126284 253555 284149 284149 284149 284149 284149 284149 284149 284149 284149 284149 284149 284149 284149 282415 240109 229090 225382 225382 225382 225382 225382 225382 225382 225382 225382 225382 225382 225382 225382 225382 225382 225382 -9999 -9999 -9999 -9999 -9999 -9999 -9999 -9999 -9999 -9999 -9999 -9999 -9999 -9999 -9999 -9999 -9999 -9999 -9999 -9999
-9999 -9999 -9999 -9999 -9999 -9999 -9999 -9999 111961 111961 111961 111961 111961 111961 111961 111961 111961 111961 112856 236591 284149 284149 284149 284149 284149 284149 284149 284149 284149 284149 284149 284149 284149 284143 280670 261342 225429 225382 225382 225382 225382 225382 225382 225382 225382 225382 225382 225382 225382 225382 225382 225382 -9999 -9999 -9999 -9999 -9999 -9999 -9999 -9999 -9999 -9999 -9999 -9999 -9999 -9999 -9999 -9999 -9999 -9999 -9999 -9999
-9999 -9999 -9999 -9999 -9999 -9999 -9999 -9999 111961 111961 111961 111961 111961 111961 111961 111961 111961 111961 121827 257408 284149 284149 284149 284149 284149 284149 284149 284149 284149 284149 284149 284149 284149 284149 284149 279448 232246 225382 225382 225382 225382 225382 225382 225382 225382 225382 225382 225382 225382 225382 225382 225382 -9999 -9999 -9999 -9999 -9999 -9999 -9999 -9999 -9999 -9999 -9999 -9999 -9999 -9999 -9999 -9999 -9999 -9999 -9999 -9999
-9999 -9999 -9999 -9999 -9999 -9999 -9999 -9999 -9999 111961 111961 111961 111961 111961 111961 111961 111961 111961 124582 244597 284149 284149 284149 284149 284149 284149 284149 284149 284149 284149 284149 284149 284149 284149 284149 284149 262787 227022 225382 225382 225382 225382 225382 225382 225382 225382 225382 225382 225382 225382 225382 -9999 -9999 -9999 -9999 -9999 -9999 -9999 -9999 -9999 -9999 -9999 -9999 -9999 -9999 -9999 -9999 -9999 -9999 -9999 -9999 -9999
-9999 -9999 -9999 -9999 -9999 -9999 -9999 -9999 -9999 111961 111961 111961 111961 111961 111961 111961 111961 111961 111961 208524 284149 284149 284149 284149 284149 284149 284149 284149 284149 284149 284149 284149 284149 284149 284149 284149 279841 232934 225382 225382 225382 225382 225382 225382 225382 225382 225382 225382 225382 225382 225382 -9999 -9999 -9999 -9999 -9999 -9999 -9999 -9999 -9999 -9999 -9999 -9999 -9999 -9999 -9999 -9999 -9999 -9999 -9999 -9999 -9999
-9999 -9999 -9999 -9999 -9999 -9999 -9999 -9999 -9999 111961 111961 111961 111961 111961 111961 111961 111961 111961 111961 211968 284149 284149 284149 284149 284149 284149 284149 284149 284149 284149 284149 284149 284149 284149 284149 279409 239499 227674 225382 223595 194467 225382 225382 225382 225382 225382 225382 225382 225382 225382 225382 -9999 -9999 -9999 -9999 -9999 -9999 -9999 -9999 -9999 -9999 -9999 -9999 -9999 -9999 -9999 -9999 -9999 -9999 -9999 -9999 -9999
-9999 -9999 -9999 -9999 -9999 -9999 -9999 -9999 -9999 111961 111961 111961 111961 111961 111961 111961 111961 111961 111961 167044 281928 284149 284149 284149 284149 284149 284149 284149 284149 284149 284149 284149 284149 284149 265459 204590 123933 198404 184918 138781 134874 215149 225382 225382 225382 225382 225382 225382 225382 225382 225382 225382 -9999 -9999 -9999 -9999 -9999 -9999 -9999 -9999 -9999 -9999 -9999 -9999 -9999 -9999 -9999 -9999 -9999 -9999 -9999 -9999
-9999 -9999 -9999 -9999 -9999 -9999 -9999 -9999 -9999 -9999 111961 111961 111961 111961 111961 111961 111961 111961 111961 117350 251175 284149 284149 284149 284149 284149 284149 284149 284149 284149 284149 284149 284149 284030 201812 115290 113802 125172 119157 113696 114743 191187 225382 225382 225382 225382 225382 225382 225382 225382 225382 225382 -9999 -9999 -9999 -9999 -9999 -9999 -9999 -9999 -9999 -9999 -9999 -9999 -9999 -9999 -9999 -9999 -9999 -9999 -9999 -9999
-9999 -9999 -9999 -9999 -9999 -9999 -9999 -9999 -9999 -9999 111961 111961 111961 111961 111961 111961 111961 111961 111961 111961 228704 284149 284149 284149 284149 284149 284149 284149 284149 284149 284149 284149 284149 269967 128730 113696 113696 113696 113696 113696 113696 163821 224645 225382 225382 225382 225382 225382 225382 225382 225382 225382 -9999 -9999 -9999 -9999 -9999 -9999 -9999 -9999 -9999 -9999 -9999 -9999 -9999 -9999 -9999 -9999 -9999 -9999 -9999 -9999
-9999 -9999 -9999 -9999 -9999 -9999 -9999 -9999 -9999 111961 111961 111961 111961 111961 111961 111961 111961 111961 111961 111961 210177 284149 284149 284149 284149 284149 284149 284149 284149 284149 284149 284149 284149 217178 113747 113696 113696 113696 113696 113696 113696 118029 178385 219150 225382 225382 225382 225382 225382 225382 225382 225382 -9999 -9999 -9999 -9999 -9999 -9999 -9999 -9999 -9999 -9999 -9999 -9999 -9999 -9999 -9999 -9999 -9999 -9999 -9999 -9999
-9999 -9999 -9999 -9999 -9999 -9999 -9999 -9999 111961 111961 111961 111961 111961 111961 111961 111961 111961 111961 111961 111961 205528 284149 284149 284149 284149 284149 284149 284149 284149 284149 284149 284149 252683 138412 113696 113696 113696 113696 113696 113696 113696 113696 113875 133353 175939 215693 225298 225382 225382 225382 225382 225382 -9999 -9999 -9999 -9999 -9999 -9999 -9999 -9999 -9999 -9999 -9999 -9999 -9999 -9999 -9999 -9999 -9999 -9999 -9999 -9999
-9999 -9999 -9999 -9999 -9999 -9999 -9999 -9999 111961 111961 111961 111961 111961 111961 111961 111961 111961 111961 111961 111961 203048 283529 284149 284149 284149 284149 284149 284149 284149 284149 284149 284149 203968 113696 113696 113696 113696 113696 113696 113696 113696 113696 113696 113696 114109 133504 180628 217153 228991 227053 225452 225382 -9999 -9999 -9999 -9999 -9999 -9999 -9999 -9999 -9999 -9999 -9999 -9999 -9999 -9999 -9999 -9999 -9999 -9999 -9999 -9999
-9999 -9999 -9999 -9999 -9999 -9999 -9999 -9999 111961 111961 111961 111961 111961 111961 111961 111961 111961 111961 111961 111961 119847 186286 274567 284149 284149 284149 284149 284149 284081 271535 194082 161286 135719 113696 113696 113696 113696 113696 113696 113696 113696 113696 113696 113696 113696 113696 114712 164833 244412 243776 240975 239743 244821 -9999 -9999 -9999 -9999 -9999 -9999 -9999 -9999 -9999 -9999 -9999 -9999 -9999 -9999 -9999 -9999 -9999 -9999 -9999
-9999 -9999 -9999 -9999 -9999 -9999 -9999 -9999 111961 111961 111961 111961 111961 111961 111961 111961 111961 111961 111961 111961 111961 112193 257296 284149 284149 284149 284149 284149 282819 188798 114719 113696 113696 113696 113696 113696 113696 113696 113696 113696 113696 113696 113696 113696 113696 113696 158678 222733 244821 244821 244821 244821 244821 -9999 -9999 -9999 -9999 -9999 -9999 -9999 -9999 -9999 -9999 -9999 -9999 -9999 -9999 -9999 -9999 -9999 -9999 -9999
-9999 -9999 -9999 -9999 -9999 -9999 -9999 -9999 111961 111961 111961 111961 111961 111961 111961 111961 111961 111961 111961 111961 111961 112788 191778 258188 284149 284149 284149 284149 284149 257166 118793 113696 113696 113696 113696 113696 113696 113696 113696 113696 113696 114384 128664 135489 128074 134329 234803 244821 244821 244821 244821 244821 244821 -9999 -9999 -9999 -9999 -9999 -9999 -9999 -9999 -9999 -9999 -9999 -9999 -9999 -9999 -9999 -9999 -9999 -9999 -9999
-9999 -9999 -9999 -9999 -9999 -9999 -9999 -9999 111961 111961 111961 111961 111961 111961 111961 111961 111961 111961 111961 111961 111961 111978 113698 131385 262263 283876 284149 284149 284149 280723 131372 113696 113696 113696 113696 113696 113696 113696 113696 113696 113696 122501 227073 236350 230705 233053 244559 244821 244821 244821 244821 244821 244821 -9999 -9999 -9999 -9999 -9999 -9999 -9999 -9999 -9999 -9999 -9999 -9999 -9999 -9999 -9999 -9999 -9999 -9999 -9999
-9999 -9999 -9999 -9999 -9999 -9999 -9999 -9999 -9999 111961 111961 111961 111961 111961 111961 111961 111961 111961 111961 111961 111961 112290 113658 113696 148341 271425 284149 284149 284149 284149 151912 113696 113696 113696 113696 113696 113696 113696 113696 127700 127766 166579 244821 244821 244821 244821 244821 244821 244821 244821 244821 244821 244821 -9999 -9999 -9999 -9999 -9999 -9999 -9999 -9999 -9999 -9999 -9999 -9999 -9999 -9999 -9999 -9999 -9999 -9999 -9999
-9999 -9999 -9999 -9999 -9999 -9999 -9999 -9999 -9999 111961 111961 111961 111961 111961 111961 111961 111961 111961 111961 111961 111961 112522 113685 113696 116790 162454 278899 284149 284149 284149 237240 140934 113696 113696 113696 113696 113696 113696 121826 210099 232508 235498 244821 244821 244821 244821 244821 244821 244821 244821 244821 244821 -9999 -9999 -9999 -9999 -9999 -9999 -9999 -9999 -9999 -9999 -9999 -9999 -9999 -9999 -9999 -9999 -9999 -9999 -9999 -9999
-9999 -9999 -9999 -9999 -9999 -9999 -9999 -9999 -9999 -9999 111961 111961 111961 111961 111961 111961 111961 111961 111961 111961 111961 112256 113648 113696 113696 114310 197593 277331 277024 254115 206934 129821 113696 113696 113696 113696 113696 113696 168349 243720 244821 244821 244821 244821 244821 244821 244821 244821 244821 244821 244821 244821 244821 244821 -9999 -9999 -9999 -9999 -9999 -9999 -9999 -9999 -9999 -9999 -9999 -9999 -9999 -9999 -9999 -9999 -9999 -9999
-9999 -9999 -9999 -9999 -9999 -9999 -9999 -9999 -9999 -9999 111961 111961 111961 111961 111961 111961 111961 111961 111961 111961 111962 112631 113691 113696 113696 113696 121196 147957 154980 124298 113696 113696 113696 113696 113696 113696 113696 113696 206480 244821 244821 244821 244821 244821 244821 244821 244821 244821 244821 244821 244821 -9999 -9999 -9999 -9999 -9999 -9999 -9999 -9999 -9999 -9999 -9999 -9999 -9999 -9999 -9999 -9999 -9999 -9999 -9999 -9999 -9999
-9999 -9999 -9999 -9999 -9999 -9999 -9999 -9999 -9999 -9999 111961 111961 111961 111961 111961 111961 111961 111961 111961 111961 112107 113389 113696 113696 113696 113696 113696 113696 113696 113696 113696 113696 113696 113696 113748 136695 171575 193499 228509 244821 244821 244821 244821 244821 244821 244821 244821 244821 244821 244821 -9999 -9999 -9999 -9999 -9999 -9999 -9999 -9999 -9999 -9999 -9999 -9999 -9999 -9999 -9999 -9999 -9999 -9999 -9999 -9999 -9999 -9999
-9999 -9999 -9999 -9999 -9999 -9999 -9999 -9999 -9999 -9999 -9999 111961 111961 111961 111961 111961 111961 111961 111961 111961 112611 113684 113696 113696 113696 113696 113696 113696 113696 113696 113696 113696 113696 113696 131057 225178 244821 244821 244821 244821 244821 244821 244821 244821 244821 244821 244821 244821 244821 244821 -9999 -9999 -9999 -9999 -9999 -9999 -9999 -9999 -9999 -9999 -9999 -9999 -9999 -9999 -9999 -9999 -9999 -9999 -9999 -9999 -9999 -9999
-9999 -9999 -9999 -9999 -9999 -9999 -9999 -9999 -9999 -9999 -9999 111961 111961 111961 111961 111961 111961 111961 111961 111987 112857 113696 113696 113696 113696 113696 113696 113696 113696 113696 113696 113696 113696 113696 153787 242048 244821 244821 244821 244821 244821 244821 244821 244821 244821 244821 244821 244821 244821 -9999 -9999 -9999 -9999 -9999 -9999 -9999 -9999 -9999 -9999 -9999 -9999 -9999 -9999 -9999 -9999 -9999 -9999 -9999 -9999 -9999 -9999 -9999
-9999 -9999 -9999 -9999 -9999 -9999 -9999 -9999 -9999 -9999 -9999 111961 111961 111961 111961 111961 111961 111961 111970 112887 113543 113696 113696 113696 113696 113696 113696 113696 113696 115453 114037 113696 113696 122088 210892 244683 244821 244821 244821 244821 244821 244821 244821 244821 244821 244821 244821 244821 244821 -9999 -9999 -9999 -9999 -9999 -9999 -9999 -9999 -9999 -9999 -9999 -9999 -9999 -9999 -9999 -9999 -9999 -9999 -9999 -9999 -9999 -9999 -9999
-9999 -9999 -9999 -9999 -9999 -9999 -9999 -9999 -9999 -9999 -9999 -9999 111961 111961 111961 111961 111961 111961 112553 113617 113696 113696 113696 113696 113696 113696 113696 113696 123662 202520 192004 191820 203018 212040 244821 244821 244821 244821 244821 244821 244821 244821 244821 244821 244821 244821 244821 244821 244821 -9999 -9999 -9999 -9999 -9999 -9999 -9999 -9999 -9999 -9999 -9999 -9999 -9999 -9999 -9999 -9999 -9999 -9999 -9999 -9999 -9999 -9999 -9999
-9999 -9999 -9999 -9999 -9999 -9999 -9999 -9999 -9999 -9999 -9999 -9999 -9999 111961 111961 111961 114582 208173 131668 113696 113696 113696 113696 113696 113696 113696 113696 113696 176898 244244 244821 244821 244821 244821 244821 244821 244821 244821 244821 244821 244821 244821 244821 244821 244821 244821 244821 244821 244821 -9999 -9999 -9999 -9999 -9999 -9999 -9999 -9999 -9999 -9999 -9999 -9999 -9999 -9999 -9999 -9999 -9999 -9999 -9999 -9999 -9999 -9999 -9999
-9999 -9999 -9999 -9999 -9999 -9999 -9999 -9999 -9999 -9999 -9999 -9999 -9999 111961 111961 111961 396926 546982 370822 126154 113696 113696 113696 113696 113696 113696 113696 113696 177934 242684 244821 244821 244821 244821 244821 244821 244821 244821 244821 244821 244821 244821 244821 244821 244821 244821 244821 244821 244821 -9999 -9999 -9999 -9999 -9999 -9999 -9999 -9999 -9999 -9999 -9999 -9999 -9999 -9999 -9999 -9999 -9999 -9999 -9999 -9999 -9999 -9999 -9999
-9999 -9999 -9999 -9999 -9999 -9999 -9999 -9999 -9999 -9999 -9999 -9999 -9999 -9999 111961 248612 571705 571705 535431 174245 113696 113696 113696 113696 113696 113696 113696 113696 171797 243313 244821 244821 244821 244821 244821 244821 244821 244821 244821 244821 244821 244821 244821 244821 244821 244821 244821 244821 244821 244821 -9999 -9999 -9999 -9999 -9999 -9999 -9999 -9999 -9999 -9999 -9999 -9999 -9999 -9999 -9999 -9999 -9999 -9999 -9999 -9999 -9999 -9999
-9999 -9999 -9999 -9999 -9999 -9999 -9999 -9999 -9999 -9999 -9999 -9999 -9999 -9999 111961 253421 571705 571705 568774 306701 113696 113696 113696 113696 113696 113696 113696 128841 192751 244821 244821 244821 244821 244821 244821 244821 244821 244821 244821 244821 244821 244821 244821 244821 244821 244821 244821 244821 244821 244821 -9999 -9999 -9999 -9999 -9999 -9999 -9999 -9999 -9999 -9999 -9999 -9999 -9999 -9999 -9999 -9999 -9999 -9999 -9999 -9999 -9999 -9999
-9999 -9999 -9999 -9999 -9999 -9999 -9999 -9999 -9999 -9999 -9999 -9999 -9999 -9999 111961 446320 571705 571705 571705 346823 113696 113696 113696 113696 113696 113696 113696 122468 219737 244821 244821 244821 244821 244821 244821 244821 244821 244821 244821 244821 244821 244821 244821 244821 244821 244821 244821 244821 244821 244821 -9999 -9999 -9999 -9999 -9999 -9999 -9999 -9999 -9999 -9999 -9999 -9999 -9999 -9999 -9999 -9999 -9999 -9999 -9999 -9999 -9999 -9999
