public/models/data/input/map/sulsel/2500/mapslope.asc
NCOLS 199
NROWS 249
XLLCORNER -95260.364462
YLLCORNER 9791291.912663
CELLSIZE 2500.000000
NODATA_VALUE       -9999
[rows 132 to 164 of 249, columns 75 to 149 of 199]
-9999 -9999 -9999 -9999 -9999 -9999 -9999 -9999 2.88909 2.42751 0.99075 0.60068 1.29252 10.8382 28.2544 37.0986 34.945 24.4997 20.0953 20.4768 16.7089 22.7367 20.0666 24.0119 27.752 20.7636 24.8212 20.0747 15.6827 15.8584 10.2243 3.68868 4.23535 5.27344 6.14089 9.49329 9.43826 21.8947 18.882 17.354 12.5376 7.54784 7.03739 3.02431 3.91608 -9999 -9999 -9999 -9999 -9999 -9999 -9999 -9999 -9999 -9999 -9999 -9999 -9999 -9999 -9999 -9999 -9999 -9999 -9999 -9999 -9999 -9999 -9999 -9999 -9999 -9999 -9999 -9999 -9999 -9999
-9999 -9999 -9999 -9999 -9999 -9999 -9999 -9999 8.10157 4.57966 1.12233 1.27815 15.6005 22.3131 21.9628 21.6953 22.3886 25.3013 22.8567 21.4807 15.5177 23.9059 26.2979 20.0104 15.9086 21.1326 23.3798 14.7558 15.9858 17.0101 16.3998 6.1191 5.17023 7.24072 8.92061 9.29803 9.5257 14.6356 14.745 15.6501 13.2279 10.473 8.86734 6.55704 7.04221 -9999 -9999 -9999 -9999 -9999 -9999 -9999 -9999 -9999 -9999 -9999 -9999 -9999 -9999 -9999 -9999 -9999 -9999 -9999 -9999 -9999 -9999 -9999 -9999 -9999 -9999 -9999 -9999 -9999 -9999
-9999 -9999 -9999 0 0 -9999 -9999 -9999 0.428034 0.455011 0.672682 0.880387 11.832 27.5938 28.0788 22.9217 18.2663 34.3902 39.0343 25.5402 21.1397 28.4009 16.0086 12.3887 27.2294 15.5967 24.2373 18.6794 15.0434 23.4919 18.8314 9.78044 3.33206 5.47065 9.54536 8.9951 9.46888 11.7296 12.5468 11.3233 16.2768 10.8365 13.4376 14.8025 0 -9999 -9999 -9999 -9999 -9999 -9999 -9999 -9999 -9999 -9999 -9999 -9999 -9999 -9999 -9999 -9999 -9999 -9999 -9999 -9999 -9999 -9999 -9999 -9999 -9999 -9999 -9999 -9999 -9999 -9999
-9999 -9999 -9999 0 0 -9999 -9999 -9999 0.760657 0.981787 0.657244 0.817834 2.42742 5.9147 15.5087 31.1712 19.7136 29.166 27.5136 26.6228 24.2955 21.8193 21.6131 23.7203 25.3802 18.6015 20.4003 19.1586 21.7927 22.4786 21.4811 12.1989 5.11577 7.42957 10.6509 8.383 9.93435 10.0544 15.0567 11.5754 14.2884 12.1135 11.3832 6.6534 0 -9999 -9999 -9999 -9999 -9999 -9999 -9999 -9999 -9999 -9999 -9999 -9999 -9999 -9999 -9999 -9999 -9999 -9999 -9999 -9999 -9999 -9999 -9999 -9999 -9999 -9999 -9999 -9999 -9999 -9999
-9999 -9999 -9999 -9999 -9999 -9999 0.05 0.05 0.416087 0.544625 0.527256 1.13922 1.23831 1.69026 2.55005 14.259 21.9063 23.3563 21.2641 21.2141 17.1357 19.5899 16.1171 26.3519 34.0615 30.4703 21.648 22.1297 22.1047 27.039 26.574 23.3113 9.09131 7.66494 6.90684 8.34249 12.1465 14.1283 15.3355 14.3911 11.4927 8.77058 11.1445 10.2243 -9999 -9999 -9999 -9999 -9999 -9999 -9999 -9999 -9999 -9999 -9999 -9999 -9999 -9999 -9999 -9999 -9999 -9999 -9999 -9999 -9999 -9999 -9999 -9999 -9999 -9999 -9999 -9999 -9999 -9999 -9999
-9999 -9999 -9999 -9999 -9999 -9999 0.728254 1.62729 1.0557 0.924683 0.847802 1.22359 1.30286 3.29404 14.1419 18.8661 15.734 20.2334 15.7275 16.2347 9.07531 20.5757 23.4975 39.0441 38.2381 37.0928 21.5682 24.1853 35.6442 30.746 19.8405 20.5798 22.473 15.2646 10.4444 9.2027 7.06638 9.89379 10.3263 11.1714 12.501 10.6494 11.6698 11.449 -9999 -9999 -9999 -9999 -9999 -9999 -9999 -9999 -9999 -9999 -9999 -9999 -9999 -9999 -9999 -9999 -9999 -9999 -9999 -9999 -9999 -9999 -9999 -9999 -9999 -9999 -9999 -9999 -9999 -9999 -9999
-9999 -9999 -9999 -9999 -9999 -9999 1.88244 1.30725 1.41406 1.62778 1.13221 1.28905 1.61792 1.59117 3.28417 14.2997 16.0383 16.2873 14.4628 21.1131 9.16581 27.3077 27.7974 36.1963 33.6783 35.5416 26.6297 26.5186 39.9243 22.6049 18.3183 25.7713 28.8501 20.4141 14.9613 12.3926 10.3755 10.0977 13.3379 13.0054 12.7933 10.3009 7.96558 13.4164 -9999 -9999 -9999 -9999 -9999 -9999 -9999 -9999 -9999 -9999 -9999 -9999 -9999 -9999 -9999 -9999 -9999 -9999 -9999 -9999 -9999 -9999 -9999 -9999 -9999 -9999 -9999 -9999 -9999 -9999 -9999
-9999 -9999 -9999 -9999 -9999 -9999 0.623226 1.3728 2.34637 1.88987 1.89882 1.44661 1.71717 8.7178 8.53007 3.98769 16.4061 20.7085 12.1907 24.1363 18.2647 22.6644 31.1193 34.0679 36.7701 33.7783 35.179 24.2784 26.7564 16.7387 24.5552 27.3055 25.5861 27.6996 24.2949 17.9205 12.55 10.0209 9.95688 12.7965 14.8161 13.5658 7.92942 6.96666 -9999 -9999 -9999 4.07161 4.14373 4.17979 -9999 -9999 -9999 -9999 -9999 -9999 -9999 -9999 -9999 -9999 -9999 -9999 -9999 -9999 -9999 -9999 -9999 -9999 -9999 -9999 -9999 -9999 -9999 -9999 -9999
-9999 -9999 -9999 -9999 -9999 1.44292 1.13551 1.11942 1.84087 1.77935 1.75132 1.90753 2.02663 8.2749 9.23803 10.15 14.411 15.3087 14.2329 19.1537 20.2316 22.4356 27.2194 34.0361 36.9607 34.8603 29.8758 29.227 28.695 25.0354 23.4902 25.8757 28.4309 36.5692 38.3002 19.0123 12.1604 13.7131 11.2942 12.5767 12.0983 10.9075 5.56983 4.26801 -9999 -9999 0 0.580671 2.4399 3.20601 -9999 -9999 -9999 -9999 -9999 -9999 -9999 -9999 -9999 -9999 -9999 -9999 -9999 -9999 -9999 -9999 -9999 -9999 -9999 -9999 -9999 -9999 -9999 -9999 -9999
-9999 -9999 -9999 -9999 -9999 1.17694 0.959151 1.83096 2.29009 2.01059 1.36918 2.64276 3.37225 4.42554 5.87616 10.6683 12.3967 14.212 14.4868 19.8103 28.7435 31.138 32.2897 34.6207 32.252 33.2513 33.6072 39.3621 33.8985 20.5996 17.9573 26.8635 30.9749 29.0239 29.9964 21.2561 13.8961 17.2614 12.141 12.3053 10.6096 6.58268 3.61028 1.22823 -9999 -9999 -9999 0 0 -9999 -9999 -9999 -9999 -9999 -9999 -9999 -9999 -9999 -9999 -9999 -9999 -9999 -9999 -9999 -9999 -9999 -9999 -9999 -9999 -9999 -9999 -9999 -9999 -9999 -9999
-9999 -9999 -9999 2.10411 1.18414 1.25345 1.04171 1.1627 1.90688 1.6451 3.32697 8.90884 4.78949 4.64993 9.17788 9.90779 9.33279 10.9813 14.5643 16.082 21.2646 33.9929 34.0167 23.8894 15.2766 15.9315 46.3681 37.8854 28.5201 26.2785 29.1521 31.1427 33.9576 27.9436 25.0568 27.558 19.317 13.2814 10.4597 9.80613 9.93712 4.95193 3.7428 2.26385 -9999 -9999 -9999 30.9535 9.26712 -9999 -9999 -9999 -9999 -9999 -9999 -9999 -9999 -9999 -9999 -9999 -9999 -9999 -9999 -9999 -9999 -9999 -9999 -9999 -9999 -9999 -9999 -9999 -9999 -9999 -9999
-9999 -9999 -9999 1.70237 1.18693 0.947642 1.21272 1.4584 1.26544 1.66864 2.32865 15.2589 9.50884 3.22523 8.95466 8.69474 4.33518 7.18496 10.894 16.3097 26.6167 33.5629 38.2568 37.0278 25.735 18.8935 24.997 35.4853 21.615 22.2219 30.4033 27.2116 26.8452 29.4137 24.0902 27.4905 21.4834 13.3498 13.984 11.8927 9.52255 5.57936 6.1962 -9999 -9999 -9999 -9999 30.9535 33.9794 -9999 -9999 -9999 -9999 -9999 -9999 -9999 -9999 -9999 -9999 -9999 -9999 -9999 -9999 -9999 -9999 -9999 -9999 -9999 -9999 -9999 -9999 -9999 -9999 -9999 -9999
-9999 -9999 1.39864 1.54669 1.28103 1.15897 1.65469 1.86302 1.31025 1.74883 2.19114 7.78282 12.216 13.5085 11.7527 14.9609 13.4604 15.6122 16.6007 21.37 23.9868 29.6923 36.0606 41.3212 30.0937 13.4369 19.2024 28.3284 26.0304 22.4571 33.7179 26.6839 23.5753 28.6223 22.3783 21.0684 19.7732 14.3993 11.2211 8.30919 7.94047 8.86567 4.85033 -9999 -9999 -9999 -9999 -9999 -9999 -9999 -9999 -9999 -9999 -9999 -9999 -9999 -9999 -9999 -9999 -9999 -9999 -9999 -9999 -9999 -9999 -9999 -9999 -9999 -9999 -9999 -9999 -9999 -9999 -9999 -9999
-9999 -9999 1.523 1.14926 0.889366 1.04886 1.29555 1.35752 0.882804 1.97883 2.04511 2.35587 4.47057 17.1426 19.446 13.2461 20.4853 28.92 27.6297 26.2131 31.4753 31.3377 40.2564 29.7968 21.1176 14.7922 19.1945 18.5163 25.4783 28.9055 34.6594 33.4766 28.2807 27.4429 18.9607 26.7799 21.3869 14.8736 10.9974 9.67824 11.2877 10.8849 7.79265 4.43997 -9999 -9999 -9999 -9999 -9999 -9999 -9999 -9999 -9999 -9999 -9999 -9999 -9999 -9999 -9999 -9999 -9999 -9999 -9999 -9999 -9999 -9999 -9999 -9999 -9999 -9999 -9999 -9999 -9999 -9999 -9999
-9999 -9999 2.1887 1.1053 1.17602 1.59528 1.77841 1.90169 1.35724 1.62405 1.76305 2.58016 6.64183 6.51457 9.28754 14.5493 17.9698 18.7303 24.2334 32.0515 35.9034 30.9827 34.5539 30.178 32.8064 17.9322 17.1047 18.0838 16.6393 17.9603 25.7634 27.2476 31.5421 26.621 20.9226 25.9862 21.0222 13.5103 15.7903 9.64201 9.97031 10.0056 12.1991 5.74917 4.71977 -9999 -9999 -9999 -9999 -9999 -9999 -9999 -9999 -9999 -9999 -9999 -9999 -9999 -9999 -9999 -9999 -9999 -9999 -9999 -9999 -9999 -9999 -9999 -9999 -9999 -9999 -9999 -9999 -9999 -9999
-9999 -9999 2.15477 0.951834 1.1765 1.42352 1.639 2.19222 1.56188 2.07463 9.15903 14.3377 11.4776 9.19151 8.70509 14.41 13.5507 20.4418 26.0816 25.4514 28.2466 28.7458 25.3618 27.2671 22.3231 17.7366 15.8187 17.7572 17.7435 18.7725 19.8747 23.817 28.2608 27.5073 24.8859 15.8231 18.2428 12.6827 12.2365 10.2551 9.62091 10.0196 12.7373 8.94465 4.62199 -9999 -9999 -9999 -9999 -9999 -9999 -9999 -9999 -9999 -9999 -9999 -9999 -9999 -9999 -9999 -9999 -9999 -9999 -9999 -9999 -9999 -9999 -9999 -9999 -9999 -9999 -9999 -9999 -9999 -9999
-9999 1.32615 1.52841 1.03992 1.23652 1.57145 2.27428 2.69911 2.87426 4.72944 7.44007 14.433 9.66202 8.05232 8.16369 13.5185 13.7552 21.1761 23.2221 29.5752 33.4491 28.966 22.6244 24.5379 14.9026 16.8774 12.6526 18.3569 23.4716 18.3828 17.1802 29.8623 26.2034 29.0725 20.8863 11.4587 8.63228 14.1084 14.3916 10.1162 12.0567 9.12063 9.68735 13.2549 8.24899 -9999 -9999 -9999 -9999 -9999 -9999 -9999 -9999 -9999 -9999 -9999 -9999 -9999 -9999 -9999 -9999 -9999 -9999 -9999 -9999 -9999 -9999 -9999 -9999 -9999 -9999 -9999 -9999 -9999 -9999
-9999 1.59051 1.41666 1.42135 1.93351 2.05739 2.32939 2.41329 2.73403 3.58571 10.8365 13.895 15.4455 8.09313 10.7888 15.7117 18.0118 18.3716 18.4932 25.4275 26.2106 26.6489 28.4491 21.463 20.4139 22.3445 18.7844 24.3178 30.8396 21.1209 28.1525 33.5596 26.8759 31.295 20.7678 14.6521 11.1315 13.2404 12.1379 10.0525 13.3623 9.55854 10.7791 13.7363 13.5252 -9999 -9999 -9999 -9999 -9999 -9999 -9999 -9999 -9999 -9999 -9999 -9999 -9999 -9999 -9999 -9999 -9999 -9999 -9999 -9999 -9999 -9999 -9999 -9999 -9999 -9999 -9999 -9999 -9999 -9999
-9999 1.47941 1.56655 1.60591 2.30376 2.16072 2.0484 2.48054 2.56226 4.59596 7.59207 6.55971 10.8921 8.06573 17.0671 23.5322 26.2777 30.7745 22.3363 20.941 19.0352 18.3726 17.8622 20.6856 29.676 38.7403 36.1822 38.598 30.3101 62.6384 41.0173 23.0462 11.1474 19.4525 26.1582 14.3963 11.0792 8.66635 10.362 10.5317 9.84827 11.0799 13.9741 18.3924 16.8665 13.3917 4.78505 -9999 -9999 -9999 -9999 -9999 -9999 -9999 -9999 -9999 -9999 -9999 -9999 -9999 -9999 -9999 -9999 -9999 -9999 -9999 -9999 -9999 -9999 -9999 -9999 -9999 -9999 -9999 -9999
-9999 1.64269 1.44727 2.04165 2.58574 2.31717 1.89066 2.07635 2.18726 4.99853 4.57576 9.00848 16.7593 20.1801 24.6032 26.7589 25.3719 22.8148 34.6528 32.6205 18.4398 15.1827 23.6187 26.6973 33.5574 42.0742 34.5918 62.4444 54.3694 126.113 69.6851 15.3724 13.816 18.1456 19.844 12.6751 8.93259 10.2993 12.1213 13.053 10.3573 9.95094 11.667 12.8578 9.88143 10.7706 10.5986 -9999 -9999 -9999 -9999 -9999 -9999 -9999 -9999 -9999 -9999 -9999 -9999 -9999 -9999 -9999 -9999 -9999 -9999 -9999 -9999 -9999 -9999 -9999 -9999 -9999 -9999 -9999 -9999
-9999 2.49956 1.54106 1.99869 2.27849 2.32495 2.56701 2.64186 2.4661 4.29408 3.77518 15.8204 24.0142 27.5633 29.9808 33.0607 23.4862 18.9294 31.0532 20.9343 18.1257 21.8683 20.7609 23.4359 18.6897 31.6707 58.6183 50.1773 44.0768 66.0898 34.2872 25.2614 13.6913 9.15275 6.81401 6.47291 7.06435 11.1877 9.7155 10.7289 11.8644 10.0578 12.3673 12.191 7.03935 8.95691 13.1519 18.6548 17.1436 -9999 -9999 -9999 -9999 -9999 -9999 -9999 -9999 -9999 -9999 -9999 -9999 -9999 -9999 -9999 -9999 -9999 -9999 -9999 -9999 -9999 -9999 -9999 -9999 -9999 -9999
-9999 3.92382 1.46266 1.71875 1.88391 2.01154 2.21148 2.1345 1.79243 1.91553 4.22677 19.4768 21.6427 26.6958 26.8698 35.2147 25.0075 23.0464 18.7671 18.9109 18.5544 22.8873 22.2063 19.1019 18.4147 37.4549 53.9927 59.9847 63.3394 51.9236 37.1627 18.0656 12.0148 13.0349 6.95176 5.9159 10.4935 10.3001 10.8835 18.6695 13.7431 11.6767 10.798 7.93764 7.53276 7.26764 8.35537 14.2055 9.07971 -9999 -9999 -9999 -9999 -9999 -9999 -9999 -9999 -9999 -9999 -9999 -9999 -9999 -9999 -9999 -9999 -9999 -9999 -9999 -9999 -9999 -9999 -9999 -9999 -9999 -9999
-9999 2.26174 1.22108 1.50159 1.66154 1.80735 1.71225 2.07507 2.32319 2.92636 4.0849 17.7158 22.9392 24.7875 27.2787 36.7309 36.2881 32.1379 30.6736 19.7757 18.3923 16.2418 13.6823 11.9077 13.6596 25.4178 31.3981 43.7076 53.8576 43.9221 33.2997 17.3216 11.9773 12.8713 13.3342 7.92475 10.514 9.27684 8.23713 17.3157 13.7984 11.6655 10.6199 9.23166 4.77582 5.30059 6.15614 13.1479 6.40308 -9999 -9999 -9999 -9999 -9999 -9999 -9999 -9999 -9999 -9999 -9999 -9999 -9999 -9999 -9999 -9999 -9999 -9999 -9999 -9999 -9999 -9999 -9999 -9999 -9999 -9999
-9999 2.15142 1.11959 1.42855 1.58976 1.54884 1.5151 1.95642 2.08199 2.2212 6.15645 14.7583 18.1543 20.4628 26.0154 34.2673 33.4969 39.22 33.7106 32.5219 21.0681 12.8441 15.9987 16.5885 14.7731 16.5465 18.6104 22.2666 31.8367 35.1522 20.9696 14.0204 8.56676 7.38566 7.94184 11.211 16.0278 10.7155 8.89609 9.63912 12.1362 10.3438 10.5097 7.36795 6.25974 6.76829 7.64131 12.5128 15.2836 -9999 -9999 -9999 -9999 -9999 -9999 -9999 -9999 -9999 -9999 -9999 -9999 -9999 -9999 -9999 -9999 -9999 -9999 -9999 -9999 -9999 -9999 -9999 -9999 -9999 -9999
-9999 0.751488 0.855967 0.783059 1.03084 1.00146 1.17189 1.54177 1.98342 4.34394 18.1864 27.303 26.4438 19.5166 23.2915 18.94 32.7161 37.5492 24.5742 22.9493 18.1376 17.8582 21.8319 9.67791 14.3851 13.0037 13.998 17.4462 22.7787 28.0801 20.5741 12.2269 10.4011 7.08747 7.64231 9.08226 15.4761 9.07614 6.12262 8.28317 8.64068 8.61633 11.0803 8.26627 7.16726 9.49645 9.85315 14.0046 16.1485 13.2995 -9999 -9999 -9999 -9999 -9999 -9999 -9999 -9999 -9999 -9999 -9999 -9999 -9999 -9999 -9999 -9999 -9999 -9999 -9999 -9999 -9999 -9999 -9999 -9999 -9999
-9999 1.03078 1.14028 1.00119 0.71727 0.912536 1.21627 4.14549 2.8934 5.55325 20.1538 25.468 34.5899 31.1446 18.7243 27.7002 32.7765 32.9683 27.2011 19.5532 21.2271 19.406 12.0644 11.6944 9.96253 13.7827 18.4375 27.3371 27.6158 24.6984 17.9924 11.0237 9.37321 11.7034 6.73024 6.10359 6.36049 12.2883 8.98984 7.9054 7.37705 7.02346 9.00859 7.89963 6.99113 6.21902 6.73105 9.02856 12.1042 11.7837 -9999 -9999 -9999 -9999 -9999 -9999 -9999 -9999 -9999 -9999 -9999 -9999 -9999 -9999 -9999 -9999 -9999 -9999 -9999 -9999 -9999 -9999 -9999 -9999 -9999
-9999 -9999 0.849837 1.12168 1.07925 1.02612 1.03189 5.19497 4.35851 2.30457 4.83085 14.3369 29.3494 38.1829 22.7265 17.7864 22.8085 22.1643 15.7967 19.0396 23.6401 21.2246 20.8681 14.7932 9.65309 12.4787 16.1351 25.8474 27.8312 20.0281 12.7716 7.98167 6.84776 9.63781 6.42822 6.9926 7.82349 12.8544 8.05909 6.32107 7.59514 5.90112 4.92873 4.86308 4.37443 4.71788 4.86641 6.30252 13.8323 15.6095 7.03538 -9999 -9999 -9999 -9999 -9999 -9999 -9999 -9999 -9999 -9999 -9999 -9999 -9999 -9999 -9999 -9999 -9999 -9999 -9999 -9999 -9999 -9999 -9999 -9999
-9999 -9999 -9999 1.39831 1.50688 1.08357 0.774719 1.83027 2.8112 2.49783 3.63808 8.37129 31.4844 36.6136 18.7917 20.8715 28.4232 13.772 18.3973 20.5667 18.0039 25.8438 28.9026 14.0314 10.2651 14.9318 15.2861 18.9645 16.0793 12.2166 9.16676 5.72108 7.00726 11.2761 8.40579 6.63191 7.13888 12.0528 8.59435 8.54548 5.9183 4.81511 4.77552 3.32484 5.1307 4.81942 5.55431 5.92729 6.90468 11.3875 9.44608 -9999 -9999 -9999 -9999 -9999 -9999 -9999 -9999 -9999 -9999 -9999 -9999 -9999 -9999 -9999 -9999 -9999 -9999 -9999 -9999 -9999 -9999 -9999 -9999
-9999 -9999 -9999 -9999 1.73555 1.44419 0.658437 1.07794 1.81903 2.72235 3.99045 8.10783 25.4459 25.6141 19.8436 34.349 26.7567 20.2086 20.1747 19.37 25.9723 24.4812 17.2522 9.90803 16.4376 17.5485 18.1093 12.5357 6.85151 6.03303 5.33964 4.82408 4.80363 7.73677 5.91572 7.09094 7.4391 6.82399 5.47131 4.51828 4.11186 2.8477 2.85755 2.69029 5.36288 5.82552 5.55258 4.36156 5.69685 12.071 14.9453 -9999 -9999 -9999 -9999 -9999 -9999 -9999 -9999 -9999 -9999 -9999 -9999 -9999 -9999 -9999 -9999 -9999 -9999 -9999 -9999 -9999 -9999 -9999 -9999
-9999 -9999 -9999 -9999 1.19487 1.33727 1.34734 1.43522 1.83267 1.83928 3.27295 9.39511 13.6942 16.35 22.8734 21.6436 18.2513 12.319 16.5856 16.0763 15.8297 15.8601 9.55858 9.8215 15.1734 11.0119 6.96988 4.45867 2.66183 3.75757 3.93641 3.97946 4.31979 5.42706 7.64793 7.29173 4.25455 3.44391 2.98711 2.29708 3.70754 3.60521 2.25375 -9999 -9999 3.32003 4.66711 6.75004 10.9521 11.5323 12.4897 -9999 -9999 -9999 -9999 -9999 -9999 -9999 -9999 -9999 -9999 -9999 -9999 -9999 -9999 -9999 -9999 -9999 -9999 -9999 -9999 -9999 -9999 -9999 -9999
-9999 -9999 -9999 1.50555 1.2479 1.63999 2.15627 3.6125 1.95129 4.53913 4.51348 3.50494 5.1232 13.8915 18.0077 11.0392 6.96843 10.1703 13.3868 11.8554 10.2336 8.28327 8.84362 12.24 7.31339 5.15871 1.70157 4.38969 3.48253 2.9131 2.94891 3.57964 3.80378 3.45481 3.80784 3.78868 3.3276 3.36071 2.94161 0.860659 -9999 -9999 -9999 -9999 -9999 -9999 3.94849 5.54115 7.81692 13.9544 8.51801 -9999 -9999 -9999 -9999 -9999 -9999 -9999 -9999 -9999 -9999 -9999 -9999 -9999 -9999 -9999 -9999 -9999 -9999 -9999 -9999 -9999 -9999 -9999 -9999
-9999 -9999 -9999 -9999 1.00096 1.56386 1.69297 1.59249 0.912927 3.3477 1.345 3.96965 6.81836 10.0753 7.75596 10.7412 5.71452 8.798 8.30029 9.37618 6.06393 4.93062 8.12578 8.24708 4.71975 2.17038 1.16717 -9999 -9999 -9999 3.8259 4.28804 2.13574 3.40305 3.2283 2.63648 2.43824 2.83145 -9999 -9999 -9999 -9999 -9999 -9999 -9999 -9999 2.99119 3.69111 6.84434 12.9384 10.1174 -9999 -9999 -9999 -9999 -9999 -9999 -9999 -9999 -9999 -9999 -9999 -9999 -9999 -9999 -9999 -9999 -9999 -9999 -9999 -9999 -9999 -9999 -9999 -9999
-9999 -9999 -9999 -9999 -9999 0.933243 1.3312 1.58733 -9999 2.09188 2.22045 1.74306 3.58301 7.16293 4.53856 1.86306 1.73947 5.53594 6.00269 8.11597 2.46884 6.21894 4.77047 5.22142 2.88609 2.08447 -9999 -9999 -9999 -9999 -9999 -9999 -9999 -9999 -9999 -9999 -9999 -9999 -9999 -9999 -9999 -9999 -9999 -9999 -9999 -9999 -9999 -9999 5.09051 9.30995 7.20365 3.22908 -9999 -9999 -9999 -9999 -9999 -9999 -9999 -9999 -9999 -9999 -9999 -9999 -9999 -9999 -9999 -9999 -9999 -9999 -9999 -9999 -9999 -9999 -9999
