public/models/data/input/map/sulsel/2500/mapslope.asc
NCOLS 199
NROWS 249
XLLCORNER -95260.364462
YLLCORNER 9791291.912663
CELLSIZE 2500.000000
NODATA_VALUE       -9999
[rows 99 to 131 of 249, columns 75 to 149 of 199]
-9999 -9999 -9999 -9999 -9999 -9999 -9999 -9999 -9999 -9999 -9999 1.13816 5.37678 26.3099 24.4852 27.0478 36.6553 26.0617 25.6543 22.865 17.1443 14.5056 6.83353 3.4383 2.381 2.08633 1.25338 0.957479 1.01307 1.01593 1.81708 4.90054 3.28795 1.68342 1.53751 1.53974 2.1488 4.404 4.3968 4.29734 4.50633 3.0563 2.54017 1.30409 4.09086 5.92781 3.56519 -9999 -9999 -9999 -9999 -9999 -9999 -9999 -9999 -9999 -9999 -9999 -9999 -9999 -9999 -9999 -9999 -9999 -9999 -9999 -9999 -9999 -9999 -9999 -9999 -9999 -9999 -9999 -9999
-9999 -9999 -9999 -9999 -9999 -9999 -9999 -9999 -9999 -9999 -9999 -9999 5.48319 14.4886 22.6279 25.1736 37.2826 32.7838 29.2917 29.055 24.0475 14.1791 8.68448 3.6501 2.48434 1.98145 1.38426 1.03611 1.09507 1.6412 2.4173 3.87528 2.2728 1.80787 2.51305 2.84888 2.83802 4.66949 4.37 4.6577 3.95614 3.87738 4.63782 3.07982 2.94042 4.85874 3.53947 -9999 -9999 -9999 -9999 -9999 -9999 -9999 -9999 -9999 -9999 -9999 -9999 -9999 -9999 -9999 -9999 -9999 -9999 -9999 -9999 -9999 -9999 -9999 -9999 -9999 -9999 -9999 -9999
-9999 -9999 -9999 -9999 -9999 -9999 -9999 -9999 -9999 -9999 -9999 -9999 4.82015 3.22283 6.9748 25.7211 26.7077 34.3886 26.7844 30.4517 21.553 20.0053 9.74082 3.23488 2.61357 1.80329 0.990108 1.10306 1.27809 1.58814 2.78584 6.02511 2.88239 2.30679 3.23887 2.36255 1.89598 2.88657 5.26473 4.78654 3.90099 4.18672 3.68086 4.21842 4.02842 3.57898 3.9665 -9999 -9999 -9999 -9999 -9999 -9999 -9999 -9999 -9999 -9999 -9999 -9999 -9999 -9999 -9999 -9999 -9999 -9999 -9999 -9999 -9999 -9999 -9999 -9999 -9999 -9999 -9999 -9999
-9999 -9999 -9999 -9999 -9999 -9999 -9999 -9999 -9999 -9999 -9999 -9999 1.77974 4.89541 4.98595 20.6005 34.0688 37.5773 30.189 22.9691 17.3686 19.4075 11.0029 3.95463 2.75992 2.69556 1.47043 1.45958 2.10948 2.19284 3.13706 5.79233 3.10099 2.86131 2.72563 2.1071 1.8889 1.48065 2.61808 2.56187 3.36413 4.01607 3.59083 3.51964 3.40521 2.80914 3.02632 -9999 -9999 -9999 -9999 -9999 -9999 -9999 -9999 -9999 -9999 -9999 -9999 -9999 -9999 -9999 -9999 -9999 -9999 -9999 -9999 -9999 -9999 -9999 -9999 -9999 -9999 -9999 -9999
-9999 -9999 -9999 -9999 -9999 -9999 -9999 -9999 -9999 -9999 -9999 0.543125 1.51602 5.60891 11.8384 23.7448 29.8181 31.887 30.9537 19.8158 15.843 18.4031 11.3359 5.47669 3.73298 2.61619 2.16824 2.1663 2.5955 2.32267 3.2557 5.47657 3.69903 3.60556 2.96235 2.99255 1.78144 2.12333 1.90398 2.81382 3.16556 5.60332 5.09623 4.29987 4.84562 4.02788 4.04068 -9999 -9999 -9999 -9999 -9999 -9999 -9999 -9999 -9999 -9999 -9999 -9999 -9999 -9999 -9999 -9999 -9999 -9999 -9999 -9999 -9999 -9999 -9999 -9999 -9999 -9999 -9999 -9999
-9999 -9999 -9999 -9999 -9999 -9999 -9999 -9999 -9999 -9999 -9999 2.51637 3.24405 3.27658 13.4225 19.5039 23.6608 30.5232 29.7617 23.6572 18.6266 15.2294 11.8979 6.73908 3.60583 2.91242 1.89828 2.15929 2.81058 2.20213 3.83951 6.1271 4.62137 4.39654 3.62927 5.078 5.84425 4.61132 2.06626 3.18009 3.63618 3.14111 2.32884 3.80266 5.45421 3.68689 3.56813 -9999 -9999 -9999 -9999 -9999 -9999 -9999 -9999 -9999 -9999 -9999 -9999 -9999 -9999 -9999 -9999 -9999 -9999 -9999 -9999 -9999 -9999 -9999 -9999 -9999 -9999 -9999 -9999
-9999 -9999 -9999 -9999 -9999 -9999 -9999 -9999 -9999 -9999 -9999 -9999 1.89138 0.797867 4.43479 15.5457 25.0459 31.2643 24.3993 20.2467 25.1142 20.3754 18.203 9.59776 3.80757 2.56475 2.06183 1.72289 2.11374 2.23511 4.77713 6.24762 3.907 4.43516 5.90321 5.41703 4.89727 4.3633 3.18364 3.35304 3.60053 3.1921 4.15996 6.56363 7.66204 4.64874 2.72433 -9999 -9999 -9999 -9999 -9999 -9999 -9999 -9999 -9999 -9999 -9999 -9999 -9999 -9999 -9999 -9999 -9999 -9999 -9999 -9999 -9999 -9999 -9999 -9999 -9999 -9999 -9999 -9999
-9999 -9999 -9999 -9999 -9999 -9999 -9999 -9999 -9999 -9999 -9999 -9999 -9999 5.14317 3.91313 17.3738 24.1485 25.1455 25.7559 20.7625 26.4829 27.1754 14.4948 8.93873 3.82103 2.71766 1.99159 1.93433 2.18885 3.0337 4.50261 6.05061 4.74814 3.20181 6.25285 4.91743 4.06619 5.31901 4.77397 3.554 3.61551 4.07563 3.63732 7.10274 4.80938 2.28513 4.35342 -9999 -9999 -9999 -9999 -9999 -9999 -9999 -9999 -9999 -9999 -9999 -9999 -9999 -9999 -9999 -9999 -9999 -9999 -9999 -9999 -9999 -9999 -9999 -9999 -9999 -9999 -9999 -9999
-9999 -9999 -9999 -9999 -9999 -9999 -9999 -9999 -9999 -9999 -9999 -9999 -9999 1.86502 4.75346 20.7994 26.8712 20.3183 29.0237 27.4682 27.2631 24.3563 15.6819 11.1728 5.1368 2.25911 1.91845 2.04422 2.49879 3.65631 4.82656 6.56719 4.67752 3.51155 4.24769 4.67277 5.98849 9.52817 7.05715 4.98632 6.91494 5.80499 4.10282 5.64138 4.28683 2.14952 2.80975 5.49155 -9999 -9999 -9999 -9999 -9999 -9999 -9999 -9999 -9999 -9999 -9999 -9999 -9999 -9999 -9999 -9999 -9999 -9999 -9999 -9999 -9999 -9999 -9999 -9999 -9999 -9999 -9999
-9999 -9999 -9999 -9999 -9999 -9999 -9999 -9999 -9999 -9999 -9999 -9999 -9999 1.7929 3.50218 14.4369 17.9889 15.2555 25.7039 34.559 40.3607 34.4407 26.1112 18.7783 7.14652 3.28756 1.99369 2.25125 2.7024 3.47108 4.91649 7.31603 6.19112 4.54387 4.96065 5.47303 6.7649 4.88954 5.22213 7.84767 5.60669 5.11414 5.43291 4.13553 4.69606 4.1904 3.40847 5.76912 -9999 -9999 -9999 -9999 -9999 -9999 -9999 -9999 -9999 -9999 -9999 -9999 -9999 -9999 -9999 -9999 -9999 -9999 -9999 -9999 -9999 -9999 -9999 -9999 -9999 -9999 -9999
-9999 -9999 -9999 -9999 -9999 -9999 -9999 -9999 -9999 -9999 -9999 -9999 1.34613 3.6154 9.15211 10.1672 21.0371 21.0791 32.1174 37.3078 43.224 35.4004 30.6565 30.5348 13.0201 4.80446 2.27872 2.42596 3.35012 3.41461 5.99793 7.9986 6.02883 5.08399 5.28162 5.86597 5.95977 6.23299 4.81323 5.95611 4.69891 4.96711 4.06039 2.78057 3.85994 4.50404 3.78432 -9999 -9999 -9999 -9999 -9999 -9999 -9999 -9999 -9999 -9999 -9999 -9999 -9999 -9999 -9999 -9999 -9999 -9999 -9999 -9999 -9999 -9999 -9999 -9999 -9999 -9999 -9999 -9999
-9999 -9999 -9999 -9999 -9999 -9999 -9999 -9999 -9999 -9999 -9999 1.65737 1.87557 4.65207 10.8866 11.0404 9.71698 22.6234 34.5335 36.8799 42.2082 34.6655 34.1737 32.8766 19.0812 5.75662 3.00885 3.21502 5.32867 4.60112 5.94737 8.79149 7.23215 6.21251 8.36234 6.3961 10.9212 8.00494 6.2128 5.6268 6.64989 4.35511 5.294 3.10762 2.26338 0 -9999 -9999 -9999 -9999 -9999 -9999 -9999 -9999 -9999 -9999 -9999 -9999 -9999 -9999 -9999 -9999 -9999 -9999 -9999 -9999 -9999 -9999 -9999 -9999 -9999 -9999 -9999 -9999 -9999
-9999 -9999 -9999 -9999 -9999 -9999 -9999 -9999 -9999 -9999 -9999 3.08291 3.14788 2.3511 12.4932 12.2207 7.44695 15.122 39.8341 37.3464 40.2784 31.7639 26.338 31.8514 21.2998 7.76904 4.38224 3.7864 6.28411 6.53367 4.69271 8.56546 10.4565 9.86412 7.68107 5.82944 7.8531 12.3231 9.58498 8.66952 7.08506 3.55825 3.65412 4.51369 3.24964 0 -9999 -9999 -9999 -9999 -9999 -9999 -9999 -9999 -9999 -9999 -9999 -9999 -9999 -9999 -9999 -9999 -9999 -9999 -9999 -9999 -9999 -9999 -9999 -9999 -9999 -9999 -9999 -9999 -9999
-9999 -9999 -9999 -9999 -9999 -9999 -9999 -9999 -9999 -9999 -9999 0.877142 1.20241 8.23222 15.9722 20.2897 15.2572 13.4569 47.7485 32.3393 40.6416 46.2152 36.8 28.6733 23.3303 9.20199 5.88311 3.81602 8.12891 11.6534 7.36285 13.5993 7.4098 8.55571 7.98202 7.80839 5.91297 6.20365 10.9614 17.2685 13.065 7.23757 3.14562 3.74865 5.13495 5.83439 7.9891 -9999 -9999 -9999 -9999 -9999 -9999 -9999 -9999 -9999 -9999 -9999 -9999 -9999 -9999 -9999 -9999 -9999 -9999 -9999 -9999 -9999 -9999 -9999 -9999 -9999 -9999 -9999 -9999
-9999 -9999 -9999 -9999 -9999 -9999 -9999 -9999 -9999 -9999 -9999 1.02349 1.15999 12.0405 17.7832 19.7795 18.9559 11.5615 39.766 31.3007 36.7991 45.6586 48.438 34.051 23.9956 12.6036 5.50038 4.87254 9.01224 13.5804 9.07437 14.3996 7.98468 9.11822 7.36653 10.3232 7.18585 10.8588 9.19946 9.30082 11.1426 11.0599 6.60997 5.97565 5.18522 4.41222 8.86595 9.05614 9.00292 -9999 -9999 -9999 -9999 -9999 -9999 -9999 -9999 -9999 -9999 -9999 -9999 -9999 -9999 -9999 -9999 -9999 -9999 -9999 -9999 -9999 -9999 -9999 -9999 -9999 -9999
-9999 -9999 -9999 -9999 -9999 -9999 -9999 -9999 -9999 -9999 -9999 1.95385 2.35725 11.1317 17.7459 18.2098 19.0189 12.9579 26.4015 38.2746 31.6954 36.4308 32.9124 36.7721 30.469 12.4291 8.43665 6.89581 10.2391 12.9669 12.8207 14.0682 11.2792 13.599 10.2767 10.4327 7.06381 11.0209 7.84766 10.2251 9.85448 9.40996 7.85578 7.48054 5.07483 4.09155 5.59716 10.1831 11.0303 -9999 -9999 -9999 -9999 -9999 -9999 -9999 -9999 -9999 -9999 -9999 -9999 -9999 -9999 -9999 -9999 -9999 -9999 -9999 -9999 -9999 -9999 -9999 -9999 -9999 -9999
-9999 -9999 -9999 -9999 -9999 -9999 -9999 -9999 -9999 -9999 -9999 1.56156 4.07254 11.3775 6.43994 16.5428 14.6609 13.3291 20.6955 30.3037 34.5207 36.6382 25.0726 20.4537 22.3869 14.901 10.6825 8.71933 8.73957 13.6103 14.2928 10.0513 9.07705 12.4862 9.04533 6.7606 7.9495 9.25905 6.88575 8.08643 7.40194 8.00647 8.70272 8.14642 6.52814 5.32292 3.42136 9.13029 6.74896 -9999 -9999 -9999 -9999 -9999 -9999 -9999 -9999 -9999 -9999 -9999 -9999 -9999 -9999 -9999 -9999 -9999 -9999 -9999 -9999 -9999 -9999 -9999 -9999 -9999 -9999
-9999 -9999 -9999 -9999 -9999 -9999 -9999 -9999 -9999 -9999 -9999 1.64589 4.51249 14.9702 17.0683 11.8978 10.0797 12.0971 26.8949 28.0476 26.8232 22.9131 22.7663 18.8021 16.0226 27.302 12.352 6.52041 6.46009 22.8722 9.36335 6.27189 5.88112 11.4593 11.062 7.04636 7.25403 11.2641 8.38454 11.1286 8.99449 5.2874 6.9331 6.96415 5.68557 4.28821 3.118 3.22823 -9999 -9999 -9999 -9999 -9999 -9999 -9999 -9999 -9999 -9999 -9999 -9999 -9999 -9999 -9999 -9999 -9999 -9999 -9999 -9999 -9999 -9999 -9999 -9999 -9999 -9999 -9999
-9999 -9999 -9999 -9999 -9999 -9999 -9999 -9999 -9999 -9999 -9999 4.31676 9.72486 17.5079 23.7177 13.2994 5.99861 13.8402 34.1832 22.7185 15.2127 15.1276 21.1096 41.0784 29.8378 21.0216 10.239 6.67148 4.167 10.6264 5.79642 4.8003 6.16258 15.4586 10.5039 11.2682 13.4044 16.3933 9.86898 12.2366 7.49033 5.52755 5.71075 7.0527 6.61677 5.13008 2.75994 1.94638 -9999 -9999 -9999 -9999 -9999 -9999 -9999 -9999 -9999 -9999 -9999 -9999 -9999 -9999 -9999 -9999 -9999 -9999 -9999 -9999 -9999 -9999 -9999 -9999 -9999 -9999 -9999
-9999 -9999 -9999 -9999 -9999 -9999 -9999 -9999 -9999 -9999 -9999 4.44744 14.5149 20.2853 29.962 25.4495 16.32 20.912 36.2447 25.0298 18.9444 18.2992 22.9781 42.95 43.1413 22.0347 12.0215 8.8562 5.84638 8.64477 4.55681 5.42652 7.25074 18.0539 22.0053 18.7207 19.7932 10.7892 13.0111 9.24054 7.01217 7.98097 5.33646 4.81266 6.25811 6.24228 3.69405 3.43859 -9999 -9999 -9999 -9999 -9999 -9999 -9999 -9999 -9999 -9999 -9999 -9999 -9999 -9999 -9999 -9999 -9999 -9999 -9999 -9999 -9999 -9999 -9999 -9999 -9999 -9999 -9999
-9999 -9999 -9999 -9999 -9999 -9999 -9999 -9999 -9999 -9999 0.947064 0.668368 5.8173 30.0834 36.6816 32.0666 13.3992 25.1066 36.0832 30.1383 33.0106 36.7996 37.9306 48.7742 43.0475 29.5519 18.1252 11.0109 6.14593 6.21275 4.12686 4.81025 11.5152 18.943 22.9389 21.7509 21.1109 15.8685 13.8547 9.52868 10.2708 8.97729 7.48439 5.92212 8.23399 6.56911 5.61765 6.11361 -9999 -9999 -9999 -9999 -9999 -9999 -9999 -9999 -9999 -9999 -9999 -9999 -9999 -9999 -9999 -9999 -9999 -9999 -9999 -9999 -9999 -9999 -9999 -9999 -9999 -9999 -9999
-9999 -9999 -9999 -9999 -9999 -9999 -9999 -9999 -9999 1.76104 2.53861 1.43556 1.01589 23.6922 29.1914 31.1682 21.8743 18.5079 32.7892 30.2629 29.7326 27.2492 34.7767 43.5384 42.4084 39.1377 32.8604 20.1359 7.43497 5.19449 3.36672 3.37309 10.7846 15.0705 22.6322 20.7069 20.1857 17.4029 14.6913 13.4635 12.8313 12.3151 10.0395 6.24201 7.56091 6.58231 6.10862 8.23321 8.66452 7.92706 -9999 -9999 -9999 -9999 -9999 -9999 -9999 -9999 -9999 -9999 -9999 -9999 -9999 -9999 -9999 -9999 -9999 -9999 -9999 -9999 -9999 -9999 -9999 -9999 -9999
-9999 -9999 -9999 -9999 -9999 -9999 -9999 -9999 -9999 0.940789 1.04746 0.784808 1.15365 20.0959 36.4336 24.5601 22.2631 20.9193 29.4923 30.8433 26.0345 27.8781 17.3587 22.2606 30.4807 40.2486 36.6657 13.0064 8.08777 7.01007 4.19782 2.83852 7.39715 17.9742 23.531 31.9998 20.5155 11.28 10.454 14.1204 8.81161 9.15364 7.16088 6.49488 8.07663 11.2202 8.70329 9.37602 8.48134 9.1563 12.6024 -9999 -9999 -9999 -9999 -9999 -9999 -9999 -9999 -9999 -9999 -9999 -9999 -9999 -9999 -9999 -9999 -9999 -9999 -9999 -9999 -9999 -9999 -9999 -9999
-9999 -9999 -9999 -9999 -9999 -9999 -9999 -9999 -9999 1.12213 0.940824 1.36285 2.15338 12.6718 25.8268 25.0317 20.3651 17.0345 25.7762 34.7308 29.0591 35.0541 21.8237 20.123 18.6593 31.9941 27.549 7.81033 9.11886 5.4617 3.94187 3.27575 4.03198 17.8038 28.6749 32.4685 16.013 11.1147 8.80654 10.6065 9.08458 10.1134 8.20093 8.12569 6.54181 9.45688 6.0837 7.73468 6.85017 6.99113 3.23296 -9999 -9999 -9999 -9999 -9999 -9999 -9999 -9999 -9999 -9999 -9999 -9999 -9999 -9999 -9999 -9999 -9999 -9999 -9999 -9999 -9999 -9999 -9999 -9999
-9999 -9999 -9999 -9999 -9999 -9999 -9999 -9999 -9999 0.818507 1.09429 1.61329 2.36097 6.25016 15.9517 26.0418 25.2631 15.4551 27.6758 35.1164 32.8096 29.4995 22.5681 19.0362 24.7184 31.218 32.0752 8.62322 7.47602 5.59946 5.13055 4.65859 4.12225 16.5577 28.633 29.5644 20.7321 18.329 9.76061 8.0477 7.22204 6.29234 5.77629 7.00872 8.20629 17.2439 8.39064 8.09362 9.45239 5.17343 -9999 -9999 -9999 -9999 -9999 -9999 -9999 -9999 -9999 -9999 -9999 -9999 -9999 -9999 -9999 -9999 -9999 -9999 -9999 -9999 -9999 -9999 -9999 -9999 -9999
-9999 0 -9999 -9999 -9999 -9999 -9999 -9999 1.42564 0.796033 0.891878 1.45986 2.00663 11.6086 18.2615 23.2477 25.2049 11.6535 12.5585 27.545 18.9745 25.2522 24.5314 22.9177 29.4545 27.8227 29.661 12.8919 6.80874 5.18099 5.35952 6.04168 4.96168 14.7395 31.1786 33.7507 21.3624 25.5709 21.9181 15.5851 12.6913 11.1279 9.74232 10.161 10.8674 13.2847 8.72835 8.26021 9.8453 -9999 -9999 -9999 -9999 -9999 -9999 -9999 -9999 -9999 -9999 -9999 -9999 -9999 -9999 -9999 -9999 -9999 -9999 -9999 -9999 -9999 -9999 -9999 -9999 -9999 -9999
-9999 0 -9999 -9999 -9999 -9999 -9999 2.21876 0.953014 0.78708 0.943022 1.31144 1.56612 16.9706 14.5113 24.3469 26.3688 20.1742 13.4306 26.8026 16.9623 20.386 35.1914 34.5738 30.7554 25.6277 29.3653 17.7508 7.69752 4.63483 4.90088 5.59603 4.7375 13.5436 29.2059 27.3325 18.1575 26.7254 19.0222 16.8559 12.7485 13.8258 9.28253 7.80293 6.90897 6.59781 8.75163 7.91955 -9999 -9999 -9999 -9999 -9999 -9999 -9999 -9999 -9999 -9999 -9999 -9999 -9999 -9999 -9999 -9999 -9999 -9999 -9999 -9999 -9999 -9999 -9999 -9999 -9999 -9999 -9999
-9999 -9999 -9999 -9999 2.20883 -9999 -9999 1.7765 0.80449 0.521144 1.19984 1.3286 1.66012 11.9497 10.4402 24.0222 27.0409 24.2115 23.5103 25.3035 28.0775 45.3905 32.1616 20.5387 19.3117 26.5305 30.25 19.3348 9.50636 4.69032 4.85092 4.11651 4.24285 7.04246 25.0735 31.1247 22.5703 24.3048 19.1609 18.4189 13.6636 12.4237 10.1308 7.88 7.60762 7.49441 8.42021 6.9253 -9999 -9999 -9999 -9999 -9999 -9999 -9999 -9999 -9999 -9999 -9999 -9999 -9999 -9999 -9999 -9999 -9999 -9999 -9999 -9999 -9999 -9999 -9999 -9999 -9999 -9999 -9999
-9999 -9999 -9999 -9999 -9999 -9999 -9999 0.708588 0.743392 0.717681 1.18535 1.74046 2.29264 7.57889 9.66515 17.7483 28.8248 24.9159 18.3482 16.672 25.6597 39.4471 32.5973 36.8613 27.8385 37.9066 24.0294 17.189 11.2 7.1796 5.10875 4.79946 4.53608 4.7967 16.4478 34.0602 31.5559 30.6202 22.3517 16.8517 14.6732 13.0863 9.24439 6.60958 7.97801 8.41203 7.55734 4.46564 -9999 -9999 -9999 -9999 -9999 -9999 -9999 -9999 -9999 -9999 -9999 -9999 -9999 -9999 -9999 -9999 -9999 -9999 -9999 -9999 -9999 -9999 -9999 -9999 -9999 -9999 -9999
-9999 -9999 -9999 -9999 -9999 -9999 -9999 0.603776 3.82243 5.62824 4.71376 1.5067 4.92276 20.6507 20.0123 17.7353 26.5207 24.9535 20.9288 15.0096 16.6597 42.0523 44.1927 41.3447 27.1606 20.2363 13.872 10.8267 9.06131 8.49174 5.64049 5.10086 5.35821 5.51821 13.1581 29.5452 25.1138 30.096 23.4677 16.2671 10.0068 10.7633 9.34494 7.94379 8.24953 7.80504 4.71392 3.50764 -9999 -9999 -9999 -9999 -9999 -9999 -9999 -9999 -9999 -9999 -9999 -9999 -9999 -9999 -9999 -9999 -9999 -9999 -9999 -9999 -9999 -9999 -9999 -9999 -9999 -9999 -9999
-9999 -9999 -9999 -9999 -9999 -9999 0.871619 0.793623 0.949685 2.62138 4.55656 9.77607 14.5365 26.4448 32.0903 26.1484 19.7179 23.9277 17.7539 11.4617 15.4715 32.0935 27.1201 19.4742 11.739 13.6166 10.6401 8.44186 11.9455 12.8444 6.80695 4.02701 4.63045 4.29161 7.06357 18.7656 24.6789 18.6833 21.8752 17.9712 11.3826 9.69908 10.4422 9.77995 9.201 6.87454 3.55925 -9999 -9999 -9999 -9999 -9999 -9999 -9999 -9999 -9999 -9999 -9999 -9999 -9999 -9999 -9999 -9999 -9999 -9999 -9999 -9999 -9999 -9999 -9999 -9999 -9999 -9999 -9999 -9999
-9999 -9999 -9999 0 -9999 -9999 -9999 0.968428 0.727926 0.660967 0.883541 9.58683 31.2159 35.9858 32.3713 27.1172 18.5809 13.5649 16.2607 15.7182 15.6514 23.736 18.3735 26.2196 13.1805 11.1667 8.14672 11.8467 14.5499 9.45629 6.35333 4.40004 4.20581 4.52169 4.33821 11.857 29.1261 19.6332 23.6996 16.4392 15.3826 11.4844 10.1408 8.72621 7.30891 3.40851 3.26554 -9999 -9999 -9999 -9999 -9999 -9999 -9999 -9999 -9999 -9999 -9999 -9999 -9999 -9999 -9999 -9999 -9999 -9999 -9999 -9999 -9999 -9999 -9999 -9999 -9999 -9999 -9999 -9999
-9999 -9999 -9999 0 -9999 -9999 -9999 1.44935 1.21258 0.573978 0.54148 2.21479 14.714 33.0672 36.2204 32.5825 19.0181 15.354 15.6885 20.2027 21.1131 20.2451 22.8873 26.9546 25.5932 13.7386 20.8202 17.3804 16.7868 10.8341 6.23341 4.87493 4.43268 5.86323 5.19725 7.70414 15.8646 26.3218 19.1332 17.402 19.4768 12.4391 7.29172 4.60598 6.47478 -9999 -9999 -9999 -9999 -9999 -9999 -9999 -9999 -9999 -9999 -9999 -9999 -9999 -9999 -9999 -9999 -9999 -9999 -9999 -9999 -9999 -9999 -9999 -9999 -9999 -9999 -9999 -9999 -9999 -9999
