public/models/data/input/map/sulsel/2500/mapslope.asc
NCOLS 199
NROWS 249
XLLCORNER -95260.364462
YLLCORNER 9791291.912663
CELLSIZE 2500.000000
NODATA_VALUE       -9999
[rows 0 to 32 of 249, columns 75 to 149 of 199]
-9999 -9999 -9999 -9999 -9999 -9999 -9999 -9999 -9999 -9999 -9999 -9999 -9999 -9999 -9999 -9999 -9999 -9999 -9999 -9999 -9999 -9999 -9999 -9999 -9999 -9999 -9999 -9999 -9999 -9999 -9999 -9999 -9999 -9999 -9999 -9999 -9999 -9999 -9999 -9999 -9999 -9999 -9999 -9999 -9999 -9999 11.4662 21.2928 22.627 -9999 -9999 -9999 -9999 -9999 -9999 -9999 -9999 -9999 -9999 -9999 -9999 -9999 -9999 -9999 -9999 -9999 -9999 -9999 -9999 -9999 -9999 -9999 -9999 -9999 -9999
-9999 -9999 -9999 -9999 -9999 -9999 -9999 -9999 -9999 -9999 -9999 -9999 -9999 -9999 -9999 -9999 -9999 -9999 -9999 -9999 -9999 -9999 -9999 -9999 -9999 -9999 -9999 -9999 -9999 -9999 -9999 -9999 -9999 -9999 -9999 -9999 -9999 -9999 -9999 -9999 -9999 -9999 -9999 -9999 -9999 -9999 11.0545 19.8925 28.9667 43.8998 -9999 -9999 -9999 -9999 -9999 -9999 -9999 -9999 -9999 -9999 -9999 -9999 -9999 -9999 -9999 -9999 -9999 -9999 -9999 -9999 -9999 -9999 -9999 -9999 -9999
-9999 -9999 -9999 -9999 -9999 -9999 -9999 -9999 -9999 -9999 -9999 -9999 -9999 -9999 -9999 -9999 -9999 -9999 -9999 -9999 -9999 -9999 -9999 -9999 -9999 -9999 -9999 -9999 -9999 24.8624 24.2011 -9999 -9999 -9999 -9999 -9999 -9999 -9999 -9999 -9999 -9999 -9999 -9999 -9999 -9999 7.80408 10.3782 15.0731 21.7625 27.5361 21.5347 -9999 -9999 -9999 -9999 -9999 -9999 -9999 -9999 -9999 -9999 -9999 -9999 -9999 -9999 -9999 -9999 -9999 -9999 -9999 -9999 -9999 -9999 -9999 -9999
-9999 -9999 -9999 -9999 -9999 -9999 -9999 -9999 -9999 -9999 -9999 -9999 -9999 -9999 -9999 -9999 -9999 -9999 -9999 -9999 -9999 -9999 -9999 -9999 -9999 -9999 -9999 24.9727 33.1152 32.3257 25.2946 21.9239 27.4928 21.3483 28.7658 -9999 -9999 -9999 -9999 -9999 -9999 -9999 -9999 -9999 -9999 5.05281 10.2998 16.33 19.5739 16.3483 20.347 20.1436 -9999 -9999 -9999 -9999 -9999 -9999 -9999 -9999 -9999 -9999 -9999 -9999 -9999 -9999 -9999 -9999 -9999 -9999 -9999 -9999 -9999 -9999 -9999
-9999 -9999 -9999 -9999 -9999 -9999 -9999 -9999 -9999 -9999 -9999 -9999 -9999 -9999 -9999 -9999 -9999 -9999 -9999 -9999 -9999 -9999 -9999 -9999 -9999 -9999 -9999 28.4997 34.9145 29.8684 25.8656 24.6141 31.9402 30.7358 30.9256 24.4523 -9999 -9999 -9999 -9999 -9999 -9999 -9999 -9999 -9999 4.9193 8.00305 13.9907 17.6528 9.36177 10.6195 21.5016 -9999 -9999 -9999 -9999 -9999 -9999 -9999 -9999 -9999 -9999 -9999 -9999 -9999 -9999 -9999 -9999 -9999 -9999 -9999 -9999 -9999 -9999 -9999
-9999 -9999 -9999 -9999 -9999 -9999 -9999 -9999 -9999 -9999 -9999 -9999 -9999 -9999 -9999 -9999 -9999 -9999 -9999 -9999 -9999 -9999 -9999 23.5006 24.0404 -9999 23.42 37.7608 38.8212 29.8477 28.9581 29.0144 24.929 31.1938 29.7254 24.4986 21.6311 38.2717 -9999 13.4072 24.9938 17.3536 13.3036 -9999 -9999 7.35858 7.03518 8.41161 17.98 12.4251 4.88895 17.2775 21.7904 -9999 -9999 -9999 -9999 -9999 -9999 -9999 -9999 -9999 -9999 -9999 -9999 -9999 -9999 -9999 -9999 -9999 -9999 -9999 -9999 -9999 -9999
-9999 -9999 -9999 -9999 -9999 -9999 -9999 -9999 -9999 -9999 -9999 -9999 -9999 -9999 -9999 -9999 -9999 -9999 -9999 -9999 -9999 21.0094 18.9624 24.1184 25.6439 18.8632 25.4639 35.6885 35.6872 33.6807 31.5563 23.1023 17.0705 25.2063 33.1137 29.1729 23.2644 42.7293 43.8257 38.39 32.8619 21.3263 19.6126 23.7846 17.9819 16.5199 9.77109 10.466 15.9485 16.8258 5.27061 12.2339 26.404 24.9717 -9999 -9999 -9999 -9999 -9999 -9999 -9999 -9999 -9999 -9999 -9999 -9999 -9999 -9999 -9999 -9999 -9999 -9999 -9999 -9999 -9999
-9999 -9999 -9999 -9999 -9999 -9999 -9999 -9999 -9999 -9999 -9999 -9999 -9999 -9999 -9999 -9999 -9999 -9999 -9999 -9999 -9999 28.1934 24.4107 24.806 21.8816 20.2239 21.5569 27.3963 27.9108 24.451 22.1011 24.741 15.7147 23.7829 31.9362 32.2839 25.7282 29.6132 41.7716 42.2037 37.8348 28.3533 26.6693 33.0194 21.3161 18.8032 10.3764 12.3001 14.302 18.5422 5.00857 7.61486 19.5617 28.016 11.0433 -9999 -9999 -9999 -9999 -9999 -9999 -9999 -9999 -9999 -9999 -9999 -9999 -9999 -9999 -9999 -9999 -9999 -9999 -9999 -9999
-9999 -9999 -9999 -9999 -9999 -9999 -9999 -9999 -9999 -9999 -9999 -9999 -9999 -9999 -9999 -9999 -9999 -9999 -9999 -9999 -9999 31.0431 26.076 21.8039 17.7599 13.2907 24.2882 25.6897 29.3404 33.5723 27.6253 25.5486 18.2829 27.2336 32.8871 24.8736 18.8589 19.3841 27.464 35.6061 29.6154 11.9974 25.5295 38.2211 26.8886 21.8559 9.68297 9.95698 18.3854 23.8904 17.3739 18.1956 23.956 27.9683 21.4397 -9999 -9999 -9999 -9999 -9999 -9999 -9999 -9999 -9999 -9999 -9999 -9999 -9999 -9999 -9999 -9999 -9999 -9999 -9999 -9999
-9999 -9999 -9999 -9999 -9999 -9999 -9999 -9999 -9999 -9999 -9999 -9999 -9999 -9999 -9999 -9999 -9999 -9999 -9999 19.4444 30.5844 43.3664 29.8576 21.8726 16.5227 17.7132 24.1906 18.6211 22.2974 29.4399 25.9328 24.8997 24.2532 30.0503 32.3448 23.1327 15.477 17.1114 12.3474 19.6996 24.0273 20.8767 14.7676 29.4594 39.7365 26.9488 14.2408 11.1106 14.7763 18.2799 29.2806 20.1788 31.5275 35.6469 26.0914 15.4952 10.6891 -9999 -9999 -9999 -9999 -9999 -9999 -9999 -9999 -9999 -9999 -9999 -9999 -9999 -9999 -9999 -9999 -9999 -9999
-9999 -9999 -9999 -9999 -9999 -9999 -9999 -9999 -9999 -9999 -9999 -9999 -9999 -9999 -9999 -9999 -9999 -9999 5.18803 20.5535 22.9692 29.9218 20.2259 17.8627 16.6524 22.2374 18.0485 19.4888 15.7702 20.4122 30.3352 36.8767 33.1722 27.8681 20.3041 19.2748 23.5528 21.4171 16.7218 18.6504 17.609 19.9754 12.858 10.2349 28.0551 28.291 22.9564 8.87479 7.96051 13.424 29.0925 15.533 25.608 41.0536 33.5794 28.8505 24.9901 -9999 -9999 -9999 -9999 -9999 -9999 -9999 -9999 -9999 -9999 -9999 -9999 -9999 -9999 -9999 -9999 -9999 -9999
-9999 -9999 -9999 -9999 -9999 -9999 -9999 -9999 -9999 -9999 -9999 -9999 -9999 -9999 -9999 -9999 -9999 22.2033 23.2548 23.8682 21.7842 21.8048 19.8625 19.9068 19.789 16.2826 15.9565 20.8317 16.5467 23.6776 32.8145 33.8366 30.4354 28.4856 23.3408 27.1396 27.2761 23.4368 23.2357 16.5772 14.3252 15.6342 19.0383 12.1095 12.1017 28.0543 28.1435 10.8402 11.418 17.1115 26.3674 20.8557 25.2439 30.2927 34.804 37.1447 38.1887 30.4153 26.8375 -9999 -9999 -9999 -9999 -9999 -9999 -9999 -9999 -9999 -9999 -9999 -9999 -9999 -9999 -9999 -9999
-9999 -9999 -9999 -9999 -9999 -9999 -9999 -9999 -9999 -9999 -9999 -9999 -9999 -9999 -9999 -9999 18.7341 21.3851 26.889 25.4616 19.7587 22.656 27.3873 19.4951 18.413 10.4771 12.1044 15.1081 20.4867 27.3898 32.4644 34.6994 29.4429 29.4161 28.1153 32.7316 26.1522 30.9897 25.719 20.5619 15.445 12.9255 19.2338 22.378 9.03854 15.0906 27.0596 23.7271 12.2179 15.216 20.2693 24.643 22.0192 24.382 26.9206 35.4713 44.9795 39.445 35.3243 25.6507 20.9873 -9999 -9999 -9999 -9999 -9999 -9999 -9999 -9999 -9999 -9999 -9999 -9999 -9999 -9999
-9999 -9999 -9999 -9999 -9999 -9999 -9999 -9999 -9999 -9999 -9999 -9999 -9999 -9999 27.5769 22.4053 19.5373 26.7611 27.4025 32.974 23.6744 23.9645 23.375 20.3743 10.6631 8.59209 8.27161 8.34719 18.863 23.9624 24.4274 35.906 29.7006 33.1049 27.5017 28.0373 26.127 31.4721 31.2566 25.7296 20.6763 15.8984 28.5566 24.9444 14.4812 17.3971 32.1525 37.4666 22.0341 12.3427 17.678 25.5504 23.1934 7.74911 11.0187 19.8109 42.3747 53.4863 50.3794 27.1091 17.6418 -9999 -9999 -9999 -9999 -9999 -9999 -9999 -9999 -9999 -9999 -9999 -9999 -9999 -9999
-9999 -9999 -9999 -9999 -9999 -9999 -9999 -9999 -9999 -9999 -9999 -9999 -9999 19.6796 21.1256 31.1186 24.7905 23.1402 37.4242 33.7526 26.6054 25.0798 21.3049 11.2246 4.61344 4.40796 4.59682 7.06058 11.4683 15.1811 19.5073 35.6491 34.3686 26.3779 23.7374 26.6901 23.7115 17.4754 30.1277 24.5669 24.7371 23.8059 32.3878 25.4925 16.2245 23.9506 32.8766 42.7843 37.7637 19.2131 13.6055 19.1921 28.1496 26.9777 20.539 13.6549 23.6113 50.5264 57.9465 46.2874 25.6291 23.1637 20.3306 17.3643 13.9877 10.7885 12.7466 14.5998 18.99 14.8619 23.5049 33.0995 19.9524 13.9098 -9999
-9999 -9999 -9999 -9999 -9999 -9999 -9999 -9999 -9999 -9999 -9999 -9999 -9999 24.2652 26.5046 25.3104 26.0229 40.5658 36.6138 22.5649 29.1354 25.1706 24.3449 16.6011 5.23391 3.94793 4.94498 6.6004 10.5956 16.3284 21.7247 33.3148 30.9463 23.8521 21.307 26.6838 28.3411 26.4456 26.8033 24.577 20.4763 26.8742 34.8476 29.2099 20.6597 31.3734 29.864 40.0007 41.1866 35.7253 18.5245 13.2446 17.8755 24.7705 34.3217 36.1861 48.1101 36.0704 43.5722 56.1667 32.2042 24.1833 22.3714 17.7548 18.0755 13.0139 17.0446 22.5492 17.643 17.0908 21.2943 18.8967 14.8594 12.9627 10.5795
-9999 -9999 -9999 -9999 -9999 -9999 -9999 -9999 -9999 -9999 -9999 -9999 -9999 29.1433 35.266 39.0805 48.711 36.7719 37.8625 27.1705 29.6627 28.7912 30.5019 27.0867 6.73401 4.65648 5.79002 7.03651 12.5322 22.8783 28.9223 34.083 25.2162 20.1985 18.5364 23.4687 28.8739 29.7567 25.2568 22.6272 24.8417 23.6996 26.4805 25.6185 24.1507 26.6492 27.2022 46.1678 43.6259 42.1738 37.375 20.1769 20.5574 13.7592 24.7421 22.2335 28.4244 46.7615 34.6331 58.6376 55.3127 34.5217 24.4887 21.8726 19.5445 18.6025 18.3881 16.6373 14.0577 19.5559 24.1341 20.1204 18.7104 16.5966 13.6972
-9999 -9999 -9999 -9999 -9999 -9999 -9999 -9999 -9999 -9999 -9999 -9999 -9999 45.5811 44.9223 38.3554 29.698 30.4007 35.7328 25.7819 26.3158 28.1263 23.933 21.1094 13.0449 6.28717 6.20506 7.96996 14.4687 21.6622 27.6124 30.9078 28.2894 24.6835 17.8487 14.0795 17.5035 23.1869 30.2674 24.8978 23.1063 30.2215 33.746 36.1457 34.238 33.3677 35.4766 40.8827 45.5925 44.4501 38.5616 32.3419 19.067 18.5805 21.7117 20.824 13.6136 33.4962 33.6762 42.288 57.737 42.9757 22.1107 15.3606 15.5555 16.1618 15.7436 19.8754 18.3135 18.4845 18.9089 18.5553 18.7058 20.4088 21.5746
-9999 -9999 -9999 -9999 -9999 -9999 -9999 -9999 -9999 -9999 -9999 -9999 -9999 31.574 28.8326 29.4451 23.2732 26.7856 34.344 31.2583 25.3379 19.8588 22.8858 27.8632 20.9408 14.5018 6.75875 7.40762 13.7597 25.46 39.8031 34.2019 30.3479 25.8667 24.2867 16.2541 12.8178 15.1587 26.8427 25.5877 29.5754 34.1049 32.2694 35.4731 31.1902 33.1421 29.2279 34.4477 44.9521 41.3044 44.4014 41.8061 27.2395 19.0797 20.7451 23.3562 12.1865 15.1662 31.422 24.2969 39.093 61.6094 64.9986 40.9007 28.736 22.3455 16.5914 16.1277 17.5242 19.4912 22.1456 18.9086 22.6835 23.1514 23.2746
-9999 -9999 -9999 -9999 -9999 -9999 -9999 -9999 -9999 -9999 -9999 -9999 -9999 20.0736 26.6985 36.5593 30.08 20.7093 32.4293 36.258 32.7508 27.9432 25.3365 19.2465 15.0291 9.57367 7.05708 9.186 13.9221 23.1368 27.3308 38.0562 40.7021 32.7324 25.3042 23.1611 16.2772 15.8998 22.6629 34.1888 40.2555 42.5321 42.2224 33.0314 28.766 34.3553 34.0172 38.2424 42.5388 40.0216 44.5897 45.0516 34.4569 17.6953 21.9827 24.1942 19.6546 12.8631 22.7371 19.5169 26.5234 48.2615 63.9687 47.0291 31.1779 30.4932 24.9673 19.748 20.4638 20.2295 24.5292 22.687 22.6612 27.0161 26.6975
-9999 -9999 -9999 -9999 -9999 -9999 -9999 -9999 -9999 -9999 -9999 -9999 -9999 -9999 -9999 32.2852 34.684 22.718 21.4675 25.7022 22.5389 21.4317 20.7507 28.6542 19.7602 17.0219 11.6568 9.15246 14.87 19.602 23.0832 31.534 40.1687 37.8698 34.5873 29.9468 21.7012 23.3147 30.3859 39.7879 36.7653 37.4934 39.1474 35.0411 27.4467 38.7653 42.3598 40.6577 37.6705 38.4637 45.7461 45.0987 34.9452 24.8186 31.8338 24.6055 24.6096 16.3863 20.4307 20.5958 22.7231 38.0603 52.9997 49.8332 38.9593 31.6157 33.2964 33.1523 29.7697 24.1185 22.6113 21.4429 20.2211 20.2901 24.7079
-9999 -9999 -9999 -9999 -9999 -9999 -9999 -9999 -9999 -9999 -9999 -9999 -9999 -9999 -9999 -9999 -9999 17.4101 21.5832 23.0218 23.7389 25.7446 19.1032 23.3046 23.4614 26.7108 17.0111 13.0328 16.4325 22.0132 20.8208 28.6684 37.1412 41.8972 48.5366 40.3496 35.0807 36.0088 41.7737 34.058 32.2031 34.3088 34.6717 33.4678 33.596 36.0304 40.296 33.3367 33.9721 37.9656 43.9969 43.8698 40.3569 34.4449 36.6133 20.2491 24.3657 24.0809 39.5135 39.3585 27.943 40.2708 50.1584 43.5814 22.5691 17.7069 14.0169 24.33 29.7228 34.2123 25.4054 22.7631 27.5446 23.2434 26.0703
-9999 -9999 -9999 -9999 -9999 -9999 -9999 -9999 -9999 -9999 -9999 -9999 -9999 -9999 -9999 -9999 -9999 11.4383 14.6943 25.2554 21.9105 27.6903 19.2302 15.9211 18.0373 17.4353 22.9406 21.3237 19.3885 25.0126 28.4711 34.4025 37.6741 37.8436 47.568 42.5979 38.247 40.7025 36.5285 32.0417 30.975 37.6327 42.9139 36.5671 32.6065 31.4734 35.8143 29.8533 34.6413 48.924 47.8719 44.3907 48.7843 44.0906 35.1598 32.0996 20.9026 30.688 44.8664 45.2555 34.5637 33.8534 42.2891 28.4383 17.4225 7.16531 7.4633 11.4093 18.9883 23.5817 23.8622 27.9258 23.2046 18.6938 19.7379
-9999 -9999 -9999 -9999 -9999 -9999 -9999 -9999 -9999 -9999 -9999 -9999 -9999 -9999 -9999 -9999 -9999 7.34109 14.0276 20.1749 25.5192 26.0863 19.8876 19.1054 17.808 19.1951 28.2744 28.128 26.7526 29.3806 30.4378 42.2552 35.7274 39.5468 42.7707 34.2169 30.7458 36.073 37.7753 32.4931 27.8709 34.6708 39.9784 34.0826 30.2717 28.1584 25.5583 25.8098 34.1602 47.8932 43.5177 42.0474 53.1227 39.5032 32.8463 34.3412 39.6055 44.0135 53.0414 48.7576 44.6535 36.2495 50.2527 26.5926 12.9495 8.38765 7.4403 4.94709 5.11706 13.3717 21.3029 19.3762 19.7787 11.4812 6.86539
-9999 -9999 -9999 -9999 -9999 -9999 -9999 -9999 -9999 -9999 -9999 -9999 -9999 -9999 -9999 -9999 -9999 7.92713 19.1037 23.0493 23.0052 18.4043 23.0973 21.4271 18.2675 22.9971 33.1941 32.3305 32.0614 34.8466 36.7001 55.448 37.7694 31.1299 36.6025 30.1086 34.9262 34.9572 36.8223 37.4056 35.5821 36.2028 33.4369 30.5868 23.0198 22.1025 18.4813 19.3429 31.9087 41.7541 45.1838 45.907 51.8374 53.2835 45.1367 42.235 41.2911 50.2868 51.7841 44.5909 46.6593 40.0054 47.2726 15.9893 11.264 8.36627 8.49085 7.2178 3.79231 2.53371 4.74595 13.1157 27.986 21.3774 9.21256
-9999 -9999 -9999 -9999 -9999 -9999 -9999 -9999 -9999 -9999 -9999 -9999 -9999 -9999 -9999 -9999 -9999 4.67437 25.6087 30.654 13.4324 13.3186 18.3222 18.5389 15.5403 26.6664 30.601 30.4699 42.1976 43.5552 41.768 44.6816 38.6715 29.8532 30.9942 33.0294 36.0064 31.9737 35.7334 37.6089 45.1313 34.8206 24.1427 20.2307 18.2366 15.0912 15.4781 21.1508 32.2928 45.688 46.322 41.6754 43.2786 52.6972 47.6256 54.9348 54.5926 59.2634 48.9996 41.0135 40.1162 51.4486 28.231 11.258 10.6038 11.2762 7.96877 4.86839 2.60401 2.74718 3.63145 13.7133 30.8683 21.8227 20.5388
-9999 -9999 -9999 -9999 -9999 -9999 -9999 -9999 -9999 -9999 -9999 -9999 -9999 -9999 -9999 -9999 -9999 -9999 -9999 -9999 -9999 5.15219 13.8893 14.8308 21.7647 31.4007 33.3141 42.9313 44.7919 36.4863 36.4779 36.3872 31.8214 29.5568 25.8522 29.6839 35.7535 34.0198 37.3746 45.9112 34.1829 31.4582 19.0378 11.2931 13.7389 8.88647 10.7227 18.9078 32.285 30.9716 33.8016 33.4267 41.1262 44.5482 42.8231 49.3721 51.914 45.6289 46.9407 46.3741 34.5312 24.2825 12.3077 8.78598 8.98765 7.03026 5.76622 5.59405 3.61406 5.17879 5.33012 13.8057 16.9889 23.5997 18.7108
-9999 -9999 -9999 -9999 -9999 -9999 -9999 -9999 -9999 -9999 -9999 -9999 -9999 -9999 -9999 -9999 -9999 -9999 -9999 -9999 -9999 2.58055 10.2811 12.8623 23.0767 31.3001 37.9931 44.2304 47.4146 37.6192 31.9585 35.3789 29.9711 30.9387 28.0365 31.4041 34.9665 42.3353 39.6557 30.2461 24.3115 22.4763 18.1138 10.0395 7.62771 9.64033 12.3202 15.2752 24.3839 26.8311 34.3436 37.2655 33.2352 39.5562 39.7336 45.5562 54.4209 43.1543 41.6784 39.0736 29.5816 21.3622 16.3907 10.6927 7.52257 4.34633 3.6236 3.93156 5.52433 7.73233 17.9817 7.23367 8.08908 20.4049 17.5186
-9999 -9999 -9999 -9999 -9999 -9999 -9999 -9999 -9999 -9999 -9999 -9999 -9999 -9999 -9999 -9999 -9999 -9999 -9999 -9999 -9999 -9999 12.1785 15.6886 27.3884 34.8246 39.6355 43.4971 37.296 35.5715 28.8964 32.2095 32.8329 32.907 30.2388 28.4567 32.3259 36.9454 37.2087 22.2278 18.5215 13.4088 9.127 6.34718 6.16759 7.84865 6.52111 7.58376 11.1119 13.0594 23.39 28.7224 31.9421 43.0985 40.6818 40.7115 41.896 42.7965 35.0659 36.3081 22.1015 18.4848 17.4504 5.47807 6.68533 5.09277 4.53578 4.56997 13.0778 4.59039 17.0475 11.8044 3.42015 11.5779 14.4475
-9999 -9999 -9999 -9999 -9999 -9999 -9999 -9999 -9999 -9999 -9999 -9999 -9999 -9999 -9999 -9999 -9999 -9999 -9999 -9999 -9999 -9999 13.4938 17.7396 18.1545 29.5819 38.1376 40.4087 43.7188 43.2742 35.9828 41.2368 39.9161 34.1869 36.0211 35.4647 30.3059 27.7617 28.037 13.846 11.8732 7.31049 4.56908 2.36696 3.30199 2.76707 2.3734 3.35 5.49348 5.2769 13.3246 29.6882 28.4891 29.6504 35.1431 36.7501 37.0878 34.4356 32.7164 19.8516 10.8063 11.2842 11.3706 4.34789 4.31879 3.62695 4.80928 4.9733 7.78265 7.46335 15.6708 18.1516 6.66467 13.7079 9.13921
-9999 -9999 -9999 -9999 -9999 -9999 -9999 -9999 -9999 -9999 -9999 -9999 -9999 -9999 -9999 -9999 -9999 -9999 -9999 -9999 -9999 -9999 11.6044 10.6958 14.8611 27.6511 30.8082 34.2987 36.087 42.0597 54.677 51.3927 42.0205 37.217 33.2444 33.772 25.2311 21.3151 12.3712 11.3225 9.41949 4.09447 2.10866 2.15973 2.68115 2.33883 2.16704 2.18499 2.93729 2.91133 3.4726 7.04454 13.4014 11.7089 16.9963 16.4963 15.8639 17.2842 14.8933 8.05449 8.52238 6.02442 4.1838 0.659352 0.767093 0.929705 1.21313 3.49631 3.11284 6.96187 13.0257 15.1283 3.71871 3.61498 3.18421
-9999 -9999 -9999 -9999 -9999 -9999 -9999 -9999 -9999 -9999 -9999 -9999 -9999 -9999 -9999 -9999 -9999 -9999 -9999 -9999 -9999 44.9358 23.1903 13.8115 22.771 28.3647 33.787 35.4766 33.6773 41.8728 45.9822 34.6714 32.3538 32.6483 29.4197 25.2698 25.8615 17.9979 14.7283 11.3948 4.15094 1.8965 2.23671 2.06511 2.02767 2.04875 2.15218 2.01344 1.77907 2.08799 2.59826 2.05919 2.29948 2.65542 3.10778 6.88415 5.83854 6.43307 11.1452 7.48237 4.84803 4.22372 0.395359 0.21142 0.041786 0.0578333 0.435523 2.90878 4.46189 3.83994 15.542 5.59666 2.58487 1.66951 1.77568
-9999 -9999 -9999 -9999 -9999 -9999 -9999 -9999 -9999 -9999 -9999 -9999 -9999 -9999 -9999 -9999 -9999 -9999 -9999 -9999 12.4472 8.61349 14.9609 15.3971 18.4921 30.9879 32 33.8188 33.6447 34.3742 40.0468 39.6747 37.0925 38.5113 32.9172 23.8445 23.689 18.7181 17.8158 7.36975 1.81243 2.03691 2.14458 2.27943 1.98729 2.02114 2.38529 2.06071 1.78496 1.81105 1.80499 1.68402 1.48744 2.15636 1.88365 2.88817 5.01895 4.31272 3.85337 2.47536 0.802442 0.560498 0.237867 0 0 0 0.857305 2.74298 1.55023 1.88727 2.35468 2.34653 2.17287 2.10179 4.90212
