public/models/data/input/map/sulsel/2500/mapslope.asc
NCOLS 199
NROWS 249
XLLCORNER -95260.364462
YLLCORNER 9791291.912663
CELLSIZE 2500.000000
NODATA_VALUE       -9999
[rows 66 to 98 of 249, columns 75 to 149 of 199]
-9999 -9999 -9999 -9999 -9999 12.3655 30.823 35.4572 36.5964 35.3339 37.2014 46.5041 48.0851 46.4728 45.1701 47.6637 34.6154 52.3362 38.2957 31.9645 17.0308 16.969 13.8857 13.3584 22.1256 31.6318 34.1175 35.0855 49.0363 48.9712 57.3433 52.2218 57.8979 48.9 38.7021 35.2654 38.5575 48.269 42.3571 40.499 38.528 31.5995 25.1646 10.8144 9.04875 9.91938 3.3679 1.48216 -9999 -9999 -9999 -9999 -9999 -9999 -9999 -9999 -9999 -9999 -9999 -9999 -9999 -9999 -9999 -9999 -9999 -9999 -9999 -9999 -9999 -9999 -9999 -9999 -9999 -9999 -9999
-9999 -9999 -9999 -9999 -9999 8.11282 29.803 28.6285 32.0315 34.2339 37.0069 34.2611 48.4643 44.4157 34.6441 39.2967 29.3925 49.5148 40.0052 35.2326 25.5281 16.9359 14.4374 14.1519 22.4769 39.9592 31.2125 35.1642 42.9128 51.7885 55.7751 46.2273 44.2339 54.3015 42.7297 36.3916 41.1752 45.5024 36.9911 34.1391 34.6308 28.4184 29.0433 26.0944 17.8159 5.60797 3.37665 1.21841 0.815597 -9999 -9999 -9999 -9999 -9999 -9999 -9999 -9999 -9999 -9999 -9999 -9999 -9999 -9999 -9999 -9999 -9999 -9999 -9999 -9999 -9999 -9999 -9999 -9999 -9999 -9999
-9999 -9999 -9999 -9999 -9999 5.43645 16.5233 31.4717 31.1777 38.1591 29.1396 30.7031 34.5196 42.6741 46.6995 37.5682 36.0367 37.8272 33.3897 29.1327 29.6945 36.4924 22.4545 15.4644 21.6801 29.5538 52.7355 45.584 43.6076 46.8296 44.872 47.2121 41.9929 38.0944 37.4222 41.818 41.9864 32.9796 33.8636 35.3311 26.6158 17.7544 16.4893 29.3358 25.8264 10.5896 7.43038 1.06123 0.815597 -9999 -9999 -9999 -9999 -9999 -9999 -9999 -9999 -9999 -9999 -9999 -9999 -9999 -9999 -9999 -9999 -9999 -9999 -9999 -9999 -9999 -9999 -9999 -9999 -9999 -9999
-9999 -9999 -9999 -9999 -9999 -9999 7.2926 16.9243 27.5874 39.065 32.2918 36.4249 37.36 32.1963 37.3088 37.5007 24.3722 28.5592 24.9628 35.2434 29.21 43.8706 37.7267 21.7446 22.9448 29.5597 41.6925 38.7014 40.4719 46.12 45.3896 46.3991 40.803 38.0341 51.0101 53.5781 44.9413 34.0274 32.7249 33.4462 26.6558 26.9518 14.8288 11.7294 11.7835 2.25098 1.09506 0.923291 -9999 -9999 -9999 -9999 -9999 -9999 -9999 -9999 -9999 -9999 -9999 -9999 -9999 -9999 -9999 -9999 -9999 -9999 -9999 -9999 -9999 -9999 -9999 -9999 -9999 -9999 -9999
-9999 -9999 -9999 -9999 -9999 -9999 3.94984 18.4103 27.0817 34.3943 36.7687 35.648 35.3244 35.6138 33.684 44.5561 20.6026 12.4087 14.0865 29.3653 28.9223 25.8239 38.1875 24.532 22.7332 27.2496 41.2586 43.2779 40.639 46.7672 46.1921 45.1623 42.8956 46.2393 41.6804 47.8014 41.4444 40.0522 34.9117 34.5261 35.7285 34.4884 18.1174 15.6834 14.8156 8.92232 9.29543 0.769383 -9999 -9999 -9999 -9999 -9999 -9999 -9999 -9999 -9999 -9999 -9999 -9999 -9999 -9999 -9999 -9999 -9999 -9999 -9999 -9999 -9999 -9999 -9999 -9999 -9999 -9999 -9999
-9999 -9999 -9999 -9999 -9999 -9999 1.43139 13.5501 17.4506 21.7097 29.4131 34.5623 29.4959 20.8769 28.3361 42.7992 34.3576 11.2357 15.4174 24.9279 27.1837 28.7799 31.2285 33.9459 23.6148 32.9538 32.8317 38.1787 42.4548 50.0041 48.8224 44.2732 45.9603 33.5678 34.4139 38.5111 29.823 41.3562 35.6237 34.4945 39.4171 28.5181 19.1685 19.9456 21.0209 22.6177 8.34712 -9999 -9999 -9999 -9999 -9999 -9999 -9999 -9999 -9999 -9999 -9999 -9999 -9999 -9999 -9999 -9999 -9999 -9999 -9999 -9999 -9999 -9999 -9999 -9999 -9999 -9999 -9999 -9999
-9999 -9999 -9999 -9999 -9999 -9999 1.59495 3.41497 5.13136 5.24286 18.293 27.4109 27.3857 26.9257 23.7984 43.8109 40.2516 21.0204 14.1781 23.4751 43.5971 28.5765 29.8365 32.1606 25.4991 29.2635 33.2069 29.1025 42.1962 49.3753 45.553 40.5047 50.323 44.7234 44.1256 37.1112 29.0018 31.991 28.6022 27.4706 30.3395 28.6899 19.8024 17.5902 26.1054 17.3453 3.41531 9.76309 6.52631 -9999 -9999 -9999 -9999 -9999 -9999 -9999 -9999 -9999 -9999 -9999 -9999 -9999 -9999 -9999 -9999 -9999 -9999 -9999 -9999 -9999 -9999 -9999 -9999 -9999 -9999
-9999 -9999 -9999 -9999 -9999 -9999 -9999 1.14235 1.87674 2.00458 7.04563 13.4452 20.8266 25.4104 30.8177 41.692 39.0139 24.24 11.5674 15.7502 36.6186 27.4806 23.939 35.201 26.0289 23.5842 28.7606 31.0815 29.2442 46.3139 43.0576 47.6123 45.5715 45.9662 45.5372 37.5392 33.0609 29.3089 29.6459 30.4502 24.8916 23.989 20.3935 15.4502 19.5647 17.912 9.16321 15.9375 7.21674 -9999 -9999 -9999 -9999 -9999 -9999 -9999 -9999 -9999 -9999 -9999 -9999 -9999 -9999 -9999 -9999 -9999 -9999 -9999 -9999 -9999 -9999 -9999 -9999 -9999 -9999
-9999 -9999 -9999 -9999 -9999 -9999 -9999 3.3972 2.0354 3.63069 5.01237 6.95535 19.5156 27.5979 31.637 27.5759 18.0742 18.811 14.8885 14.066 28.9926 36.9107 28.9039 26.4601 29.9544 25.2625 39.6041 32.3561 25.8542 42.8255 52.2641 51.6429 46.7577 40.3264 43.3013 39.0296 34.3997 33.1932 37.4358 31.706 26.0864 22.697 19.9786 20.8189 32.4812 27.1546 24.0646 11.6779 3.52469 -9999 -9999 -9999 -9999 -9999 -9999 -9999 -9999 -9999 -9999 -9999 -9999 -9999 -9999 -9999 -9999 -9999 -9999 -9999 -9999 -9999 -9999 -9999 -9999 -9999 -9999
-9999 -9999 -9999 -9999 -9999 -9999 2.04255 1.92547 2.14289 4.15245 14.2411 17.3105 30.8236 32.3296 27.2116 12.6549 6.3775 11.9725 13.9906 12.1444 18.2436 27.2728 33.7003 31.2507 26.4571 26.1217 34.3139 38.017 32.126 37.2005 45.1475 43.6734 48.6282 37.2299 40.6198 47.1319 37.6265 36.4008 30.7726 29.4463 24.6446 24.6955 27.8724 23.1716 23.513 17.1831 15.0688 4.75118 2.36222 -9999 -9999 -9999 -9999 -9999 -9999 -9999 -9999 -9999 -9999 -9999 -9999 -9999 -9999 -9999 -9999 -9999 -9999 -9999 -9999 -9999 -9999 -9999 -9999 -9999 -9999
-9999 -9999 -9999 -9999 -9999 -9999 1.9591 1.49834 1.24488 4.3176 21.3833 26.3876 18.6137 39.4341 30.4284 16.6049 9.73147 8.14087 10.65 8.45581 12.8946 31.542 21.5573 35.1947 35.5954 29.257 24.0498 35.9558 32.8729 37.1944 36.2421 35.0322 42.8021 39.3875 34.8405 36.7214 32.6886 32.1771 32.2913 29.203 29.0931 26.8518 33.7584 27.1607 18.8441 16.6513 8.87695 6.5795 3.65953 -9999 -9999 -9999 -9999 -9999 -9999 -9999 -9999 -9999 -9999 -9999 -9999 -9999 -9999 -9999 -9999 -9999 -9999 -9999 -9999 -9999 -9999 -9999 -9999 -9999 -9999
-9999 -9999 -9999 -9999 -9999 1.11417 1.11742 1.27611 1.25901 4.767 20.2389 20.7955 26.3731 32.8873 25.4778 15.5386 15.9103 8.14984 11.0253 7.07602 11.9373 21.9873 23.7251 26.13 36.4514 38.2278 23.3268 28.3614 28.3873 24.9382 29.6323 28.201 32.306 32.9169 29.0382 30.2637 27.7533 30.7172 28.0979 28.0641 27.9995 33.2861 32.4129 25.671 28.1649 12.5155 5.91209 10.5432 5.34088 -9999 -9999 -9999 -9999 -9999 -9999 -9999 -9999 -9999 -9999 -9999 -9999 -9999 -9999 -9999 -9999 -9999 -9999 -9999 -9999 -9999 -9999 -9999 -9999 -9999 -9999
-9999 -9999 -9999 -9999 -9999 0.740992 1.65391 1.24893 1.59304 3.19459 11.3195 10.4205 22.9539 29.5659 21.1065 9.60291 5.85148 3.75028 5.99358 5.33903 10.829 15.9121 27.0261 20.9948 19.6373 31.274 31.5735 20.8726 25.7297 21.7991 21.8773 25.6063 31.0661 31.5495 31.364 31.3456 27.6856 25.911 25.641 26.437 26.4914 22.1261 27.2915 23.1703 13.3269 5.633 6.83455 7.70422 11.3298 0.576188 -9999 -9999 -9999 -9999 -9999 -9999 -9999 -9999 -9999 -9999 -9999 -9999 -9999 -9999 -9999 -9999 -9999 -9999 -9999 -9999 -9999 -9999 -9999 -9999 -9999
-9999 -9999 -9999 -9999 -9999 1.362 1.76769 1.33896 1.207 1.70256 2.70327 4.15943 10.4732 17.6014 10.9868 4.03912 2.22623 2.07812 5.21405 7.91981 8.05569 10.4676 15.1133 26.603 14.7035 22.0057 19.7967 25.2485 20.6317 27.7758 21.7311 22.5511 23.5034 29.7986 27.9109 26.7769 28.8614 31.8901 33.1733 26.7491 26.4319 24.8349 30.1164 12.4725 6.58609 4.64944 4.3959 6.27235 4.09963 0.783229 -9999 -9999 -9999 -9999 -9999 -9999 -9999 -9999 -9999 -9999 -9999 -9999 -9999 -9999 -9999 -9999 -9999 -9999 -9999 -9999 -9999 -9999 -9999 -9999 -9999
-9999 -9999 -9999 -9999 -9999 1.17235 1.37467 1.43912 1.39588 1.92811 2.55202 2.41977 2.00421 2.56604 2.38095 2.1539 2.5258 2.17987 5.61628 12.1148 6.94009 6.4038 6.80452 15.9201 13.7855 10.4505 12.8304 30.3226 15.2803 20.4415 19.9296 21.2632 25.6903 27.8369 27.5487 22.8821 23.1629 31.497 26.0869 26.7579 25.011 26.7864 21.0981 7.9564 4.64994 5.18258 7.80104 3.88635 2.1747 1.21165 -9999 -9999 -9999 -9999 -9999 -9999 -9999 -9999 -9999 -9999 -9999 -9999 -9999 -9999 -9999 -9999 -9999 -9999 -9999 -9999 -9999 -9999 -9999 -9999 -9999
-9999 -9999 -9999 -9999 -9999 -9999 1.68068 1.36631 1.30782 1.61624 1.82181 2.26279 2.13758 2.46243 2.80967 2.56941 2.97964 3.25123 3.01366 5.77553 8.17159 5.80858 2.95461 3.35908 3.9916 6.89835 12.8849 21.3029 8.46938 11.5979 17.7886 17.4631 20.345 18.3329 18.8467 17.4544 14.2687 15.7405 19.302 24.432 20.9962 16.6821 11.4435 5.12074 4.95969 5.1372 6.10048 3.51737 1.64661 0.345782 -9999 -9999 -9999 -9999 -9999 -9999 -9999 -9999 -9999 -9999 -9999 -9999 -9999 -9999 -9999 -9999 -9999 -9999 -9999 -9999 -9999 -9999 -9999 -9999 -9999
-9999 -9999 -9999 -9999 -9999 -9999 1.71406 1.6706 1.31188 1.56543 1.59802 2.49269 2.45886 2.49607 5.00541 3.05143 2.51676 1.92099 2.05418 2.14391 3.39344 6.56468 4.35691 2.95486 4.41482 5.14373 7.23188 7.26427 4.41866 7.50297 9.43078 9.19049 6.8942 7.49985 6.23683 5.52448 8.86202 8.39084 8.68112 13.2957 9.2009 7.028 6.75174 3.82807 3.22364 5.62953 4.50792 3.56092 1.80638 -9999 -9999 -9999 -9999 -9999 -9999 -9999 -9999 -9999 -9999 -9999 -9999 -9999 -9999 -9999 -9999 -9999 -9999 -9999 -9999 -9999 -9999 -9999 -9999 -9999 -9999
-9999 -9999 -9999 -9999 -9999 -9999 1.68384 1.87932 1.39671 1.2875 1.98323 1.87572 2.79047 2.40006 4.10749 2.73181 2.69779 2.11347 1.76462 2.15381 2.55982 5.20255 3.66198 3.34571 3.9671 5.12651 5.28229 5.29428 3.85951 4.01098 3.96872 4.49788 5.82172 4.56144 6.01728 8.24064 11.3737 15.2655 14.561 15.185 9.44527 9.17891 10.3051 8.32186 7.6111 5.1106 2.63233 0.627383 -9999 -9999 -9999 -9999 -9999 -9999 -9999 -9999 -9999 -9999 -9999 -9999 -9999 -9999 -9999 -9999 -9999 -9999 -9999 -9999 -9999 -9999 -9999 -9999 -9999 -9999 -9999
-9999 -9999 -9999 -9999 -9999 -9999 -9999 -9999 0.669005 1.00551 1.76171 2.01639 2.30121 2.45498 2.32761 2.97505 2.52499 2.77463 1.80579 1.7334 1.57201 2.92725 3.47711 3.47866 3.15648 3.62045 5.31439 4.59413 3.30836 4.05938 3.35161 3.5644 4.47594 4.40543 6.41569 6.59495 11.5365 11.5534 8.44082 11.6466 11.2522 8.95771 8.9633 6.96861 7.19805 6.00681 2.81441 -9999 -9999 -9999 -9999 -9999 -9999 -9999 -9999 -9999 -9999 -9999 -9999 -9999 -9999 -9999 -9999 -9999 -9999 -9999 -9999 -9999 -9999 -9999 -9999 -9999 -9999 -9999 -9999
-9999 -9999 -9999 -9999 -9999 -9999 -9999 2.08865 1.43884 1.35812 1.64949 3.23894 2.74568 2.91095 5.87961 2.13983 1.76189 1.82791 1.77562 1.54819 1.69354 1.66177 2.34014 3.23484 3.39717 2.76471 2.77962 3.45538 2.88193 2.98115 2.91475 2.99131 3.58617 5.13236 4.84284 4.85775 6.56405 7.95171 6.24767 6.5919 7.50714 8.24032 6.50328 2.85553 2.88526 4.04241 1.31414 -9999 -9999 -9999 -9999 -9999 -9999 -9999 -9999 -9999 -9999 -9999 -9999 -9999 -9999 -9999 -9999 -9999 -9999 -9999 -9999 -9999 -9999 -9999 -9999 -9999 -9999 -9999 -9999
-9999 -9999 -9999 -9999 -9999 -9999 -9999 2.08865 1.47115 1.16874 1.27661 1.94478 2.14408 2.80366 2.73859 1.32412 1.50765 1.31274 1.12343 1.67985 1.82758 1.97703 1.85352 2.01975 3.64084 3.57724 2.20096 2.08432 2.15413 2.10337 2.59792 4.13725 4.84865 5.5997 3.8619 5.40389 4.5321 5.32865 5.74562 5.61835 4.96715 3.42095 2.63867 1.53857 2.33393 4.77203 3.31822 -9999 -9999 -9999 -9999 -9999 -9999 -9999 -9999 -9999 -9999 -9999 -9999 -9999 -9999 -9999 -9999 -9999 -9999 -9999 -9999 -9999 -9999 -9999 -9999 -9999 -9999 -9999 -9999
-9999 -9999 -9999 -9999 -9999 -9999 -9999 -9999 2.10555 1.31268 1.15806 1.40868 1.95761 3.53471 4.90437 2.01138 1.78494 1.36701 0.928484 1.46945 2.09541 2.33934 1.7387 1.94968 3.38928 3.39422 2.42025 2.1351 2.00507 2.41256 2.1259 2.5297 5.19263 5.77313 4.32088 5.95104 5.82694 5.73458 6.70367 7.25027 4.7719 4.13532 4.32962 2.6794 4.38927 -9999 -9999 -9999 -9999 -9999 -9999 -9999 -9999 -9999 -9999 -9999 -9999 -9999 -9999 -9999 -9999 -9999 -9999 -9999 -9999 -9999 -9999 -9999 -9999 -9999 -9999 -9999 -9999 -9999 -9999
-9999 -9999 -9999 -9999 -9999 -9999 -9999 -9999 1.82483 1.29443 1.06898 0.916576 1.28439 3.32532 4.58572 8.97887 13.6448 5.11512 1.87317 1.16312 1.50728 1.63855 1.51549 1.81906 2.71976 3.19524 2.81175 2.15582 1.9887 2.05395 2.01256 2.37496 3.45253 5.87851 6.42893 4.31761 4.15503 6.39183 8.21649 6.12583 6.40816 4.91895 3.44566 2.60308 3.22674 1.06066 -9999 -9999 -9999 -9999 -9999 -9999 -9999 -9999 -9999 -9999 -9999 -9999 -9999 -9999 -9999 -9999 -9999 -9999 -9999 -9999 -9999 -9999 -9999 -9999 -9999 -9999 -9999 -9999 -9999
-9999 -9999 -9999 -9999 -9999 -9999 -9999 -9999 -9999 1.28953 1.05463 1.28914 1.85326 5.23252 8.06797 9.15155 11.1797 11.2826 3.58404 1.38748 1.21156 1.12787 1.14446 1.53673 1.94751 3.00506 2.66437 2.21494 1.94273 2.30332 1.95706 1.33238 2.65666 4.73799 6.12299 6.94857 4.52947 6.35131 7.77478 6.80149 6.71435 5.3356 4.20887 2.93455 3.93555 1.06066 -9999 -9999 -9999 -9999 -9999 -9999 -9999 -9999 -9999 -9999 -9999 -9999 -9999 -9999 -9999 -9999 -9999 -9999 -9999 -9999 -9999 -9999 -9999 -9999 -9999 -9999 -9999 -9999 -9999
-9999 -9999 -9999 -9999 -9999 -9999 -9999 -9999 -9999 1.74725 1.24845 1.31579 2.56089 8.7529 9.92067 10.5507 12.2132 14.661 11.0704 3.82106 1.15247 0.970039 0.855793 1.01103 1.46481 2.77015 2.2242 2.33017 2.30053 2.03784 1.9317 1.78532 2.59004 5.18995 5.04415 7.96273 4.19965 4.77334 4.91916 6.91701 6.56577 5.06342 4.26848 3.03401 1.69502 -9999 -9999 -9999 -9999 -9999 -9999 -9999 -9999 -9999 -9999 -9999 -9999 -9999 -9999 -9999 -9999 -9999 -9999 -9999 -9999 -9999 -9999 -9999 -9999 -9999 -9999 -9999 -9999 -9999 -9999
-9999 -9999 -9999 -9999 -9999 -9999 -9999 -9999 -9999 -9999 1.48069 1.16024 1.86864 5.44562 9.97895 8.92736 10.2976 17.4547 19.2876 6.82193 1.88775 1.01827 0.946982 1.63218 3.72985 2.48892 2.29274 2.21606 1.86461 1.61725 1.27369 1.47314 2.29094 4.61922 6.27781 5.64527 4.48752 4.36598 4.07516 5.75546 4.47895 2.37071 2.56771 1.95687 1.57646 -9999 -9999 -9999 -9999 -9999 -9999 -9999 -9999 -9999 -9999 -9999 -9999 -9999 -9999 -9999 -9999 -9999 -9999 -9999 -9999 -9999 -9999 -9999 -9999 -9999 -9999 -9999 -9999 -9999 -9999
-9999 -9999 -9999 -9999 -9999 -9999 -9999 -9999 -9999 -9999 1.03758 1.80319 3.56109 3.11629 6.34029 11.6062 15.8386 14.6823 16.3839 5.58915 3.63469 1.40684 1.18754 4.25059 5.78611 2.67318 2.39724 2.23871 2.05791 1.63091 2.79837 0.996689 2.61902 4.77375 6.27751 5.49714 4.13752 4.63154 5.19268 3.72378 2.82671 2.08723 1.55152 2.6185 2.72273 1.10907 -9999 -9999 -9999 -9999 -9999 -9999 -9999 -9999 -9999 -9999 -9999 -9999 -9999 -9999 -9999 -9999 -9999 -9999 -9999 -9999 -9999 -9999 -9999 -9999 -9999 -9999 -9999 -9999 -9999
-9999 -9999 -9999 -9999 -9999 -9999 -9999 -9999 -9999 -9999 -9999 2.92209 5.12918 4.06239 4.66302 7.53178 16.6615 15.7977 17.3711 7.31319 3.39564 1.61952 1.12876 1.74854 2.5339 1.52168 1.99328 1.97428 1.88168 1.97711 1.99346 2.2384 3.94624 6.25858 6.2237 5.84838 5.07839 5.02319 4.86141 5.86005 4.12623 3.10114 2.44441 3.77572 6.15171 4.06661 -9999 -9999 -9999 -9999 -9999 -9999 -9999 -9999 -9999 -9999 -9999 -9999 -9999 -9999 -9999 -9999 -9999 -9999 -9999 -9999 -9999 -9999 -9999 -9999 -9999 -9999 -9999 -9999 -9999
-9999 -9999 -9999 -9999 -9999 -9999 -9999 -9999 -9999 -9999 -9999 3.34984 4.24987 6.70058 6.78498 10.0188 17.2948 29.2449 22.6467 13.9855 7.29533 2.60566 2.03318 1.25131 1.09022 1.10794 1.3456 1.13745 1.31348 1.01834 1.47249 3.56967 5.43135 5.14075 5.09432 6.43808 5.87534 6.4168 5.06905 4.35572 3.83955 5.34701 5.19632 3.71723 5.51633 4.06048 3.89383 -9999 -9999 -9999 -9999 -9999 -9999 -9999 -9999 -9999 -9999 -9999 -9999 -9999 -9999 -9999 -9999 -9999 -9999 -9999 -9999 -9999 -9999 -9999 -9999 -9999 -9999 -9999 -9999
-9999 -9999 -9999 -9999 -9999 -9999 -9999 -9999 -9999 -9999 -9999 2.02169 3.96731 9.51121 11.4182 23.6888 28.0109 33.3785 28.5503 16.8618 16.3293 3.67906 2.18424 1.413 0.933719 0.965607 0.922334 0.839367 0.908131 1.08296 1.48018 3.65989 5.8167 4.8017 4.79391 5.81289 4.88022 5.32485 5.71967 3.98193 3.21143 3.55422 6.42553 2.95615 2.21915 1.86342 -9999 -9999 -9999 -9999 -9999 -9999 -9999 -9999 -9999 -9999 -9999 -9999 -9999 -9999 -9999 -9999 -9999 -9999 -9999 -9999 -9999 -9999 -9999 -9999 -9999 -9999 -9999 -9999 -9999
-9999 -9999 -9999 -9999 -9999 -9999 -9999 -9999 -9999 -9999 -9999 -9999 1.72171 18.8338 25.0787 34.0053 32.5788 27.291 24.6823 20.8025 14.1143 9.66657 3.3487 1.69802 1.39434 0.965772 0.967404 0.754338 0.923533 1.26699 1.67799 5.41449 5.54916 2.85583 3.92088 3.95139 5.37661 4.85846 4.81027 2.5941 2.75287 3.76286 5.07497 2.33574 0.84379 -9999 -9999 -9999 -9999 -9999 -9999 -9999 -9999 -9999 -9999 -9999 -9999 -9999 -9999 -9999 -9999 -9999 -9999 -9999 -9999 -9999 -9999 -9999 -9999 -9999 -9999 -9999 -9999 -9999 -9999
-9999 -9999 -9999 -9999 -9999 -9999 -9999 -9999 -9999 -9999 -9999 -9999 4.99063 18.4347 30.2254 37.5 37.0665 24.8446 18.7898 21.2248 15.2188 13.0184 6.27097 1.74286 0.89876 0.903308 0.921688 0.930402 0.902397 1.11809 1.82106 6.02798 4.47761 2.39645 3.21898 3.09257 3.9684 4.00305 3.76263 2.72564 2.80098 3.908 2.53473 2.37295 4.30756 -9999 -9999 -9999 -9999 -9999 -9999 -9999 -9999 -9999 -9999 -9999 -9999 -9999 -9999 -9999 -9999 -9999 -9999 -9999 -9999 -9999 -9999 -9999 -9999 -9999 -9999 -9999 -9999 -9999 -9999
-9999 -9999 -9999 -9999 -9999 -9999 -9999 -9999 -9999 -9999 -9999 -9999 10.5211 21.0755 21.1829 31.6051 35.8606 28.6923 23.5989 21.5305 13.5906 15.1544 8.77105 2.50635 1.65538 1.3436 1.23912 1.13663 0.895797 0.854671 2.06361 5.59812 3.85571 1.56905 2.1995 2.24612 2.15258 4.07781 3.49038 2.42088 3.73561 3.8532 2.15792 2.22151 6.1829 2.94379 -9999 -9999 -9999 -9999 -9999 -9999 -9999 -9999 -9999 -9999 -9999 -9999 -9999 -9999 -9999 -9999 -9999 -9999 -9999 -9999 -9999 -9999 -9999 -9999 -9999 -9999 -9999 -9999 -9999
