public/models/data/input/map/sulut/2500/mapdem.asc
NCOLS 100
NROWS 73
XLLCORNER 510063.019283
YLLCORNER 211617.685435
CELLSIZE 2500.000000
NODATA_VALUE       -9999
[rows 33 to 65 of 73, columns 0 to 73 of 100]
-9999 -9999 -9999 -9999 -9999 -9999 -9999 -9999 -9999 -9999 -9999 -9999 -9999 -9999 -9999 -9999 -9999 -9999 -9999 -9999 -9999 -9999 -9999 -9999 -9999 -9999 -9999 -9999 -9999 -9999 -9999 -9999 -9999 -9999 -9999 -9999 -9999 -9999 -9999 -9999 -9999 -9999 -9999 -9999 -9999 -9999 -9999 -9999 -9999 -9999 -9999 -9999 -9999 -9999 -9999 14.9 115.132 203.606 175.62 166.02 185.1 112.31 95.19 215.541 285.837 171.343 125.3 211.42 308.03 403.74 530.51 675.75 898.76 1269.75
-9999 -9999 -9999 -9999 -9999 -9999 -9999 -9999 -9999 -9999 -9999 -9999 -9999 -9999 -9999 -9999 -9999 -9999 -9999 -9999 -9999 -9999 -9999 -9999 -9999 -9999 -9999 -9999 -9999 -9999 -9999 -9999 -9999 -9999 -9999 -9999 -9999 -9999 -9999 -9999 -9999 -9999 -9999 -9999 -9999 -9999 -9999 -9999 -9999 -9999 -9999 -9999 -9999 -9999 -9999 36 116.714 324.758 328.88 332.55 340.68 350.364 347.79 324.242 265.828 182.303 166.02 270.475 324.46 417.02 521.25 677.97 964.36 1383.37
-9999 -9999 -9999 -9999 -9999 -9999 -9999 -9999 -9999 -9999 -9999 -9999 -9999 -9999 -9999 -9999 -9999 -9999 -9999 -9999 -9999 -9999 -9999 -9999 -9999 -9999 -9999 -9999 -9999 -9999 -9999 -9999 -9999 -9999 -9999 -9999 -9999 -9999 -9999 -9999 -9999 -9999 -9999 -9999 -9999 -9999 -9999 -9999 -9999 -9999 -9999 -9999 -9999 -9999 -9999 16.1951 123.42 284.93 426.61 528.35 552.08 513.47 440.94 360.65 295.63 221.28 182.41 276.66 353.71 434.32 521.86 643.47 912.6 1198.19
-9999 -9999 -9999 -9999 -9999 -9999 -9999 -9999 -9999 -9999 -9999 -9999 -9999 -9999 -9999 -9999 -9999 -9999 -9999 -9999 -9999 -9999 -9999 -9999 -9999 -9999 -9999 -9999 -9999 -9999 -9999 -9999 -9999 -9999 -9999 -9999 -9999 -9999 -9999 -9999 -9999 -9999 -9999 -9999 -9999 -9999 -9999 -9999 -9999 -9999 -9999 -9999 -9999 -9999 9.66667 62 148.09 306.222 514.78 907.3 869.1 627.92 455.69 488.37 359.12 250.98 225.92 295.27 325.9 383.05 473.68 549.03 671.68 734.21
-9999 -9999 -9999 -9999 -9999 -9999 -9999 -9999 -9999 -9999 -9999 -9999 -9999 -9999 -9999 -9999 -9999 -9999 -9999 -9999 -9999 -9999 -9999 -9999 -9999 -9999 -9999 -9999 -9999 -9999 -9999 -9999 -9999 -9999 -9999 -9999 -9999 -9999 -9999 -9999 -9999 -9999 -9999 -9999 -9999 -9999 -9999 -9999 -9999 -9999 -9999 -9999 -9999 -9999 58.093 327.6 397.404 442.25 703.03 954.45 800.08 607.38 537.26 529.14 361.586 260.04 315.38 321.98 356.77 383.88 410.09 448.41 489.99 469.5
-9999 -9999 -9999 -9999 -9999 -9999 -9999 -9999 -9999 -9999 -9999 -9999 -9999 -9999 -9999 -9999 -9999 -9999 -9999 -9999 -9999 -9999 -9999 -9999 -9999 -9999 -9999 -9999 -9999 -9999 -9999 -9999 -9999 -9999 -9999 -9999 -9999 -9999 -9999 -9999 -9999 -9999 -9999 -9999 -9999 -9999 -9999 -9999 -9999 -9999 -9999 -9999 -9999 -9999 94.1053 462.91 600.32 382.04 527.21 741.37 739.93 592.18 502.48 399.36 303.88 259.95 386.23 365.112 441.13 453.98 418.36 394.68 354.71 339.23
-9999 -9999 -9999 -9999 -9999 -9999 -9999 -9999 -9999 -9999 -9999 -9999 -9999 -9999 -9999 -9999 -9999 -9999 -9999 -9999 -9999 -9999 -9999 -9999 -9999 -9999 -9999 -9999 -9999 -9999 -9999 -9999 -9999 -9999 -9999 -9999 -9999 -9999 -9999 -9999 -9999 -9999 -9999 -9999 -9999 -9999 -9999 -9999 -9999 -9999 -9999 6 -9999 5.88462 47.433 207.434 225.96 294.69 460.4 643.08 637.09 458.39 331.837 240.56 380.273 328.14 389.73 527.56 472.52 552.14 555.18 558.93 355.3 258.908
-9999 -9999 -9999 -9999 -9999 -9999 -9999 -9999 -9999 -9999 -9999 -9999 -9999 -9999 -9999 -9999 -9999 -9999 -9999 -9999 -9999 -9999 -9999 -9999 -9999 -9999 -9999 -9999 -9999 -9999 -9999 -9999 -9999 -9999 -9999 -9999 -9999 -9999 -9999 -9999 -9999 -9999 -9999 -9999 -9999 -9999 -9999 -9999 12 63.5366 33 17.9574 5.53191 17.18 67.06 74.66 193.59 361.475 433.83 674.18 633.8 305.663 238.5 285.45 494.62 434.57 431.39 582.44 688.07 617.42 736.56 643.09 451.54 268.684
-9999 -9999 -9999 -9999 -9999 -9999 9 13 -9999 -9999 -9999 -9999 -9999 -9999 -9999 -9999 -9999 -9999 -9999 -9999 -9999 -9999 -9999 -9999 -9999 -9999 -9999 -9999 -9999 -9999 -9999 -9999 -9999 -9999 -9999 -9999 -9999 -9999 -9999 -9999 -9999 -9999 -9999 -9999 -9999 -9999 -9999 -9999 101.043 242.717 176.49 62.71 37.04 200.5 343.535 247.788 187.87 321.162 497.54 725.11 654.54 378.41 283.657 396.45 619.04 532.73 581.94 703.33 789.18 860.62 587.53 587.22 507.78 246.98
-9999 -9999 -9999 34.1905 72.3559 69.5909 57.4516 29.4 -9999 -9999 -9999 -9999 -9999 -9999 -9999 -9999 -9999 -9999 -9999 -9999 -9999 -9999 -9999 -9999 -9999 -9999 -9999 -9999 -9999 -9999 -9999 -9999 -9999 -9999 -9999 -9999 -9999 -9999 -9999 -9999 -9999 -9999 -9999 -9999 -9999 -9999 -9999 9.25 48.1212 171.15 417.42 186.9 155.13 262.55 446.55 423.51 361.02 268.37 591.78 840.23 535.22 363.42 293.111 514.18 626.67 814.38 970.98 911.96 803.18 794.56 473.44 338.53 394.18 389.83
-9999 4.85714 8.65517 8 46.6667 235.87 166.4 17.4603 8.90909 -9999 21 16.5 36 14 -9999 -9999 -9999 -9999 -9999 -9999 -9999 -9999 -9999 -9999 -9999 -9999 -9999 -9999 -9999 -9999 -9999 -9999 -9999 -9999 -9999 -9999 -9999 -9999 -9999 -9999 -9999 -9999 5.5 2.89474 14.5556 7.5625 53.2987 73.49 203.49 167.69 520.95 425.59 321.21 322.34 557.08 607.01 490.869 442.566 671.69 755.77 398.32 335.33 411.37 641.64 714.12 972.37 1085.43 815.34 701.06 591.04 317.818 247.418 440.75 471.36
-9999 14.0746 73.551 48.4925 31.5385 61.35 100.14 10.07 15.42 16.1959 36.8571 26.4588 72.1828 20.8429 14.5116 62.0735 13.4857 10.3 13.6667 -9999 0 2.57143 3.14925 3.25581 0.333333 -9999 -9999 -9999 -9999 -9999 -9999 -9999 -9999 -9999 -9999 -9999 -9999 -9999 -9999 7.5 4 4.25806 23 5.4 17.33 105.11 349.03 378.87 494.93 419.72 275.24 531.76 689.97 579.27 1010.52 840.63 578.46 610.02 909.29 645.13 432.73 383.44 444.05 679.43 946.43 1222.99 1041.58 744.25 433.92 459.21 325.59 153.12 127.101 102.561
-9999 12.2 65.02 95.1667 163.25 172.01 188.53 91.56 65.6869 59.13 28.18 97.12 86.76 92.77 63.42 63.59 29.56 24.23 12.4343 20.7222 9.70213 6.11 5.11 3.39 13.6702 101.688 125.593 25.9333 16 -9999 -9999 4.6 -9999 -9999 -9999 -9999 -9999 -9999 6.25 5.12727 6.89773 7.73 26.35 36.16 23.85 10.14 226.02 543.13 735.25 761.85 578.78 532.15 860.74 887.16 1138.98 938.02 824.22 724.8 977.06 742.29 602.42 500.16 593.74 742.45 988.38 1332.03 1079.1 663.13 341.06 214.66 84.36 24.27 16 12
-9999 -9999 -9999 83.5 106.261 171.149 384.13 330.232 292.071 367.31 73.32 64.61 148.11 298.232 215.95 168.41 167.49 77.78 81.9798 119.4 60.4 20.79 17.26 18.09 124.44 151 159.394 105.628 49.4 9.4 -9999 33.1364 14 31 -9999 -9999 29.9375 25.4375 28.7237 10.11 20.58 19.78 57.81 197.59 143.6 36.57 56.44 116.01 522.172 855.84 824.7 791.42 1067.07 879.97 892.74 890.39 928.67 904.94 919.49 944.33 883.79 694.48 736.98 965.16 1203.59 1139.81 1061.21 683.23 451.96 272.32 120.3 15.8804 16.0769 0
-9999 -9999 -9999 -9999 -9999 -9999 170.952 324.258 524.49 666.14 178.08 86.41 177.7 310.27 516.41 254.15 104.42 140.87 341.908 108.78 78.19 55.85 117.41 27.21 65.09 140.81 298.64 513.96 268.56 56.7538 50.9726 170.672 162.526 27.6809 21.7442 7.91304 25.91 132.541 93.369 96.17 129.202 140.86 100.76 119.01 83.11 156.26 266.165 128.43 126.465 324.89 539.82 942.6 1005.73 730.48 542.79 782.49 1196.09 1194.5 1192.5 1019.95 1165.47 1152.91 1134.48 1160.19 877.75 621.72 633.58 674.05 410.29 178.4 72.3824 59.4667 -9999 -9999
-9999 -9999 -9999 -9999 -9999 -9999 -9999 366.432 629.384 351.53 147.86 133.54 131.94 216.81 312.758 241.343 237.2 233.2 566.53 289.13 171.131 115.57 84.02 104.24 44.21 188.81 145.93 642.11 803.36 516.69 399.12 547.52 174.8 94.72 64.6162 81.08 111.17 265.11 430.1 518.01 355.88 395.46 303.81 132 72.0404 190.97 200.29 525.83 426.212 207.81 346.93 713.86 687.51 557.65 479.05 723.12 1014 1219.29 1169.63 1044.31 1110.49 1164.44 1270.3 972 787.22 472.79 307.25 316.67 101.01 38.6081 31.5294 -9999 -9999 -9999
-9999 -9999 -9999 -9999 -9999 -9999 -9999 829.5 764.914 518.96 249.1 156.09 125.59 262.26 332.5 453.02 537.85 296.27 235.667 251.616 285.07 272.6 203.091 234.26 124.808 315.7 182.3 449.4 750.01 805.69 845.77 616.9 519.52 576.19 423.04 275.9 115.82 255.62 456.54 744.55 622.85 651.48 397.303 246.22 160.06 106.23 211.388 400.9 732.1 685.77 281.76 274.94 437.04 353.859 448.85 545.7 820.17 1264.85 1216.54 1102.22 1076.02 1106.46 1351.5 993.22 641.13 579.13 172.38 62.27 6.575 6.61538 -9999 -9999 -9999 -9999
-9999 -9999 -9999 -9999 -9999 -9999 -9999 1054.92 771.79 447.46 256.46 322.31 233.82 174.06 182.768 397.81 672.31 368.13 234.35 217.98 458.7 443.36 299.58 119.68 164.58 296.52 341.697 287.879 655.99 643.17 736.14 896.82 913 969.92 665.25 517.85 263.596 359.14 635.77 841.79 1150.92 1099 707.9 431.61 343.182 192.09 288.66 273.42 501.1 707.52 588.54 251.424 243.06 349.57 348.38 476.9 789.51 1325.8 1456.91 1360.23 1087.48 1077.65 1161.51 895.9 468.13 221.06 58.77 11.27 2.37931 12.3333 -9999 -9999 -9999 -9999
-9999 -9999 -9999 -9999 -9999 -9999 1598 1275.07 867.61 437.14 395.63 356.81 353.01 435.37 438.01 337.53 418.08 439.08 261.2 245.918 441.73 586.69 314.848 271.465 147.7 177 313.85 232.224 402.79 539.31 652.6 880.68 1044.09 1065.4 842.75 413.43 422.768 741.24 866.38 1152.72 1455.76 1187.52 845.32 723.42 449.929 278.67 441.37 358.061 546.65 615.5 612.77 390.04 240.6 239.95 257.303 390.04 586.51 818.66 1028.62 1344.1 1172.1 1142.78 1127.14 824.61 600.11 428.53 114.12 11.15 9.54545 -9999 -9999 -9999 -9999 -9999
-9999 -9999 -9999 -9999 -9999 -9999 -9999 1197.58 870.94 882.59 829.14 585.19 839.27 736.58 544.12 448.58 406.55 365.98 441.68 335.68 383.091 365.82 284.94 465 313.74 326.343 297.33 238.43 223.35 407.98 562.17 697.03 1011.89 1070.3 924.14 531.93 549.28 747.55 862.05 1249.82 1430.66 1023.41 792.86 719.97 534.78 288.68 417.727 441.81 422.26 694.82 568.31 316.88 202.24 194.68 244.082 319.52 429.6 556.12 718.61 960.56 1083.57 1125.23 894.39 692.09 332.55 140.52 122.04 60.77 48.8095 -9999 -9999 -9999 -9999 -9999
-9999 -9999 -9999 -9999 -9999 -9999 -9999 1695.33 1556.41 1455.71 1296.51 1174.85 1112.86 823.05 635.34 690.94 545.92 422.64 591.5 423.17 235.78 325.13 353.576 473.77 416.06 547.07 482.64 358.17 253.677 322.17 413.53 544.22 895.17 1019.83 1083.66 905.83 1056.67 1016.85 983.5 1203.81 1283.09 849.44 636.48 479.152 358.83 252.77 163.14 325.42 386.85 583.2 585.66 450.75 199.32 202.99 239.394 340.212 556.11 706.16 726.85 841.08 919.79 729.02 675.74 418.83 239.62 45.86 62.1798 30.4667 15 -9999 -9999 -9999 -9999 -9999
-9999 -9999 -9999 -9999 -9999 -9999 -9999 -9999 -9999 -9999 -9999 1627.02 1261.89 929.7 832.48 629.56 519.92 554.57 675.04 639.1 313.525 370.04 456.91 370.36 465.23 619.57 639.24 482.75 388.96 408.52 406.35 478.54 582.29 777.8 1015.75 1040.56 1130.21 1269.63 1313.58 1216.37 1105.94 977.92 791.04 563.52 379.398 129.35 114.76 195.34 260.616 437.18 675.25 358.99 198.75 195.1 221.51 514.79 826.43 922.92 764.02 623.79 671.52 568.19 409.35 291.14 136.27 24.3977 28.4615 -9999 -9999 -9999 -9999 -9999 -9999 -9999
-9999 -9999 -9999 -9999 -9999 -9999 -9999 -9999 -9999 -9999 -9999 1629.14 1342.46 1192.41 1073.92 913.833 880.39 807.19 819.95 612.14 392.65 582.2 643.77 517.97 516.83 1030.39 1062.91 602.74 407.72 441.46 499.21 618.92 784.93 905.43 947.29 927.02 958.2 1167.95 1176.46 894.1 824.19 735.23 686.67 364.63 144.75 157.63 155.76 199.39 179.04 232.46 366.54 431.7 342.78 216.172 303.535 783.07 766.06 725.33 638.61 396.29 517.9 433 280.263 176.41 105.62 24.8966 -9999 -9999 -9999 -9999 -9999 -9999 -9999 -9999
-9999 -9999 -9999 -9999 -9999 -9999 -9999 -9999 -9999 -9999 -9999 -9999 -9999 -9999 -9999 1077 1123.78 1095.56 1040.23 767.29 603.21 728.06 796.29 612.19 670.17 919.91 1040 594.37 647.5 635.92 636.96 692.13 920.58 1011.56 698.38 656.47 782.16 962.71 944.4 629.32 436.08 411.32 282.459 155.81 117.73 237.755 236.434 226.13 349.09 408.76 518.96 678.29 383.65 244.37 487.46 977.52 905.53 908.43 761.55 456.68 347.141 263.535 323.74 262.95 130.674 33.9167 -9999 -9999 -9999 -9999 -9999 -9999 -9999 -9999
-9999 -9999 -9999 -9999 -9999 -9999 -9999 -9999 -9999 -9999 -9999 -9999 -9999 -9999 -9999 -9999 -9999 1195.5 995.465 768.2 782.68 990.61 955.71 782.04 1147.91 994.16 844.32 965.73 1052.55 902.67 843.14 860.19 806.24 795.76 578.98 456.13 715.57 741.53 634.26 431.74 305.222 187.98 150.67 128.04 119.34 141.8 243.35 465.66 753.97 683.56 529.88 382.66 246.34 259.293 598.33 1054.2 1037.88 958.65 716.05 549.57 409.88 241.42 163.78 74.63 144.34 97.6438 -9999 -9999 -9999 -9999 -9999 -9999 -9999 -9999
-9999 -9999 -9999 -9999 -9999 -9999 -9999 -9999 -9999 -9999 -9999 -9999 -9999 -9999 -9999 -9999 -9999 -9999 1179.27 1059.81 1033.17 1108.5 1269.09 1045.14 1275.19 1252.75 1085.57 1195.93 1140.76 1079.11 1043.2 918.67 654.79 507.59 402.31 349.88 396.54 366.99 278.121 202.9 144.88 139.66 133.44 128.73 128.93 200.93 590.44 976.82 1073.6 664.61 347.586 246.031 243.808 359.11 666.95 819.09 844.07 971.69 879.83 847.08 692.39 483.172 364.42 62.3434 2.37931 33.6333 -9999 -9999 -9999 -9999 -9999 -9999 -9999 -9999
-9999 -9999 -9999 -9999 -9999 -9999 -9999 -9999 -9999 -9999 -9999 -9999 -9999 -9999 -9999 -9999 -9999 -9999 -9999 778.147 793.15 1100.07 1291.33 1363.54 1326.16 1249.43 1259.65 1321.3 1276.47 1325.74 1178.59 905.6 531.91 415.23 285.79 235.78 194.06 168.23 152.87 136.13 128.76 135.99 139.99 175.93 314.439 449.9 785.61 990.99 838.81 618.17 431.78 423.68 626.3 815.22 735.22 634.67 743.57 755.89 815.82 980.14 723.57 425.15 224.13 100.354 -9999 -9999 -9999 -9999 -9999 -9999 -9999 -9999 -9999 -9999
-9999 -9999 -9999 -9999 -9999 -9999 -9999 -9999 -9999 -9999 -9999 -9999 -9999 -9999 -9999 -9999 -9999 -9999 -9999 583.829 736.96 888.8 1169.44 1249.16 1155 1203.64 1284.66 1406.89 1387.38 1206.13 940.94 667.09 563.33 423.55 308.919 214.86 183.16 156.92 143.88 135.4 135.01 168.91 207 302.52 432.081 690.9 843.31 968.02 1024.29 938.42 961.95 847.69 958.95 814.14 644.03 605.95 448.79 628.35 455.09 555.75 394.55 165.111 60.4722 -9999 -9999 -9999 -9999 -9999 -9999 -9999 -9999 -9999 -9999 -9999
-9999 -9999 -9999 -9999 -9999 -9999 -9999 -9999 -9999 -9999 -9999 -9999 -9999 -9999 -9999 -9999 -9999 -9999 -9999 -9999 997.719 1133.83 990.49 1034.95 1104.86 1384.97 1435.35 1533.61 1291.01 989.86 764.86 705.54 592.89 516.64 420.94 329.9 293.86 177.51 165.83 152.43 228.35 391.98 588.97 670.95 736.31 727.01 901.98 1058.24 1072.5 788.21 727.04 612.8 688.01 649.02 494.94 391.12 273.21 572.18 200.65 320.85 349.51 343.62 221.905 -9999 -9999 -9999 -9999 -9999 -9999 -9999 -9999 -9999 -9999 -9999
-9999 -9999 -9999 -9999 -9999 -9999 -9999 -9999 -9999 -9999 -9999 -9999 -9999 -9999 -9999 -9999 -9999 -9999 -9999 403.692 606.011 717.21 906.69 1094.19 1288.9 1529.98 1616.4 1487.22 1240.97 1086.59 839.35 817.71 699.05 703.92 552.13 544.23 393.51 236.07 300.404 186.48 390.19 659.2 754.11 617.21 497.32 713.43 901.31 672.4 789.43 489.09 462.3 381.85 574.43 534.74 265.68 247.92 126.95 312.273 76.68 111.42 139.34 304.309 170.651 40.5 -9999 -9999 -9999 -9999 -9999 -9999 -9999 -9999 -9999 -9999
-9999 -9999 -9999 -9999 -9999 -9999 -9999 -9999 -9999 -9999 -9999 -9999 -9999 -9999 -9999 -9999 -9999 -9999 -9999 425.485 553.57 709.52 943.32 1243.16 1376.91 1407.84 1493.2 1499.8 1441.35 1353.84 1117.59 1048.05 925.69 837.1 717.73 469.62 364.04 276.899 370.23 419.424 582.73 659.06 579.86 423.263 393.485 686.92 604.85 318.64 442.29 381.89 206.21 224.364 511.7 235.96 177.327 112.65 196.283 77.38 107.8 84.74 68.8415 150.839 48.5652 58.8571 -9999 -9999 -9999 -9999 -9999 -9999 -9999 -9999 -9999 -9999
-9999 -9999 -9999 -9999 -9999 -9999 -9999 -9999 -9999 -9999 -9999 -9999 -9999 -9999 -9999 -9999 -9999 -9999 -9999 524.458 621.106 810.08 1009.66 1283.57 1355.27 1317.68 1267.44 1220.68 1102.14 1169.48 1235.25 1380.95 1311.59 1064.65 790.93 755.12 660.02 475.86 456.82 332.596 382.78 353.52 520.495 549.51 235.182 367.768 390.76 137.65 315.687 388.2 154.121 129.47 89.42 67.9 91.0968 35.2903 54.3226 30.1754 7.59259 26.8333 75.3871 9 -9999 -9999 -9999 -9999 -9999 -9999 -9999 -9999 -9999 -9999 -9999 -9999
-9999 -9999 -9999 -9999 -9999 -9999 -9999 -9999 -9999 -9999 -9999 -9999 -9999 -9999 -9999 -9999 -9999 -9999 -9999 613.778 707.341 890.99 1148.13 1239.72 1283.68 867.89 836.73 871.73 849.48 986.88 1017.64 1243.77 979.14 852.35 824.24 487.245 525.93 639.44 447.35 139.061 169.63 170.05 418.6 352.143 189.465 174.9 160.071 149.34 291.19 154.32 128.9 88.15 105.386 29.65 65.6863 8 18 -9999 -9999 -9999 -9999 -9999 -9999 -9999 -9999 -9999 -9999 -9999 -9999 -9999 -9999 -9999 -9999 -9999
