public/models/data/input/map/sulut/2500/mapdplant.asc
NCOLS 100
NROWS 73
XLLCORNER 510063.019283
YLLCORNER 211617.685435
CELLSIZE 2500.000000
NODATA_VALUE       -9999
[rows 32 to 63 of 73, columns 0 to 71 of 100]
-9999 -9999 -9999 -9999 -9999 -9999 -9999 -9999 -9999 -9999 -9999 -9999 -9999 -9999 -9999 -9999 -9999 -9999 -9999 -9999 -9999 -9999 -9999 -9999 -9999 -9999 -9999 -9999 -9999 -9999 -9999 -9999 -9999 -9999 -9999 -9999 -9999 -9999 -9999 -9999 -9999 -9999 -9999 -9999 -9999 -9999 -9999 -9999 -9999 -9999 -9999 -9999 -9999 -9999 -9999 2038.49 313.704 2.72996 0 16.1125 153.259 69.3249 420.516 77.5759 0 37.9986 299.247 1720.74 3547.16 5718.63 6910.83 7598.3
-9999 -9999 -9999 -9999 -9999 -9999 -9999 -9999 -9999 -9999 -9999 -9999 -9999 -9999 -9999 -9999 -9999 -9999 -9999 -9999 -9999 -9999 -9999 -9999 -9999 -9999 -9999 -9999 -9999 -9999 -9999 -9999 -9999 -9999 -9999 -9999 -9999 -9999 -9999 -9999 -9999 -9999 -9999 -9999 -9999 -9999 -9999 -9999 -9999 -9999 -9999 -9999 -9999 -9999 -9999 2379.06 948.274 30.7228 0 6.3875 17.8911 13.7711 43.5085 4.925 0 11.4847 135.499 696.822 2951.18 5372.57 7560.41 8753.89
-9999 -9999 -9999 -9999 -9999 -9999 -9999 -9999 -9999 -9999 -9999 -9999 -9999 -9999 -9999 -9999 -9999 -9999 -9999 -9999 -9999 -9999 -9999 -9999 -9999 -9999 -9999 -9999 -9999 -9999 -9999 -9999 -9999 -9999 -9999 -9999 -9999 -9999 -9999 -9999 -9999 -9999 -9999 -9999 -9999 -9999 -9999 -9999 -9999 -9999 -9999 -9999 -9999 -9999 -9999 2.03252 138.91 31.7713 15.3802 8.58839 0 0 0 0 3.82031 30.8333 651.642 1506.42 3122.71 4366.84 5600.41 7191.15
-9999 -9999 -9999 -9999 -9999 -9999 -9999 -9999 -9999 -9999 -9999 -9999 -9999 -9999 -9999 -9999 -9999 -9999 -9999 -9999 -9999 -9999 -9999 -9999 -9999 -9999 -9999 -9999 -9999 -9999 -9999 -9999 -9999 -9999 -9999 -9999 -9999 -9999 -9999 -9999 -9999 -9999 -9999 -9999 -9999 -9999 -9999 -9999 -9999 -9999 -9999 -9999 -9999 -9999 96.1538 50.9731 15.5542 82.6187 112.717 84.884 1.5 1.5 5.44375 3.80625 1.42969 8.01606 84.243 1089.08 2004.17 2107.64 3809.17 5781.25
-9999 -9999 -9999 -9999 -9999 -9999 -9999 -9999 -9999 -9999 -9999 -9999 -9999 -9999 -9999 -9999 -9999 -9999 -9999 -9999 -9999 -9999 -9999 -9999 -9999 -9999 -9999 -9999 -9999 -9999 -9999 -9999 -9999 -9999 -9999 -9999 -9999 -9999 -9999 -9999 -9999 -9999 -9999 -9999 -9999 -9999 -9999 -9999 -9999 -9999 -9999 -9999 -9999 -9999 506.484 114.741 0 0 106.906 361.554 5.90985 5.34375 7.3375 8.00625 21.1182 344.861 296.113 1092.3 982.204 630.49 2350.34 4192.73
-9999 -9999 -9999 -9999 -9999 -9999 -9999 -9999 -9999 -9999 -9999 -9999 -9999 -9999 -9999 -9999 -9999 -9999 -9999 -9999 -9999 -9999 -9999 -9999 -9999 -9999 -9999 -9999 -9999 -9999 -9999 -9999 -9999 -9999 -9999 -9999 -9999 -9999 -9999 -9999 -9999 -9999 -9999 -9999 -9999 -9999 -9999 -9999 -9999 -9999 -9999 -9999 -9999 -9999 70.4177 5.38548 0 6.25 50.193 271.797 13.9167 4.15625 4.40625 0 10.4163 684.314 1823.77 2493.74 2032.62 584.258 989.13 3053.19
-9999 -9999 -9999 -9999 -9999 -9999 -9999 -9999 -9999 -9999 -9999 -9999 -9999 -9999 -9999 -9999 -9999 -9999 -9999 -9999 -9999 -9999 -9999 -9999 -9999 -9999 -9999 -9999 -9999 -9999 -9999 -9999 -9999 -9999 -9999 -9999 -9999 -9999 -9999 -9999 -9999 -9999 -9999 -9999 -9999 -9999 -9999 -9999 -9999 -9999 -9999 -9999 -9999 14.1844 38.5878 0 1.0625 3.34283 16.0156 13.1719 8.21875 17.4063 1.95625 7.98829 285.655 1247.32 3053.53 4672.4 3736.39 1837.23 1332.87 3174.1
-9999 -9999 -9999 -9999 -9999 -9999 -9999 -9999 -9999 -9999 -9999 -9999 -9999 -9999 -9999 -9999 -9999 -9999 -9999 -9999 -9999 -9999 -9999 -9999 -9999 -9999 -9999 -9999 -9999 -9999 -9999 -9999 -9999 -9999 -9999 -9999 -9999 -9999 -9999 -9999 -9999 -9999 -9999 -9999 -9999 -9999 -9999 -9999 -9999 -9999 -9999 0 5.07246 37.2379 37.8877 0.9375 22.1302 82.0882 4.875 0 0.46875 0.46875 53.8201 364.837 1355.97 2600.91 3884.05 5698.66 5217.41 3762.28 3475.49 4582.3
-9999 -9999 -9999 -9999 -9999 -9999 -9999 -9999 -9999 -9999 -9999 -9999 -9999 -9999 -9999 -9999 -9999 -9999 -9999 -9999 -9999 -9999 -9999 -9999 -9999 -9999 -9999 -9999 -9999 -9999 -9999 -9999 -9999 -9999 -9999 -9999 -9999 -9999 -9999 -9999 -9999 -9999 -9999 -9999 -9999 -9999 -9999 -9999 0 17.4173 62.232 143.697 529.74 250.476 164.433 113.64 236.146 112.415 4.19862 0 1.14959 153.539 307.455 90.9082 380.172 924.425 2575.24 4972.96 6789.4 6363.96 6118.48 6927.43
-9999 -9999 -9999 0 0 -9999 5.13742 3.05364 -9999 -9999 -9999 -9999 -9999 -9999 -9999 -9999 -9999 -9999 -9999 -9999 -9999 -9999 -9999 -9999 -9999 -9999 -9999 -9999 -9999 -9999 -9999 -9999 -9999 -9999 -9999 -9999 -9999 -9999 -9999 -9999 -9999 -9999 -9999 -9999 -9999 -9999 -9999 551.777 11.428 35.9373 229.156 207.448 307.222 203.807 218.068 172.667 112.287 621.344 539.69 20.5594 0.641467 13.7928 82.203 215.199 165.28 866.044 2702.25 5067.13 7041.54 6752.08 6700.56 6895.26
-9999 -9999 -9999 0 0 0 62.0892 31.1605 -9999 -9999 -9999 -9999 -9999 -9999 -9999 -9999 -9999 -9999 -9999 -9999 -9999 -9999 -9999 -9999 -9999 -9999 -9999 -9999 -9999 -9999 -9999 -9999 -9999 -9999 -9999 -9999 -9999 -9999 -9999 -9999 -9999 -9999 -9999 -9999 -9999 -9999 387.365 120.613 155.456 90.8334 201.437 315.378 183.071 110.43 80.5293 35.1502 347.698 1122.02 835.55 43.3626 39.7762 262.67 183.127 94.1558 1103.86 2518.83 4391.64 5851.03 5449.49 4326.7 4320.16 4445.37
8.68056 115.329 83.7831 2.00052 10.5937 1.53033 16.5609 140.836 31.1932 9.05704 0 0 0 0 0 -9999 -9999 -9999 -9999 -9999 -9999 -9999 -9999 -9999 -9999 -9999 -9999 -9999 -9999 -9999 -9999 -9999 -9999 -9999 -9999 -9999 -9999 -9999 -9999 -9999 -9999 -9999 83.945 845.062 520.374 301.252 307.541 82.6524 6.48177 59.6543 428.276 569.727 246.65 294.203 437.762 22.0297 267.046 1495.5 527.255 14.7528 483.288 862.516 36.6917 47.3958 844.235 2892.58 5155.79 5065.68 3522.04 2022.05 1929.64 2050.4
8.68056 94.5343 45.4314 0.80415 29.1812 17.4301 11.7106 92.1945 87.6431 182.011 30.9391 0.03125 9.16411 44.7116 44.1169 33.8396 0.729852 14.0853 65.5546 630.108 1035.44 629.526 486.612 1849.5 1987.01 1024.96 -9999 -9999 -9999 -9999 -9999 -9999 -9999 -9999 -9999 -9999 -9999 -9999 -9999 728.221 414.596 693.309 898.163 1415.77 793.374 221.057 631.922 871.717 469.428 708.858 782.217 1628.43 1323.03 2088.85 1144.79 119.097 212.87 1751.82 914.697 61.4303 417.014 542.593 122.35 412.44 1852.64 3463.39 4805.37 3112.58 1542.73 386.292 180.771 263.709
-9999 153.623 111.745 23.8274 141.216 295.326 108.785 49.7545 89.0299 121.325 154.664 57.3099 2.65625 2.96875 140.657 42.3108 5.38281 15.4595 35.106 377.428 459.042 313.052 336.433 1005.36 1048.48 685.619 106.779 1498.38 1671.34 -9999 -9999 -9999 -9999 -9999 -9999 -9999 -9999 -9999 2568.79 1097.66 561.638 1075.3 1420 2065.59 1590.04 224.939 252.247 1142.7 2035.32 2232.81 2158.34 3224.07 3117.2 2693.24 1335.79 226.724 60.2499 994.982 424.708 2.97589 5.16735 323.659 120.167 488.764 2752.89 4643.03 3897.9 1812.41 220.208 54.1297 17.4048 94.744
-9999 -9999 -9999 5.40075 68.3462 305.278 717.629 450.244 404.44 621.756 60.387 78.6315 53.737 118.554 122.177 18.6736 50.4559 20.0882 0 10.334 18.7159 61.5172 67.4978 151.855 51.8092 210.013 213.801 333.092 410.734 451.711 156.485 145.201 50.4366 1509.85 2296.04 221.708 1194.79 3969.71 3343.82 1108.77 229.622 711.439 210.353 710.448 1257.21 380.414 262.465 239.373 821.537 661.908 1014.93 2397.68 1845.46 714.929 138.298 8.68054 39.2114 346.744 59.4282 3.28906 7.28715 163.206 461.964 1680.26 3582.2 4592.29 2684.14 743.071 26.324 0 29.4017 169.635
-9999 -9999 -9999 -9999 -9999 198.864 471.423 1500.92 1735.86 1790.13 236.684 57.8294 364.256 365.44 785.644 304.921 9.21875 51.1559 120.633 5.875 15.5482 9.51066 5.4397 528.099 367.63 204.801 626.613 232.03 29.9472 153.526 74.2995 63.1421 35.3874 1044.33 1429.49 456.007 780.531 2960.31 3320.01 1103.87 81.2792 37.1271 12.1219 153.899 699.265 707.142 404.901 499.584 78.9539 14.1317 120.514 1089.35 344.163 20.0393 0 2.5 174.02 412.89 70.4079 212.971 120.674 1017.64 2104.59 3325.94 4255.79 3369.81 1577 332.974 124.372 57.0686 11.6143 31.9679
-9999 -9999 -9999 -9999 -9999 -9999 2430.86 3429.24 3677.66 2019.74 239.963 195.168 263.002 1503.54 2567.14 2103.39 453.883 415.338 1200.13 270.908 237.522 160.575 327.741 1269.66 1715.65 1552.33 1557.82 1566.72 563.984 443.145 524.469 252.328 96.2991 144.581 340.025 82.2883 1180.02 3403.72 3278.32 1180.68 1184.01 893.11 436.041 89.7269 139.407 589.988 613.348 351.402 188.105 142.923 96.224 350.023 39.1514 1.37812 2.80938 0 68.3615 204.505 592.044 1297.46 1596.68 2238.33 3265.97 4511.39 3192.66 1271.64 282.975 19.4105 49.3474 29.1048 0 0
-9999 -9999 -9999 -9999 -9999 -9999 -9999 5562.4 4050.13 1791.24 541.796 264.477 177.295 1353.38 3480.69 3638.53 1812.97 1384.23 834.908 458.12 1372.6 1577.85 1725.79 3154.15 3899.28 3898.8 3797.29 3518.77 2696.22 2373.17 2415.54 1374.38 1118.4 830.854 439.542 191.219 590.755 2483.11 3888.55 2947.07 3305.46 3013.82 1587.57 275.831 281.677 57.3742 155.329 801.162 351.177 46.9155 142.175 38.3864 8.67579 13.0156 3.79688 18.0938 83.8194 534.635 2028.28 2976.58 1764.74 860.637 1567.92 3506.33 3358.28 1462.75 334.029 43.6017 24.1652 0 0 -9999
-9999 -9999 -9999 -9999 -9999 -9999 8377.56 7288.5 4949.17 3206.41 2573.11 1943.46 841.396 1385.23 3673.73 5122.96 4253.21 3375.67 2039.88 1505.77 3008.5 4083.6 4088.99 5195.26 6376.62 6490.05 6375.31 6081.83 5285.73 4956.89 4788.42 3818.65 3461.3 3183.37 2556.11 1936.13 1120.79 2329.53 4740.88 5454.04 5803.37 4738.37 2231.78 797.183 971.762 196.382 61.814 224.492 261.171 7.06025 0 6.75 14.1563 29.1063 104.301 11.1381 54.5477 659.799 1777.79 2539.32 695.758 8.25 725.962 2492.21 3076.07 2698.46 1198.93 296.241 806.028 0 0 -9999
-9999 -9999 -9999 -9999 -9999 -9999 9666.59 8532.58 6605.4 5545.44 4986 4097.7 2799.54 3114.8 4932.73 6828.62 6643.3 5542.72 4366.4 3886.15 4857.64 6111.85 6521.96 7462.62 8522.61 8924.16 8810.31 8516.83 7720.73 7391.89 7191.18 6253.06 5894.26 5612.15 4980.34 4206.36 3397.63 4112.35 5881.56 7542.7 7724.61 5761.47 3539.43 2509.42 1275.09 597.342 409.129 637.714 401.697 55.8806 0 0 54.2609 270.208 659.594 190.122 10.9794 14.559 284.566 1183.22 532.946 0.075 131.35 701.144 842.23 1027.84 1103.56 1038.86 1933.8 -9999 -9999 -9999
-9999 -9999 -9999 -9999 -9999 -9999 10433.2 10063.9 9074.5 8098.95 7371.48 6339.09 5326.92 5560.95 6753.56 8384.85 9038.82 7997.19 6914.5 6442.3 7355.72 8366.29 9072.18 10017.7 11035.1 11479.5 11366.6 11073.1 10277 9948.14 9747.21 8809.31 8450.51 8168.27 7531.51 6731.22 5952.65 6621.61 7736.12 9051.68 8732.3 6672.97 4389.97 2576.63 1157.58 588.612 267.034 276.385 511.248 320.746 0 0 307.851 1840.4 2113 601.78 17.8125 7.4375 1 44.5669 17.6819 0 0 6.87132 0 6.58833 528.315 2501.08 3813.15 -9999 -9999 -9999
-9999 -9999 -9999 -9999 -9999 -9999 -9999 11113.3 10841 10125.9 9451.29 8741.08 7761.92 7995.95 9069.79 10150.1 11218.8 10422.8 9349.5 8877.3 9790.64 10787.7 11505.3 12452.7 13470.1 13914.5 13801.6 13508.1 12712 12383.1 12182.2 11244.3 10885.5 10603.3 9966.5 9166.22 8387.02 8923.7 8934.96 8252.82 7081.09 5806.43 3811.07 1606.06 627.423 252.426 185.776 535.875 99.9309 241.387 80.1688 4.29375 603.17 2232.34 1381.21 161.502 8.57132 5.925 0 0 0 0 0 0 0 0.125 587.307 2814.44 4098.43 -9999 -9999 -9999
-9999 -9999 -9999 -9999 -9999 -9999 -9999 -9999 -9999 -9999 10350 11015.4 10352.9 10587.2 11660.5 12640.1 13562.7 13014 11940.8 11468.5 12381.9 13379 14096.6 15043.9 16061.4 16505.8 16392.8 16099.3 15296.3 14863.4 14359.5 13261.1 12533.4 11799.2 10879.2 10401.7 9746.47 8769.78 7163.35 5811.42 4604.32 3567.82 2540 1359.87 281.264 120.543 221.859 78.7064 26.1938 196.133 307.154 14.566 518.413 880.084 140.063 209.591 581.601 409.827 26.9836 31.9035 0 0 0 0 0 21.098 358.931 1815.87 -9999 -9999 -9999 -9999
-9999 -9999 -9999 -9999 -9999 -9999 -9999 -9999 -9999 -9999 -9999 12523.3 12440.9 12926.5 14002 14992.6 15918.7 15379 14305.8 13833.5 14746.9 15744 16461.6 17408.9 18426.4 18870.8 18757.8 18429.6 17042.3 15196 13504 12018.9 10709.7 9729.67 8687.41 8331.49 7925.16 7048.9 5308.14 3815.86 2337.24 1647.13 632.157 190.193 75.108 140.781 263.338 109.866 28.9312 37.4831 26.6797 102.715 626.68 140.986 21.0653 751.069 2212.75 1694.65 660.244 449.881 62.6482 0 0 0 1.875 4.50368 -9999 -9999 -9999 -9999 -9999 -9999
-9999 -9999 -9999 -9999 -9999 -9999 -9999 -9999 -9999 -9999 -9999 -9999 -9999 -9999 -9999 16908.4 17784 17640.2 16967 16494.8 17408.1 18405.2 19122.8 20070.2 21087.6 21507 20809.9 19014.1 16471.9 14036.9 11553.1 9934.93 8255.31 7075.24 6026.16 5670.24 5315.87 4880.02 3339.81 1745.16 458.665 123.507 45.2886 37.6234 139.168 400.615 481.815 86.1009 104.596 265.883 204.377 730.038 872.451 187.009 79.0428 1167.95 3603.18 4034.4 2984.66 2323.88 802.121 96.8366 25.7309 0 0 0 -9999 -9999 -9999 -9999 -9999 -9999
-9999 -9999 -9999 -9999 -9999 -9999 -9999 -9999 -9999 -9999 -9999 -9999 -9999 -9999 -9999 -9999 -9999 19847.3 19316.3 18859.8 19773.1 20770.2 21487.8 22435.2 23366 22753.3 20475.5 18048.5 15492.2 13057.2 10467.2 8208.44 6396.81 4917.84 3662.87 3313.75 2972.67 2601.23 1593.19 415.672 67.8807 47.7342 46.9045 70.613 196.84 157.885 293.497 810.079 1387.6 1030.99 135.335 92.225 103.61 6.58102 154.59 1540.44 4104.03 5857.21 5313.89 3843.64 1752.31 636.249 237.258 140.837 112.783 8.07376 -9999 -9999 -9999 -9999 -9999 -9999
-9999 -9999 -9999 -9999 -9999 -9999 -9999 -9999 -9999 -9999 -9999 -9999 -9999 -9999 -9999 -9999 -9999 20859.5 21003.9 21291.7 22344.8 23249.5 23888 24774.3 24251.5 22001.4 19410.2 16975.2 14418.9 11983.9 9392.66 7027.66 4481.68 2878.46 1320.24 1121.98 804.186 679.442 177.268 246.24 247.971 146.818 154.36 107.029 359.776 286.496 1509.71 2587.62 1668.99 547.404 32.7851 67.1186 18.6737 82.7294 845.752 2602.5 5156.09 6983.11 6743.29 4980.26 3059.16 1361.06 354.007 162.124 898.178 36.0763 -9999 -9999 -9999 -9999 -9999 -9999
-9999 -9999 -9999 -9999 -9999 -9999 -9999 -9999 -9999 -9999 -9999 -9999 -9999 -9999 -9999 -9999 -9999 -9999 -9999 22927.9 22787.6 22825.7 23131.6 23875.3 23460 21222.4 18632.7 16197.7 13641.5 11206.5 8615.23 6250.23 3589.85 1371.29 167.631 180.597 147.568 343.117 281.049 443.865 319.307 182.118 253.71 88.2295 128.584 1041.95 3140.87 3991.54 1956.46 471.234 57.9485 97.2724 475.249 1371.31 2679.27 4011.16 5363.66 5541.04 5063.28 4314.83 1974.4 474.029 68.7898 20.0584 1103.55 0 -9999 -9999 -9999 -9999 -9999 -9999
-9999 -9999 -9999 -9999 -9999 -9999 -9999 -9999 -9999 -9999 -9999 -9999 -9999 -9999 -9999 -9999 -9999 -9999 -9999 21414.4 20414 20310.4 20597.3 21340.1 21953.4 20809.5 18753.3 16434.5 13888.8 11453.8 8862.5 6497.51 3837.16 1613.59 330.1 58.5956 67.4646 142.122 158.348 190.82 175.749 196.845 204.109 200.196 645.257 1818.8 4187.14 5059.7 3374.98 1686.1 963.215 942.346 1819.48 3405.48 4464.8 3703.3 3176.46 3056.38 2550.75 2875.59 1239.88 117.775 7.89695 0 -9999 -9999 -9999 -9999 -9999 -9999 -9999 -9999
-9999 -9999 -9999 -9999 -9999 -9999 -9999 -9999 -9999 -9999 -9999 -9999 -9999 -9999 -9999 -9999 -9999 -9999 -9999 19853.2 17918.3 17875.4 18162.3 18905.1 19537.7 18703.7 17610 16503.3 14751.7 12337.5 9746.21 7381.21 4843.13 3319.76 1776.7 551.922 397.739 159.419 73.3401 139.528 382.522 1233.74 1814.36 1759.28 2610.43 3653.38 4433.08 3666.93 2959.69 2256.4 594.682 173.573 1365.09 3524.3 4090.99 2209.38 1047.92 1074.76 482.516 963.032 812.51 600.992 40.0484 0 -9999 -9999 -9999 -9999 -9999 -9999 -9999 -9999
-9999 -9999 -9999 -9999 -9999 -9999 -9999 -9999 -9999 -9999 -9999 -9999 -9999 -9999 -9999 -9999 -9999 -9999 -9999 15654.7 15322.1 15284.2 15571.1 16313.9 16946.5 16112.4 15039.1 14346.5 14666.1 13353.7 10820.8 8569.27 6852.33 5414.87 3491.16 2646.12 1976.92 467.944 43.7996 110.203 759.098 2524.37 4192.42 4298.51 4854.4 4700.91 3464.7 1532.44 686.758 1159.38 1004.21 397.899 1410.82 1745.33 2049.86 1170.51 372.267 148.775 3.64375 51.2868 79.3592 171.046 9.58523 0 -9999 -9999 -9999 -9999 -9999 -9999 -9999 -9999
-9999 -9999 -9999 -9999 -9999 -9999 -9999 -9999 -9999 -9999 -9999 -9999 -9999 -9999 -9999 -9999 -9999 -9999 -9999 13782 13010.8 12919.2 13206.1 13948.9 14581.5 13747.4 12674.1 11982.1 12668.6 13234.7 11836.3 10333.2 8766.63 6980.08 5657.56 4431.11 2239.94 321.376 50.0223 551.491 2171.68 3633.05 5197.5 4978.45 4209 3156.23 1706.83 837.119 35.3346 518.973 782.533 275.895 669.328 269.258 445.558 213.788 235.481 8.84945 2.375 0.125 0.75 0 0 0 -9999 -9999 -9999 -9999 -9999 -9999 -9999 -9999
