public/models/data/input/map/sulut/2500/mapdagr.asc
NCOLS 100
NROWS 73
XLLCORNER 510063.019283
YLLCORNER 211617.685435
CELLSIZE 2500.000000
NODATA_VALUE       -9999
[rows 32 to 63 of 73, columns 0 to 71 of 100]
-9999 -9999 -9999 -9999 -9999 -9999 -9999 -9999 -9999 -9999 -9999 -9999 -9999 -9999 -9999 -9999 -9999 -9999 -9999 -9999 -9999 -9999 -9999 -9999 -9999 -9999 -9999 -9999 -9999 -9999 -9999 -9999 -9999 -9999 -9999 -9999 -9999 -9999 -9999 -9999 -9999 -9999 -9999 -9999 -9999 -9999 -9999 -9999 -9999 -9999 -9999 -9999 -9999 -9999 -9999 597.181 627.931 2677.26 4019.23 1968.36 342.686 576.839 168.12 993.025 2507.21 2307.71 600.34 8.01361 0 0 50.5098 47.432
-9999 -9999 -9999 -9999 -9999 -9999 -9999 -9999 -9999 -9999 -9999 -9999 -9999 -9999 -9999 -9999 -9999 -9999 -9999 -9999 -9999 -9999 -9999 -9999 -9999 -9999 -9999 -9999 -9999 -9999 -9999 -9999 -9999 -9999 -9999 -9999 -9999 -9999 -9999 -9999 -9999 -9999 -9999 -9999 -9999 -9999 -9999 -9999 -9999 -9999 -9999 -9999 -9999 -9999 -9999 546.691 440.422 2027.11 3644.44 2878.38 1641.92 1379.11 876.091 2392.25 3502.71 1637.16 394.246 106.235 0 0 28.5319 140.639
-9999 -9999 -9999 -9999 -9999 -9999 -9999 -9999 -9999 -9999 -9999 -9999 -9999 -9999 -9999 -9999 -9999 -9999 -9999 -9999 -9999 -9999 -9999 -9999 -9999 -9999 -9999 -9999 -9999 -9999 -9999 -9999 -9999 -9999 -9999 -9999 -9999 -9999 -9999 -9999 -9999 -9999 -9999 -9999 -9999 -9999 -9999 -9999 -9999 -9999 -9999 -9999 -9999 -9999 -9999 2048.86 705.452 1109.83 1514.19 2389.32 3548.11 3538.26 2991.7 4007.9 3669.01 1383.34 64.2256 0.25 0 0 136.188 996.442
-9999 -9999 -9999 -9999 -9999 -9999 -9999 -9999 -9999 -9999 -9999 -9999 -9999 -9999 -9999 -9999 -9999 -9999 -9999 -9999 -9999 -9999 -9999 -9999 -9999 -9999 -9999 -9999 -9999 -9999 -9999 -9999 -9999 -9999 -9999 -9999 -9999 -9999 -9999 -9999 -9999 -9999 -9999 -9999 -9999 -9999 -9999 -9999 -9999 -9999 -9999 -9999 -9999 -9999 4634.75 3223.01 1278.87 615.329 391.26 920.092 2834.82 4812.15 5285.22 4732.63 2921.77 1684.05 650.692 72.8324 0.9 1.35 63.0936 464.691
-9999 -9999 -9999 -9999 -9999 -9999 -9999 -9999 -9999 -9999 -9999 -9999 -9999 -9999 -9999 -9999 -9999 -9999 -9999 -9999 -9999 -9999 -9999 -9999 -9999 -9999 -9999 -9999 -9999 -9999 -9999 -9999 -9999 -9999 -9999 -9999 -9999 -9999 -9999 -9999 -9999 -9999 -9999 -9999 -9999 -9999 -9999 -9999 -9999 -9999 -9999 -9999 -9999 -9999 6179.54 4715.99 3127.37 2260.85 630.609 1044.65 2736.68 5085.58 6169.57 4131.34 1533.89 340.339 367.73 70.3945 33.5557 64.2509 2.86919 14.3284
-9999 -9999 -9999 -9999 -9999 -9999 -9999 -9999 -9999 -9999 -9999 -9999 -9999 -9999 -9999 -9999 -9999 -9999 -9999 -9999 -9999 -9999 -9999 -9999 -9999 -9999 -9999 -9999 -9999 -9999 -9999 -9999 -9999 -9999 -9999 -9999 -9999 -9999 -9999 -9999 -9999 -9999 -9999 -9999 -9999 -9999 -9999 -9999 -9999 -9999 -9999 -9999 -9999 -9999 6659.42 6259.45 5370.44 3756.55 2538.8 3081.04 4435.92 5708.19 5397.57 3798.42 1577.22 193.248 0 0 4.29843 113.859 56.2272 3.6
-9999 -9999 -9999 -9999 -9999 -9999 -9999 -9999 -9999 -9999 -9999 -9999 -9999 -9999 -9999 -9999 -9999 -9999 -9999 -9999 -9999 -9999 -9999 -9999 -9999 -9999 -9999 -9999 -9999 -9999 -9999 -9999 -9999 -9999 -9999 -9999 -9999 -9999 -9999 -9999 -9999 -9999 -9999 -9999 -9999 -9999 -9999 -9999 -9999 -9999 -9999 -9999 -9999 3993.68 4517.14 4869.32 5797.41 5753.61 5121.34 5393.32 5078.06 4118.09 3099.69 1953.53 543.783 55.5728 7.8125 0.375 0 5.57353 44.5465 18.0383
-9999 -9999 -9999 -9999 -9999 -9999 -9999 -9999 -9999 -9999 -9999 -9999 -9999 -9999 -9999 -9999 -9999 -9999 -9999 -9999 -9999 -9999 -9999 -9999 -9999 -9999 -9999 -9999 -9999 -9999 -9999 -9999 -9999 -9999 -9999 -9999 -9999 -9999 -9999 -9999 -9999 -9999 -9999 -9999 -9999 -9999 -9999 -9999 -9999 -9999 -9999 1116.5 1244.22 1819.95 2190.66 2580.55 3995.85 5439.88 6861.59 5903.56 3607.74 1905.29 1031.53 431.303 10.7596 0 8.5 0.8125 0 0 0 0
-9999 -9999 -9999 -9999 -9999 -9999 -9999 -9999 -9999 -9999 -9999 -9999 -9999 -9999 -9999 -9999 -9999 -9999 -9999 -9999 -9999 -9999 -9999 -9999 -9999 -9999 -9999 -9999 -9999 -9999 -9999 -9999 -9999 -9999 -9999 -9999 -9999 -9999 -9999 -9999 -9999 -9999 -9999 -9999 -9999 -9999 -9999 -9999 2563.05 1403.35 627.413 515.861 579.035 356.538 244.389 586.679 1935.78 4082.22 6145.76 4984.57 2439.83 472.441 275.513 870.869 322.958 111.221 164.163 159.334 25.4826 1.37408 0 0
-9999 -9999 -9999 15658.5 14547.8 -9999 9700.69 9454.25 -9999 -9999 -9999 -9999 -9999 -9999 -9999 -9999 -9999 -9999 -9999 -9999 -9999 -9999 -9999 -9999 -9999 -9999 -9999 -9999 -9999 -9999 -9999 -9999 -9999 -9999 -9999 -9999 -9999 -9999 -9999 -9999 -9999 -9999 -9999 -9999 -9999 -9999 -9999 0 1660.4 942.099 132.674 183.302 286.97 136.917 178.427 214.981 947.539 2890.43 5160.02 4616.37 2465.48 1161.71 519.696 1730.41 1692.86 1423.13 1072.97 548.016 152.253 28.7277 0.160355 0
-9999 -9999 -9999 15225 13412.8 10423.8 8641.17 7848.14 -9999 -9999 -9999 -9999 -9999 -9999 -9999 -9999 -9999 -9999 -9999 -9999 -9999 -9999 -9999 -9999 -9999 -9999 -9999 -9999 -9999 -9999 -9999 -9999 -9999 -9999 -9999 -9999 -9999 -9999 -9999 -9999 -9999 -9999 -9999 -9999 -9999 -9999 898.148 706.855 407.616 400.27 171.265 154.383 149.6 227.263 548.602 550.635 274.9 2072.14 4215.8 3353.35 1392.21 454.103 394.793 2158.21 3934.35 3925.14 3399.31 2173.67 568.117 570.632 8.81986 0
20600.5 19759.7 17601.9 15614.2 11985.5 9803.55 7247.92 5217.44 2138.45 712.297 2723.26 4893.09 5350.83 7740.01 7698.93 -9999 -9999 -9999 -9999 -9999 -9999 -9999 -9999 -9999 -9999 -9999 -9999 -9999 -9999 -9999 -9999 -9999 -9999 -9999 -9999 -9999 -9999 -9999 -9999 -9999 -9999 -9999 978.879 762.595 128.443 659.246 431.31 999.286 1994.44 1234.78 605.049 110.741 114.208 652.688 2102.83 1330.53 877.176 2818.86 3826.12 1812.32 294.029 56.7694 1107.88 2932.37 5389.86 6300.82 5520.7 3745 2440.41 1638.9 288.154 92.4372
19982.1 19096.3 16744.7 14235.9 11615.1 9232.11 6640.86 4275.86 1709.81 569.934 2065.08 3259.96 4460.19 6053.32 5764.06 5128.08 3895.82 3018.88 919.81 36.4782 387.98 912.447 241.521 666.922 220.113 1029.95 -9999 -9999 -9999 -9999 -9999 -9999 -9999 -9999 -9999 -9999 -9999 -9999 -9999 12.1951 397.386 147.769 320.888 451.9 104.394 358.931 89.4806 318.753 2378.64 3170.65 1556.55 604.626 349.548 815.299 2927.22 3063.75 2845.38 4189.96 3638.79 1257.5 268.109 183.885 894.105 3170.1 5815.03 7809.66 7205.81 5901.84 4588.07 2546.4 857.827 522.903
-9999 18839.6 17210.6 14988.7 12522.5 10087.5 7496.21 5181.23 3126.62 2073.96 1218.16 1097.73 3007.71 4177.69 3609.45 3432.1 1936.19 2171.74 1256.81 228.114 154.905 230.744 306.44 131.491 150.513 1127.16 2102.53 2862.03 3604.11 -9999 -9999 -9999 -9999 -9999 -9999 -9999 -9999 -9999 13.0801 30.1986 193.278 89.7038 106.259 70.4085 38.8411 301.27 418.979 943.451 2832.8 4433.54 3521.15 2651.33 2224.65 2584.78 4028.26 5212.08 5215.04 5646.93 4239.73 2403.42 1454.36 320.47 1063.36 3343.25 5942.73 7277.37 6995.32 5980.83 4923.14 3755.35 2594.44 2073.39
-9999 -9999 -9999 14827 12863.2 10835.8 8640.27 6839.3 5450.4 3765.73 1564.65 919.644 2650.61 2579.75 1239.01 2101.84 686.866 1394.7 2694.26 1431.09 1171.04 604.411 688.273 361.719 503.302 413.713 549.03 1395.82 3464.21 7510.48 7177.56 3626.01 1191 132.566 141.34 377.204 1274.93 620.171 69.557 31.2781 175.241 141.519 817.558 931.739 216.762 180.176 315.763 1313.94 2899.64 4136.99 5018.94 5054.17 4805.45 5165.4 6120.65 6523.41 5585.78 4450.91 3034.29 2229.08 1835.52 677.794 2060.08 4278.23 5493.18 5009.26 4689.6 3461 2667.75 2783.83 1515.97 933.145
-9999 -9999 -9999 -9999 -9999 10609.9 9810.64 8952.63 7108.89 5035.47 3575.3 3022.87 3882.51 2845.72 1291.6 2181.86 1484.37 2481.1 2571.14 1439.97 2329.93 2284.39 1768.1 416.441 204.22 349.303 296.383 1494.33 3710.61 6385.39 6303.7 3530.55 1157.53 106.042 127.496 165.007 521.082 501.122 76.5206 91.5298 1080.78 1471.98 2164.06 1385.74 186.16 248.631 207.78 172.658 978.487 2053.61 3595.38 4841.88 6256.89 7279.18 7339.53 5788.03 3582.72 2378.25 1200.92 422.153 831.821 979.269 2183.81 3736.32 3336.12 2651.77 2975.54 1473.69 592.276 1170.43 1661.58 1359.04
-9999 -9999 -9999 -9999 -9999 -9999 10784.9 10244 8576.43 7308.55 6217 5682.67 5968.15 4635.82 3758.78 4296.91 3997.9 4271.96 2445.92 976.006 1575.16 1226.2 562.125 210.447 122.404 794.191 2028.96 3448.24 5141.36 7048.16 5986.89 3627 1418.7 768.797 338.105 517.517 42.4838 160.477 535.194 880.675 2573.34 3974.44 4236.64 2599.87 823.885 321.01 366.047 601.717 465.572 477.438 1320.38 2996.42 5344.56 6220.89 5480.92 4663.72 2134.88 512.587 145.365 16.7074 13.6563 63.4619 1409.05 1682.4 1050.93 544.824 1559.4 1263.71 960.298 1175.81 1865.05 -9999
-9999 -9999 -9999 -9999 -9999 -9999 -9999 11371.8 10646.9 9655.53 8582 8042.86 7955.5 6923.61 6123.78 6659.59 6342.34 5789.14 3923.51 3069.79 2333.56 1230.7 267.503 662.392 439.954 552.086 2397.8 4658.92 6819.19 8311.85 6955.2 4906.98 3574.9 3003.34 2184.18 1148.55 169.749 578.627 2245.38 3056.36 4202.88 5800.87 5951.45 4048.12 2279.98 1229.2 1235.28 2159.4 2344.8 1160.24 473.242 2129.98 4421.82 4086.23 3180.4 3741.16 2550.57 1004.84 130.317 12.3493 19.6761 158.882 1120.46 603.631 325.372 296.043 346.93 1173.44 1177.08 1747.68 -9999 -9999
-9999 -9999 -9999 -9999 -9999 -9999 15628.2 14616.4 13226.2 12246.6 11173.3 10630.1 10502.9 9514.46 8715.03 9250.84 8737.27 7575.19 6380.36 5516.16 4422.08 2616.66 800.422 314.01 569.305 1669.3 3309.2 5598.21 8146.77 9848.63 8419.19 7240.87 6164.77 5423.29 3600.03 1254.85 181.363 909.96 3351.66 5313.14 6637.9 7685.33 7481.96 5871.61 4649.68 3656.5 3659.4 4511.43 4584.21 3262.23 2332.7 2978.28 3353.2 2353.95 957.554 2239.01 3445.55 2926.24 1648.82 607.504 225.927 1573.4 2783.01 2362.75 1114.26 153.314 46.1171 326.966 82.3137 -9999 -9999 -9999
-9999 -9999 -9999 -9999 -9999 -9999 17389.9 16749.6 15661.2 14681.6 13608.3 13065.1 12937.9 11949.5 11150 11669.6 10930.2 9890.43 8815.36 7807.11 6059.62 4216.91 2183.49 1554.94 1499.43 3021.99 5095.05 6760.12 9161.69 11163.5 10656.6 9674.69 8525.34 6887.64 4361.03 2092.72 1397.83 2300.4 4226.51 6556.13 8766.48 8802.05 6967.34 5720.13 5005.56 5264.74 5525.76 6248.43 6448.76 5597.84 4570.26 3289.98 1329.69 652.172 394.307 700.69 2196.21 4040.97 3736.4 2055.84 652.471 2037.33 4349.36 4451.54 2695.96 831.792 93.7978 216.822 421.494 -9999 -9999 -9999
-9999 -9999 -9999 -9999 -9999 -9999 19208.8 19113.3 18213.6 17236 16163.5 15621.4 15494.1 14505.7 13706.3 14151.3 13424.6 12444.8 11288 9650.53 7734.07 5804.56 4324.17 4004.72 3933.27 4787.88 6664.28 8616.73 10375.2 12606.7 13182.1 12185.8 10322.9 8009.29 5605.31 4112.55 3825.61 4756.08 5916.32 7667.67 9257.63 7664.6 5524.09 3480.1 2613.31 3491.3 3890.33 4451.09 5726.88 6506.73 5017.65 2744.39 512.492 101.304 94.0645 213.515 2236.59 4592.1 5447.65 3349.33 1337.35 2204.8 4734.16 5904.47 3976.05 1882.35 195.103 131.758 878.659 -9999 -9999 -9999
-9999 -9999 -9999 -9999 -9999 -9999 -9999 20252.4 19980.1 19263.5 18328.4 18049.7 17929.1 16940.7 16141.3 16582.6 15859.6 14817.7 13095.8 11275.6 9248.17 7826.07 6750.09 6439.72 6368.27 7152.91 8313.53 10107.9 12153.7 13811.5 15305.1 13962 11382.7 9172.1 7550.75 6522.87 6260.14 7190.62 8258.2 9245.36 8718.01 6391.18 4087.62 2128.24 730.753 1345.88 1513.96 2212.23 3538.37 4779.94 3926.6 1772.74 206.394 9.3125 46.2761 879.74 3236.81 5581.29 6579.67 4533.17 3206.12 3679.23 5538.18 5688.6 3553.51 2103.02 362.997 3.52108 67.1998 -9999 -9999 -9999
-9999 -9999 -9999 -9999 -9999 -9999 -9999 -9999 -9999 -9999 19193.1 20448.3 20520.3 19532 18732.5 19173.8 18357 16758.5 14816.2 12889.4 11421 10403.3 9341.34 9030.97 8959.52 9744.16 10817.5 11896.1 13741.4 15691.3 16553.5 15008.7 12638.9 11201.4 10102.1 9101.42 8797.28 9394.68 9405.12 9191.21 7768.92 5442.3 2856.72 853.695 436.773 431.999 250.042 658.083 1440.84 2615 3013.09 1261.96 98.3481 120.977 892.543 2350.34 4505.41 6686.45 7890.66 6706.52 5704 5819.95 6224.11 4654.54 2216.89 1116.87 1463.98 0 -9999 -9999 -9999 -9999
-9999 -9999 -9999 -9999 -9999 -9999 -9999 -9999 -9999 -9999 -9999 22467.1 22611 21869.6 21074 21478.9 20104.6 18339.6 16276.7 14855.5 13776.9 12768.3 11706.3 11396 11324.5 12109.2 13182.5 14191.1 15347.8 16829 15810 14263.1 12917.7 11919 10845.6 10052.1 9347.03 8419.69 7363.45 6931.04 7036.53 5652.62 3098.19 1138.12 1178.08 724.044 322.096 552.291 656.211 876.303 1365.81 822.394 64.7362 632.962 2511.92 4114.06 5909.79 7849.97 9283.78 7650.66 5825.79 4863.48 4791.99 3692.96 1390.91 1096.05 -9999 -9999 -9999 -9999 -9999 -9999
-9999 -9999 -9999 -9999 -9999 -9999 -9999 -9999 -9999 -9999 -9999 -9999 -9999 -9999 -9999 22222.1 21012.2 19706.8 18509.3 17497 16438.1 15429.5 14367.6 14057.2 13985.8 14770.4 15843.7 16852.4 17737.5 16985.6 14507.3 12289.5 10543.7 9484.08 8409.3 7711.19 7193.1 5886.28 4703.09 4269.79 4794.22 5502.59 4120.9 2078.1 452.434 1052.75 492.967 1080.89 2255.7 1401.76 1359.86 476.591 81.3429 706.172 2972.95 5333.13 7739.23 9371.88 9035.38 6646.38 4121.44 2312.61 2226.94 2337.34 1859.61 2779.21 -9999 -9999 -9999 -9999 -9999 -9999
-9999 -9999 -9999 -9999 -9999 -9999 -9999 -9999 -9999 -9999 -9999 -9999 -9999 -9999 -9999 -9999 -9999 21385.9 20854.8 19862 18803.1 17794.5 16732.6 16422.2 16350.8 17135.4 18208.7 19102.3 18396.8 16117.9 13526.7 11162.7 8713.25 7206.88 6044.39 5346.19 4889.13 3934.76 2455.73 1912.94 2481.82 3740.92 3518.51 1845.21 329.744 486.323 1483.8 2384.1 3999.46 3630.64 2375.77 1175.43 1069.8 2271.52 4004.66 6256.16 8910.52 10493.9 8703.41 6268.41 3714.57 1547.17 782.622 458.369 910.814 2552.35 -9999 -9999 -9999 -9999 -9999 -9999
-9999 -9999 -9999 -9999 -9999 -9999 -9999 -9999 -9999 -9999 -9999 -9999 -9999 -9999 -9999 -9999 -9999 22398.1 22542.5 22201.2 21394.4 20385.8 19323.8 19013.5 18942 19726.7 20649.9 19898.4 17479.6 15044.6 12453.3 10088.3 7428.26 5229.6 3536.04 2776.21 2374.69 1513.97 854.916 293.679 612.984 1786.41 1288.97 599.978 142.541 1028.9 2668.22 4577.86 5987.1 5835.41 4436.83 3648.87 3464.07 4448.67 5922 7476.16 9989.25 11554.3 9647.81 7213.84 4895.36 3484.57 1738.13 644.952 273.033 2672.9 -9999 -9999 -9999 -9999 -9999 -9999
-9999 -9999 -9999 -9999 -9999 -9999 -9999 -9999 -9999 -9999 -9999 -9999 -9999 -9999 -9999 -9999 -9999 -9999 -9999 24727.2 23829.4 22820.8 21758.8 21448.5 21377 22071.1 21374.5 19076.4 16520.7 14085.7 11494.4 9129.42 6468.17 4105.43 1721.78 719.321 835.284 156.242 272.991 279.605 517.488 699.737 259.426 677.563 1546.12 2533.58 4454.49 6055.58 8079.78 7939.84 6858.25 6083.87 5894.48 6643.14 7525.99 8692.38 10184.8 11503.8 10638.4 8432.02 6916.16 5221.63 3498.04 2353.26 353.553 3316.9 -9999 -9999 -9999 -9999 -9999 -9999
-9999 -9999 -9999 -9999 -9999 -9999 -9999 -9999 -9999 -9999 -9999 -9999 -9999 -9999 -9999 -9999 -9999 -9999 -9999 26912.4 26364.5 25377 24315.1 24003.2 23916 23943.3 21772.6 19337.9 16781.6 14346.6 11755.4 9390.37 6729.12 4377.7 2124.82 877.365 920.49 699.412 315.205 280.965 403.883 368.198 519.529 1649.13 3575.99 4797.28 6175.25 7935.23 9709.44 10378.3 9323.72 8059 6944.91 6160.53 5931.09 6860.57 8236 10036.3 11444.3 10526.4 8757.32 7168.9 6489.15 9406.85 -9999 -9999 -9999 -9999 -9999 -9999 -9999 -9999
-9999 -9999 -9999 -9999 -9999 -9999 -9999 -9999 -9999 -9999 -9999 -9999 -9999 -9999 -9999 -9999 -9999 -9999 -9999 27721.8 28181.2 27330.6 26263.7 25607.3 24877.2 24021.9 22395.2 20307.3 17790.2 15355.2 12764 10399 7750.47 5691.31 3941 3039.55 2931.48 2083 1090.52 533.906 137.735 150.233 701.936 2235.14 4562.51 6818.85 8319.02 9563.67 11526.7 11942.3 9922.39 7525.84 5185.49 3760.41 3500.19 4648.48 6648.85 8824.31 11361.5 12073.3 10612.5 9562.03 9339.79 9792.5 -9999 -9999 -9999 -9999 -9999 -9999 -9999 -9999
-9999 -9999 -9999 -9999 -9999 -9999 -9999 -9999 -9999 -9999 -9999 -9999 -9999 -9999 -9999 -9999 -9999 -9999 -9999 28515 26992.7 25730.4 24648.9 23669.2 22566.9 21587.3 20513.7 19470.5 18347.6 16421.2 13837.3 11483.6 9178.42 7611.59 6397.94 5629.49 5384.25 4243.22 2262.14 1355.99 976.547 1213.31 2129.08 4007.28 5872.83 8062.69 10288.1 11473.3 12600 11476.7 8900.16 6465.16 3912.47 1664.03 1233.53 2926.64 5379.72 7738.97 10330.2 12573.7 13066.9 12157.5 11863.3 12941.6 -9999 -9999 -9999 -9999 -9999 -9999 -9999 -9999
-9999 -9999 -9999 -9999 -9999 -9999 -9999 -9999 -9999 -9999 -9999 -9999 -9999 -9999 -9999 -9999 -9999 -9999 -9999 27952.5 25775.8 23638.6 22285.5 21304.2 20201.9 19222.3 18149 17140.4 16848.3 16921.6 14827.9 12752.6 10947.6 9838.19 8762.86 7994.49 7484.21 5728.58 4357.81 3696.41 3253.58 3494.57 4139.34 5507.15 7081.79 8045.84 9314.78 10342.1 11906.2 10931.8 8353.26 5918.26 3369.5 1002.56 297.12 1882.1 4518.61 6883.61 9474.86 11909.8 14188.1 14408.5 14076.9 14110.2 -9999 -9999 -9999 -9999 -9999 -9999 -9999 -9999
