public/models/data/input/map/sulut/2500/mapdcenter.asc
NCOLS 100
NROWS 73
XLLCORNER 510063.019283
YLLCORNER 211617.685435
CELLSIZE 2500.000000
NODATA_VALUE       -9999
[rows 32 to 63 of 73, columns 0 to 70 of 100]
-9999 -9999 -9999 -9999 -9999 -9999 -9999 -9999 -9999 -9999 -9999 -9999 -9999 -9999 -9999 -9999 -9999 -9999 -9999 -9999 -9999 -9999 -9999 -9999 -9999 -9999 -9999 -9999 -9999 -9999 -9999 -9999 -9999 -9999 -9999 -9999 -9999 -9999 -9999 -9999 -9999 -9999 -9999 -9999 -9999 -9999 -9999 -9999 -9999 -9999 -9999 -9999 -9999 -9999 -9999 26972 24877.6 22637.4 20040.8 17609.6 15053.4 12618.4 10027.1 7662.12 5004.39 2864.17 2135.93 3852.83 6360.94 8794.62 11385.9
-9999 -9999 -9999 -9999 -9999 -9999 -9999 -9999 -9999 -9999 -9999 -9999 -9999 -9999 -9999 -9999 -9999 -9999 -9999 -9999 -9999 -9999 -9999 -9999 -9999 -9999 -9999 -9999 -9999 -9999 -9999 -9999 -9999 -9999 -9999 -9999 -9999 -9999 -9999 -9999 -9999 -9999 -9999 -9999 -9999 -9999 -9999 -9999 -9999 -9999 -9999 -9999 -9999 -9999 -9999 27313.6 25952.1 23614.9 21021.7 18588.9 16033 13597.4 11006.7 8641.6 6210.13 4884.83 4428.77 5446.09 7368.96 9774.23 12365.5
-9999 -9999 -9999 -9999 -9999 -9999 -9999 -9999 -9999 -9999 -9999 -9999 -9999 -9999 -9999 -9999 -9999 -9999 -9999 -9999 -9999 -9999 -9999 -9999 -9999 -9999 -9999 -9999 -9999 -9999 -9999 -9999 -9999 -9999 -9999 -9999 -9999 -9999 -9999 -9999 -9999 -9999 -9999 -9999 -9999 -9999 -9999 -9999 -9999 -9999 -9999 -9999 -9999 -9999 -9999 29126.3 27039.9 24685.8 22097.6 19662.6 17106.3 14669.7 12083 9918.33 8441.36 7462.06 7018.4 7943.13 9086.74 10888.4 13429.1
-9999 -9999 -9999 -9999 -9999 -9999 -9999 -9999 -9999 -9999 -9999 -9999 -9999 -9999 -9999 -9999 -9999 -9999 -9999 -9999 -9999 -9999 -9999 -9999 -9999 -9999 -9999 -9999 -9999 -9999 -9999 -9999 -9999 -9999 -9999 -9999 -9999 -9999 -9999 -9999 -9999 -9999 -9999 -9999 -9999 -9999 -9999 -9999 -9999 -9999 -9999 -9999 -9999 -9999 31759.1 30317.5 28062.4 25697.4 23106.2 20671.2 18114.9 15680.2 13322.9 11990.5 10875.8 9896.61 9454.85 10379.6 11439 12530.4 14312.1
-9999 -9999 -9999 -9999 -9999 -9999 -9999 -9999 -9999 -9999 -9999 -9999 -9999 -9999 -9999 -9999 -9999 -9999 -9999 -9999 -9999 -9999 -9999 -9999 -9999 -9999 -9999 -9999 -9999 -9999 -9999 -9999 -9999 -9999 -9999 -9999 -9999 -9999 -9999 -9999 -9999 -9999 -9999 -9999 -9999 -9999 -9999 -9999 -9999 -9999 -9999 -9999 -9999 -9999 33339.2 31719 29121.4 26752.8 24165 21730 19178 16958.2 15518.5 14534.2 13431.9 12452.3 12011.2 12935.9 13994.7 14976.6 14994.8
-9999 -9999 -9999 -9999 -9999 -9999 -9999 -9999 -9999 -9999 -9999 -9999 -9999 -9999 -9999 -9999 -9999 -9999 -9999 -9999 -9999 -9999 -9999 -9999 -9999 -9999 -9999 -9999 -9999 -9999 -9999 -9999 -9999 -9999 -9999 -9999 -9999 -9999 -9999 -9999 -9999 -9999 -9999 -9999 -9999 -9999 -9999 -9999 -9999 -9999 -9999 -9999 -9999 -9999 34492.2 32789.2 30131.3 27764.8 25173.6 22738.9 20401.8 19029.9 17948.9 16969.2 15865.4 14889 14446.8 15371.6 16422.3 16692.9 14614.8
-9999 -9999 -9999 -9999 -9999 -9999 -9999 -9999 -9999 -9999 -9999 -9999 -9999 -9999 -9999 -9999 -9999 -9999 -9999 -9999 -9999 -9999 -9999 -9999 -9999 -9999 -9999 -9999 -9999 -9999 -9999 -9999 -9999 -9999 -9999 -9999 -9999 -9999 -9999 -9999 -9999 -9999 -9999 -9999 -9999 -9999 -9999 -9999 -9999 -9999 -9999 -9999 -9999 33333 34104.9 33628.1 31203.2 28838.2 26250 24046.2 22626.7 21613.4 20540.1 19560.5 18458.2 17479.3 17037.6 17964.5 18894.5 17896.2 15326.9
-9999 -9999 -9999 -9999 -9999 -9999 -9999 -9999 -9999 -9999 -9999 -9999 -9999 -9999 -9999 -9999 -9999 -9999 -9999 -9999 -9999 -9999 -9999 -9999 -9999 -9999 -9999 -9999 -9999 -9999 -9999 -9999 -9999 -9999 -9999 -9999 -9999 -9999 -9999 -9999 -9999 -9999 -9999 -9999 -9999 -9999 -9999 -9999 -9999 -9999 -9999 31510.4 31041.5 30813.8 31866.7 32742.9 32076.3 29817.9 27430.4 26058.4 24987 23978.4 22904.6 21926.3 20824.2 19843.5 19402.4 20327.1 20815.3 18897.8 16306.5
-9999 -9999 -9999 -9999 -9999 -9999 -9999 -9999 -9999 -9999 -9999 -9999 -9999 -9999 -9999 -9999 -9999 -9999 -9999 -9999 -9999 -9999 -9999 -9999 -9999 -9999 -9999 -9999 -9999 -9999 -9999 -9999 -9999 -9999 -9999 -9999 -9999 -9999 -9999 -9999 -9999 -9999 -9999 -9999 -9999 -9999 -9999 -9999 31953 32057.2 31286.6 30492.9 29453.9 28608.6 29197.3 30176.7 31185.1 30837 29704.4 28707.1 27648.3 26644 25568.3 24586.7 23484.4 22504.8 22063.7 22961.4 22374.7 20000.1 17408.8
-9999 -9999 -9999 11437.9 10327.2 -9999 5965.32 5824.43 -9999 -9999 -9999 -9999 -9999 -9999 -9999 -9999 -9999 -9999 -9999 -9999 -9999 -9999 -9999 -9999 -9999 -9999 -9999 -9999 -9999 -9999 -9999 -9999 -9999 -9999 -9999 -9999 -9999 -9999 -9999 -9999 -9999 -9999 -9999 -9999 -9999 -9999 -9999 29954.3 30889.4 30240.3 29176 28167.4 27108.6 26245.8 26832.4 27811 28914 29857.2 30608.2 30677.6 29983 29004.6 27935 26951.7 25849.4 24869.8 24428.7 25067.6 23413.6 20979.7 18388.5
-9999 -9999 -9999 11008 9201.34 6234.7 4870.34 4224.72 -9999 -9999 -9999 -9999 -9999 -9999 -9999 -9999 -9999 -9999 -9999 -9999 -9999 -9999 -9999 -9999 -9999 -9999 -9999 -9999 -9999 -9999 -9999 -9999 -9999 -9999 -9999 -9999 -9999 -9999 -9999 -9999 -9999 -9999 -9999 -9999 -9999 -9999 28967.1 29229.2 28626.3 27658.1 26584.8 25576.2 24517.3 23654.7 24240.8 25220.5 26322.8 27301.5 28375 29384.3 30352.6 30763.2 30400.3 29542.8 28440.7 27461 27014.2 26830.6 24488 22053 19484.9
16783.7 15958.5 13756.2 11615.4 7770.27 5596.12 3149.38 1994.09 2562.08 5088.03 8026.34 10535.2 13138 17436.9 17760.8 -9999 -9999 -9999 -9999 -9999 -9999 -9999 -9999 -9999 -9999 -9999 -9999 -9999 -9999 -9999 -9999 -9999 -9999 -9999 -9999 -9999 -9999 -9999 -9999 -9999 -9999 -9999 35293.3 33656.1 31282.5 29017.9 28045.3 27289.8 26202.7 25223.1 24149.8 23141.2 22082.3 21219.7 21805.8 22785.5 23885.5 24866.4 25940.7 26949.3 28008.2 29062 30775.5 31729 30875.7 29896 29304.5 28027.1 25496.6 23073 20952.4
16291.3 15312.3 12951.8 10443 7733.36 5335.67 2795.95 1432.1 3139.93 5472.36 8063.51 10534.1 13164.5 15841.8 19016.9 21323.9 23419.9 25451.4 28621.5 31139.4 34502.9 37186.1 39383 41234.3 43700.5 46133.8 -9999 -9999 -9999 -9999 -9999 -9999 -9999 -9999 -9999 -9999 -9999 -9999 -9999 41587.7 39522 37164.9 35322.4 33000.8 30446.4 28019.5 25897.7 24750.8 23646.5 22666.9 21593.5 20584.9 19526.1 18663.5 19249.6 20229.2 21331.5 22311.1 23384.5 24393.1 25522 27243.7 29778.9 32097.2 33224.6 32448.7 31262.9 29111.5 26579.6 24585.3 23335.5
-9999 15015.5 13417.8 11195.8 8729.57 6319.92 4380.88 3630.4 4598.66 6478.31 9044.57 11479.6 14035.8 16470.8 19067.2 21437.4 24098 26461.3 29055 31506.6 34082.8 36533.3 39124.2 41489.2 44105.5 46486.3 49102.5 52995.7 54583.9 -9999 -9999 -9999 -9999 -9999 -9999 -9999 -9999 -9999 42955.5 41721.2 39307.6 37015.8 34429 31994 29437.8 27002.8 24430.8 22483.2 21211.5 20231.9 19158.5 18149.9 17091.1 16228.5 16814.6 17794.2 18896.5 19876.2 20949.5 22004.5 23800.1 26179 28770.3 31135.3 33698.5 34484.8 32548.3 30131.7 28028.9 26844.3 25769.9
-9999 -9999 -9999 11018.7 9130.41 7735.62 6878.98 6236.44 7051.14 8134.34 10142.9 12552.9 15108.9 17542.7 20135.4 22500.4 25161.6 27526.6 30116.9 32552.9 35109.1 37544.1 40135.4 42500.4 45161.6 47526.6 50109.8 52687.2 55131.8 60222.1 61411 60452 58016.2 55491.5 53334.5 49831.1 47711.3 45713.4 43391 40970.4 38311.9 35946.9 33355.7 30920.7 28364.4 25929.4 23338.2 20978.5 18783.2 17643.3 16567.3 15558.7 14499.8 13637.2 14223.4 15203 16305.3 17284.9 18428.7 20172.5 22670.7 25105.7 27696.9 30061.9 32723.2 34766.2 33650.8 31677.7 30443.7 29434.5 28360.7
-9999 -9999 -9999 -9999 -9999 8252.85 8826.17 8596.6 9415.85 10394.9 11605.9 13551.4 16088.6 18522.9 21115 23480 26141.2 28506.2 31094.7 33533 36088.7 38523.7 41115 43480 46141.2 48506.2 51097.5 53532.1 56081.9 58860.9 61015.4 59785 57339 54948.5 52346.4 49881.5 47374.5 44985.2 42387 39991.9 37331.4 34967 32376.1 29941.1 27384.8 24949.8 22359.8 19992.9 17354.5 15434.6 14202.3 13193.7 12134.8 11272.2 11858.4 12838 13940.3 14957.7 16758.6 19135 21691.1 24126.1 26717.3 29082.3 31743.6 34081.8 34930.1 33869.8 32808.1 31799.5 30548
-9999 -9999 -9999 -9999 -9999 -9999 10085.7 10933.3 12083.6 13055.9 14129.3 15233.9 17216.7 19626.1 22215 24581.6 27243.6 29608.4 32199.8 34634 37193 39626.1 42217.3 44582.3 47243.6 49608.6 52199.8 54634.8 57191.1 59625.9 60886.3 58891.3 56230 53865 51273.1 48838.7 46282.5 43847.5 41256.2 38891.2 36230 33865.1 31273.1 28838.7 26282.8 23846.4 21256.3 18891.3 16229.4 13869.7 11710.4 10534.4 9473.59 8610.99 9197.1 10176.7 11353.9 13059.9 15597.5 18032.5 20588.8 23023.8 25615 27980 30641.2 33006.2 35500.6 36330.6 35467.8 34370.5 33298.8
-9999 -9999 -9999 -9999 -9999 -9999 -9999 14430.8 14487.2 15420.9 16494.3 17503.2 18704.9 20626.4 23196.9 25562.5 28223.2 30587.8 33179.9 35612.9 38171.6 40605.7 43195.1 45561.9 48224.2 50588.2 53179.4 55614 58121 60208.2 60197.4 57911.7 55250.4 52885.4 50293.9 47859.1 45302.9 42867.9 40276.6 37911.6 35250.4 32885.6 30293 27859.1 25302.9 22870.8 20275.9 17911.6 15250.4 12885.4 10313.4 8332.8 7108.86 6243.42 6832.12 7849.48 9715.29 12026.8 14617.9 17052.9 19609.1 22044.1 24635.4 27000.4 29661.6 32026.6 34617.9 36914.2 37639.4 35856.5 -9999
-9999 -9999 -9999 -9999 -9999 -9999 18842 17856.9 17094.7 18012.2 19085.5 20093.2 21152.3 22263 24294.1 26635.3 29296.5 31661.5 34251.7 36687.4 39246 41679 44270.3 46634.8 49296.5 51655.8 54081.9 55923.9 57310.6 58343.9 58756.9 56838.3 54177.1 51812.1 49220.8 46785.8 44227.7 41794.6 39203.3 36838.3 34177.1 31812.1 29220.8 26785.8 24230.7 21794.6 19203.3 16838.3 14177.1 11812.1 9220.82 6791.6 4683.76 3655.11 4311.32 5985.84 8588.32 10953.3 13544.6 15979.6 18535.8 20970.8 23562.1 25927.1 28588.3 30953.3 33544.6 35979.6 37794.2 -9999 -9999
-9999 -9999 -9999 -9999 -9999 -9999 20633.2 19973 19529.7 20447.2 21520.5 22528.2 23587 24596.8 25813.1 27669.5 30305.1 32670.1 35260.3 37695.2 40254 42687.6 45280.7 47620 49971.7 51544.4 52813.6 53837.4 54900.3 55908.9 56829.7 55840.9 53218.2 50853.2 48261.9 45826.9 43267.8 40835.7 38244.4 35879.4 33218.2 30853.2 28261.9 25826.9 23270.9 20835.7 18244.9 15878.2 13218.2 10853.2 8261.92 5826.58 3291.19 1482.27 2664.72 4968.74 7629.42 9994.42 12585.7 15020.7 17576.9 20011.9 22603.2 24968.2 27629.4 29994.4 32585.7 35020.7 36738.3 -9999 -9999
-9999 -9999 -9999 -9999 -9999 -9999 22430.6 22335.1 22082.5 23001.6 24075.9 25085.4 26144.2 27152.8 28226.5 29301.8 31382.8 33729 36320.2 38755.2 41300.8 43621.7 45689.5 47055.4 48223.2 49202.5 50276.6 51285.2 52344.1 53352.7 54422.3 55025.6 53457.5 51114.1 48522.9 46087.9 43531.6 41096.6 38505.4 36140.4 33479.1 31114.1 28522.9 26087.8 23531.6 21096.6 18505.6 16140.4 13479.1 11114.1 8522.87 6087.89 3601.73 2033.96 3036.34 5233.09 7890.37 10255.4 12846.6 15281.6 17837.9 20272.9 22864.1 25229.1 27890.4 30255.4 32844.3 35281.8 37233.6 -9999 -9999
-9999 -9999 -9999 -9999 -9999 -9999 -9999 23474.2 24072 24821.7 26402.6 27516.2 28579.2 29587.8 30661.1 31640.8 32880.9 34762.6 37328.8 39746.7 41506.8 42612.5 43705.1 44686.3 45788.2 46767.5 47841.6 48850.1 49910.2 50917.7 51991 52970.7 53585.2 52102.4 49531.5 47096.5 44540.2 42105.2 39514 37149 34487.7 32122.7 29531.5 27096 24539.8 22105.2 19514.2 17149 14487.7 12122.7 9531.48 7142.88 5323.45 4404.74 5015 6419.15 8898.98 11264 13855.2 16290.2 18846.5 21281.5 23872.7 26237.7 28899 31262.9 33804.1 35920.7 37071 -9999 -9999
-9999 -9999 -9999 -9999 -9999 -9999 -9999 -9999 -9999 -9999 27877.7 30034.1 31170.3 32179.1 33252.4 34232 35334.6 36418.6 38384.4 39743.2 39372.4 40042.1 41115.5 42095.1 43197.4 44177 45250.3 46259 47317.8 48326.4 49399.8 50413.8 52188.1 52886.5 50604.8 48169.8 45613.5 43178.5 40587.3 38222.3 35561 33196 30604.8 28169.8 25615.2 23178.5 20587.3 18222.3 15563.6 13196.1 10675.3 8975.51 7858.59 6995.99 7582.5 8570.45 10142.1 12340.9 14928.6 17363.6 19919.8 22354.8 24946 27311 29972.3 32252.6 34051.1 35227.5 -9999 -9999 -9999
-9999 -9999 -9999 -9999 -9999 -9999 -9999 -9999 -9999 -9999 -9999 32135.1 33313.4 34518.3 35593.9 36584.4 37693.8 38417.7 38494.4 37801.7 37008.3 37677.1 38750.5 39730.1 40832.4 41812 42885.3 43894 44952.8 45961.4 47069.2 48611.9 51167 53047 51584.4 49149.4 46593.2 44158.2 41566.9 39201.9 36540.7 34175.7 31584.4 29149.4 26594.2 24158.2 21566.9 19201.9 16540.7 14213.4 12349.8 11282.5 10223.3 9358.95 9948.06 10927.4 12054.1 13486.8 15908.2 18343.2 20899.4 23334.4 25925.6 28290.7 30939 32515 -9999 -9999 -9999 -9999 -9999
-9999 -9999 -9999 -9999 -9999 -9999 -9999 -9999 -9999 -9999 -9999 -9999 -9999 -9999 -9999 38500.2 39096.5 37741.5 36158.2 35146.4 34347 35015.9 36089.2 37068.8 38171.2 39150.8 40224.1 41232.7 42291.6 43338.3 45099.5 47403.4 50064.6 52392.6 52619.6 50251.7 47695.5 45260.5 42669.2 40304.2 37641.6 35278 32687.1 30251.5 27695.6 25257.1 22665.3 20304.3 17717.9 16079.3 14952.3 13943.7 12884.8 12022.2 12608.4 13588 14690.3 15678.2 17190.7 19448.4 22003.6 24435.2 27028 29393 32008.7 34090 -9999 -9999 -9999 -9999 -9999
-9999 -9999 -9999 -9999 -9999 -9999 -9999 -9999 -9999 -9999 -9999 -9999 -9999 -9999 -9999 -9999 -9999 35353.3 34049.5 32786 31981.9 32650.9 33724.2 34703.8 35806.2 36785.8 37859.1 38867.7 39964.9 41568.2 44058.9 46423.8 49085 51449.5 53079.1 51230.7 48675.1 46240.1 43648.8 41283.8 38620.1 36257.6 33666.3 31231.3 28675.1 26239.8 23648.9 21321.6 19423.9 18390.8 17317.3 16308.7 15249.8 14398.5 14973.4 15953 17055.3 18034.9 19131.3 20600.9 22981.9 25416.6 28007.6 30372.6 33031.7 35258.2 -9999 -9999 -9999 -9999 -9999
-9999 -9999 -9999 -9999 -9999 -9999 -9999 -9999 -9999 -9999 -9999 -9999 -9999 -9999 -9999 -9999 -9999 34088.5 32707.5 30419.1 29390.7 30059.7 31133 32112.6 33214.9 34194.5 35267.8 36312.3 38031 40394.2 42985.4 45350.4 48011.7 50376.7 52797.2 52259.4 49748.4 47315.2 44721.8 42357.2 39695.9 37330.9 34739.7 32304.7 29748.4 27313.4 24792.7 23122.6 21961.5 20981.9 19906.8 18899.5 17840.4 16999.2 17564.6 18544.2 19646.5 20626.1 21699.5 22719.5 24231.6 26491.7 29080.9 31438.6 33403.8 36713.7 -9999 -9999 -9999 -9999 -9999
-9999 -9999 -9999 -9999 -9999 -9999 -9999 -9999 -9999 -9999 -9999 -9999 -9999 -9999 -9999 -9999 -9999 -9999 -9999 27449.6 26955.7 27624.7 28698 29677.6 30779.9 31759.5 32868.7 34493.5 36950.7 39385.6 41976.8 44341.8 47003.1 49368.1 51953.5 52955.9 50757 48322.2 45730.8 43365.8 40704.5 38339.5 35748.3 33313.3 30758.1 28368.3 26536.5 25498.9 24396.5 23416.8 22343.6 21337.3 20276.3 19434.2 19999.6 20979.2 22081.5 23061.1 24134.5 25143.1 26226.1 27675.3 30040.2 31986.6 32938 37383.6 -9999 -9999 -9999 -9999 -9999
-9999 -9999 -9999 -9999 -9999 -9999 -9999 -9999 -9999 -9999 -9999 -9999 -9999 -9999 -9999 -9999 -9999 -9999 -9999 25306 24411.4 25068.4 26141.7 27121.3 28223.7 29241.6 30972.3 33335.6 35891.7 38326.7 40918 43283 45944.2 48309.2 50903.3 52986.3 51813.3 49380.9 46789.6 44424.6 41763.4 39398.4 36807.1 34372.1 31884.9 30164.1 29034.6 28055 26952.7 25973.1 24899.8 23891.2 22832.3 21990.4 22555.8 23535.5 24637.8 25617.4 26690.7 27699.3 28758.2 29776.6 30982 33423.3 -9999 -9999 -9999 -9999 -9999 -9999 -9999
-9999 -9999 -9999 -9999 -9999 -9999 -9999 -9999 -9999 -9999 -9999 -9999 -9999 -9999 -9999 -9999 -9999 -9999 -9999 23752.7 21915.6 22633.4 23706.7 24686.3 25826.7 27401.3 29891.9 32326.8 34883.1 37318.1 39909.3 42274.3 44935.6 47300.6 49891.8 52301.5 52708.2 50389.5 47798.2 45433.2 42772 40407 37815.7 35427.1 33607.7 32543 31469.6 30490 29387.7 28408.1 27334.8 26326.2 25267.3 24425.4 24990.8 25970.5 27072.8 28052.4 29125.7 30134.3 31193.2 32201.8 33313.7 33809 -9999 -9999 -9999 -9999 -9999 -9999 -9999
-9999 -9999 -9999 -9999 -9999 -9999 -9999 -9999 -9999 -9999 -9999 -9999 -9999 -9999 -9999 -9999 -9999 -9999 -9999 19548 19313.9 20042.2 21115.5 22129.5 23923.4 26227.4 28818.5 31253.5 33809.8 36244.8 38836 41201 43862.3 46227.3 48818.5 51253.5 53076.2 51462.7 48870.6 46505.6 43845.3 41480.3 38959.6 37259.8 36142.4 35134.2 34060.9 33081.3 31978.9 30999.3 29926 28917.4 27858.6 27016.7 27581.4 28561.7 29664 30645.3 31717 32725.6 33785.5 34787.5 35793.9 36983.8 -9999 -9999 -9999 -9999 -9999 -9999 -9999
-9999 -9999 -9999 -9999 -9999 -9999 -9999 -9999 -9999 -9999 -9999 -9999 -9999 -9999 -9999 -9999 -9999 -9999 -9999 17674.8 17008.2 17677.2 18784.9 20327.6 22882.7 25247.7 27838.9 30273.9 32830.1 35265.1 37856.4 40221.4 42882.6 45247.6 47838.9 50273.9 52681.6 52404.2 49851.2 47485.6 44825 42497.7 40634.1 39566.5 38508.3 37499.2 36425.9 35446.3 34343.9 33364.3 32291 31282.4 30223 29381.7 29946 30926.9 32031.6 33010.1 34082 35090.6 36072.5 36940.6 37792 38133.3 -9999 -9999 -9999 -9999 -9999 -9999 -9999
