public/models/data/input/map/sulut/2500/mapdroad.asc
NCOLS 100
NROWS 73
XLLCORNER 510063.019283
YLLCORNER 211617.685435
CELLSIZE 2500.000000
NODATA_VALUE       -9999
[rows 32 to 63 of 73, columns 0 to 70 of 100]
-9999 -9999 -9999 -9999 -9999 -9999 -9999 -9999 -9999 -9999 -9999 -9999 -9999 -9999 -9999 -9999 -9999 -9999 -9999 -9999 -9999 -9999 -9999 -9999 -9999 -9999 -9999 -9999 -9999 -9999 -9999 -9999 -9999 -9999 -9999 -9999 -9999 -9999 -9999 -9999 -9999 -9999 -9999 -9999 -9999 -9999 -9999 -9999 -9999 -9999 -9999 -9999 -9999 -9999 -9999 23.0769 208.006 631.231 711.559 349.977 265.39 344.661 671.204 593.164 819.335 638.074 589.169 1335.12 660.259 1612.54 740.193
-9999 -9999 -9999 -9999 -9999 -9999 -9999 -9999 -9999 -9999 -9999 -9999 -9999 -9999 -9999 -9999 -9999 -9999 -9999 -9999 -9999 -9999 -9999 -9999 -9999 -9999 -9999 -9999 -9999 -9999 -9999 -9999 -9999 -9999 -9999 -9999 -9999 -9999 -9999 -9999 -9999 -9999 -9999 -9999 -9999 -9999 -9999 -9999 -9999 -9999 -9999 -9999 -9999 -9999 -9999 53.2764 788.717 2403.19 2254.41 634.942 846.389 699.571 1620.96 622.769 598.49 1725.28 921.379 1006.32 1757.83 2089.1 1760.61
-9999 -9999 -9999 -9999 -9999 -9999 -9999 -9999 -9999 -9999 -9999 -9999 -9999 -9999 -9999 -9999 -9999 -9999 -9999 -9999 -9999 -9999 -9999 -9999 -9999 -9999 -9999 -9999 -9999 -9999 -9999 -9999 -9999 -9999 -9999 -9999 -9999 -9999 -9999 -9999 -9999 -9999 -9999 -9999 -9999 -9999 -9999 -9999 -9999 -9999 -9999 -9999 -9999 -9999 -9999 80.2772 962.077 2596.55 1964.63 597.812 992.553 1004.55 1689.08 326.731 437.963 1517.91 2039.09 624.752 1326.3 1283.11 632.347
-9999 -9999 -9999 -9999 -9999 -9999 -9999 -9999 -9999 -9999 -9999 -9999 -9999 -9999 -9999 -9999 -9999 -9999 -9999 -9999 -9999 -9999 -9999 -9999 -9999 -9999 -9999 -9999 -9999 -9999 -9999 -9999 -9999 -9999 -9999 -9999 -9999 -9999 -9999 -9999 -9999 -9999 -9999 -9999 -9999 -9999 -9999 -9999 -9999 -9999 -9999 -9999 -9999 -9999 96.1538 159.165 671.889 1063.85 680.668 253.481 458.813 835.852 1006.37 305.58 373.079 653.94 2251.64 1223.68 415.666 807.51 600.21
-9999 -9999 -9999 -9999 -9999 -9999 -9999 -9999 -9999 -9999 -9999 -9999 -9999 -9999 -9999 -9999 -9999 -9999 -9999 -9999 -9999 -9999 -9999 -9999 -9999 -9999 -9999 -9999 -9999 -9999 -9999 -9999 -9999 -9999 -9999 -9999 -9999 -9999 -9999 -9999 -9999 -9999 -9999 -9999 -9999 -9999 -9999 -9999 -9999 -9999 -9999 -9999 -9999 -9999 291.033 478.215 702.651 372.209 1039.88 1037.83 381.139 295.426 275.694 383.444 1110.25 2323.38 3121.58 2232.36 684.793 1107.31 1673.98
-9999 -9999 -9999 -9999 -9999 -9999 -9999 -9999 -9999 -9999 -9999 -9999 -9999 -9999 -9999 -9999 -9999 -9999 -9999 -9999 -9999 -9999 -9999 -9999 -9999 -9999 -9999 -9999 -9999 -9999 -9999 -9999 -9999 -9999 -9999 -9999 -9999 -9999 -9999 -9999 -9999 -9999 -9999 -9999 -9999 -9999 -9999 -9999 -9999 -9999 -9999 -9999 -9999 -9999 180.528 827.214 1299.27 329.805 803.502 753.704 774.474 406.832 532.381 1398.31 2647.65 3441.47 2072.52 1420.86 648.257 316.004 515.011
-9999 -9999 -9999 -9999 -9999 -9999 -9999 -9999 -9999 -9999 -9999 -9999 -9999 -9999 -9999 -9999 -9999 -9999 -9999 -9999 -9999 -9999 -9999 -9999 -9999 -9999 -9999 -9999 -9999 -9999 -9999 -9999 -9999 -9999 -9999 -9999 -9999 -9999 -9999 -9999 -9999 -9999 -9999 -9999 -9999 -9999 -9999 -9999 -9999 -9999 -9999 -9999 -9999 227.305 268.612 1740.35 1246.69 699.427 849.928 332.712 195.674 219.838 493.344 535.064 1825.36 2329.21 645.159 336.453 376.874 1008.38 357.982
-9999 -9999 -9999 -9999 -9999 -9999 -9999 -9999 -9999 -9999 -9999 -9999 -9999 -9999 -9999 -9999 -9999 -9999 -9999 -9999 -9999 -9999 -9999 -9999 -9999 -9999 -9999 -9999 -9999 -9999 -9999 -9999 -9999 -9999 -9999 -9999 -9999 -9999 -9999 -9999 -9999 -9999 -9999 -9999 -9999 -9999 -9999 -9999 -9999 -9999 -9999 1340.61 962.674 426.087 367.231 1483.21 1433.88 490.239 488.572 752.702 444.558 561.423 306.064 390.685 463.266 933.538 332.039 280.729 405.561 834.709 381.85
-9999 -9999 -9999 -9999 -9999 -9999 -9999 -9999 -9999 -9999 -9999 -9999 -9999 -9999 -9999 -9999 -9999 -9999 -9999 -9999 -9999 -9999 -9999 -9999 -9999 -9999 -9999 -9999 -9999 -9999 -9999 -9999 -9999 -9999 -9999 -9999 -9999 -9999 -9999 -9999 -9999 -9999 -9999 -9999 -9999 -9999 -9999 -9999 115.957 137.728 335.605 434.773 287.905 266.863 547.792 460.808 911.524 1239.88 386.84 393.308 457.571 236.889 277.165 826.824 697.265 908.912 740.15 559.813 390.37 470.923 552.502
-9999 -9999 -9999 657.481 1172.46 -9999 1991.34 2235.26 -9999 -9999 -9999 -9999 -9999 -9999 -9999 -9999 -9999 -9999 -9999 -9999 -9999 -9999 -9999 -9999 -9999 -9999 -9999 -9999 -9999 -9999 -9999 -9999 -9999 -9999 -9999 -9999 -9999 -9999 -9999 -9999 -9999 -9999 -9999 -9999 -9999 -9999 -9999 125 102.547 837.808 2022.07 1007.01 584.212 468.768 1100.43 1124.5 706.506 2156.45 1292.93 1499.82 1659.39 1117.67 516.014 1902.98 2093.47 2618.2 2236.4 854.688 252.068 421.338 1460.77
-9999 -9999 -9999 408.59 553.504 343.026 789.4 884.585 -9999 -9999 -9999 -9999 -9999 -9999 -9999 -9999 -9999 -9999 -9999 -9999 -9999 -9999 -9999 -9999 -9999 -9999 -9999 -9999 -9999 -9999 -9999 -9999 -9999 -9999 -9999 -9999 -9999 -9999 -9999 -9999 -9999 -9999 -9999 -9999 -9999 -9999 15.3923 117.635 426.322 848.934 2611.65 2616.53 2003.9 2239.23 2979.15 1910.48 740.514 2754.6 3530.97 3202.33 1913.58 875.627 379.011 718.911 1537.3 3583.58 4094.41 2718.43 1584.39 1740.97 2383.07
605.785 274.239 148.842 301.199 278.349 732.16 700.273 355.302 84.3794 100.579 604.864 175.667 110.935 1816.64 2029.43 -9999 -9999 -9999 -9999 -9999 -9999 -9999 -9999 -9999 -9999 -9999 -9999 -9999 -9999 -9999 -9999 -9999 -9999 -9999 -9999 -9999 -9999 -9999 -9999 -9999 -9999 -9999 2158.05 2212.14 364.751 171.155 331.09 687.45 1962.89 1352.24 2615.1 4378.87 4408.53 4655.13 4687.27 2816.37 2039.72 3462.11 3123.11 2169.62 577.923 148.266 1234.22 1278.21 921.159 3206.56 5306.69 4778.86 3231.97 1775.06 1627.83
512.707 274.516 237.197 217.876 407.43 665.234 313.65 187.989 220.06 181.031 381.982 247.876 301.854 526.032 854.852 1132.67 535.303 332.561 307.712 351.046 210.989 196.449 296.423 1062.63 232.263 16.6557 -9999 -9999 -9999 -9999 3236.9 3225.26 -9999 -9999 -9999 -9999 -9999 -9999 -9999 2861.31 604.213 726.457 917.895 1371.99 442.974 511.103 1563.55 2315.17 3771.86 3691.11 4354.69 5888.79 6121.66 5677.52 5650.9 4886.35 4473.69 4218.49 1936.51 644.905 240.499 280.067 1487.97 2159.41 1797.98 3773.59 5580.14 4731.98 2906.72 868.596 430.618
-9999 268.844 143.964 829.815 1182.67 1214.32 464.345 323.659 364.623 320.671 427.22 465.896 299.489 314.53 672.75 612.04 352.461 376.19 285.486 345.337 274.133 377.764 650.04 428.794 315.021 212.142 174.712 1285.8 1789.28 -9999 3138.21 2864.41 -9999 -9999 -9999 -9999 -9999 -9999 1248.93 1042.37 232.332 270.821 324.9 519.949 613.47 618.293 1355.5 2597.07 3397.02 4713.48 6348.59 6396.99 4545.54 3478.93 4093.89 5093.86 5565.34 4570.88 2868.46 1135.21 518.726 302.013 1492.2 3466.83 4007.02 5124.02 4960.73 2814.7 1511.91 901.565 249.168
-9999 -9999 -9999 2004.39 2330.52 2691.47 1546.77 561.125 972.002 1461.59 851.442 516.56 694.884 551.829 1287.51 693.46 441.53 664.439 734.537 622.123 579.907 890.895 1872.49 559.436 431.21 456.556 1007.09 429.845 702.939 1289.73 1080.2 659.735 530.716 189.769 260.64 373.017 275.112 291.221 470.535 368.32 302.303 734.483 535.968 1437.85 2570.15 2034.39 772.554 612.407 1559.92 3537.26 5172.07 5450.89 3196.92 1262.88 1690.06 2904.91 4155.2 2619.75 1992.11 858.733 639.761 777.522 2383.16 4594.58 6501.05 6814.24 4677.37 2252.87 535.322 508.462 530.905
-9999 -9999 -9999 -9999 -9999 3347.63 2338.87 958.847 366.779 882.111 2107.52 1020.91 902.407 602.646 1320.42 1554.81 429.853 1394.12 2104.84 954.825 612.764 1545.33 2959.56 1485.53 425.088 822.067 1864.37 613.242 575.424 409.843 492.729 336.867 272.311 247.786 347.798 304.174 340.029 489.431 576.143 594.463 841.11 674.366 504.215 1324.29 3136.66 3611.8 2337.31 976.963 686.746 1715.74 3203.5 4317.52 3483.93 1509.98 603.433 1704.41 3340.08 1761.02 732.574 521.507 915.935 1752.67 3144 4912.72 7346.46 7623.71 5300.75 2926.25 1427.62 788.412 592.732
-9999 -9999 -9999 -9999 -9999 -9999 2321.82 1274.14 474.915 1793.57 3332.51 2694.01 2013.34 1305.34 587.707 1193.8 601.582 2375.59 3971.01 3294.79 2617.87 2684.43 2152.95 2050.06 1790.54 2748.07 3211.67 1356.6 343.216 657.534 1643.97 568.129 733.452 848.731 617.454 437.608 1251.44 2460.03 2794.33 2919.31 3317 2693.99 1345.53 558.594 1255.47 2643.62 3668.91 2882.78 1644.93 684.76 1025.04 2455.88 3572.52 2230.55 513.617 808.048 1607.18 1266.89 340.043 238.559 388.454 475.072 1662.49 3761.44 6377.16 6628.85 4442.96 2403.59 490.537 287.822 1629.3
-9999 -9999 -9999 -9999 -9999 -9999 -9999 942.714 1278.55 2958.2 5044.35 4858.07 4098.03 2588.72 966.081 481.233 1514.02 3430.01 5583.63 5553.85 4564.37 2941.19 764.236 1122.02 3307.74 4662.17 4365.48 2662.2 1898.6 1549.62 1226.46 740.602 1243.29 1887.81 2076.51 1772.8 2806.61 4414.34 5158.13 5284.31 5637 4785.41 3192.78 1844.56 714.153 1020.5 3223.78 4678.47 3637.06 2252.43 891.055 909.859 1973.99 987.741 392.124 619.007 518.225 857.457 933.672 395.625 187.754 327.259 1698.02 3781.41 6240.42 5728.51 3211.73 1237.11 682.579 1635.15 2462.09
-9999 -9999 -9999 -9999 -9999 -9999 4759.75 3859.62 3574.07 4720.75 6572.74 7336.95 6002.91 4113.66 1711 1053.42 3179.97 4974.25 5913.18 5024.02 3854.23 1954.65 413.904 942.489 3405.24 4334.86 3640.88 3323.88 2843.75 1622.33 671.781 2064.56 3348.5 3843.61 4505.18 4349.12 5202.79 6364.72 7613.98 7875.56 8056.96 6856.3 5304.31 3561.69 1237.76 1093.64 3561.23 5811.93 5767.56 4318.9 2411.79 798.327 584.956 295.184 187.754 400.342 1578.44 2363.9 2324.32 1345.75 509.544 1547.4 3147.59 5087.43 6826.79 5289.36 2698.37 578.603 467.058 3480.33 3734.68
-9999 -9999 -9999 -9999 -9999 -9999 6715.51 6074.45 6003.06 6978.78 8256.98 9167.26 7494.15 5149.62 3129.35 2776.16 4386.05 6161.05 4881.57 2813.63 1932.04 906.098 501.201 742.795 2762.59 2324.17 1275.44 1105.11 855.958 609.362 1668.48 3621.19 5409.66 6253.72 6890.09 6784.12 7635.17 8646.4 9751.93 10307.4 10114.4 8503.2 6221 3807.08 1312.83 915.17 3366.29 5699.13 7308.67 5956.27 3933.71 2211.88 518.776 191.469 103.574 463.516 1231.74 1185.23 1496.94 1796.87 513.136 1157.75 3276.41 5147.15 6501.13 5840.77 3332.63 1559.19 1426.4 -9999 -9999
-9999 -9999 -9999 -9999 -9999 -9999 8541.56 8446.05 8556 9526.73 10605.4 10849.5 8659.74 6747.29 5565.13 5308.28 6362.4 6689.79 4449.99 2106.28 671.156 299.562 451.853 566.152 1584.58 718.761 1067.14 1296.7 1596.37 1983.92 3471.88 5114.7 7299.08 8740.48 9430.62 9339.89 10191.4 11199.7 12190.6 12573.1 11495.6 9249.43 6667.09 4232.13 1732.26 736.055 2713.08 4793.87 6484.85 6694.2 5180.7 2890.84 835.76 151.579 187.744 928.48 696.812 275.69 374.51 638.698 1032.5 1570.27 2187.24 3047.22 5322.06 6487.11 4934.5 3935.82 3813.87 -9999 -9999
-9999 -9999 -9999 -9999 -9999 -9999 -9999 9585.16 10562.7 11346.8 12861.1 12146.8 10190.9 9062.03 8000.09 7743.28 8607.65 7849.81 5447 3706.81 2047.25 484.594 497.838 454.162 619.522 1252.95 2198.83 1777.26 1636.26 2989.53 5002.32 6786.48 8585.52 9528.28 10385.3 11000.8 11964.6 12887.6 12835.6 11751.4 10576.8 9334.55 7316.74 4907.13 2385.09 590.536 1552.87 2975.18 4230.13 4860.93 4282.32 2469.51 429.272 364.949 235.56 607.487 2121.47 1489.31 408.777 1172.63 2473.55 2622.39 859.885 1902.54 4553.22 6766.5 7203.16 5780.6 5252.79 -9999 -9999
-9999 -9999 -9999 -9999 -9999 -9999 -9999 -9999 -9999 -9999 13944.9 13516 12661.7 11652.9 10536.5 9595.21 8191.76 7042.72 5798.95 4317.12 1979.77 401.013 486.036 1432.45 2403.97 2208.46 794.753 489.718 674.297 1994.8 4437.74 6786.08 7762.76 7249.43 8069.65 9080.62 10227.4 11069.3 10590.9 9489.23 8058.49 7034.54 5906.75 4115.14 1735.72 360.818 447.402 824.917 1999.8 2302.67 2007.46 1386.46 377.299 704.168 275.076 1141.24 3502.45 3348.32 1545.47 581.338 909.134 1413.66 722.246 1814.61 4475.04 6781.92 8325.1 7844.08 -9999 -9999 -9999
-9999 -9999 -9999 -9999 -9999 -9999 -9999 -9999 -9999 -9999 -9999 14905 14715.7 13562.8 11464.4 9197.91 6599.17 4866.81 3627.67 2846.61 1139.34 808.913 605.968 1175.32 2729.35 1276.9 625.484 598.065 445.558 1507.58 3959.41 5860.56 5448.88 4884.51 5705.3 6869.91 8112.58 8719.02 8233.25 7304.39 6002.11 4713.88 3680.25 2877.11 884.526 567.881 449.252 417.212 559.147 574.668 556.638 857.534 1206.2 515.642 662.893 2322.09 4613.26 4945.7 3458.42 1924.55 693.554 392.493 404.526 1871.84 4516.75 6221.31 -9999 -9999 -9999 -9999 -9999
-9999 -9999 -9999 -9999 -9999 -9999 -9999 -9999 -9999 -9999 -9999 -9999 -9999 -9999 -9999 7514.09 5288.49 3121.61 1241.78 732.47 408.767 974.741 958.179 540.503 1576.33 652.104 737.359 613.917 1025.27 2902.62 4690.15 4854 2977.17 2229.29 3254.41 5134.32 5590.69 6057.77 5572.03 4655.59 3607.57 2419.12 1139.56 1015.04 446.226 1553.01 729.959 567.137 1990.56 2175.61 2381.87 2267.89 1505.29 337.055 1663.69 3827.2 6079.59 6977.19 5542.61 4038.02 3022.91 1919.93 1163.53 2408.79 4907.82 6970.52 -9999 -9999 -9999 -9999 -9999
-9999 -9999 -9999 -9999 -9999 -9999 -9999 -9999 -9999 -9999 -9999 -9999 -9999 -9999 -9999 -9999 -9999 1728.3 989.092 1449.88 882.756 668.091 1060.35 932.167 941.291 1765.89 541.421 591.227 1499.12 2204.01 3993.54 3684.16 1404.87 523.341 1968.97 3609.22 3230.13 3698.84 3224.38 2295.73 1327.06 654.264 177.987 280.113 313.026 747.173 961.629 2266.4 3454.1 4026.04 3092.46 1176.77 312.556 428.745 2495.79 4848.64 7344.15 8602.69 7418.27 6346.7 5197.64 4075.69 3389.33 4119.74 5939.48 8114.37 -9999 -9999 -9999 -9999 -9999
-9999 -9999 -9999 -9999 -9999 -9999 -9999 -9999 -9999 -9999 -9999 -9999 -9999 -9999 -9999 -9999 -9999 2031.07 2476.12 3205.53 1606.08 845.394 2772.6 3033.17 2498.22 3156.35 2030.93 847.61 451.202 736.024 2876.61 3556.43 1702.75 571.537 1535.61 2295.91 972.754 1279.88 886.79 350.553 180.196 189.094 299.975 308.553 438.621 754.635 2512.39 4251.86 5074.79 3387.03 1459.01 432.805 229.04 834.125 2998.28 5360.47 7964.97 9089.47 8427.27 7102.67 5593.51 4049.68 3068.67 3647.77 5486.1 8277.78 -9999 -9999 -9999 -9999 -9999
-9999 -9999 -9999 -9999 -9999 -9999 -9999 -9999 -9999 -9999 -9999 -9999 -9999 -9999 -9999 -9999 -9999 -9999 -9999 3768.97 1853.79 572.975 1960.09 3822.16 4845.2 5313.58 4029.11 1900.46 370.763 537.115 2462.81 3739.49 1856.25 614.92 1831.05 1864.22 234.06 195.715 106.417 171.58 279.334 203.087 265.213 410.438 840.953 2018.17 4058.5 5892.87 5375.9 3023.31 749.661 468.275 1227.58 2602.5 4183.47 6329.14 7742.04 7051.41 6429.14 5679.3 3660.48 2194.03 888.985 1860.95 4389.09 8099.9 -9999 -9999 -9999 -9999 -9999
-9999 -9999 -9999 -9999 -9999 -9999 -9999 -9999 -9999 -9999 -9999 -9999 -9999 -9999 -9999 -9999 -9999 -9999 -9999 4225.98 2289.65 535.811 1360.5 3564.75 6177.4 7330.89 5347.63 3407.32 1443.7 422.66 1819.07 2913.61 928.476 1230.22 2969.65 2205.9 401.997 214.754 206.003 397.318 201.385 473.465 1170.39 2079.22 3014.21 3871.35 5656.05 7420.72 6355.3 4069.74 2160.18 2224.37 3471.06 4696.48 6231.62 7369.61 6125.23 4550.78 3913.91 4266.11 2331.12 652.036 411.549 1353.55 -9999 -9999 -9999 -9999 -9999 -9999 -9999
-9999 -9999 -9999 -9999 -9999 -9999 -9999 -9999 -9999 -9999 -9999 -9999 -9999 -9999 -9999 -9999 -9999 -9999 -9999 3351.94 1633.88 639.489 2594.35 4576.57 7130.95 8438.68 6848.45 4932.98 3035.48 1232.07 780.077 1812.41 580.912 1182.28 3109.59 3254.58 1487.02 469.051 225.758 244.695 914.237 2213.77 3334.67 4408.39 5370.67 6203.05 7407.24 8809.32 7362.45 5294.6 3981.03 3859.59 4956.69 6604.5 8058.3 7577.71 5031.85 2748.37 1593.78 3001.58 1930.94 597.477 1113.25 1010.2 -9999 -9999 -9999 -9999 -9999 -9999 -9999
-9999 -9999 -9999 -9999 -9999 -9999 -9999 -9999 -9999 -9999 -9999 -9999 -9999 -9999 -9999 -9999 -9999 -9999 -9999 944.099 587.966 809.966 3189.04 5535.2 7781.78 7881.24 6797.08 5614.99 4334.82 2562.1 1042.36 712.744 433.397 1344.67 3307.77 4700.91 3291.85 1295.96 761.095 491.583 2334.3 4153.59 5071.86 5880.47 6992.81 8320.34 8879.49 8548.71 6936.92 4692.44 2528.19 2035.69 3840.34 6244.76 8503.99 7692.62 5048.68 2752.81 1416.33 2829.22 1973.28 1213.51 1311.65 1799.05 -9999 -9999 -9999 -9999 -9999 -9999 -9999
-9999 -9999 -9999 -9999 -9999 -9999 -9999 -9999 -9999 -9999 -9999 -9999 -9999 -9999 -9999 -9999 -9999 -9999 -9999 1945.64 525.341 877.159 3303.64 5635.49 6667.58 5670.28 4513.82 3575.83 3221.48 2728.45 1194.97 384.509 567.737 2453.06 4208.61 5317.61 3651.21 1429.61 557.44 895.092 3007.54 4075.05 3426.71 4012.5 5790.6 7536.62 7149.24 6562.31 5125.93 3745.9 1516.74 840.684 3015.78 5433.06 7977.08 8486.1 6071.56 4384.75 3590.5 4348.16 3811.09 3259.75 3132.84 3027.56 -9999 -9999 -9999 -9999 -9999 -9999 -9999
