public/models/data/input/map/sulut/2500/mapdriver.asc
NCOLS 100
NROWS 73
XLLCORNER 510063.019283
YLLCORNER 211617.685435
CELLSIZE 2500.000000
NODATA_VALUE       -9999
[rows 32 to 63 of 73, columns 0 to 70 of 100]
-9999 -9999 -9999 -9999 -9999 -9999 -9999 -9999 -9999 -9999 -9999 -9999 -9999 -9999 -9999 -9999 -9999 -9999 -9999 -9999 -9999 -9999 -9999 -9999 -9999 -9999 -9999 -9999 -9999 -9999 -9999 -9999 -9999 -9999 -9999 -9999 -9999 -9999 -9999 -9999 -9999 -9999 -9999 -9999 -9999 -9999 -9999 -9999 -9999 -9999 -9999 -9999 -9999 -9999 -9999 1434.94 636.148 446.54 306.555 360 487.334 615.824 700.566 1657.68 749.374 711.089 188.589 320.572 216.211 311.029 325.126
-9999 -9999 -9999 -9999 -9999 -9999 -9999 -9999 -9999 -9999 -9999 -9999 -9999 -9999 -9999 -9999 -9999 -9999 -9999 -9999 -9999 -9999 -9999 -9999 -9999 -9999 -9999 -9999 -9999 -9999 -9999 -9999 -9999 -9999 -9999 -9999 -9999 -9999 -9999 -9999 -9999 -9999 -9999 -9999 -9999 -9999 -9999 -9999 -9999 -9999 -9999 -9999 -9999 -9999 -9999 1797.2 1163.32 309.065 358.497 276.855 831.492 573.23 733.69 2602.85 2283.99 1252.07 345.214 281.634 239.699 224.138 200.256
-9999 -9999 -9999 -9999 -9999 -9999 -9999 -9999 -9999 -9999 -9999 -9999 -9999 -9999 -9999 -9999 -9999 -9999 -9999 -9999 -9999 -9999 -9999 -9999 -9999 -9999 -9999 -9999 -9999 -9999 -9999 -9999 -9999 -9999 -9999 -9999 -9999 -9999 -9999 -9999 -9999 -9999 -9999 -9999 -9999 -9999 -9999 -9999 -9999 -9999 -9999 -9999 -9999 -9999 -9999 1678.65 1963.49 654.315 358.979 261.464 610.438 590.902 1156.32 2125.88 1375.79 604.052 415.639 637.382 340.897 265.471 254.07
-9999 -9999 -9999 -9999 -9999 -9999 -9999 -9999 -9999 -9999 -9999 -9999 -9999 -9999 -9999 -9999 -9999 -9999 -9999 -9999 -9999 -9999 -9999 -9999 -9999 -9999 -9999 -9999 -9999 -9999 -9999 -9999 -9999 -9999 -9999 -9999 -9999 -9999 -9999 -9999 -9999 -9999 -9999 -9999 -9999 -9999 -9999 -9999 -9999 -9999 -9999 -9999 -9999 -9999 596.154 584.795 642.9 497.713 363.237 275.211 362.624 891.247 1379.42 652.648 634.939 624.141 396.169 555.785 584.885 748.33 719.6
-9999 -9999 -9999 -9999 -9999 -9999 -9999 -9999 -9999 -9999 -9999 -9999 -9999 -9999 -9999 -9999 -9999 -9999 -9999 -9999 -9999 -9999 -9999 -9999 -9999 -9999 -9999 -9999 -9999 -9999 -9999 -9999 -9999 -9999 -9999 -9999 -9999 -9999 -9999 -9999 -9999 -9999 -9999 -9999 -9999 -9999 -9999 -9999 -9999 -9999 -9999 -9999 -9999 -9999 1026.65 564.793 866.507 751.804 1173.04 739.645 492.678 1557.57 693.143 1602.91 1311.21 556.389 527.598 470.053 489.226 410.077 440.221
-9999 -9999 -9999 -9999 -9999 -9999 -9999 -9999 -9999 -9999 -9999 -9999 -9999 -9999 -9999 -9999 -9999 -9999 -9999 -9999 -9999 -9999 -9999 -9999 -9999 -9999 -9999 -9999 -9999 -9999 -9999 -9999 -9999 -9999 -9999 -9999 -9999 -9999 -9999 -9999 -9999 -9999 -9999 -9999 -9999 -9999 -9999 -9999 -9999 -9999 -9999 -9999 -9999 -9999 604.473 620.484 479.326 778.73 2203.53 1758.07 464.378 551.597 863.716 2598.89 1592.34 605.154 1063.42 369.639 572.41 289.432 870.758
-9999 -9999 -9999 -9999 -9999 -9999 -9999 -9999 -9999 -9999 -9999 -9999 -9999 -9999 -9999 -9999 -9999 -9999 -9999 -9999 -9999 -9999 -9999 -9999 -9999 -9999 -9999 -9999 -9999 -9999 -9999 -9999 -9999 -9999 -9999 -9999 -9999 -9999 -9999 -9999 -9999 -9999 -9999 -9999 -9999 -9999 -9999 -9999 -9999 -9999 -9999 -9999 -9999 1418.32 633.216 381.523 539.264 579.147 1772.98 2034.72 738.188 489.047 765.439 1258.38 593.03 444.05 1584.3 803.078 455.721 480.585 918.25
-9999 -9999 -9999 -9999 -9999 -9999 -9999 -9999 -9999 -9999 -9999 -9999 -9999 -9999 -9999 -9999 -9999 -9999 -9999 -9999 -9999 -9999 -9999 -9999 -9999 -9999 -9999 -9999 -9999 -9999 -9999 -9999 -9999 -9999 -9999 -9999 -9999 -9999 -9999 -9999 -9999 -9999 -9999 -9999 -9999 -9999 -9999 -9999 -9999 -9999 -9999 925.857 869.991 493.21 500.464 429.871 610.074 381.872 594.072 1101.96 708.084 919.67 927.174 370.066 355.537 420.074 644.193 995.689 478.352 500.452 877.908
-9999 -9999 -9999 -9999 -9999 -9999 -9999 -9999 -9999 -9999 -9999 -9999 -9999 -9999 -9999 -9999 -9999 -9999 -9999 -9999 -9999 -9999 -9999 -9999 -9999 -9999 -9999 -9999 -9999 -9999 -9999 -9999 -9999 -9999 -9999 -9999 -9999 -9999 -9999 -9999 -9999 -9999 -9999 -9999 -9999 -9999 -9999 -9999 1842.03 533.232 355.026 375.707 362.842 352.458 397.33 262.223 326.92 388.318 373.093 257.97 629.934 318.755 382.31 230.913 320.939 305.98 320.563 374.526 398.204 257.645 864.521
-9999 -9999 -9999 5054.74 4618.95 -9999 4224.27 3970.07 -9999 -9999 -9999 -9999 -9999 -9999 -9999 -9999 -9999 -9999 -9999 -9999 -9999 -9999 -9999 -9999 -9999 -9999 -9999 -9999 -9999 -9999 -9999 -9999 -9999 -9999 -9999 -9999 -9999 -9999 -9999 -9999 -9999 -9999 -9999 -9999 -9999 -9999 -9999 301.777 1943.9 702.361 446.882 433.951 316.958 467.891 454.098 580.427 499.31 316.35 335.135 340.331 747.091 745.621 540.037 212.933 345.503 327.544 261.137 320.752 611.954 740.452 362.238
-9999 -9999 -9999 4332.33 3409.21 3781.58 3287.96 2221.37 -9999 -9999 -9999 -9999 -9999 -9999 -9999 -9999 -9999 -9999 -9999 -9999 -9999 -9999 -9999 -9999 -9999 -9999 -9999 -9999 -9999 -9999 -9999 -9999 -9999 -9999 -9999 -9999 -9999 -9999 -9999 -9999 -9999 -9999 -9999 -9999 -9999 -9999 424.385 304.388 450.586 433.937 625.941 392.957 277.498 293.212 420.586 694.861 1080.65 252.805 456.234 466.87 540.2 504.806 336.448 469.23 304.503 455.398 562.275 335.013 484.671 502.474 382.79
139.043 919.041 2597.47 2730.62 1254.53 2163.44 2047.64 780.979 592.798 951.655 889.194 697.393 1661.09 2543.83 2241.82 -9999 -9999 -9999 -9999 -9999 -9999 -9999 -9999 -9999 -9999 -9999 -9999 -9999 -9999 -9999 -9999 -9999 -9999 -9999 -9999 -9999 -9999 -9999 -9999 -9999 -9999 -9999 763.139 208.517 424.731 1005.39 439.337 238.55 266.896 403.891 718.304 698.922 283.935 558.694 699.61 501.429 790.844 233.282 586.213 522.839 289.827 354.298 619.945 326.844 278.149 308.726 671.555 323.768 253.008 381.927 343.119
71.2617 464.37 1574.75 585.805 246.459 522.65 1102.69 703.93 593.213 913.194 599.642 350.632 1221.04 1787.7 638.009 838.516 531.925 594.822 1001.04 774.545 596.167 553.14 234.183 296.19 516.817 1845.7 -9999 -9999 -9999 -9999 5269.68 5333.08 -9999 -9999 -9999 -9999 -9999 -9999 -9999 2647.66 818.798 658.234 496.645 352.158 390.574 543.273 230.322 350.352 398.533 608.139 594.915 912.575 494.817 438.452 476.184 830.525 717.918 284.009 344.312 463.577 176.3 300.093 401.388 384.898 272.012 456.761 433.972 408.847 355.068 462.929 458.364
-9999 57.3492 280.039 497.617 441.726 388.596 518.254 694.098 962.915 1416.29 405.29 398.107 673.377 1341.99 496.109 400.185 589.919 514.498 754.234 712.633 518.971 355.212 299.574 496.64 893.663 1591.46 1798 1618.35 897.218 -9999 5162.58 5052.09 -9999 -9999 -9999 -9999 -9999 -9999 126.975 649.42 1176.74 672.934 939.861 586.847 646.479 191.276 318.457 525.964 445.382 609.299 584.117 396.939 648.506 368.257 392.023 559.238 677.122 350.219 602.628 241.015 172.892 272.891 410.596 397.982 258.527 393.279 503.582 368.932 480.255 408.929 327.887
-9999 -9999 -9999 17.7731 124.611 350.386 1195.74 1052.5 901.632 1036.48 442.248 279.701 592.028 649.314 826.141 894.862 695.133 405 761.409 1106.35 589.149 300.497 404.775 403.128 616.129 471.737 602.553 681.868 884.14 1323.71 1364.93 3706.26 2028.09 656.453 1486.71 549.79 767.696 1657.07 979.011 608.282 536.972 534.93 453.161 353.753 403.473 272.335 363.41 418.649 641.602 394.559 848.235 307.804 343.559 410.253 562.855 500.692 420.639 264.778 329.181 482.231 416.997 215.893 226.182 295.621 361.872 396.763 576.04 580.076 698.725 827.403 489.545
-9999 -9999 -9999 -9999 -9999 30.5004 231.345 1100.28 668.383 1453.43 826.222 462.128 479.116 809.401 806.426 1026.69 369.323 331.406 830.378 548.545 332.5 295.111 538.104 310.419 496.081 418.682 503.4 479.664 598.711 482.205 681.799 2179.51 1021.05 338.102 1338.3 895.696 343.549 548.964 393.432 362.65 530.153 595.194 403.465 362.747 302.611 490.499 662.936 379.505 323.047 430.699 569.069 261.637 379.284 428.695 453.68 637.962 790.935 407.715 411.513 448.911 561.871 355.446 417.113 493.561 434.31 273.788 327.181 453.128 336.921 621.186 926.068
-9999 -9999 -9999 -9999 -9999 -9999 705.626 1293.82 454.752 319.717 381.069 1044.48 810.368 649.941 853.316 296.617 645.59 282.963 684.451 521.242 425.456 366.85 384.165 619.47 270.345 569.544 462.128 658.796 567.344 539.6 327.48 663.182 443.199 427.809 491.592 568.303 630.851 332.853 347.094 450.114 513.094 347.699 719.016 471.157 348.973 494.456 393.773 676.404 629.288 360.817 612.368 411.813 549.471 315.528 537.838 882.645 442.991 576.083 417.929 273.566 204.759 228.888 303.861 260.505 395.321 372.064 322.065 241.151 435.826 621.509 1657.63
-9999 -9999 -9999 -9999 -9999 -9999 -9999 850.231 439.737 851.795 1012.19 394.305 558.45 365.189 845.606 462.27 710.749 367.504 511.998 514.046 678.761 342.28 840.535 658.157 368.935 792.771 819.326 372.63 440.659 503.542 447.738 473.039 392.414 275.787 264.618 727.159 418.186 860.933 934.092 706.735 470.075 449.084 308.489 330.4 481.464 336.445 527.81 307.935 523.033 419.982 267.406 423.332 371.389 489.75 509.373 553.993 284.79 436.206 350.634 305.914 314.92 302.389 343.568 374.769 367.527 315.549 346.456 264.182 381.318 1378.72 2050.16
-9999 -9999 -9999 -9999 -9999 -9999 1032.39 704.862 574.236 617.202 539.908 534.669 498.234 546.175 583.586 511.243 657.293 327.017 572.682 361.231 792.758 875.417 537.46 432.74 342.346 486.919 926.025 460.847 917.917 475.258 680.948 500.389 925.923 644.183 599.058 445.868 497.673 629.496 587.585 395.412 451.294 907.993 435.693 410.253 479.901 359.552 427.089 449.715 403.294 462.053 1181.84 564.587 327.158 752.234 298.429 260.953 349.165 471.997 382.712 468.292 778.542 470.613 330.715 237.488 368.031 275.496 243.38 409.815 677.315 2738.86 3013.12
-9999 -9999 -9999 -9999 -9999 -9999 591.175 527.346 824.69 525.971 412.657 428.248 367.509 713.692 1222.72 506.595 611.597 488.517 483.155 481.538 576.09 916.797 417.581 738.032 332.25 309.411 538.263 308.923 408.669 637.565 514.037 328.116 523.486 954.774 1527.35 802.596 450.44 693.32 879.186 612.231 460.597 412.406 793.82 513.485 631.198 663.692 1302.38 548.305 637.288 456.521 1255.65 893.849 267.591 320.342 206.151 302.583 448.412 439.917 316.311 687.553 1738.26 1401.27 554.6 368.829 519.441 360.187 409.738 448.89 392.734 -9999 -9999
-9999 -9999 -9999 -9999 -9999 -9999 708.401 630.73 708.309 718.583 322.906 490.987 533.586 466.813 467.692 699.772 674.753 374.815 1325.37 1031.35 1159.57 926.195 540.419 1089.67 424.334 689.437 504.936 611.331 301.593 700.816 771.801 521.089 699.499 509.146 552.992 371.113 1015.04 931.541 386.036 569.238 579.074 449.139 981.057 661.473 771.19 543.492 1354.32 899.858 310.784 444.037 478.895 802.142 440.398 397.855 319.377 465.676 630.358 447.729 260.792 298.033 432.916 454.699 420.755 388.676 504.539 332.869 598.107 757.34 1207.42 -9999 -9999
-9999 -9999 -9999 -9999 -9999 -9999 -9999 1537.31 1743.18 955.754 577.642 741.926 728.141 542.872 700.206 1801.69 1090.9 418.663 996.001 570.659 393.303 504.661 675.771 1076.19 392.188 531.567 439.037 844.959 571.192 367.988 462.637 623.105 815.038 411.444 577.459 398.797 641.65 1307.08 661.997 504.736 350.383 357.017 582.442 610.543 492.64 494.603 470.079 774.543 755.75 536.452 393.689 973.485 434.637 1150.73 759.587 554.026 358.328 389.09 391.55 277.981 297.324 255.833 591.035 219.671 492.311 374.651 397.933 421.904 486.494 -9999 -9999
-9999 -9999 -9999 -9999 -9999 -9999 -9999 -9999 -9999 -9999 1227.99 1016.65 492.209 391.75 473.608 402.965 385.435 517.249 956.228 1042.77 464.059 382.388 520.949 460.846 379.233 363.713 503.847 1590.22 785.214 578.047 437.321 266.695 242.755 361.339 435.673 466.49 536.627 387.041 504.308 376.152 400.017 390.813 462.858 602.167 760.303 326.484 580.183 707.835 1567.61 1154.43 349.434 382.888 381.479 731.763 436.641 1222.77 701.085 341.144 360.311 550.618 384.166 379.456 220.978 298.497 385.554 620.511 706.395 265.868 -9999 -9999 -9999
-9999 -9999 -9999 -9999 -9999 -9999 -9999 -9999 -9999 -9999 -9999 1667.27 840.698 670.608 497.31 665.793 464.638 299.291 911.41 625.104 371.765 476.858 548.363 807.081 334.32 407.76 367.158 545.951 371.062 529.132 448.961 429.152 288.61 480.003 404.458 549.803 418.156 466.837 406.055 392.198 430.721 352.344 520.244 1146.11 391.511 603.211 1167.31 472.545 389.149 368.788 550.825 593.179 535.283 493.81 332.714 456.644 414.413 471.766 353.613 228.885 523.14 486.479 344.307 398.315 635.926 655.624 -9999 -9999 -9999 -9999 -9999
-9999 -9999 -9999 -9999 -9999 -9999 -9999 -9999 -9999 -9999 -9999 -9999 -9999 -9999 -9999 1301.78 931.451 926.027 613.073 850.921 425.172 654.513 500.691 419.695 877.833 611.509 941.192 581.769 372.193 491.07 338.971 331.596 639.915 1068.08 473.418 512.808 491.216 576.084 468.862 524.732 333.25 378.353 392.573 707.278 269.43 549.856 969.879 348.077 334.799 767.574 1005.34 670.635 1166.14 436.927 334.802 352.806 510.346 954.73 1221.22 754.188 350.66 466.552 708.773 693.35 854.379 1378.24 -9999 -9999 -9999 -9999 -9999
-9999 -9999 -9999 -9999 -9999 -9999 -9999 -9999 -9999 -9999 -9999 -9999 -9999 -9999 -9999 -9999 -9999 1252.79 875.64 770.737 557.666 557.105 322.979 508.27 1244.4 636.132 601.314 783.679 346.109 282.389 334.793 351.695 559.818 769.665 722.279 385.77 983.936 555.166 433.701 456.401 452.147 470.09 487.204 385.605 309.121 618.066 514.609 382.416 372.35 538.119 760.698 674.785 371.387 582.826 895.841 365.929 502.539 503.758 501.529 546.983 503.121 274.996 412.012 346.851 429.306 839.36 -9999 -9999 -9999 -9999 -9999
-9999 -9999 -9999 -9999 -9999 -9999 -9999 -9999 -9999 -9999 -9999 -9999 -9999 -9999 -9999 -9999 -9999 2031.07 2310.16 2102.31 718.621 420.024 464.625 330.572 374.63 527.179 570.299 483.755 247.183 297.345 494.286 328.56 358.824 521.442 413.079 355.45 596.448 733.547 393.924 1243.67 473.52 451.378 393.148 480.866 377.805 1425.99 1046.89 576.548 552.932 717.743 625.041 333.43 324.555 388.287 297.764 798.596 293.554 391.249 439.84 639.839 367.051 449.167 342.405 330.332 209.733 1701.68 -9999 -9999 -9999 -9999 -9999
-9999 -9999 -9999 -9999 -9999 -9999 -9999 -9999 -9999 -9999 -9999 -9999 -9999 -9999 -9999 -9999 -9999 -9999 -9999 1358.84 651.014 888.009 516.837 470.021 569.153 539.892 478.606 565.428 449.655 469.709 618.091 729.333 348.35 524.72 554.642 393.879 388.189 409.97 273.806 646.221 703.281 511.048 631.569 536.89 462.696 533.86 575.355 640.179 349.248 376.883 378.236 990.518 520.163 482.511 766.471 590.152 604.571 488.598 913.2 424.334 330.275 413.45 513.573 1156.32 250 2252.36 -9999 -9999 -9999 -9999 -9999
-9999 -9999 -9999 -9999 -9999 -9999 -9999 -9999 -9999 -9999 -9999 -9999 -9999 -9999 -9999 -9999 -9999 -9999 -9999 496.564 388.875 548.466 994.475 761.846 442.258 430.141 381.268 420.636 380.114 416.844 472.423 343.466 807.843 544.44 468.171 355.751 499.502 505.684 271.599 270.72 266.362 362.232 383.326 527.971 380.145 397.252 405.755 458.233 373.293 631.229 424.615 667.35 425.121 371.998 556.026 624.55 733.782 715.253 574.809 297.642 605.655 377.1 662.512 2121.32 -9999 -9999 -9999 -9999 -9999 -9999 -9999
-9999 -9999 -9999 -9999 -9999 -9999 -9999 -9999 -9999 -9999 -9999 -9999 -9999 -9999 -9999 -9999 -9999 -9999 -9999 957.107 560.606 707.421 992.78 637.046 287.185 478.401 592.076 573.032 258.766 251.323 297.01 703.332 474.559 824.76 812.587 613.137 874.379 333.553 334.441 503.216 395.455 398.144 685.519 572.607 528.126 454.337 618.199 482.752 319.294 464.05 864.211 478.614 528.012 728.324 559.383 297.874 330.937 443.857 365.371 580.753 540.756 675.566 1395.22 2018.48 -9999 -9999 -9999 -9999 -9999 -9999 -9999
-9999 -9999 -9999 -9999 -9999 -9999 -9999 -9999 -9999 -9999 -9999 -9999 -9999 -9999 -9999 -9999 -9999 -9999 -9999 637.73 514.114 388.999 555.491 453.828 641.116 489.678 487.897 447.789 267.541 259.294 345.864 361.652 522.965 530.174 594.106 707.221 1328.01 579.317 821.631 313.318 461.177 324.87 639.4 547.046 538.338 651.743 392.997 345.997 549.459 740.296 808.842 405.485 505.277 590.721 402.016 377.753 364.846 434.769 441.432 401.869 601.518 1362.33 913.559 1733.85 -9999 -9999 -9999 -9999 -9999 -9999 -9999
-9999 -9999 -9999 -9999 -9999 -9999 -9999 -9999 -9999 -9999 -9999 -9999 -9999 -9999 -9999 -9999 -9999 -9999 -9999 431.165 432.363 292.553 429.207 438.743 451.951 469.531 566.121 393.84 562.05 340.127 308.469 369.411 432.27 557.898 680.462 410.755 387.233 490.893 1797 678.838 506.93 528.905 419.119 300.578 602.124 483.335 354.311 379.012 475.701 496.402 438.021 518.395 382.927 430.396 399.241 293.827 366.608 340.6 461.744 762.433 740.263 2269.36 2469.64 2532.51 -9999 -9999 -9999 -9999 -9999 -9999 -9999
