public/models/data/input/map/sulut/2500/mapdset.asc
NCOLS 100
NROWS 73
XLLCORNER 510063.019283
YLLCORNER 211617.685435
CELLSIZE 2500.000000
NODATA_VALUE       -9999
[rows 32 to 63 of 73, columns 0 to 70 of 100]
-9999 -9999 -9999 -9999 -9999 -9999 -9999 -9999 -9999 -9999 -9999 -9999 -9999 -9999 -9999 -9999 -9999 -9999 -9999 -9999 -9999 -9999 -9999 -9999 -9999 -9999 -9999 -9999 -9999 -9999 -9999 -9999 -9999 -9999 -9999 -9999 -9999 -9999 -9999 -9999 -9999 -9999 -9999 -9999 -9999 -9999 -9999 -9999 -9999 -9999 -9999 -9999 -9999 -9999 -9999 6558.64 6796.82 5751.57 3266.1 1139.66 772.819 1190.81 2434.79 2078.24 2390.32 1211.23 1756.55 2983.08 3809.14 4643.49 3975.1
-9999 -9999 -9999 -9999 -9999 -9999 -9999 -9999 -9999 -9999 -9999 -9999 -9999 -9999 -9999 -9999 -9999 -9999 -9999 -9999 -9999 -9999 -9999 -9999 -9999 -9999 -9999 -9999 -9999 -9999 -9999 -9999 -9999 -9999 -9999 -9999 -9999 -9999 -9999 -9999 -9999 -9999 -9999 -9999 -9999 -9999 -9999 -9999 -9999 -9999 -9999 -9999 -9999 -9999 -9999 5981.41 5058 5274.47 3263.43 1511.69 1895.79 2422.02 2381.74 1369.47 2917.29 3335.22 3795.55 5036.95 6105.92 6830.38 5552.73
-9999 -9999 -9999 -9999 -9999 -9999 -9999 -9999 -9999 -9999 -9999 -9999 -9999 -9999 -9999 -9999 -9999 -9999 -9999 -9999 -9999 -9999 -9999 -9999 -9999 -9999 -9999 -9999 -9999 -9999 -9999 -9999 -9999 -9999 -9999 -9999 -9999 -9999 -9999 -9999 -9999 -9999 -9999 -9999 -9999 -9999 -9999 -9999 -9999 -9999 -9999 -9999 -9999 -9999 -9999 1170.93 2599.8 4309.43 2840.88 1008.53 2372.34 3464.24 2378.32 1525.84 3365.43 5220.17 6328.08 7129.3 7345.83 6954.32 6387.17
-9999 -9999 -9999 -9999 -9999 -9999 -9999 -9999 -9999 -9999 -9999 -9999 -9999 -9999 -9999 -9999 -9999 -9999 -9999 -9999 -9999 -9999 -9999 -9999 -9999 -9999 -9999 -9999 -9999 -9999 -9999 -9999 -9999 -9999 -9999 -9999 -9999 -9999 -9999 -9999 -9999 -9999 -9999 -9999 -9999 -9999 -9999 -9999 -9999 -9999 -9999 -9999 -9999 -9999 193.674 366.476 1706.21 3866.11 3216.91 1428.26 1503.03 1613.35 1168.91 1184.57 2908.71 4969.7 7200.93 6649.3 5277.36 4555.54 4578.63
-9999 -9999 -9999 -9999 -9999 -9999 -9999 -9999 -9999 -9999 -9999 -9999 -9999 -9999 -9999 -9999 -9999 -9999 -9999 -9999 -9999 -9999 -9999 -9999 -9999 -9999 -9999 -9999 -9999 -9999 -9999 -9999 -9999 -9999 -9999 -9999 -9999 -9999 -9999 -9999 -9999 -9999 -9999 -9999 -9999 -9999 -9999 -9999 -9999 -9999 -9999 -9999 -9999 -9999 1841.67 1390.96 2586 3064.3 3392.33 3097.25 1949.06 1000.09 778.592 833.85 2076.43 4318.39 5659.73 5238.62 3089.81 2028.52 2081.93
-9999 -9999 -9999 -9999 -9999 -9999 -9999 -9999 -9999 -9999 -9999 -9999 -9999 -9999 -9999 -9999 -9999 -9999 -9999 -9999 -9999 -9999 -9999 -9999 -9999 -9999 -9999 -9999 -9999 -9999 -9999 -9999 -9999 -9999 -9999 -9999 -9999 -9999 -9999 -9999 -9999 -9999 -9999 -9999 -9999 -9999 -9999 -9999 -9999 -9999 -9999 -9999 -9999 -9999 909.245 2093.66 3074.45 1291.04 2025.51 1914.37 1713.74 1044.62 1111.1 2125.86 3402.7 3969.32 3373.9 3740.47 2140.74 558.949 717.983
-9999 -9999 -9999 -9999 -9999 -9999 -9999 -9999 -9999 -9999 -9999 -9999 -9999 -9999 -9999 -9999 -9999 -9999 -9999 -9999 -9999 -9999 -9999 -9999 -9999 -9999 -9999 -9999 -9999 -9999 -9999 -9999 -9999 -9999 -9999 -9999 -9999 -9999 -9999 -9999 -9999 -9999 -9999 -9999 -9999 -9999 -9999 -9999 -9999 -9999 -9999 -9999 -9999 240.222 671.311 2618.27 3666.17 2118.67 2507.28 1791.94 934.48 738.835 1527.1 1701.29 3359.68 2757.1 1122.92 2477.93 3200 1956.2 960.032
-9999 -9999 -9999 -9999 -9999 -9999 -9999 -9999 -9999 -9999 -9999 -9999 -9999 -9999 -9999 -9999 -9999 -9999 -9999 -9999 -9999 -9999 -9999 -9999 -9999 -9999 -9999 -9999 -9999 -9999 -9999 -9999 -9999 -9999 -9999 -9999 -9999 -9999 -9999 -9999 -9999 -9999 -9999 -9999 -9999 -9999 -9999 -9999 -9999 -9999 -9999 1000 773.742 526.24 895.63 3106.92 4970.23 4388.79 4461.52 3504.75 1904.84 1829.22 1124.83 1077.48 2995.22 3042.76 1679.85 2931.02 4761.24 3897.78 3124.59
-9999 -9999 -9999 -9999 -9999 -9999 -9999 -9999 -9999 -9999 -9999 -9999 -9999 -9999 -9999 -9999 -9999 -9999 -9999 -9999 -9999 -9999 -9999 -9999 -9999 -9999 -9999 -9999 -9999 -9999 -9999 -9999 -9999 -9999 -9999 -9999 -9999 -9999 -9999 -9999 -9999 -9999 -9999 -9999 -9999 -9999 -9999 -9999 1298.84 979.213 580.117 485.324 1044.63 1135.12 1688.1 3564.87 6148.43 6958.45 6872.72 5484.23 3813.29 1766.6 635.684 1068.15 2828.5 4552.77 4251.52 4949.55 6418.91 6469.02 5699.52
-9999 -9999 -9999 21583.1 20472.5 -9999 15625.3 15378.9 -9999 -9999 -9999 -9999 -9999 -9999 -9999 -9999 -9999 -9999 -9999 -9999 -9999 -9999 -9999 -9999 -9999 -9999 -9999 -9999 -9999 -9999 -9999 -9999 -9999 -9999 -9999 -9999 -9999 -9999 -9999 -9999 -9999 -9999 -9999 -9999 -9999 -9999 -9999 301.777 945.233 1124.13 1840.41 1901.25 2697.17 3472.5 3896.56 4990.77 7188.65 8855.25 8204.83 6492.01 4607.47 2586.65 985.649 2178.84 3620.12 5136.06 6356.53 7287.07 8133.85 7238.28 5871.64
-9999 -9999 -9999 21149.6 19337.4 16348.4 14565.8 13772.8 -9999 -9999 -9999 -9999 -9999 -9999 -9999 -9999 -9999 -9999 -9999 -9999 -9999 -9999 -9999 -9999 -9999 -9999 -9999 -9999 -9999 -9999 -9999 -9999 -9999 -9999 -9999 -9999 -9999 -9999 -9999 -9999 -9999 -9999 -9999 -9999 -9999 -9999 332.82 394.854 766.974 1430.14 3509.91 4365.52 5060.54 5984.48 6485.22 7422.9 8683.04 9288.29 7177.96 5193.88 3248.15 2275.16 2534.08 2233.16 1948.8 3894.93 6466.92 8697.29 8504.39 6130.36 3766.72
26318 25477.2 23319.4 21435.2 17910.1 15728.2 13172.5 11183.5 8394.31 6874.37 5603.29 4669.27 1892.65 2415.13 2360.5 -9999 -9999 -9999 -9999 -9999 -9999 -9999 -9999 -9999 -9999 -9999 -9999 -9999 -9999 -9999 -9999 -9999 -9999 -9999 -9999 -9999 -9999 -9999 -9999 -9999 -9999 -9999 4312.45 2884.05 779.759 685.882 778.764 1113 2124.96 2136.43 4099.75 6231.63 7487.39 8396.01 8920.22 9772.91 9925.93 8613.54 6084.2 3737.99 1695.26 808.029 2609.79 1986.17 1385.03 3574.59 6164.8 8433.12 7692.02 5321.01 2823.01
25699.6 24553.8 22100.9 19598.5 17047.9 14669.5 12078.3 9713.26 7223.35 5801.81 4736.52 3261.46 1204.16 1077.32 2111.7 2313.08 1838.8 1012.05 765.502 764.536 523.821 778.81 1304.48 3154.35 6301.9 8866.06 -9999 -9999 -9999 -9999 -9999 -9999 -9999 -9999 -9999 -9999 -9999 -9999 -9999 1970.51 576.385 1747.34 3655.2 3882.38 2566.02 2466.81 2967.76 3061.16 4174.4 4543.55 5685.8 7595.19 9772.42 10875.7 11235.9 10613 8346.01 6951.67 5150.21 2944.22 944.405 649.659 2355.9 3415.76 3334.8 4714.57 7114.9 8682.93 6819.12 4447.55 2554.31
-9999 23328.9 21163.1 18659.2 16095.9 13660.9 11069.7 8704.65 6045.11 3851.53 2487.57 2736.32 1639.14 1591.51 1998.71 1234.9 1002.62 711.495 1023.16 1001.24 663.397 1445.9 2555.15 4218.07 6811.52 9205.63 9977.75 7551.44 6196.19 -9999 -9999 -9999 -9999 -9999 -9999 -9999 -9999 -9999 3180.99 2318.97 480.361 1074.47 3267.1 5270.46 4977.74 4874.57 4899.22 4259.26 4613.46 5673.89 7193.52 8368.62 10023.7 10922.5 10817.7 9706.37 7106.48 4957.46 3562.3 3200.49 2080.38 645.939 2153.12 4404.75 5710 6725.12 8220.97 8413.7 6049.58 3614.58 1209.36
-9999 -9999 -9999 17430 15076.5 12649.6 10362.1 8008.78 5347.53 2987.85 1065.44 2263.04 3446.34 3947.19 3982.48 3027.41 2825.55 2465.87 3008.59 3127.74 2950.35 3514.61 4894.88 6076.06 7947.53 9993.97 9013.32 6561.94 4458.52 2917.33 2908.4 4126.01 1683.82 1487.4 2175.48 5030.74 4469.31 3289.13 2042.52 1852.48 1992.62 2962.57 4485.87 6639.85 7437.37 6428.7 4247.24 2280 2416.48 4035.85 5316.83 6539.1 7951.95 8487.89 8301.65 7907.55 6101.94 3795.11 1531.62 2064.44 2834.15 1429.5 2528.49 4795.45 7409.71 8768.72 8150.26 7147.26 5871.94 3982.4 1500.67
-9999 -9999 -9999 -9999 -9999 12185.3 10695.3 8550.97 5901.23 3561.31 1502.76 1485.34 2323.6 3814.2 5528.92 5030.48 3158.53 1775.79 2873.56 4478.86 5022.25 5820.04 6963.69 8243.15 9585.68 10243.5 8151.11 5716.11 3182.24 1306.94 2330.7 3785.51 1741.48 792.853 1887.17 4200.15 4194.76 1940.84 1076.89 869.875 2478.11 4609.4 6390.55 7880.3 8693.87 6529.65 3939.38 1615.71 1338.71 2017.58 3159.18 4561.89 6261.33 6150.36 5936.69 5620.49 5203.55 3735.67 1940.66 2350.29 2982.53 3221.34 4165.65 5843.91 8316.43 8502.16 6407.19 4861.96 3986.77 3889.8 1844.21
-9999 -9999 -9999 -9999 -9999 -9999 9122.29 8411.31 6395.41 4046.84 1967.55 1320.52 885.015 2765.16 5294.23 5582.69 3094.88 1567.61 2270.52 2655.53 4089.1 6345.82 8686.19 10325.9 11909.7 11277.1 8751.72 6316.86 3902.25 2537.32 3389.32 4719.79 3111.6 1934.51 2425.38 4555.68 5084.13 3567.94 3250.2 2974 3777.03 5713.77 8235.46 10001.6 9863.8 7532.58 5017.92 3360.49 2290.38 848.73 1173.17 2789.02 3986.23 3489.11 3276.79 2960.21 2950.78 2647.71 900.865 1410.13 1024.13 2082.69 3960.39 6262.47 8411.04 7133.57 4921.42 2823.08 1492.31 2716.76 3818.23
-9999 -9999 -9999 -9999 -9999 -9999 -9999 8849.31 7371.8 5345.48 3373.63 1420.29 1444.96 3412.33 5905.92 6526.88 4704.5 3665.95 2071.62 1010.66 3022.26 5453.41 8044.62 10397.3 12779 12277.3 9731.41 7404.06 5777.06 4887.24 5482.17 6215.52 5225.21 4249.24 4517.25 5829.32 6805.61 5905.44 5615.2 5339 5986.31 7136.49 9269.8 11322.9 10695.1 8527.94 6702.14 5576.72 3871.75 2393.78 1164.51 1443.25 2245.74 1253.85 1198.42 930.843 1326.15 2717.09 2056.64 2142.39 918.585 1280.83 3546.27 5909.66 7783.06 6103.47 3587.84 1588.2 699.78 1700.35 -9999
-9999 -9999 -9999 -9999 -9999 -9999 11930.9 10849.8 8809.54 6799.77 4296.22 2628.58 2864.79 4725.18 7056.85 8178.12 7129.35 5387.67 3177.56 2236.02 3565.31 5880.05 8471.3 10836.3 13414.6 13317.7 10934.4 9422.67 8341.09 7478.49 8064.6 8665.42 7776.45 6839.29 7100.25 8111.47 9061.15 8496.69 8206.45 7930.25 8575.47 9542.92 10487.1 10369.9 9101.38 8060.24 7227.88 7071.47 5899.42 4499.62 2873.49 1338.19 1204.46 600.448 356.409 900.33 1909 3779.99 4230.42 2477.49 1172.41 2767.13 4703.28 6852.21 7315.98 5078.24 2509.33 642.587 710.632 -9999 -9999
-9999 -9999 -9999 -9999 -9999 -9999 13263.9 12382.3 10179.4 7881.48 6035.95 5007.43 5182.35 6305.29 8305.36 10049.3 8772.97 6741.72 5324.11 4646.41 5477.76 7008.92 9479.95 11844.9 14423.4 14433.9 12866.3 11834.9 10776.1 9913.49 10499.6 11091.3 10211.4 9274.29 9535.25 10543.9 11441.4 10931.7 10641.5 10365.3 10926.9 10795 9474.09 8420.68 6941.23 5658.29 4904.5 5595.15 6624.55 6323.46 4506.36 2903.98 1486.31 552.871 174.189 621.106 1343.82 2934.95 4254.61 3832.92 3173.15 4252.45 6310.08 7727.59 6359.38 4276.27 2507.49 1463.45 1906.81 -9999 -9999
-9999 -9999 -9999 -9999 -9999 -9999 14591 13676.3 11326.1 9671.36 8534.8 7563.45 7737.42 8742.93 9946.07 11433.9 10214.8 8955.65 7871.61 7202.65 8002.08 9026.55 10659.2 12904.6 15527.2 16371.7 15399.8 14391.2 13332.3 12469.7 13055.9 13647.6 12767.7 11830.5 12089.7 13058.2 13843.8 13371.3 13121.3 12811.6 11754.6 9750.59 7556.19 5951.03 4823.7 3434.31 2369.53 3308.07 5079.31 6300.66 5960.29 3887.51 1426.55 233.401 292.37 1048.88 801.124 1146.2 3275.19 5298.58 5714.43 6579.75 7712.44 7248.86 5137.17 3012.58 1139.87 1573.7 3115.25 -9999 -9999
-9999 -9999 -9999 -9999 -9999 -9999 -9999 13543.5 12417.2 11634.8 10699.7 9991.8 10172.4 11177.9 12251.8 13102.9 12364.7 11379.9 10306.6 9637.65 10437.1 11445.7 12550 14035.6 16573.4 18371.2 17834.8 16826.2 15767.3 14904.7 15477.6 15938.2 15020.4 14071.1 13788.5 13612.4 13407 13126.2 13179 13061.2 10870.5 8512.61 6167.89 4112.58 2479.84 1888.84 675.336 1564.01 3064.12 4562.71 5787.62 3718.7 1433.92 1202.2 1382.92 2282.06 2709.42 2198.25 3741.26 6104.29 7983.19 8948.22 8422.34 6247.55 3682.34 2118.9 1654.9 1522.11 2228.44 -9999 -9999
-9999 -9999 -9999 -9999 -9999 -9999 -9999 -9999 -9999 -9999 11564.4 12271.2 12763.5 13769.2 14842.5 15639.3 14950.8 13971.2 12897.9 12228.9 13028.3 14036.9 15110.3 16101.2 17761.7 19933.7 20413.3 19417.4 18349.7 17316.1 16265.5 15137.6 14030.4 13050.9 11978.4 11190.4 10825.2 10555.2 10645.9 10713.8 9423.77 7418.58 4851.14 2655.72 921.11 890.791 983.061 720.93 1273 3511.66 5741.67 4773.21 3297.68 3352.18 3765.1 4601.62 5189.55 4753.24 5670.01 7286.11 9411.97 9518 7864.52 5778.61 3173.42 1294.12 1656.86 2552.86 -9999 -9999 -9999
-9999 -9999 -9999 -9999 -9999 -9999 -9999 -9999 -9999 -9999 -9999 13859.8 14904.6 16108.4 17184 17991.5 17315.8 16336.2 15262.9 14593.9 15393.3 16401.9 17475.3 18454.9 19590.8 21103.4 22572.6 21619.4 19850.6 17688.4 15143.8 13061.3 11666.4 10686.8 9613.45 8825.42 8460.18 8190.22 8300.14 8541.81 7279.97 6120.75 4331.22 2062.55 742.403 949.362 1173.3 438.635 1230.15 3374.33 5758.38 5535.27 3750.51 2735.31 3692.41 5637.77 7260.45 7116.9 8000.51 9033.12 9163.55 7492.08 6307.86 5495.08 4379.72 3113.3 -9999 -9999 -9999 -9999 -9999
-9999 -9999 -9999 -9999 -9999 -9999 -9999 -9999 -9999 -9999 -9999 -9999 -9999 -9999 -9999 19426.1 18989.3 18597.3 17924.1 17255.2 18054.6 19063.2 20136.5 21116.1 22218.5 23198.2 23633 21613.6 19057.6 16622.6 14031.4 11666.4 9297.71 8035.56 6952.2 6164.17 5798.93 5528.97 5645.79 6276.92 4940.87 3670.37 3121.05 1814.25 670.26 2330.38 2770.64 1978.38 3128.8 4548.85 5801.47 3973.89 2131.47 815.846 2495.8 4857.36 7499.34 9328.42 10607.6 10466.7 8254.34 5829.01 3777.19 3083.69 4013.21 4780.34 -9999 -9999 -9999 -9999 -9999
-9999 -9999 -9999 -9999 -9999 -9999 -9999 -9999 -9999 -9999 -9999 -9999 -9999 -9999 -9999 -9999 -9999 20804.4 20273.4 19620.2 20419.6 21428.2 22501.5 23481.1 24572.3 24891.7 23060.3 20634.3 18078 15643 13051.8 10686.8 8035.56 5968.55 4589.76 3800.75 3438.12 3172.88 3343.01 4706.47 3341.27 1635.62 1256.57 1446.07 1102.35 2809.03 4380.81 4314.93 5229.31 6369.77 5548.53 3155.79 1029.71 1416.28 3159.09 5402.94 8063.3 10423.5 11774.9 9853.77 7372.91 4984.65 2434.65 1021.86 2204.29 3888.78 -9999 -9999 -9999 -9999 -9999
-9999 -9999 -9999 -9999 -9999 -9999 -9999 -9999 -9999 -9999 -9999 -9999 -9999 -9999 -9999 -9999 -9999 21816.6 21961 22018.5 22924.2 23702.2 24725.8 25692.4 25997.2 24546.3 21995.9 19560.9 17004.7 14569.7 11978.4 9613.45 6952.2 4589.76 2292.03 1425.44 1055.96 1005.95 1802.21 3865.04 2859.69 986.92 764.917 996.3 1310.85 1942.38 4459.61 6392.17 7780.29 8294.59 6337.52 4068.58 2709.9 3297.36 4987.31 6630.31 9136.85 11406.5 11254.3 8846.48 6433.34 4709.42 2919.45 1109.2 622.218 4123.05 -9999 -9999 -9999 -9999 -9999
-9999 -9999 -9999 -9999 -9999 -9999 -9999 -9999 -9999 -9999 -9999 -9999 -9999 -9999 -9999 -9999 -9999 -9999 -9999 23154.4 22799.2 22600.7 23507.3 24449.6 24095.1 23024.6 21393.3 19280.2 16734.3 14299.3 11708 9343.02 6681.77 4316.77 1771.22 706.846 698.737 1205.83 2648.08 3304.88 1960.09 700.284 1155.17 1495.44 2460.54 3123.32 5168.91 7514.87 9878.88 9785.34 7512.19 6069.89 5136.05 5609 6836.76 8385.45 10093.2 10929.6 10069 7836.91 5283.93 3010.31 1993.55 1916.47 0 4774 -9999 -9999 -9999 -9999 -9999
-9999 -9999 -9999 -9999 -9999 -9999 -9999 -9999 -9999 -9999 -9999 -9999 -9999 -9999 -9999 -9999 -9999 -9999 -9999 21475.1 20340.1 20053.7 20956.7 21898.4 21539.9 20560.3 19654.8 19523.9 17667.7 15240 12648.7 10283.7 7622.47 5265.47 3002.21 1506.74 854.351 1327.17 2700.64 1670.54 583.515 1322.35 2947.16 3848.29 4721.68 5560.95 6764.1 8607.97 11110.5 10993.8 9518.44 8501.72 7639.57 8115.85 8845.03 9270.43 9268.32 8569.7 8080.1 7325.94 5020.48 2642.04 1363.39 4078.43 -9999 -9999 -9999 -9999 -9999 -9999 -9999
-9999 -9999 -9999 -9999 -9999 -9999 -9999 -9999 -9999 -9999 -9999 -9999 -9999 -9999 -9999 -9999 -9999 -9999 -9999 19913.8 17842.8 17618.7 18521.7 19463.4 19104.9 18125.3 17227.5 17772.5 17958.3 16038.7 13449 11084 8422.76 6060.53 3485.29 1398.66 1042.36 891.357 1794.41 916.578 1160.37 2663.27 4780.3 6164.11 7147.13 7995.95 9069.79 10153.2 11447.2 10474.4 9331.12 8322.51 7979.5 8517.78 7766.61 7218.06 6862.23 6134.7 5707.78 6299.29 5801.37 4295.12 4011.36 4464.07 -9999 -9999 -9999 -9999 -9999 -9999 -9999
-9999 -9999 -9999 -9999 -9999 -9999 -9999 -9999 -9999 -9999 -9999 -9999 -9999 -9999 -9999 -9999 -9999 -9999 -9999 15715.4 15248 15027.5 15930.5 16872.2 16513.6 15534 14636.2 15190.2 16229 16427.2 14436.2 12124.5 9464.87 7106.51 4838.03 3575.25 2191.11 549.093 1714.47 2706.31 3198.04 4413.94 6257.27 8062.29 9224.49 9711.64 10454.3 10451.5 10089.2 8659.13 6831.67 5755.75 5494.17 6098.61 5184.95 4630.89 4330.64 3546.72 3119.7 3888.4 4564.22 5434.29 6475.47 7613.18 -9999 -9999 -9999 -9999 -9999 -9999 -9999
-9999 -9999 -9999 -9999 -9999 -9999 -9999 -9999 -9999 -9999 -9999 -9999 -9999 -9999 -9999 -9999 -9999 -9999 -9999 13842.7 12936.9 12662.5 13565.5 14507.2 14148.6 13169 12271.2 12825.2 13883 14695.3 13935.1 12548.6 10422.2 8341.89 6882.39 5373.68 3065.62 1135.05 2348.75 4346.06 5300.57 5469.27 5943.01 7062.58 8006.27 7949.39 8480.9 8177.19 7891.5 7433.86 5138.58 3447.03 3147.95 4228.11 3075.36 2286.66 2558.82 1392.19 1199.03 2144.21 2495.96 4419.37 7573.4 8781.76 -9999 -9999 -9999 -9999 -9999 -9999 -9999
