public/models/data/input/map/sulut/2500/maplanduse.asc
NCOLS 100
NROWS 73
XLLCORNER 510063.019283
YLLCORNER 211617.685435
CELLSIZE 2500.000000
NODATA_VALUE       -9999
[rows 35 to 69 of 73, columns 0 to 76 of 100]
-9999 -9999 -9999 -9999 -9999 -9999 -9999 -9999 -9999 -9999 -9999 -9999 -9999 -9999 -9999 -9999 -9999 -9999 -9999 -9999 -9999 -9999 -9999 -9999 -9999 -9999 -9999 -9999 -9999 -9999 -9999 -9999 -9999 -9999 -9999 -9999 -9999 -9999 -9999 -9999 -9999 -9999 -9999 -9999 -9999 -9999 -9999 -9999 -9999 -9999 -9999 -9999 -9999 -9999 4.38462 4.20389 4.16087 4.76388 4.90163 4.44012 4.006 4.006 4.02178 4.01522 4.01144 4.06619 4.49862 6.60925 6.9892 6.9838 6.487 4.438 3.87645 2.83255 2.32254 2.83529 2.38036
-9999 -9999 -9999 -9999 -9999 -9999 -9999 -9999 -9999 -9999 -9999 -9999 -9999 -9999 -9999 -9999 -9999 -9999 -9999 -9999 -9999 -9999 -9999 -9999 -9999 -9999 -9999 -9999 -9999 -9999 -9999 -9999 -9999 -9999 -9999 -9999 -9999 -9999 -9999 -9999 -9999 -9999 -9999 -9999 -9999 -9999 -9999 -9999 -9999 -9999 -9999 -9999 -9999 -9999 3.29387 3.78483 4 4 4.55744 2.95561 3.9587 4.02138 4.02935 4.03202 4.1716 5.55115 5.3185 6.604 6.65009 6.44904 7.01278 6.80634 6.88492 3.52157 1 1.8053 5.1668
-9999 -9999 -9999 -9999 -9999 -9999 -9999 -9999 -9999 -9999 -9999 -9999 -9999 -9999 -9999 -9999 -9999 -9999 -9999 -9999 -9999 -9999 -9999 -9999 -9999 -9999 -9999 -9999 -9999 -9999 -9999 -9999 -9999 -9999 -9999 -9999 -9999 -9999 -9999 -9999 -9999 -9999 -9999 -9999 -9999 -9999 -9999 -9999 -9999 -9999 -9999 -9999 -9999 -9999 3.95903 3.98919 4 4.025 3.52187 2.49633 3.90505 4.01662 4.01762 4 4.09165 6.1306 7 7 6.95596 6.22946 6.91284 7.10398 6.5644 4.4131 1.2892 4.3378 6.4765
-9999 -9999 -9999 -9999 -9999 -9999 -9999 -9999 -9999 -9999 -9999 -9999 -9999 -9999 -9999 -9999 -9999 -9999 -9999 -9999 -9999 -9999 -9999 -9999 -9999 -9999 -9999 -9999 -9999 -9999 -9999 -9999 -9999 -9999 -9999 -9999 -9999 -9999 -9999 -9999 -9999 -9999 -9999 -9999 -9999 -9999 -9999 -9999 -9999 -9999 -9999 -9999 -9999 4.05674 4.15321 4 3.99575 3.98325 3.80781 3.91494 4.03288 4.06962 4.00737 4.05463 5.1635 6.6905 6.9375 6.997 7.0005 7.06645 6.87288 7.05067 5.71 6.095 6.3688 6.9077 6.9965
-9999 -9999 -9999 -9999 -9999 -9999 -9999 -9999 -9999 -9999 -9999 -9999 -9999 -9999 -9999 -9999 -9999 -9999 -9999 -9999 -9999 -9999 -9999 -9999 -9999 -9999 -9999 -9999 -9999 -9999 -9999 -9999 -9999 -9999 -9999 -9999 -9999 -9999 -9999 -9999 -9999 -9999 -9999 -9999 -9999 -9999 -9999 -9999 -9999 -9999 -9999 4 4.02029 4.20836 4.19947 4.0075 3.95675 3.50775 3.9715 4 4.00187 4.00187 4.42163 5.27238 6.9145 7 6.862 6.9835 7 7 7 7 6.91922 6.91577 7 7 7
-9999 -9999 -9999 -9999 -9999 -9999 -9999 -9999 -9999 -9999 -9999 -9999 -9999 -9999 -9999 -9999 -9999 -9999 -9999 -9999 -9999 -9999 -9999 -9999 -9999 -9999 -9999 -9999 -9999 -9999 -9999 -9999 -9999 -9999 -9999 -9999 -9999 -9999 -9999 -9999 -9999 -9999 -9999 -9999 -9999 -9999 -9999 -9999 4 4.09158 4.51141 4.86381 4.23228 4.88821 5.41608 4.91447 2.67955 3.24214 3.95781 4 4.01727 5.46133 5.97036 4.26029 5.40224 6.18741 4.7167 4.5322 6.5752 6.97075 7 7 7 7 6.9145 5.9566 6.02628
-9999 -9999 -9999 4 4 -9999 3.93835 3.96336 -9999 -9999 -9999 -9999 -9999 -9999 -9999 -9999 -9999 -9999 -9999 -9999 -9999 -9999 -9999 -9999 -9999 -9999 -9999 -9999 -9999 -9999 -9999 -9999 -9999 -9999 -9999 -9999 -9999 -9999 -9999 -9999 -9999 -9999 -9999 -9999 -9999 -9999 -9999 7 4.07752 4.37183 5.76258 5.6036 4.85849 5.66521 5.62949 5.45096 3.84775 1.97456 2.15894 3.86425 4.00973 4.19207 4.85739 2.71956 3.02646 2.01689 1.4323 2.2198 4.5781 6.51355 6.9964 7 7 7 6.22525 4.18965 3.89113
-9999 -9999 -9999 4 4 4 3.45475 3.67671 -9999 -9999 -9999 -9999 -9999 -9999 -9999 -9999 -9999 -9999 -9999 -9999 -9999 -9999 -9999 -9999 -9999 -9999 -9999 -9999 -9999 -9999 -9999 -9999 -9999 -9999 -9999 -9999 -9999 -9999 -9999 -9999 -9999 -9999 -9999 -9999 -9999 -9999 3.69899 4.63912 5.08839 4.83389 5.57611 5.44231 5.61645 5.13762 4.51525 4.4005 5.51796 1.52529 1.5397 3.7183 4.314 5.73635 5.57525 3.4369 1.0913 1.0027 1 1 2.9617 2.40258 6.82772 7 7 7 5.33875 4.13305 4.16436
4.06944 3.04454 3.2105 3.97599 4.02479 3.9835 3.8621 2.90419 3.62568 3.89132 4 4 4 4 4 -9999 -9999 -9999 -9999 -9999 -9999 -9999 -9999 -9999 -9999 -9999 -9999 -9999 -9999 -9999 -9999 -9999 -9999 -9999 -9999 -9999 -9999 -9999 -9999 -9999 -9999 -9999 3.17509 3.10294 6.57022 4.41355 4.40027 4.11262 4.04153 4.06291 3.03717 5.47397 5.81234 3.82859 2.01239 3.90786 3.88784 1.10641 2.1406 4.0579 6.3585 7.31545 4.36705 3.6685 1.582 1 1 1 1.0165 1.21218 4.59863 5.8377 6.666 6.77425 5.077 4.00194 -9999
4.06944 3.36051 3.54009 3.99056 3.76752 3.82293 3.88965 3.0736 3.09109 3.45835 3.77106 3.99994 3.97253 3.51096 3.75388 3.82551 4.00292 4.08678 4.66834 7.5759 5.69117 3.33096 5.11891 2.18644 3.51029 2.6189 -9999 -9999 -9999 -9999 1 1 -9999 -9999 -9999 -9999 -9999 -9999 -9999 2.17073 4.6588 6.75313 4.8536 3.33654 6.67006 4.93786 6.27988 4.4137 2.36725 1.7975 1.718 2.42675 3.76638 2.23712 1.38678 3.29897 3.05005 1.05445 1.62137 4.30013 6.293 6.70955 4.89191 2.28104 1.018 1 1 1 1.13594 2.35926 4.19264 5.05941 4.06905 4.32577 3.95921 4 -9999
-9999 4.66584 2.98891 3.83867 2.97467 2.40407 3.3034 3.50485 3.08076 2.97454 3.45645 4.3955 4.01062 4.01188 3.62171 3.90704 4.02153 4.08036 4.33474 6.36253 6.14838 5.46335 5.23238 6.06267 5.86389 3.2239 2.75153 2.63021 3 -9999 1 1 -9999 -9999 -9999 -9999 -9999 -9999 6.96518 7.05141 5.60965 6.85043 6.13631 6.46704 7.15485 5.20517 4.37401 2.24361 1 1 1 1 1 1 1.10028 2.71997 3.63235 1.39495 2.25137 3.97832 4.06663 6.04792 4.17216 1.86329 1 1 1 1.027 2.81331 3.52844 4.06171 3.99529 3.91842 4 4 4 -9999
-9999 -9999 -9999 4.04321 3.33466 2.02813 1.38926 2.1859 2.33582 1.64583 4.03044 4.44454 3.66175 3.22563 3.54229 3.83896 4.6825 4.2765 4 4.1422 4.18195 4.7916 4.51179 5.01696 4.64731 5.38399 4.9408 3.59386 3.41862 2.29224 2.78334 2.32479 3.3612 7.18984 5.61606 4.77388 3.22916 4.77249 5.64824 7.22466 5.90758 6.62563 3.80699 2.27696 4.08179 4.92894 4.85934 3.46954 1.65175 1.92325 1.49924 1.00551 1.09621 1.90054 3.26275 3.93025 3.72438 2.08833 3.75483 4.01622 3.99588 4.43166 2.24854 1.03293 1 1 1 1.5343 3.78295 4 4.20764 3.50696 4.2 4 -9999 -9999 -9999
-9999 -9999 -9999 -9999 -9999 1.85714 2.44695 1.02025 1.072 1.0243 2.90405 3.46903 2.167 1.98663 1.59946 2.56379 4.1105 3.5815 3.2095 4.0495 3.93905 3.9632 3.98121 4.64554 5.81375 5.22795 4.66075 3.14305 3.81545 2.93657 3.14425 3.28037 4.26955 7.10151 5.97877 6.28551 4.43149 3.86845 5.66149 5.62405 3.84636 3.99494 4.10957 3.57013 4.8465 4.17312 4.93818 6.15445 4.30975 3.91525 3.32601 1.16924 2.47954 3.86371 4 3.97 2.61963 1.95887 3.55287 5.23988 3.99775 1.68591 1.35484 1 1 1 1.03 2.3497 4.6783 4.38475 4.08128 3.99817 4 -9999 -9999 -9999 -9999
-9999 -9999 -9999 -9999 -9999 -9999 1 1 1 1.006 2.39454 2.40099 2.59772 1 1 1 2.26412 2.20188 1.075 3.07545 2.67466 3.08439 4.07496 4.15779 5.30527 2.09523 1.33778 1.10397 2.15575 2.17075 2.0467 2.4868 3.71439 4.77526 5.90715 4.4592 6.8763 4.7932 2.8255 2.1385 1.249 1.6195 2.2805 3.55605 4.06033 3.38643 3.47045 3.82525 5.2234 5.1135 4.0174 2.0665 3.6487 4.01102 4.02248 4 3.3865 4.5418 5.85833 6.82837 6.86075 5.89075 1.198 1.1215 1.49905 2.47622 2.63088 4.13485 4.40125 4.23325 4 4 -9999 -9999 -9999 -9999 -9999
-9999 -9999 -9999 -9999 -9999 -9999 -9999 1 1 1.0255 1.68146 2.50361 2.87376 1.11591 1 1 1.07813 1.12587 1.24625 2.0848 1.20159 1.19986 3.69434 1.78841 2.42097 2.34352 1.12172 1.03203 1 1.0045 1.0018 1.2877 1.30686 1.53599 2.3041 3.14195 5.49285 2.79375 1 1 1 1 1.0345 2.55295 2.6548 4.15495 3.58588 1.41243 2.55985 4.33325 5.0076 3.8255 3.96493 4.06805 4.01745 4.07237 3.44985 2.84635 5.52842 6.82088 6.84315 5.93885 1.3915 2.4805 3.4039 3.51032 5.32097 4.09145 4.14923 4 4 -9999 -9999 -9999 -9999 -9999 -9999
-9999 -9999 -9999 -9999 -9999 -9999 1 1 1 1 1.01875 1.02415 1.44726 1.20884 1 1 1 1.00875 1.12587 1.15363 1 1 2.21765 3.01585 2.1145 1.0075 1.01875 1.32375 1 1 1 1 1 1 1 1.6111 4.53675 2.1259 1 1 1 1 1 1.631 1.49805 2.8701 3.43118 2.48592 2.5534 3.9331 4 4.042 4.10012 4.11643 4.57427 4.04843 3.62209 1.84816 1.12375 3.0655 5.6606 3.9838 1.7161 1 1.4959 5.1146 6.56815 4.79465 6.14911 4 4 -9999 -9999 -9999 -9999 -9999 -9999
-9999 -9999 -9999 -9999 -9999 -9999 1 1 1 1 1 1 1.00075 1.00075 1 1 1 1.03375 1.12812 1.00437 1 1 1.1203 1.2392 1.201 1 1.0175 1.19 1.0075 1 1 1 1 1 1 1.06 1.2336 1.03765 1 1 1 1 1 1.0015 1.4432 1.76765 1.64074 1.35766 2.1826 3.6499 4 4 4.37792 5.03842 5.56971 5.14069 4.02781 3.89794 2.83675 1.2715 3.2845 3.9991 3.37915 1.83475 1.88215 3.45965 5.97945 5.4722 4.85468 -9999 -9999 -9999 -9999 -9999 -9999 -9999 -9999
-9999 -9999 -9999 -9999 -9999 -9999 1 1 1 1 1 1 1 1 1 1 1 1 1 1 1.00825 1.033 1.185 1 1 1 1.0075 1.14 1.18 1 1 1 1 1 1 1.05 1 1 1 1 1 1 1 1.006 1.39163 1.87135 2.47432 2.42395 1.74423 2.38952 4 4 5.58483 6.83319 6.68804 6.46295 4.07125 4.02975 3.988 3.667 3.892 4 4 3.925 4 3.9892 5.85122 6.25062 3.46542 -9999 -9999 -9999 -9999 -9999 -9999 -9999 -9999
-9999 -9999 -9999 -9999 -9999 -9999 -9999 1 1 1 1 1 1 1 1 1 1 1 1 1 1.0705 1.07575 1 1 1 1 1 1 1.1475 1 1 1 1 1 1 1 1 1 1 1 1 1 1 1.042 1.83808 2.7477 3.36952 1.66495 3.23478 2.42747 3.48452 4.06397 6.6675 7.85439 7.34026 4.68235 3.9046 3.9289 4 4 4 4 4 4 4 4.0015 5.62246 6.96254 5.9248 -9999 -9999 -9999 -9999 -9999 -9999 -9999 -9999
-9999 -9999 -9999 -9999 -9999 -9999 -9999 -9999 -9999 -9999 1 1 1 1 1 1 1 1 1 1 1.0975 1 1 1 1 1 1 1 1 1 1 1 1 1 1 1 1 1 1 1 1 1 1 1.97732 3.72433 4.70429 5.64536 4.41544 4.0881 2.78059 2.45496 4.12695 6.7408 7.23222 4.9207 2.81267 1.8589 2.06305 3.73812 3.73868 4 4 4 4 4 4.1605 4.62637 7 -9999 -9999 -9999 -9999 -9999 -9999 -9999 -9999 -9999
-9999 -9999 -9999 -9999 -9999 -9999 -9999 -9999 -9999 -9999 -9999 1 1 1 1 1 1 1 1 1 1.015 1 1 1 1 1 1 1 1 1 1 1 1 1 1 1 1 1 1 1 1 1 1.69675 3.48693 3.64209 4.22603 4.38629 4.57566 4.3369 4.30941 3.99801 4.40058 6.5062 5.01877 3.85135 1.67478 1 1.08055 1.69763 1.73157 3.568 4 4 4 4.0225 4.03971 -9999 -9999 -9999 -9999 -9999 -9999 -9999 -9999 -9999 -9999 -9999
-9999 -9999 -9999 -9999 -9999 -9999 -9999 -9999 -9999 -9999 -9999 -9999 -9999 -9999 -9999 1 1 1 1 1 1 1 1 1 1 1 1 1 1 1 1 1 1 1 1 1 1 1 1 1.081 1.83858 2.88392 3.613 3.76688 4.73979 2.48934 3.35713 3.59612 3.37731 3.03959 2.58737 2.84927 6.40144 4.97151 3.44937 1.29638 1 1 1 1 1.4104 2.9815 3.7396 4 4 4 -9999 -9999 -9999 -9999 -9999 -9999 -9999 -9999 -9999 -9999 -9999
-9999 -9999 -9999 -9999 -9999 -9999 -9999 -9999 -9999 -9999 -9999 -9999 -9999 -9999 -9999 -9999 -9999 1 1 1 1 1 1 1 1 1 1 1 1 1 1 1 1 1 1 1 1 1 1.0543 2.2872 3.38608 3.49945 3.54973 3.44613 5.42691 4.79611 2.55373 1.44362 1.15844 1.17441 2.87087 3.78737 4.42016 4.03124 3.16238 1.10187 1 1 1 1 1.0866 1.623 3.46417 5.00373 4.29745 3.93134 -9999 -9999 -9999 -9999 -9999 -9999 -9999 -9999 -9999 -9999 -9999
-9999 -9999 -9999 -9999 -9999 -9999 -9999 -9999 -9999 -9999 -9999 -9999 -9999 -9999 -9999 -9999 -9999 1 1 1 1 1 1 1 1 1 1 1 1 1 1 1 1 1 1.19432 1.20802 1.83633 2.4177 3.45775 4.91038 4.55834 2.68018 3.28084 4.95963 6.3871 2.9605 1.0459 1 1.0441 1.83415 3.67619 3.22316 3.81453 3.46953 1.68085 1 1 1 1 1 1 1.1359 2.8027 4.25544 4.15504 3.41404 -9999 -9999 -9999 -9999 -9999 -9999 -9999 -9999 -9999 -9999 -9999
-9999 -9999 -9999 -9999 -9999 -9999 -9999 -9999 -9999 -9999 -9999 -9999 -9999 -9999 -9999 -9999 -9999 -9999 -9999 1 1 1 1 1 1 1 1 1 1 1 1 1 1 1.11715 3.13578 4.06593 3.82745 6.54612 5.56295 5.01662 3.85168 3.94002 4.99418 4.12637 3.2092 1.29155 1 1 1.0144 1.82485 3.57149 3.36401 2.06387 1.25672 1.00315 1 1 1 1 1 1.03945 1.97515 3.28675 3.81958 5 2.73333 -9999 -9999 -9999 -9999 -9999 -9999 -9999 -9999 -9999 -9999 -9999
-9999 -9999 -9999 -9999 -9999 -9999 -9999 -9999 -9999 -9999 -9999 -9999 -9999 -9999 -9999 -9999 -9999 -9999 -9999 1 1 1 1 1 1 1 1 1 1 1 1 1 1 1.06135 2.47765 3.99717 3.87685 3.85655 5.30003 4.92989 4.3901 4.6196 4.22942 2.77638 1.7155 1.0405 1 1 1 1.04875 1.18289 1.22616 1.0072 1 1 1 1 1.00052 1.00548 1 1.16973 3.2263 3.94611 4 -9999 -9999 -9999 -9999 -9999 -9999 -9999 -9999 -9999 -9999 -9999 -9999 -9999
-9999 -9999 -9999 -9999 -9999 -9999 -9999 -9999 -9999 -9999 -9999 -9999 -9999 -9999 -9999 -9999 -9999 -9999 -9999 1 1 1 1.00825 1.02475 1 1 1 1 1 1 1 1 1 1 1.0495 1.84512 2.41208 3.23717 3.57776 4.14587 5.2649 4.55605 2.45793 1.05663 1 1 1 1 1 1 1.71329 2.81541 1.1698 1 1 1 1.2613 1.34748 2.09875 1.29377 1.39353 1.53145 3.67848 4 -9999 -9999 -9999 -9999 -9999 -9999 -9999 -9999 -9999 -9999 -9999 -9999 -9999
-9999 -9999 -9999 -9999 -9999 -9999 -9999 -9999 -9999 -9999 -9999 -9999 -9999 -9999 -9999 -9999 -9999 -9999 -9999 1 1 1 1.00175 1.00525 1 1 1 1 1 1 1 1 1 1 1 1 1.02524 2.42129 3.59909 3.43664 2.41983 1.29677 1.0144 1 1 1 1 1.1635 1.8943 1.3567 1.27707 1.90618 1.04106 1.32254 1.549 1.0789 2.12138 3.13232 3.95627 3.51723 3.2098 2.9947 3.9208 4 -9999 -9999 -9999 -9999 -9999 -9999 -9999 -9999 -9999 -9999 -9999 -9999 -9999
-9999 -9999 -9999 -9999 -9999 -9999 -9999 -9999 -9999 -9999 -9999 -9999 -9999 -9999 -9999 -9999 -9999 -9999 -9999 1 1 1 1 1 1 1 1 1 1 1 1 1 1 1 1 1 1.01931 2.53941 3.59763 1.6354 1 1 1 1 1 1 1 1.5265 3.6742 1.9048 1.51758 2.18667 1.59744 3.39296 4.71125 2.56585 2.69058 4.01993 4.0095 4.0005 3.991 4 4 4 -9999 -9999 -9999 -9999 -9999 -9999 -9999 -9999 -9999 -9999 -9999 -9999 -9999
-9999 -9999 -9999 -9999 -9999 -9999 -9999 -9999 -9999 -9999 -9999 -9999 -9999 -9999 -9999 -9999 -9999 -9999 -9999 1 1 1 1 1 1 1 1 1 1 1 1 1 1 1 1 1 1 1.205 1.529 1.576 1.009 1 1 1 1.27525 1.0045 1.60375 2.023 2.54125 1.5166 1.9798 3.17045 3.73496 3.67144 4.53761 3.88066 3.48645 3.57201 3.55735 3.7175 3.43375 1 1 -9999 -9999 -9999 -9999 -9999 -9999 -9999 -9999 -9999 -9999 -9999 -9999 -9999 -9999
-9999 -9999 -9999 -9999 -9999 -9999 -9999 -9999 -9999 -9999 -9999 -9999 -9999 -9999 -9999 -9999 -9999 -9999 -9999 1 1 1 1 1 1 1 1 1 1.019 1.121 1 1 1 1 1 1 1 1 1.01178 1.67673 2.2651 1.7619 1.0645 1.4689 2.46435 2.408 2.53577 2.10547 1.11767 1.80572 2.32407 3.42843 3.96071 3.47122 4.05732 4.02665 1.85124 1.64435 -9999 -9999 -9999 -9999 -9999 -9999 -9999 -9999 -9999 -9999 -9999 -9999 -9999 -9999 -9999 -9999 -9999 -9999 -9999
-9999 -9999 -9999 -9999 -9999 -9999 -9999 -9999 -9999 -9999 -9999 -9999 -9999 -9999 -9999 -9999 -9999 -9999 1 1 1 1 1 1 1 1 1 1 1 1 1 1 1 1 1 1 1.00882 1.20317 2.09772 3.77478 3.7969 3.61441 2.25784 3.39319 3.48061 3.99529 3.50204 3.6893 3.0812 3.37074 1.55986 3.94512 3.97772 3.47696 2.5 -9999 -9999 -9999 -9999 -9999 -9999 -9999 -9999 -9999 -9999 -9999 -9999 -9999 -9999 -9999 -9999 -9999 -9999 -9999 -9999 -9999 -9999
-9999 -9999 -9999 -9999 -9999 -9999 -9999 -9999 -9999 -9999 -9999 -9999 -9999 -9999 -9999 -9999 -9999 1.01656 1.00827 1 1 1 1 1 1 1 1 1.0195 1.0045 1 1 1 1.018 1.0009 1.29753 1.18907 1.41712 2.04347 3.7502 3.51849 3.8123 4.04321 3.6342 3.64778 3.7343 4.23815 3.89934 4.0247 3.98856 2.10771 1.15253 3.76976 4 -9999 -9999 -9999 -9999 -9999 -9999 -9999 -9999 -9999 -9999 -9999 -9999 -9999 -9999 -9999 -9999 -9999 -9999 -9999 -9999 -9999 -9999 -9999 -9999
-9999 -9999 -9999 -9999 -9999 -9999 -9999 -9999 -9999 -9999 -9999 -9999 -9999 -9999 -9999 -9999 -9999 3.58219 2.27223 1.58975 2.082 2.0565 1.64586 1.06364 1.00793 1.01007 1.16516 2.75684 2.08806 1.13106 1.11812 1.63525 2.73388 2.19484 3.71752 3.67763 3.71333 2.90634 3.32268 3.38939 -9999 4 1.61651 1.90864 -9999 -9999 -9999 -9999 -9999 -9999 -9999 -9999 -9999 -9999 -9999 -9999 -9999 -9999 -9999 -9999 -9999 -9999 -9999 -9999 -9999 -9999 -9999 -9999 -9999 -9999 -9999 -9999 -9999 -9999 -9999 -9999 -9999
-9999 -9999 -9999 -9999 -9999 -9999 -9999 -9999 -9999 -9999 -9999 -9999 -9999 -9999 -9999 -9999 -9999 4.0415 3.8488 3.88225 3.97368 3.89151 3.73207 2.64992 1.82622 2.00753 2.89134 3.98981 3.95943 3.11744 3.20132 3.6073 3.91112 3.90137 4.06026 4.01897 3 1 -9999 -9999 -9999 -9999 -9999 -9999 -9999 -9999 -9999 -9999 -9999 -9999 -9999 -9999 -9999 -9999 -9999 -9999 -9999 -9999 -9999 -9999 -9999 -9999 -9999 -9999 -9999 -9999 -9999 -9999 -9999 -9999 -9999 -9999 -9999 -9999 -9999 -9999 -9999
