public/models/data/input/map/sulut/2500/mapslope.asc
NCOLS 100
NROWS 73
XLLCORNER 510063.019283
YLLCORNER 211617.685435
CELLSIZE 2500.000000
NODATA_VALUE       -9999
[rows 32 to 63 of 73, columns 0 to 70 of 100]
-9999 -9999 -9999 -9999 -9999 -9999 -9999 -9999 -9999 -9999 -9999 -9999 -9999 -9999 -9999 -9999 -9999 -9999 -9999 -9999 -9999 -9999 -9999 -9999 -9999 -9999 -9999 -9999 -9999 -9999 -9999 -9999 -9999 -9999 -9999 -9999 -9999 -9999 -9999 -9999 -9999 -9999 -9999 -9999 -9999 -9999 -9999 -9999 -9999 -9999 -9999 -9999 -9999 -9999 -9999 1.33156 5.50239 8.40297 9.73054 5.60978 6.4062 5.18889 3.94639 7.93232 8.6079 8.45354 8.81334 6.85262 7.09054 7.34315 7.70455
-9999 -9999 -9999 -9999 -9999 -9999 -9999 -9999 -9999 -9999 -9999 -9999 -9999 -9999 -9999 -9999 -9999 -9999 -9999 -9999 -9999 -9999 -9999 -9999 -9999 -9999 -9999 -9999 -9999 -9999 -9999 -9999 -9999 -9999 -9999 -9999 -9999 -9999 -9999 -9999 -9999 -9999 -9999 -9999 -9999 -9999 -9999 -9999 -9999 -9999 -9999 -9999 -9999 -9999 -9999 6.2905 15.5078 15.8482 13.0251 9.60949 14.7105 9.83148 8.9755 12.7432 10.769 10.2255 11.5661 7.56798 9.32777 8.70532 8.63492
-9999 -9999 -9999 -9999 -9999 -9999 -9999 -9999 -9999 -9999 -9999 -9999 -9999 -9999 -9999 -9999 -9999 -9999 -9999 -9999 -9999 -9999 -9999 -9999 -9999 -9999 -9999 -9999 -9999 -9999 -9999 -9999 -9999 -9999 -9999 -9999 -9999 -9999 -9999 -9999 -9999 -9999 -9999 -9999 -9999 -9999 -9999 -9999 -9999 -9999 -9999 -9999 -9999 -9999 -9999 6.7994 16.8312 19.4452 14.4919 12.5506 19.6365 17.8412 17.3853 9.54743 10.7874 13.989 12.7596 6.74369 7.70232 8.45695 8.93698
-9999 -9999 -9999 -9999 -9999 -9999 -9999 -9999 -9999 -9999 -9999 -9999 -9999 -9999 -9999 -9999 -9999 -9999 -9999 -9999 -9999 -9999 -9999 -9999 -9999 -9999 -9999 -9999 -9999 -9999 -9999 -9999 -9999 -9999 -9999 -9999 -9999 -9999 -9999 -9999 -9999 -9999 -9999 -9999 -9999 -9999 -9999 -9999 -9999 -9999 -9999 -9999 -9999 -9999 1.02813 2.32203 13.2075 16.483 11.3018 13.2819 18.7767 12.7471 11.4199 13.4958 14.0257 13.0077 11.3506 9.10817 7.8233 8.09051 7.61809
-9999 -9999 -9999 -9999 -9999 -9999 -9999 -9999 -9999 -9999 -9999 -9999 -9999 -9999 -9999 -9999 -9999 -9999 -9999 -9999 -9999 -9999 -9999 -9999 -9999 -9999 -9999 -9999 -9999 -9999 -9999 -9999 -9999 -9999 -9999 -9999 -9999 -9999 -9999 -9999 -9999 -9999 -9999 -9999 -9999 -9999 -9999 -9999 -9999 -9999 -9999 -9999 -9999 -9999 3.88694 8.56944 14.7392 14.0956 17.185 27.8133 22.1222 10.8138 10.6508 7.38931 14.3764 16.4882 12.2085 8.8443 5.67527 5.09891 5.04966
-9999 -9999 -9999 -9999 -9999 -9999 -9999 -9999 -9999 -9999 -9999 -9999 -9999 -9999 -9999 -9999 -9999 -9999 -9999 -9999 -9999 -9999 -9999 -9999 -9999 -9999 -9999 -9999 -9999 -9999 -9999 -9999 -9999 -9999 -9999 -9999 -9999 -9999 -9999 -9999 -9999 -9999 -9999 -9999 -9999 -9999 -9999 -9999 -9999 -9999 -9999 -9999 -9999 -9999 11.8303 22.0022 22.5373 12.6718 24.9334 25.7077 13.8884 9.41294 8.40848 7.67624 13.7704 14.0192 11.9398 12.7653 7.67803 3.77618 4.39794
-9999 -9999 -9999 -9999 -9999 -9999 -9999 -9999 -9999 -9999 -9999 -9999 -9999 -9999 -9999 -9999 -9999 -9999 -9999 -9999 -9999 -9999 -9999 -9999 -9999 -9999 -9999 -9999 -9999 -9999 -9999 -9999 -9999 -9999 -9999 -9999 -9999 -9999 -9999 -9999 -9999 -9999 -9999 -9999 -9999 -9999 -9999 -9999 -9999 -9999 -9999 -9999 -9999 0.319898 11.0214 25.3767 24.6144 12.1771 16.7031 13.5446 14.2479 9.07952 9.01761 13.1565 15.4261 15.314 12.0629 15.6195 13.8983 12.536 6.80549
-9999 -9999 -9999 -9999 -9999 -9999 -9999 -9999 -9999 -9999 -9999 -9999 -9999 -9999 -9999 -9999 -9999 -9999 -9999 -9999 -9999 -9999 -9999 -9999 -9999 -9999 -9999 -9999 -9999 -9999 -9999 -9999 -9999 -9999 -9999 -9999 -9999 -9999 -9999 -9999 -9999 -9999 -9999 -9999 -9999 -9999 -9999 -9999 -9999 -9999 -9999 1.5348 1.23779 0.548596 7.43943 17.2963 18.7036 18.5393 12.6104 11.5931 15.6612 13.6796 10.5364 7.66303 11.1881 12.7865 16.1235 15.2747 17.5749 17.0799 12.2842
-9999 -9999 -9999 -9999 -9999 -9999 -9999 -9999 -9999 -9999 -9999 -9999 -9999 -9999 -9999 -9999 -9999 -9999 -9999 -9999 -9999 -9999 -9999 -9999 -9999 -9999 -9999 -9999 -9999 -9999 -9999 -9999 -9999 -9999 -9999 -9999 -9999 -9999 -9999 -9999 -9999 -9999 -9999 -9999 -9999 -9999 -9999 -9999 8.42953 8.49696 7.87772 3.80765 1.5355 5.53113 12.208 14.7281 21.2333 21.4993 19.5351 13.6553 18.9946 8.72092 2.67095 9.23105 12.5236 11.4319 17.5095 20.9627 16.3015 18.8208 18.018
-9999 -9999 -9999 2.97868 7.8843 -9999 2.53806 2.8358 -9999 -9999 -9999 -9999 -9999 -9999 -9999 -9999 -9999 -9999 -9999 -9999 -9999 -9999 -9999 -9999 -9999 -9999 -9999 -9999 -9999 -9999 -9999 -9999 -9999 -9999 -9999 -9999 -9999 -9999 -9999 -9999 -9999 -9999 -9999 -9999 -9999 -9999 -9999 0.295816 11.27 15.263 18.4279 10.7602 6.75893 18.4252 26.5639 30.6871 23.4838 21.8291 24.2162 19.1382 21.1891 14.4472 9.06171 14.6043 14.2685 18.8704 20.5061 18.4134 14.5627 17.5262 18.5039
-9999 -9999 -9999 5.1199 11.9793 12.8647 11.2469 3.55945 -9999 -9999 -9999 -9999 -9999 -9999 -9999 -9999 -9999 -9999 -9999 -9999 -9999 -9999 -9999 -9999 -9999 -9999 -9999 -9999 -9999 -9999 -9999 -9999 -9999 -9999 -9999 -9999 -9999 -9999 -9999 -9999 -9999 -9999 -9999 -9999 -9999 -9999 0.398495 1.46508 11.1336 19.7658 21.1801 19.5663 20.2468 22.9675 25.6395 32.838 21.8709 23.258 27.0912 21.3392 20.8121 13.4365 7.9605 17.3682 13.8256 22.7726 22.7787 15.5985 11.6359 16.3116 19.0518
0.649458 0.628137 0.820013 3.62904 7.99193 23.446 21.506 2.93141 0.770682 0.913561 2.85074 2.97514 8.51012 3.27771 3.53025 -9999 -9999 -9999 -9999 -9999 -9999 -9999 -9999 -9999 -9999 -9999 -9999 -9999 -9999 -9999 -9999 -9999 -9999 -9999 -9999 -9999 -9999 -9999 -9999 -9999 -9999 -9999 6.80843 0.504877 3.70407 3.57082 9.2186 12.0485 20.3964 23.5536 29.8878 25.7062 22.9454 20.909 22.9801 25.6567 26.3651 24.3772 23.2613 23.0765 11.492 5.51483 13.8452 18.439 15.6901 24.8382 19.3112 19.0816 16.2924 17.078 17.7238
0.375014 2.02813 9.7034 7.65683 6.06172 10.7142 14.7681 2.44431 2.92113 3.23206 5.39418 4.76967 11.1099 5.6502 4.73089 11.3254 6.63953 1.0178 1.4321 6.23806 0.98884 0.592122 0.426187 0.372641 0.688181 6.06474 -9999 -9999 -9999 -9999 0 0 -9999 -9999 -9999 -9999 -9999 -9999 -9999 1.40259 0.287692 0.340955 5.29513 2.17228 5.29126 19.6909 26.1211 29.6752 29.8938 31.6812 29.6901 29.24 28.4756 32.1469 24.5255 18.5329 26.6478 25.4715 24.3641 22.4983 6.30761 4.23571 11.7453 14.7004 21.4091 22.6285 20.297 25.2608 29.6425 19.0349 18.5486
-9999 1.26456 9.03546 13.3146 13.9815 17.9298 19.768 11.3789 11.9691 11.7817 6.50629 7.47059 6.2264 10.8606 9.26786 11.3183 6.48934 5.97566 3.63276 4.92718 2.48824 1.02842 0.630598 0.579283 5.211 13.4296 17.5878 5.1653 3.38671 -9999 0 0.469565 -9999 -9999 -9999 -9999 -9999 -9999 0.674315 0.465321 0.612011 1.04168 6.08021 9.10254 6.40971 3.86724 24.4306 35.6464 35.7077 35.1318 32.0835 29.1566 27.3383 25.0143 15.9787 12.981 18.7378 24.008 24.3494 17.5881 15.146 7.10067 14.4875 21.818 26.1709 20.2139 22.3836 28.1472 24.0399 24.8617 13.7921
-9999 -9999 -9999 18.8945 16.9103 14.9105 24.6571 25.2798 25.1002 28.2098 13.4852 11.8599 15.399 23.0475 21.0055 14.9147 15.8127 13.6443 13.4471 14.8266 10.0224 6.39534 4.40599 4.06331 16.1728 16.6486 19.7472 15.6318 8.39675 2.39721 1.99948 4.53857 6.21473 9.74589 13.3744 0.394026 6.73381 7.7411 7.78842 2.64604 4.5567 4.16661 10.6616 18.9283 18.5319 10.0221 10.7449 13.8605 36.2661 32.8757 29.4668 29.1178 25.4348 22.7083 20.703 20.0958 16.6643 18.4213 14.7594 17.6216 19.7632 18.9743 20.3242 23.1238 26.09 23.7816 29.541 28.688 15.0441 20.4543 20.3674
-9999 -9999 -9999 -9999 -9999 5.63631 13.2326 21.6173 26.4401 27.3921 20.6783 14.1871 22.8837 20.649 27.2048 19.2355 10.8828 16.5052 24.8928 14.4263 13.2162 11.5288 13.174 8.77582 12.4634 19.7878 30.1397 29.5754 28.027 8.67574 11.7248 21.3691 19.6185 9.25612 6.082 1.50298 7.6057 19.5468 16.6061 18.1602 19.2991 17.5681 14.2866 14.3924 16.2189 22.7288 24.0741 16.928 16.8104 25.2879 26.481 22.4293 23.9597 25.515 18.7625 22.8207 26.9708 16.2058 22.0337 15.195 23.5319 28.9705 26.0299 30.467 30.4267 25.4497 22.6457 28.026 26.5021 19.7045 14.015
-9999 -9999 -9999 -9999 -9999 -9999 11.8759 18.1822 23.5919 26.6641 22.5969 15.7544 13.6301 17.137 18.7673 19.3339 21.9244 16.8582 28.1306 24.2016 19.1439 18.1332 17.7666 18.6792 11.1631 21.9668 25.7041 29.46 21.9394 33.6021 34.7515 27.6806 28.8208 16.7016 16.3246 15.7323 16.5727 27.2225 31.9041 33.9187 34.3534 28.5637 25.0522 14.7241 14.3412 21.0243 23.3473 24.0956 32.5897 25.2439 28.5585 31.1126 25.6989 24.3972 18.3936 22.9626 29.2087 17.9605 17.8869 8.81164 5.58949 11.5883 18.395 26.9134 24.5003 23.8419 17.0752 17.4391 14.4222 7.61704 6.90199
-9999 -9999 -9999 -9999 -9999 -9999 -9999 10.5545 24.9201 24.2217 26.2982 19.4813 12.3646 19.7746 19.4418 23.2307 24.882 13.0537 14.695 22.6186 25.0159 16.2174 21.0171 24.1051 23.0589 22.5037 21.294 30.1548 10.3443 11.663 18.9649 26.1844 28.1403 25.0843 26.6627 28.1683 24.495 33.6621 34.2612 35.6637 38.4228 34.4671 30.26 23.2713 17.4962 14.9103 22.1141 25.584 26.507 26.2108 24.4804 22.3729 23.9534 17.4652 11.1486 11.6168 25.5652 27.3709 18.4376 8.15156 3.1917 8.75215 29.2234 27.7687 24.4788 29.0243 19.933 9.25705 2.38722 1.69108 3.2365
-9999 -9999 -9999 -9999 -9999 -9999 45.7796 33.5427 35.9055 26.0586 23.7519 28.2021 15.3071 12.0871 14.4203 24.1507 24.8781 17.2739 11.117 15.3819 22.5283 21.8834 19.4759 17.9329 25.1597 31.0374 21.4424 30.5902 17.3956 11.5204 12.6771 20.4909 18.3285 22.8124 20.038 19.8749 28.328 33.9484 33.762 31.3794 35.6191 32.6184 33.926 34.1039 27.3626 23.8783 19.8612 24.1027 26.2133 21.4062 26.1619 18.3271 11.4115 5.5167 5.8805 11.0429 24.0258 38.3775 32.0893 24.6576 8.35235 7.29705 16.4201 26.7151 24.3001 23.3704 8.81798 1.70516 0.640431 2.72488 2.66706
-9999 -9999 -9999 -9999 -9999 -9999 21.8835 39.606 36.4468 21.808 17.191 18.5671 16.3801 22.331 21.7736 18.8161 17.6783 22.8881 17.0687 9.60851 19.4887 22.1871 23.1817 23.8397 18.7849 14.1904 22.5409 22.5154 23.161 21.4118 25.3104 26.5374 5.54943 8.75842 25.4469 18.2655 24.6164 29.0434 33.3366 35.3988 21.7183 23.4302 26.9059 33.7977 34.812 28.9371 16.8137 21.6284 21.967 14.6685 16.7811 18.5488 11.135 7.00655 5.06044 9.75234 16.6431 24.6539 26.1688 28.4382 19.3769 12.4032 16.4308 21.0806 29.3929 23.5146 11.4962 2.98261 3.09598 -9999 -9999
-9999 -9999 -9999 -9999 -9999 -9999 30.933 36.8986 38.0019 35.7644 31.6529 29.3224 30.5475 24.5299 14.2604 13.0404 13.4913 13.1418 16.5004 13.2791 16.7547 22.4613 26.0405 28.313 23.5266 16.6609 15.6775 15.1347 17.6093 15.4304 27.1713 29.0533 18.7163 11.2582 20.5465 34.6706 22.9759 20.5193 21.8467 25.745 20.7269 32.1553 29.4709 26.1142 34.4658 30.8678 15.98 11.8337 15.8082 21.0332 24.7986 16.3433 6.2489 3.60566 3.35461 4.0615 6.95709 8.20174 11.9452 21.9108 19.8601 22.9357 27.0502 22.3943 22.3107 15.1938 11.8128 8.9119 6.17555 -9999 -9999
-9999 -9999 -9999 -9999 -9999 -9999 -9999 40.704 31.8333 26.8366 37.1716 38.815 26.9116 27.1195 14.9338 20.8254 17.798 15.4208 19.9108 20.6706 10.3785 20.5728 25.5853 23.5319 16.4601 20.2483 21.606 14.3892 16.3427 15.7994 12.5706 21.4329 20.0267 17.312 20.0927 24.5815 21.2324 21.3091 22.0973 18.7024 21.525 27.9789 29.5125 28.4394 30.7075 23.9121 12.3393 14.3383 10.1265 20.7906 20.3129 19.4563 5.27399 1.6636 2.32161 11.6935 20.7039 20.5399 17.6162 18.2705 17.63 18.8086 19.3281 17.5201 18.1093 8.74609 8.15738 6.22588 3.9726 -9999 -9999
-9999 -9999 -9999 -9999 -9999 -9999 -9999 -9999 -9999 -9999 24.78 22.9764 21.4273 16.4962 18.7912 19.7132 16.1118 15.0438 17.0591 20.3733 17.2399 19.6923 17.5543 18.3898 11.8174 18.1035 22.3154 14.9903 18.2176 19.2125 14.8212 16.0782 18.4803 18.0298 15.8837 15.7857 14.3667 14.7444 20.5052 21.4629 21.3462 18.8448 19.2255 19.7902 26.3921 6.65953 2.94462 12.5023 11.7933 19.1946 25.5748 16.6091 10.4993 1.91705 5.12233 26.1671 17.2458 14.5158 18.5324 15.9842 16.932 14.4882 12.879 12.8573 13.2223 4.79849 3.86685 4.52051 -9999 -9999 -9999
-9999 -9999 -9999 -9999 -9999 -9999 -9999 -9999 -9999 -9999 -9999 19.0968 17.8334 17.7374 19.9537 19.3 18.2109 16.4409 20.873 25.2721 22.5366 23.9041 19.9992 17.4643 15.8125 31.2279 25.9566 20.9879 16.008 18.0239 17.9836 14.815 18.9494 18.6174 15.948 20.9619 16.3422 17.2171 20.5318 24.9261 21.1661 23.861 23.9073 19.1307 8.42282 6.48689 7.81525 10.1429 10.8501 11.9989 19.0558 22.1258 14.881 7.74112 15.8371 21.0343 14.5457 19.829 24.9363 20.0608 15.2846 14.3772 9.61267 10.9206 14.7753 8.96933 -9999 -9999 -9999 -9999 -9999
-9999 -9999 -9999 -9999 -9999 -9999 -9999 -9999 -9999 -9999 -9999 -9999 -9999 -9999 -9999 9.82516 13.5175 18.073 25.2621 26.6041 26.8481 25.0037 19.0837 14.8428 21.6923 23.8516 26.8397 23.0856 22.8151 17.631 17.0081 14.9235 21.6501 19.4621 21.8356 22.0836 20.8565 17.3042 21.3532 23.9823 23.1705 19.8386 15.6082 5.9536 1.79603 12.6162 12.0554 10.2942 17.0784 28.2745 24.8792 26.9209 15.0115 9.69906 26.6377 23.0207 16.0844 24.0788 31.4779 26.5431 26.2607 20.5762 14.7347 17.992 18.3048 9.92386 -9999 -9999 -9999 -9999 -9999
-9999 -9999 -9999 -9999 -9999 -9999 -9999 -9999 -9999 -9999 -9999 -9999 -9999 -9999 -9999 -9999 -9999 22.911 25.1725 24.6703 20.9119 25.5341 22.0915 20.6932 27.7322 21.8678 26.0653 25.2052 13.7629 16.9782 12.6495 9.0482 12.4004 21.6411 20.6798 23.1467 20.7382 19.5888 22.0661 19.4023 17.5426 7.90984 2.3707 1.41713 1.24828 6.37132 14.0639 23.5026 34.403 29.3971 23.4827 16.483 6.54635 8.98569 28.5271 21.622 16.4011 19.726 25.1636 26.5338 26.1452 25.2951 23.9468 15.4396 17.1572 12.5312 -9999 -9999 -9999 -9999 -9999
-9999 -9999 -9999 -9999 -9999 -9999 -9999 -9999 -9999 -9999 -9999 -9999 -9999 -9999 -9999 -9999 -9999 10.2678 17.2585 24.3042 20.4684 20.6875 22.9386 24.0467 24.638 22.2042 21.0909 15.9525 13.1406 15.9589 12.4884 11.7859 18.7982 17.074 14.1415 14.7433 18.204 17.7294 12.8547 10.298 2.75115 1.51659 1.13895 1.34087 4.57486 16.186 31.3301 28.334 29.948 23.9543 13.2751 2.97079 5.79322 18.5864 21.1012 16.5715 16.0231 17.0222 19.9235 20.9241 22.626 23.4217 25.2985 12.5047 1.69646 6.21305 -9999 -9999 -9999 -9999 -9999
-9999 -9999 -9999 -9999 -9999 -9999 -9999 -9999 -9999 -9999 -9999 -9999 -9999 -9999 -9999 -9999 -9999 -9999 -9999 26.4079 25.553 22.4027 21.0763 19.6666 18.9034 12.6045 10.2018 9.69685 14.6196 14.714 16.5205 19.413 13.2628 10.5857 6.98612 4.70232 3.80217 2.7388 1.98502 1.35729 1.19142 1.09276 1.64034 9.21841 22.7773 26.5289 23.456 22.1669 28.5761 28.5186 19.4537 22.1563 31.4496 22.8625 16.2247 18.313 21.651 21.4776 27.1485 23.866 27.9932 27.6576 24.1512 16.5816 0.359784 2.41194 -9999 -9999 -9999 -9999 -9999
-9999 -9999 -9999 -9999 -9999 -9999 -9999 -9999 -9999 -9999 -9999 -9999 -9999 -9999 -9999 -9999 -9999 -9999 -9999 22.5314 29.094 26.3978 20.6324 16.4708 14.6299 10.145 7.85991 10.1706 13.0951 13.6281 19.4339 18.0757 17.0735 18.398 12.8874 5.58237 2.8255 1.60468 1.14271 1.12313 2.28243 5.06083 10.8859 19.8988 23.8615 20.5448 15.5559 15.8503 20.1775 29.7285 30.4392 24.5633 20.4985 20.27 19.5728 18.4103 23.2104 24.9922 27.8469 23.3129 26.3812 27.0903 15.3777 11.0559 -9999 -9999 -9999 -9999 -9999 -9999 -9999
-9999 -9999 -9999 -9999 -9999 -9999 -9999 -9999 -9999 -9999 -9999 -9999 -9999 -9999 -9999 -9999 -9999 -9999 -9999 18.3985 23.714 28.0576 27.1989 26.5014 15.6578 18.2682 13.105 15.3736 21.0577 18.5884 14.2414 13.8207 15.479 16.4525 15.4721 19.2374 13.3605 5.98433 4.24862 3.92577 12.7058 21.4995 24.7625 20.1551 16.2052 13.8868 17.6027 22.224 26.1048 29.7206 21.4679 19.3305 15.9287 20.5882 20.2455 16.1981 27.2054 25.6818 25.4979 22.0801 19.2116 24.4047 20.1428 12.8836 -9999 -9999 -9999 -9999 -9999 -9999 -9999
-9999 -9999 -9999 -9999 -9999 -9999 -9999 -9999 -9999 -9999 -9999 -9999 -9999 -9999 -9999 -9999 -9999 -9999 -9999 10.3495 24.0668 27.0744 17.8904 13.6565 21.3416 25.7603 18.6175 22.4062 17.3107 17.5733 17.4805 11.6783 19.919 21.092 22.4741 19.2435 15.4221 12.293 17.2394 8.41723 21.3884 20.9827 19.9397 17.1506 25.2261 26.8686 31.5096 33.9122 25.8506 24.989 25.3076 25.7166 17.2036 23.5916 21.9101 14.3469 20.0058 24.263 14.3349 14.0587 19.8836 24.0146 20.1161 10.0633 -9999 -9999 -9999 -9999 -9999 -9999 -9999
-9999 -9999 -9999 -9999 -9999 -9999 -9999 -9999 -9999 -9999 -9999 -9999 -9999 -9999 -9999 -9999 -9999 -9999 -9999 10.6434 14.4759 14.4919 14.9879 18.5104 16.5967 14.8176 12.3064 16.6514 24.0887 26.3092 25.9499 17.6492 14.733 17.196 18.5107 18.871 16.1472 12.886 21.7007 21.1919 22.1734 23.2573 19.3362 24.2382 28.703 26.1469 30.3399 25.3037 18.7581 19.7982 20.3736 23.7195 24.5355 24.6711 18.8346 14.5703 19.8101 14.7429 12.8438 13.0945 15.8156 18.8302 12.1706 10.1719 -9999 -9999 -9999 -9999 -9999 -9999 -9999
