public/models/data/input/map/sulut/2500/maptghk.asc
NCOLS 100
NROWS 73
XLLCORNER 510063.019283
YLLCORNER 211617.685435
CELLSIZE 2500.000000
NODATA_VALUE       -9999
[rows 35 to 69 of 73, columns 0 to 79 of 100]
-9999 -9999 -9999 -9999 -9999 -9999 -9999 -9999 -9999 -9999 -9999 -9999 -9999 -9999 -9999 -9999 -9999 -9999 -9999 -9999 -9999 -9999 -9999 -9999 -9999 -9999 -9999 -9999 -9999 -9999 -9999 -9999 -9999 -9999 -9999 -9999 -9999 -9999 -9999 -9999 -9999 -9999 -9999 -9999 -9999 -9999 -9999 -9999 -9999 -9999 -9999 -9999 -9999 -9999 6 5.89352 5.85525 5.02075 4.9025 5.8955 5.9913 5.5282 5.63046 5.99404 5.02185 3.78165 5.829 6 6 6 5.7321 3.7889 2.24 2 2.01 2.3571 4.5214 4.5208 3.72105 4.67865
-9999 -9999 -9999 -9999 -9999 -9999 -9999 -9999 -9999 -9999 -9999 -9999 -9999 -9999 -9999 -9999 -9999 -9999 -9999 -9999 -9999 -9999 -9999 -9999 -9999 -9999 -9999 -9999 -9999 -9999 -9999 -9999 -9999 -9999 -9999 -9999 -9999 -9999 -9999 -9999 -9999 -9999 -9999 -9999 -9999 -9999 -9999 -9999 -9999 -9999 -9999 -9999 -9999 -9999 3.28526 5.22036 6 6 5.4835 3.3739 4.0326 6 6 5.9985 4.27815 3.00885 4.6863 5.9892 6 6 6 6 4.924 2.5983 2.0712 2.5895 5.316 6 5.9892 5.9748
-9999 -9999 -9999 -9999 -9999 -9999 -9999 -9999 -9999 -9999 -9999 -9999 -9999 -9999 -9999 -9999 -9999 -9999 -9999 -9999 -9999 -9999 -9999 -9999 -9999 -9999 -9999 -9999 -9999 -9999 -9999 -9999 -9999 -9999 -9999 -9999 -9999 -9999 -9999 -9999 -9999 -9999 -9999 -9999 -9999 -9999 -9999 -9999 -9999 -9999 -9999 -9999 -9999 -9999 3.92458 5.79175 5.9874 5.9286 4.6252 2.9734 4.4354 6 6 5.8845 3.075 3 3.6501 5.8944 6 6 6 6 6 5.3397 4.6268 5.5745 6 6 6 6
-9999 -9999 -9999 -9999 -9999 -9999 -9999 -9999 -9999 -9999 -9999 -9999 -9999 -9999 -9999 -9999 -9999 -9999 -9999 -9999 -9999 -9999 -9999 -9999 -9999 -9999 -9999 -9999 -9999 -9999 -9999 -9999 -9999 -9999 -9999 -9999 -9999 -9999 -9999 -9999 -9999 -9999 -9999 -9999 -9999 -9999 -9999 -9999 -9999 -9999 -9999 -9999 -9999 6 4.67265 5.967 5.21543 4.42182 5.0128 5.44595 5.79755 5.9407 6 5.9115 3.00176 3.23349 4.0196 5.5493 5.9611 6 6 6 6 6 6 6 6 6 6 6
-9999 -9999 -9999 -9999 -9999 -9999 -9999 -9999 -9999 -9999 -9999 -9999 -9999 -9999 -9999 -9999 -9999 -9999 -9999 -9999 -9999 -9999 -9999 -9999 -9999 -9999 -9999 -9999 -9999 -9999 -9999 -9999 -9999 -9999 -9999 -9999 -9999 -9999 -9999 -9999 -9999 -9999 -9999 -9999 -9999 -9999 -9999 -9999 -9999 -9999 -9999 6 6 6 5.98297 5.433 3.80617 3.95357 4 4.11025 4.62045 5.8553 6 4.8255 3.14599 3.84826 4 4.1506 4.9969 5.95 6 6 6 6 6 6 6 6 6 6
-9999 -9999 -9999 -9999 -9999 -9999 -9999 -9999 -9999 -9999 -9999 -9999 -9999 -9999 -9999 -9999 -9999 -9999 -9999 -9999 -9999 -9999 -9999 -9999 -9999 -9999 -9999 -9999 -9999 -9999 -9999 -9999 -9999 -9999 -9999 -9999 -9999 -9999 -9999 -9999 -9999 -9999 -9999 -9999 -9999 -9999 -9999 -9999 6 6 6 6 6 6 5.85848 5.95477 4.66958 3.1395 4.98169 5.59256 5.978 6 5.84565 3.65835 3.478 3.997 4 4 4.0095 4.6752 5.66342 5.89687 6 6 6 6 6 6 5.92343 4.68206
-9999 -9999 -9999 6 6 -9999 3.47527 5.76516 -9999 -9999 -9999 -9999 -9999 -9999 -9999 -9999 -9999 -9999 -9999 -9999 -9999 -9999 -9999 -9999 -9999 -9999 -9999 -9999 -9999 -9999 -9999 -9999 -9999 -9999 -9999 -9999 -9999 -9999 -9999 -9999 -9999 -9999 -9999 -9999 -9999 -9999 -9999 6 6 6 6 6 5.913 5.529 4.17053 5.00723 3.55747 3 3.23662 5.06362 6 6 5.92733 4.28317 3.8537 4.3263 4.035 4 4 4.0093 4.14558 4.42013 5.53775 5.99525 6 6 6 6 5.19818 2.24611
-9999 -9999 -9999 5.48392 5.59238 3.65844 3.8818 5.8649 -9999 -9999 -9999 -9999 -9999 -9999 -9999 -9999 -9999 -9999 -9999 -9999 -9999 -9999 -9999 -9999 -9999 -9999 -9999 -9999 -9999 -9999 -9999 -9999 -9999 -9999 -9999 -9999 -9999 -9999 -9999 -9999 -9999 -9999 -9999 -9999 -9999 -9999 6 6 5.30587 5.079 5.25488 4.5105 3.567 3.0165 3.37635 4.37715 5.478 4.55037 2.38381 3.87506 5.991 6 5.6424 3.5481 4.6578 5.8831 4.6356 4 4 4 4 4 4.51525 5.93175 6 6 6 6 -9999 2
6 6 6 4.7098 3.63937 5.7588 5.95612 5.1279 4.29208 6 6 6 3.87978 2.08789 3.3057 -9999 -9999 -9999 -9999 -9999 -9999 -9999 -9999 -9999 -9999 -9999 -9999 -9999 -9999 -9999 -9999 -9999 -9999 -9999 -9999 -9999 -9999 -9999 -9999 -9999 -9999 -9999 6 6 5.99724 5.42725 5.35239 4.3818 3.2338 3.08033 3.08212 3.0234 3.09835 3.47825 5.30365 6.93485 7 6.76032 3.35417 3.24725 5.733 6 5.55412 3.77887 4.292 4.5511 4.0504 4 4 4 4 4.006 5.113 5.989 6 6 -9999 -9999 -9999 -9999
6 6 6 6 4.89496 5.9532 6 4.692 5.03448 6 6 6 5.54157 5.27119 5.94167 6 6 6 6 6 6 4.60779 2.726 3.56051 6 6 -9999 -9999 -9999 -9999 6 6 -9999 -9999 -9999 -9999 -9999 -9999 -9999 6 6 6 6 6 5.9968 5.5677 4.13693 3.23058 3.85308 3.62092 3.498 3.7511 3.9309 3.997 4.88031 6.95219 7 6.9988 5.4577 3.0885 4.8225 5.9481 4.5369 4 3.97015 3.72585 3.92188 3.99863 3.998 4 4.03914 4.81636 5.20847 5.35739 4.9096 5.8408 -9999 -9999 -9999 -9999
-9999 6 6 6 5.94 5.9838 5.58515 5.78805 5.724 6 6 6 6 5.9307 5.9913 6 6 6 6 6 6 5.973 5.926 5.941 6 6 6 6 6 -9999 6 6 -9999 -9999 -9999 -9999 -9999 -9999 6 6 6 6 6 5.592 4.46 6 5.83388 4.86412 4.012 4 4 4 4 4 4.37069 6.12981 6.9865 7 6.8095 3.7815 3.75754 4.85536 4.0221 3.988 3.03835 2.17565 2.51612 3.06437 3.287 4.11325 5.00211 5.83714 4.10922 2.31968 2 6 -9999 -9999 -9999 -9999
-9999 -9999 -9999 6 6 5.89568 4.96035 4.61645 4.567 5.339 6 6 5.4325 4.3408 4.7327 5.715 5.977 5.9919 5.83085 5.98725 6 6 6 6 6 5.95 5.94071 5.89684 5.89451 6 5.2 5.711 6 6 6 6 6 6 6 6 6 6 6 5.183 4.495 6 6 5.991 5.3335 5.1825 5.3235 4.0295 3.72455 4.47645 5.805 5.943 6.91625 7 7.0565 4.587 5.05221 3.93229 3.6874 3.0391 2.009 2 2 2.2499 3.8121 5.62475 5.99425 5.28831 5.70505 5 -9999 -9999 -9999 -9999 -9999 -9999
-9999 -9999 -9999 -9999 -9999 6 4.86005 4 4.012 5.142 6 5.65359 5.17 3.949 2.8415 4.1365 4.96899 5.17476 3.01215 4.88175 5.994 6 6 6 5.96092 5.46509 4.94754 4.35491 4.51605 5.955 4.98729 4.3023 6 6 6 6 6 6 5.9535 5.8065 5.948 5.992 6 5.769 5.43561 5.2665 5.607 6 6 6 5.918 3.329 2.86345 5.55055 6 6 6.95725 7 6.995 6.0745 5.3265 2.1445 2.1506 2.0549 2 2 2 2.1481 3.9444 5.9895 4.8958 5.59227 5.77778 -9999 -9999 -9999 -9999 -9999 -9999 -9999
-9999 -9999 -9999 -9999 -9999 -9999 4 4 4.006 4.347 5.25876 4.98077 4.4708 3.4927 2.2203 3.79 4 3.675 3.115 3.8075 4.94033 5.47643 5.6345 5.32389 5.24001 5.20154 4.78437 3.31419 3.71025 4.11368 5.19799 5.38534 3.44913 5.70337 5.86875 5.98875 4.86565 3.5521 3.0775 3.0775 3.41519 3.77911 4.63084 5.80386 5.18589 3.24373 3.46954 3.07646 3.7345 5.09697 6 5.948 5.932 6 6 6 6.95275 6.9933 6.4392 6.0135 5.998 4.61065 2.55553 2.20333 2 2.45945 3.61155 3.672 5.21435 5.71621 6 6 -9999 -9999 -9999 -9999 -9999 -9999 -9999 -9999
-9999 -9999 -9999 -9999 -9999 -9999 -9999 4 4 4 4.15277 4.15659 4.0292 3.5878 2.25148 3.55373 3.3713 3.9997 4.015 4.6725 5.02418 5.00607 5.019 5 5 4.99135 3.71769 3.01938 3.3082 3.05857 1.79026 1.61791 1.30712 2.39037 2.87 4.5075 2.81285 1.0844 1.0525 1.0525 1.15356 1.13564 1.67091 3.91939 5.85323 4.37832 3.08126 2.29624 2.66037 3.48448 5.7705 6 6 6 6 6.001 6.63275 6.9977 6.6713 6.2145 6.0199 5.79745 4.16248 3.64468 2.187 2.20618 5.31833 5.972 5.87522 4.89467 6 -9999 -9999 -9999 -9999 -9999 -9999 -9999 -9999 -9999
-9999 -9999 -9999 -9999 -9999 -9999 2 3.12141 3.96 4 4 4 4 3.9115 3.46823 3.02327 2.79155 3.99345 4.12 4.855 5 5 5 5 5 4.97832 4.08414 3.44085 3.9158 3.1 1 1 1 1 1 1 1.075 1.015 1 1 1 1 1 1.0465 3.39068 4.41564 3.18983 2.87917 2.29763 3.52031 5.39681 5.9655 6 6 6 6.04725 6.9065 7 7 6.88165 6.72862 6.57522 4.459 4 3.1205 2.77318 4.73359 5.99599 6 6 6 -9999 -9999 -9999 -9999 -9999 -9999 -9999 -9999 -9999
-9999 -9999 -9999 -9999 -9999 -9999 2 2.02593 2.762 3.758 4 4 4 4 4 3.481 3.40105 4.24295 4.294 4.731 4.88377 4.82223 4.74 4.7 4.557 4.31418 3.90796 3.4671 3.9569 3.1 1 1 1 1 1 1 1 1 1 1 1 1 1 1 1.41945 3.84037 2.98353 3.19447 3.61278 3.11489 3.97916 5.65642 6 6 6 6.00175 6.2175 6.44 6.88427 6.99808 6.90107 6.40548 4.2586 4 3.9656 3.4912 4.82944 5.99801 5.29446 -9999 -9999 -9999 -9999 -9999 -9999 -9999 -9999 -9999 -9999 -9999
-9999 -9999 -9999 -9999 -9999 -9999 2 1.90976 1.9967 2.187 2.674 2.979 3.21995 3.8624 4.00915 4.11 4.2771 4.3749 4 4.056 4.04448 4.00952 4 4 3.9979 3.9991 3.93 3.1845 3.8175 3.32196 1.06229 1.0225 1 1 1 1 1 1 1 1 1 1 1 1 1.04411 3.00017 3.85683 3.8899 3.99498 3.36431 3.10189 5.07907 6 6 6 6 5.99783 5.91778 6.09788 6.25852 5.39316 4.76394 4.04059 4.03731 3.99014 4.54126 5.9721 5.91197 2.84311 -9999 -9999 -9999 -9999 -9999 -9999 -9999 -9999 -9999 -9999 -9999
-9999 -9999 -9999 -9999 -9999 -9999 -9999 1.22928 1.9568 2 2 2 2.01055 2.4611 3.07755 3.6883 4 4.052 4 4 4 4 4 4 3.4941 3.6549 4 3.8804 3.9706 3.76454 2.96121 1.9975 1 1 1 1 1 1 1 1 1 1 1 1 1.18525 4.07405 4.22135 4 4 3.83661 3.36589 5.41725 6 6 6 6 5.73773 4.61567 5.43872 5.98688 5.95274 5.10476 4.13041 4.30059 5.61051 5.75593 5.41338 5.94113 4.31238 -9999 -9999 -9999 -9999 -9999 -9999 -9999 -9999 -9999 -9999 -9999
-9999 -9999 -9999 -9999 -9999 -9999 -9999 -9999 -9999 -9999 2 2 1.99775 1.99025 2.0003 2.2807 3.4849 3.9196 4 4 3.99798 3.84678 3.53257 3.75417 2.5125 2.8655 4 4 4 4 3.9982 2.3398 1 1 1 1 1 1 1 1 1 1 1 1.11787 3.74863 5.96975 5.24377 4.357 4.07391 4.58764 4.05495 4.776 6 6 5.9904 5.1661 3.55545 3.34323 4.0307 5.36802 5.9086 6 5.77515 5.10135 6 5.24331 5.30725 6 -9999 -9999 -9999 -9999 -9999 -9999 -9999 -9999 -9999 -9999 -9999 -9999
-9999 -9999 -9999 -9999 -9999 -9999 -9999 -9999 -9999 -9999 -9999 2 1.63716 1.34475 1.54775 1.757 2.0051 3.0504 4 4 3.87153 2.52172 2.06442 2.21082 2.0195 2.3755 3.961 4 4 4 3.9658 2.0062 1 1 1 1 1 1 1 1 1 1 1.19 3.64713 5.86912 6 6 5.7565 5.23109 5.93636 5.96805 6 6 6 5.6331 3.5904 2.3655 2.02183 2.97117 3.9961 4.6854 5.98 6 6 6 5.51105 -9999 -9999 -9999 -9999 -9999 -9999 -9999 -9999 -9999 -9999 -9999 -9999 -9999 -9999
-9999 -9999 -9999 -9999 -9999 -9999 -9999 -9999 -9999 -9999 -9999 -9999 -9999 -9999 -9999 1 1.01055 1.23608 2.93275 3.8335 3.44 2 2 2 2.01485 2.67465 3.88 3.90235 3.3709 3.21475 3.36936 1.54889 1 1 1 1 1 1 1 1 1.02475 1.87075 4.952 6 6 6 5.99119 5.72006 5.54194 4.81556 4.23275 5.88725 6 6 4.99996 3.60504 2.3 2 2 2.006 2.9955 4.99995 5.96805 6 6 6 -9999 -9999 -9999 -9999 -9999 -9999 -9999 -9999 -9999 -9999 -9999 -9999 -9999 -9999
-9999 -9999 -9999 -9999 -9999 -9999 -9999 -9999 -9999 -9999 -9999 -9999 -9999 -9999 -9999 -9999 -9999 1 1.08175 2.0815 3.03936 1.97714 1.997 1.99 1.9734 2.9571 3.652 2.31865 1.1581 1.09825 1.17389 1.02486 1 1 1 1 1 1 1 1.1025 2.11525 5.19175 5.9955 6 6 6 5.64031 2.51094 1.75056 1.24194 1.5285 5.5015 6 5.94375 3.96979 2.17446 2 2 2 2.0006 2.6934 4.03855 5.75195 6 5.462 5.846 -9999 -9999 -9999 -9999 -9999 -9999 -9999 -9999 -9999 -9999 -9999 -9999 -9999 -9999
-9999 -9999 -9999 -9999 -9999 -9999 -9999 -9999 -9999 -9999 -9999 -9999 -9999 -9999 -9999 -9999 -9999 1 1 1 1.00814 1.22136 1.273 1.21 1.13275 1.03525 1 1 1 1 1 1 1 1 1 1 1.2375 1.6375 3.21 4.5275 6 6 6 6 6 5.666 2.28375 1.02025 1 1 1.3575 5.3575 6 5.62425 3.68509 2.52766 2.943 2.8335 2.7415 3.1664 3.8541 4.2036 5.6564 5.72799 2.33333 5.71759 -9999 -9999 -9999 -9999 -9999 -9999 -9999 -9999 -9999 -9999 -9999 -9999 -9999 -9999
-9999 -9999 -9999 -9999 -9999 -9999 -9999 -9999 -9999 -9999 -9999 -9999 -9999 -9999 -9999 -9999 -9999 -9999 -9999 1 1 1 1 1 1 1 1 1 1 1 1 1 1 1 1 1.92916 4.92305 5.6375 5.91 6 6 6 6 5.315 3.42875 2.47775 1.016 1 1 1 2.33812 5.86188 6 5.8341 4.10106 3.94084 3.997 3.8965 3.7045 3.347 3.1506 5.2813 5.9906 5.02862 -9999 6 -9999 -9999 -9999 -9999 -9999 -9999 -9999 -9999 -9999 -9999 -9999 -9999 -9999 -9999
-9999 -9999 -9999 -9999 -9999 -9999 -9999 -9999 -9999 -9999 -9999 -9999 -9999 -9999 -9999 -9999 -9999 -9999 -9999 1 1 1 1 1 1 1 1 1 1 1 1 1 1 1 1 2.2907 4.30292 5.18574 5.82434 5.99738 5.99925 5.5445 4.78562 4.39437 2.265 1.265 1 1 1 1.00017 3.49255 5.22678 4.8145 4.4154 4.0081 4 3.97 2.7189 2.25435 2.15075 2.60809 4.64741 5.8757 -9999 -9999 -9999 -9999 -9999 -9999 -9999 -9999 -9999 -9999 -9999 -9999 -9999 -9999 -9999 -9999 -9999
-9999 -9999 -9999 -9999 -9999 -9999 -9999 -9999 -9999 -9999 -9999 -9999 -9999 -9999 -9999 -9999 -9999 -9999 -9999 1 1 1 1 1 1 1 1 1 1 1 1 1 1 1 1 1 1.00125 1.32574 2.52959 5.66213 5.40525 2.286 1.20563 1.39437 1.09203 1.30097 1.2649 1.3311 1.38145 1.53177 2.724 3.26977 4 4 4 4 4.0567 3.5224 3.86875 3.88265 3.48231 3.25119 4.21546 -9999 -9999 -9999 -9999 -9999 -9999 -9999 -9999 -9999 -9999 -9999 -9999 -9999 -9999 -9999 -9999 -9999
-9999 -9999 -9999 -9999 -9999 -9999 -9999 -9999 -9999 -9999 -9999 -9999 -9999 -9999 -9999 -9999 -9999 -9999 -9999 1 1 1 1 1 1 1 1 1 1 1 1 1 1 1 1 1 1 1.04041 1.36156 2.46656 2.02925 1.00733 1.19515 1.97102 2.69037 2.32028 2.95945 3.5049 3.86905 3.83355 3.24513 3.97428 4 4.0018 4.0042 4 4.53294 5.45258 5.27035 5.70715 4.56375 4.79925 5.61318 6 -9999 -9999 -9999 -9999 -9999 -9999 -9999 -9999 -9999 -9999 -9999 -9999 -9999 -9999 -9999 -9999
-9999 -9999 -9999 -9999 -9999 -9999 -9999 -9999 -9999 -9999 -9999 -9999 -9999 -9999 -9999 -9999 -9999 -9999 -9999 1 1 1 1 1 1 1 1 1 1 1 1 1 1 1 1 1 1 1.50475 3.71794 1.49144 1.009 1.95993 3.3646 3.93272 3.6901 3.75625 3.99565 4 4 3.8165 3.47895 4.65705 4.12 4.2592 4.1378 4.377 5.17942 5.97047 5.98905 5.99895 6 6 6 6 -9999 -9999 -9999 -9999 -9999 -9999 -9999 -9999 -9999 -9999 -9999 -9999 -9999 -9999 -9999 -9999
-9999 -9999 -9999 -9999 -9999 -9999 -9999 -9999 -9999 -9999 -9999 -9999 -9999 -9999 -9999 -9999 -9999 -9999 -9999 1 1.29376 1.48175 1.6045 1.682 1.724 1.826 1.91 1.99 2 2 1.92 1.9 1.81 1.779 1.556 1.34425 1.24643 1.42415 2.11643 2.57725 2.69125 3.88675 4 4.03135 4.99365 4.86587 4.21782 4.4593 3.98088 3.56556 3.86059 5.78123 5.8245 5.5755 5.17906 5.89864 6 6 6 6 6 6 6 -9999 -9999 -9999 -9999 -9999 -9999 -9999 -9999 -9999 -9999 -9999 -9999 -9999 -9999 -9999 -9999 -9999
-9999 -9999 -9999 -9999 -9999 -9999 -9999 -9999 -9999 -9999 -9999 -9999 -9999 -9999 -9999 -9999 -9999 -9999 -9999 2 1.97804 2 2 2.05 2.50427 2.12873 2.03367 2.35532 2.0685 2 2 2.0175 2.0301 2.0004 2.01394 2.01851 1.99652 3.1262 3.84796 3.4714 3.4295 4.1925 4.33313 4.55452 5.94685 5.85862 5.66267 4.9502 4.28888 5.16519 5.82941 5.99827 6 6 6 6 6 6 -9999 -9999 -9999 -9999 -9999 -9999 -9999 -9999 -9999 -9999 -9999 -9999 -9999 -9999 -9999 -9999 -9999 -9999 -9999 -9999 -9999 -9999
-9999 -9999 -9999 -9999 -9999 -9999 -9999 -9999 -9999 -9999 -9999 -9999 -9999 -9999 -9999 -9999 -9999 -9999 2 2 2 2 2.25646 2.06804 2.05048 2.3589 2.53745 2.63818 2.0225 2 2.01763 2.57538 2.8359 2.7036 2.77781 2.83349 2.35647 2.92956 3.32246 4.55353 5.64675 5.88525 5.74988 5.66713 6 6 6 5.75711 4.59174 5.92641 6 6 6 6 6 -9999 -9999 -9999 -9999 -9999 -9999 -9999 -9999 -9999 -9999 -9999 -9999 -9999 -9999 -9999 -9999 -9999 -9999 -9999 -9999 -9999 -9999 -9999 -9999 -9999
-9999 -9999 -9999 -9999 -9999 -9999 -9999 -9999 -9999 -9999 -9999 -9999 -9999 -9999 -9999 -9999 -9999 2.00883 2.05561 2.3536 2.3504 2.075 2.90429 2.55621 2 2.38862 2.98988 2.3965 2 2 2.03662 2.74988 3 3 3 3 3.17756 4.04574 5.20342 5.86026 6 5.33909 3.46726 5.80494 6 6 6 5.99436 4.16198 5.84803 6 6 6 -9999 -9999 -9999 -9999 -9999 -9999 -9999 -9999 -9999 -9999 -9999 -9999 -9999 -9999 -9999 -9999 -9999 -9999 -9999 -9999 -9999 -9999 -9999 -9999 -9999 -9999 -9999
-9999 -9999 -9999 -9999 -9999 -9999 -9999 -9999 -9999 -9999 -9999 -9999 -9999 -9999 -9999 -9999 -9999 5.39908 5.00751 5.4234 5.6436 5.057 4.2762 3.03255 2.39594 2.61031 3.03 3.499 3.33965 2.09735 2.00675 2.69112 4.158 3.75 4.107 4.845 5.33681 3.82477 3.15464 5.66728 -9999 2 2.09057 4.18113 -9999 -9999 -9999 -9999 -9999 -9999 -9999 -9999 -9999 -9999 -9999 -9999 -9999 -9999 -9999 -9999 -9999 -9999 -9999 -9999 -9999 -9999 -9999 -9999 -9999 -9999 -9999 -9999 -9999 -9999 -9999 -9999 -9999 -9999 -9999 -9999
-9999 -9999 -9999 -9999 -9999 -9999 -9999 -9999 -9999 -9999 -9999 -9999 -9999 -9999 -9999 -9999 -9999 6 6 6 6 6 5.8353 4.87695 4.12911 4.24844 3.5967 5.64 5.88735 4.03965 3.3501 3.88102 6 6 6 6 6 6 -9999 -9999 -9999 -9999 -9999 -9999 -9999 -9999 -9999 -9999 -9999 -9999 -9999 -9999 -9999 -9999 -9999 -9999 -9999 -9999 -9999 -9999 -9999 -9999 -9999 -9999 -9999 -9999 -9999 -9999 -9999 -9999 -9999 -9999 -9999 -9999 -9999 -9999 -9999 -9999 -9999 -9999
