public/models/data/input/map/sulut/800/mapdriver.asc
NCOLS 310
NROWS 227
XLLCORNER 510063.019283
YLLCORNER 210717.685435
CELLSIZE 800.000000
NODATA_VALUE       -9999
[rows 132 to 164 of 227, columns 0 to 72 of 310]
-9999 -9999 -9999 -9999 -9999 -9999 -9999 -9999 -9999 -9999 5152.27 4702.83 4298.1 3956.19 3443.92 -9999 -9999 4322.3 4442.54 3853.22 3159.78 3085.28 2783.12 2250 -9999 -9999 -9999 -9999 -9999 -9999 -9999 -9999 -9999 -9999 -9999 -9999 -9999 -9999 -9999 -9999 -9999 -9999 -9999 -9999 -9999 -9999 -9999 -9999 -9999 -9999 -9999 -9999 -9999 -9999 -9999 -9999 -9999 -9999 -9999 -9999 -9999 -9999 -9999 -9999 -9999 -9999 -9999 -9999 -9999 -9999 -9999 -9999 -9999
-9999 -9999 -9999 -9999 -9999 -9999 -9999 -9999 -9999 -9999 -9999 3656.55 3501.22 3171.15 2798.91 2960.37 3238.8 3700.47 4042.89 3538.48 2728.45 2313.53 1983.46 1701.92 -9999 -9999 -9999 -9999 -9999 -9999 -9999 -9999 -9999 -9999 -9999 -9999 -9999 -9999 -9999 -9999 -9999 -9999 -9999 -9999 -9999 -9999 -9999 -9999 -9999 -9999 -9999 -9999 -9999 -9999 -9999 -9999 -9999 -9999 -9999 -9999 -9999 -9999 -9999 -9999 -9999 -9999 -9999 -9999 -9999 -9999 -9999 -9999 -9999
-9999 -9999 -9999 -9999 -9999 -9999 -9999 -9999 -9999 -9999 -9999 2911.76 2843.79 2378.6 2076.55 2251.3 2581.38 3017.63 3637.07 3208.41 2395.91 1642.51 1213.75 1273.88 -9999 -9999 -9999 -9999 -9999 -9999 -9999 -9999 -9999 -9999 -9999 -9999 -9999 -9999 -9999 -9999 -9999 -9999 -9999 -9999 -9999 -9999 -9999 -9999 -9999 -9999 -9999 -9999 -9999 -9999 -9999 -9999 -9999 -9999 -9999 -9999 -9999 -9999 -9999 -9999 -9999 -9999 -9999 -9999 -9999 -9999 -9999 -9999 -9999
-9999 -9999 -9999 111.111 656.746 1531.25 2277.17 2804.35 -9999 -9999 -9999 -9999 -9999 1764.64 1362.09 1439.37 1878.72 2595.64 3253.29 2875.15 2063.15 1266.28 575.603 250.846 964.286 -9999 -9999 -9999 -9999 -9999 -9999 -9999 -9999 -9999 -9999 -9999 -9999 -9999 -9999 -9999 -9999 -9999 -9999 -9999 -9999 -9999 -9999 -9999 -9999 -9999 -9999 -9999 -9999 -9999 -9999 -9999 -9999 -9999 -9999 -9999 -9999 -9999 -9999 -9999 -9999 -9999 -9999 -9999 -9999 -9999 -9999 -9999 -9999
-9999 -9999 -9999 163.606 764.055 1548.55 2322.95 2966.38 2897.21 -9999 -9999 -9999 -9999 -9999 178.571 751.773 1468.69 2169.58 2614.39 2582.49 1802.89 1006.01 274.088 171.879 1006.2 660.706 -9999 -9999 -9999 -9999 -9999 -9999 -9999 -9999 1103.55 666.053 666.053 -9999 -9999 -9999 -9999 -9999 2664.21 2590.25 -9999 -9999 -9999 -9999 -9999 -9999 -9999 -9999 -9999 -9999 -9999 -9999 -9999 -9999 -9999 -9999 -9999 -9999 -9999 -9999 -9999 -9999 -9999 -9999 -9999 -9999 -9999 -9999 -9999
-9999 -9999 -9999 145.782 629.966 1298.71 2087.01 2709.37 2256.27 1498.77 -9999 -9999 -9999 464.278 159.256 370.055 1042.63 1487.44 1863.09 2192.24 1718.75 921.875 180.664 442.713 1050.64 495.691 128.777 596.527 1421.88 1341.93 539.191 220.001 721.209 1417.1 1051.58 133.04 353.553 707.107 1340.31 1936.85 2496.32 -9999 2232.4 2060.26 1590.37 -9999 -9999 -9999 -9999 -9999 -9999 -9999 -9999 -9999 -9999 -9999 -9999 -9999 -9999 -9999 -9999 -9999 -9999 -9999 -9999 -9999 -9999 -9999 -9999 -9999 -9999 -9999 -9999
-9999 -9999 -9999 52.6316 263.446 1031.18 1716.54 2251.13 1886.37 1090.13 316.489 250 447.47 168.748 281.597 114.16 383.138 736.136 1134.44 1595.84 1664.75 947.763 224.858 300.314 857.443 696.217 129.519 625 1391.46 1159.58 377.365 42.6336 637.944 1274.82 784.534 156.706 335.408 247.139 961.588 1684.42 2444.68 2758.36 1599.97 1322.17 1095.38 -9999 560.406 972.967 1473.18 933.695 492.442 -9999 -9999 -9999 -9999 -9999 -9999 -9999 -9999 -9999 -9999 -9999 -9999 -9999 -9999 -9999 -9999 759.803 198.836 93.75 214.159 286.697 250
-9999 -9999 -9999 -9999 145.762 644.887 1169.42 1627.25 1716.37 1128.33 398.219 216.167 188.431 181.959 267.365 146.831 167.969 135.28 479.003 853.931 1229.64 1206.27 664.696 496.927 817.913 404.201 162.399 730.662 1440.28 1063.61 279.014 74.3576 519.169 1021.09 450.07 173.199 229.562 124.232 571.315 1335.25 2147.75 2289.75 1478.18 713.5 208.416 500 233.089 617.041 1147.82 653.612 144.351 672.119 853.553 -9999 -9999 -9999 -9999 -9999 -9999 -9999 -9999 -9999 -9999 -9999 -9999 -9999 279.587 810.045 788.704 186.821 178.428 234.375 285.64
-9999 -9999 -9999 -9999 0 139.665 510.797 943.474 1052.89 1264.99 1063.51 859.599 331.658 137.765 186.241 113.281 297.99 188.084 179.936 167.339 552.073 984.573 1271.61 1191.09 647.082 136.159 576.516 1206.54 1770.37 1374.88 744.867 192.117 241.974 655.062 280.678 467.613 231.18 205.772 379.11 1128.88 1908.51 2017.62 1222.08 444.187 228.654 641.974 371.362 177.758 657.554 401.01 272.583 664.62 365.225 642.435 829.406 234.375 318.687 846.465 1465.28 1838.68 968.75 234.375 348.652 929.625 958.333 845.215 231.18 337.256 873.183 383.906 122.07 224.956 367.553
-9999 -9999 -9999 -9999 -9999 0 132.463 295.279 360.257 734.36 718.324 1011.06 916.986 496.842 127.97 86.9141 285.85 158.383 448.498 122.111 117.829 392.829 951.214 1280.36 730.593 187.5 820.083 1598.7 2197.76 1872.33 1214.59 573.292 114.258 200.109 305.884 573.637 413.162 163.433 163.364 773.829 1559.55 1876.16 1137.94 345.646 282.846 911.601 839.628 211.464 437.107 299.915 365.241 737.232 248.92 154.072 553.297 391.453 114.535 492.889 1256.01 1631.29 879.169 191.684 277.94 417.299 421.875 425.585 381.185 168.177 742.486 595.152 60.5469 247.834 152.523
-9999 -9999 -9999 -9999 -9999 -9999 -9999 0 105.631 150.788 135.692 370.557 745.226 911.091 484.875 227.118 410.915 311.519 411.659 524.428 443.725 167.923 330.935 785.871 507.74 170.367 847.541 1641.4 2023.78 1736.47 1469.01 1051.34 404.103 72.2656 204.31 489.37 637.798 246.742 146.693 489.882 1300.67 1921.06 1389.03 694.993 149.929 507.74 844.202 219.669 397.741 414.596 281.25 990.236 890.737 312.009 468.75 794.723 216.976 311.519 1047.9 1491.66 790.446 140.903 262.008 371.568 375 244.904 300.973 243.102 301.736 468.757 56.71 531.489 278.761
-9999 -9999 -9999 -9999 -9999 -9999 -9999 -9999 -9999 -9999 0 16.6667 297.413 399.213 424.656 693.761 870.299 639.854 676.137 1184.66 1122.47 653.059 316.176 677.054 281.25 449.764 1123.9 1805.5 1447.46 946.911 828.125 923.416 782.928 171.482 180.664 131.946 583.199 808.632 426.107 571.765 1363.1 1866.83 1546.12 869.743 180.075 402.571 987.696 600.087 154.349 211.395 327.912 1105.77 1123.99 328.125 377.365 984.767 502.776 119.349 730.794 1470.49 1128.19 451.897 174.649 761.929 1101.14 567.801 149.969 404.136 139.117 114.229 42.0616 553.517 728.335
-9999 -9999 -9999 -9999 -9999 -9999 -9999 -9999 -9999 -9999 -9999 0 24.6914 24.6479 26.0417 206.679 365.241 801.578 1081 1534.84 1725.76 1363.84 1059.36 1008.75 327.912 341.694 1108.85 1709.69 1155.79 396.099 182.617 220.282 279.534 153.569 278.667 156.389 469.722 608.094 843.118 1050.26 1401.08 1206 966.973 545.34 155.343 756.589 1406.15 1163.56 638.415 403.801 281.25 1074.77 1212.58 487.989 249.023 705.104 364.976 79.1016 671.875 1468.75 1563.82 843.898 202.357 671.875 1310.11 912.707 232.087 145.785 235.49 401.779 98.6328 179.826 509.665
-9999 -9999 -9999 -9999 -9999 -9999 -9999 -9999 -9999 -9999 -9999 -9999 -9999 -9999 -9999 -9999 19.2308 200.983 497.276 1011.52 1487.65 1946.2 1817.69 1310.68 526.223 182.473 892.846 1629.85 1418.65 900.608 710.645 463.51 327.912 240.581 176.128 144.601 98.6328 131.137 271.202 643.956 717.074 487.568 341.821 185.726 347.577 1017.28 1766.34 1661.5 991.746 252.508 415.63 1119.15 850.626 227.465 332.864 366.905 56.7794 371.558 925.677 1688.8 1718.75 921.875 218.75 653.402 865.059 492.039 166.293 168.177 688.768 835.329 242.865 36.7743 77.3566
-9999 -9999 -9999 -9999 -9999 -9999 -9999 -9999 -9999 -9999 -9999 -9999 -9999 -9999 -9999 -9999 -9999 0 101.668 369.451 1008.96 1412.01 1726.45 1443.81 663.77 153.39 699.297 1304.35 1730.95 1682.15 1503.33 1237.71 970.981 328.125 112.652 510.397 263.933 325.525 318.113 118.274 162.918 182.727 440.918 333.812 330.49 1070.44 1827.3 1680.82 886.374 184.929 343.74 895.294 745.543 313.137 216.514 76.3107 340.071 970.542 1481.24 1922.62 1675.85 921.875 218.75 430.85 219.738 151.992 120.256 216.653 296.628 733.958 826.894 566.76 132.044
-9999 -9999 -9999 -9999 -9999 -9999 -9999 -9999 -9999 -9999 -9999 -9999 -9999 -9999 -9999 -9999 -9999 -9999 -9999 82.7205 357.793 647.719 1107.57 1534.11 945.161 294.843 222.692 743.718 1307.19 1923.36 2245.16 1910.06 1275.18 509.473 57.8541 378.954 490.993 166.877 592.754 475.069 154.742 208.453 256.455 547.253 158.481 800.666 1519.52 1787.68 1258.64 677.427 177.758 425.199 631.608 165.86 59.5703 493.369 971.523 1402.28 1570.88 1368.07 1144.37 773.499 282.36 148.576 348.975 243.298 160.63 577.308 255.658 180.688 715.616 996.467 346.392
-9999 -9999 -9999 -9999 -9999 -9999 -9999 -9999 -9999 -9999 -9999 -9999 -9999 -9999 -9999 -9999 -9999 -9999 -9999 0 5.74713 123.676 647.719 1389.52 1410.02 844.299 296.628 222.692 821.518 1604.66 2063.05 1749.5 1108.17 643.078 128.248 281.25 805.857 263.667 344.173 839.936 770.632 671.875 746.5 910.093 516.13 812.758 886.374 1258.64 1477.54 1162.68 556.135 369.72 222.692 282.066 167.981 460.698 828.45 1082.47 875.37 578.733 371.591 213.151 123.324 349.535 508.571 119.21 182.837 345.092 365.004 265.453 703.562 1074.94 375
-9999 -9999 -9999 -9999 -9999 -9999 -9999 -9999 -9999 -9999 -9999 -9999 -9999 -9999 -9999 -9999 -9999 -9999 -9999 -9999 -9999 9.61539 407.038 1178.35 1786.85 1404.34 844.299 365.225 758.497 1277.2 1281.25 1281.46 672.021 149.385 59.5703 510.658 1095.05 645.888 160.446 487.556 1090.99 1378.96 1537.43 1557.05 1198.76 556.14 204.46 665.292 792.184 725.432 370.246 119.21 202.704 517.436 518.87 155.69 167.94 431.712 291.872 177.509 161.48 219.513 311.588 421.875 612.706 163.086 547.698 268.971 276.922 143.133 452.093 992.902 534.026
-9999 -9999 -9999 -9999 -9999 -9999 -9999 -9999 -9999 -9999 -9999 -9999 -9999 -9999 -9999 -9999 -9999 -9999 -9999 -9999 -9999 -9999 705.626 1393.31 1653.83 1150.69 801.882 647.59 482.838 539.191 468.75 604.968 539.271 79.2404 430.729 1001.94 1518.68 1178.53 490.428 133.703 568.826 1005.5 1342.58 1702.89 1569.36 912.127 307.832 165.247 153.529 137.695 89.4105 391.817 261.927 97.7951 255.924 435.75 461.598 192.297 298.881 266.233 146.97 473.831 187.708 481.378 255.629 328.577 828.933 595.023 485.485 553.691 510.033 599.034 192.407
-9999 -9999 -9999 -9999 -9999 -9999 -9999 -9999 -9999 -9999 -9999 -9999 -9999 -9999 -9999 -9999 -9999 -9999 -9999 -9999 -9999 -9999 -9999 1803.26 1333.91 571.765 164.982 199.693 217.867 187.402 65.4297 179.688 176.897 58.5938 587.806 1333.5 1796.71 1592.79 1031.55 466.361 132.252 271.745 592.811 1006.61 1468.77 994.638 250.89 344.48 448.127 196.636 681.482 1014.08 626.225 137.638 114.466 177.567 233.116 747.678 950.594 624.042 341.232 203.125 248.92 708.491 596.895 701.286 458.646 128.878 59.5703 249.926 131.137 120.117 355.401
-9999 -9999 -9999 -9999 -9999 -9999 -9999 -9999 -9999 -9999 -9999 -9999 -9999 -9999 -9999 -9999 -9999 -9999 -9999 -9999 -9999 -9999 -9999 -9999 801.777 400.351 103.013 166.726 256.386 388.973 152.413 663.619 584.772 60.0442 388.384 828.371 1132.2 1545.13 1531.22 1023.87 383.432 143.902 148.38 412.794 846.772 933.098 228.516 530.218 542.514 250 1026.52 1422.59 744.011 173.464 305.243 384.466 601.375 1117.36 1545.75 1343.59 966.136 745.749 521.92 373.995 456.883 274.646 102.51 199.913 266.221 220.588 496.598 141.712 561.48
-9999 -9999 -9999 -9999 -9999 -9999 -9999 -9999 -9999 -9999 -9999 -9999 -9999 -9999 -9999 -9999 -9999 -9999 -9999 -9999 -9999 -9999 -9999 -9999 560.406 281.037 276.322 280.869 156.25 100.864 372.506 993.718 971.375 401.982 76.1719 181.191 465.973 853.931 1226.35 1313.24 658.755 146.259 284.424 183.34 356.297 916.839 365.438 375 344.028 336.21 1112.15 1276.21 518.614 197.543 530.958 162.219 330.918 792.296 1072.3 1323.14 1236.12 496.141 155.273 241.137 222.656 392.851 215.121 154.297 484.308 863.18 960.273 345.514 154.112
-9999 -9999 -9999 -9999 -9999 -9999 -9999 -9999 -9999 -9999 -9999 -9999 -9999 -9999 -9999 -9999 -9999 -9999 -9999 -9999 -9999 -9999 -9999 -9999 -9999 787.054 499.049 138.418 400.941 585.853 1046.39 1494.27 1519.63 901.077 198.797 196.007 66.2387 175.932 488.393 772.827 834.642 545.757 177.758 335.205 771.539 1106.91 459.956 409.874 328.125 435.121 1173.87 1040.22 349.604 379.11 765.323 440.697 167.102 144.237 310.877 552.291 828.1 392.781 248.949 811.3 950.26 707.914 178.989 281.944 173.771 764.627 1315.44 980.499 376.134
-9999 -9999 -9999 -9999 -9999 -9999 -9999 -9999 -9999 -9999 -9999 -9999 -9999 -9999 -9999 -9999 -9999 -9999 -9999 -9999 -9999 -9999 -9999 -9999 -9999 545.674 136.06 500.65 1053.5 1361.67 1633.17 1982.53 1650.58 858.475 175.221 544.172 583.144 206.708 68.3594 122.417 233.884 440.003 392.92 548.964 1178.45 1436.74 965.819 891.455 465.949 182.392 610.806 621.086 144.948 501.534 255.629 178.053 280.58 371.771 356.481 173.17 183.034 162.219 506.445 1238.02 1122.61 349.044 250.873 666.752 187.402 573.718 1365.69 1422.16 852.394
-9999 -9999 -9999 -9999 -9999 -9999 -9999 -9999 -9999 -9999 -9999 -9999 -9999 -9999 -9999 -9999 -9999 -9999 -9999 -9999 -9999 -9999 -9999 -9999 1236.69 648.14 520.869 1003.28 1318.64 1283.24 1178.35 1371.86 1256.78 641.386 157.435 762.31 616.249 145.479 302.521 325.959 103.654 282.533 184.889 380 871.146 967.18 1250.75 1322.88 707.174 177.885 351.234 315.604 209.331 401.559 208.297 263.066 685.094 1082.71 980.557 316.291 122.07 314.264 902.632 1463.55 940.831 216.167 544.802 1015.36 521.817 645.771 1126.35 917.729 691.291
-9999 -9999 -9999 -9999 -9999 -9999 -9999 -9999 -9999 -9999 -9999 -9999 -9999 -9999 -9999 -9999 -9999 -9999 -9999 -9999 -9999 -9999 -9999 500 928.545 843.948 734.36 625 625 502.989 383.188 588.551 532.731 208.742 329.86 925.785 444.724 221.258 863.133 779.639 164.855 582.275 587.744 174.649 239.6 231.637 687.77 823.677 354.384 225.373 830.113 641.692 341.474 307.825 213.585 164.41 353.401 1069.74 926.992 278.32 260.321 328.125 1081.18 1301.69 679.395 152.413 725.432 1353.42 1085.93 719.319 552.332 221.426 142.312
-9999 -9999 -9999 -9999 -9999 -9999 -9999 -9999 -9999 -9999 -9999 -9999 -9999 -9999 -9999 -9999 -9999 -9999 -9999 -9999 -9999 -9999 926.887 401.569 240.021 202.634 183.733 196.567 234.375 224.609 286.405 98.6328 190.707 395.902 846.588 941.494 344.173 211.464 845.545 840.413 177.914 590.399 1086.82 742.591 429.491 292.473 130.998 203.125 159.792 633.013 1271.09 976.461 321.227 170.061 237.23 235.277 213.013 693.572 335.494 145.508 212.677 326.785 708.773 664.943 714.767 478.049 1012.02 1302.47 687.152 198.491 212.891 373.944 202.148
-9999 -9999 -9999 -9999 -9999 -9999 -9999 -9999 -9999 -9999 -9999 -9999 -9999 -9999 -9999 -9999 -9999 -9999 -9999 -9999 -9999 -9999 1322.53 776.864 287.734 249.509 695.868 863.544 927.378 683.643 289.266 107.561 437.842 724.041 1102 552.073 141.405 171.691 371.362 696.032 164.479 604.765 1275.93 1425.53 1216.84 878.589 322.464 217.352 568.713 962.349 1367.26 1018.73 756.642 718.75 894.363 680.585 79.9106 157.14 98.7429 516.453 241.28 171.887 171.858 211.926 845.324 1122.51 1438.87 1130.97 336.885 216.514 714.125 809.149 204.102
-9999 -9999 -9999 -9999 -9999 -9999 -9999 -9999 -9999 -9999 -9999 -9999 -9999 -9999 -9999 -9999 -9999 -9999 -9999 -9999 -9999 968.75 1022.32 601.232 143.133 542.087 1241.75 1270.04 775.72 239.6 265.938 384.438 162.456 379.11 876.527 245.117 424.026 433.653 231.18 500.405 74.2188 320.585 811.726 1470.57 1892.8 1444.09 787.207 219.08 155.62 453.67 828.309 392.429 646.39 1200.38 925.464 368.293 87.8906 103.516 412.059 846.706 250 362.022 417.988 151.408 279.991 659.639 991.969 1219.75 639.416 133.356 486.175 453.12 186.31
-9999 -9999 -9999 -9999 -9999 -9999 -9999 -9999 -9999 -9999 -9999 -9999 -9999 -9999 -9999 -9999 -9999 -9999 -9999 -9999 -9999 149.254 415.908 158.256 423.785 998.505 1257.57 776.864 244.957 267.221 807.415 825.563 203.599 163.364 699.139 248.047 482.776 363.334 396.59 450.075 242.968 244.957 424.13 1210.71 1825.1 1637.93 1166.37 858.187 516.292 248.683 722.924 338.094 277.76 645.082 453.046 69.4053 206.818 372.171 991.66 839.587 177.914 583.257 996.629 636.259 302.042 160.937 444.297 1176.11 1078.03 462.316 122.07 192.383 415.283
-9999 -9999 -9999 -9999 -9999 -9999 -9999 -9999 -9999 -9999 -9999 -9999 -9999 -9999 -9999 -9999 -9999 -9999 -9999 -9999 -9999 330.645 571.181 400.843 724.331 1050.86 757.852 246.742 270.792 810.01 1066.17 492.005 158.088 178.347 685.611 392.013 301.729 220.588 333.575 192.297 465.585 777.688 778.664 1237.38 1169.09 942.822 650.888 657.36 621.211 642.922 407.36 279.644 47.8516 73.2422 88.8672 231.024 814.582 1035.48 1239.87 604.956 168.651 810.029 1497.76 1374.35 993.214 640.323 578.417 1280.33 1544.23 925.984 217.56 328.125 1034.06
-9999 -9999 -9999 -9999 -9999 -9999 -9999 -9999 -9999 -9999 -9999 -9999 -9999 -9999 -9999 -9999 -9999 -9999 -9999 -9999 -9999 816.57 475.889 170.061 190.078 320.77 179.434 270.792 810.582 1234.73 731.253 169.974 281.829 164.982 735.892 377.365 324.161 529.311 147.068 376.735 621.005 578.125 578.125 690.798 390.019 238.877 149.021 122.209 116.517 196.26 113.559 203.125 203.125 438.953 261.858 266.683 1024.2 1680.97 1498.24 754.621 572.124 1138.46 1775.1 1748.44 1641.48 1355.31 1229.98 1457.47 1315.97 939.776 354.482 328.125 1125
-9999 -9999 -9999 -9999 -9999 -9999 -9999 -9999 -9999 -9999 -9999 -9999 -9999 -9999 -9999 -9999 -9999 -9999 -9999 -9999 -9999 853.553 590.634 700.343 517.92 468.75 531.87 878.022 1174.6 881.691 355.459 211.256 158.718 471.595 582.289 139.088 552.997 933.652 435.226 409.031 178.78 128.277 162.803 138.823 167.744 190.078 692.779 718.75 718.75 718.75 764.222 958.697 968.75 946.542 373.736 116.685 834.597 1630.97 1850.19 1426.81 1249.87 1429.44 1295.78 1044.19 1225.41 1276.71 865.387 861.708 564.185 272.583 106.584 602.866 1319.16
