public/models/data/input/map/sulut/800/mapdagr.asc
NCOLS 310
NROWS 227
XLLCORNER 510063.019283
YLLCORNER 210717.685435
CELLSIZE 800.000000
NODATA_VALUE       -9999
[rows 105 to 139 of 227, columns 156 to 233 of 310]
-9999 -9999 -9999 -9999 -9999 -9999 -9999 -9999 -9999 -9999 -9999 -9999 -9999 -9999 -9999 -9999 -9999 -9999 -9999 338.631 59.2352 226.586 781.149 1572.3 2384.4 3126.88 3289.94 3393.5 3670.58 3618.31 3236.1 2712.93 2374.27 2076.55 2160.69 2031.25 2036.24 1420.61 900.608 1021.32 1551.09 2239.19 2919.42 3679.7 4186.16 3981.72 3193.51 2396.64 1599.76 789.105 160.376 130.23 328.536 234.375 170.898 0 0 0 0 0 0 0 0 0 0 0 4.88281 8.78906 92.9122 239.461 479.487 799.591 836.104 218.872 5.85938 61.5928 112.374 0
-9999 -9999 -9999 -9999 -9999 -9999 -9999 -9999 -9999 -9999 -9999 -9999 -9999 -9999 -9999 -9999 -9999 -9999 -9999 505.297 101.3 165.01 873.535 1668.73 2296.17 2480.12 2493.07 2596.62 2915.59 3245.48 3469.52 3430.48 3171.15 2873.43 2957.57 2824.46 2530.19 2029.28 1694.62 1798.18 2149.99 2679.99 3365.74 4046.37 4518.58 3846.62 3049.75 2252.87 1456 658.755 88.5033 11.7188 19.5313 0 0 0 0 0 0 0 0 0 0 0 0 0 242.535 429.735 639.997 438.507 179.295 487.168 1078.99 653.434 336.885 562.334 395.388 73.8836
-9999 -9999 -9999 -9999 -9999 -9999 -9999 -9999 -9999 -9999 -9999 -9999 -9999 -9999 -9999 -9999 -9999 -9999 1457.11 753.078 191.863 269.971 988.214 1536.44 1625 1683.25 1696.19 1799.75 2118.72 2448.6 2782.11 3282.04 3810.68 3670.3 3754.44 3542.03 3156.8 2821.57 2491.5 2595.05 2925.13 3277.51 3806.94 4493.1 4468.32 3671.88 2875 2078.13 1281.25 468.75 0 63.4766 0 0 0 0 0 0 0 0 0 0 0 39.0625 89.0754 158.203 473.652 1131.12 1421.12 1181.93 900.888 1035.48 1479.02 1346.77 1130.26 1135.25 539.926 42.4661
-9999 -9999 -9999 -9999 -9999 -9999 -9999 -9999 -9999 -9999 -9999 -9999 -9999 -9999 -9999 -9999 -9999 2460.24 1908.93 1246.2 852.988 816.925 977.672 834.597 828.125 886.374 899.318 1005.55 1330.05 1654.02 2154.57 2925.13 3713.4 4168.64 4435.85 4278.83 3948.53 3618.45 3288.37 3391.93 3722 4052.08 4403.89 4919.11 4641.53 3846.62 3049.75 2252.87 1456 658.755 121.036 104.463 0 0 0 0 0 0 0 0 0 0 0 34.1797 189.939 407.777 1001.97 1560.02 2022.16 1904.87 1697.76 1827.21 2158.62 2139.58 1830.3 1197.76 407.753 51.7578
-9999 -9999 -9999 -9999 -9999 -9999 -9999 -9999 -9999 -9999 -9999 -9999 -9999 -9999 -9999 -9999 -9999 2604.06 2364.16 1861.64 1246.58 708.526 342.584 116.685 109.375 167.074 177.648 279.096 552.291 1024.18 1798.18 2587.51 3176.94 3609.2 4328.75 4903.48 4745.4 4415.32 4085.25 4188.8 4518.88 4848.95 5042.37 4776.73 4439.88 3997.57 3361.76 2582.95 1798.64 1075 566.518 209.568 9.76563 0 0 0 0 0 0 0 0 0 0 0 14.6484 496.57 1106.14 1307.96 1475.41 1570.08 1757.37 1994.63 2194.16 2458.56 2005.56 1210.71 424.13 16.6016
-9999 -9999 -9999 -9999 -9999 -9999 -9999 -9999 -9999 -9999 -9999 -9999 -9999 -9999 -9999 -9999 -9999 3065.9 2599.06 1796.42 999.54 272.231 65.4991 145.924 116.685 266.683 340.284 27.1762 78.125 779.673 1512.95 2038.33 2473.66 3180.68 3993.18 4790.05 5373.07 5227.01 4897.75 5001.3 5331.04 5508.85 4954.27 4171.69 3640.65 3307.71 2977.63 2649.91 2133.77 1335.25 581.849 501.326 466.301 116.685 0 0 0 0 0 0 0 0 0 0 4.88281 150.039 482.62 503.971 718.096 757.583 985.612 1213.72 1393.5 1797.94 2113.25 1393.07 686.008 158.631
-9999 -9999 -9999 -9999 -9999 -9999 -9999 -9999 -9999 -9999 -9999 -9999 -9999 -9999 -9999 -9999 -9999 3517.56 2874.27 2061.77 1306.66 760.342 664.943 858.475 834.597 954.817 747.553 315.686 120.297 524.347 920.222 1349.8 2053.73 2850.6 3663.1 4459.98 5256.85 5836.13 5693.81 5797.84 5971.67 5421.07 4624.19 3827.32 3033.69 2515.41 2180.76 1934.82 1907.08 1541.39 1126.86 1175.32 1055.83 502.664 0 0 0 0 0 0 0 0 0 0 0 0 19.5313 27.3438 255.369 125.919 328.941 421.875 676.137 1350.16 1917.31 1801.91 1240.9 735.777
-9999 -9999 -9999 -9999 -9999 -9999 -9999 -9999 -9999 -9999 -9999 -9999 -9999 -9999 -9999 -9999 4634.75 3979.14 3204.35 2432.46 1887.29 1530.33 1459.14 1654.68 1536.44 988.214 301.99 205.605 23.6745 55.901 305.03 965.609 1762.48 2559.36 3371.86 4168.73 4965.61 5762.48 6339.43 6442.44 5887.86 5090.99 4294.12 3497.24 2684.74 1909.03 1389.03 1137.94 1125 993.876 663.833 963.608 1246.26 531.25 0 0 0 0 0 32.2266 11.7188 0 0 0 0 0 0 50.7813 229.071 48.8281 0 0 287.665 810.512 1425.15 2056.22 1863.3 1510.91
-9999 -9999 -9999 -9999 -9999 -9999 -9999 -9999 -9999 -9999 -9999 -9999 -9999 -9999 -9999 -9999 5019.23 4331.3 3571.61 3013.1 2657.28 2327.21 2256.01 2350.34 1718.75 921.875 171.875 19.5313 218.398 464.221 689.486 1187.05 1950.17 2747.05 3559.55 4356.42 5153.3 5950.17 6690.42 6354.66 5557.79 4760.91 3964.04 3167.16 2354.66 1557.79 782.08 345.646 328.125 410.955 75.1666 528.542 977.271 432.26 0 0 0 0 73.2422 251.74 209.54 11.7188 0 0 0 0 0 0 0 0 0 0 7.8125 316.679 1078.78 1871.63 2436.91 2307.79
-9999 -9999 -9999 -9999 -9999 -9999 -9999 -9999 -9999 -9999 -9999 -9999 -9999 -9999 6647.97 6337.4 5438.05 4698.56 4147.67 3784.23 3454.16 3124.08 3041.45 2721.41 1912.91 1121.76 467.967 234.375 585.853 1186.97 1458.55 1812.8 2311.71 3077.13 3889.63 4686.5 5483.38 6280.25 6915.61 6348.19 5551.32 4754.44 3957.57 3160.69 2348.19 1551.32 763.023 185.334 0 14.6484 0 150.235 316.626 197.751 0 0 0 0 0 119.488 94.796 2.92969 0 0 0 0 0 0 0 0 0 0 0 122.417 818.668 1531.76 2296.42 2545.03
-9999 -9999 -9999 -9999 -9999 -9999 -9999 -9999 -9999 -9999 -9999 -9999 -9999 -9999 6855.08 6523.72 5835.41 5289.1 4933.28 4596.73 4266.66 3936.58 3712.03 3061.96 2255.75 1605.33 1186.58 1031.25 1225.41 1720.14 2258.71 2600.79 2953.49 3446.69 4226.17 5023.05 5819.92 6613.84 6864.48 6236.33 5466.39 4670.3 3873.43 3076.55 2264.05 1467.18 670.807 66.5451 0 0 0 0 0 0 0 0 0 0 0 40.0391 155.273 39.0625 0 4.88281 0 0 0 0 0 0 0 0 0 48.8281 435.537 1175.21 1951.77 1878.72
-9999 -9999 -9999 -9999 -9999 -9999 -9999 -9999 -9999 -9999 -9999 -9999 -9999 -9999 7368.01 6938.16 6417.2 6060.23 5730.16 5393.61 5063.53 4721.79 4178.82 3397.76 2732.28 2313.53 1983.46 1828.13 2022.29 2361.12 2848.09 3383.85 3727.75 4080.44 4587.71 5353.13 6145.56 6634.35 6348.16 5836.67 5409.16 4845.9 4079.07 3322.94 2560.09 1765.57 993.991 316.83 6.83594 0 0 0 0 0 0 0 0 0 0 3.90625 130.998 190.008 127.092 148.438 24.4141 0 0 0 0 0 0 0 9.76563 0 357.151 1134.03 1767.93 1463.76
-9999 -9999 -9999 -9999 -9999 -9999 -9999 -9999 -9999 -9999 -9999 -9999 -9999 -9999 6875.29 6660.64 6780.14 6770.44 6525.61 6190.48 5848.74 5298.77 4525.85 3869.71 3440.48 3110.41 2780.33 2625 2819.16 3155.71 3489.22 3975.38 4510.8 4854.7 5215.75 5712.69 6166.97 5960.83 5630.58 5212.52 4710.53 4317.25 3792.73 3055.09 2461.65 1912.67 1205.43 452.486 26.6041 0 0 0 0 0 0 0 0 0 0 0 49.8047 325.612 263.528 2.92969 0 0 0 0 0 0 0 0 200.889 34.1797 431.712 1077.36 1194.68 1015.07
-9999 -9999 -9999 -9999 -9999 -9999 -9999 -9999 -9999 -9999 -9999 -9999 -9999 -9999 6072.89 5866.96 6087.01 6417.08 6712.84 6808.4 6426.6 5652.8 4997.23 4575.05 4237.36 3907.28 3577.21 3421.88 3616.04 3952.59 4282.66 4616.17 5102 5636.21 5844.42 5781.44 5501.22 5168.47 4833.82 4496.16 4085.5 3583.57 3190.7 2667.73 1915.3 1365.58 1084.73 756.517 269.914 19.5313 0 0 0 0 0 0 0 0 0 0 0 5.85938 162.722 282.516 28.3203 62.5 31.25 0 0 0 0 145.508 186.87 0 97.6969 610.344 426.205 359.93
-9999 -9999 -9999 -9999 -9999 -9999 -9999 -9999 -9999 -9999 -9999 -9999 -9999 5228.55 5317.31 5070.08 5290.13 5620.21 5950.29 6286.67 6493.35 6117.54 5702 5370.78 5034.23 4704.16 4374.08 4218.75 4412.91 4749.46 5079.54 5409.61 5677.66 5694.35 5364.5 5034.42 4704.35 4374.27 4051.72 3700.29 3369.2 2958.62 2455.81 2064.97 1529.9 788.351 355.909 220.282 43.0382 4.88281 0 0 0 0 0 0 0 0 0 0 0 0 29.9383 213.712 25.3906 133.16 22.4609 43.9453 4.88281 0 29.2969 483.944 300.429 0 0.976563 81.9331 23.6745 3.90625
-9999 -9999 -9999 -9999 -9999 -9999 -9999 -9999 -9999 -9999 -9999 -9999 4207.11 4486.11 4516.47 4257.58 4477.63 4807.71 5137.79 5474.33 5814.14 6271.62 6439.98 6180.46 5846.73 5516.66 5186.58 5031.25 5225.41 5561.96 5871 5851.47 5383.35 4974.91 4582.16 4221.92 3891.85 3561.77 3264.05 3019.9 2560 2227.63 1823.48 1315.05 915.917 427.729 39.0625 0 0 0 0 4.88281 4.88281 0 0 0 0 0 0 0 0 0 0 0 0 0 0 19.5313 29.2969 0 55.6353 211.17 36.1328 0 0 0 0 0
-9999 -9999 -9999 -9999 -9999 -9999 -9999 -9999 -9999 -9999 -9999 -9999 4207.11 3784.8 3719.59 3460.71 3680.76 4010.83 4340.91 4687.18 5173.48 5728.7 6089.26 6389.92 6541.57 6313.53 5983.46 5828.13 6022.29 6334.95 6126.42 5417.63 4810.15 4256.4 3839.57 3456.21 3094.97 2764.9 2467.18 2447.95 1931.7 1434.19 1185.57 732.311 225.512 54.6875 0 0 0 0 0 73.2422 39.0625 0 0 0 0 0 0 0 0 0 0 0 0 0 0 0 0 0 44.2517 267.197 27.3438 34.1797 68.3594 0 0 0
-9999 -9999 -9999 -9999 -9999 -9999 -9999 -9999 -9999 -9999 -9999 -9999 2606.38 2878.9 2922.72 2663.83 2883.88 3213.96 3552.62 4046.03 4601.74 4962.31 5299.25 5761.47 6334.87 6849.15 6778.56 6625 6800.53 6588.37 5819.85 5029.5 4290.68 3682.63 3121.26 2711.95 2329.6 1968.02 1670.3 1689.72 1498.54 807.789 430.307 249.076 0 0 0 0 0 0 0 0 0 0 0 0 0 0 0 0 0 0 0 0 0 0 0 0 0 0 5.85938 23.4375 0 14.6484 29.2969 0 0 0
-9999 -9999 -9999 -9999 -9999 -9999 -9999 -9999 -9999 -9999 -9999 1750 2058.41 2110.49 2125.84 1866.96 2087.01 2426.24 2908.24 3476.94 3835.36 4172.3 4634.52 5197.43 5872.63 6663.79 7313.59 7395.11 7064.99 6286.64 5489.77 4692.89 3902.39 3162.92 2543.49 1995.46 1585 1207.05 873.43 892.846 937.26 622.989 41.0156 9.76563 0 0 0 0 0 0 0 0 0 0 0 0 0 0 0 0 0 0 0 0 0 0 0 0 0 0 0 0 0 0 0 0 0 0
-9999 -9999 -9999 -9999 -9999 1103.55 1168.27 -9999 -9999 1414.21 1323.71 1258.07 1277.56 1313.61 1333.15 1070.08 1298.71 1782.67 2342.79 2708.41 3044.2 3507.57 4070.47 4730.63 5536.83 6333.71 7115.97 7482.07 6769.07 5956.57 5159.69 4362.82 3565.94 2774.93 2022.16 1416.54 867.361 511.709 165.427 206.888 307.971 554.809 31.25 0 0 0 0 0 0 0 0 0 48.8281 0 0 0 0 0 0 0 0 0 0 0 0 0 0 0 0 0 0 0 0 0 0 0 0 0
1250 -9999 -9999 1207.11 888.726 573.857 857.49 1220.9 1155.63 1128.88 773.829 489.882 468.75 503.971 563.809 287.942 646.39 1301.97 1569.62 1902.2 2369 2933.05 3596.63 4387.79 5200.29 5982.02 6716.89 7109.51 6432.52 5620.02 4823.14 4026.27 3229.39 2432.52 1625.88 886.921 291.913 9.76563 0 53.7109 198.728 668.011 219.109 77.2178 68.4982 3.90625 0 0 0 0 0 0 83.0078 141.111 9.76563 0 0 0 0 0 0 0 0 0 0 0 0 0 0 0 0 0 0 0 0 0 0 0
878.318 693.315 561.594 972.802 496.927 85.9375 392.966 475.188 498.037 379.11 149.692 140.625 186.87 55.6641 39.0625 77.0909 333.407 636.127 780.479 1242.05 1806.09 2470.82 3260.83 4057.71 4855.06 5589.47 6252.09 6693.93 6110.03 5297.53 4500.65 3703.78 2906.9 2110.03 1297.53 515.084 26.3672 27.3438 98.7716 52.8732 299.309 931.46 886.374 694.182 606.263 173.574 0 0 0 0 0 0 27.3438 329.652 297.148 17.5781 0 0 0 0 0 0 0 0 0 0 0 0 0 0 0 0 0 0 0 0 0 0
252.815 240.466 144 565.652 590.528 180.664 66.4063 71.2891 369.2 210.377 181.289 320.319 250.96 37.1094 174.592 233.451 41.7265 301.729 170.922 679.143 1343.87 2133.88 2930.76 3713.02 4462.99 5125.14 5752.39 6379.95 5852.44 5039.94 4243.07 3446.19 2649.32 1852.44 1039.94 284.747 71.2891 356.967 603.668 194.891 491.062 1267.45 1652.66 1487.71 1134.43 403.078 41.7265 257.808 224.662 39.0625 173.17 373.492 292.756 218.537 449.025 306.942 41.7265 0 0 0 0 0 0 0 0 0 0 0 0 0 0 0 0 0 0 0 0 0
178.081 69.3359 23.4375 397.035 190.008 218.676 41.0156 70.3125 544.56 613.987 121.008 83.453 114.229 43.9453 504.595 203.125 0 247.417 11.7188 299.915 1091.07 1881.91 2613.74 3323.16 3997.85 4624.86 5400 6144.91 5864.32 5052.89 4256.01 3459.14 2662.26 1865.39 1052.89 350.76 436.035 967.062 656.137 113.281 544.802 1324.98 2076.94 2151.7 1393.5 676.137 510.802 944.019 812.341 264.031 580.573 867.757 358.81 70.3125 68.4 445.903 359.7 203.125 203.125 71.5667 0 0 0 0 0 0 0 0 0 0 0 0 0 0 0 0 0 0
176.128 14.6484 75.4729 382.039 25.3906 253.971 210.377 318.563 638.028 169.766 83.6493 204.686 169.125 0 402.056 353.367 0 281.875 41.085 372.551 1024.68 1563.72 2201.42 2858.3 3496.2 4273.05 5069.92 5866.8 5836.79 5129.78 4469.49 3768.73 2979.39 2182.52 1444.39 1052.89 1125.8 1349.59 720.758 182.335 380.687 1163.83 1960.71 2422.99 1797.94 1393.5 1289.94 1581.48 1325.37 1007.58 1213.9 1070.5 534.517 292.825 235.352 206.055 235.277 326.445 199.635 168.385 0 0 0 0 0 0 0 0 0 0 0 0 0 0 0 0 0 0
88.1682 137.135 0 244.835 78.125 57.756 365.744 316.933 179.127 137.066 43.9453 7.8125 15.625 0.976563 191.026 258.743 70.5207 491.017 197.584 166.016 436.37 1064.63 1721.85 2347.15 3139.63 3936.5 4733.38 5528.52 5501.25 4701.31 4028.57 3490.61 3035.32 2481.66 2073.6 1798.9 1607.37 1209.85 722.01 78.125 328.125 1125 1921.88 2635.69 2536.07 2206 2102.44 2337.2 2104.85 1820.08 1950.5 1652.27 1328.78 1076.55 1024.3 746.531 449.566 31.25 0 0 6.83594 2.92969 0 0 0 0 0 0 0 0 0 0 0 0 0 0 62.7082 369.858
60.2118 274.744 13.6719 78.125 181.011 0 303.89 153.067 150.738 197.584 157.042 212.261 277.344 47.8516 270.884 297.748 171.875 853.668 697.718 78.125 83.1466 595.233 1221.91 1997.05 2809.55 3606.42 4403.3 5140.41 5013.9 4365.02 3576.07 2901.62 2364.64 1962.14 1616.04 1416.51 1173.39 580.573 200.207 155.62 531.697 1260.91 2057.79 2854.66 3303.04 3002.87 2899.32 3134.07 2901.73 2616.96 2708.87 2440.56 2125.65 1873.43 1784.31 1354.06 637.944 42.6336 0 49.8741 368.518 294.12 25.0555 0 0 0 0 0 0 0 0 0 0 0 0 0 46.875 669.194
421.588 342.797 48.3255 39.0625 166.363 0 316.823 182.265 14.6484 151.812 192.06 95.6456 46.875 202.144 302.619 419.254 190.164 834.635 580.214 39.0625 0 220.588 960.708 1757.58 2570.08 3366.96 4163.83 4768.71 4389.74 3875.18 3237.4 2449.69 1774.67 1236.71 828.378 622.319 457.287 173.17 24.4141 229.308 895.38 1575.48 2357.08 3153.95 3874.96 3799.75 3696.19 3930.95 3698.6 3413.83 3505.74 3237.44 2922.53 2670.3 2424.7 1680.76 942.805 350.952 7.8125 259.021 935.443 829.823 175.764 0 0 0 0 0 0 0 0 0 0 0 0 0 65.164 691.291
299.367 47.3489 59.2352 0 240.512 314.379 219.444 181.277 29.9383 277.98 95.9807 295.432 599.351 807.037 797.624 747.635 205.004 641.735 299.915 0 27.3438 532.13 1215.28 1997.05 2809.55 3606.42 4386.42 4400.06 3827.41 3251.74 2747.42 2110.45 1322.17 647.714 166.64 31.25 15.625 0 0 158.746 666.839 1459.14 2256.01 3052.89 3864.24 4444.6 4493.07 4727.82 4495.48 4210.71 4302.62 4034.31 3719.4 3431.16 2807.71 2068.61 1464.96 790.038 332.038 608.379 1192.94 684.254 73.381 0 0 0 0 0 0 0 0 0 0 0 0 0 209.037 916.661
466.509 241.974 58.5938 274.826 205.212 180.173 95.7031 91.7394 91.2942 115.708 284.192 122.515 775.486 1467.19 1541.8 1205.86 811.075 887.929 281.25 0 59.7091 657.36 1451.22 2245.75 3058.25 3855.12 4509.35 4023.05 3280.52 2690.55 2124.79 1622.32 1043.77 289.745 0 0 0 95.9807 143.971 629.301 1001.69 1672.72 2469.59 3266.47 4078.97 4862.62 5284.92 5524.7 5292.35 5007.58 5099.49 4831.19 4500.91 3944.5 3192.13 2593.86 1916.01 1436.74 1085.42 1195.67 1417.27 730.662 151.992 4.88281 0 0 0 0 0 0 0 0 0 0 0 0 124.232 786.257
696.339 719.159 234.023 288.433 0 102.539 101.771 89.006 156.25 100.655 563.057 610.521 1141.9 1897.75 2255.59 1913.1 1611.65 1255.15 494.76 43.0382 464.743 1039.56 1746.62 2542.35 3354.85 4150.92 4427.03 3686.5 2889.63 2131.47 1551.41 986.786 509.653 106.931 0 78.125 29.2969 288.359 756.479 1176.36 1738.6 2140.84 2807.28 3603.01 4415.51 5212.39 5960.89 6336.19 6104.85 5820.08 5911.99 5632.01 5071.74 4341.18 3732.03 3053.04 2578.01 2227.82 1897.75 1997.3 1847.32 1220.41 771.721 269.983 4.88281 0 0 33.2031 15.625 0 0 0 0 0 0 0 46.875 671.875
1306.91 1107.75 328.125 107.422 0 53.7109 46.875 163.433 63.4766 8.78906 420.051 1088.04 1643.47 2264.87 2891.2 2707.69 2227.16 1464.04 698.627 392.307 948.457 1592.03 2166.51 2873.57 3684.93 4424.36 4153.3 3356.42 2559.55 1747.05 1007.95 425.738 40.3454 0 0 87.8906 0 130.16 773.829 1506.13 2187.58 2822.41 3265.67 3934.24 4745.59 5542.47 6339.34 7020.61 6901.73 6616.96 6696.18 6197.27 5471.56 4869.86 4179.99 3705.13 3354.78 3024.7 2694.62 2730.75 2348.34 1895.44 1366.44 770.911 157.684 149.859 193.915 221.05 282.574 97.6563 0 0 0 0 1.95313 21.4844 231.342 757.223
1827.81 1125 328.125 269.249 63.4766 141.602 77.3566 255.022 29.2969 0 137.54 786.865 1577.21 2364.03 3152.86 3323.88 2590.99 1827.87 1346.77 1170.3 1489.19 2075.24 2718.98 3293.46 4015.01 4534.61 3894.42 3097.54 2300.67 1488.17 691.291 65.164 0 0 39.0625 0 0 11.7188 413.145 1186.58 1983.46 2780.33 3556.77 4247.5 5038.21 5835.09 6631.96 7423.15 7679.07 7413.45 7286.17 6599.66 5994.86 5318.96 4831.91 4481.73 4151.65 3821.57 3491.5 3380.11 2829.44 2122.2 1343.87 730.628 466.608 395.474 159.527 0 29.2969 85.1691 168.443 65.164 107.838 116.419 182.924 278.761 679.95 1139.18
2096.62 1299.75 613.278 558.653 78.125 240.888 71.2603 23.4375 210.308 68.3594 31.25 625 1421.88 2218.75 3031.25 3559.55 2954.82 2474.29 2141.93 1967.18 2264.9 2616.14 3202.36 3845.6 4433.75 4625.33 3875 3078.13 2281.25 1468.75 671.875 46.875 0 92.7734 121.094 35.1563 24.4141 0 222.934 981.234 1778.11 2574.98 3371.86 4168.73 4981.23 5778.11 6574.98 7371.86 8111.53 8183.99 7725.47 7121.81 6446.89 5966.64 5608.68 5278.6 4948.52 4618.45 4239.75 3565.83 2768.96 1972.08 1175.21 432.677 232.087 78.7377 0 15.625 264.227 706.074 882.458 691.291 736.596 770.632 928.347 993.068 1201.92 1638.59
2426.7 1738.51 1354.66 972.765 503.971 621.467 457.67 91.9357 283.897 373.176 254.184 730.662 1518.96 2315.83 3128.33 3797.51 3600.67 3268.88 2938.8 2764.05 3061.77 3391.85 3740.8 4329.81 4958.23 4671.09 3875 3078.13 2281.25 1468.75 671.875 46.875 19.5313 328.883 665.793 467.689 102.539 0 85.0303 787.722 1584.6 2381.47 3178.35 3975.22 4787.72 5584.6 6381.47 7178.35 7975.22 8626.71 8250.72 7572.87 7093.6 6742.27 6405.55 6075.48 5745.4 5366.7 4681.95 3870.02 3073.14 2276.27 1528.02 1085.82 927.009 569.477 392.013 434.838 797.544 1310.04 1616.14 1359.32 1543.25 1565.83 1562.47 1701.92 1969.8 2054.13
