public/models/data/input/map/sulut/800/mapdcenter.asc
NCOLS 310
NROWS 227
XLLCORNER 510063.019283
YLLCORNER 210717.685435
CELLSIZE 800.000000
NODATA_VALUE       -9999
[rows 165 to 197 of 227, columns 73 to 145 of 310]
46046 46376.1 46712.6 47042.7 47372.8 47680.1 48032.9 48369.5 48699.6 49029.6 49359.7 49689.8 50026.4 50356.4 50686.5 51016.6 51346.7 51683.2 52013.3 52343.4 52673.5 53003.6 53340.1 53670.2 54000.3 54330.3 54660.4 54735.6 54073.9 53277 52480.1 51683.3 50870.8 50073.9 49277 48480.1 47683.3 46870.8 46073.9 45277 44480.1 43683.3 42870.8 42073.9 41277 40480.1 39683.3 38870.8 38073.9 37277 36480.1 35683.3 34870.8 34073.9 33277 32480.1 31683.3 30870.8 30073.9 29277 28480.1 27683.3 26870.8 26073.9 25277 24480.1 23683.3 22870.8 22073.9 21277 20480.1 19688.1 18870.8
45249.1 45579.2 45915.8 46245.8 46575.9 46906 47236.1 47572.6 47902.7 48232.8 48562.8 48892.9 49229.5 49559.6 49889.6 50219.7 50549.8 50886.4 51216.4 51546.5 51876.6 52206.7 52543.2 52873.3 53203.4 53533.5 53863.6 54198.1 54257.9 53607.1 52810.2 52013.3 51200.8 50404 49607.1 48810.2 48013.3 47200.8 46404 45607.1 44810.2 44013.3 43200.8 42404 41607.1 40810.2 40013.3 39200.8 38404 37607.1 36810.2 36013.3 35200.8 34404 33607.1 32810.2 32013.3 31200.8 30404 29607.1 28810.2 28013.3 27200.8 26404 25597.1 24810.2 24013.3 23200.8 22404 21607.1 20810.2 20013.3 19200.9
44452.3 44782.3 45118.9 45449 45779 46109.1 46439.2 46775.7 47105.8 47435.9 47766 48096.1 48432.6 48762.7 49090.9 49435 49752.9 50089.5 50419.6 50749.6 51079.7 51409.8 51746.4 52076.4 52406.5 52736.6 53066.7 53403.2 53730.4 53787.4 53140.3 52343.4 51530.9 50734 49937.2 49140.3 48343.4 47530.9 46734 45937.2 45140.3 44343.4 43530.9 42734 41937.2 41140.3 40343.4 39530.9 38734 37937.2 37140.3 36343.4 35530.9 34734 33937.2 33140.3 32343.4 31530.9 30734 29937.2 29140.3 28343.4 27530.9 26734 25937.2 25140.3 24343.4 23530.9 22734 21937.2 21140.3 20343.4 19530.9
43655.4 43985.5 44322 44652.1 44982.2 45312.2 45642.3 45978.9 46308.9 46639 46969.1 47299.2 47635.7 47965.8 48295.9 48626 48956.1 49292.6 49622.7 49952.8 50282.8 50612.9 50949.5 51279.6 51609.6 51939.7 52269.8 52606.4 52941 53451.4 53453.9 52673.5 51861 51064.1 50267.2 49470.4 48673.5 47861 47064.1 46267.2 45470.4 44673.5 43861 43064.1 42267.2 41470.4 40673.5 39861 39064.1 38267.2 37470.4 36673.5 35861 35064.1 34267.2 33470.4 32673.5 31861 31064.1 30267.2 29470.4 28673.5 27861 27064.1 26267.2 25470.4 24673.5 23861 23064.1 22267.3 21470.4 20673.5 19861
42858.5 43188.6 43525.1 43855.2 44185.3 44515.4 44845.4 45182 45512.1 45842.1 46172.2 46502.3 46838.9 47168.9 47499 47829.1 48159.2 48495.7 48825.8 49155.9 49486 49816.1 50152.6 50482.7 50812.8 51142.8 51472.9 51812.3 52332.3 53110.3 53631.3 53003.6 52191.1 51394.2 50597.3 49800.4 49003.6 48191.1 47394.2 46597.3 45800.4 45003.6 44191.1 43394.2 42597.3 41800.4 41003.6 40191.1 39394.2 38597.3 37800.4 37003.6 36191.1 35394.2 34597.3 33800.4 33003.6 32191.1 31394.2 30597.3 29800.4 29003.6 28191.1 27394.2 26597.3 25800.4 25003.6 24191.1 23394.2 22597.3 21800.5 21003.6 20191.1
42046 42376.1 42712.6 43042.7 43372.8 43702.9 44032.9 44369.5 44699.6 45029.6 45359.7 45689.8 46026.4 46356.4 46686.5 47016.6 47346.7 47683.2 48013.3 48343.4 48673.5 49003.6 49340.1 49670.2 50000.3 50330.3 50663.3 51194.3 51976.9 52773.8 53536.4 53337.2 52527.6 51730.7 50933.9 50137 49340.1 48527.6 47730.7 46933.9 46137 45340.1 44527.6 43730.7 42933.9 42137 41340.1 40527.6 39730.7 38933.9 38137 37340.1 36527.6 35730.7 34933.9 34137 33340.1 32527.6 31730.7 30933.9 30137 29340.1 28527.6 27730.7 26933.9 26137 25340.1 24527.6 23730.7 22933.9 22137 21340.1 20527.6
41249.1 41579.2 41915.8 42245.8 42575.9 42906 43236.1 43572.6 43902.7 44232.8 44562.8 44892.9 45229.5 45559.6 45889.6 46219.7 46549.8 46886.4 47216.4 47546.5 47876.6 48206.7 48543.2 48873.3 49203.4 49538 50056.3 50850 51646.8 52443.7 53240.6 53596.9 52857.7 52060.8 51263.9 50467.1 49670.2 48857.7 48060.8 47263.9 46467.1 45670.2 44857.7 44060.8 43263.9 42467.1 41670.2 40857.7 40060.8 39263.9 38467.1 37670.2 36857.7 36060.8 35263.9 34467.1 33670.2 32857.7 32060.8 31263.9 30467.1 29670.2 28857.7 28060.8 27263.9 26502.1 25661.5 24857.7 24060.8 23263.9 22467.1 21670.2 20857.7
40452.3 40782.3 41118.9 41449 41779 42109.1 42439.2 42775.7 43105.8 43435.9 43766 44096.1 44432.6 44762.7 45092.8 45422.8 45752.9 46089.5 46419.6 46749.6 47079.7 47409.8 47746.4 48076.4 48411.7 48931.7 49707.4 50519.9 51316.8 52113.6 52910.5 53616 53187.8 52390.9 51594 50797.1 50000.3 49187.8 48390.9 47594 46797.1 46000.3 45187.8 44390.9 43594 42797.1 42000.3 41187.8 40390.9 39594 38797.1 38000.3 37187.8 36390.9 35594 34797.1 34000.3 33187.8 32390.9 31594 30797.1 30000.3 29187.8 28390.9 27594 26797.1 26000.3 25187.8 24390.9 23594 22797.1 22000.3 21187.8
39655.4 39985.5 40322 40652.1 40982.2 41312.2 41642.3 41978.9 42308.9 42639 42969.1 43299.2 43635.7 43965.8 44295.9 44626 44956.1 45292.6 45622.7 45952.8 46282.8 46612.9 46949.5 47284.1 47804.7 48580.4 49377.3 50189.8 50986.7 51783.5 52580.4 53377.3 53505.2 52721 51924.1 51127.2 50330.3 49517.8 48721 47924.1 47127.2 46330.3 45517.8 44721 43924.1 43127.2 42330.3 41517.8 40721 39924.1 39127.2 38330.3 37517.8 36721 35924.1 35127.2 34330.3 33517.8 32721 31924.1 31127.2 30330.3 29517.8 28721 27924.1 27127.2 26330.3 25517.8 24721 23924.1 23127.2 22330.4 21517.9
38858.5 39188.6 39525.1 39855.2 40185.3 40515.4 40845.4 41182 41512.1 41842.1 42172.2 42502.3 42838.9 43168.9 43499 43829.1 44159.2 44495.7 44825.8 45155.9 45486 45816.1 46155.5 46675.5 47453.5 48250.3 49047.2 49859.7 50656.6 51453.5 52250.3 53047.2 53640.6 53051 52254.2 51457.3 50660.4 49847.9 49051 48254.2 47457.3 46660.4 45847.9 45051 44254.2 43457.3 42660.4 41847.9 41051 40254.2 39457.3 38660.4 37847.9 37051 36254.2 35457.3 34660.4 33847.9 33051 32254.2 31457.3 30660.4 29847.9 29051 28254.2 27457.3 26660.4 25847.9 25051 24254.2 23457.3 22660.4 21847.9
38046 38376.1 38712.6 39042.7 39372.8 39702.9 40032.9 40369.5 40699.6 41029.6 41359.7 41689.8 42026.4 42356.4 42686.5 43016.6 43346.7 43683.2 44013.3 44343.4 44673.5 45006.4 45537.5 46320 47116.9 47913.8 48710.7 49523.2 50320 51116.9 51913.8 52710.7 53504.6 53385.8 52590.7 51793.8 50997 50184.5 49387.6 48590.7 47793.8 46997 46184.5 45387.6 44590.7 43793.8 42997 42184.5 41387.6 40590.7 39793.8 38997 38184.5 37387.6 36590.7 35793.8 34997 34184.5 33387.6 32590.7 31793.8 30997 30184.5 29387.6 28590.7 27793.8 26997 26184.5 25387.6 24567.4 23793.8 22997 22184.5
37249.1 37579.2 37915.8 38245.8 38575.9 38906 39236.1 39572.6 39902.7 40232.8 40562.8 40892.9 41229.5 41559.6 41889.6 42219.7 42549.8 42886.4 43216.4 43546.5 43881.2 44399.5 45193.1 45990 46786.8 47583.7 48380.6 49193.1 49990 50786.8 51583.7 52380.6 53193.1 53610 52920.8 52123.9 51327 50514.5 49717.7 48920.8 48123.9 47327 46514.5 45717.7 44920.8 44123.9 43327 42514.5 41717.7 40920.8 40123.9 39327 38514.5 37717.7 36920.8 36123.9 35327 34514.5 33717.7 32938.4 32108.1 31327 30514.5 29717.7 28920.8 28123.9 27327 26514.5 25717.7 24920.8 24123.9 23327.1 22476.4
36452.3 36782.3 37118.9 37449 37779 38109.1 38439.2 38775.7 39105.8 39435.9 39766 40096.1 40432.6 40762.7 41092.8 41422.8 41752.9 42089.5 42419.6 42754.8 43274.8 44050.5 44863 45659.9 46456.8 47253.6 48050.5 48863 49659.9 50456.8 51253.6 52050.5 52863 53581.5 53250.9 52454 51657.1 50844.6 50047.7 49250.9 48454 47657.1 46844.6 46047.7 45250.9 44454 43657.1 42844.6 42047.7 41250.9 40454 39657.1 38844.6 38047.7 37250.9 36454 35657.1 34844.6 34047.7 33250.9 32454 31657.1 30844.6 30047.7 29250.9 28454 27657.1 26844.6 26062.8 25224.3 24454 23657.1 22844.6
35655.4 35985.5 36322 36652.1 36982.2 37312.2 37642.3 37978.9 38308.9 38639 38969.1 39299.2 39635.7 39965.8 40295.9 40626 40956.1 41292.6 41627.3 42147.8 42923.5 43720.4 44532.9 45329.8 46126.7 46923.5 47720.4 48532.9 49329.8 50126.7 50923.5 51720.4 52532.9 53327.5 53539.2 52784.1 51987.2 51174.7 50377.8 49580.9 48784.1 47987.2 47174.7 46377.8 45580.9 44784.1 43987.2 43174.7 42377.8 41580.9 40784.1 39987.2 39139.3 38377.8 37580.9 36784.1 35987.2 35174.7 34377.8 33580.9 32784.1 31987.2 31174.7 30377.8 29580.9 28784.1 27987.2 27174.7 26377.8 25581 24784.1 23987.2 23174.7
34858.5 35188.6 35525.1 35855.2 36185.3 36515.4 36845.4 37182 37512.1 37842.1 38172.2 38502.3 38838.9 39168.9 39499 39829.1 40159.2 40498.6 41018.6 41796.6 42593.5 43390.3 44202.8 44999.7 45796.6 46593.5 47390.3 48202.8 48999.7 49796.6 50593.5 51390.3 52202.8 52999.7 53625.1 53114.1 52317.3 51504.8 50707.9 49911 49114.1 48317.3 47504.8 46707.9 45911 45114.1 44317.3 43504.8 42707.9 41911 41114.1 40317.3 39503 38707.9 37911 37114.1 36317.3 35504.8 34707.9 33911 33114.1 32317.3 31504.8 30707.9 29911 29114.1 28317.3 27504.8 26707.9 25911 25114.2 24317.3 23504.8
34046 34376.1 34712.6 35042.7 35372.8 35702.9 36032.9 36369.5 36699.6 37029.6 37359.7 37689.8 38026.4 38356.4 38686.5 39016.6 39349.5 39880.6 40663.2 41460 42256.9 43053.8 43866.3 44663.2 45460 46256.9 47053.8 47866.3 48663.2 49460 50256.9 51053.8 51866.3 52663.2 53448.6 53438.4 52653.8 51841.3 51044.4 50247.6 49450.7 48653.8 47841.3 47044.4 46247.6 45450.7 44653.8 43841.3 43044.4 42247.6 41450.7 40653.8 39841.3 39044.4 38247.6 37450.7 36653.8 35841.3 35044.4 34247.6 33450.7 32653.8 31841.3 31044.4 30247.6 29450.7 28653.8 27841.3 27044.4 26247.6 25450.7 24653.8 23841.3
33249.1 33579.2 33915.8 34245.8 34575.9 34906 35236.1 35572.6 35902.7 36232.8 36562.8 36892.9 37229.5 37559.6 37889.6 38224.3 38742.6 39536.2 40333.1 41130 41926.8 42723.7 43536.2 44333.1 45130 45926.8 46723.7 47536.2 48333.1 49130 49926.8 50723.7 51536.2 52333.1 53130 53624.1 52983.9 52171.4 51374.5 50577.6 49780.8 48983.9 48171.4 47374.5 46577.6 45780.8 44983.9 44171.4 43374.5 42577.6 41780.8 40983.9 40171.4 39374.5 38577.6 37780.8 36983.9 36171.4 35374.5 34577.6 33780.8 32983.9 32171.4 31374.5 30577.6 29780.8 28983.9 28171.4 27374.5 26577.7 25780.8 24983.9 24171.4
32452.3 32782.3 33118.9 33449 33779 34109.1 34439.2 34775.7 35105.8 35435.9 35766 36096.1 36432.6 36762.7 37097.9 37617.9 38393.6 39206.1 40003 40799.9 41596.8 42393.6 43206.1 44003 44799.9 45596.8 46393.6 47206.1 48003 48799.9 49596.8 50393.6 51206.1 52003 52799.9 53553.3 53312 52501.5 51704.6 50907.7 50110.8 49314 48501.5 47704.6 46907.7 46119.3 45306.6 44501.5 43704.6 42907.7 42110.8 41314 40501.5 39704.6 38907.7 38110.8 37314 36501.5 35704.6 34907.7 34110.8 33314 32501.5 31704.6 30907.7 30110.8 29314 28501.5 27704.6 26907.7 26110.9 25314 24501.5
31655.4 31985.5 32322 32652.1 32982.2 33312.2 33642.3 33978.9 34308.9 34639 34969.1 35299.2 35635.7 35970.4 36491 37266.7 38063.5 38876 39672.9 40469.8 41266.7 42063.5 42876 43672.9 44469.8 45266.7 46063.5 46876 47672.9 48469.8 49266.7 50063.5 50876 51672.9 52469.8 53266.7 53580.9 52831.5 52034.7 51237.8 50440.9 49644 48831.5 48034.7 47237.8 46457.1 45641.7 44831.5 44034.7 43237.8 42440.9 41644 40831.5 40034.7 39237.8 38440.9 37644 36831.5 36034.7 35237.8 34440.9 33644 32831.5 32034.7 31237.8 30440.9 29644.1 28831.6 28034.7 27237.8 26440.9 25644.1 24833.9
30858.5 31188.6 31525.1 31855.2 32185.3 32515.4 32845.4 33182 33512.1 33842.1 34172.2 34502.3 34841.7 35361.7 36139.7 36936.6 37733.5 38546 39342.8 40139.7 40936.6 41733.5 42546 43342.8 44139.7 44936.6 45733.5 46546 47342.8 48139.7 48936.6 49733.5 50546 51342.8 52139.7 52936.6 53628.5 53161.6 52364.7 51567.9 50771 49974.1 49161.6 48364.7 47567.9 46771 45974.1 45161.6 44364.7 43567.9 42771 41974.1 41161.6 40364.7 39567.9 38771 37974.1 37161.6 36364.7 35567.9 34771 33974.1 33161.6 32364.7 31567.9 30771 29974.1 29161.6 28364.8 27567.9 26771 25974.1 25331
30046 30376.1 30712.6 31042.7 31372.8 31702.9 32032.9 32369.5 32699.6 33029.6 33359.7 33692.7 34223.7 35006.3 35803.2 36600 37396.9 38209.4 39006.3 39803.2 40600 41396.9 42209.4 43006.3 43803.2 44600 45396.9 46209.4 47006.3 47803.2 48600 49396.9 50209.4 51006.3 51803.2 52600 53396.9 53490.3 52701.3 51904.4 51107.5 50310.7 49498.2 48701.3 47904.4 47107.5 46310.7 45498.2 44701.3 43904.4 43107.5 42310.7 41498.2 40701.3 39904.4 39107.5 38310.7 37498.2 36701.3 35904.4 35107.5 34310.7 33498.2 32701.3 31904.4 31107.5 30307.4 29496.2 28701.3 27904.4 27109.8 26480 26120.6
29249.1 29579.2 29915.8 30245.8 30575.9 30906 31236.1 31572.6 31902.7 32232.8 32567.4 33085.7 33879.3 34676.2 35473.1 36270 37066.8 37879.3 38676.2 39473.1 40270 41066.8 41879.3 42676.2 43473.1 44270 45066.8 45879.3 46676.2 47473.1 48270 49066.8 49879.3 50676.2 51473.1 52270 53066.8 53639.3 53031.4 52234.5 51437.6 50640.7 49828.2 49031.4 48234.5 47437.6 46640.7 45828.2 45031.4 44234.5 43437.6 42640.7 41828.2 41031.4 40234.5 39437.6 38640.7 37828.2 37031.4 36234.5 35437.6 34640.7 33828.2 33031.4 32234.5 31437.6 30654.9 29828.3 29031.4 28237.9 27610.4 27254 26917.5
28452.3 28782.3 29118.9 29449 29779 30109.1 30439.2 30775.7 31105.8 31441 31961 32736.8 33549.3 34346.1 35143 35939.9 36736.8 37549.3 38346.1 39143 39939.9 40736.8 41549.3 42346.1 43143 43939.9 44736.8 45549.3 46346.1 47143 47939.9 48736.8 49549.3 50346.1 51143 51939.9 52736.8 53520.6 53361.4 52564.6 51767.7 50970.8 50158.3 49361.4 48564.6 47767.7 46970.8 46158.3 45361.4 44564.6 43767.7 42970.8 42158.3 41361.4 40564.6 39767.7 38970.8 38158.3 37361.4 36564.6 35767.7 34970.8 34158.3 33361.4 32564.6 31767.7 30970.8 30158.3 29364.9 28738.5 28381 28050.9 27714.3
27655.4 27985.5 28322 28652.1 28982.2 29312.2 29642.3 29978.9 30313.5 30834.1 31609.8 32406.7 33219.2 34016.1 34812.9 35609.8 36406.7 37219.2 38016.1 38812.9 39609.8 40406.7 41219.2 42016.1 42812.9 43609.8 44406.7 45219.2 46016.1 46812.9 47609.8 48406.7 49219.2 50016.1 50812.9 51609.8 52406.7 53219 53599.9 52894.6 52097.8 51300.9 50488.4 49691.5 48894.6 48097.8 47300.9 46488.4 45691.5 44894.6 44097.8 43300.9 42488.4 41691.5 40894.6 40097.8 39300.9 38488.4 37691.5 36894.6 36097.8 35300.9 34488.4 33691.5 32894.7 32086.9 31300.9 30490.7 29864.3 29507.9 29177.8 28847.8 28511.2
26858.5 27188.6 27525.1 27855.2 28185.3 28515.4 28845.5 29184.9 29704.9 30482.9 31279.7 32076.6 32889.1 33686 34482.8 35279.7 36076.6 36889.1 37686 38482.8 39279.7 40076.6 40889.1 41686 42482.8 43279.7 44076.6 44889.1 45686 46482.8 47279.7 48076.6 48889.1 49686 50482.8 51310.9 52076.6 52889.1 53596.2 53224.7 52427.9 51631 50818.5 50021.6 49224.7 48427.9 47631 46818.5 46021.6 45224.7 44427.9 43631 42818.5 42021.6 41224.7 40427.9 39631 38818.5 38021.6 37224.7 36427.9 35631 34818.5 34021.6 33224.7 32427.9 31631 30987.8 30634.9 30304.8 29974.7 29644.6 29308.1
26046 26376.1 26712.6 27042.7 27372.8 27702.9 28035.8 28566.9 29349.4 30146.3 30943.2 31740.1 32552.5 33349.4 34146.3 34943.2 35740 36552.5 37349.4 38146.3 38943.2 39740 40552.5 41349.4 42146.3 42943.2 43740 44552.5 45349.4 46146.3 46943.2 47740 48552.5 49349.4 50146.3 50943.2 51740 52552.5 53346.8 53525.3 52764.4 51967.5 51155 50358.2 49561.3 48764.4 47967.5 47155 46358.2 45561.3 44764.4 43967.5 43155 42358.2 41561.3 40764.4 39967.5 39155 38358.2 37561.3 36764.4 35967.5 35155 34358.2 33561.3 32766.7 32136.9 31777.4 31447.4 31117.3 30787.2 30457.1 30120.6
25249.2 25579.2 25915.8 26245.9 26575.9 26910.6 27428.9 28222.5 29019.4 29816.2 30613.1 31410 32222.5 33019.3 33816.2 34613.1 35410 36222.5 37019.3 37816.2 38613.1 39410 40222.5 41019.3 41816.2 42613.1 43410 44222.5 45019.3 45816.2 46613.1 47410 48222.5 49019.3 49816.2 50613.1 51410 52222.5 53019.3 53628.2 53094.5 52297.6 51485.1 50688.2 49891.4 49094.5 48297.6 47485.1 46688.2 45891.4 45094.5 44297.6 43485.1 42688.2 41891.4 41094.5 40297.6 39485.1 38688.2 37891.4 37094.5 36297.6 35485.1 34688.2 33894.8 33267.2 32910.9 32574.3 32244.2 31914.1 31584.1 31254 30917.4
24452.3 24782.4 25118.9 25449 25784.2 26304.2 27079.9 27892.4 28689.3 29486.2 30283 31079.9 31892.4 32689.3 33486.1 34283 35079.9 35892.4 36689.3 37486.1 38283 39079.9 39892.4 40689.3 41486.1 42283 43079.9 43892.4 44689.3 45486.1 46283 47079.9 47892.4 48689.3 49486.1 50283 51079.9 51892.4 52689.3 53467.8 53414.2 52627.7 51815.2 51018.3 50221.4 49424.6 48627.7 47815.2 47018.3 46221.4 45424.6 44627.7 43815.2 43018.3 42221.4 41424.6 40627.7 39815.2 39018.3 38221.4 37424.6 36627.7 35815.2 35021.7 34395.3 34037.8 33707.7 33371.2 33041.1 32711 32380.9 32050.9 31714.3
23655.4 23985.5 24322 24656.7 25177.3 25953 26749.8 27562.3 28359.2 29156.1 29952.9 30749.8 31562.3 32359.2 33156.1 33952.9 34749.8 35562.3 36359.2 37156.1 37952.9 38749.8 39562.3 40359.2 41156.1 41952.9 42749.8 43562.3 44359.2 45156.1 45952.9 46749.8 47562.3 48359.2 49156.1 49952.9 50749.8 51562.3 52359.2 53156.1 53620.5 52957.8 52145.3 51348.4 50551.5 49754.6 48957.8 48145.3 47348.4 46551.5 45754.6 44957.8 44145.3 43348.4 42551.5 41754.6 40957.8 40145.3 39348.4 38551.5 37754.6 36957.8 36147.6 35521.2 35164.8 34834.7 34504.6 34168 33838 33507.9 33177.8 32847.7 32511.2
22858.5 23188.6 23528 24048 24826 25622.9 26419.8 27232.3 28029.1 28826 29622.9 30419.7 31232.2 32029.1 32826 33622.9 34419.7 35232.2 36029.1 36826 37622.9 38419.7 39232.2 40029.1 40826 41622.9 42419.7 43232.2 44029.1 44826 45622.9 46419.7 47232.2 48029.1 48826 49622.9 50419.7 51232.2 52029.1 52826 53569.6 53287.1 52475.3 51678.5 50881.6 50084.7 49278.6 48475.3 47678.5 46881.6 46084.7 45287.8 44475.3 43678.5 42881.6 42084.7 41287.8 40475.3 39678.5 38881.6 38084.7 37287.8 36644.7 36291.7 35961.6 35631.6 35301.5 34964.9 34634.8 34304.8 33974.7 33644.6 33308.1
22046 22379 22910 23692.6 24489.5 25286.3 26083.2 26895.7 27692.6 28489.5 29286.3 30083.2 30895.7 31692.6 32489.4 33286.3 34083.2 34895.7 35692.6 36489.4 37286.3 38083.2 38895.7 39692.6 40489.4 41286.3 42083.2 42895.7 43692.6 44489.4 45286.3 46083.2 46895.7 47692.6 48489.4 49286.3 50083.2 50895.7 51692.6 52489.4 53286.3 53571.7 52811.9 52015 51218.2 50421.3 49624.4 48811.9 48015 47218.2 46421.3 45624.4 44811.9 44015 43218.2 42421.3 41624.4 40811.9 40015 39218.2 38423.6 37793.7 37434.3 37104.2 36774.1 36444.1 36114 35777.4 35447.3 35117.3 34787.2 34457.1 34120.6
21253.7 21772 22565.6 23362.5 24159.4 24956.3 25753.1 26565.6 27362.5 28159.4 28956.2 29753.1 30565.6 31362.5 32159.4 32956.2 33753.1 34565.6 35362.5 36159.4 36956.2 37753.1 38565.6 39362.5 40159.4 40956.2 41753.1 42565.6 43362.5 44159.4 44956.2 45753.1 46565.6 47362.5 48159.4 48956.2 49753.1 50565.6 51362.5 52159.4 52956.2 53629.9 53142 52345.1 51548.2 50751.4 49954.5 49142 48345.1 47548.2 46737.3 45954.5 45142 44345.1 43548.2 42751.4 41954.5 41142 40345.1 39551.7 38924.1 38567.7 38231.2 37901.1 37571 37240.9 36894.2 36574.3 36244.2 35914.1 35584.1 35254 34917.4
20647.4 21423.1 22235.6 23032.4 23829.3 24626.2 25423.1 26235.6 27032.4 27829.3 28626.2 29423 30235.5 31032.4 31829.3 32626.2 33423 34235.5 35032.4 35829.3 36626.2 37423 38235.5 39032.4 39829.3 40626.2 41423 42235.5 43032.4 43829.3 44626.2 45423 46235.5 47032.4 47829.3 48626.2 49423 50235.5 51032.4 51829.3 52626.2 53422.4 53465.6 52675.2 51878.3 51081.4 50284.6 49472.1 48675.2 47878.3 47080.4 46284.6 45472.1 44675.2 43878.3 43081.4 42284.6 41472.1 40678.6 40052.2 39694.7 39364.6 39028 38698 38367.9 38037.8 37731.9 37371.2 37041.1 36711 36380.9 36050.9 35714.3
