public/models/data/input/map/sulut/800/mapdplant.asc
NCOLS 310
NROWS 227
XLLCORNER 510063.019283
YLLCORNER 210717.685435
CELLSIZE 800.000000
NODATA_VALUE       -9999
[rows 102 to 135 of 227, columns 152 to 227 of 310]
-9999 -9999 -9999 -9999 -9999 -9999 -9999 -9999 -9999 -9999 -9999 -9999 -9999 -9999 -9999 -9999 -9999 -9999 -9999 -9999 -9999 -9999 1957.11 1335.97 491.214 41.7265 0 0 0 0 0 0 0 0 108.398 125.977 39.0625 291.497 376.532 291.918 8.78906 0 98.841 451.514 31.25 0 0 0 0 0 0 0 0 0 30.2734 181.219 121.371 773.284 1238.98 1621.34 2216.85 2991.42 3788.29 4600.79 5397.67 6194.54 6980.88 7521.57 7625 7683.25 7987.44 8317.51 8647.59 8936.1 8724.37 8394.29
-9999 -9999 -9999 -9999 -9999 -9999 -9999 -9999 -9999 -9999 -9999 -9999 -9999 -9999 -9999 -9999 -9999 -9999 -9999 -9999 -9999 -9999 2364.03 1610.32 895.991 200.918 0 0 0 0 0 0 0 0 23.4375 15.625 0 19.5313 1.95313 31.25 5.85938 0 78.125 235.069 0 0 0 0 0 0 0 0 0 0 0 9.76563 27.3438 288.711 492.103 1089.33 1864.47 2661.34 3458.22 4270.72 5067.59 5864.47 6661.34 7458.22 8163.78 8470.97 8784.31 9114.39 9444.46 9726.47 9521.24 9191.16
-9999 -9999 -9999 -9999 -9999 -9999 -9999 -9999 -9999 -9999 -9999 -9999 -9999 -9999 -9999 -9999 -9999 -9999 -9999 -9999 -9999 -9999 2493.94 2004.74 1231.18 545.63 29.2969 0 0 0 0 0 0 0 0 0 0 0 0 0 0 0 53.7109 29.2969 0 0 0 0 0 0 0 0 0 0 171.592 43.9453 0 0 116.685 834.597 1631.47 2428.35 3225.22 4037.72 4834.6 5631.47 6428.35 7225.22 8005.08 8543.8 8887.82 9217.89 9605.18 10132.6 10267.9 9988.04
-9999 -9999 -9999 -9999 -9999 -9999 -9999 -9999 -9999 -9999 -9999 -9999 -9999 -9999 -9999 -9999 -9999 -9999 -9999 -9999 -9999 -9999 -9999 1737.42 1117.04 377.85 9.76563 0 0 0 0 0 0 0 0 0 0 0 0 0 0 0 0 0 0 14.6484 34.1797 0 0 0 0 0 0 0 198.237 200.289 40.8481 108.398 112.848 685.029 1478.55 2275.43 3072.3 3884.8 4681.68 5478.55 6272.26 6997.62 7431.44 7761.52 8091.59 8483.45 9041.78 9607.15 10352.3 10730.5
-9999 -9999 -9999 -9999 -9999 -9999 -9999 -9999 -9999 -9999 -9999 -9999 -9999 -9999 -9999 -9999 -9999 -9999 -9999 -9999 -9999 -9999 -9999 527.87 693.664 171.875 0 0 0 0 0 0 0 0 0 0 0 0 0 0 0 0 0 0 0 0 0 0 0 0 0 0 0 1.95313 277.073 744.463 443.153 729.652 616.958 897.108 1614.47 2411.34 3208.22 4020.72 4801.61 5469.14 5950.09 6298.02 6634.57 6964.64 7358.79 7913.11 8469.15 9234.17 10031 10769.1
-9999 -9999 -9999 -9999 -9999 -9999 -9999 -9999 -9999 -9999 -9999 -9999 -9999 -9999 -9999 -9999 -9999 -9999 -9999 -9999 -9999 -9999 0 120.617 145.855 92.0051 0 0 0 0 0 0 0 2.92969 11.7188 0 0 0 0 0 0 0 0 0 0 0 0 0 0 0 0 0 0 15.625 508.832 947.71 1081.99 1413.22 1413.83 1614.47 2025.78 2741.42 3538.29 4194.75 4506.89 4840.99 5171.07 5501.14 5837.69 6231.84 6785.59 7344.49 8091.59 8904.09 9652.66 10117
-9999 -9999 -9999 -9999 -9999 -9999 -9999 -9999 -9999 -9999 -9999 -9999 -9999 -9999 -9999 -9999 -9999 -9999 -9999 -9999 -9999 0 0 0 0 0 0 0 0 0 0 0 0 1.95313 27.3438 0 0 0 0 0 0 0 0 0 0 0 0 0 0 0 39.0625 24.4141 48.8281 1.95313 170.546 297.552 823.806 1473.09 1828.59 2184.42 2645.33 3147.78 3671.6 3610.49 3714.04 4044.12 4374.19 4704.27 5102.6 5659.21 6217.54 6964.64 7761.52 8528.67 8990.32 9417.25
-9999 -9999 -9999 -9999 -9999 -9999 -9999 -9999 -9999 -9999 -9999 -9999 -9999 -9999 -9999 -9999 -9999 -9999 -9999 -9999 -9999 0 25.4065 0 0 0 43.9453 210.308 234.375 151.714 123.255 72.4044 0 0 78.125 0 0 0 0 0 0 0 0 0 0 0 0 0 0 0 9.76563 0 0 0 0 135.95 442.933 772.506 1245.44 1774.16 2552.16 3197.59 3062.48 2813.61 2917.16 3247.24 3577.32 3964.6 4533.97 5088.3 5837.69 6634.57 7392.01 7864.08 8286.87 9019.67
-9999 -9999 -9999 -9999 -9999 -9999 -9999 -9999 -9999 -9999 -9999 -9999 -9999 -9999 -9999 -9999 -9999 -9999 -9999 -9999 -9999 0 104.582 0 0 74.427 234.231 156.944 210.308 78.125 29.2969 327.155 294.206 0 0 0 0 0 0 0 0 0 0 0 0 24.4141 0 0 0 0 0 0 0 0 9.76563 14.6484 0 195.313 642.633 1425.21 2219.36 2542.53 2250.65 2001.11 2104.66 2434.74 2826.6 3384.93 3950.3 4704.27 5501.14 6252.67 6715.03 7146.58 7886.25 8671.56
-9999 -9999 -9999 -9999 -9999 -9999 -9999 -9999 -9999 -9999 -9999 -9999 -9999 -9999 -9999 -9999 -9999 -9999 -9999 -9999 -9999 41.2844 80.0781 0 0 0 0 0 0 0 0 61.1596 381.213 58.5938 0 0 0 0 9.76563 0 0 0 0 6.83594 37.1094 0 0 0 0 0 0 0 9.76563 9.76563 9.76563 0 0 0 531.25 1328.13 1975 1767.18 1453.78 1204.24 1307.79 1701.94 2256.26 2812.3 3577.32 4374.19 5122.76 5587.37 6010.87 6759.3 7544.11 8247.99
-9999 -9999 -9999 -9999 -9999 -9999 -9999 -9999 -9999 -9999 -9999 -9999 -9999 -9999 -9999 -9999 -9999 -9999 -9999 -9999 96.1538 111.458 22.4609 0 0 0 0 0 0 0 66.1405 109.081 417.538 369.27 82.0313 0 0 0 39.0625 0 0 0 0 17.5781 26.3672 0 0 0 0 0 0 29.2969 39.0625 14.6484 14.6484 0 0 0 531.25 1328.13 1772.92 1120.76 665.319 415.941 574.984 1128.73 1687.63 2434.74 3247.24 3995.81 4460.18 4887.35 5616.72 6417.66 7121.04 7894.29
-9999 -9999 -9999 -9999 -9999 -9999 -9999 -9999 -9999 -9999 -9999 -9999 -9999 -9999 -9999 -9999 -9999 -9999 -9999 -9999 260.997 197.289 4.88281 0 0 0 0 0 0 0 161.578 367.015 194.961 686.877 237.218 0 0 0 0 0 0 48.8281 24.4141 9.76563 0 0 0 24.4141 0 0 0 123.047 62.5 8.78906 217.421 11.7188 0 19.5313 557.138 1354.01 1661.86 925.206 248.32 48.8281 111.132 560.683 1307.79 2104.66 2871.81 3333.46 3760.4 4489.77 5276.59 5993.08 6767.34 7564.21
-9999 -9999 -9999 -9999 -9999 -9999 -9999 -9999 -9999 -9999 -9999 -9999 -9999 -9999 -9999 -9999 -9999 -9999 905.33 664.165 223.616 22.2934 0 0 0 0 0 0 0 0 23.6745 104.325 153.038 723.398 296.882 0 0 0 0 0 0 0 0 0 0 0 48.8281 0 0 0 0 238.628 628.406 475.794 609.425 171.662 58.5938 112.652 795.242 1587.93 1952.87 1318.06 784.335 176.128 218.398 646.39 1343.93 1833.83 2207.22 2630.01 3362.82 4149.64 4851.01 5640.39 6437.26 7234.14
-9999 -9999 -9999 -9999 -9999 -9999 -9999 -9999 -9999 -9999 -9999 -9999 -9999 -9999 -9999 -9999 -9999 -9999 502.961 212.135 14.6484 0 0 0 0 0 0 0 0 0 0 3.90625 234.717 855.861 573.546 149.021 0 0 0 0 0 0 0 4.88281 0 0 0 0 0 0 14.6484 295.836 978.96 1272.59 1226.11 852.443 663.77 642.633 1159.2 1901.73 2367.58 1879.9 1143.96 362.716 166.64 721.308 989.612 1072.3 1489.73 2229.39 3014.71 3717.08 4491.34 5303.84 6100.71 6897.59
-9999 -9999 -9999 -9999 -9999 -9999 -9999 -9999 -9999 -9999 -9999 -9999 -9999 -9999 -9999 -9999 -9999 -9999 0 0 0 0 0 0 0 0 0 0 0 0 0 33.2031 370.107 800.132 571.303 171.078 0 0 0 0 39.0625 9.76563 0 43.9453 0 0 0 0 0 0 0 88.5033 741.287 1527.08 1853.3 1649.32 1456.46 1425.21 1771.87 2289.58 2799.08 2214.04 1417.16 648.14 282.851 141.879 246.984 400.953 1128 1893.08 2591.14 3364.39 4161.26 4973.76 5770.64 6567.51
-9999 -9999 -9999 -9999 -9999 -9999 -9999 -9999 -9999 -9999 -9999 -9999 -9999 -9999 -9999 -9999 -9999 -9999 6.21891 19.5313 0 0 0 0 0 0 0 0 24.4141 0 0 72.2656 197.821 184.779 60.5469 0 0 0 0 0 0 0 0 0 0 0 0 0 0 0 0 31.25 518.401 1094.64 1696 2270.85 2252.33 2222.08 2552.16 2899.97 3181.46 2544.12 1787.28 1313.59 826.049 281.817 100.586 452.555 936.702 1474.31 2237.44 3034.31 3831.19 4643.69 5440.56 6237.44
-9999 -9999 -9999 -9999 -9999 -9999 -9999 -9999 -9999 -9999 -9999 -9999 -9999 -9999 -9999 -9999 -9999 -9999 99.4318 0 0 0 0 0 0 0 0 0 48.8281 0 0 96.6797 44.9219 0 0 63.4766 0 0 0 0 0 0 0 0 0 0 0 0 0 0 0 0 111.467 621.108 1412.26 2209.14 2845.19 3018.96 3349.03 3679.11 3631.68 2915.38 2450.38 1949.11 1377.92 753.528 154.297 59.7091 408.291 1162.26 1959.14 2756.01 3552.89 4365.39 5162.26 5959.14
-9999 -9999 -9999 -9999 -9999 -9999 -9999 -9999 -9999 -9999 -9999 -9999 -9999 -9999 -9999 -9999 -9999 125 29.8805 0 0 0 0 0 0 0 0 0 0 0 0 52.7344 79.1016 0 0 73.2422 9.76563 0 0 9.76563 78.125 58.5938 0 0 0 0 0 0 0 0 63.4766 200.542 456.531 929.076 1625.84 2422.72 3217.97 3796.36 4145.91 4433.28 4041.19 3577.33 3085.56 2507.29 1839.56 1077.74 424.929 168.385 630.476 1379.19 2172.72 2969.59 3766.47 4578.97 5375.84 6172.72
-9999 -9999 -9999 -9999 -9999 -9999 -9999 -9999 -9999 -9999 -9999 -9999 -9999 -9999 -9999 -9999 0 13.089 0 0 0 0 0 0 0 0 0 0 0 0 0 19.5313 53.7109 0 0 0 0 0 29.2969 19.5313 0 0 0 0 0 0 0 0 0.976563 25.3906 482.273 935.18 1225.41 1592.63 2067.65 2760.98 3556.14 4347.09 4943.82 5088.66 4716.54 4225.11 3656.34 2974.33 2212.31 1561.31 1046.46 884.803 1239.08 1766.62 2513.12 3306.14 4103.01 4915.51 5712.39 6509.26
-9999 -9999 -9999 -9999 -9999 -9999 -9999 -9999 -9999 -9999 -9999 -9999 -9999 -9999 -9999 -9999 0 119.617 0 0 0 0 0 0 0 0 0 0 0 0 0 0 0 0 0 0 0 0 24.4141 0 0 0 0 0 0 15.625 3.90625 9.76563 146.525 343.578 782.08 1530.72 2018.3 2359.51 2720.8 3195.74 3888.5 4683.09 5486.43 5819.91 5352.4 4780.87 4115.56 3339.26 2688.83 2174.56 1817.59 1681.68 2005.95 2367.25 2895.53 3640.24 4433.09 5245.59 6042.46 6816.89
-9999 -9999 -9999 -9999 -9999 -9999 -9999 -9999 -9999 -9999 -9999 -9999 -9999 -9999 -9999 -9999 106.383 129.137 0 0 0 0 0 0 19.5313 29.2969 0 0 74.427 0 0 0 0 0 0 0 0 0 0 0 0 0 0 0 0 32.2266 52.7344 171.662 739.786 1087.93 1389.03 1909.03 2653.91 3153.2 3486.79 3848.16 4322.7 5006.3 5798.21 6349.76 5907.01 5241.85 4480.69 3815.21 3301.51 2944.54 2614.47 2478.55 2802.16 3133.24 3494.6 4022.48 4767.02 5575.67 6372.54 6952.44
-9999 -9999 -9999 -9999 -9999 -9999 -9999 -9999 -9999 -9999 -9999 -9999 -9999 -9999 -9999 0 0 48.8281 0 0 0 0 0 0 0 0 15.625 124.301 135.881 63.4766 0 0 0 0 0 0 0 0 0 0 0 0 0 0 0 46.875 536.133 774.677 1235.57 1744.11 2077.79 2457.88 2929.92 3398.52 3732.73 4063.81 4402.82 4883.92 5659.8 6422.66 6361.1 5608.22 4953.21 4427.31 4071.5 3741.42 3411.34 3275.43 3599.03 3929.11 4260.19 4621.15 5147.48 5909.09 6697.49 6829.23
-9999 -9999 -9999 -9999 -9999 -9999 -9999 -9999 -9999 0 0 -9999 -9999 0 76.087 48.913 108.268 68.3594 48.8281 24.4141 0 0 0 4.88281 67.5216 84.1926 116.211 248.181 112.652 0 0 0 0 0 0 0 0 0 0 0 0 0 156.597 231.515 81.3323 269.665 754.655 1033.55 1062.69 1276.44 1739.8 2213.64 2378.33 2647.75 2977.82 3307.9 3763.83 4517.23 5329.73 6126.6 6595.45 6080.16 5561.88 5198.45 4868.37 4538.29 4208.22 4072.3 4395.91 4725.98 5056.06 5386.81 5746.89 6285.31 6854.94 6483.79
-9999 -9999 -9999 -9999 0 -9999 -9999 31.25 54.1126 6.83594 7.8125 4.23729 478.996 426.245 161.774 90.8203 93.75 64.4531 5.85938 92.9122 7.8125 0 53.7109 0 247.499 416.341 273.086 24.4141 24.4141 0 0 0 0 0 0 0 0 0 0 0 78.6396 447.857 734.633 817.217 253.219 78.125 245.182 279.014 287.942 601.232 1199.11 1508.16 1565.83 1835.25 2166.47 2626.97 3383.8 4180.68 4993.18 5790.05 6565.35 6687.29 6347.49 6010.95 5680.87 5350.79 5020.72 4884.8 5208.41 5538.48 5868.56 6198.64 6528.71 6870.14 6657.9 5949.69
-9999 -9999 0 45.0413 134.015 0 0 69.4444 21.4844 332.471 288.457 271.965 783.116 955.939 463.73 125 96.6797 256.484 319.053 236.531 76.1719 23.4375 102.539 29.2969 224.731 774.122 318.441 0 0 0 0 0 0 0 0 0 0 0 0 13.6719 386.807 533.859 421.875 388.54 68.9721 0 0 0 1.95313 159.902 747.45 730.794 770.632 1039.52 1501.17 2256.85 3053.73 3850.6 4663.1 5459.98 6256.85 6997.99 7128.34 6807.82 6477.74 6147.67 5817.59 5681.68 6005.28 6335.36 6665.43 6995.51 7308.65 7109.9 6339.26 5542.39
0 0 0 0 117.188 86.8566 115.708 4.88281 41.9922 294.12 797.346 956.93 953.265 655.644 452.167 50.5155 82.0313 316.193 157.013 72.2656 310.415 48.3255 244.141 56.6406 250.694 507.185 97.5006 14.6484 14.6484 0 0 0 0 0 0 0 0 0 0 76.7846 240.258 47.3489 0 104.7 23.4375 0 0 0 15.625 93.75 300.707 92.9816 116.419 392.487 1149.32 1946.19 2743.07 3539.94 4352.44 5149.32 5946.19 6743.07 7486.18 7599.06 7274.62 6944.54 6614.47 6478.55 6802.16 7132.23 7462.31 7772.55 7584.25 6806.06 6009.18 5212.31
0 0 0 33.2031 91.7969 241.096 346.016 9.76563 115.512 117.326 619.415 905.34 589.805 59.7091 204.53 231.845 203.125 331.674 0 136.049 509.507 58.2586 386.644 70.3125 81.1935 305.937 27.3438 78.125 379.457 130.16 11.7188 0 0 0 0 0 0 0 0 49.4696 32.7005 0 0 189.87 7.8125 26.3672 195.313 255.507 182.964 31.25 15.625 0 135.043 414.012 1162.26 1959.14 2756.01 3552.89 4365.39 5162.26 5959.14 6756.01 7552.89 8094.62 7830 7499.92 7184.41 7171.06 7499.92 7830 8031.22 7875.86 7284.18 6475.98 5679.11 4882.23
0 48.8281 0 93.75 83.9844 411.29 279.541 4.88281 320.099 75.1953 188.991 212.608 321.186 107.422 178.081 71.2891 113.559 443.632 24.4141 36.9418 409.486 35.1563 269.388 29.2969 11.7188 142.087 172.852 499.088 910.191 773.829 468.532 232.699 9.76563 0 0 0 0 0 0 0 0 0 0 236.745 58.5938 32.2266 480.107 328.12 112.652 0 0 177.66 695.214 1085.82 1528.02 2276.27 3073.14 3870.02 4682.52 5479.39 6276.27 7073.14 7692.06 7553.84 7223.76 6893.69 6589.5 6725.41 7061.96 7392.04 7446.3 7124.27 6785.59 6145.91 5349.03 4552.16
0 24.4141 0 68.4982 201.098 170.159 570.772 84.5277 266.377 316.691 41.9922 58.5938 146.831 141.041 309.987 395.78 324.635 552.021 112.652 88.1682 255.364 9.76563 107.769 118.569 29.9383 24.4141 370.263 983.005 1536.83 1558.6 1218.61 618.379 47.921 0 0 0 0 0 0 0 0 0 0 245.117 62.5 0 95.0042 639.153 401.774 23.4375 78.6396 568.773 1257.16 1822.1 2226.48 2666.59 3409.69 4206.57 5019.07 5815.94 6612.02 7214.89 7077.89 6741.34 6411.26 6081.19 5777 5912.91 6249.46 6579.54 6633.8 6311.77 6014.05 5735.4 5023.81 4228.55
31.25 3.90625 0 47.8516 235.352 50.7525 494.212 266.683 138.614 526.276 71.2891 184.386 208.465 103.793 134.067 62.5 31.25 304.197 78.125 71.0928 133.495 0 0 266.977 274.589 5.85938 175.164 804.031 1615.05 1967.06 1537.75 924.105 293.352 0 0 0 0 0 0 0 0 7.8125 128.068 174.314 15.625 0 62.5 697.399 826.53 363.166 551.53 1096.7 1695.72 2394.99 2948.34 3352.76 3795.26 4536.64 5349.14 6146.02 6760.02 6611.09 6281.01 5944.46 5614.39 5284.31 4980.12 5116.04 5452.59 5782.66 5836.93 5514.9 5217.18 5018.96 4843.63 4319.12
438.819 151.714 2.92969 14.6484 5.85938 23.4375 351.766 372.829 124.023 561.033 77.3566 146.941 420.015 105.469 71.2891 188.824 269.809 98.9104 63.4766 32.7005 105.203 0 0 370.055 605.923 107.838 336.32 1030.9 1806.75 1680.76 965.116 601.495 273.6 0 0 0 0 0 0 0 23.4375 152.801 563.495 98.841 0 0 31.25 305.377 836.03 1107.43 1280.33 1678.48 2224.22 2835.51 3519.99 4075.05 4479.72 4920.49 5679.22 6436.65 6397.81 5863.98 5484.14 5147.59 4817.51 4487.44 4183.25 4319.16 4655.71 4985.79 5040.05 4718.02 4420.3 4222.08 4125 4096.47
152.968 220.212 178.081 71.5667 59.7091 253.763 265.551 502.568 251.18 563.055 97.6275 92.1032 293.94 26.3672 175.458 50.7525 0 0 0 0 83.0078 0 68.3594 668.555 437.107 32.2266 451.897 1145.78 1851.98 1422.76 637.944 60.2118 1.95313 0 0 0 0 0 156.262 397.93 502.307 635.253 585.611 107.422 0 0 0 9.76563 544.194 1331.5 1976.33 2383.22 2803.14 3363.37 3962.87 4646.94 5202.24 5607.34 6049.54 6272.86 5887.06 5278.77 4734.74 4350.71 4020.64 3690.56 3386.37 3522.29 3858.84 4188.91 4243.18 3921.15 3623.43 3425.21 3328.13 3441.19
0 9.76563 122.417 251.74 1.95313 92.0745 248.324 42.0616 145.924 609.226 185.224 193.048 222.096 313.888 65.4009 166.808 0 107.769 161.48 19.5313 0 0 78.125 634.26 312.981 46.875 670.367 1440.73 1855.94 1149.99 545.606 118.303 0 0 0 0 0 73.2422 679.309 1121.64 838.761 302.251 138.181 0 0 0 0 0 531.25 1256.47 1776.54 2429.49 3171.31 3850.97 4480.84 5089.41 5775.84 6289.45 6289.24 5671.76 5187.3 4762.06 4151.82 3596.74 3223.76 2893.69 2589.5 2725.41 3061.96 3393.02 3447.78 3124.27 2826.55 2628.33 2531.25 2647.75
24.4141 0 0 59.5703 249.023 281.25 306.722 20.9123 491.9 862.931 224.662 175.152 93.75 275.807 0 2.92969 36.7743 506.046 737.419 297.078 39.0625 0 0 254.6 19.5313 163.294 864.382 1659.58 1764.05 967.18 231.637 1.95313 0 0 0 0 8.78906 234.717 900.608 1359.98 670.807 66.5451 0 0 0 0 0 0 328.189 647.805 1296.38 2073.14 2870.02 3682.52 4479.39 5269.77 5992.37 6007.17 5654.71 5204.29 4535.48 4046.37 3624.23 3002.77 2458.74 2081.19 1777 1912.91 2252.56 2598.28 2641.38 2311.77 2014.05 1815.83 1718.75 1835.25
