public/models/data/input/map/sulut/800/mapdset.asc
NCOLS 310
NROWS 227
XLLCORNER 510063.019283
YLLCORNER 210717.685435
CELLSIZE 800.000000
NODATA_VALUE       -9999
[rows 33 to 65 of 227, columns 219 to 291 of 310]
-9999 -9999 -9999 -9999 -9999 -9999 -9999 -9999 -9999 -9999 -9999 -9999 -9999 -9999 -9999 -9999 -9999 -9999 -9999 -9999 -9999 -9999 -9999 -9999 -9999 -9999 -9999 -9999 -9999 -9999 -9999 -9999 -9999 -9999 -9999 5208.2 3264.39 2587.5 2141.3 1807.79 1866.04 2213.46 2565.24 2079.14 1322.17 713.5 862.246 1522.22 1946.37 1461.75 698.627 508.693 1096.2 841.507 447.84 226.349 312.172 912.262 1670.55 1463.09 698.627 358.729 344.753 532.229 1004.16 1040.81 945.293 1105.06 454.415 366.751 -9999 -9999 -9999
-9999 -9999 -9999 -9999 -9999 -9999 -9999 -9999 -9999 -9999 -9999 -9999 -9999 -9999 -9999 -9999 -9999 -9999 -9999 -9999 -9999 -9999 -9999 -9999 -9999 -9999 -9999 -9999 -9999 -9999 -9999 -9999 -9999 -9999 5319.73 4426.16 3712.74 3267.1 2934.74 2604.66 2662.91 2986.08 2702.34 1913.83 1116.96 337.244 570.083 1319.86 1430.6 1301.32 782.618 618.427 1214.24 1003.43 360.809 191.753 394.631 1046.67 1753.51 1366.04 669.273 290.802 552.997 1211.59 1283.16 579.415 275.704 855.691 512.125 234.375 -9999 -9999 -9999
-9999 -9999 -9999 -9999 -9999 -9999 -9999 -9999 -9999 -9999 -9999 -9999 -9999 -9999 -9999 -9999 -9999 -9999 -9999 -9999 -9999 -9999 -9999 -9999 -9999 -9999 -9999 -9999 -9999 -9999 -9999 -9999 6838.09 6318.76 5543.1 4861.79 4407.39 4077.32 3747.24 3417.16 3475.41 3651.51 2995.48 2198.6 1420.61 900.608 1022.97 1186.74 664.696 707.567 1252.62 1191.94 1209.02 702.665 342.278 514.823 189.841 873.43 1563.21 1116.96 337.244 312.916 964.611 1665.72 1548.18 805.646 396.099 936.695 1175.03 1177.53 -9999 -9999 -9999
-9999 -9999 -9999 -9999 -9999 -9999 -9999 -9999 -9999 -9999 -9999 -9999 -9999 -9999 -9999 -9999 -9999 -9999 -9999 -9999 -9999 -9999 -9999 -9999 -9999 -9999 -9999 -9999 -9999 -9999 -9999 7967.51 7355.19 6671.2 5990.45 5543.1 5204.27 4874.19 4544.11 4214.04 4272.29 4114.34 3325.56 2549.85 2029.28 1694.62 1607.46 960.708 258.171 573.395 1114.28 701.846 613.278 988.685 923.866 849.147 711.212 1228.92 1796.96 1314.22 653.434 508.693 1214.04 1991.99 1889.61 1213.15 712.177 943.741 1599.09 1699.4 -9999 -9999 -9999
-9999 -9999 -9999 -9999 -9999 -9999 -9999 -9999 -9999 -9999 -9999 -9999 -9999 -9999 -9999 -9999 -9999 -9999 -9999 -9999 -9999 -9999 -9999 -9999 -9999 -9999 -9999 -9999 -9999 -9999 8993.41 8575.46 7798.15 7117.98 6671.2 6337.69 6001.14 5671.07 5340.99 5010.91 5001.04 4452.51 3676.8 3156.8 2821.57 2413.03 1757.58 960.708 274.744 706.686 834.831 246.857 330.559 1013.81 1594.09 1593.13 1491.5 1823.68 1716.43 1131.11 855.777 1039.06 1569.93 2163.87 1851.69 1120.65 361.139 382.134 1560.66 -9999 -9999 -9999 -9999
-9999 -9999 -9999 -9999 -9999 -9999 -9999 -9999 -9999 -9999 -9999 -9999 -9999 -9999 -9999 -9999 -9999 -9999 -9999 -9999 -9999 -9999 -9999 -9999 -9999 -9999 -9999 -9999 -9999 8567.16 8475.3 8142.88 7778.88 7410.17 7189.52 7086.97 6798.02 6467.94 6137.86 5807.79 5545.85 4801.46 4283.18 3948.53 3528.32 2809.21 1997.05 1226.49 765.917 892.532 482.95 320.724 496.141 1056.61 1846.62 2336.57 2231.15 2145.74 1459.14 666.839 231.498 692.906 1464.04 1784.49 1322.17 1092.32 689.245 255.511 603.553 -9999 -9999 -9999 -9999
-9999 -9999 -9999 -9999 -9999 -9999 -9999 -9999 -9999 -9999 -9999 -9999 -9999 -9999 -9999 -9999 -9999 -9999 -9999 -9999 -9999 -9999 -9999 -9999 -9999 -9999 -9999 -9999 8104.55 8008.29 7683.28 7346.73 7016.66 6686.58 6557.14 6827.64 7107.52 7152.37 6934.74 6569.57 5937.64 5408.41 5075.48 4656.82 3936.17 3139.63 2350.01 1838.88 1361.68 710.264 270.994 630.071 1227.6 1596.06 2182.42 2402.83 1932.17 1626.38 1527.5 990.252 426.245 642.633 1402.32 1387.17 711.825 444.869 871.828 -9999 -9999 -9999 -9999 -9999 -9999
-9999 -9999 -9999 -9999 -9999 -9999 -9999 -9999 -9999 -9999 -9999 -9999 -9999 -9999 -9999 -9999 -9999 -9999 -9999 -9999 -9999 -9999 -9999 -9999 -9999 -9999 -9999 -9999 7495.09 7200.86 6870.78 6534.23 6204.16 5874.08 5744.64 6016.47 6353.01 6683.09 7005.02 6983.42 6555.47 6174.79 5634.07 4948.12 4244.12 3498.65 2952.64 2288.37 1491.5 713.5 444.869 1112.65 1762.63 2359.88 2602.26 2078.97 1289.35 818.12 1031.41 1431.18 1147.75 1254.16 1565.14 978.553 358.654 580.329 1098.9 -9999 -9999 -9999 -9999 -9999 -9999
-9999 -9999 -9999 -9999 -9999 -9999 -9999 -9999 -9999 -9999 -9999 -9999 -9999 -9999 -9999 -9999 -9999 -9999 -9999 -9999 -9999 -9999 -9999 -9999 -9999 -9999 7363.96 7305.82 6709.72 6403.98 6073.91 5737.36 5407.28 5077.21 4947.76 5219.59 5556.14 5886.21 6216.29 6546.37 6777.65 6179.03 5382.15 4592.15 3936.57 3504.34 3117.48 2550.29 1839.9 1322.17 1181.68 1569.35 2237.38 2852.65 2614.28 1820.08 1007.58 290.369 663.833 1458.03 1888.04 2028.81 1806.2 1082.86 637.207 994.829 1613.18 -9999 -9999 -9999 -9999 -9999 -9999
-9999 -9999 -9999 -9999 -9999 -9999 -9999 -9999 -9999 -9999 -9999 -9999 -9999 -9999 -9999 -9999 -9999 -9999 -9999 -9999 -9999 -9999 -9999 -9999 7598.98 7586.92 7554.98 6888.37 6092.77 5610.54 5277.03 4940.48 4610.41 4280.33 4150.89 4422.72 4759.26 5089.34 5419.42 5783.24 6309.19 5834.34 5052.08 4255.2 3465.19 2809.04 2379.82 2049.75 1959.67 1991.84 1975.83 2302.16 2699.74 3284 2837.01 2040.13 1242.51 728.946 965.116 1680.76 2421.15 2331.12 1577.21 807.789 509.265 1117.22 1796.53 1616.16 1406.25 -9999 -9999 -9999 -9999
-9999 -9999 -9999 -9999 -9999 -9999 -9999 -9999 -9999 -9999 -9999 -9999 -9999 -9999 -9999 -9999 -9999 -9999 -9999 -9999 -9999 -9999 7467.37 7337.4 7048.44 6928.36 7147.35 6550.43 5753.55 4982.99 4482.44 4143.61 3813.53 3483.46 3354.01 3625.84 3962.39 4292.47 4656.29 5293.56 5837.73 5455.37 4707.12 3925.13 3128.25 2337.1 1671.62 1252.87 1233.46 1673.94 2378.02 3000.92 3425.32 3712.61 3167.08 2381.65 1828.86 1518.96 1680.76 2090.35 2676.68 2168.73 1371.86 604.731 349.224 1052.89 1328.75 912.262 762.075 -9999 -9999 -9999 -9999
-9999 -9999 -9999 -9999 -9999 -9999 -9999 -9999 -9999 -9999 -9999 -9999 -9999 -9999 -9999 -9999 -9999 -9999 -9999 -9999 7199.75 7030.07 6921.27 6600.79 6270.72 6134.8 6450.23 6215.61 5423.48 4626.6 3852.61 3346.73 3016.66 2686.58 2557.14 2828.97 3165.51 3527.05 4166.61 4730.66 5214.62 5120.78 4328.42 3580.44 2798.18 2001.3 1195.09 544.665 545.271 1288.37 2085.25 2897.75 3684.47 4141.1 3508.6 2963.43 2620.02 2315.83 2477.63 2807.71 2832.58 2072.3 1275.43 520.314 555.747 1292.93 1046.42 331.703 226.75 -9999 -9999 -9999 -9999
-9999 -9999 -9999 -9999 -9999 -9999 -9999 -9999 -9999 -9999 -9999 -9999 -9999 -9999 -9999 -9999 -9999 -9999 -9999 6839.55 6733.34 6448.45 6118.37 5788.29 5458.22 5322.3 5645.91 5770.82 5086.93 4290.05 3493.18 2703.56 2206.44 1874.08 1744.64 2016.47 2386.19 3029.19 3592.09 4079.48 4770.53 4766.29 3987.36 3194.47 2517 1873.09 1085.82 414.012 545.271 1288.37 2085.25 2897.75 3694.62 4356.47 4104.87 3769.07 3432.52 3128.33 3290.13 3593.77 3206.73 2395.91 1642.51 1186.58 1206 1646.73 1324.96 742.596 172.297 133.398 -9999 -9999 -9999
-9999 -9999 -9999 -9999 -9999 -9999 -9999 -9999 -9999 -9999 -9999 -9999 -9999 -9999 -9999 -9999 -9999 -9999 -9999 6322.12 5989.26 5651.57 5321.49 4991.42 4661.34 4525.43 4849.03 5146.23 4756.26 3959.98 3163.1 2350.6 1580.04 1080.64 947.763 1251.05 1902.23 2465.14 2954.82 3638.43 4073.76 4348.16 3657.28 2860.41 2072.68 1506.35 1168.19 1086.5 1233.46 1673.94 2415.32 3227.82 4024.7 4795.14 4894.12 4565.94 4229.39 3925.21 4087.01 4217.23 3538.48 2769.46 2313.53 1983.46 2002.87 2260.4 1869.55 1167.98 656.183 792.046 1298.04 -9999 -9999
-9999 -9999 -9999 -9999 -9999 -9999 -9999 -9999 -9999 -9999 -9999 -9999 -9999 -9999 -9999 -9999 -9999 -9999 -9999 5850.17 5309.66 4854.7 4524.62 4194.54 3864.47 3728.55 4052.16 4382.23 4384.09 3649.32 2852.44 2039.94 1243.07 473.652 235.572 784.292 1338.19 1827.87 2509.76 2947.95 3493.12 3983.33 3327.21 2530.33 1733.46 945.161 476.119 988.898 1719.19 2287.61 2797.75 3557.9 4354.78 5151.03 5612.55 5362.82 5026.27 4722.08 4876.38 4654.42 3908.6 3440.48 3110.41 2780.33 2799.75 2940.7 2293.95 1763.72 1446.19 1549.75 1937.21 2605.32 3363.76
-9999 -9999 -9999 -9999 -9999 -9999 -9999 -9999 -9999 -9999 -9999 -9999 -9999 -9999 -9999 -9999 -9999 -9999 -9999 5449.75 4791.58 4172.23 3727.75 3397.67 3067.59 2931.68 3255.28 3585.36 3811.4 3486.53 2922.56 2143.5 1346.62 617.821 307.04 325.236 698.627 1384.52 1821 2367.32 3062.63 3647.43 3197.76 2400.89 1604.01 807.138 224.829 854.013 1650.89 2447.76 3217.89 3916.14 4582.7 5057.37 5415.74 5677.22 5711.66 5518.5 5571.31 5036.7 4575.05 4237.36 3907.28 3577.21 3595.05 3423.24 2889.53 2553.73 2243.07 2346.62 2676.7 3056.72 3723.78
-9999 -9999 -9999 -9999 -9999 -9999 -9999 -9999 -9999 -9999 -9999 -9999 -9999 -9999 -9999 -9999 -9999 -9999 -9999 -9999 4389.09 3652.85 3045.28 2600.79 2270.72 2134.8 2458.41 2796.02 3036.66 2770.72 2622.03 2443.23 1732.6 1096.07 465.99 134.835 454.86 692.906 1239.22 1935.68 2609.47 3387.92 3124.88 2341.26 1544.38 790.414 531.64 1118.33 1903.76 2700.63 3497.51 4019.41 4044.08 4290.13 4620.21 4950.29 5286.83 5633.35 6008.81 5702 5370.78 5034.23 4689.14 4304.55 4143.72 3829.93 3486.52 3162.85 2945.64 3097.73 3427.81 3764.36 4157.93
-9999 -9999 -9999 -9999 -9999 -9999 -9999 -9999 -9999 -9999 -9999 -9999 -9999 -9999 -9999 -9999 -9999 -9999 -9999 -9999 -9999 3138.65 2557.22 1906.62 1459.36 1322.3 1653.61 2025.08 2249.46 1958.22 1822.3 2136.31 1971.3 1189.72 415.728 190.777 171.592 177.244 806.437 1475.31 2266.47 3051.51 2780.25 1998.97 1234.4 478.968 342.532 1123.43 1920.3 2715.56 3357.26 3315.83 3231.69 3477.63 3807.71 4137.79 4507.51 5161.37 5955.74 6415.38 6121.33 5546.78 4798.02 4041.19 3558.06 3206.74 2870.02 2552.89 2488.17 2747.05 3077.13 3446.85 4100.71
-9999 -9999 -9999 -9999 -9999 -9999 -9999 -9999 -9999 -9999 -9999 -9999 -9999 -9999 -9999 -9999 -9999 -9999 -9999 -9999 -9999 -9999 -9999 1359.39 779.168 538.157 898.125 1316.09 1597.88 1177.36 1025.43 1370.45 1729.39 1257.48 543.555 224.257 69.4747 73.2422 424.13 1210.71 2007.58 2774.22 2450.17 1653.3 876.698 245.672 658.911 1422.28 2213.79 2756.99 2697.3 2518.96 2434.82 2680.76 3010.83 3372.37 4034.42 4831.3 5628.17 6373.27 6077.32 5264.82 4467.94 3671.07 2915.38 2431.11 2073.14 1756.01 1691.29 1950.17 2311.71 2973.76 3770.64
-9999 -9999 -9999 -9999 -9999 -9999 -9999 -9999 -9999 -9999 -9999 -9999 -9999 -9999 -9999 -9999 -9999 -9999 -9999 -9999 -9999 -9999 -9999 -9999 213.912 61.5234 280.072 846.059 950.753 647.642 284.481 726.121 1331.98 1142.46 799.223 311.547 361.723 489.456 754.016 1434.19 2227.63 2809.79 2191.29 1394.42 597.541 173.436 852.443 1649.32 2253.59 2114.47 1900.43 1722.08 1637.94 1883.88 2247.71 2893.56 3704.35 4501.22 5298.1 6043.19 5747.24 4934.74 4137.87 3340.99 2544.12 1787.28 1296.38 959.137 894.416 1187.05 1832.9 2643.69 3440.56
-9999 -9999 -9999 -9999 -9999 -9999 -9999 -9999 -9999 -9999 -9999 -9999 -9999 -9999 -9999 -9999 -9999 -9999 -9999 -9999 -9999 -9999 -9999 -9999 0 0 476.112 561.688 300.176 672.502 274.773 361.907 650.821 635.768 217.491 98.6735 335.037 700.898 1164.34 1752.14 2516.66 3007.59 2346.62 1549.75 794.059 558.036 1185.72 1934.25 1838.89 1322.17 1106.9 925.206 841.069 1120.76 1767.18 2561.77 3374.27 4171.15 4968.02 5713.12 5417.16 4604.66 3807.79 3010.91 2214.04 1417.16 647.805 224.731 175.487 732.412 1527 2339.5 3136.37
-9999 -9999 -9999 -9999 -9999 -9999 -9999 -9999 -9999 -9999 -9999 -9999 -9999 -9999 -9999 -9999 -9999 -9999 -9999 -9999 -9999 -9999 -9999 -9999 0 0 473.905 639.351 554.816 924.727 383.906 101.06 312.83 210.083 147.571 60.6163 5.85938 198.491 756.371 1538.37 2335.25 2634.28 2279.48 1825.87 1459.36 1322.3 1678.92 2082.17 1491.5 713.5 337.244 272.734 206.165 704.381 1499.54 2296.42 3108.92 3905.79 4702.67 5496.3 5467.32 4662.91 3866.04 3069.16 2272.29 1475.41 717.258 270.086 413.145 897.501 1662.91 2475.41 3272.29
-9999 -9999 -9999 -9999 -9999 -9999 -9999 -9999 -9999 -9999 -9999 -9999 -9999 -9999 -9999 -9999 -9999 -9999 -9999 -9999 -9999 -9999 -9999 -9999 13.2979 0 115.304 430.233 489.882 632.867 423.818 156.944 278.945 310.64 495.859 60.1136 133.27 511.709 898.824 1641.93 2316.71 1944.97 1499.34 1309.36 1606.65 2023.43 2446.73 2278.32 1491.5 711.212 165.427 175.221 416.231 1037.8 1746.62 2542.35 3354.85 4151.73 4946.68 5582.41 5695.59 4999.46 4202.59 3405.71 2608.84 1866.31 1343.27 1057.14 1186.58 1539.28 2032.47 2811.96 3608.84
-9999 -9999 -9999 -9999 -9999 -9999 -9999 -9999 -9999 -9999 -9999 -9999 -9999 -9999 -9999 -9999 -9999 -9999 -9999 -9999 -9999 -9999 -9999 0 63.2911 63.4766 132.882 176.336 51.7578 133.928 155.551 273.617 339.394 775.215 1007.95 625.718 709.594 1114.43 1463.87 1975.29 2253.18 1499.34 819.735 537.083 1101.2 1893.5 2687.44 2614.66 1839.31 1228.92 873.43 860.485 968.615 1487.18 2164.34 2873.57 3684.93 4479.24 5020.14 4960.71 5181.68 5058.84 4477.4 3733.95 2996.69 2478.98 2125.84 1854.01 1983.46 2313.53 2666.23 3173.5 3910.92
-9999 -9999 -9999 -9999 -9999 -9999 -9999 -9999 -9999 -9999 -9999 -9999 -9999 -9999 -9999 -9999 -9999 -9999 -9999 -9999 -9999 -9999 -9999 0 0 39.0625 24.4141 68.3594 244.904 234.37 308.103 249.885 425.101 862.852 1154.72 1226.1 989.078 712.569 1133.88 1701.94 1991.58 1230.12 442.713 320.308 1065.83 1862.71 2675.21 2933.09 2357.02 1968.02 1670.3 1657.36 1760.91 2096.14 2614.13 3291.7 4013.08 4553.34 4383.88 4163.83 4384.8 4336.93 4006.85 3656.78 3307.22 3098.38 2886.31 2650.89 2780.33 3110.41 3420.2 3593.15 3628.54
-9999 -9999 -9999 -9999 -9999 -9999 -9999 -9999 -9999 -9999 -9999 -9999 -9999 -9999 -9999 -9999 -9999 -9999 -9999 -9999 -9999 -9999 -9999 0 0 0 0 17.5781 170.061 29.2969 179.613 470.064 339.585 294.022 459.53 689.115 677.552 176.868 574.984 1307.79 1759.8 1052.89 336.418 573.742 1346.62 2143.5 2956 3416.74 3094.97 2764.9 2467.18 2454.24 2557.79 2887.87 3222.52 3739.13 4126.34 3917.08 3587.01 3366.96 3587.93 3540.05 3209.98 2891.28 2636.37 2578.13 2693 2965.64 3239.2 3390.97 3299.33 3022.29 2841.72
-9999 -9999 -9999 -9999 -9999 -9999 -9999 -9999 -9999 -9999 -9999 -9999 -9999 -9999 -9999 -9999 -9999 -9999 -9999 -9999 -9999 -9999 -9999 0 0 0 58.5938 109.375 69.3359 114.258 275.807 739.233 834.154 249.047 217.295 118.078 346.675 173.129 646.39 1366.04 1857.93 1241.85 764.265 920.419 1517.47 2240.04 3051.7 3787.87 3882.23 3561.77 3264.05 3251.11 3354.66 3684.74 4014.82 4002.49 3464.59 3120.21 2790.13 2570.08 2791.05 2755.75 2413.1 2094.4 1839.5 1781.25 1897.75 2227.82 2578.01 2656.11 2504.44 2225.41 2044.84
-9999 -9999 -9999 -9999 -9999 -9999 -9999 -9999 -9999 -9999 -9999 -9999 -9999 -9999 -9999 -9999 -9999 -9999 -9999 -9999 -9999 0 0 0 0 0 10.7422 410.216 343.537 62.5 107.908 667.77 1172.66 814.543 370.292 139.828 16.0295 461.5 1069.99 1405.06 1543.85 935.795 434.838 467.967 1121.76 1912.91 2725.41 3522.29 4257.77 4360.6 4076.55 4063.61 4167.16 4493.1 4464.1 3743.18 2933.54 2326.59 1977.63 1757.58 1978.55 2072.41 1617.19 1281.9 1027 968.75 1085.42 1436.74 1851.74 1854.66 1692.78 1412.91 1233.18
-9999 -9999 -9999 -9999 -9999 -9999 -9999 -9999 -9999 -9999 -9999 -9999 -9999 232.136 44.1176 238.839 848.432 326.509 443.659 31.25 0 0 0 0 0 0 15.625 548.493 391.377 237.144 671.099 1173.47 1703.35 1467.03 993.501 299.245 231.874 466.983 502.307 668.859 868.838 744.31 133.535 193.972 934.819 1731.69 2544.19 3334.09 4039.63 4496.17 4717.01 4856.15 4958.51 4925.37 4209.98 3413.1 2600.6 1808.3 1201.92 960.708 1181.68 1410.94 1004.72 526.786 307.318 203.125 332.038 754.176 1141.38 1058.46 910.146 637.676 470.612
-9999 -9999 -9999 -9999 -9999 -9999 -9999 -9999 -9999 -9999 -9999 736.831 488.964 172.496 147.461 280.338 489.693 450.214 464.776 191.961 46.875 34.1797 19.5313 0 0 123.255 374.607 752.333 807.789 826.633 1334.27 1806.1 2273.25 2090.67 1343.87 756.371 725.693 436.035 235.907 218.75 266.597 637.474 424.922 303.117 1012.48 1809.36 2532.11 3053.57 3401.65 3826.69 4556.06 5294.9 5422.96 4715.61 3918.73 3121.86 2309.36 1512.48 720.758 258.171 443.725 672.906 530.395 88.6015 99.8176 14.6484 81.0547 218.86 430.625 350.073 171.875 74.427 79.1016
-9999 -9999 -9999 -9999 -9999 -9999 -9999 -9999 -9999 -9999 807.53 436.37 90.9591 315.327 182.924 210.239 434.295 453.687 717.309 328.264 282.152 319.274 200.109 11.7188 59.5703 218.259 829.984 1193.53 767.206 794.059 1453.64 2221.75 2589.21 2209.3 1725.35 1469.83 1430.06 1101.2 954.235 885.426 405.501 230.198 382.93 505.833 1244.62 1852.24 1944.62 2274.7 2699.74 3429.11 4225.98 5035.57 5339.1 4833.59 4104.3 3309.55 2497.05 1700.17 996.251 549.68 193.706 93.8888 69.4747 20.5078 0 58.5938 146.484 105.272 134.471 38.0859 0 0 0
-9999 -9999 -9999 -9999 -9999 -9999 -9999 -9999 -9999 -9999 932.802 397.243 316.679 541.238 141.85 401.288 852.721 290.369 362.953 288.15 721.447 1018.8 769.727 257.039 23.4375 83.9844 577.392 1077.21 424.13 467.572 1257.58 2069.24 2311.1 1605.93 1167.16 1128.33 1515.59 1828.69 1751.11 1495.24 1046.39 526.417 183.103 559.331 1100.19 1244.26 1147.75 1569.35 2302.16 3099.03 3895.91 4646.46 4626.84 4408.98 3947.12 3416.87 2790.52 2052.12 1401.86 684.326 77.2178 0 0 0 0 0 8.56164 5.20833 7.8125 0 0 0 0
-9999 -9999 -9999 -9999 -9999 -9999 -9999 -9999 1811.76 2036.69 1532.78 1128.33 1087.49 1059.46 820.083 1091.53 1230.92 669.421 195.308 444.199 1161.86 1596.66 1015.61 273.433 23.4375 420.264 814.776 1248.94 938.157 967.438 1549.22 2306.23 2025.43 1228.55 482.591 398.219 1128.33 1917.12 2426.1 2185.93 1674.08 1090.53 447.811 116.448 434.838 576.921 435.537 1175.21 1972.08 2768.96 3564.16 4071.56 3815.83 3851.21 3295.79 2814.15 2345.96 1878.07 1194.48 433.821 25.7951 0 0 0 0 0 -9999 -9999 -9999 -9999 -9999 -9999 1519.61
