public/models/data/input/map/sulut/800/mapdplant.asc
NCOLS 310
NROWS 227
XLLCORNER 510063.019283
YLLCORNER 210717.685435
CELLSIZE 800.000000
NODATA_VALUE       -9999
[rows 136 to 169 of 227, columns 152 to 227 of 310]
0 0 0 13.6719 485.145 940.721 800.34 222.541 595.219 1049.37 371.984 114.535 242.113 447.158 96.1483 237.202 582.131 915.622 559.769 35.1563 0 0 0 39.0625 0 298.823 1050.21 1847.08 2061.08 1306.66 698.033 122.989 0 0 0 32.7005 378.267 806.623 1333.55 1586.66 924.536 201.964 0 0 0 0 7.8125 122.348 19.5313 240.16 972.081 1768.96 2565.83 3378.33 4175.21 4972.08 5559.94 5259.54 4876.27 4527.26 4074.24 3409.67 2919.42 2486.06 1875.82 1334.08 980.124 1121.76 1566.16 1807.79 1970.6 1530.91 1217.18 1018.96 921.875 1038.37
0 24.4141 84.1926 14.6484 137.54 648.892 1028.59 918.588 1103.08 997.414 273.404 62.5 666.571 955.448 710.142 939.658 1296.26 1260.13 489.882 11.7188 0 0 0 0 25.3906 530.218 1276.22 2063.8 2408.07 1824.98 1133.88 401.594 7.8125 0 0 306.37 931.97 1201.52 1119.97 1177.39 1152.43 508.468 28.5573 0 0 0 62.5 600.437 487.364 560.683 1156.19 1930.76 2727.63 3540.13 4337.01 5133 5330.63 4615.71 4124.3 3749.66 3400.14 2947.29 2281.57 1784.35 1357.16 748.867 250.804 502.637 864.109 1014.35 1327.76 981.693 435.178 273.433 171.875 297.789
109.653 203.125 435.884 129.184 58.5938 154.141 811.81 1468.03 1780.12 1221.91 626.974 452.34 912.374 1561.4 1506.01 1735.03 2010.71 1558.88 819.103 174.106 0 0 0 0 13.6719 362.266 1060.08 1854.66 2551.89 2126.73 1356.23 575.779 15.625 0 0 375 909.478 583.855 328.125 408.112 872.996 782.547 108.231 0 0 0 164.254 805.175 1239.31 1307.79 1687.63 2282.57 3057.71 3870.21 4667.08 5382.28 5042.47 4245.59 3476.23 2997.35 2622.7 2273.36 1823.44 1141.86 669.127 341.849 3.90625 57.756 140.625 328.213 593.017 475.854 77.1484 0 0 0
632.019 958.003 1026.68 750.273 510.103 264.088 774.677 1565.83 2182.16 1751.64 1374.08 1244.64 1519.33 2036.94 2302.89 2531.9 2588.28 1872.97 1065.83 368.853 98.841 34.1797 0 0 0 334.396 1083.68 1880.55 2461.57 1851.88 1097.1 434.07 10.7422 0 0 318.776 442.033 55.2308 0 17.4106 433.462 879.954 252.508 0 0 63.4766 451.456 1182.99 1846.43 2104.66 2434.74 2812.3 3407.81 4200.29 4988.09 5318.73 4711.41 3915.51 3103.01 2349.28 1870.4 1495.42 1146.91 740.213 114.27 63.546 0 0 0 6.83594 31.487 22.2934 0 0 35.5114 0
1298.71 1698.51 1819.16 1533.35 1206 1050.67 1320.99 1902.77 2620.15 2516.66 2186.58 2057.14 2328.97 2668.37 3048.75 3311 2996.09 2208.41 1480.43 1041.48 764.39 431.712 16.0295 0 0 210.753 932.684 1693.28 2173.16 1518.96 724.595 93.8888 0 0 0 14.6484 34.1797 0 0 0 375 904.742 281.082 0 0 127.3 499.564 1165.77 1974.23 2687.54 3207.87 3576.37 3950.3 4556.86 5188.7 4748.29 4245.54 3577.31 2766.47 1969.59 1212.76 731.253 369.76 363.259 203.831 2.92969 0 0 0 0 0 0 0 35 250 0
2087.01 2418.66 2605.99 2321.84 2002.87 1847.54 2106.42 2447.94 3038.28 3304.26 2983.46 2854.01 3125.84 3418.5 3496.9 3240.24 2818.69 2345.58 1640.15 872.936 444.724 374.215 110.086 0 0 65.4009 594.511 1256.1 1864.9 1331.46 549.864 27.3438 0 0 0 0 0 0 0 0 375 782.836 187.079 0 72.2656 54.6875 245.742 1001.11 1813.61 2610.49 3407.36 4163.68 4682.77 5083.17 5128.66 4378.17 3622.49 3118.59 2442.49 1650.64 895.527 202.536 3.90625 29.9383 309.965 95.9113 0 0 0 23.4375 30.2734 27.3438 16.6016 0 -9999 0
2772.41 2775.42 2627.45 2576.95 2488.88 2493.62 2788.1 3118.18 3536.66 3986.33 3780.33 3599.88 3550.47 3199.06 2860.41 2526.5 2123.03 1700.32 1309.5 671.875 46.875 0 0 0 0 0 190.887 877.934 1379.66 1034.84 466.371 60.5469 0 0 0 0 0 0 0 74.3576 562.555 421.351 23.6745 139.648 61.5234 134.766 218.75 968.75 1781.25 2578.13 3375 4171.88 4968.32 5383.68 4800.91 4047.21 3251.22 2494.39 1983.89 1325.19 589.252 141.446 4.88281 0 14.6484 0 0 0 0 186.662 116.419 107.699 210.377 79.6779 -9999 -9999
2357.83 2067.59 1834.6 1828.13 1828.13 1983.46 2313.53 2769.46 3506.03 3995 3875.67 3486.24 2965.3 2518.34 2072.68 1733.46 1488.95 1004.7 610.485 507.322 135.95 0 0 0 0 0 88.5033 725.107 833.519 363.166 314.87 95.7031 0 0 0 0 0 0 0 217.769 746.074 259.552 0 15.625 159.764 221.131 535.702 1145.78 1956 2752.87 3549.75 4346.62 5141.53 5136.44 4357.05 3673.96 2920.36 2124.27 1355.25 879.198 349.327 0 0 0 0 0 0 0 0 3.90625 15.625 15.625 482.972 532.125 -9999 -9999
1668.31 1276.44 1037.72 1031.25 1031.25 1186.58 1642.51 2369.04 2924.94 3334.47 3100.79 2767.87 2364.6 1827.13 1391.39 945.161 774.941 445.188 42.0616 15.625 7.8125 0 0 0 0 0 376.821 607.113 384.9 270.785 92.7734 68.3594 0 0 0 0 0 0 0 189.8 452.213 66.5451 24.4141 305.243 623.35 811.075 1200.22 1642.06 2286.07 3082.95 3879.82 4676.7 5330.07 4810.12 4013.25 3229.53 2547.95 1824.04 1014.05 279.321 56.71 0 0 0 0 0 0 0 0 19.5313 68.3594 38.0859 446.118 -9999 -9999 -9999
1011.69 682.684 244.279 234.375 234.375 511.623 1230.84 1775.9 2342.72 2632.98 2292.15 1958.22 1684.95 1232.14 689.302 276.848 78.125 53.7109 0 0 0 0 0 0 0 0 413.375 555.503 29.2969 0 0 13.6719 0.976563 0 0 0 0 0 0 0 24.4141 3.90625 10.7422 179.671 625.718 1386.33 1905.08 2341.55 2791.11 3421.78 4216.37 4982.31 5065.92 4467.28 3676.7 2879.82 2094.39 1463.41 972.481 442.287 28.5573 0 0 0 0 0 0 0 4.88281 109.375 134.766 73.2422 466.296 0 0 0
284.747 350.222 38.0859 0 0 219.04 653.059 1203.57 1810.13 2061.46 1547.6 1165.36 916.618 621.086 156.441 0 0 0 0 0 0 0 0 0 0 0 237.218 662.607 78.125 0 0 79.1016 3.90625 0 0 0 0 0 11.7188 50.7813 151.645 201.895 409.909 761.127 1093.91 1721.45 2496.36 3032.03 3476.22 3920.99 4549.88 5008.38 4433.75 3934.15 3338.32 2549.75 1752.87 967.438 349.264 481.876 410.106 23.4375 0 0 0 0 0 0 151.714 85.9375 70.3125 0 289.855 0 0 -9999
0 0 0 0 0 0 146.941 673.346 1220.91 1678.08 1035.48 433.596 179.994 74.427 0 0 0 0 0 0 0 0 0 14.6484 0 0 203.125 746.223 190.777 0 0 0 0 32.2266 11.7188 0 0 0 197.821 264.84 642.015 807.621 1130.95 1456.31 1848.72 2222 2848.4 3624.05 4169.13 4589.1 4807.11 4641.62 4011.69 3295.18 2810.3 2315.78 1637.39 852.443 168.732 47.3489 192.464 15.625 0 0 0 0 0 0 14.6484 0 100.309 0 -9999 -9999 -9999 -9999
0 0 0 0 0 0 7.8125 179.613 865.387 1453.58 875 140.625 0 0 0 0 0 0 0 0 0 0 19.5313 189.396 188.529 95.9113 365.438 953.938 403.31 0 31.25 62.5 28.3203 420.767 380 26.3672 0 19.5313 467.203 823.806 1311.87 1596.62 1915.59 2245.48 2583.6 2975.67 3347.81 3974.21 4685.05 4530.79 4208.33 3878.25 3519.84 2872.19 2168.8 1697.43 1366.16 958.297 390.402 134.344 0 59.5703 199.219 138.949 15.625 0 0 0 0 0 0 -9999 -9999 -9999 -9999 -9999
59.7785 0 0 0 0 0 0 418.45 1100.05 1262.32 784.512 314.587 4.88281 0 0 0 0 0 0 0 0 0 4.88281 450.659 399.981 2.92969 421.875 797.068 229.695 0 209.54 367.391 59.5703 601.466 505.857 46.875 140.273 89.9132 569.678 1336.89 1925.03 2370.88 2712.47 3042.35 3372.43 3710.21 4103.29 4471.33 4696.21 3981.22 3420.03 3081.38 2751.3 2393.79 1746.62 1041.28 591.198 339.671 66.4757 289.335 235.907 23.4375 236.393 628.262 182.895 0 0 0 -9999 -9999 -9999 -9999 -9999 -9999 -9999 -9999
346.773 242.188 40.0391 0 0 0 3.90625 464.7 786.874 857.488 227.118 58.5938 0 0 0 0 0 0 0 0 0 0 0 98.0033 317.586 176.966 273.155 221.05 24.4141 0 190.875 95.3393 242.865 776.18 414.012 383.906 797.226 787.722 1024.18 1654.02 2443.58 3052.29 3479.5 3827.4 4157.47 4489.26 4846.64 5059.63 4430.68 3633.8 2845.51 2279.75 1938.8 1615.3 1264.14 655.644 59.7091 0 0 57.756 206.61 0 107.769 409.031 91.0979 0 0 0 -9999 0 -9999 -9999 -9999 -9999 -9999 -9999
140.874 265.551 198.659 60.5469 21.4844 5.85938 15.625 279.223 144.821 511.97 171.875 0 0 0 0 0 0 24.4141 0 0 0 0 0 0 0 0 15.625 199.075 91.9357 23.4375 479.315 615.339 898.461 1293.93 1162.26 1149.32 1483.48 1582.25 1798.18 2154.57 2723.02 2950.21 3219.59 3556.14 3888.5 4369.03 5078.33 4907.86 4100.6 3303.73 2506.85 1719.13 1152.8 843.898 531.657 503.798 112.582 0 0 0 0 0 0 0 0 0 0 0 0 0 -9999 -9999 -9999 -9999 -9999 -9999
0 11.7188 320.025 280.927 346.433 46.875 0 43.9453 12.6953 439.304 294.149 0 0 0 0 0 0 0 0 0 0 0 0 0 0 0 39.0625 522.03 600.382 226.448 701.341 1328.94 1672.72 2021.79 1959.14 1946.19 2256.85 2374.64 2486.61 2468.06 2333.25 2163.83 2422.72 2760.98 3242.08 3962 4504.48 4580.14 3789.94 2993.07 2196.19 1399.32 611.024 155.482 32.2266 46.875 20.5078 0 0 0 0 0 14.6484 0 0 0 0 0 -9999 -9999 -9999 -9999 -9999 -9999 -9999 -9999
0 0 47.9904 185.726 459.281 372.661 40.3454 0 31.25 132.813 74.3576 0 0 0 0 11.7188 32.2266 0 0 0 0 0 0 0 0 0 0 160.642 491.658 883.923 1201.92 1805.07 2437.48 2798.56 2756.01 2698.97 2726.65 2450.29 2086.3 1752.87 1537.26 1366.96 1625.84 2112.84 2836.36 3377.53 4003.5 4530.87 3893.5 3096.62 2299.75 1502.87 743.18 225.512 15.625 0 107.422 0 0 0 0 74.2188 42.9688 0 0 -9999 -9999 -9999 -9999 -9999 -9999 -9999 -9999 -9999 -9999 -9999
14.6484 0 0 0 171.875 450.769 159.012 53.7109 0 0 0 0 0 0 0 2.92969 1.95313 0 0 0 0 0 0 48.8281 24.4141 73.2422 0 181.011 435.537 1174.06 1889.05 2326.59 2931.52 3551.89 3317.19 2649.77 2107.12 1739.57 1329.64 959.347 744.576 570.083 971.98 1713.34 2249.1 2875.98 3659.69 4433.28 4223.57 3426.7 2629.82 1870.13 1315.05 867.292 414.96 43.9453 200.542 63.4766 0 0 0 13.6719 0.976563 0 -9999 -9999 -9999 -9999 -9999 -9999 -9999 -9999 -9999 -9999 -9999 -9999
46.875 0 0 0 0 39.0625 58.5938 0 29.2969 0 0 0 0 24.4141 14.6484 41.9922 1.95313 24.4141 0 0 0 68.3594 87.8906 53.7109 109.375 349.114 451.121 642.465 1112.65 1569.35 2302.16 3020.29 3452 3750.7 3073.14 2276.27 1516.58 965.688 651.288 240.16 78.125 68.3594 594.578 1109.86 1740.84 2526.27 3323.14 4120.02 4490.25 3763.25 3006.99 2455.81 2016.34 1535.73 932.051 569.58 662.997 108.803 71.3585 42.9688 19.5313 58.5938 8.86525 -9999 0 0 0 -9999 -9999 -9999 -9999 -9999 -9999 -9999 -9999 -9999
132.044 0 0 0 0 0 0 0 29.2969 0 0 7.8125 26.3672 0 68.3594 11.7188 74.2188 1.95313 0 0 24.4141 43.9453 19.5313 19.5313 27.3438 165.317 532.327 1205.72 1635.37 2008.86 2407.34 2933.24 3489.62 3533.82 2756.01 1959.14 1162.26 402.571 62.5 15.625 0 0 100.864 639.772 1425.21 2222.08 3018.96 3810.11 4189.44 3969.29 3573.82 3142.08 2673.16 2059 1590.44 1157.59 531.235 34.8211 136.02 115.373 118.303 209.694 0 -9999 -9999 0 0 -9999 -9999 -9999 -9999 -9999 -9999 -9999 -9999 -9999
163.086 0 0 0 0 0 0 0 14.6484 9.76563 39.0625 26.3672 2.92969 0 48.8281 14.6484 124.023 66.4063 127.3 24.4141 0 0 0 0 0 8.78906 437.859 1032.7 1131.47 1367.9 1809.53 2363 2826.33 3142.36 2631.01 1834.14 1037.26 270.115 0 0 0 55.6641 318.84 861.294 1575 2320.71 3024.05 3487.48 3407.36 3387.94 3570.1 3504.6 3159.21 2670.37 1989.05 1196.19 426.205 38.3229 76.1719 228.776 580.463 915.845 -9999 -9999 -9999 -9999 -9999 -9999 -9999 -9999 -9999 -9999 -9999 -9999 -9999 -9999
15.625 0 0 0 0 0 0 0 0 0 0 58.5938 0 0 0 0 58.5938 34.1797 310.542 59.5703 0 0 0 0 0 20.5078 215.105 327.79 336.885 682.576 1236.05 1698.81 2084.84 2589 2434.82 1637.94 841.069 123.995 0 0 0 7.8125 200.82 815.869 1389.68 2029.33 2409.27 2710.44 2610.49 2591.07 2787.26 2828.13 2859.5 2876.02 2286.99 1533.74 950.422 540.527 150.039 251.544 963.859 1285.51 -9999 -9999 -9999 -9999 -9999 -9999 -9999 -9999 -9999 -9999 -9999 -9999 -9999 -9999
0 0 0 0 0 0 0 0 0 0 0 0 0 0 0 0 0 201.236 559.556 99.887 0 0 0 0 0 0 0 0 0.976563 158.631 578.498 957.887 1463.41 2158.24 2400.62 1791.63 1003.33 252.508 0 0 0 0 4.88281 272.844 905.395 1389.48 1615.39 1913.56 1813.61 1794.19 1990.39 2031.25 2063.61 2193.05 2120.43 1971.94 1589.52 880.799 173.268 294.709 1050.21 1425.21 -9999 -9999 -9999 -9999 -9999 -9999 -9999 -9999 -9999 -9999 -9999 -9999 -9999 -9999
0 0 0 0 0 0 0 0 0 0 0 24.4141 4.88281 0 0 0 147.739 723.4 580.762 77.1484 0 0 9.76563 0 0 0 0 0 0 0 39.0625 338.453 1009.5 1536.08 1724.17 1513.88 1144.26 415.225 0 0 0 0 0 36.2022 295.195 618.08 805.175 1155.98 1001.11 981.694 1177.89 1218.75 1251.11 1380.55 1347.08 1468.75 1563.29 1140.07 435.537 508.693 1241.5 1616.5 -9999 -9999 -9999 -9999 -9999 -9999 -9999 -9999 -9999 -9999 -9999 -9999 -9999 -9999
48.3255 133.76 17.4106 0 0 0 0 0 0 0 0 0 68.3594 169.431 201.964 327.12 453.45 1060.04 820.912 506.017 213.348 224.731 171.887 29.2969 0 0 0 0 0 0 0 61.1596 414.902 931.917 1004.72 765.917 753.657 304.417 0 0 0 0 0 0 0 50.7813 237.218 618.647 245.742 220.172 403.078 421.875 459.956 615.284 575.949 671.875 872.936 1327.6 1175.21 1214.04 1639.08 2047.7 -9999 -9999 -9999 -9999 -9999 -9999 -9999 -9999 -9999 -9999 -9999 -9999 -9999 -9999
644.416 758.152 229.308 0 0 0 0 0 0 0 0 0 166.016 694.455 933.249 1116.96 1209.14 1557.73 1569.16 1261.63 944.685 740.837 177.648 81.0547 50.7813 0 0 0 0 0 0 0 39.0625 351.725 388.408 143.44 216.988 7.8125 0 0 0 0 0 0 0 0 26.3672 107.838 0 0 0 0 14.6484 74.427 90.052 70.3125 467.572 1257.58 1847.09 2010.91 2340.99 2706.38 3328.43 -9999 -9999 -9999 -9999 -9999 -9999 -9999 -9999 -9999 -9999 -9999 -9999 -9999
750.217 1007.27 318.579 0 0 0 0 0 0 0 0 0 234.375 1007.83 1635.64 1913.83 2006.01 2323.14 2363.75 1941.41 1330.14 602.716 53.7803 31.25 27.3438 19.5313 0 0 0 0 0 0 0 1.95313 17.5781 0 0 24.4141 0 0 0 0 0 0 0 0 0 0 0 0 0 0 0 0 0 145.716 697.205 1456 2256.46 2784.07 3137.87 3472.52 3658.64 -9999 -9999 -9999 -9999 -9999 -9999 -9999 -9999 -9999 -9999 -9999 -9999 -9999
273.6 733.709 516.233 0 0 0 0 0 0 0 0 0 181.358 858.915 1655.79 2400.58 2797.17 2991.31 2510.69 1831.48 1063.09 315.188 0.976563 0 0 19.5313 53.7109 29.2969 0 0 0 0 0 0 0 0 0 0 0 0 0 0 0 0 0 0 0 0 0 0 0 0 0 0 29.2969 432.33 897.501 1662.91 2475.41 3268.29 3903.91 4271.84 4500.16 -9999 -9999 -9999 -9999 -9999 -9999 -9999 -9999 -9999 -9999 -9999 -9999 -9999
32.2266 536.539 525.738 4.88281 0 0 0 0 0 0 0 42.9688 575.042 1173.99 1901.73 2698.6 3251.2 2832.41 2091.37 1384.22 706.226 93.8888 0 0 0 0 0 0 0 0 0 0 0 0 0 0 0 0 0 0 0 0 0 0 0 0 0 0 0 0 0 0 0 0 9.76563 220.49 774.677 1542.32 2497.96 3261.52 4044.66 4422.59 -9999 -9999 -9999 -9999 -9999 -9999 -9999 -9999 -9999 -9999 -9999 -9999 -9999 -9999
11.7188 310.126 399.34 78.125 0 0 0 0 0 0 0 54.6875 636.218 1430.5 2159.54 2894.97 2849.63 2302.71 1691.65 964.417 285.707 7.8125 0 0 0 0 0 0 0 0 0 0 0 0 0 0 0 0 0 0 0 0 0 0 0 0 0 0 0 0 0 0 0 0 0 92.9816 730.794 1386.23 2957.11 3747.73 3868.19 -9999 -9999 -9999 -9999 -9999 -9999 -9999 -9999 -9999 -9999 -9999 -9999 -9999 -9999 -9999
0 0 182.196 383.183 145.687 8.78906 0 0 0 0 0 135.223 664.696 1436.58 2229.02 2606.47 2184.99 1728.78 1163.56 567.935 56.3749 0 0 0 0 0 0 0 0 0 0 0 0 0 0 0 0 0 0 0 0 0 0 0 0 0 0 0 0 0 0 0 0 0 0 201.916 1065.24 1630.85 -9999 -9999 -9999 -9999 -9999 -9999 -9999 -9999 -9999 -9999 -9999 -9999 -9999 -9999 -9999 -9999 -9999 -9999
0 0 91.9357 707.357 688.364 354.806 17.5781 0 0 7.8125 91.7969 424.46 947.774 1680.76 2257.79 2029.12 1557.5 1057.23 593.141 114.004 0 35.1563 241.836 91.0979 0 0 54.6875 42.9688 0 0 0 0 0 0 0 0 0 0 0 0 0 0 0 0 0 0 0 0 0 0 0 0 0 0 0 0 1509.42 1892.48 -9999 -9999 -9999 -9999 -9999 -9999 -9999 -9999 -9999 -9999 -9999 -9999 -9999 -9999 -9999 -9999 -9999 -9999
0 0 112.652 614.578 1107.18 722.041 156.875 0 0 1.95313 64.4531 108.341 757.583 1548.59 1661.04 1281.25 903.315 430.048 70.3819 0 0 23.4375 488.48 647.858 135.043 14.6484 419.639 531.443 48.8281 0 0 0 0 0 0 0 0 0 0 0 0 0 0 0 0 0 0 0 0 0 0 0 0 24.4141 0 0 -9999 -9999 -9999 -9999 -9999 -9999 -9999 -9999 -9999 -9999 -9999 -9999 -9999 -9999 -9999 -9999 -9999 -9999 -9999 -9999
