public/models/data/input/map/sulut/800/mapdriver.asc
NCOLS 310
NROWS 227
XLLCORNER 510063.019283
YLLCORNER 210717.685435
CELLSIZE 800.000000
NODATA_VALUE       -9999
[rows 165 to 197 of 227, columns 73 to 145 of 310]
1624.84 878.877 181.011 444.187 869.53 305.683 217.266 834.434 536.199 138.418 526.549 584.721 211.979 162.803 164.577 258.131 223.772 175.221 155.482 273.363 168.957 160.001 245.117 250 158.787 359.92 961.499 1395.4 710.708 157.21 493.676 499.713 781.613 1108.11 938.792 888.119 281.25 513.459 459.956 235.237 903.777 1397.92 1814.59 1972.94 1241.5 492.103 126.45 391.319 467.074 474.975 691.253 969.881 886.129 578.883 175.36 269.596 102.539 138.181 142.018 344.023 248.047 349.044 468.75 604.968 718.75 712.048 517.92 324.977 138.014 177.758 300.776 374.152 456.531
1650.4 1044.19 257.114 368.02 886.618 745.404 203.877 636.934 221.871 423.691 557.44 134.431 364.681 573.434 702.301 341.069 302.378 608.609 455.623 171.217 572.423 571.337 151.575 293.385 481.742 887.17 1440.7 1624.72 966.162 628.638 517.46 135.95 599.034 463.223 343.185 839.348 281.25 501.682 486.041 167.923 408.227 681.824 1320.99 1976.71 1621.34 1063.02 506.405 328.125 318.441 154.112 297.078 637.005 529.842 203.125 191.406 282.99 522.312 586.765 288.359 173.17 478.558 336.885 294.709 187.5 203.125 138.672 184.08 335.21 612.227 243.939 91.0979 176.336 210.112
1411.54 1237.83 447.4 149.414 278.761 582.421 618.132 716.945 294.998 649.112 350.952 268.971 965.257 1356.07 1292.29 714.005 237.704 216.15 534.378 531.195 820.511 926.711 503.042 242.893 196.44 732.268 1116.19 1322.49 1106.56 566.942 148.253 443.021 445.535 148.253 566.942 875.588 270.115 198.642 594.673 459.714 281.037 260.39 970.372 1598.57 1647.66 1211.14 1011.85 1066.36 995.519 669.816 315.2 190.078 338.654 218.75 244.488 385.945 653.653 479.061 152.119 550.64 1171.08 1131.47 1016 744.073 540.936 165.178 612.012 1104.22 1100.2 589.039 132.114 118.372 716.151
1038.52 1197.74 468.75 224.87 308.601 150.975 405.582 753.044 896.13 620.778 164.982 663.617 1320.99 2008.82 1836.07 1288.97 747.137 133.16 189.731 176.897 198.826 438.507 781.45 732.979 218.999 275.039 328.125 624.628 517.506 112.149 269.833 513.068 147.473 517.506 901.16 500.078 136.06 279.847 233.492 853.355 665.833 142.729 480.662 1014.74 1124.82 542.214 473.831 891.208 666.839 852.301 423.622 592.278 250 452.029 400.022 270.405 157.169 175.793 466.672 842.182 1141.41 1370.55 954.785 395.117 150.501 321.071 910.086 1420.72 977.443 250.804 58.5938 330.42 726.079
394.868 895.737 468.75 247.499 767.343 578.175 189.939 216.277 750.923 404.83 257.461 995.737 1749 2372.99 2038.6 1343.77 724.738 178.78 657.356 713.723 504.799 189.939 275.733 280.106 387.992 394.67 333.419 101.06 131.64 366.27 249.579 78.2638 369.674 874.405 529.6 103.556 513.305 491.831 202.634 904.344 1062.63 503.181 126.45 285.348 550.778 170.211 456.531 699.827 212.457 593.352 163.225 564.929 186.87 427.215 241.01 584.132 564.927 514.622 499.701 309.247 414.012 843.761 389.899 160.446 606.033 992.431 964.711 779.407 602.206 212.469 163.364 131.975 153.234
133.691 513.305 630.284 178.85 259.974 479.477 667.181 189.939 337.117 145.716 542.815 1296.27 1883.06 2161.7 1718.9 923.196 248.32 131.975 648.909 1072.23 1168.61 660.721 141.602 245.95 135.182 133.997 221.05 176.128 141.949 376.134 770.622 327.601 247.747 718.51 238.166 129.548 722.362 467.912 326.449 883.233 616.237 475.368 567.986 213.601 191.753 263.066 861.478 573.718 187.402 532.464 222.934 477.812 206.679 697.392 329.941 129.086 178.78 165.513 266.683 308.271 175.891 434.769 148.756 645.426 1203.61 1281.12 552.291 88.8672 118.233 112.652 122.082 550.968 530.245
500.078 136.06 464.556 138.811 310.317 158.146 204.379 319.956 96.6797 118.638 684.819 1316.29 1210.71 1413.63 1412.71 664.943 157.435 294.986 183.871 465.25 910.472 985.612 436.37 185.212 154.979 299.245 160.503 252.827 127.259 139.758 321.071 600.59 187.622 500.885 474.542 155.829 640.9 345.976 475.437 623.221 142.884 291.011 585.593 359.006 482.752 684.383 756.222 347.374 171.621 494.16 164.982 406.731 281.25 851.404 595.995 537.128 684.637 465.545 709.022 805.587 257.403 108.37 482.28 1159.47 1425.37 932.738 302.856 249.023 517.078 212.891 384.282 1047.81 1318.55
1031.42 360.636 238.975 261.084 187.651 487.561 468.596 154.297 214.769 214.521 797.116 733.709 424.13 717.438 1114.86 551.667 135.182 659.778 448.527 142.312 210.684 633.233 901.331 803.246 468.503 291.959 126.214 165.692 254.71 251.682 192.366 404.565 637.664 205.004 205.731 252.839 476.691 173.436 595.114 625 196.567 194.192 154.713 222.692 517.673 342.18 350.385 239.31 242.893 213.388 216.012 111.536 381.479 564.079 151.812 412.794 589.683 158.481 629.174 607.922 426.205 637.228 1039.56 1434.81 942.805 404.287 82.2682 507.74 1013.68 458.795 244.32 988.166 1754.01
1396.69 692.172 177.734 635.311 414.4 532.327 776.178 168.957 268.255 342.196 377.613 147.502 183.172 233.492 750.986 277.073 128.416 634.573 903.367 514.234 314.379 178.012 390.019 759.076 952.291 824.206 276.334 128.906 290.688 629.765 519.99 285.376 883.642 748.42 404.299 225.361 503.001 171.65 816.975 826.633 213.151 302.378 678.493 775.567 420.697 162.052 164.046 584.774 761.256 425.927 228.597 119.782 712.038 421.875 179.168 222.125 145.785 197.988 773.89 375 362.757 1111.89 1692.51 1428.9 637.944 77.7899 111.328 658.94 1208.59 622.319 234.375 968.75 1696.6
1315.92 648.145 96.7491 265.065 479.269 710.951 535.331 270.139 483.539 157.574 243.09 563.809 669.347 151.784 265.972 125.977 136.719 157.684 624.461 939.625 575.334 147.808 182.739 165.652 464.073 365.241 270.994 153.39 196.746 474.403 767.037 222.986 449.233 761.558 626.579 143.358 215.734 396.74 1110.45 977.936 247.499 443.498 861.869 760.699 349.559 222.321 374.904 186.981 768.317 1085.06 788.689 174.649 422.767 428.984 235.237 661.159 229.631 354.181 334.147 324.353 268.509 1014.05 1663.13 1253.03 581.114 126.254 227.955 494.76 1097.08 581.114 234.375 968.75 1532.78
770.053 451.236 242.188 449.879 170.367 187.5 175.221 348.599 881.153 852.443 959.347 1285.2 973.79 390.835 140.931 367.992 184.64 351.206 135.95 459.386 753.281 311.559 185.894 314.309 140.833 207.026 319.192 142.087 429.024 897.338 1023.55 539.227 175.221 172.921 302.239 408.627 123.937 370.246 1017.55 978.709 247.834 141.949 184.01 159.527 219.08 607.235 817.116 239.6 267.221 810.512 1037.46 612.043 166.501 232.278 162.526 633.645 281.25 486.503 357.089 172.222 170.199 816.669 1407.74 773.169 195.729 171.454 372.274 281.25 906.25 375 324.422 1081.46 1456.99
169.974 182.45 482.95 1008.88 847.541 828.125 822.117 924.194 1177.69 1412.13 1485.06 1318.29 657.08 146.259 528.942 725.629 167.131 571.487 523.284 207.031 898.878 739.561 134.945 139.955 328.108 164.982 234.375 197.543 310.08 833.498 1421.26 1197.45 860.15 638.379 203.304 197.122 449.568 158.203 816.152 923.203 280.702 347.721 578.125 632.19 661.396 744.734 874.405 395.429 143.832 287.665 527.75 901.397 651.259 162.555 183.802 539.498 279.268 511.824 749.588 173.06 154.852 775.931 1212.83 516.424 107.896 111.97 406.25 281.25 911.913 391.377 437.107 1231.69 1524.92
342.89 830.288 1108.21 1576.44 1588.03 1202.35 685.297 375 530.553 835.142 866.287 624.408 244.904 297.552 778.071 403.409 109.583 561.588 671.875 218.75 858.58 580.214 135.24 126.896 428.869 564.01 624.497 565.489 391.377 807.789 1570.34 1877.44 1614.61 1187.05 794.139 245.488 125.416 327.514 633.513 415.561 167.923 664.696 1286.84 1181 483.36 250.179 551.777 239.31 356.036 329.252 148.253 474.628 725.411 237.455 160.503 200.652 338.539 198.642 639.069 464.863 158.885 524.469 1059.79 444.724 122.781 169.697 318.776 309.247 956.698 728.235 749.119 1108.07 1305.97
279.558 1018.91 1721.55 2088.2 1613.05 833.174 202.172 276.917 164.982 199.693 203.125 142.018 332.038 742.51 629.572 111.97 184.917 527.229 688.61 164.242 593.678 236.658 125.878 355.696 124.497 401.982 1030.75 1222.08 1049.52 1064.43 1355.28 1575.05 1605.23 1660.81 1311.96 699.297 172.921 569.857 173.881 221.651 518.679 1166.59 1329.53 1097.32 641.343 166.6 267.643 681.164 518.794 222.639 302.533 177.035 299.488 572.205 419.864 201.155 444.817 302.378 277.073 837.22 420.051 207.656 807.42 648.318 93.75 234.375 265.625 326.081 524.763 328.125 328.125 371.927 702.863
234.375 968.75 1725.23 1765.79 1283.1 544.409 182.392 816.03 803.557 678.706 291.779 346.184 1015.64 1342.12 802.72 190.568 284.527 331.928 471.387 140.094 149.079 212.383 324.977 241.697 215.82 157.504 666.566 710.645 529.239 399.768 694.393 786.717 826.555 1033.47 1238.98 828.125 187.5 529.708 201.981 777.298 1145.78 1345.83 756.304 408.291 703.405 201.981 181.988 530.881 819.948 404.565 139.158 403.241 155.69 574.273 959.171 327.79 362.716 638.727 157.643 621.479 779.002 194.961 402.681 634.751 109.583 224.609 379.318 71.763 167.004 392.013 465.399 283.406 189.841
170.199 792.662 1225.52 963.766 695.465 227.465 369.76 1146.67 1546.42 992 256.594 349.044 1028.61 1354.05 873.284 199.219 386.089 174.245 118.233 116.448 149.594 464.561 667.468 203.125 218.75 166.992 332.864 167.397 217.994 196.428 225.234 153.39 164.479 261.02 633.233 705.942 149.483 202.27 305.683 993.214 1625.69 1125.65 349.044 256.594 737.654 210.112 217.56 248.32 908.045 1016.5 482.28 148.756 191.124 328.125 990.387 525.208 250 847.977 332.038 274.646 884.87 610.858 143.133 189.101 71.2891 400.398 678.466 187.5 716.371 1149.31 1257.69 801.506 167.547
103.654 350.576 717.141 254.126 131.807 181.387 776.239 1291.89 1458.23 1098.58 513.212 142.578 368.53 678.787 770.1 217.769 229.839 197.052 141.544 279.46 147.068 633.561 687.49 193.498 194.544 187.778 358.741 126.757 388.645 621.814 320.059 430.446 532.99 351.847 167.923 222.125 141.25 147.473 502.829 1093.09 1485.6 861.701 177.914 557.746 999.956 326.785 345.351 187.5 828.125 1427.2 1164.99 627.223 96.8185 318.441 895.943 363.166 282.921 1006.84 689.486 159.972 510.866 564.323 304.613 54.3524 156.724 520.996 455.612 186.605 886.374 1664.83 1855.63 1186.01 509.653
404.917 158.481 614.317 414.613 331.679 277.171 795.283 657.36 684.527 442.552 174.649 309.491 230.047 150.865 464.932 156.724 249.717 180.243 376.723 352.482 349.755 861.073 329.86 202.704 186.732 241.067 147.461 259.552 155.273 364.703 248.573 218.75 218.75 215.318 152.078 183.941 418.375 445.535 148.253 566.942 1055.6 601.94 168.651 810.029 1191.07 491.062 238.489 167.062 725.432 1507.78 1702.1 1067.74 457.67 154.112 641.611 487.63 203.472 865.227 749.877 228.037 102.747 85.1691 216.081 444.118 306.37 187.818 92.0338 507.238 1208.49 1976.52 2167.85 1634.98 986.786
460.564 172.794 270.642 187.5 271.451 310.554 211.648 142.717 115.512 206.512 502.776 870.741 874.945 463.223 151.812 165.872 340.966 69.3359 532.418 400.888 279.558 686.183 157.435 553.304 426.65 162.248 542.057 620.806 135.321 287.665 452.34 656.326 671.875 671.875 640.309 329.611 81.1935 508.48 436.549 148.253 556.188 354.025 272.877 1014.43 1311.79 664.943 137.904 178.428 470.861 1093.43 1696.38 1587.63 938.024 236.548 391.377 573.457 120.187 460.552 159.902 162.566 254.265 451.456 861.057 939.134 354.181 216.711 273.796 860.557 1589.01 1880.92 1636.37 1555.94 1346.73
231.18 563.797 249.717 357.273 714.431 911.656 521.532 161.48 430.372 862.651 1045.79 794.933 577.601 841.415 446.025 173.072 177.509 113.281 200.554 467.89 234.375 785.979 556.14 899.574 424.13 322.464 927.011 718.75 190.568 715.454 930.463 1133.69 1156.25 1236.46 1303.02 805.814 283.545 104.059 337.031 340.77 102.551 209.805 148.756 616.289 780.747 712.337 249.648 230.186 145.479 625.622 1380.82 1789.45 1196.19 413.375 265.412 286.614 59.5703 234.722 316.679 744.769 990.421 1191.57 1126.67 655.948 132.35 211.505 577.608 1039.35 1368.93 1163.79 839.499 781.25 710.645
293.658 794.278 612.134 140.776 459.386 1058.79 951.674 769.857 857.979 904.208 510.797 189.939 272.844 765.356 276.362 320.597 714.668 186.87 198.659 386.252 633.774 1029.65 798.466 850.578 887.515 956.765 1039.74 536.678 197.266 420.051 278.876 459.817 468.75 604.968 863.544 927.378 789.677 521.036 104.504 125.347 216.531 256.467 150.807 167.969 187.5 159.527 262.829 133.16 228.863 349.609 795.41 1283.48 1415.31 722.014 300.903 105.301 461.066 954.527 1009.39 982.043 994.638 936.685 516.165 164.242 329.941 350.674 133.703 435.958 601.617 458.97 167.004 186.928 182.617
191.152 853.467 1115.46 541.36 150.096 510.866 567.368 413.375 250.89 272.317 143.023 424.766 816.966 886.628 214.48 490.421 932.832 261.02 322.747 720.152 1101.67 795.007 203.051 262.061 913.53 1071.6 534.94 110.629 119.141 168.79 229.782 240.021 294.709 168.108 180.942 230.469 224.609 366.981 588.292 354.406 581.243 527.755 100.933 489.317 716.631 593.146 250.873 98.6328 159.96 162.583 229.684 832.569 1309.29 954.605 453.532 48.1579 482.838 1144.63 810.582 308.601 250.89 252.59 147.502 465.973 867.072 911.663 477.541 284.943 187.5 195.018 517.506 785.008 796.875
239.363 705.013 1167.8 967.595 448.62 144.641 219.334 126.953 279.345 234.313 134.737 441.49 625 611.924 336.239 403.078 1030.48 636.093 401.472 728.807 594.63 237.704 203.958 169.697 615.404 623.252 141.348 170.477 432.682 786.865 901.381 759.382 580.485 331.818 144.739 529.703 482.273 152.413 663.858 989.983 1110.53 842.617 220.49 140.625 336.083 615.081 719.616 493.506 290.369 88.6015 47.8516 291.913 781.833 432.602 98.1014 164.993 632.549 700.159 270.792 246.742 422.818 415.941 671.259 822.085 638.887 444.51 375 276.362 218.75 301.071 822.114 670.305 625
282.401 162.399 679.258 782.561 543.907 92.9122 122.07 297.165 142.157 360.232 476.213 231.18 234.375 164.982 255.074 191.152 806.027 601.232 198.826 160.63 172.794 342.694 728.659 301.655 331.246 265.216 206.888 142.729 671.415 1356.78 1066.07 356.395 163.502 279.558 502.515 812.827 678.359 185.195 200.427 548.234 578.125 775.782 750.287 451.897 202.12 113.894 273.543 131.975 137.442 411.724 198.867 53.7109 231.579 109.681 383.288 329.444 187.402 162.89 176.672 198.838 327.455 411.683 328.125 280.702 157.978 227.175 127.595 136.858 377.647 408.026 692.547 175.417 234.375
922.494 298.598 309.745 253.301 149.483 235 465.89 736.495 549.802 151.812 448.845 709.443 869.478 449.838 190.008 154.713 438.12 143.133 405.12 511.015 773.829 985.887 748.826 213.123 105.469 117.465 492.039 612.134 1124 1411.59 818.823 116.685 494.973 785.634 499.552 220.282 182.617 178.78 157.574 250 172.222 239.6 861.557 1041.71 895.586 402.028 166.363 329.657 392.054 176.435 96.6797 269.943 96.8185 340.717 302.643 120.297 205.772 629.301 758.568 210.724 299.383 253.068 362.716 468.75 659.928 557.837 182.392 374.152 250 356.886 487.283 182.392 740.993
1232.03 609.678 93.75 131.068 144.948 557.32 1003.25 1316.73 1128.76 502.257 128.739 177.105 487.556 593.331 179.127 166.935 197.041 391.314 517.846 468.75 658.755 658.801 245.811 238.877 253.93 332.038 1034.13 1239.91 1120.45 899.284 423.785 167.547 680.494 351.218 149.929 453.785 697.181 655.333 516.661 225.373 126.687 59.9748 305.994 693.124 647.118 213.515 107.422 99.0373 141.238 360.636 555.128 707.555 153.038 97.7951 289.086 589.963 178.053 552.291 1032.22 372.487 421.875 878.341 927.2 1178.84 1181.03 580.621 259.332 866.328 634.693 314.795 131.975 226.28 283.897
745.435 263.066 157.574 499.736 297.818 141.879 417.191 897.883 1286.77 648.878 166.6 421.726 162.399 398.289 363.248 336.84 254.895 166.126 182.727 161.185 108.035 149.079 170.269 326.057 158.383 687.868 1342.9 912.374 395.902 238.877 154.349 601.232 1031.37 671.415 741.33 983.694 716.016 292.473 162.248 354.384 678.686 384.299 102.343 101.505 108.647 117.91 177.636 233.549 708.79 927.617 1012.82 699.688 161.202 187.916 407.939 811.152 354.528 310.068 888.097 573.563 611.383 613.965 372.506 952.945 821.571 482.216 669.711 834.041 208.199 89.9826 149.553 202.634 275.872
287.648 279.778 213.654 222.692 330.38 177.382 148.086 466.296 1085.62 644.416 169.697 740.78 730.662 754.205 676.31 238.669 154.713 280.02 311.894 149.299 316.037 142.856 275.414 144.503 336.083 1028.75 1168.21 666.571 166.992 248.463 277.171 977.826 1590.2 1457.13 1307.08 755.148 198.642 285.735 694.634 1035.48 1354.55 1029.22 503.042 261.24 104.492 408.938 622.431 172.852 573.706 399.565 354.181 200.71 219.08 534.859 166.877 317.655 508.485 144.948 315.2 718.615 1135.91 679.395 147.461 363.281 328.125 228.516 849.803 604.482 123.047 426.777 710.142 902.669 896.534
134.679 649.684 806.565 296.628 154.783 181.427 208.771 160.307 711.947 678.045 193.024 718.75 1219.09 744.879 349.298 245.129 150.391 136.719 120.117 288.416 139.313 493.843 627.048 162.555 687.059 1005.75 490.428 200.681 211.215 323.584 250.89 983.197 1657.54 1615.93 1051.59 383.138 243.09 879.594 1362.5 1782.47 2033.88 1632.78 1227.47 681.827 119.349 516.424 577.167 147.53 122.487 90.8203 313.096 521.781 708.091 986.399 641.414 171.344 352.043 502.106 272.635 424.13 1182.19 959.347 319.609 193.343 349.755 350.76 547.385 102.678 295.321 917.315 1324.41 1283.13 648.14
162.399 404.201 1023.86 888.532 327.912 258.507 298.684 496.713 571.911 198.642 155.551 788.066 764.885 304.417 238.836 363.698 104.562 268.689 143.971 224.188 379.11 883.061 369.76 138.811 782.824 692.952 133.356 475.016 573.931 159.596 513.808 641.431 1094.28 1053.5 500.65 136.06 551.53 830.145 1185.34 1639.16 2078.95 2147.4 1467.91 671.875 124.232 702.727 563.443 250.064 217.144 144.531 177.411 374.406 290.582 564.185 954.362 609.812 189.939 186.981 379.763 781.879 1333.18 926.41 233.884 371.591 975.629 803.66 307.375 125.069 745.813 1096.12 839.499 658.258 415.733
570.183 138.586 569.23 1050.7 624.408 157.643 629.655 1019.83 478.049 255.646 234.375 707.016 217.266 235.514 469.769 160.295 282.99 236.393 289.757 169.39 467.527 362.716 135.587 147.403 254.323 467.775 154.771 766.781 718.324 153.067 350.732 142.492 362.716 400.941 138.418 534.94 745.062 202.074 509.653 957.564 1362.16 1680.11 1375.36 654.038 124.232 704.235 993.417 887.439 659.299 183.299 143.387 113.281 193.776 334.298 774.382 579.053 165.525 324.769 163.502 641.505 1146.91 552.291 148.756 703.672 1194.08 671.733 156.389 544.397 930.63 633.233 179.977 130.704 362.652
640.993 439.242 171.65 807.349 948.236 335.494 195.071 705.049 948.495 712.928 464.499 462.112 184.317 651.458 291.566 185.824 495.246 141.642 473.582 156.221 143.023 204.796 153.124 161.884 308.306 154.072 110.016 600.289 1003.03 531.369 146.259 425.159 322.445 186.911 533.796 1090.23 1029.81 456.71 158.256 283.742 614.908 900.323 940.786 321.741 160.001 811.81 1535.81 1594.89 1147.61 731.771 186.633 248.741 227.465 191.152 237.455 146.93 247.065 177.035 165.039 270.792 746.138 337.244 272.877 935.412 814.62 291.415 251.532 979.865 933.919 218.999 354.355 276.628 230.885
155.956 476.691 192.407 365.306 957.997 879.063 317.806 298.112 967.62 1139.72 955.131 281.25 411.764 354.944 151.101 152.621 570.575 524.428 429.654 111.328 398.224 277.483 354.071 203.125 758.109 570.269 113.351 309.247 1038.78 956.209 271.271 392.013 959.86 913.833 1099.61 1175.96 909.21 736.129 380.474 107.63 99.5806 184.807 445.788 165.317 358.757 1123.14 1906.44 2232.71 1835.8 1146.49 469.81 203.472 638.848 461.361 458.795 533.933 269.804 486.486 165.496 120.117 374.614 521.221 138.418 370.557 350.177 166.293 672.133 1191.01 744.073 138.88 254.502 573.608 370.067
