public/models/data/input/map/sulut/800/mapdagr.asc
NCOLS 310
NROWS 227
XLLCORNER 510063.019283
YLLCORNER 210717.685435
CELLSIZE 800.000000
NODATA_VALUE       -9999
[rows 140 to 174 of 227, columns 78 to 155 of 310]
-9999 -9999 -9999 -9999 -9999 -9999 -9999 -9999 -9999 -9999 -9999 -9999 -9999 -9999 -9999 -9999 -9999 -9999 -9999 -9999 -9999 -9999 -9999 -9999 -9999 -9999 -9999 -9999 -9999 -9999 -9999 -9999 -9999 -9999 -9999 -9999 -9999 -9999 -9999 -9999 -9999 -9999 -9999 -9999 -9999 -9999 -9999 250 413.862 443.321 381.521 36.2022 0 9.76563 29.2969 154.574 256.97 439.022 39.0625 0 0 0 68.4982 591.337 786.171 777.956 420.08 101.002 3.90625 12.6953 36.7743 520.347 1326.55 2123.43 2920.3 3717.18 4230.35 3560.69
214.286 842.742 1750 -9999 -9999 -9999 -9999 -9999 -9999 -9999 -9999 -9999 -9999 -9999 -9999 -9999 -9999 -9999 -9999 -9999 -9999 -9999 -9999 -9999 -9999 -9999 -9999 -9999 -9999 -9999 -9999 -9999 -9999 -9999 -9999 -9999 -9999 -9999 -9999 -9999 -9999 -9999 -9999 -9999 -9999 0 30.4878 5.84795 121.678 205.049 217.63 29.2969 0 0 34.1797 19.5313 58.5938 91.0979 0 0 0 0 42.9688 341.751 219.947 649.823 762.207 142.995 29.2969 380.826 603.343 964.51 1629.99 2421.15 3218.02 4014.9 4548.29 4002.89
465.25 1125.8 1851.51 2277.93 2409.4 2250 -9999 3104.06 3291.14 3328.43 -9999 -9999 -9999 -9999 -9999 -9999 -9999 -9999 -9999 -9999 -9999 -9999 -9999 -9999 -9999 -9999 -9999 -9999 -9999 -9999 -9999 -9999 -9999 -9999 -9999 -9999 -9999 -9999 -9999 -9999 -9999 -9999 -9999 0 114.379 20 78.125 84.1926 62.9739 505.594 161.341 0 0 0 77.1484 25.3906 0 14.6484 0 8.78906 5.85938 14.6484 14.6484 216.012 164.213 146.941 707.323 383.432 80.2169 693.68 1327.93 1672.72 2101.94 2758.09 3548.1 4344.97 4971.37 4750.14
762.484 1297.29 1425.96 1567.59 1853.3 1717.79 1500 2711.38 2736.38 3043.09 3379.35 4431.98 -9999 -9999 -9999 -9999 -9999 -9999 -9999 -9999 -9999 -9999 -9999 -9999 -9999 -9999 -9999 -9999 -9999 -9999 -9999 -9999 -9999 -9999 -9999 -9999 -9999 -9999 -9999 -9999 -9999 -9999 0 12.0192 24.4141 0 9.76563 249.868 139.926 157.909 114.397 19.5313 120.06 412.722 437.859 237.144 3.90625 164.982 80.6908 98.6328 23.4375 181.011 8.78906 172.794 370.656 385.148 718.556 552.234 303.134 954.781 1747.41 2418.76 2807.28 3229.46 3885.04 4656.51 5362.21 5421.83
805.553 638.992 649.105 788.31 1088.32 1031.25 990.092 1428.97 2061.93 2653.43 3395.72 4155.1 -9999 -9999 -9999 -9999 -9999 -9999 -9999 -9999 -9999 -9999 -9999 -9999 -9999 -9999 -9999 -9999 -9999 -9999 -9999 -9999 -9999 -9999 -9999 -9999 -9999 -9999 0 0 54.878 57.2917 97.6563 0 0 0 0 16.0295 211.296 14.6484 0 4.88281 112.149 434.087 831.296 779.071 369.76 583.883 372.285 333.419 261.996 163.502 83.9844 224.604 194.123 222.125 241.876 448.371 714.499 1161.48 1881.39 2590.35 3156.88 3492.29 3879.03 4413.74 4841.65 5178.03
405.582 58.5938 112.652 189.939 383.432 234.375 373.176 922.783 1516.58 2276.27 3073.14 3870.02 4626.73 -9999 9524.18 9154.43 -9999 -9999 -9999 4497.59 3949.23 3124.71 -9999 -9999 -9999 -9999 -9999 -9999 -9999 -9999 -9999 -9999 -9999 -9999 -9999 -9999 2211.13 -9999 -9999 -9999 6.09756 87.963 0.976563 3.90625 0 0 65.4991 251.393 236.254 237.855 11.7188 0 4.88281 31.25 625 1281.92 1147.51 1238.36 1112.23 838.903 206.442 137.066 46.9444 168.246 92.7734 237.537 235.809 53.7109 186.171 789.478 1468.16 2045.19 2395.91 2759.74 3273.98 3699.74 4034.23 4377.07
82.9791 1.95313 0 39.0625 0 0 19.5313 421.236 1175.21 1972.08 2768.96 3565.83 4259.62 4927.52 8892.22 8506.99 7889.09 -9999 -9999 -9999 3495.57 2796.93 1991.39 984.506 782.125 -9999 0 0 0 -9999 -9999 -9999 -9999 352.073 906.173 1172.61 1719.3 1652.44 1485.7 1457.11 250 250 90.6593 111.111 31.25 3.90625 115.512 31.25 31.25 249.631 173.1 70.2838 261.644 345.646 782.08 1557.79 1923.1 1874.3 1426.12 777.405 196.873 102.539 81.9331 165.762 29.2969 485.926 382.149 0 7.8125 380.115 972.055 1267.62 1632.78 2150.03 2572.59 2907.28 3243.08 3702.27
458.309 46.1354 0 0 0 11.7188 157.013 679.143 1343.87 2133.88 2930.76 3727.63 4540.13 5008.88 7078.43 7751.23 7262.77 6598.21 -9999 -9999 3346 2560.66 1809.36 1012.48 305.505 55.2885 28.0269 0 21.2766 444.38 502.508 15.625 0 108.443 472.311 644.708 1095.99 1125 1146.19 911.804 317.777 19.4175 130.515 195.66 133.789 145.508 140.833 404.83 619.638 774.643 712.569 663.833 880.87 1133.92 1389.03 1909.03 2370.18 1727.63 982.289 371.187 119.141 58.5938 61.9973 317.881 68.3594 310.317 357.359 0 0 56.3749 320.781 503.544 1032.7 1553.72 1780.33 2117.27 2566.46 3004.24
484.169 509.526 207.309 15.625 75.1953 313.929 753.489 1242.05 1806.09 2470.82 3260.83 4057.71 4870.21 5644.47 6617.44 7300.81 6934.93 6138.66 5275.22 4383.84 3625.72 2837.2 2032.01 1346.94 773.973 183.201 23.4375 0 0 74.3576 132.813 6.83594 0 87.0529 458.108 413.665 336.076 328.125 520.371 374.621 193.412 31.8915 0 0 5.85938 41.0156 152.83 800.922 1346.87 1557.79 1506.01 1460.71 1641.93 1913.37 2180.76 2507.83 2310.45 1507.58 710.708 99.078 117.188 8.78906 169.194 362.889 19.5313 408.227 536.238 19.5313 0 0 0 47.9904 515.639 853.051 990.32 1439.27 1870.14 2259.87
553.153 611.579 797.544 354.344 335.511 872.902 1419.48 1889.63 2369 2933.05 3596.63 4387.79 5200.29 5997.16 6794.04 7263.11 6604.85 5792.35 4995.48 4198.6 3401.73 2604.85 1792.93 1107 758.121 300.609 5.85938 78.125 19.5313 0 19.5313 137.066 53.7109 275.872 396.295 26.1996 0.976563 0 77.1484 142.925 124.734 128.681 0 0 146.831 9.76563 161.48 878.331 1673.25 2314.62 2302.89 2257.58 2438.8 2710.25 2977.63 3182.58 2578.97 1766.47 1035.38 500.921 86.0763 245.811 520.919 503.753 29.2969 392.781 446.487 211.002 78.125 14.6484 0 0 82.5052 186.605 340.238 779.802 1121.87 1722.57
67.3828 244.279 1002.07 1113.77 1102.44 1450.29 2012.05 2568.53 3028.68 3507.57 4070.47 4730.63 5536.83 6333.71 7130.58 7146.78 6358.92 5546.42 4749.54 3952.67 3155.79 2358.92 1546.42 750.684 213.781 81.5286 137.609 4.88281 0 0 0 122.07 457.72 823.917 375 0 0 0 53.7109 24.4141 0 29.2969 225.442 50.6137 205.033 63.546 488.128 1237.06 2005.95 2796.09 3103.69 3070.08 3251.3 3522.75 3789.13 3688.12 2915.51 2170.52 1632.21 1041.28 598.994 518.176 589.343 688.78 354.748 142.688 70.3819 229.25 674.385 430.487 27.1762 0 29.2969 0 63.4766 105.746 575.944 1265.99
187.5 664.048 1276.44 1826.74 1899.32 2209.98 2577.24 3148.9 3695.98 4155.3 4634.52 5197.43 5872.63 6663.79 7460.66 7420.23 6624.27 5811.77 5014.9 4218.02 3421.15 2624.27 1812.91 1147.61 810.029 616.958 685.58 371.591 224.731 74.3576 27.3438 1.95313 529.268 792.343 277.76 0 0 0 154.783 286.619 254.976 56.4731 488.312 443.153 426.205 574.771 1023.03 1616.75 2364.01 3133.24 3787.7 3866.96 4048.18 4319.62 4525.73 4042.47 3311.38 2759.16 2167.85 1597.46 907.686 214.169 42.9688 173.574 438.115 244.736 19.5313 306.913 907.097 907.25 330.918 89.815 261.714 179.197 179.197 65.5685 177.66 697.588
436.035 1101.53 1567.95 2014.03 2457.47 2967.46 3336.93 3714.09 4274.71 4823.1 5282.25 5761.47 6336 7000.73 7790.74 7750.3 6954.35 6141.85 5344.97 4548.1 3751.22 2954.35 2273.42 1903.3 1603.55 1413.83 1440.85 1154.68 951.348 585.611 513.253 272.231 695.137 467.572 32.2266 0 0 0 5.85938 278.177 668.55 630.259 893.872 1196.91 1196.19 1299.75 1700.98 2161.37 2744.52 3490.96 4256.51 4647.59 4845.05 5116.5 5096.06 4440.62 3896.59 3294.47 2721.57 1987.44 1258.64 677.427 196.076 110.49 154.448 279.807 172.875 180.786 836.526 1314.94 914.236 663.833 895.835 907.36 895.677 489.312 28.5573 124.232
831.932 823.266 946.911 1447.46 2218.02 3014.9 3769.07 4380.98 4839.97 5401.66 5949.89 6409.53 6898.9 7462.95 8127.68 8080.38 7284.42 6471.92 5675.05 4878.17 4081.3 3410.28 3030.25 2700.17 2400.43 2210.71 2235.22 1950.21 1688.45 1327.21 1218.19 999.54 1207.1 789.84 166.016 39.0625 0 19.5313 7.8125 196.746 760.589 1360.23 1641.93 1958.68 1993.07 2096.62 2426.7 2835.31 3289.3 3871.47 4617.91 5291.21 5641.93 5893 5565.31 5022.97 4432.61 3850.33 3114.39 2385.59 1803.81 1275.88 828.385 526.606 528.011 125.613 469.41 233.942 684.359 1456.76 1652.5 1460.71 1677.43 1704.24 1553.16 934.126 371.362 138.949
400.785 116.685 349.437 1123.43 1920.3 2717.18 3514.05 4326.55 5111.12 5829.02 6513.77 7076.33 7546.49 8025.85 8581.75 8410.74 7614.5 6802 6005.12 5208.25 4537.23 4163.67 3827.13 3497.05 3197.3 3007.58 3032.09 2735.71 2454.16 2124.08 2009.34 1796.42 1738.09 1060.3 461.899 220.074 48.8281 127.3 391.453 809.287 1258.39 1862.91 2430.42 2755.55 2789.94 2893.5 3223.57 3560.69 3962.27 4415.27 4997.61 5743.82 6397.21 6595.41 6150.49 5559.56 4991.43 4241.34 3510.25 2931.33 2402.83 1964.26 1519.33 1285.73 998.228 564.9 892.687 975.222 1219.09 1784.85 2355.1 2257.58 2474.3 2482.88 2057.64 1494.27 1085.82 681.626
210.349 42.0616 542.087 1298.85 2095.05 2891.93 3688.8 4501.3 5298.18 6095.05 6889.39 7647.85 8225.38 8685.53 9117.75 8747.92 7951.05 7138.55 6342.82 5676.37 5306.25 4976.17 4639.63 4309.55 4009.8 3820.08 3844.59 3547.72 3266.66 2936.58 2784.51 2310.95 1565.83 774.677 365.225 495.674 122.961 29.2969 263.315 850.626 1600.41 2264.58 2996.54 3547.97 3602.44 3706 4036.07 4372.62 4702.7 5103.93 5552.94 6132.85 6892.87 7243.67 6697.42 6126.33 5390.39 4644.82 4070.47 3542.62 3104.39 2668.37 2328.97 2021.73 1652.27 1365.39 1578.97 1787.72 2020.72 2359.37 2890.16 3068.92 3286.8 3152.54 2635.13 2227.15 1795.57 1136.17
640.95 610.485 1006.99 1660.14 2426.13 3222 4018.88 4831.38 5628.25 6425.13 7222 8016.34 8785.72 9352.84 9673.26 9078 8281.12 7469.77 6804.47 6433.2 6103.13 5773.05 5436.5 5106.42 4806.68 4616.96 4641.47 4344.59 4063.53 3701.77 3115.62 2326.55 1514.05 717.18 101.268 88.5033 265.354 36.1328 115.373 755.845 1550.21 2347.08 3159.58 3955.12 4363.84 4502.87 4832.95 5169.5 5499.57 5829.65 6231.62 6679.89 7273.61 7733.08 7251.47 6517.34 5786.25 5197.43 4669.97 4230.53 3797.04 3462.39 3120.25 2772.21 2440.56 2162.26 2375.84 2584.6 2817.59 3147.67 3486.9 3833.92 4076.33 3761 3353.77 2917.87 2276.46 1870.14
1389.49 1407.36 1700.32 2135.08 2787.5 3553.08 4348.95 5161.45 5958.33 6755.2 7552.08 8348.95 9158.53 9910.64 10138.6 9408.07 8611.2 7930.27 7560.15 7230.08 6900 6569.92 6233.38 5903.3 5603.55 5413.83 5438.34 5121.57 4626.86 3892.91 3097.54 2300.67 1488.17 691.291 65.164 109.653 110.421 22.4609 302.521 1018.96 1815.83 2612.71 3425.21 4222.08 4943.77 5299.75 5629.82 5966.37 6296.45 6626.52 6956.6 7357.84 7818.22 8208.99 7644.29 6915.49 6334.28 5796.52 5357.48 4924.57 4589.34 4253.87 3899.06 3567.51 3237.44 2959.14 3172.72 3381.47 3614.47 3944.54 4274.62 4605.13 4806.5 4480.72 4043.28 3406.84 3004.24 2605.36
1545.71 2102.95 2495.48 2827.84 3262.03 3914.04 4679.7 5491.53 6288.4 7085.28 7882.15 8679.03 9491.53 10285.4 10494.9 9738.15 9067.13 8687.1 8357.03 8026.95 7696.87 7366.8 7030.25 6700.17 6400.43 6210.71 6160.53 5488.92 4697.76 3900.89 3104.01 2307.14 1494.64 697.763 71.2603 203.125 109.375 95.0042 363.166 1150.89 1947.76 2744.64 3557.14 4354.01 5150.89 5897.89 6417.54 6763.25 7093.32 7423.4 7753.47 8083.55 8490.55 8665.12 8042.44 7460.66 6932.73 6485.24 6050.94 5716.29 5380.72 5032.68 4694.46 4364.39 4034.31 3756.01 3969.59 4178.35 4411.34 4741.42 5071.49 5401.57 5575.65 5171.77 4533.8 4130.85 3739.45 3383.8
1616.04 2412.91 3174.47 3622.43 3954.22 4387.84 5039.78 5821.61 6618.48 7415.35 8212.23 9009.1 9821.6 10618.5 10827.7 10194.1 9820.53 9483.98 9153.9 8823.83 8493.75 8163.67 7827.13 7497.05 7197.3 6989.44 6575.97 5766.47 4969.59 4172.72 3375.84 2578.97 1766.47 1015.44 335.193 379.11 516.874 679.603 865.533 1431.3 2219.59 3016.47 3828.97 4625.84 5422.72 6219.59 7001.88 7554.2 7890.2 8220.27 8550.35 8880.42 8879.33 8389.74 8034.13 7666.56 7301.67 6906.19 6573.25 6243.18 5921.53 5768.65 5491.34 5161.26 4831.19 4552.89 4766.47 4975.22 5208.22 5538.29 5868.37 6198.45 6275.2 5657.31 5258.14 4866.41 4517.23 4180.68
1962.14 2749.46 3561.96 4309.78 4763.79 5095.08 5525.27 6188.83 6955.7 7751.9 8548.78 9345.65 10158.2 10955 11294.1 10963.1 10633 10296.5 9966.4 9636.33 9306.25 8976.17 8639.63 8309.55 8009.51 7641.28 6915.51 6103.01 5306.14 4509.26 3712.39 2915.51 2138.54 1393.07 726.624 754.621 1241.57 1472.08 1667.16 2005.82 2567.01 3353.01 4165.51 4962.39 5759.26 6556.14 7353.01 8150.92 8693.54 9032.77 9358.94 9351.28 8630.42 7839.27 7252.91 6907.96 6577.89 6241.34 5911.26 5581.19 5277 5412.91 5723.23 5809.33 5631.33 5365.39 5578.97 5778.16 6005.09 6335.17 6665.24 6992.87 6793.02 6400.05 6008.31 5659.8 5329.73 4993.18
2378.36 3089.09 3892.04 4688.91 5434.11 5890.34 6222.03 6663.84 7316.99 8082.99 8878.85 9675.73 10488.2 11285.1 11927.7 11760 11429.9 11093.4 10763.3 10433.2 10103.1 9773.05 9436.5 9106.42 8729.96 8042.46 7245.59 6433.09 5636.22 4839.34 4042.47 3280.78 2520.02 1854.72 1483.46 1502.87 1867.01 2263.93 2464.04 2794.12 3133.34 3693.96 4495.59 5292.47 6089.34 6886.21 7683.09 8495.59 9275.15 9757.15 9739.08 9112.32 8300.35 7503.47 6713.46 6127.11 5781.01 5444.46 5114.39 4784.31 4480.12 4616.04 4952.59 5282.66 5606.22 5824.25 5986.44 5775.43 5911.34 6241.42 6571.49 6901.57 7138.63 7073.72 6785.75 6456.68 6126.6 5790.05
3067.51 3503.77 4231.33 5018.99 5815.86 6561.06 7017.7 7357.17 7791.94 8444.35 9209.94 10005.8 10818.3 11615.2 12394.8 12552.3 12226.8 11890.2 11560.2 11230.1 10900 10569.9 10233.4 9847.04 9168.17 8372.54 7575.67 6763.17 5966.29 5169.42 4408.4 3660.45 2980.53 2610.41 2280.33 2299.75 2629.82 2982.32 3260.91 3590.99 3921.07 4259.72 4834.25 5622.54 6419.42 7216.29 8013.17 8825.67 9608.07 9634.34 9128.15 8693.37 7970.27 7173.4 6376.52 5586.51 4999.01 4647.59 4317.51 3987.44 3683.25 3819.16 4155.71 4485.79 4815.86 5199.72 5295.29 4978.55 5114.47 5444.54 5774.62 6104.7 6441.24 6776.51 7097.22 7192.62 6923.48 6586.34
3864.39 4194.46 4640.86 5358.45 6145.94 6942.81 7690.63 8152.33 8484.7 8918.89 9570.9 10336.6 11148.4 11945.3 12742.1 13272.7 13023.7 12687.1 12357 12027 11696.9 11366.8 10977.1 10295.3 9499.49 8702.62 7905.74 7093.24 6296.37 5535.35 4787.06 4117.38 3737.36 3407.28 3077.21 3096.62 3426.7 3761.03 4057.79 4387.87 4717.94 5048.02 5395.44 5961.77 6749.49 7546.37 8343.24 9155.74 9792.63 9289.09 8518.53 8000.38 7555.7 6843.32 6046.45 5249.57 4458.42 3862.16 3520.64 3190.56 2886.37 3022.29 3358.84 3688.91 4072.77 4475.73 4499.92 4181.68 4317.59 4647.67 4977.74 5307.82 5649.23 6032.71 6540.53 7014.55 7283.3 6979.61
4661.26 4991.34 5328.46 5767.81 6485.23 7272.89 8069.77 8831.33 9279.28 9611.08 10044.7 10696.6 11478.5 12275.3 13072.2 13821.4 13820.5 13484 13153.9 12823.8 12493.7 12116.9 11422.6 10626.4 9829.57 9032.69 8235.82 7423.32 6661.63 5914.35 5244.33 4870.78 4534.23 4204.16 3874.08 3893.5 4223.57 4557.9 4854.66 5184.74 5514.82 5844.89 6181.44 6522.39 7088.15 7876.44 8673.32 9483.8 9715.09 8959.01 8162.14 7388.14 6864.2 6428.75 5716.37 4919.5 4122.62 3316.99 2735.2 2393.69 2089.5 2225.41 2561.96 2944.82 3349.29 3680.87 3703.05 3384.8 3520.72 3850.79 4180.87 4515.14 4904.55 5413.04 5891.67 6241.53 6571.61 6625.97
5473.76 5803.84 6140.39 6470.46 6906.72 7618.99 8406.31 9218.81 9966.63 10420.6 10751.9 11182.1 11845.7 12612.6 13408.8 14205.6 14603.9 14296.5 13966.4 13636.3 13253.1 12571.7 11759.9 10963 10166.1 9369.24 8572.37 7795.39 7049.92 6383.48 6013.36 5683.28 5346.73 5016.66 4686.58 4706 5036.07 5370.4 5667.16 5997.24 6327.32 6657.39 6993.94 7324.02 7662.67 8223.86 9009.87 9756.26 9419.34 8622.46 7825.59 7028.71 6239.1 5724.39 5290.42 4582.42 3786.07 2973.57 2182.42 1596.06 1277 1412.91 1808.03 2208.22 2538.8 2894.34 2893.39 2572.3 2708.22 3038.29 3373.23 3755.5 4273.59 4751.61 5098.95 5429.03 5761.97 6122.52
6270.64 6600.71 6937.26 7267.34 7597.41 8035.22 8745.94 9548.89 10345.8 11091 11547.2 11878.9 12320.7 12973.9 13739.8 14535.7 15227.8 15093.4 14763.3 14376.9 13698.2 12902.4 12089.9 11293.1 10496.2 9699.32 8937.63 8176.87 7511.57 7140.31 6810.23 6480.16 6143.61 5813.53 5483.46 5502.87 5832.95 6167.27 6464.04 6794.11 7124.19 7454.27 7790.81 8120.89 8450.97 8790.2 9350.81 9786.18 9089.26 8292.38 7495.51 6698.64 5886.14 5115.58 4598.24 4162.18 3455.46 2643.5 1846.62 1056.61 496.141 707.567 1206.58 1412.01 1769.82 2208.83 2099.37 1775.43 1911.34 2246.61 2629.76 3137.04 3624.66 3972 4302.08 4636.73 5154.32 5736.73
7067.51 7397.59 7734.14 8064.21 8394.29 8724.37 9160.62 9888.18 10675.8 11472.7 12217.9 12674.6 13014 13448.8 14101.2 14866.8 15659.5 15888.3 15503.9 14825 14029.4 13232.5 12420 11623.1 10826.3 10065.3 9317.3 8637.38 8267.26 7937.18 7607.11 7277.03 6940.48 6610.41 6280.33 6299.75 6629.82 6964.15 7260.91 7590.99 7921.07 8251.14 8587.69 8917.77 9247.84 9577.92 9871.38 9556.06 8759.18 7962.31 7165.43 6368.56 5556.06 4759.19 3989.77 3471.29 3054.29 2362.71 1565.83 771.47 165.178 595.832 520.314 647.719 1161.34 1666.18 1326.66 978.553 1119.66 1503.21 2014.3 2534.31 2845.05 3175.13 3510.35 4029.52 4684.32 5064.42
7864.39 8194.46 8531.01 8861.09 9191.16 9521.24 9851.32 10297.7 11015.3 11802.8 12599.7 13347.5 13809.2 14141.6 14575.7 15227.8 15993.4 16546 15952.1 15156.3 14359.5 13562.6 12750.1 11953.2 11192.2 10443.9 9774.24 9394.21 9064.13 8734.06 8403.98 8073.9 7737.36 7407.28 7077.2 7096.62 7426.7 7761.02 8057.79 8387.86 8717.94 9048.02 9384.56 9714.64 10017.3 10303.9 10019.8 9225.98 8429.11 7632.23 6835.36 6038.48 5225.98 4429.11 3632.23 2861.67 2343.53 1946.61 1419.52 716.002 336.222 656.465 236.328 159.29 840.442 1248.06 653.434 243.829 390.419 887.349 1528.62 1858.07 2048.18 2382.83 2902.57 3555.72 3936.5 4273.05
8661.26 8991.34 9327.89 9657.96 9988.04 10318.1 10648.2 10985.3 11424.7 12142.1 12929.7 13726.6 14488.2 14936.1 15267.9 15701.6 16353.5 16919.3 16283.3 15486.4 14689.6 13892.7 13080.2 12318.5 11571.2 10901.2 10527.6 10191.1 9861.01 9530.93 9200.86 8870.78 8534.23 8204.16 7874.08 7893.5 8223.57 8557.9 8854.66 9184.74 9514.82 9844.89 10062.5 10004.2 9818.49 10043.5 9705.55 8895.91 8099.03 7302.16 6505.28 5708.41 4895.91 4099.03 3302.16 2505.28 1731.29 1207.65 865.052 668.873 296.02 194.81 380.081 136.968 663.833 1009.82 337.244 48.8281 17.4106 433.462 1121.95 1076.55 1254.16 1774.16 2443.31 2809.55 3139.63 3499.06
9473.76 9803.84 10140.4 10470.5 10800.5 11130.6 11460.7 11797.2 12127.3 12563.6 13275.8 14063.2 14875.7 15623.5 16077.5 16408.8 16839 17193.7 16605.8 15823 15026.1 14229.2 13452.2 12706.8 12040.3 11670.2 11340.1 11003.6 10673.5 10343.4 10013.4 9683.28 9346.73 9016.66 8686.58 8706 9036.07 9370.4 9666.77 9964.63 10069.4 9909.63 9577.13 9247.05 9007.58 9247.05 9214.28 8570.28 7775.43 6978.55 6181.68 5384.8 4572.3 3775.43 2978.55 2181.68 1384.8 595.758 155.62 210.724 71.3585 466.376 664.667 307.469 502.221 468.75 229.492 4.88281 99.6094 381.975 620.519 297.708 649.105 1404.22 1735.65 1997.05 2350.01 2973.04
10270.6 10600.7 10937.3 11267.3 11597.4 11927.5 12257.6 12594.1 12924.2 13254.3 13692.1 14402.8 15205.8 16002.6 16747.8 17164.9 17177 16758.2 16302.1 15890.7 15303 14591.2 13833.7 13168.4 12797.2 12467.1 12137 11800.5 11470.4 11140.3 10810.2 10480.2 10143.6 9813.53 9483.46 9502.87 9827.63 10057.1 10025.1 9776.95 9446.87 9116.8 8780.25 8450.17 8210.71 8450.17 8464.5 8375.6 7743.07 6946.19 6149.32 5352.44 4539.94 3743.07 2946.19 2149.32 1352.44 546.236 56.6406 388.916 609.815 748.448 298.684 98.6328 108.676 0 105.746 66.5451 328.213 739.164 521.817 283.586 752.709 912.722 941.291 1226.49 1848.85 2437.46
11067.5 11397.6 11734.1 12064.2 12394.3 12724.4 13054.4 13391 13721.1 14051.1 14381.2 14817.5 15545 16332.7 17129.6 17344.9 16636.5 16143.9 15631.6 15177.6 14842.4 14493.7 14036.3 13666.2 13336.1 13006 12675.9 12339.4 12009.3 11679.2 11349.1 11019.1 10705.2 10534 10233.5 10082.8 9950.63 9640.23 9310.15 8980.08 8650 8319.92 7983.38 7653.3 7413.83 7653.3 7667.62 7739.07 7778.35 7103.55 6306.68 5509.8 4697.3 3900.43 3103.55 2306.68 1509.8 704.046 118.135 483.36 1168.87 1248.24 730.662 619.141 328.125 0 266.041 519.689 857.263 1186.87 923.176 577.057 532.351 212.891 219.669 746.5 1354.4 1662.91
11864.4 12194.5 12531 12861.1 13191.2 13521.2 13851.3 14187.9 14517.9 14848 15178.1 15508.2 15954.6 16672.2 17384.6 17063.3 16266.4 15497.4 15016.2 14504.6 14050.1 13715.4 13378.9 13048.8 12718.7 12388.7 12058.6 11722 11392 11061.9 10731.8 10401.7 10110.5 10213.1 10155.8 9572.82 9184.76 8843.35 8513.28 8183.2 7853.12 7523.05 7186.5 6856.42 6616.96 6856.42 6870.75 6944.62 7270.51 7285.96 6606.42 5809.55 4997.05 4200.17 3403.3 2606.42 1809.55 1061.12 697.763 848.371 1435.33 1669.87 1507.52 1263.53 637.843 144.139 9.76563 459.997 380.687 762.156 662.262 99.3149 339.001 577.416 482.805 678.217 616.148 876.928
12661.3 12991.3 13327.9 13658 13988 14318.1 14648.2 14984.7 15314.8 15644.9 15975 16305.1 16642.2 17081.5 17419 16733.2 15936.3 15123.8 14370.4 13890 13377.3 12921.4 12582 12251.9 11921.9 11591.8 11261.7 10925.2 10595.1 10265 9934.93 9604.85 9313.61 9417.16 9498.71 9042.91 8442.94 8050.67 7716.4 7386.33 7056.25 6726.17 6389.63 6059.55 5820.08 6059.55 6073.87 6147.75 6477.82 6804.76 6825.36 6139.63 5327.13 4530.25 3733.38 2936.5 2196.83 1766.47 1494.64 1481.21 1259.1 1134.8 1511.73 1633.24 972.261 336.95 323.654 260.807 54.6875 335.286 749.588 305.994 575.523 1169.75 1222.39 691.166 188.113 182.473
