public/models/data/input/map/sulut/800/mapdset.asc
NCOLS 310
NROWS 227
XLLCORNER 510063.019283
YLLCORNER 210717.685435
CELLSIZE 800.000000
NODATA_VALUE       -9999
[rows 132 to 164 of 227, columns 146 to 218 of 310]
-9999 -9999 332.213 310.188 214.937 670.745 1099.16 972.081 1353.5 2005.82 2793.7 3540.4 4127.25 4438.44 4172.72 3959.14 4237.44 4567.51 4897.59 5235.85 5620.93 5866.96 5875 5907.36 6198.6 6528.68 6858.76 7188.83 7518.91 7855.46 8206.7 8813.65 9605.38 9857.8 9091.59 8294.72 7504.38 6772.42 6278.72 5739.67 5009.19 4217.46 3602.63 3220.23 2879.82 2549.75 2522.17 2709.41 2648.82 2452.67 2718.02 2851.99 2346.18 1948.6 1702.67 1968.02 2379.33 3094.97 3891.85 4704.35 5501.22 6298.1 7094.97 7891.85 8703.84 9452.11 9798.76 9165.44 8368.56 7556.06 6759.18 5962.31 5165.44
-9999 423.388 449.927 290.369 675.893 932.968 684.254 279.778 864.389 1667.16 2464.04 3260.91 4057.79 4807.57 4956.76 4756.01 5034.31 5364.39 5694.46 6031.01 6362.54 6642.84 6671.88 6704.24 6995.48 7325.55 7655.63 7985.71 8315.78 8652.33 8982.41 9333.65 9880.81 9573.01 8761.52 7964.64 7167.77 6377.26 5643.52 5141.96 4611.82 3882.23 3089.94 2473.73 2086.3 1752.87 1733.46 2072.68 2628.56 3156.25 3322.93 2718.02 1921.15 1215.8 905.79 1250.66 1968.02 2764.9 3561.77 4374.27 5171.15 5968.02 6764.9 7561.77 8374.27 9171.15 9554.57 8835.36 8038.48 7225.98 6429.11 5632.23 4835.36
177.279 125.237 716.84 1000.68 1308.95 1496.35 859.207 511.015 935.795 1725.41 2522.29 3319.16 4116.04 4912.91 5594.81 5552.89 5831.19 6161.26 6491.34 6827.89 7157.96 7433.09 7468.75 7501.11 7792.35 8122.43 8452.51 8782.58 9112.66 9449.21 9779.28 10097.7 9983.19 9243.94 8431.44 7634.56 6837.69 6040.82 5249.81 4503.33 4015.01 3485.77 2755.28 1961.27 1335.56 959.347 945.161 1506.35 2292.35 3102.25 3213.83 2420.3 1623.43 826.555 258.547 873.43 1670.3 2467.18 3264.05 4076.55 4873.43 5670.3 6467.18 7264.05 8076.55 8873.43 9230.56 8505.28 7708.41 6895.91 6099.03 5302.16 4505.28
405.599 254.028 920.664 1642.76 2098.83 1984.62 1540.13 1320.08 1578.97 2084.84 2858.84 3655.71 4452.59 5249.46 6052.34 6363.38 6643.69 6973.76 7303.84 7640.39 7970.46 8245.59 8281.25 8313.61 8604.85 8934.93 9265.01 9595.08 9925.16 10257.9 10507.3 10409.5 9704.27 8907.39 8094.89 7298.02 6501.14 5704.27 4907.39 4100.76 3367.52 2875.77 2349.89 1625.75 818.692 242.113 424.13 1210.71 2007.58 2820.08 3153.06 2420.3 1623.43 826.555 258.547 873.43 1670.3 2467.18 3264.05 4076.55 4873.43 5670.3 6467.18 7264.05 8076.55 8867.77 8953.88 8175.21 7378.33 6565.83 5768.96 4972.08 4175.21
928.324 675.599 1177.36 1958.22 2712.73 2667.08 2337.01 2116.96 2375.84 2714.68 3215.23 3985.79 4782.66 5579.54 6392.04 7064.36 7440.56 7770.64 8100.71 8437.26 8767.34 9042.46 9078.13 9110.49 9401.73 9731.81 10061.9 10392 10565.8 10426.4 10124.8 9793.05 9328.28 8577.32 7764.82 6967.94 6171.07 5374.19 4577.32 3764.82 2974.31 2242.52 1748.65 1260.02 743.472 206.442 601.495 1382.12 2170.96 2983.46 3417.19 2718.02 1921.15 1215.8 905.79 1250.66 1968.02 2764.9 3561.77 4374.27 5171.15 5968.02 6764.9 7561.77 8374.27 9126.93 8898.97 8102.09 7305.22 6492.72 5747.34 5008.31 4214.04
1653.3 1465.61 1763.72 2303.17 3097.74 3444.15 3133.88 2913.83 3172.72 3509.26 3842.77 4343.32 5112.74 5909.61 6722.11 7517.15 8185 8567.51 8897.59 9234.14 9564.21 9839.34 9875 9907.36 10198.6 10528.7 10858.8 10981.9 10378.3 9698.04 9327.92 8997.84 8666.1 8202.9 7434.74 6637.86 5840.99 5044.11 4247.24 3434.74 2637.87 1847.52 1115.57 644.112 306.104 592.29 778.648 1327.84 2081.19 2893.69 3538.12 3048.1 2346.18 1948.6 1702.67 1968.02 2379.33 3094.97 3891.85 4704.35 5501.22 6298.1 7094.97 7891.85 8704.35 9238.22 8626.52 7829.65 7032.77 6220.27 5444.56 4900.27 4406.33
2450.17 2262.48 2553.73 2889.53 3442.31 4087.64 3930.76 3710.71 3969.59 4306.14 4636.22 4969.72 5469.13 6239.69 7052.19 7849.06 8644.1 9313.36 9694.46 10031 10361.1 10636.2 10671.9 10704.2 10995.5 11325.6 11448.7 10844.9 10048.9 9237.54 8572.23 8200.97 7870.89 7539.43 7065.06 6307.79 5510.91 4714.04 3917.16 3104.66 2307.79 1510.91 720.406 174.984 258.114 615.098 349.224 973.977 1766.28 2578.78 3363.03 3462.52 3075.56 2745.48 2499.54 2764.9 3094.97 3504.56 4221.92 5034.42 5831.3 6628.17 7425.05 8221.92 9026.04 9080.21 8296.45 7499.57 6702.7 5890.2 5093.32 4317.61 3797.04
3247.05 3059.36 3350.6 3680.68 4024.09 4554.17 4723.65 4507.58 4766.47 5103.01 5433.09 5763.17 6095.53 6592.65 7382.27 8179.14 8976.01 9771.66 10444.5 10827.9 11158 11433.1 11468.8 11501.1 11792.4 11923.3 11311.9 10515.7 9718.81 8906.31 8110.58 7444.14 7074.02 6743.94 6405.99 6031.62 5495.49 4772.29 3975.41 3162.91 2366.04 1569.16 820.912 580.762 839.518 764.207 210.921 718.324 1514.05 2326.55 3123.43 3838.82 3869.37 3542.35 3296.42 3561.77 3891.85 4221.92 4626.37 5364.5 6161.37 6958.25 7755.12 8552 9239.68 8763.25 7966.37 7169.5 6372.62 5560.12 4763.25 3966.37 3188.37
4059.55 3871.86 4163.1 4491.65 4824.83 5160.62 5459.36 5320.08 5578.97 5915.51 6245.59 6575.67 6905.74 7235.82 7741.7 8515.69 9312.56 10109.4 10905 11565.9 11893.2 12066.9 12128.5 11979.6 12128.3 11772.9 10976 10179.1 9382.26 8569.76 7772.89 6976.02 6304.99 5931.44 5594.89 5264.82 4934.74 4597.96 4247.27 3499.46 2702.59 1959.48 1520.72 1384.8 1549.44 986.596 312.074 736.596 1533.47 2345.97 3142.85 3939.72 4545.28 4354.78 4108.92 4374.27 4704.35 5034.42 5364.5 5775.42 6497.92 7294.8 8091.67 8888.55 9181.68 8426.7 7629.82 6832.95 6036.07 5223.57 4426.7 3629.82 2832.95
4856.42 4655.84 4810 4742.77 4891.93 5222 5543.55 5776.79 6089.07 6466.04 6962.54 7367.54 7702.62 8032.69 8371.53 8870.46 9590.39 10304.5 10849.5 11230.8 11488.3 11493.1 11597.9 11288.4 11391.8 11391.4 10645.9 9849.06 9052.19 8239.69 7442.81 6645.94 5849.06 5178.04 4798.02 4467.94 4137.87 3807.79 3859.34 3768.66 3088.15 2647.67 2316.25 2027.73 1536.93 826.765 240.651 730.794 1521.97 2334.14 3131.01 3927.89 4724.76 5117.73 4905.79 5171.15 5501.22 5831.3 6161.37 6497.92 6907.51 7624.87 8421.75 9179.78 8893.5 8096.62 7299.75 6502.87 5706 4893.5 4096.62 3299.75 2502.87
4967.02 4644.3 4321.57 3991.5 4095.05 4425.13 4755.2 5085.28 5455.4 6113.54 6877.38 7442.78 7784.34 8114.42 8450.97 8785.48 9265.61 9749.2 10097 10433.9 10697.3 10696.2 10801 10491.5 10595.1 10770 10292.2 9518.99 8722.11 7909.61 7112.74 6315.86 5518.99 4722.11 4041.19 3671.07 3340.99 3010.91 3069.16 3395.54 3529.35 3317.68 2701.77 1936.58 1125.8 429.967 311.519 773.327 1478.14 2290.13 3087.01 3883.88 4680.76 5434.67 5688.02 5968.02 6298.1 6628.17 6958.25 7294.8 7624.87 8036.18 8751.83 9347.25 8738.17 7941.29 7144.42 6347.54 5550.67 4738.17 3941.29 3144.42 2347.54
4194 3854.78 3524.7 3194.62 3298.18 3628.25 3958.33 4329.59 4972.28 5752.18 6320.69 6665.43 6995.51 7325.59 7664.42 8138.66 8622.25 8969.99 9300.46 9699.02 9979.52 9899.32 10004.2 9694.62 9798.18 9979.58 9684.09 9166.33 8392.04 7579.54 6782.66 5985.79 5188.91 4392.04 3580.68 2915.38 2544.12 2214.04 2272.29 2608.84 3018.43 3405.2 2752.87 1956 1145.78 536.511 270.572 437.107 1231.69 2044.19 2841.07 3637.94 4434.82 5231.69 6026.45 6676.57 7094.14 7425.05 7755.12 8091.67 8421.75 8751.83 9078.59 9126.46 8729.24 8149.7 7403.3 6606.42 5809.55 4997.05 4200.17 3403.3 2606.42
3627.67 3066.48 2727.82 2397.75 2501.3 2831.38 3201.5 3845.32 4613.29 5196.25 5538.48 5868.56 6198.64 6528.71 7011.71 7496.25 7843.14 8173.51 8560.79 9225.9 9206 9102.44 9207.3 8897.75 9001.3 9182.71 8893.69 8574.66 8058.41 7249.46 6452.59 5655.71 4858.84 4061.96 3249.46 2453.73 1787.28 1417.16 1475.41 1886.33 2608.84 3350.77 3082.95 2286.07 1625.88 1008.17 378.688 681.824 1412.91 2225.41 3022.29 3819.16 4616.04 5412.91 6225.41 7022.29 7770.11 8221.23 8552 8885.2 9060.24 8970.73 8676.9 8347.49 8010.94 7680.39 7324.69 6824.51 6132.05 5321.57 4524.7 3727.82 2930.95
3280.25 2491.96 1926.19 1585.25 1688.8 2062.02 2710.59 3487.08 4049.54 4395.91 4725.98 5056.06 5388.42 5862.66 6356.06 6700.86 7030.93 7425.08 8130.43 8665.95 8393.5 8289.94 8394.8 8085.25 8188.8 8370.21 8081.19 7777 7602.38 6912.91 6116.04 5319.16 4522.29 3725.41 2912.91 2116.04 1319.16 648.14 737.28 1475.41 2272.29 3069.16 3358.9 2774.93 2142.29 1461.73 1121.86 1320.99 1816.96 2561.96 3358.84 4155.71 4952.59 5749.46 6561.96 7358.84 8155.71 8908.47 9321.07 9213.82 8669.2 8196.86 7865.07 7534.99 7198.44 6868.37 6538.29 6208.22 5924.08 5283.47 4486.6 3689.72 2892.85
2950.17 2153.3 1365.58 799.242 935.067 1583.81 2360.41 3100.74 3275.43 3599.03 3929.11 4262.62 4735.71 5220.25 5573.91 5903.98 6301.56 7003.47 7789.77 7926.7 7596.62 7493.07 7597.92 7288.37 7391.93 7573.33 7284.31 6980.12 6862.71 6594.46 6054.55 5260.91 4464.04 3667.16 2854.66 2057.79 1260.91 543.555 648.14 1417.16 2214.04 3010.91 3672.17 3281.34 2588.68 2209.98 1918.73 2106.42 2447.94 2957.82 3688.91 4485.79 5282.66 6079.54 6892.04 7688.91 8485.79 9282.43 9453.83 8690.55 8136.73 7543.39 7070.48 6738.12 6401.57 6071.49 5741.42 5411.34 5275.43 5259.94 4550.21 3753.33 2956.46
2762.48 1965.61 1168.73 399.768 466.799 1233.46 2030.33 2541.72 2478.55 2802.16 3135.67 3608.76 4092.35 4440.19 4777.03 5174.61 5876.52 6671.39 7286.62 7129.82 6799.75 6696.19 6801.05 6491.5 6595.05 6776.46 6487.44 6183.25 6065.83 5920.3 6086.22 5558.82 4778.57 3997.24 3184.74 2387.87 1672.22 1260.91 1319.16 1787.28 2544.12 3319.32 3657.34 3601.57 3333.38 3006.85 2715.61 2903.3 3233.38 3583.08 4087.06 4815.86 5612.74 6409.61 7222.11 8018.99 8815.86 9518.15 9154.09 8341.59 7565.88 7009.21 6416.44 5942.96 5604.7 5274.62 4944.54 4614.47 4478.55 4794.4 4651.09 3894.42 3097.54
3000.65 2203.78 1406.9 624.818 414.012 1162.26 1848.5 1815.03 1681.68 2007.57 2481.81 2965.4 3313.14 3643.61 4044.23 4749.57 5544.44 6201.58 6532.12 6332.95 6002.87 5899.32 6004.17 5694.62 5798.18 5979.58 5690.56 5386.37 5268.96 5123.43 5420.08 5363.44 4625.65 4022.2 3362.93 2745.68 2336.09 2027.05 2116.04 2453.73 2895.33 3146.81 2912.26 3125.84 3437.29 3581.97 3504.44 3700.17 4030.25 4366.8 4710.61 5214.02 5942.81 6739.69 7552.19 8349.06 9124.53 9210.54 8765.43 8011.52 7214.64 6438.93 5882.83 5288.34 4807.82 4477.75 4147.67 3817.59 3681.68 4005.28 4308.75 4113.1 3356.43
3323.14 2526.27 1740.84 1195.67 1085.82 1525.65 1663.27 1052.18 884.803 1354.85 1874.94 2186.29 2516.66 2903.94 3622.62 4417.82 5076.18 5448.64 5762.83 5536.07 5206 5102.44 5207.3 4897.75 5001.3 5182.71 4893.69 4589.5 4472.08 4326.55 4624.27 4847.34 4273.05 3499.06 2906.23 2381.65 2040.13 1818.46 2072.49 2414.91 2663.49 2393.69 2115.39 2328.97 2668.37 3128.31 3740.7 4130.93 4461.01 4820.44 5365.18 5830.92 6338.68 7069.77 7882.27 8679.14 9275.54 8725.08 8094.9 7629.44 6884.57 6087.69 5309.69 4757.6 4149.77 3680.87 3350.79 3020.72 2884.8 3208.41 3538.48 3883.22 3690.55
3659.69 2877.69 2337.1 2001.3 1897.75 2068.44 1452.67 658.078 310.178 751.282 1177.64 1374.08 1768.23 2473.57 3283.66 3938.25 4307.78 4741.4 5030.57 4723.57 4393.5 4289.94 4394.8 4085.25 4188.8 4370.21 4081.19 3777 3659.58 3514.05 3811.77 4135.78 3924.81 3139.63 2350.01 1767.08 1242.51 1007.58 1272.33 1674.9 2057.42 1596.06 1302.89 1519.33 1989.57 2628.35 3079.71 3411.26 3764.22 4407.39 5204.27 6001.14 6731.77 7415.43 8206.33 8999.13 9148.62 8386.25 7589.37 6945.85 6489.43 5751.14 4954.27 4171.69 3608.55 3012.34 2540.01 2208.22 2072.3 2395.91 2769.46 3440.48 4023.13
4005.79 3465.19 3128.25 2798.18 2689.47 2505.74 1721.45 1067.59 480.662 234.387 436.011 644.708 1346.62 2141.82 2811.3 3181.4 3615.59 4241.49 4262.58 3926.7 3596.62 3493.07 3597.92 3288.37 3391.93 3573.33 3284.31 2980.12 2862.71 2717.18 3014.9 3344.97 3484.52 2809.55 1997.05 1226.49 641.414 275.75 543.873 1206 1721.62 1056.61 526.606 852.308 1529.08 1978.09 2284.31 2640.7 3267.1 4077.32 4874.19 5671.07 6467.94 7264.82 8077.32 8862.55 8829.1 8049.4 7259.3 6449.08 5822.13 5359.19 4624.19 3827.32 3033.69 2479.88 1886.54 1413.63 1275.43 1642.51 2313.53 3087.02 3742.36
4592.15 4255.2 3925.13 3595.05 3404.75 2848.4 2194.54 1608.76 1068.16 467.967 202.761 589.252 1272.61 1692.65 2053.87 2488.64 3156.8 3742.19 3468.09 3129.82 2799.75 2696.19 2801.05 2491.5 2595.05 2776.46 2487.44 2183.25 2065.83 1920.3 2218.02 2575.56 3080.69 2621.86 1809.36 1012.48 335.135 397.7 520.314 1186.58 1702.21 1031.84 309.271 407.494 1045.5 1209.14 1514.9 2141.3 2934.74 3747.24 4544.11 5340.99 6137.86 6934.74 7747.24 8532.47 8497.84 7702.15 6922.55 6116.72 5323.28 4696.25 4232.23 3497.24 2684.74 1909.03 1352.36 759.585 520.314 1186.58 1958.8 2616.99 -9999
5382.15 5052.08 4722 4391.93 3940.14 3321.5 2735.71 2194.54 1604.18 1121.76 934.819 1117.01 955.082 925.206 1360.54 2029.28 2821.57 3301.06 2774.75 2332.95 2002.87 1899.32 2004.17 1694.62 1798.18 2033.07 1697.43 1386.37 1268.96 1123.43 1447.46 2075.01 2863.32 2900.24 2100.6 1383.24 993.068 1097.96 1273.08 1642.51 2033.62 1393.75 709.676 203.75 447.227 447.73 1014.35 1807.79 2604.66 3417.16 4214.04 5010.91 5807.79 6604.66 7417.16 8202.4 8167.77 7370.89 6575 5780.26 4989.77 4196.33 3568.23 3108.58 2354.66 1557.79 782.08 265.216 341.093 1028.28 1565.79 -9999 -9999
6179.03 5848.95 5518.88 5066.61 4448.45 3861.52 3322.07 2731.13 2255.75 1912.91 1684.05 1198.52 436.109 272.734 900.608 1694.62 2413.03 2766.35 2314.82 1636.18 1206 1102.44 1274.21 900.608 1024.18 1546.21 1109.92 595.219 514.986 349.437 946.911 1741.5 2538.37 3073.9 2505.05 2100.6 1789.94 1893.5 2069.62 2395.07 2457.31 1796.38 1033.73 516.731 289.757 440.276 1077.74 1866.04 2662.91 3475.41 4272.29 5069.16 5866.04 6662.91 7475.41 8190.44 7837.69 7040.82 6243.94 5432.52 4653.31 3862.82 3068.23 2438.05 2035.52 1381.66 635.722 402.2 736.442 1066.79 -9999 -9999 -9999
6991.53 6660.15 6204.17 5597.49 4998.94 4460.64 3869.71 3397.76 3061.96 2721.15 2224.56 1463.48 909.648 609.753 1023.78 1644.27 1770.53 1997.05 1943.05 1165.77 501.517 333.142 656.941 391.857 611.775 1210.88 844.302 240.062 182.335 238.611 899.318 1696.19 2493.07 3232.02 3243.18 2913.1 2602.44 2706 2881.28 2951.59 2305.99 1716.78 1268.86 1151.2 1057.89 1167.16 1574.47 2212.31 2999.46 3811.96 4608.84 5405.71 6202.59 6999.46 7811.79 8203.33 7501.14 6704.27 5907.39 5094.89 4299 3519.6 2729.39 1932.52 1289.35 941.478 395.429 560.324 1138.91 -9999 -9999 -9999 -9999
7767.4 7329.7 6724.45 6137.52 5587.59 4997.23 4525.85 4188.91 3855.49 3345.59 2591.57 2037.41 1672.49 1405.79 1436.04 1101.2 973.652 1226.49 1616.6 981.694 253.04 370.292 219.722 539.55 715.003 889.722 359.255 294.594 451.803 492.103 1089.33 1864.47 2661.34 3458.22 3983.51 3709.98 3399.32 3496.4 3427.09 2747.05 1950.17 1180.19 599.549 707.567 1414.18 1914.12 2292.69 2702.56 3339.26 4142.04 4938.91 5735.79 6532.66 7329.54 8115.95 7967.94 7171.07 6374.19 5577.32 4764.82 3967.94 3172.24 2395.78 1615.39 805.175 336.28 378.035 750.573 1057.53 -9999 -9999 -9999 -9999
7708.51 7727.51 7265.61 6725.02 6123.61 5652.8 5315.86 4981.77 4484.02 3717.38 3164.36 2799.6 2463.17 2001.75 1309.36 537.083 293.409 765.917 1465.05 1007.58 290.369 373.43 128.404 238.836 202.716 365.323 556.198 921.228 1181.71 1241.5 1621.34 2216.85 2991.42 3788.29 4542.66 4506.85 4196.19 4058.35 3371.86 2559.36 1762.48 965.609 332.651 664.696 1436.58 2233.46 2971.37 3419.65 3828.37 4480.69 5268.99 6065.86 6862.74 7659.61 8227.86 7636.34 6840.99 6044.11 5247.24 4434.74 3637.87 2840.99 2050.15 1398.55 820.003 328.467 300.482 769.181 -9999 -9999 -9999 -9999 -9999
6921.15 7250.04 7485.35 7240.04 6778.61 6442.81 6108.72 5609.59 4856.52 4290.5 3926.39 3590.12 3078.85 2309.55 1499.34 872.936 723.652 1029.69 1668.92 1265.93 773.533 723.127 236.548 321.856 134.598 216.723 696.193 1443.2 1817.62 1965.15 2299.8 2741.43 3311.43 4006.12 4769.79 5206.65 4977.16 4454.37 3663.1 2850.6 2053.73 1351.81 1006.01 1245.33 1803.84 2563.53 3360.41 4099.8 4547.07 4964.65 5608.22 6395.94 7192.81 7989.69 8065.07 7284.06 6509.39 5714.04 4917.16 4104.66 3307.79 2510.91 1714.04 922.884 379.543 272.023 359.059 702.526 -9999 -9999 -9999 -9999 -9999
6124.27 6454.35 6784.42 7103.75 7296.21 7205.08 6737.92 5983.48 5425.74 5052.84 4717.88 4207.11 3436.5 2639.63 1996.45 1643.5 1520.53 1735.61 1837.2 1530.56 1436.22 1107.58 538.193 156.303 240.299 236.156 893.384 1405.09 1320.08 1607.71 2103.79 2593.88 3019.2 3669.97 4431.97 4890.08 5149.51 4780.98 3993.18 3180.68 2475.33 2081.19 1802.89 2016.47 2379.9 2930.79 3690.48 4487.36 5231.19 5682.01 6091.61 6734.6 7522.89 8210.26 7742.1 6945.23 6186.92 5617.73 4964.58 4162.91 3366.04 2569.16 1772.29 989.714 480.042 274.617 555.233 739.927 -9999 -9999 -9999 -9999 -9999
5311.77 5641.85 5971.92 6302 6638.55 7009.73 7082.44 6566.5 6201.89 5859.48 5344.47 4569.92 3775.34 3145.5 2786.07 2456 2315.73 2075.62 1343.27 825.164 965.398 876.441 179.197 48.8281 4.88281 210.586 722.522 731.253 511.015 966.265 1456.01 1880.97 2535.97 3282.92 3749.46 4079.54 4422.77 4801.23 4329.73 3611.05 3223.76 2893.69 2615.39 2828.97 3165.51 3521.33 4067.65 4823.91 5620.78 6380.24 6823.07 7231.32 7869.16 8161.72 7405.55 6608.68 5811.8 5063.55 4621.35 4225.17 3647.23 2903.44 2127.71 1598.99 1126.06 865.387 1221.55 1463.12 -9999 -9999 -9999 -9999 -9999
4514.9 4844.97 5175.05 5505.12 5885.15 6530.88 7100.78 7217.23 6992.4 6471.42 5696.88 4903.43 4275.89 3919.5 3578.96 3177.21 2602.61 1822.3 1025.43 319.412 272.358 408.146 137.695 0 84.9322 138.921 344.37 297.413 173.337 409.96 754.588 1410.16 2154.95 2614.7 2952.59 3296.39 3799.8 4528.6 4723.88 4350.71 4020.64 3690.56 3412.26 3625.84 3962.39 4292.47 4649.43 5195.74 5950.86 6763.36 7502.75 7946.11 8248.85 7885.38 7075.48 6278.6 5481.73 4684.85 3936.6 3487.36 3157.28 2804.26 2505.53 2242.84 1875.84 1662.26 1940.56 2220.99 -9999 -9999 -9999 -9999 -9999
3718.02 4048.1 4378.17 4748.29 5404.67 6003.34 6452.96 6990.93 7426.16 6823.83 6030.38 5403.98 5046.45 4681.73 4040.73 3262.48 2465.61 1668.73 871.859 203.357 187.818 86.9141 5.85938 14.6484 299.477 577.849 843.807 918.677 624.408 230.256 354.406 1053.48 1502.5 1819.16 2168.87 2672.85 3401.65 4198.53 4956.25 5131.9 4817.51 4487.44 4209.14 4422.72 4759.26 5089.34 5419.42 5776.38 6321.55 7093.43 7890.31 8323.34 7853.15 7445.2 6745.4 5948.52 5151.65 4354.78 3557.9 2799.17 2360.41 2030.33 1900.89 2121.4 2249.68 2344.22 2688.21 3085.17 3724.87 -9999 -9999 -9999 -9999
2921.15 3251.22 3622.49 4265.46 4878.01 5325.6 5863.98 6512.56 6911.18 7006.81 6529.79 6173.4 5773.67 5119.24 4309.55 3512.67 2715.8 1918.92 1144.73 523.325 301.712 122.07 70.3125 107.422 160.503 264.268 694.264 1368.18 1106.4 392.429 389.921 439.137 737.036 1033.73 1543.61 2274.7 3071.57 3868.45 4665.32 5432.48 5597.65 5284.31 5006.01 5219.59 5556.14 5886.21 6216.29 6546.37 6902.19 7460.69 8199.35 8120.02 7332.58 6723.91 6308.21 5618.45 4821.57 4024.7 3227.82 2415.32 1673.94 1233.46 1104.01 1324.52 1548.18 1957.77 2675.13 3447.03 3952.4 -9999 -9999 -9999 -9999
2124.27 2494.39 3138.51 3742.37 4197.44 4734.74 5387.22 5784.23 6114.5 6450.48 6819.96 6681.67 5904.81 5108 4295.5 3498.62 2701.75 1919.95 1134.8 383.08 93.75 124.232 265.134 279.014 452.342 66.2387 474.403 1249.54 1469.5 1065.83 838.287 420.958 226.979 409.656 1147.75 1944.62 2741.5 3538.37 4335.25 5147.75 5899.28 6065.5 5802.89 6016.47 6353.01 6683.09 7013.17 7343.24 7673.32 8036.75 8373.34 7794.8 6997.92 6203.91 5585.77 5181.26 4491.5 3694.62 2897.75 2085.25 1288.37 545.271 318.579 585.98 825.668 1548.18 2345.05 3106.44 3428.86 -9999 -9999 -9999 -9999
