public/models/data/input/map/sulut/800/mapdem.asc
NCOLS 310
NROWS 227
XLLCORNER 510063.019283
YLLCORNER 210717.685435
CELLSIZE 800.000000
NODATA_VALUE       -9999
[rows 64 to 95 of 227, columns 222 to 295 of 310]
-9999 -9999 -9999 -9999 -9999 -9999 -9999 18 35.0039 50.4297 73.0313 74.7891 126.023 115.922 151.129 152.789 133.066 121.293 119.215 94.4805 104.84 124.305 89.9922 88.1172 91.1563 79.8398 72.9609 72.7695 67.875 69.6641 71.0508 79.2188 92.8945 105.57 102.363 109.676 113.313 146.656 182.129 223.891 297.547 389.684 538.957 668.758 773.871 869.324 1017.34 1046.55 1032.9 928.375 803.109 665.078 517.352 405.137 320.414 250.865 191.277 135.703 88.5742 46.7305 15.0664 7.74219 3.21484 1.08219 1.125 2.38542 0.34375 0.177083 0.676056 0.458333 0.876543 1 -9999 10
-9999 -9999 -9999 -9999 -9999 15.913 76.8871 65.2266 72.5859 109.176 154.164 182.133 195.438 160.727 180.32 195.063 209.09 196.617 180.984 196.461 133.949 130.578 124.766 123.898 126.418 118.398 145.098 134.41 116.566 114.66 75.6953 76.4609 100.66 122.867 121.887 134.105 139.184 129.438 170.363 201.988 239.773 293.004 369.734 429.867 543.609 675.449 773.746 754.789 781.266 719.043 654.594 555.293 453.398 357.641 282.34 219.496 170.316 118.547 71.3789 37.0547 10.5547 2.81921 0.5 -9999 -9999 -9999 -9999 -9999 -9999 39 56.6543 50.4462 43.8592 78.5273
-9999 -9999 -9999 5.66667 42.0109 85.1483 182.605 191.871 186.621 184.965 224.715 263.81 285.145 252.75 232.852 260.523 262.682 249.478 240.336 269.133 177.262 168.691 151.355 144.535 145.738 168.891 221.02 208.273 198.25 179.332 116.777 95.1406 93.7617 109.652 140.832 146.5 166.52 140.383 157.719 184.633 213.434 254.695 301.391 347.688 429.91 547.621 569.938 584.199 595.047 581.832 536.617 472.41 388.02 314.086 249.355 199.543 144.023 101.137 64.8242 39.5469 6.20455 2 -9999 -9999 -9999 -9999 -9999 -9999 12 46.7311 119.875 138.234 150.047 167.988
-9999 -9999 -9999 16.3186 31.9844 151.031 335.883 383.922 295.879 263.504 347.844 339.141 386.27 389.359 365.203 380.535 361.781 338.004 346.359 305.699 230.184 192.465 175.781 171.078 178.125 215.902 297.152 291.023 250.707 248.176 159.531 134.449 128.406 130.996 150.82 162.254 171.648 163.051 165.668 168.52 191.961 231.156 270.685 307.398 375.539 395.5 417.914 447.945 452.188 434.586 449.008 461.379 367.117 273.996 217.508 166.555 120.387 82.5508 54.5898 41.2188 6.1049 -9999 -9999 -9999 -9999 -9999 -9999 -9999 33.0441 71.1311 111.508 165.086 204.898 219.137
29.8125 43.1875 28.4386 77.2109 155.707 136.406 224.078 439.212 471.98 380.445 424.754 422.738 469.457 465.605 467.246 484.852 488.531 455.055 387.211 361.863 275.801 221.68 239.715 223.316 227.902 237.598 340.173 381.254 308.5 294.551 231.16 209.875 181.031 168.012 187.137 187.031 187.961 175.953 178.309 181.441 188.723 225.211 250.659 269.824 301.043 315.578 338.242 356.25 348.871 323.82 303.855 310.328 289.082 217.145 180.117 142.215 100.965 65.8477 33.9727 19.4023 5.00926 -9999 -9999 -9999 -9999 -9999 -9999 15.6471 20.7073 47.5039 112.117 113.926 77.5117 117.691
41.668 78.3438 155.109 159.777 293.771 313.16 288.191 359.183 535.375 552.125 508.719 597.102 566.016 520.563 533.07 542.191 562.871 528.238 467.98 401.512 318.859 290.297 319.77 331.508 303.848 325.905 336.26 372.188 358.34 390.352 384.766 311.535 260.652 231.754 235.691 241.691 230.254 221.254 198.645 222.143 220.934 196.77 214.551 232.215 246.949 257.069 269.652 281.504 275.734 254.684 230.223 197.27 171.758 150.766 133.59 106.996 71.6523 41.9375 16.7969 5.36992 5.27273 -9999 -9999 -9999 -9999 -9999 12 23.6429 31.3301 42.5935 55.5187 43.5702 15.3902 68.6414
56.0391 120.535 139.645 199.293 226.293 268.227 388.793 456.418 519.277 611.844 632.188 705.977 687.473 605.102 637.277 652.809 642.172 626.391 530.598 478.563 418.566 355.855 382.941 446.676 416.605 445.406 409.477 417.949 454.707 439.777 417.824 392.328 320.344 284.184 275.254 278.156 265.504 258.074 213.66 211.281 208.586 187.297 194.371 198.699 206.453 207.969 208.426 218.277 209.953 194.398 175.828 146.98 112.176 102.828 88.8828 70.0352 38.9141 20.6094 6.05556 3 -9999 -9999 -9999 -9999 -9999 -9999 -9999 12.75 20 15 -9999 -9999 -9999 14
72.8672 105.477 128.641 163.883 203.113 293.309 472.254 439.961 561.93 665.738 757.516 831.695 744.957 730.113 783.59 771.844 734.02 714.789 635.574 582.387 500.332 501.309 495.008 563.277 526.957 565.926 517.883 514.844 566.992 495.941 440.859 399.152 360.512 380.867 324.109 304.246 289.73 252.961 239.424 207.773 193.113 194.266 213.316 211.586 173.246 166.48 157.207 165.797 157.664 143.684 122.449 105.309 75.7383 57.3711 56.3906 43.8945 11.9688 5.59559 -9999 -9999 -9999 -9999 -9999 -9999 -9999 -9999 -9999 3 -9999 -9999 -9999 -9999 -9999 14
107.789 134.906 164.547 196.945 224.93 277.852 362.207 434.336 584.512 721.215 899.941 1041.64 873.488 802.332 916.746 984.477 974.313 902.387 782.418 672.773 587.934 641.551 697.375 747.121 698.461 705.047 659.531 595.836 668.574 542.059 468.77 435.77 427.855 413.238 369.82 341.684 298.148 269.688 249.172 222.563 219.324 216.84 252.355 237.805 170.648 143.82 131.004 136.488 122.445 101.527 83.6563 60.4453 42.1797 23.6641 21.25 26.168 1.7623 0.0566038 -9999 -9999 -9999 -9999 -9999 -9999 -9999 -9999 -9999 -9999 -9999 -9999 -9999 -9999 -9999 -9999
143.582 155.742 170.75 223.32 243.199 305.613 365.07 458.617 591.063 770.301 1053.51 1276.39 1011.8 924.633 1036.89 1126.54 1206.74 1103.78 931.406 770.484 682.172 757.586 850.246 914.359 898.504 839.523 792.785 698.207 776.871 632.977 566.625 514.371 494.82 457.914 423.004 368.727 312.648 336.203 286.496 247.609 267.313 275.07 332.965 314.418 204.301 200.441 139.699 162.195 147.371 94.0391 69.0391 47.2109 12.4766 6.20313 5.67742 18.0921 0.40678 -9999 -9999 -9999 -9999 -9999 -9999 -9999 -9999 -9999 -9999 -9999 -9999 -9999 -9999 -9999 -9999 -9999
162.457 190.254 188.82 235.602 272.523 310.625 379.918 474.066 599.059 785.141 1117.14 1373.22 1203.69 1159.89 1188.25 1147.54 1103.56 1021.97 855.434 754.523 722.246 825.633 960.23 1082.51 1087.75 1043.65 969.367 887.461 854.652 701.57 637.973 575.078 551.977 487.234 418.164 369.98 343.676 409.207 365.371 319.641 375.688 361.879 374.551 288.234 231.818 270.352 198.645 235.407 220.027 122.387 71.1953 70.1719 20.9453 9.71875 0.575758 -9999 -9999 -9999 -9999 -9999 -9999 -9999 -9999 -9999 -9999 -9999 -9999 -9999 -9999 -9999 -9999 -9999 -9999 -9999
218.685 193.965 209.078 247.121 279.195 326.387 389.164 482.898 598.898 779.051 1009.51 1171.92 1219.78 1211.62 1328.71 1391.6 1104.93 933.348 829.465 765.887 756.273 821.207 947.871 1081.54 1172.32 1139.99 1077.42 980.992 925.406 762.574 680.875 598.266 541.004 488.105 470.301 404.316 390.598 421.016 487.605 417.852 495.879 449.648 351.105 324.25 366.961 320.449 268.543 284.484 248.742 183.84 101.793 79 33.2852 11.2434 4.63636 -9999 -9999 -9999 -9999 -9999 -9999 -9999 -9999 -9999 -9999 -9999 -9999 -9999 -9999 -9999 -9999 -9999 -9999 -9999
257.383 229.789 246.215 252.586 286.488 322.918 387.883 451.277 549.574 685.652 835.223 924.434 987.129 1026.19 1218.28 1274.39 1033.3 881.879 801.469 774.441 776.777 806.602 928.934 1081.52 1223.38 1223.21 1100.73 951.398 841.332 709.613 657.699 607.418 531.242 540.133 507.895 475.586 520.992 560.551 531.531 557.383 559.125 503.742 417.125 427.852 450.695 328.711 302.527 286.152 224.43 192.305 137.266 107.094 57.832 20.9227 6 -9999 -9999 -9999 -9999 -9999 -9999 -9999 -9999 -9999 -9999 -9999 -9999 -9999 -9999 -9999 -9999 -9999 -9999 -9999
312.219 290.625 285.551 264.442 284.661 324.574 368.246 425.621 507.156 598 673.66 756.781 820.164 857.23 954.719 962.676 898.906 838.539 789.715 775.031 776.77 804.254 872.961 1015.87 1122.81 1193.59 1061.93 922.578 826.23 715.91 649.496 617.219 574.348 613.641 566.73 594.449 660.148 696.184 630.582 647.613 671.262 598.125 490.738 609.328 495.777 377.285 463.898 363.965 293.719 292.703 192.477 120.309 57.1992 28.6774 2.125 -9999 -9999 -9999 -9999 -9999 -9999 -9999 -9999 -9999 -9999 -9999 -9999 -9999 -9999 -9999 -9999 -9999 -9999 -9999
360.125 330.031 302.246 289.344 298.766 298.762 329.574 382.48 442.047 520.543 603.027 649.016 681.832 757.121 883.996 834.254 791.07 782.465 765.934 759.129 763.34 801.297 867.859 945.02 1018.5 1081.63 1026.23 949.055 867.16 788.039 691.578 652.758 638.219 739.625 687.496 732.578 804.773 843.633 740.59 713.621 727.957 601.02 646.539 702.191 521.617 519.949 505.836 417.242 256.918 167.457 122.824 121.703 51.8789 14.2027 1.14286 -9999 -9999 -9999 -9999 -9999 -9999 -9999 -9999 -9999 -9999 -9999 -9999 -9999 -9999 -9999 -9999 -9999 -9999 -9999
379.637 350.863 317.457 297.633 313.48 323.961 340.582 402.762 423.789 483.395 545.98 563.883 597.484 677.504 760.129 699.988 669.703 674.023 666.172 716.234 757.172 781.855 835.148 888.152 1006.82 1167.63 1092.52 916.875 820.359 778.668 728.457 703.305 675.539 695.215 754.219 809.711 915.188 953.305 891.215 836.52 758.941 717.172 873.613 778.918 658.621 624.973 501.695 358.332 298.301 170.863 119.898 65.9961 27.8355 7.05556 -9999 -9999 -9999 -9999 -9999 -9999 -9999 -9999 -9999 -9999 -9999 -9999 -9999 -9999 -9999 -9999 -9999 -9999 -9999 -9999
334.113 257.332 222.453 262.785 295.902 344.746 370.781 403.109 436.988 483.914 502.434 531.441 558.426 602.516 624.707 627.992 672.922 705.711 743.949 750.777 749.992 764.574 794.965 842.707 947.621 1039.55 1080.95 895.156 787.246 755.133 716.184 704.852 695.16 716.238 726.141 770.445 883.199 1011.13 961.121 915.602 800.766 833.066 950.871 809.191 713.895 695.238 541.758 478.199 345.32 291.727 192.41 70.3594 16.4388 -9999 -9999 -9999 -9999 -9999 -9999 -9999 -9999 -9999 -9999 -9999 -9999 -9999 -9999 -9999 -9999 -9999 -9999 -9999 -9999 -9999
210.066 143.957 173.277 234.07 282.258 345.172 382.336 393.742 418.699 469.152 508.578 534.613 574.465 572.859 630.957 698.371 733.531 745.922 759.938 768.02 754.762 753.191 776.355 820.371 841.313 912.719 937.215 867.23 797.574 751.539 722.75 695.254 689.855 705.258 731.445 746.293 801.039 887.957 968.57 942.977 892.813 954.918 934.746 791.977 746.012 695.789 547.621 455.457 359.402 243.523 209.645 105.688 16.7207 -9999 -9999 -9999 -9999 -9999 -9999 -9999 -9999 -9999 -9999 -9999 -9999 -9999 -9999 -9999 -9999 -9999 -9999 -9999 -9999 -9999
106.93 125.547 152.082 226.559 312.813 383.289 404.512 408.238 443.328 481.184 501.777 496.117 573.121 614.223 627.188 702.781 726.484 743.484 758.461 764.934 758.504 766.836 811.773 814.73 806.105 852.07 834.402 812.555 751.582 714.742 716.367 689.898 686.922 692.809 719.91 736.277 769.594 800.492 874.215 1011.04 1010.18 971.816 843.051 765.914 762.227 688.129 552.762 386.066 285.208 207.898 151.164 72.1602 17.6397 -9999 -9999 -9999 -9999 -9999 -9999 -9999 -9999 -9999 -9999 -9999 -9999 -9999 -9999 -9999 -9999 -9999 -9999 -9999 -9999 -9999
244.348 261.297 275.156 192.965 239.129 389.926 427.301 438.551 420.961 463.48 452.164 492.402 567.281 641.273 665.672 695.574 723.965 746.211 753.59 755.434 760.34 784.777 863.594 893.406 826.773 807.457 778.973 762.824 718.18 689.984 689.434 685.738 680.922 688.324 705.078 718.246 729.328 774.883 872.422 1051.73 1041.31 925.152 865.223 778.949 680.164 633.48 513.66 341.814 235.168 175.945 107.742 64.5586 17.6211 -9999 -9999 -9999 -9999 -9999 -9999 -9999 -9999 -9999 -9999 -9999 -9999 -9999 -9999 -9999 -9999 -9999 -9999 -9999 -9999 -9999
433.098 427.668 420.352 279.305 188.688 277.023 337.922 347.238 355.219 387.758 460.887 503.961 582.82 627.234 656.594 687.664 709.328 733.047 753.789 753.121 762.262 815.621 908.723 931.793 879.457 791.898 726.941 734.949 707.977 681.258 682.98 684.648 680.48 685.789 684.75 698.836 750.023 888.492 964.277 1058.15 956.848 872.332 821.637 773.969 627.176 508.926 440.703 341.805 199.336 138.934 89.7227 45.5742 8.32035 -9999 -9999 -9999 -9999 -9999 -9999 -9999 -9999 -9999 -9999 -9999 -9999 -9999 -9999 -9999 -9999 -9999 -9999 -9999 -9999 -9999
488.176 488.516 482.66 395.168 259.293 218.626 313.008 359.504 426.508 468.152 479.16 501.262 566.012 619.344 670.434 699.375 735.02 757.254 771.008 768.941 790.824 802.539 880.555 891.117 855.07 782.137 701.199 683.367 683.359 679.84 681.766 684.539 684.422 681.809 681.848 709.078 737.574 804.73 949.879 1065 941.051 786.195 658.422 661.098 585.66 425.5 361.953 300.203 189.563 128.676 80.4883 32.8789 4.7438 -9999 -9999 -9999 -9999 -9999 -9999 -9999 -9999 -9999 -9999 -9999 -9999 -9999 -9999 -9999 -9999 -9999 -9999 -9999 -9999 -9999
421.879 451.059 487.512 470.559 389.363 355.229 250.23 316.941 381.629 444.395 465.48 534.68 571.199 588.852 617.578 675.934 716.156 734.234 765.961 821.156 878.602 865.129 878.039 868.004 784.48 720.801 691.621 682.594 679.828 680.082 685.98 688.813 688.012 691.18 682.121 702.695 749.984 826.148 971.582 1080.09 967.176 846.844 678.082 545.617 502.055 362.266 310.184 259.898 184.578 117.105 68.2773 27.4023 7.36111 -9999 -9999 -9999 -9999 -9999 -9999 -9999 -9999 -9999 -9999 -9999 -9999 -9999 -9999 -9999 -9999 -9999 -9999 -9999 -9999 -9999
380.438 412.934 440.578 454.859 482.281 469.27 307.016 310.441 364.082 418.324 479.988 534.172 547.574 573.355 597.824 632.375 675.652 719.504 764.484 769.969 835.145 873.418 942.355 985.355 856.563 778.352 728.746 714.344 698.254 685.801 690.875 689 690.66 692.664 684.332 705.641 805.977 911.895 1006.75 978.398 871.332 778.457 680.059 504.184 392.223 301.105 280.361 209.107 165.898 109.996 64.2148 24.5738 8.92308 -9999 -9999 -9999 -9999 -9999 -9999 -9999 -9999 -9999 -9999 -9999 -9999 -9999 -9999 -9999 -9999 -9999 -9999 -9999 -9999 -9999
370.641 411.156 451.156 470.047 501.43 521.813 472.07 488.547 408.793 395.508 530.527 531.082 544.598 588.789 644.582 678.855 713.91 745.523 783.441 815.809 870.711 903.617 992.281 1091.39 948.613 856.527 788.941 769.219 726.078 709.453 689.32 689 691.52 693.121 692.055 726.137 822.363 935.895 928.203 862.777 770.844 695.805 569.402 442.27 371.227 325.762 264.181 202.709 154.59 100.027 53.8906 19.1138 -9999 -9999 -9999 -9999 -9999 -9999 -9999 -9999 -9999 -9999 -9999 -9999 -9999 -9999 -9999 -9999 -9999 -9999 -9999 -9999 -9999 -9999
390.684 427.879 450.711 487.473 511.5 544.723 573.691 555.719 497.934 389.246 519.102 576.305 554.563 580.5 628.234 685.746 761.801 856.629 833.27 845.785 939.797 954.809 941.711 957.633 880.234 855.621 872.109 842.488 777.207 735.879 689.012 689.078 691.813 692.262 694.059 752.738 856.426 932.406 827.117 795.066 667.82 593.168 494.934 403.434 344.578 296.051 247.892 189.09 140.41 91.0508 42.4453 12.3932 -9999 -9999 -9999 -9999 -9999 -9999 -9999 -9999 -9999 -9999 -9999 -9999 -9999 -9999 -9999 -9999 -9999 -9999 -9999 -9999 -9999 -9999
408.785 438.734 462.25 491.801 526.68 583.313 541.52 499.07 484.254 485.703 489.809 591.73 624.344 608.418 633.586 703.109 806.516 904.309 932.957 865.871 884.043 921.582 882.539 831.789 794.609 766.746 816.184 798.367 740.703 701.691 689 691.273 692.098 691.148 703.43 740.434 793.922 845.012 771.02 676.129 607.316 533.789 468.211 392.352 341.332 280.984 230.176 176.953 133.168 87.2109 31.1328 9.61403 -9999 -9999 -9999 -9999 -9999 -9999 -9999 -9999 -9999 -9999 -9999 -9999 -9999 -9999 -9999 -9999 -9999 -9999 -9999 -9999 -9999 -9999
420.633 434.902 466.551 496.211 543.285 589.227 569.844 548.133 525.289 470.195 553.348 587.883 644.73 644.336 650.352 734.445 870.125 985.586 1038.42 914.094 847.488 848.746 780.957 721.418 707.129 738.266 763.641 744.801 698.809 688.797 686.273 689.609 689.324 693.211 717.598 848.746 862.984 738.438 662.883 585.875 548.629 478.938 429.516 380.289 314.668 272.297 218.02 169.492 120.344 61.8711 26.9617 5.11111 -9999 -9999 -9999 -9999 -9999 -9999 -9999 -9999 -9999 -9999 -9999 -9999 -9999 -9999 -9999 -9999 -9999 -9999 -9999 -9999 -9999 -9999
427.73 442.766 472.656 497.625 537.57 590.805 577.609 562.484 550.117 499.207 563.969 635.242 667.402 664.988 708.047 813.398 938.391 1053.4 1034.94 934.004 821.563 791.465 720.199 686.961 685.211 704.02 704.941 690.977 684.043 685.234 685 686.344 686.371 690.262 729.406 881.328 851.313 712.848 647.445 626.887 515.559 463.641 411.488 352.563 303.703 259.652 207.273 159.953 104.234 57.375 19.6364 -9999 -9999 -9999 -9999 -9999 -9999 -9999 -9999 -9999 -9999 -9999 -9999 -9999 -9999 -9999 -9999 -9999 -9999 -9999 -9999 -9999 -9999 -9999
437.793 459.09 489.184 513.867 542.883 611.234 589.863 571.664 567.543 562.215 521.539 622.848 674.098 676.25 712.328 787.352 906.148 972.238 909.07 876.641 790.043 720.195 716.941 704.066 691.922 680.266 680.215 679.43 684.453 685 685 689.68 695.555 727.613 773.102 838.789 797.133 734.457 641.113 565.109 501.145 450.523 400.664 355.871 300.508 258.797 207.277 152.273 98.2695 40.5469 10.5181 -9999 -9999 -9999 -9999 -9999 -9999 -9999 -9999 -9999 -9999 -9999 -9999 -9999 -9999 -9999 -9999 -9999 -9999 -9999 -9999 -9999 -9999 -9999
446.582 466.48 499.125 531.141 561.652 614.797 610.402 587.75 612.035 610.277 587.566 552.102 623.488 656.32 677.094 755.504 898.781 870.23 778.773 749.586 773.367 715.57 738.836 731.566 690.309 680 681.27 680.879 684.98 685 685.117 698.465 749.387 906.652 933.867 819.941 717.051 660.008 603.848 531.977 483.25 440.238 392.016 345.234 290.355 235.359 187.469 142.793 84.7266 27.9375 6.9375 -9999 -9999 -9999 -9999 -9999 -9999 -9999 -9999 -9999 -9999 -9999 -9999 -9999 -9999 -9999 -9999 -9999 -9999 -9999 -9999 -9999 -9999 -9999
450.852 498.832 537.344 567.008 584.32 640.395 623.098 623.09 620.449 637.313 647.297 661.652 664.422 671.672 684.617 785.512 859.262 813.059 746.359 729.609 744.215 743.969 840.242 741.484 685.215 680 680 681.719 685 685 686.137 733.957 833.617 882.852 867.77 793.754 700.047 621.926 567.691 511.453 466.164 416.176 375.82 334.652 273.328 224.328 176.887 122.484 69.9063 21.9132 -9999 -9999 -9999 -9999 -9999 -9999 -9999 -9999 -9999 -9999 -9999 -9999 -9999 -9999 -9999 -9999 -9999 -9999 -9999 -9999 -9999 -9999 -9999 -9999
