public/models/data/input/map/sulut/800/mapdem.asc
NCOLS 310
NROWS 227
XLLCORNER 510063.019283
YLLCORNER 210717.685435
CELLSIZE 800.000000
NODATA_VALUE       -9999
[rows 32 to 63 of 227, columns 222 to 295 of 310]
-9999 -9999 -9999 -9999 -9999 -9999 -9999 -9999 -9999 -9999 -9999 -9999 -9999 -9999 -9999 -9999 -9999 -9999 -9999 -9999 -9999 -9999 -9999 -9999 -9999 -9999 -9999 -9999 -9999 -9999 -9999 -9999 -9999 8.89381 9.64453 67.2188 90.8594 14.5234 4.10547 9.10938 56.0391 31.1133 55.6094 24.2422 68.7813 55.7813 25.4219 18.5273 6.59375 4.87891 7.35938 14.7617 4.64455 4.96517 5.12891 7.8125 13.6598 3.2963 -9999 4.03226 14.4709 14.1329 38.8876 60.6094 73.9375 63.8633 108.07 90.4578 -9999 -9999 -9999 -9999 -9999 -9999
-9999 -9999 -9999 -9999 -9999 -9999 -9999 -9999 -9999 -9999 -9999 -9999 -9999 -9999 -9999 -9999 -9999 -9999 -9999 -9999 -9999 -9999 -9999 -9999 -9999 -9999 -9999 -9999 -9999 -9999 -9999 -9999 27 7.37069 4.98305 90.4961 93.3398 19.0508 4.74609 4.83203 43.8555 45.0273 24.8594 20.582 53.2773 73.1758 36.1758 20.7539 33.0195 13.3828 25.6289 33.8164 7.53125 14.3945 14.4258 22.7461 22.0859 4.16016 4.61809 13.6723 50.9609 57.1953 56.5977 74.9297 69.4844 61.0977 22.1923 -9999 -9999 -9999 -9999 -9999 -9999 -9999
-9999 -9999 -9999 -9999 -9999 -9999 -9999 -9999 -9999 -9999 -9999 -9999 -9999 -9999 -9999 -9999 -9999 -9999 -9999 -9999 -9999 -9999 -9999 -9999 -9999 -9999 -9999 -9999 -9999 -9999 -9999 1.77778 2.78788 3.85156 4.49609 57.3477 101.863 46.3477 12.1797 28.3945 74.7578 57.5625 26.9102 19.6992 34.2969 70.3008 65.1523 51.3711 82.9883 55.1094 54.0742 55.5234 8.10547 11.7617 72.043 69.5117 23.7188 8.76563 6.56641 12.2891 11.8242 38.8164 88.6875 110.477 103.27 45.3438 11.1875 -9999 -9999 -9999 -9999 -9999 -9999 -9999
71.0755 85.0729 46.7292 29 -9999 -9999 -9999 -9999 -9999 -9999 -9999 -9999 -9999 -9999 -9999 -9999 -9999 -9999 -9999 -9999 -9999 -9999 -9999 -9999 -9999 -9999 -9999 -9999 -9999 1.48148 1.91667 4.57813 5.64063 5.10547 8.92578 28.7578 102.375 103.605 48.7734 43.5117 101.664 102.316 42.4453 23.0234 21.6914 33.5313 40.4258 105.977 130.266 110.027 88.9453 23.7344 21.6367 26.8125 84.9688 141.371 63.9414 17.2617 11.6055 47.625 25.4531 36.6914 84.1914 101.926 53.8945 40.25 18.4598 -9999 -9999 -9999 -9999 -9999 -9999 -9999
231.299 298.922 165.969 60.55 -9999 -9999 -9999 -9999 -9999 -9999 -9999 -9999 -9999 -9999 -9999 -9999 -9999 -9999 -9999 -9999 -9999 -9999 -9999 -9999 -9999 -9999 -9999 -9999 1 9.96774 22.8711 16.168 18.4141 33.6836 42.75 105.434 177.637 161.434 128.883 78.1797 120.805 118.969 61.875 30.875 25.2031 17.9297 54.8242 80.0938 137.922 92.3008 31.6602 39.9492 71.3125 73.5703 84.3672 143.309 68.7227 36.6328 17.8203 61.875 34.7813 27.0273 87.207 84.2852 13.7817 5.52299 5.08333 -9999 -9999 -9999 -9999 -9999 -9999 -9999
498.422 615.836 352.645 117.286 4 -9999 -9999 13.9091 15.3333 -9999 -9999 -9999 -9999 -9999 -9999 0 0 -9999 -9999 -9999 -9999 -9999 -9999 -9999 -9999 -9999 -9999 5.31579 40.8172 23.7539 95.1367 79.2305 89.7813 123.344 171.879 256.43 290.391 249.207 211.137 137.27 158.918 128.07 77.4961 56.082 35.1602 24.043 68.8828 100.285 82.6055 48.0703 79.5117 101.922 118.203 68.9883 80.5273 145.473 98.4688 77.3828 41.8047 70.9609 31.8633 35.6055 88.9648 41.5547 11.592 -9999 -9999 -9999 -9999 -9999 -9999 -9999 -9999 -9999
384.164 430.793 199.086 63.4857 -9999 -9999 -9999 16.7174 34.4606 34.2963 21.6111 20.8049 21.3077 -9999 -9999 0 0 -9999 -9999 -9999 -9999 -9999 -9999 -9999 -9999 -9999 13.0417 53.4567 106.344 124.051 216.629 191.707 134.531 103.031 142.648 211.266 280.637 285.465 267.152 173.719 136.254 149.695 121.813 66.0234 111.488 86.9961 94.3867 105.422 54.7188 69.6289 122.48 174.422 194.434 101.039 96.5391 113.602 84.3672 127.441 62.8281 55.543 22.1289 24.9414 49.1289 16.6034 11.5337 1 -9999 -9999 -9999 -9999 -9999 -9999 -9999 -9999
96.0221 93.8657 44.3366 9 -9999 -9999 7 11.7949 21.404 23.2155 19.3542 25.4408 22.1637 -9999 -9999 -9999 -9999 -9999 -9999 -9999 -9999 -9999 -9999 -9999 -9999 10 60.0315 126.238 239.715 256.57 320.973 198.277 106.438 99.4648 100.242 113.445 206.969 281.422 230.754 168.492 142.242 198.703 181.909 126.301 165.188 119.746 132.32 93.2422 73.9609 116.828 164.102 250.944 230.684 123.438 122.055 89.2734 106.082 142.434 81.6641 30.3438 23.1758 28.6836 15.6445 9.64706 -9999 -9999 -9999 -9999 -9999 -9999 -9999 -9999 -9999 -9999
-9999 -9999 -9999 -9999 -9999 -9999 -9999 -9999 -9999 -9999 -9999 17.4719 22.5391 0 -9999 -9999 -9999 -9999 -9999 -9999 -9999 -9999 -9999 -9999 -9999 5.62295 13.4492 47.9414 130.66 168.59 237.43 172.488 104.855 100.996 96.1406 121.039 197.957 317.188 261.156 193.699 150.684 194.109 178.004 196.188 208.481 212.336 148.059 77.9727 101.457 157.367 237.465 295.172 241.645 160.902 171.387 105.727 152.023 158.691 79.8242 39.7031 33.9102 31.2813 20.4961 7.55556 -9999 -9999 -9999 -9999 -9999 -9999 -9999 -9999 -9999 -9999
-9999 -9999 -9999 -9999 -9999 -9999 -9999 -9999 -9999 -9999 -9999 16.1111 15.9639 5 -9999 -9999 -9999 -9999 -9999 -9999 -9999 -9999 -9999 1 0.651163 13.6339 9.96875 10.0898 43.8828 69.8281 112.945 123.59 122.723 117.078 105.891 159.773 245.387 334.078 266.289 196.879 150.27 226.313 250.328 288.211 289.262 248.008 139.16 122.215 128.176 216.594 297.512 293 209.777 228.094 174.223 120.605 198.074 148.262 93.0898 52.3359 47.3711 38.0352 11.1602 6.52941 -9999 -9999 -9999 -9999 -9999 -9999 -9999 -9999 -9999 -9999
-9999 -9999 -9999 -9999 -9999 -9999 -9999 -9999 -9999 -9999 -9999 -9999 7.66667 8.84615 -9999 -9999 -9999 -9999 -9999 -9999 -9999 0 5.10345 2.60248 2.62128 9.36842 15.6133 9.74219 9.74609 27.7734 64.2969 47.0508 44.5508 96.6211 136.973 205.449 277.578 397.227 378.906 266.363 162.063 217.066 302.75 328.828 319.457 205.793 150.922 197.363 147.93 239.297 309.871 271.351 233.246 223.609 182.652 187.301 179.426 165 101.391 59.7031 53.7227 24.8281 9.75 27.1937 41.4444 29.125 -9999 -9999 -9999 -9999 -9999 -9999 -9999 -9999
-9999 -9999 -9999 -9999 -9999 -9999 -9999 -9999 -9999 -9999 -9999 -9999 -9999 -9999 -9999 -9999 -9999 -9999 -9999 9.13253 13.9234 9.95902 20.8937 32.5352 22.9414 11.0898 25.0234 20.793 21.0977 18.7383 35.3828 43.875 37.0781 48.0742 130.848 211.82 322.215 438.957 425.516 310.816 191.285 197.445 286.852 373.828 309.582 185.18 207.09 179.379 218.309 282.555 306.887 239.965 203.77 217.652 248.711 265.008 194.93 186.238 82.9297 66.1133 58.6992 21.8281 12.8711 20.5859 67.082 23.8529 -9999 -9999 -9999 -9999 -9999 -9999 -9999 -9999
-9999 -9999 -9999 -9999 -9999 -9999 -9999 -9999 -9999 -9999 -9999 -9999 -9999 -9999 -9999 -9999 -9999 3 5.47826 19.2937 37.0703 82.793 134.973 85.0977 54.6016 24.3477 26.3945 40.1641 31.6641 87.7266 105.297 69.9688 53.918 44.3594 87.3555 135.531 211.199 286.145 390.141 285.748 223.17 211.434 269.859 388.18 291.957 203.391 229.223 220.297 211.844 287.078 302.992 266.23 268.223 281.227 325.43 301.477 232.656 216.672 105.813 78.2188 55.2031 32.9727 19.0234 17.2852 44.2813 15.2642 -9999 -9999 -9999 -9999 -9999 -9999 -9999 -9999
-9999 -9999 -9999 -9999 -9999 -9999 -9999 -9999 -9999 -9999 -9999 -9999 -9999 -9999 -9999 -9999 2.79592 8.35398 23.4258 97.0156 176.117 216.211 205.453 155.961 94.0977 46.7891 28.3672 30.7813 46.3711 94.168 115.641 75.1016 59.6367 51.7578 47.8398 102.117 191.23 172.211 270.445 293.648 234.898 242.523 297.378 403.211 264.797 213.07 252.827 290.727 241.125 283.719 303.676 313.59 345.391 352.223 348.863 357.512 305.488 268.414 179.465 79.4258 68.0117 43.7617 30.4688 24.1875 49.9531 26.1244 8.76471 -9999 -9999 -9999 -9999 -9999 -9999 -9999
-9999 -9999 -9999 -9999 -9999 -9999 -9999 -9999 -9999 -9999 -9999 -9999 -9999 -9999 -9999 -9999 6.21894 17.457 60.1758 152.844 293.859 427.609 390.524 201.266 141.23 58.6016 40.1641 38.7969 42.4688 40.7344 45.7109 58.207 59.4414 69.2344 66.2422 67.8789 102.613 144.168 211.125 211.922 220.023 270.359 294.733 302.102 269.617 229.414 286.059 340.172 297.305 338.012 365.57 322.762 401.059 441.094 410.223 412.691 314.957 269.375 190.309 91.543 112.773 84.6172 54 44.3438 54.6445 27.8672 16.465 18.0588 -9999 -9999 -9999 -9999 -9999 -9999
-9999 -9999 -9999 -9999 -9999 -9999 -9999 -9999 -9999 -9999 -9999 -9999 -9999 -9999 -9999 -9999 3.4186 19.2148 108.418 253.502 353.441 440.637 432.625 211.352 127.906 52.7539 49.0156 56.8047 51.8984 45.0547 49.3047 62.0039 71.3086 77.1055 79.4844 72.9688 86.5469 122.215 125.094 133.719 290.199 358.488 275.625 241.375 259.039 264.883 296.891 336.02 385.773 411.148 423.488 345.773 403.797 524.102 498.938 413.32 260.766 210.121 154.621 120.668 149.34 180.297 106.227 74.3711 50.6172 29.1016 44.2617 44.7655 43.9024 15 -9999 -9999 -9999 -9999
-9999 -9999 -9999 -9999 -9999 -9999 -9999 -9999 -9999 -9999 -9999 -9999 -9999 -9999 -9999 -9999 2 2.39548 60.2227 134.313 194.594 201.801 251.336 191.031 106.094 41.0703 44.1055 63.3438 60.2188 46.875 52.4414 71.1836 78.3828 80.6406 79.1133 87.7344 93.1992 109.215 99.3633 208.688 323.98 347.234 246.867 233.109 255.313 307.34 333.762 406.57 372.727 453.625 469.305 438.535 431.16 577.391 512.141 392.594 353.484 328.512 221.961 151.965 159.094 173.531 107.18 61.9805 97.2695 79.8008 100.742 121.027 121.465 80.4876 50.1914 38.0541 24 -9999
-9999 -9999 -9999 -9999 -9999 -9999 -9999 -9999 -9999 -9999 -9999 -9999 -9999 -9999 -9999 -9999 -9999 1 15.337 74.3672 74.2148 80.0313 70.6016 51.8359 41.4531 41.1172 44.4219 55.9961 65.293 54.9648 53.7383 66.3945 73.1055 83.3906 85.2891 86.0977 91.918 92.8555 124.871 206.594 263.418 287.078 231.379 225.223 251.258 331.055 367.906 451.824 432.582 479.16 559.621 537.836 524.609 575.621 500.871 469.059 522.629 383.617 231.965 182.707 183.613 200.762 145.699 102.48 155.133 155.063 167.762 208.254 227.695 199.832 152.441 107.008 50.0185 28
-9999 -9999 -9999 -9999 -9999 -9999 -9999 -9999 -9999 -9999 -9999 -9999 -9999 -9999 -9999 -9999 -9999 -9999 6 21.6923 18.3162 34.1289 21.4023 46.3672 28.1367 33.8281 42.5078 47.9492 55.875 63.3711 57.832 55.0039 65.8867 77.6523 83.7773 90.2539 95.8906 108.461 125.191 160.02 201.025 227.024 223.07 219.066 246.84 367.539 426.539 530.156 520.191 581.371 641.754 705.34 659.703 697.734 667.117 603.555 522.984 370.035 248.887 252.473 215.584 238.016 243.418 192.305 251.148 251.145 254.781 308.941 357.094 366.281 338.961 270.09 172.281 70.813
-9999 -9999 -9999 -9999 -9999 -9999 -9999 -9999 -9999 -9999 -9999 -9999 -9999 -9999 -9999 -9999 -9999 -9999 -9999 -9999 10.9907 24.5476 21.3008 28.0273 35.0742 41.4375 37.4023 45.5391 52.6445 64.918 67.9063 62.3555 65.9258 74.6133 84.2266 90.8711 99.2695 109.535 122.816 148.551 198.324 235.844 217.785 223 244.254 317.285 412.203 538.824 624.285 616.84 609.855 682.379 732.051 723.957 671.223 584.176 484.848 388.102 329.582 293.492 253.117 294.121 282.246 274.148 312.172 318.168 360.277 417.637 503.969 545.922 506.617 437.348 320.461 182.451
-9999 -9999 -9999 -9999 -9999 -9999 -9999 -9999 -9999 -9999 -9999 -9999 -9999 -9999 -9999 -9999 -9999 -9999 -9999 -9999 -9999 9.7766 7.71875 19.3555 28.8906 45.8477 48.6797 47.4805 54.1289 56.7305 60.1523 66.5391 74.5391 80.8477 81.9297 101.625 107.363 114.191 128.828 149.957 177.266 209.242 218.906 231.363 250.809 309.391 423.672 526.973 590.836 505.969 462.797 548.82 580.602 569.84 656.012 638.363 496.168 422.371 391.453 347.266 325.273 311.84 323.328 323.539 361.613 361.082 417.648 521.469 691.988 837.773 761.566 634.023 436.68 291.689
-9999 -9999 -9999 -9999 -9999 -9999 -9999 -9999 -9999 -9999 -9999 -9999 -9999 -9999 -9999 -9999 -9999 -9999 -9999 -9999 -9999 16 11.8884 12.082 25.0977 29.4375 32.582 46.6016 48.4922 52.2305 58.8164 64.6641 70.4258 76.0156 84.875 152 139.301 127.848 135.316 158.965 187.551 207.848 230.301 249.98 269.652 298.336 348.504 423.859 462.699 418.234 415.926 483.207 530.148 506.098 525.832 562.156 477.586 457.098 427.605 410.285 421.785 373.043 392.867 363.07 400.52 397.508 454.422 572.82 836.352 943.402 783.258 742.848 548.047 349.129
-9999 -9999 -9999 -9999 -9999 -9999 -9999 -9999 -9999 -9999 -9999 -9999 -9999 -9999 -9999 -9999 -9999 -9999 -9999 -9999 -9999 8 6.7 13.9531 14.5195 17.5742 35.332 43.3672 54.2695 55.3281 60.5664 63.4102 67.3242 76.7891 86.207 138.277 146.828 144.008 154.645 172.41 194.586 226.84 263.609 282.469 309.504 322.781 354.375 433.254 411.07 403.699 392.969 397.5 421.266 433.738 450.676 482.004 407.027 426.984 448.234 425.703 403.281 371.965 378.805 408.793 420.445 408.523 449.453 556.867 777.922 849.219 702.684 657.195 587.883 377.785
-9999 -9999 -9999 -9999 -9999 -9999 -9999 -9999 -9999 -9999 -9999 -9999 -9999 -9999 -9999 -9999 -9999 -9999 -9999 -9999 -9999 9.5 15.3594 19.0703 20.8711 27.2539 31.7227 47.7422 59.8711 59.3203 66.6328 64.4258 71.2344 74.2188 81.1797 89.4766 166.961 199.375 196.172 206.512 227.418 252.648 314.125 335.984 356.996 373.574 387.289 419.613 436.273 432.941 418.285 405.355 377.438 366.629 340.453 334.574 320.398 359.371 431.813 391.5 332.715 323.164 357.625 431.609 468.742 453.879 449.57 569.754 673.75 616.641 665.07 651.395 591.191 383.605
-9999 -9999 -9999 -9999 -9999 -9999 -9999 -9999 -9999 -9999 -9999 -9999 -9999 -9999 -9999 -9999 -9999 -9999 -9999 -9999 -9999 6.1039 12.4219 15.8633 19.8789 16.7031 18.4453 32.9961 45.3164 59.2109 64.8789 69.9531 74.4883 79.5547 92.5859 138.063 161.074 183.703 205.973 234.91 276.48 339.012 375.266 395.219 420.809 442.34 467.336 487.227 502.578 488.258 470.781 446.969 411.316 372.492 324.957 290.285 286.57 329.641 411.68 358.852 303.469 306.59 365.836 475.254 612.801 661.625 589.699 618.258 521.379 487 479.723 475.199 443.34 336.125
-9999 -9999 -9999 -9999 -9999 -9999 -9999 -9999 -9999 -9999 -9999 -9999 -9999 -9999 -9999 -9999 -9999 -9999 -9999 -9999 18.3889 11.124 7.81641 10.4844 13.75 20.3867 26.9727 25.2813 24.5859 45.9063 64.9063 71.3867 77.1406 84.2383 94.9609 110.441 153.48 222.641 214.094 253.453 299.23 354.57 403.301 472.313 511.012 565.563 591.316 595.441 598.336 599.418 543.363 500.605 451.012 391.598 336.113 296.551 268.555 299.664 332.289 318.766 286.41 283.941 352.52 527.383 822.961 1055.04 839.805 704.152 637.898 468.805 401.074 345.723 324.488 300.703
-9999 -9999 -9999 -9999 -9999 -9999 -9999 -9999 -9999 -9999 -9999 -9999 -9999 -9999 -9999 -9999 -9999 -9999 -9999 -9999 11.3828 23.2344 10.1758 11.1758 14.7969 20.8047 32.7617 34.1914 29.9219 28.0117 51.1602 69.543 87.5156 93.9102 105.395 122.168 154.066 201.258 237.188 271.527 319.07 375.078 436.414 529.406 623.066 680.215 729.914 822.73 735.094 713.395 643.75 571.285 500.578 438.742 338.195 273.461 250.473 275.877 242.438 234.086 257.145 256 326.172 510.707 795.691 1043.39 1026.16 926.906 695.621 458.34 318.988 261.781 255.152 267.316
-9999 -9999 -9999 -9999 -9999 -9999 -9999 -9999 -9999 -9999 -9999 -9999 -9999 -9999 -9999 -9999 -9999 -9999 -9999 -9999 13.1046 37.6094 22.5078 23.1133 18.418 15.3008 31.1523 40.3164 44.8945 27.5313 56.2695 85.7266 106.906 106.672 113.086 130.32 158.305 194.488 235.09 283.227 332.488 393.32 460.895 561.512 686.672 822.859 904.828 914.227 937.641 883.02 781.926 650.59 540.906 432.336 353.27 272.297 234.238 263.892 209.086 154.043 189.578 206.73 257.105 383.875 546.074 698.066 733.301 642.414 481.43 362.809 240.926 179.887 154.09 195.883
-9999 -9999 -9999 -9999 -9999 -9999 -9999 -9999 -9999 -9999 -9999 -9999 -9999 -9999 -9999 -9999 -9999 -9999 -9999 9.25 8.56432 21.2656 43.4219 35.5469 20.8633 30.9648 15.3672 24.7188 34.3906 42.2148 38.4727 86.207 121.566 115.43 115.535 130.945 156.855 192.074 235.063 283.691 337.027 401.637 502.777 610.324 742.496 953.75 1127.19 1250.15 1252.52 1117.91 943.434 724.828 583.434 449.965 363.668 290.305 224.126 185.309 200.617 161.148 134.816 155.324 190.516 265.297 347.168 418.191 404.219 384.5 297.504 228.191 162.109 112.43 98.9844 126.941
-9999 -9999 -9999 -9999 -9999 -9999 -9999 -9999 -9999 -9999 7.84615 4.35065 9.5625 18.5868 23.0909 14.9732 4.83036 3.54839 4.26056 11.5417 12.5859 16.875 46.1836 44.8672 35.0781 42.3555 21.3945 25.9336 33.3242 43.1875 54.3008 63.293 120.328 126.82 128.973 136.883 153.426 190.227 229.477 275.355 340.867 458.465 502.887 662.379 828.313 1055.5 1318.09 1584.16 1633.49 1401.52 1027.75 753.949 595.754 460.055 361.918 294.672 237.406 184.719 158.367 170.676 105.051 108.262 133.406 173.871 215.918 241.828 224.086 205.078 156.164 115.832 86.9453 53.9297 55.7813 28.5922
-9999 -9999 -9999 -9999 -9999 -9999 -9999 -9999 4.73684 7.54255 10.7166 17.2852 28.4961 54.1211 58.9414 49.793 29.7617 13.3203 15.3555 28.5938 37.6211 37.832 37.707 54.6484 53.3398 48.2773 49.3516 40.0664 40.8516 56.9844 64.9648 54.6445 94.3125 131.824 127.543 128.344 144.246 178.043 218.953 272.977 426.563 600.57 696.758 802.406 903.602 1116.87 1413.73 1786.19 1706.36 1346.67 984.395 776.367 611.348 451.895 339.473 276.301 212.004 157.32 106.965 92.0078 55.4922 64.9531 71.207 88.3516 99.0898 105.199 91.1602 80.75 47.6328 34.9922 28.7148 19.7227 18.2736 10
-9999 -9999 -9999 -9999 -9999 -9999 -9999 28 16.3577 15.8672 31.8281 46.5586 77.918 92.0508 104.742 107 78.9844 44.3516 62.5 56.6094 98.8828 87.9063 48.8477 68.7148 69.7383 60.8867 66.9219 47.6445 54.1055 59.6484 64.4141 75.875 55.3711 84.2617 96.7773 107.648 137.473 166.047 205.121 246.625 410.184 551.969 672 762.5 890.527 1039.41 1262.99 1450.52 1382.52 1184.47 918.402 719.328 575.746 439.141 350.875 276.212 209.906 146.598 87.8984 46.2148 23.8125 29.9297 25.5039 22.8008 27.168 32.0703 14.8984 9.35156 5.09375 4.07422 5.85938 3.505 3.98611 -9999
