public/models/data/input/map/sulut/800/mapdcenter.asc
NCOLS 310
NROWS 227
XLLCORNER 510063.019283
YLLCORNER 210717.685435
CELLSIZE 800.000000
NODATA_VALUE       -9999
[rows 165 to 197 of 227, columns 146 to 218 of 310]
18073.9 17277 16480.2 15683.3 14870.8 14073.9 13277 12480.2 11683.3 10870.8 10073.9 9277.03 8480.15 7683.28 6870.78 6073.91 5277.03 4482.44 3852.61 3493.18 3163.1 2871.86 3059.55 3389.63 3746.2 4277.64 5027.03 5823.91 6620.78 7433.28 8230.15 9027.03 9823.9 10620.8 11433.3 12230.2 13027 13823.9 14620.8 15433.3 16230.2 17027 17823.9 18620.8 19433.3 20230.1 21027 21823.9 22620.8 23433.3 24230.1 25027 25823.9 26620.8 27433.3 28230.1 29027 29823.9 30620.8 31433.3 32230.1 33027 33823.9 34562.9 35448.5 36230 37012 37389.1 -9999 -9999 -9999 -9999 -9999
18404 17607.1 16810.2 16013.4 15200.9 14404 13607.1 12810.2 12013.4 11200.9 10404 9607.11 8810.23 8013.36 7200.86 6403.98 5610.54 4982.99 4626.6 4290.05 3959.98 3668.73 3856.42 4186.5 4523.05 4859.91 5406.88 6153.98 6950.86 7763.36 8560.23 9357.11 10154 10950.9 11763.4 12560.2 13357.1 14154 14950.9 15763.4 16560.2 17357.1 18154 18950.9 19763.4 20560.2 21357.1 22154 22950.8 23763.3 24560.2 25357.1 26154 26950.8 27763.3 28560.2 29357.1 30154 30950.8 31763.3 32560.2 33357.1 34154 34820 35992.6 36751.8 36846.2 -9999 -9999 -9999 -9999 -9999 -9999
18734.1 17937.2 17140.3 16343.4 15530.9 14734.1 13937.2 13140.3 12343.4 11530.9 10734.1 9937.18 9140.31 8343.43 7530.93 6737.49 6111.09 5753.55 5423.48 5086.93 4756.85 4465.61 4653.3 4983.38 5319.92 5675.35 6002.39 6533.83 7280.93 8093.43 8890.31 9687.18 10484.1 11280.9 12093.4 12890.3 13687.2 14484.1 15280.9 16093.4 16890.3 17687.2 18484.1 19280.9 20093.4 20890.3 21687.2 22484 23280.9 24093.4 24890.3 25687.2 26484 27280.9 28093.4 28890.3 29687.2 30484 31280.9 32093.4 32890.3 33637.8 34490.4 35079.6 -9999 -9999 -9999 -9999 -9999 -9999 -9999 -9999 -9999
19064.1 18267.3 17470.4 16673.5 15861 15064.1 14267.3 13470.4 12673.5 11861 11064.1 10267.3 9470.38 8673.51 7863.3 7236.9 6880.5 6550.43 6220.35 5883.8 5553.73 5262.48 5450.17 5780.25 6116.8 6446.88 6789.95 7128.77 7658.49 8423.51 9220.38 10017.3 10814.1 11611 12423.5 13220.4 14017.3 14814.1 15611 16423.5 17220.4 18017.3 18814.1 19611 20423.5 21220.4 22017.3 22814.1 23611 24423.5 25220.4 26017.2 26814.1 27611 28423.5 29220.4 30017.2 30814.1 31611 32423.5 33165.5 33744.1 34916.3 35305.3 -9999 -9999 -9999 -9999 -9999 -9999 -9999 -9999 -9999
19394.2 18597.3 17800.5 17003.6 16191.1 15394.2 14597.3 13800.5 13003.6 12191.1 11394.2 10597.3 9800.46 9003.59 8360.42 8007.46 7677.38 7347.3 7017.23 6680.68 6350.6 6059.36 6247.05 6577.13 6913.67 7243.75 7573.83 7903.9 8254 8796.49 9550.46 10347.3 11144.2 11941.1 12753.6 13550.5 14347.3 15144.2 15941.1 16753.6 17550.5 18347.3 19144.2 19941.1 20753.6 21550.5 22347.3 23144.2 23941.1 24753.6 25550.4 26347.3 27144.2 27941.1 28753.6 29550.4 30347.3 31144.2 31941.1 32753.6 33511.3 33985.3 -9999 -9999 -9999 -9999 -9999 -9999 -9999 -9999 -9999 -9999 -9999
19730.8 18933.9 18137 17340.1 16552.7 15730.8 14933.9 14137 13340.1 12527.6 11730.8 10933.9 10139.3 9509.46 9150.03 8819.96 8489.88 8159.8 7829.73 7493.18 7163.1 6871.86 7059.55 7389.63 7726.17 8056.25 8386.33 8716.4 9046.48 9403.05 9934.49 10683.9 11480.8 12277.6 13090.1 13887 14683.9 15480.8 16277.6 17090.1 17887 18683.9 19480.8 20277.6 21090.1 21887 22683.9 23480.7 24277.6 25090.1 25887 26683.9 27480.7 28277.6 29090.1 29887 30683.9 31480.7 32277.6 33063.7 33762 -9999 -9999 -9999 -9999 -9999 -9999 -9999 -9999 -9999 -9999 -9999 -9999
20060.8 19264 18467.1 17670.2 16857.7 16060.8 15264 14467.1 13670.2 12857.7 12060.8 11267.4 10639.8 10283.5 9946.91 9616.83 9286.75 8956.68 8626.6 8290.05 7959.98 7668.73 7856.42 8186.5 8523.05 8853.12 9183.2 9513.28 9843.35 10179.9 10531.7 11063.7 11810.8 12607.7 13420.2 14217.1 15014 15810.8 16607.7 17420.2 18217.1 19014 19810.8 20607.7 21420.2 22217.1 23013.9 23810.8 24607.7 25420.2 26217.1 27013.9 27810.8 28607.7 29420.2 30217.1 31013.9 31810.8 32607.7 33003 -9999 -9999 -9999 -9999 -9999 -9999 -9999 -9999 -9999 -9999 -9999 -9999 -9999
20390.9 19594 18797.2 18000.3 17187.8 16390.9 15594 14797.2 14000.3 13187.8 12394.3 11767.9 11410.4 11080.3 10743.8 10413.7 10083.6 9753.55 9423.48 9086.93 8756.85 8465.61 8653.3 8983.38 9318.54 9672.11 9980.08 10310.2 10640.2 10976.8 11306.9 11659.2 12190.7 12937.8 13750.3 14547.2 15344 16140.9 16937.8 17750.3 18547.2 19344 20140.9 20937.8 21750.3 22547.2 23344 24140.9 24937.8 25750.3 26547.1 27344 28140.9 28937.8 29750.3 30547.1 31344 32140.9 32804.8 -9999 -9999 -9999 -9999 -9999 -9999 -9999 -9999 -9999 -9999 -9999 -9999 -9999 -9999
20721 19924.1 19127.2 18330.4 17517.9 16721 15924.1 15127.2 14330.4 13520.2 12893.8 12537.4 12207.3 11877.2 11540.7 11210.6 10880.5 10550.4 10220.4 9883.8 9553.73 9262.48 9450.17 9780.25 10116.8 10446.9 10777 11107 11437.1 11773.7 12103.7 12433.8 12785.6 13315.3 14080.4 14877.2 15674.1 16471 17267.9 18080.4 18877.2 19674.1 20471 21267.9 22080.4 22877.2 23674.1 24471 25267.8 26080.2 26877.2 27674.1 28471 29267.8 30080.3 30877.2 31674.1 32372.1 32832.7 -9999 -9999 -9999 -9999 -9999 -9999 -9999 -9999 -9999 -9999 -9999 -9999 -9999 -9999
21051.1 20254.2 19457.3 18660.4 17847.9 17051.1 16254.2 15457.3 14660.4 14017.3 13664.3 13334.2 13004.2 12674.1 12337.5 12007.5 11677.4 11347.3 11017.2 10680.7 10327.9 10059.4 10247 10577.1 10913.7 11243.7 11573.8 11903.9 12234 12570.5 12900.6 13230.7 13560.8 13910.9 14453.3 15207.3 16004.2 16801.1 17597.9 18410.4 19207.3 20004.2 20801.1 21597.9 22410.4 23207.3 24004.2 24801 25597.9 26410.4 27207.3 28004.2 28801 29597.9 30410.4 31207.3 32004.2 32563.2 -9999 -9999 -9999 -9999 -9999 -9999 -9999 -9999 -9999 -9999 -9999 -9999 -9999 -9999 -9999
21387.6 20590.7 19793.9 18997 18184.5 17387.6 16590.7 15796.2 15166.3 14806.9 14476.8 14146.7 13816.7 13486.6 13150 12820 12489.9 12159.8 11829.7 11493.2 11163.1 10871.9 11059.5 11389.6 11726.2 12056.2 12386.3 12716.4 13046.5 13383 13713.1 14043.2 14373.3 14703.3 15059.9 15591.4 16340.7 17137.6 17934.5 18747 19543.9 20340.7 21157.6 21934.5 22747 23526.7 24340.7 25137.6 25934.5 26747 27543.8 28340.7 29137.6 29934.5 30747 31543.8 32334 32826.7 -9999 -9999 -9999 -9999 -9999 -9999 -9999 -9999 -9999 -9999 -9999 -9999 -9999 -9999 -9999
21717.7 20920.8 20123.9 19327.1 18514.6 17717.7 16924.3 16296.7 15940.3 15603.8 15273.7 14943.6 14613.5 14283.5 13946.9 13616.8 13286.8 12956.7 12626.6 12290.1 11960 11668.7 11856.4 12186.5 12523 12853.1 13183.2 13513.3 13843.4 14179.9 14510 14840.1 15170.1 15500.2 15836.8 16188.6 16720.6 17467.7 18264.6 19077.1 19873.9 20670.8 21467.7 22264.6 23077.1 23873.9 24670.8 25467.7 26264.5 27077 27873.9 28670.8 29467.7 30264.5 31077 31873.9 32428.6 -9999 -9999 -9999 -9999 -9999 -9999 -9999 -9999 -9999 -9999 -9999 -9999 -9999 -9999 -9999 -9999
22047.8 21250.9 20454 19657.1 18844.6 18051.2 17424.8 17067.3 16737.2 16400.6 16070.6 15740.5 15410.4 15080.3 14743.8 14413.7 14083.6 13753.6 13423.5 13086.9 12756.9 12465.6 12653.3 12983.4 13319.9 13650 13980.1 14310.2 14640.2 14976.8 15306.9 15636.9 15967 16297.1 16633.6 16963.7 17316.1 17847.5 18594.6 19407.1 20204 21000.9 21797.8 22594.6 23407.1 24204 25000.9 25797.7 26594.6 27407.1 28204 29000.9 29797.7 30594.6 31407.1 32204 32978.3 33954.4 34396.6 35488.3 -9999 -9999 -9999 -9999 -9999 -9999 -9999 -9999 -9999 -9999 -9999 -9999 -9999
22377.8 21581 20784.1 19987.2 19177 18550.6 18194.2 17864.1 17534.1 17197.5 16867.4 16537.4 16207.3 15877.2 15540.7 15210.6 14880.5 14550.4 14220.4 13883.8 13553.7 13262.5 13450.2 13780.3 14116.8 14446.9 14777 15107 15437.1 15773.7 16103.7 16433.8 16763.9 17094 17430.5 17760.6 18090.7 18442.5 18972.2 19737.2 20534.1 21331 22127.8 22924.7 23737.2 24534.1 25331 26127.8 26924.7 27737.2 28534.1 29330.9 30127.8 30924.7 31737.2 32534.1 33330.9 34127.8 34926.3 35526 -9999 -9999 -9999 -9999 -9999 -9999 -9999 -9999 -9999 -9999 -9999 -9999 -9999
22707.9 21911 21114.2 20317.3 19674.1 19321.2 18991.1 18661 18330.9 17994.4 17664.3 17334.2 17004.2 16674.1 16337.5 16007.5 15677.4 15347.3 15017.2 14680.7 14350.6 14088.2 14247 14577.1 14913.7 15243.7 15573.8 15903.9 16234 16570.5 16900.6 17230.7 17560.8 17890.8 18227.4 18557.5 18887.5 19217.6 19567.7 20110.2 20864.2 21661 22457.9 23254.8 24067.3 24864.2 25661 26457.9 27254.8 28067.3 28864.1 29661 30457.9 31254.8 32067.3 32864.1 33661 34457.9 35254.8 35786 -9999 -9999 -9999 -9999 -9999 -9999 -9999 -9999 -9999 -9999 -9999 -9999 -9999
23044.5 22247.6 21453 20823.2 20463.7 20133.7 19803.6 19473.5 19143.4 18806.9 18476.8 18146.7 17816.7 17486.6 17150 16820 16489.9 16159.8 15829.7 15493.2 15163.1 14936.6 15059.5 15389.6 15726.2 16056.2 16386.3 16716.4 17046.5 17383 17713.1 18043.2 18373.3 18703.3 19039.9 19370 19700 20030.1 20360.2 20716.8 21248.2 21997.6 22794.5 23591.3 24403.8 25200.7 25997.6 26794.5 27591.3 28403.8 29200.7 29997.6 30794.4 31591.3 32403.8 33200.7 33997.6 34794.4 35591.3 36247.6 -9999 -9999 -9999 -9999 -9999 -9999 -9999 -9999 -9999 -9999 -9999 -9999 -9999
23374.5 22581.1 21953.6 21597.2 21260.6 20930.5 20600.5 20270.4 19940.3 19603.8 19273.7 18943.6 18613.5 18283.5 17946.9 17616.8 17286.8 16956.7 16626.6 16290.1 15960 15733.5 15856.4 16186.5 16523 16853.1 17183.2 17513.3 17843.3 18179.9 18510 18840.1 19170.1 19500.2 19836.8 20166.8 20496.9 20827 21157.1 21493.6 21845.4 22377.4 23124.5 23921.4 24733.9 25514.9 26353 27124.5 27921.4 28733.9 29530.8 30327.6 31124.5 31921.4 32733.9 33506.6 34234.2 35046.1 35959.6 36637.9 -9999 -9999 -9999 -9999 -9999 -9999 -9999 -9999 -9999 -9999 -9999 -9999 -9999
23708 23081.6 22724.1 22394 22057.5 21727.4 21397.3 21067.3 20737.2 20400.6 20070.6 19740.5 19410.4 19030.2 18743.8 18413.7 18083.6 17753.6 17423.5 17086.9 16756.9 16530.3 16653.3 16983.4 17319.9 17650 17980.1 18310.1 18640.2 18976.8 19306.8 19636.9 19967 20297.1 20633.6 20963.7 21293.8 21623.9 21953.9 22290.5 22620.6 22972.9 23504.4 24251.5 25064 25860.9 26657.7 27454.6 28251.5 29064 29860.8 30657.7 31454.6 32251.5 32953.4 33516.3 -9999 -9999 36676.8 36971.8 -9999 -9999 -9999 -9999 -9999 -9999 -9999 -9999 -9999 -9999 -9999 -9999 -9999
24207.5 23851.1 23521 23190.9 22854.4 22524.3 22194.2 21864.1 21534.1 21197.5 20867.4 20537.4 20207.3 19894.9 19540.7 19210.6 18857.1 18550.4 18220.3 17883.8 17553.7 17327.2 17450.2 17780.2 18116.8 18446.9 18776.9 19107 19437.1 19773.6 20103.7 20433.8 20763.9 21093.9 21430.5 21760.6 22090.7 22420.7 22750.8 23087.4 23417.4 23747.5 24099.3 24629 25394.1 26190.9 26987.8 27784.7 28581.6 29394.1 30190.9 30987.8 31784.7 32547.6 32938 -9999 -9999 -9999 37306 37461.3 -9999 -9999 -9999 -9999 -9999 -9999 -9999 -9999 -9999 -9999 -9999 -9999 -9999
24978 24647.9 24317.9 23987.8 23651.2 23321.2 22991.1 22661 22330.9 21994.4 21664.3 21334.2 21004.1 20674.1 20337.5 20046.3 19692.4 19347.3 19017.2 18680.7 18350.6 18124.1 18247 18577.1 18913.7 19243.7 19573.8 19903.9 20234 20570.5 20900.6 21230.7 21560.7 21890.8 22227.4 22557.4 22887.5 23217.6 23547.7 23884.2 24214.3 24544.4 24874.5 25224.6 25767 26521 27317.9 28114.8 28911.6 29724.1 30521 31317.9 32114.7 32827.6 -9999 -9999 -9999 -9999 -9999 -9999 -9999 -9999 -9999 -9999 -9999 -9999 -9999 -9999 -9999 -9999 -9999 -9999 -9999
25790.5 25460.4 25130.4 24800.3 24463.7 24133.7 23803.6 23473.5 23143.4 22806.9 22476.8 22146.7 21816.6 21486.6 21150 20819.9 20489.9 20159.8 19829.7 19493.2 19163.1 18936.6 19059.5 19389.6 19726.2 20056.2 20386.3 20716.4 21046.5 21383 21713.1 22043.2 22373.2 22703.3 23039.9 23369.9 23700 24030.1 24360.2 24696.7 25026.8 25356.9 25687 26017 26373.6 26905 27654.4 28451.3 29248.2 30060.7 30857.5 31647.7 32423.4 33060.5 -9999 -9999 -9999 -9999 -9999 -9999 -9999 -9999 -9999 -9999 -9999 -9999 -9999 -9999 -9999 -9999 -9999 -9999 -9999
26587.4 26257.3 25927.2 25597.2 25260.6 24930.5 24600.4 24270.4 23940.3 23603.7 23273.7 22943.6 22613.5 22283.4 21946.9 21616.8 21286.7 20956.7 20626.6 20290.1 19960 19733.5 19856.4 20186.5 20523 20853.1 21183.2 21513.3 21843.3 22179.9 22510 22840 23170.1 23500.2 23836.7 24166.8 24496.9 24827 25157 25493.6 25823.7 26153.8 26483.8 26813.9 27150.5 27502.3 28034.3 28781.4 29578.3 30369.4 31162.7 31739.9 -9999 -9999 -9999 -9999 -9999 -9999 -9999 -9999 -9999 -9999 -9999 -9999 -9999 -9999 -9999 -9999 -9999 -9999 -9999 -9999 -9999
27384.3 27054.2 26724.1 26394 26057.5 25727.4 25397.3 25067.2 24737.2 24400.6 24070.5 23740.5 23410.4 23080.3 22743.8 22413.7 22083.6 21753.5 21423.5 21086.9 20756.9 20530.3 20653.3 20983.4 21319.9 21650 21980.1 22310.1 22640.2 22976.8 23306.8 23636.9 23967 24297.1 24633.6 24963.7 25293.8 25623.8 25953.9 26290.5 26620.5 26950.6 27280.7 27610.8 27947.3 28277.4 28629.8 29161.2 29908.3 30474 -9999 -9999 -9999 -9999 -9999 -9999 -9999 -9999 -9999 -9999 -9999 -9999 -9999 -9999 -9999 -9999 -9999 -9999 -9999 -9999 -9999 -9999 -9999
28181.1 27851 27521 27190.9 26854.3 26524.3 26194.2 25864.1 25534 25197.5 24867.4 24537.3 24207.3 23877.2 23540.6 23210.6 22880.5 22550.4 22220.3 21883.8 21553.7 21327.2 21450.2 21780.2 22116.8 22446.9 22776.9 23107 23437.1 23773.6 24103.7 24433.8 24763.9 25093.9 25430.5 25760.6 26090.6 26420.7 26750.8 27087.3 27417.4 27747.5 28077.6 28407.6 28744.2 29074.3 29404.3 29727.5 30285.9 30802 -9999 -9999 -9999 -9999 -9999 -9999 -9999 -9999 -9999 -9999 -9999 -9999 -9999 -9999 -9999 -9999 -9999 -9999 -9999 -9999 -9999 -9999 -9999
28978 28647.9 28317.8 27987.8 27651.2 27321.1 26991.1 26661 26330.9 25994.4 25664.3 25334.2 25004.1 24674.1 24337.5 24007.4 23677.4 23347.3 23017.2 22680.7 22350.6 22124.1 22247 22577.1 22913.7 23243.7 23573.8 23903.9 24234 24570.5 24900.6 25230.7 25560.7 25890.8 26227.4 26557.4 26887.5 27217.6 27547.7 27884.2 28214.3 28544.4 28874.4 29204.5 29541.1 29871.1 30201.2 30540 30773.7 -9999 -9999 -9999 -9999 -9999 -9999 -9999 -9999 -9999 -9999 -9999 -9999 -9999 -9999 -9999 -9999 -9999 -9999 -9999 -9999 -9999 -9999 -9999 -9999
29790.5 29460.4 29130.3 28800.3 28463.7 28133.6 27803.6 27473.5 27143.4 26806.9 26476.8 26146.7 25816.6 25486.6 25150 24819.9 24489.9 24159.8 23829.7 23493.2 23163.1 22936.6 23059.5 23389.6 23726.2 24056.2 24386.3 24716.4 25046.5 25383 25713.1 26043.2 26373.2 26703.3 27039.9 27369.9 27700 28030.1 28360.2 28696.7 29026.8 29356.9 29686.9 30017 30353.6 30683.6 31013.7 31343.8 31683.5 32526.4 -9999 -9999 -9999 -9999 -9999 -9999 -9999 -9999 -9999 -9999 -9999 -9999 -9999 -9999 -9999 -9999 -9999 -9999 -9999 -9999 -9999 -9999 -9999
30587.4 30257.3 29927.2 29597.1 29260.6 28930.5 28600.4 28270.4 27940.3 27603.7 27273.7 26943.6 26613.5 26283.4 25946.9 25616.8 25286.7 24956.7 24626.6 24290.1 23960 23733.5 23856.4 24186.5 24523 24853.1 25183.2 25513.3 25843.3 26179.9 26510 26840 27170.1 27500.2 27836.7 28166.8 28496.9 28827 29157 29493.6 29823.7 30153.7 30483.8 30813.9 31150.4 31480.5 31810.6 32140.7 32470.7 32851 33423.3 -9999 -9999 -9999 -9999 -9999 -9999 -9999 -9999 -9999 -9999 -9999 -9999 -9999 -9999 -9999 -9999 -9999 -9999 -9999 -9999 -9999 -9999
31384.2 31054.2 30724.1 30394 30057.5 29727.4 29397.3 29067.2 28737.2 28400.6 28070.5 27740.5 27410.4 27080.3 26743.8 26413.7 26083.6 25753.5 25423.5 25086.9 24756.9 24530.3 24653.3 24983.4 25319.9 25650 25980.1 26310.1 26640.2 26976.8 27306.8 27636.9 27967 28297.1 28633.6 28963.7 29293.8 29623.8 29953.9 30290.5 30620.5 30950.6 31280.7 31610.8 31947.3 32277.4 32607.5 32937.5 33267.6 33597.4 33711.8 -9999 -9999 -9999 -9999 -9999 -9999 -9999 -9999 -9999 -9999 -9999 -9999 -9999 -9999 -9999 -9999 -9999 -9999 -9999 -9999 -9999 -9999
32181.1 31851 31521 31190.9 30854.3 30524.3 30194.2 29864.1 29534 29197.5 28867.4 28537.3 28207.3 27877.2 27540.6 27210.6 26880.5 26550.4 26220.3 25883.8 25553.7 25327.2 25450.2 25780.2 26116.8 26446.9 26776.9 27107 27437.1 27773.6 28103.7 28433.8 28763.9 29093.9 29430.5 29760.6 30090.6 30420.7 30750.8 31087.3 31417.4 31747.5 32077.6 32407.6 32744.2 33074.3 33404.3 33734.4 34064.5 34397.4 34645.6 -9999 -9999 -9999 -9999 -9999 -9999 -9999 -9999 -9999 -9999 -9999 -9999 -9999 -9999 -9999 -9999 -9999 -9999 -9999 -9999 -9999 -9999
32978 32647.9 32317.8 31987.8 31651.2 31321.1 30991.1 30661 30330.9 29994.4 29664.3 29334.2 29004.1 28674.1 28337.5 28007.4 27677.4 27347.3 27017.2 26680.7 26350.6 26124.1 26247 26577.1 26913.7 27243.7 27573.8 27903.9 28234 28570.5 28900.6 29230.7 29560.7 29890.8 30227.4 30557.4 30887.5 31217.6 31547.7 31884.2 32214.3 32544.4 32874.4 33204.5 33541.1 33871.1 34201.2 34531.3 34861.4 35197.9 35528.2 -9999 -9999 -9999 -9999 -9999 -9999 -9999 -9999 -9999 -9999 -9999 -9999 -9999 -9999 -9999 -9999 -9999 -9999 -9999 -9999 -9999 -9999
33790.5 33460.4 33130.3 32800.3 32463.7 32133.6 31803.6 31473.5 31143.4 30806.9 30476.8 30146.7 29816.6 29486.6 29150 28819.9 28489.9 28159.8 27829.7 27493.2 27163.1 26936.6 27059.5 27389.6 27726.2 28056.2 28386.3 28716.4 29046.5 29383 29713.1 30043.2 30373.2 30703.3 31032.8 31369.9 31700 32030.1 32360.2 32696.7 33026.8 33356.9 33686.9 34017 34374.2 34683.6 35013.7 35343.7 35664.3 36010.4 36210 -9999 -9999 -9999 -9999 -9999 -9999 -9999 -9999 -9999 -9999 -9999 -9999 -9999 -9999 -9999 -9999 -9999 -9999 -9999 -9999 -9999 -9999
34587.4 34257.3 33927.2 33597.1 33260.6 32930.5 32600.4 32270.4 31940.3 31603.7 31273.7 30943.6 30613.5 30283.4 29946.9 29616.8 29286.7 28956.7 28626.6 28290.1 27960 27733.5 27856.4 28186.5 28523 28853.1 29183.2 29513.3 29843.3 30179.9 30510 30840 31170.1 31500.2 31874.4 32166.8 32496.9 32827 33157 33493.6 33823.7 34153.7 34483.8 34813.9 35150.4 35480.5 35810.6 35987.7 36136.7 36807.3 37160 37482.5 -9999 -9999 -9999 -9999 -9999 -9999 -9999 -9999 -9999 -9999 -9999 -9999 -9999 -9999 -9999 -9999 -9999 -9999 -9999 -9999 -9999
35384.2 35054.2 34724.1 34394 34057.5 33727.4 33397.3 33067.2 32737.2 32400.6 32070.5 31740.5 31410.4 31080.3 30743.8 30413.7 30083.6 29753.5 29423.5 29086.9 28756.9 28530.3 28653.3 28983.4 29290.9 29650 29980.1 30310.1 30640.2 30976.8 31306.8 31636.9 31967 32297.1 32633.6 32963.7 33293.8 33623.8 33953.9 34290.5 34620.5 34950.6 35280.7 35610.8 35947.3 36277.4 36607.5 36977.3 -9999 37758.9 37865.5 38222.8 -9999 -9999 -9999 -9999 -9999 -9999 -9999 -9999 -9999 -9999 -9999 -9999 -9999 -9999 -9999 -9999 -9999 -9999 -9999 -9999 -9999
