public/models/data/input/map/sulut/800/mapdem.asc
NCOLS 310
NROWS 227
XLLCORNER 510063.019283
YLLCORNER 210717.685435
CELLSIZE 800.000000
NODATA_VALUE       -9999
[rows 160 to 191 of 227, columns 74 to 147 of 310]
317.367 128.98 114.363 122.098 100.73 128.691 169.793 330.773 485.922 388.504 306.824 148.225 316.758 421.488 414.891 366.629 608.254 618.371 631.887 667.227 727.992 841.207 854.008 801.273 828.184 1009.1 1047.96 1046.08 1035.05 1050.29 1073.86 1072.77 1073.67 896.895 624.629 536.082 422.855 345.004 268.516 297.904 527.281 645.559 773.152 855.629 828.922 832.227 752.66 796.934 814.707 1043.24 1301.38 1477.56 1513.14 1450.81 1283.43 1187.6 1024.35 931.934 907.152 839.824 634.063 805.16 908.211 631.449 472.82 538.98 320.09 123.516 246.906 437.191 471.555 469.648 362.756 249.008
415.473 265.711 118.156 146.98 182.246 172.277 175.641 225.805 241.336 248.953 230.961 178.914 209.148 259.641 280.938 363.352 472.91 450.75 436.695 473.305 564.875 591.711 597.684 656.227 903.41 1045.15 1060.39 1044.67 1047.31 1079.65 1096.25 1060.05 1057.93 1021.39 826.016 607.547 489.059 377.09 267.254 374.703 484.293 581.055 707.094 810.277 926.832 1047.4 978.699 1066.35 1066.95 1187.81 1316.36 1394.48 1479.19 1418.84 1348.29 1201.02 1045.2 1017.09 929.879 858.254 695.773 684.746 773.164 653.207 525.309 538.34 218.898 148.109 378.5 504.313 493.813 449.539 416.637 310.203
329.922 283.641 178.234 206.648 171.578 194.605 221.746 246.797 225.359 143.547 184.914 160.191 143.352 245.309 318.957 323.227 299.301 341.82 384.512 407.133 399.773 493.766 606.461 727.426 949.813 905.836 983.992 1038.26 1038.04 1061.82 1074.57 1013.02 928.695 939.34 946.219 729.938 436.746 329.934 280.586 418.469 509.793 566.676 599.223 620.625 720.492 915.523 1077.21 1192.98 1245.74 1409.39 1552.94 1567.39 1525.83 1500.16 1418.94 1181.28 1134.35 1057.6 985.176 799.844 821.02 731.879 683.512 486.648 351.734 295.582 202.164 144.867 430.711 588.02 526.348 453.762 473.086 440.137
453.109 188.973 314.137 303.168 252.949 268.195 323.375 366.605 254.07 208.41 217.148 200.496 168.293 126.367 178.988 245.484 359.434 434.594 454.953 518.766 533.66 670.93 837.043 811.906 713.359 686.41 860.473 1053.34 1078.93 1055.22 1044.14 988.082 896.184 873.992 887.387 838.887 443.656 329.188 350.973 409.926 546.336 605.941 747.309 794.703 682.082 759.574 892.508 997.953 1164.43 1271.57 1469.71 1535.08 1433.16 1432.19 1361.27 1129.3 959.996 1005.24 932.445 873.23 917.645 816.793 755.035 661.688 520.152 484.574 361.813 139.359 313.125 460.719 444.34 413.047 448.594 468.469
426.395 311.641 414.465 330.402 284.508 402.266 439.523 425.508 299.406 300.41 361.031 349.891 259.207 149.051 201.168 271.719 365.492 374.367 395.586 443.961 433.699 613.93 651.68 770.023 560.059 671.164 851.184 1088.52 1104.14 1072.98 1099.96 1088.02 1001.79 949.102 868.406 660.691 512.449 556.012 510.738 523.406 602.121 696.961 720.527 839.703 794.367 749.047 847.359 927.27 1025.28 1180.09 1333.85 1498.19 1370.77 1307.27 1237.19 980.063 739.719 816.109 655.621 703.418 793.395 792.77 713.027 722.379 735.18 688.852 463.168 177.449 370.66 358.898 341.777 431.27 445.617 448.531
463.582 324.641 500.945 424.891 325.1 360.117 456.145 453.129 372.246 390.059 339.242 297.793 276.199 189.57 139.41 172.77 233.863 309.012 358.625 336.547 404.57 429.195 456.641 513.32 478.301 658.422 883.145 1085.73 1121.84 1129.71 1191.61 1165.93 1145.8 1051.43 979.379 693.813 724.109 921.461 825.957 793.988 643.391 724.961 794.828 868.023 804.891 743.117 834.738 936.688 1070.31 1209.64 1380.5 1456.76 1338.94 1193.87 1058.18 742.879 614.395 532.012 551.223 443.59 518.801 556.238 460.043 459.59 469.398 414.965 404.652 174.891 220.203 225.414 249.26 326.527 390.574 383.012
384.852 330.809 445.25 482.984 479.852 441.906 547.098 536.617 488.098 375.625 302.797 315.613 267.117 277.074 190.766 237.535 297.855 276.047 264.605 347.664 435.996 390.43 393.27 444.332 582.082 757.309 914.059 1003.81 1007.04 1067.77 1095.61 1151.89 1173.92 1170.07 1082.5 832.184 793.297 1011.02 1069.2 1093.06 1020.23 870.605 879.23 954.223 950.176 834.984 851.832 938.141 1035.38 1193.47 1324.41 1374.09 1254.05 1123.87 982.191 755.922 647.102 636.254 455.266 485.793 405.625 357.977 326.195 287.164 253.352 235.074 239.168 305.98 218.395 113.941 108.277 186.23 242.836 279.652
546.207 410.555 396.844 423.141 535.895 570.461 725.23 731.168 592.039 377.297 372.898 454.906 375.254 348.183 257.447 246.504 317.719 362.973 357.82 425.543 463.27 428.297 385.52 450.418 519.926 655.918 863.016 876.141 858.059 889.828 972.195 1030.69 1058.25 1132.66 1069.93 878.988 858.008 1003.39 1084.78 1105.5 1123.14 1071.24 1026.51 1042.86 1042.17 985.133 974.281 1059.52 1114.14 1169.05 1256.05 1407.8 1334.68 1175.92 1108.79 948.25 860.57 703.406 666.465 717.371 620.625 583.555 551.121 491.07 343.371 365.707 468.977 425.465 234.059 138.777 125.184 141.426 206.219 297.137
549.348 445.719 379.539 400.641 450.398 555.695 636.016 726.848 539.535 379.129 395.563 452.281 435.512 341.52 327.539 347.172 229.855 289.992 324.102 351.23 381.695 434.84 452.238 406.332 461.695 595.363 707.211 748.184 741.777 813.504 843.523 885.262 991.121 1107.78 1068.18 897.25 890.559 943.973 1042.34 1136.86 1133.59 1194.04 1268.29 1235.83 1201.38 1188.72 1198.71 1217.71 1233.73 1275.4 1325.88 1354.5 1366.21 1204.02 1015.51 894.137 800.914 822.324 913.535 880.004 709.98 583.004 465.676 397.668 366.973 519.961 470.75 274.406 183.891 122.055 108.664 114.684 156.629 218.488
445.934 412.594 426.348 467.016 469.957 507.367 595.57 690.207 550.68 507.617 479.695 475.227 411.348 360.91 434.289 449.203 310.863 402.973 412.23 371.613 328.063 357.57 443.348 483.977 463.699 479.922 498.078 582.172 658.359 704.465 733.313 801.27 956.602 1035.31 983.293 977.707 1028.17 947.066 1037.23 1133.98 1173.08 1153.5 1219.01 1265.14 1346.84 1428.34 1395.62 1348.37 1333.13 1340.15 1217.74 1196.75 1158.99 1201.78 1091.82 967.23 886.883 915.457 860.836 811.484 733.641 594.871 442.609 464.777 579.836 426.207 232.527 149.063 120.699 121.219 113.133 115.723 119.309 164.641
476.348 432.879 447.734 542.957 573.254 597.668 666.848 746.355 631.297 604.563 620 517.543 468.234 434.18 477.473 377.746 325.199 435.094 497.805 496.063 411.055 358.84 404.246 438.484 489.285 561.625 546.031 518.828 613.832 754.715 790.871 791.637 952.234 1028.8 996.234 1082.69 1121.21 1022.81 1125.75 1161.11 1177.79 1189.18 1228.63 1267.73 1348.96 1358.93 1290.15 1250.91 1272.84 1237.02 1090.64 965.023 1091.46 1127.65 1112.5 1044.16 919.328 840.625 751.488 687.695 728.949 590.957 564.758 555.602 525.223 303.246 139.668 120.168 114.652 109.609 112.191 113.953 119.031 127.102
354.223 453.418 463.305 557.184 645.043 741.344 819.445 827.074 715.813 722.93 660.109 552.762 494.477 448.359 395.383 350.699 319.59 336.508 388.199 499.703 490.57 465.977 440.703 465.281 477.523 494.891 557.984 590.613 587.785 667.836 783.242 838.223 997.254 1082.61 1023.3 1064.77 1092.37 1063.21 1060.44 1051.95 1080.73 1156.33 1258.75 1292.25 1350.07 1309.12 1205.7 1126.36 1150.64 1084.52 1056.88 898.148 1037.69 1082.82 1006.93 992.738 910.246 895.773 742.18 667.141 619.992 628.168 526.199 492.816 326.251 165.586 116.547 129.027 114.496 110.617 111.363 112.707 131.199 174.508
374.836 433.43 508.23 565.977 684.863 954.766 1113.52 1094.13 1004.47 958.023 781.707 601.586 460.598 415.371 380.699 392.957 446.402 332.328 375.508 500.453 535.699 518.836 552.832 506.359 526 577.086 628.012 688.719 684.563 672.402 799.703 962.887 1027.41 1001.23 1032.13 1106.15 1008.77 1034.67 1018.16 966.488 1032.98 1123.05 1227.56 1322.4 1353.45 1277.89 1206.68 1106.52 1056.13 951.773 834.641 787.707 939.066 1030 944.035 870.109 725.785 831.207 814.895 715.621 602.102 509.152 429.91 312.418 189.863 124.926 117.523 130.281 143.816 111.914 111.895 128.484 209.594 267.051
416.363 382.719 534.996 636 739.527 1111.21 1249.63 1265.51 1176.62 1069.6 793.336 637.281 565.18 481.535 380.371 382.41 465.742 491.809 395.516 371.367 405.762 453.07 575.328 619.281 650.395 655.227 718.438 800.02 852.953 849.082 870.465 968.578 950.566 930.203 939.891 952.012 831.836 1003.3 963.879 894.574 940.902 1064.83 1103.45 1195.26 1269.27 1214.49 1219 1203.93 1068.44 870.996 681.516 707.055 837.586 927.5 892.977 741.289 601.176 778.449 780.453 617.574 546.02 379.473 259.785 174.652 132.012 118.082 133.633 175.676 166.359 126.219 115.418 140.621 222.008 283.621
465.301 418.023 523.742 604.934 744.949 1089.45 1342.88 1271.89 1124.32 1041.12 910.824 679.109 522.723 488.816 377.051 387.965 503.027 584.77 478.402 426.066 404.16 491.344 628.16 681.863 677.109 718.281 849.73 927.973 958.777 1028.41 1013.61 970.043 872.223 893.93 827.508 748.602 757.855 827.004 878.355 836.18 906.367 935.934 1024.17 1088.85 1091.51 1116.27 1044.07 1060.75 993.367 864.336 616.91 615.289 705.68 786.012 774.66 569.219 526.434 661.797 593.68 493.16 448.523 282.777 193.625 157.266 122.535 118.445 140.559 188.305 215.266 168.516 162.902 150.582 237.699 261.43
474.57 470.574 505.492 580.301 697.008 941.723 1166.7 1259.56 1171.76 1074.76 795.363 669.664 569.484 424.254 468.367 477.996 476.047 532.031 527.293 516.359 468.602 585.172 642.23 614.039 649.434 752.738 863.73 1055.68 1131.09 1161.36 1020.3 913.504 777.215 755.137 786.777 637.504 661.801 738.219 884.648 826.691 867.684 863.934 951.613 977.023 1022.64 1067.11 949.508 865.676 847.422 775.043 702.234 461.914 469.367 582.832 566.152 496.336 516.766 550.586 393.305 336.039 292.777 204.598 148.348 121.129 117.344 118.992 131.367 197.387 249.81 223.043 207.73 192.992 203.664 180.871
531.41 570.953 639.527 704.574 760.406 915.926 993.352 1089.61 1140.44 1011.93 727.754 590.652 496.059 528.633 645.441 625.719 633.496 604.5 618.102 607.129 594.684 601.75 651.461 660.875 659.215 729.766 788.789 876.879 1018.98 1111.37 1043.66 985.617 786.852 646.535 627.547 690.793 561.199 692.23 781.281 765.926 757.293 889.027 933.586 1013.65 1090.66 1085.71 980.363 822.25 668.012 594.836 589.969 522.094 384.332 424.184 430.438 373.27 431.195 394.785 249.611 234.256 206.449 146.918 120.848 117.477 118.297 117.203 124.129 192.023 283.781 328.707 338.566 209.857 182.566 187.191
691.68 708.484 803.184 921.922 916.359 888.801 864.004 924.457 980.332 969.293 767.91 558.094 576.238 707.102 858.945 813.742 773.563 793.195 709.012 782.184 763.004 673.848 725.023 731.277 662.066 743.078 804.59 833.918 873.785 962.555 1000.99 1039.02 887.988 673.449 559.609 553.766 564.43 678.344 609.977 623.492 736.141 920.828 918.313 947.512 935.289 942.961 899.863 773.84 577.172 464.254 450.73 458.723 317.535 331.434 313.52 313.105 299.492 250.316 188 168.855 165.035 140.273 121.59 118.781 117.152 115.563 118.012 174.492 306.44 379.004 301.824 188.605 220.652 213.914
799.414 861.449 1032.02 1103.61 1064.22 890.082 856.113 777.012 764.988 784.906 721.355 686.445 759.57 919.176 953.383 929.805 958.316 839.793 747.02 815.125 810.742 742.918 808.367 802.246 777.395 845.441 886.5 855.922 807.473 907.227 923.758 926.328 874.895 660.621 534.984 429.676 578.055 544.633 521.539 667.781 813.656 897.613 937.504 870.949 748.496 781.805 817.785 813.391 633.25 479.391 333.059 431.623 448.07 298.578 248.281 233.594 198.32 187.926 163.75 149.852 145.797 131.816 124.82 121.242 119.359 117.234 119.477 159.672 192.574 249.43 213.789 228.344 291.125 272.852
908.824 1136.66 1248.02 1146.78 998.078 967.277 941.648 847.605 767.34 743.348 877.012 942.508 1000.19 1091.93 1067.4 1057.27 1050.14 929.465 884.473 870.746 784.434 831.645 867.742 857.832 848.453 873.977 875.16 824.32 773.07 843.914 802.637 833.641 771.156 609.434 472.586 396.133 508.539 428.762 597.203 748.18 808.703 803.969 822.148 721.195 596.836 633.645 687.969 665.449 573.461 408.195 361.645 279.594 380.441 339.125 249.676 173.344 176.961 164.141 151.465 143.508 136.914 130.594 123.184 119.75 121.148 117.238 122.387 139.727 127.617 132.023 158.227 244.914 344.883 358.395
935.078 1287.23 1274.97 1163.86 1015.8 1045.27 1101.55 1048.78 951.859 862.07 1035.78 1107.64 1090 1112.75 1091.75 1108.22 1055.39 990.734 944.938 868.785 895.117 894.402 881.672 914.586 883.063 870.105 811.719 774.184 727.59 764.867 694.336 632.613 634.094 581.637 524.828 392.688 409.055 382.324 629.41 614.762 685.934 732.746 763.5 657.574 531.035 549.051 488.52 518.59 486.047 350.012 272.457 222.914 239.609 246.348 192.074 155.305 160.398 152.934 145.691 141.168 133.422 129.371 124.449 121.582 119.875 119.332 118.285 116.965 120.254 130.891 154.836 224.133 412.332 468.922
963.531 1155.05 1150.66 1078.95 1076.88 1163.15 1234.11 1262.35 1103.72 934.047 1003.18 1118.76 1172.47 1158.94 1124.67 1148.63 1070.13 974.352 964.906 962.074 956.668 929.871 919.887 948.211 896.945 873.992 742.473 727.703 721.297 652.707 627.617 581.344 508.313 493.246 479.648 359.441 297.816 401.172 564.055 526.715 606.238 580.023 611.34 521.449 472.133 421.637 358.699 452.621 410.008 336.688 219.777 178.438 171.219 145.992 145.418 145.828 151.371 145.93 141.055 135.082 130.41 129.625 122.742 124.938 119.875 117.82 118.68 118.813 123.961 143.98 211.734 306.258 467.379 680.578
997.422 1194.32 1276.14 1224.62 1252.02 1314.1 1257 1230.27 1117.1 996.965 1035.75 1086.48 1216.29 1226.24 1166.25 1122.89 1007.83 1037.96 1075.09 1036.74 1022.25 1013.89 989.816 989.109 927.504 854.797 752.402 621.551 678.219 562.16 495.941 460.754 396.258 396.762 408.699 404.344 360.09 314.832 393.941 476.332 441.836 397.102 443.633 425.77 369.902 280.885 282.609 303.617 232.113 188.512 154.652 151.094 146.246 142.504 138.363 140.25 144.844 138.766 134.262 130.004 126.207 131.18 125.43 128.18 122.18 118.852 118.855 129.996 154.316 290.266 487.035 593.188 760.031 977.758
1091.85 1257.85 1400.13 1468.39 1430.8 1274.12 1157.41 1088.17 1051.57 1050.76 1139.13 1224.07 1325.39 1269.43 1204.14 1131.4 1054.55 1155.1 1150.69 1123.02 1125.88 1100.9 1070.79 1005.96 907.641 832.438 730.816 586.137 512.484 484.871 471.043 434.234 408.199 384.898 344.887 327.918 348.277 340.027 276.453 302.301 305.285 301.066 292.859 267.117 206.879 208.906 215.582 191.039 152.391 142.836 142.059 139.129 137.387 139.195 133.855 136.605 136.641 133.863 131.594 130.367 127.125 129.09 128.965 136.336 135.426 126.434 135.105 157.438 270.469 405.004 611.066 840.43 878.305 921.18
1215.07 1307.56 1476.53 1498.4 1448.05 1315.53 1171.8 1185.34 1214.15 1214.4 1218.37 1302.54 1357.89 1258.46 1184.08 1123.25 1161.59 1267.95 1249.55 1202.31 1248.65 1222.26 1117.6 993.77 884.73 837.379 633.254 509.84 532.871 497.25 472.898 460.234 413.176 371.914 307.523 276.82 275.387 285.141 274.305 206.238 201.508 210.684 197.867 181.547 175.066 170.656 168.281 167.902 150.262 143.047 135.742 131.492 127.707 133.871 129.898 134.043 134.07 132.746 132.047 128.457 128.988 128.137 135.074 147.227 180.301 234.203 289.152 339.816 325.883 548.395 704.098 740.973 804.512 883.633
1394.96 1433.36 1343.21 1337.84 1307.68 1270.2 1245.77 1297.92 1304.97 1284.63 1288.23 1308.74 1327.96 1254.49 1238.85 1284.59 1233.5 1320.87 1310.37 1266.42 1276.97 1250.64 1099.89 1028.92 919.215 819.324 631.93 531.543 499.875 456.996 440.125 419.781 345.984 294.887 258.277 257.066 245.164 220.441 218.949 194.414 182.223 181.98 174.777 166.309 156.301 155.633 158.848 154.141 142.824 137.086 130.617 126.379 124.984 132.41 133.445 135.457 136.957 133.336 135.078 135.039 132.715 133.371 143.75 183.547 225.059 203.143 300.377 484.25 522.637 548.414 638.852 732.973 786.996 937.332
1373.19 1343.51 1254.69 1228.69 1210.18 1208.44 1220.47 1223 1251.38 1253.83 1289.18 1328.81 1359.44 1284.6 1328.35 1375.32 1320.93 1412.89 1400.36 1316.33 1245.41 1154.63 1005.8 998.668 950.504 758.543 580.012 512.508 461.605 417.883 374.438 353.719 297.977 270.773 248.965 235.344 237.242 221.141 202.605 199.563 181.598 172.48 169.848 159.461 151.652 147.574 147.164 140.734 135.992 134.328 127.348 128.215 127.438 130.836 132.094 137.355 141.254 141.383 143.77 144.234 143.949 159.77 228.789 330.676 473.988 357.034 255.707 345.156 422.242 545.133 772.211 938.297 932.887 973.238
1240.92 1254.09 1239.39 1183.38 1179.76 1194.55 1208.78 1216.23 1224.28 1257.64 1311.98 1361.18 1376.29 1329.72 1371.48 1416.88 1415.68 1363.65 1323.96 1245.12 1163.69 1070.67 922.719 907.402 831.191 626.496 563.996 540.137 481.961 415.223 427.59 431.551 317.426 271.504 233.609 219.25 213.66 212.434 203.914 198.203 184.816 167.262 162.895 156.203 155.77 147.48 140.203 136.313 133.168 132.309 130.254 126.883 127.578 131.5 133.328 141.199 145.234 149.465 155.801 164.066 166.859 233.938 331.457 421.961 431.797 462.723 403.113 476.871 537.859 711.559 833.508 863.023 824.434 866.594
1179.65 1194.46 1213.12 1186.86 1142.88 1173.88 1202.99 1235.23 1259.31 1286.07 1302.06 1360.7 1390.38 1397.25 1411.49 1432.76 1317.3 1253.26 1220.41 1157.95 1126.77 1020.18 819.043 804.934 661.133 584.121 622.145 658.961 546.125 463.605 394.418 345.379 298.738 326.477 254.984 219.441 203.73 199.926 199.461 190.965 178.77 161.105 156.609 153.402 148.352 146.547 141.035 139.727 137.207 135.051 130.203 125.73 132.426 130.469 141.484 155.496 160.258 161.152 170.484 175.34 260.266 320.113 335.824 296.223 286.502 334.297 408.926 604.781 716.637 833.227 807.914 797.516 839.164 870.293
1160.45 1147.19 1099.32 1111.65 1129.08 1182.43 1242.04 1264.14 1281.45 1318.57 1362.45 1427.15 1429.13 1461.52 1451.21 1349.53 1240.08 1209.47 1179.93 1140.66 1000.44 868.473 756.609 653.434 597.957 641.457 578.793 588.766 476.293 456.449 385.949 457.383 422.941 372.688 258.727 219.914 220.984 199.379 199.426 183.242 182.359 169.066 158.977 153.863 148.668 146.145 143.961 138.813 139.188 138.59 133.199 129.805 137.613 138.008 158.359 178.383 185.945 205.699 191.625 204.758 211.523 223.238 257.738 316.949 408.738 487.34 614.082 640.563 789.316 811.844 764.703 887.02 1009 1010.84
1211.23 1058.16 1063.81 1121.71 1218.42 1224.68 1340.96 1377.75 1333.84 1322.1 1386.58 1493.14 1517.83 1495.57 1422.4 1291.02 1255.52 1157.32 1093.12 993.238 894.848 790.266 690.777 660.801 629.379 601.98 573.664 558.133 548.207 503.012 374.113 457.063 451.582 376.867 323.734 265.168 257.75 265.887 202.16 182.492 177.863 174.277 167.66 160.758 152.133 148.648 146.324 143.207 141.066 134.43 133.02 136.938 156.414 160.09 187 213.602 224.195 333.32 344.703 314.676 357.988 389.465 405.809 527.922 537.07 654.5 700.25 754.238 778.855 757.727 769.066 873.578 961.281 963.863
1045.61 997.992 1100 1156.39 1259.43 1360.07 1338.86 1441.64 1401.68 1350.87 1396.39 1504.21 1568.79 1525.48 1402.02 1243.54 1107.23 1030.64 946.371 873.09 811.461 753.695 722.184 631.297 710.379 666.293 596.617 552.383 541.012 453.418 435.379 499.516 499.234 460.84 403.676 378.688 269.563 226.32 206.582 250.199 236.535 175.648 166.141 158.551 152.922 156.055 149.371 141.871 139.473 136.699 132.293 145.48 180.094 231.492 300.398 353.16 318.387 386.902 499.363 561.793 705.488 635.512 655 693.156 738.996 779.445 738.914 739.633 709.848 753.574 799.301 878.957 895.703 963.211
