public/models/data/input/map/sulut/800/mapdriver.asc
NCOLS 310
NROWS 227
XLLCORNER 510063.019283
YLLCORNER 210717.685435
CELLSIZE 800.000000
NODATA_VALUE       -9999
[rows 132 to 164 of 227, columns 73 to 145 of 310]
-9999 -9999 -9999 -9999 -9999 -9999 -9999 -9999 -9999 -9999 -9999 -9999 -9999 -9999 -9999 -9999 -9999 -9999 -9999 -9999 -9999 -9999 -9999 -9999 -9999 -9999 -9999 -9999 -9999 -9999 -9999 -9999 -9999 -9999 -9999 -9999 -9999 -9999 -9999 -9999 -9999 -9999 -9999 -9999 -9999 -9999 -9999 -9999 -9999 -9999 -9999 -9999 -9999 -9999 -9999 -9999 -9999 -9999 -9999 -9999 -9999 -9999 -9999 -9999 -9999 -9999 -9999 -9999 -9999 -9999 -9999 -9999 -9999
-9999 -9999 -9999 -9999 -9999 -9999 -9999 -9999 -9999 -9999 -9999 -9999 -9999 -9999 -9999 -9999 -9999 -9999 -9999 -9999 -9999 -9999 -9999 -9999 -9999 -9999 -9999 -9999 -9999 -9999 -9999 -9999 -9999 -9999 -9999 -9999 -9999 -9999 -9999 -9999 -9999 -9999 -9999 -9999 -9999 -9999 -9999 -9999 -9999 -9999 -9999 -9999 -9999 -9999 -9999 -9999 -9999 -9999 -9999 -9999 -9999 -9999 -9999 -9999 -9999 -9999 -9999 -9999 -9999 -9999 -9999 -9999 -9999
-9999 -9999 -9999 -9999 -9999 -9999 -9999 -9999 -9999 -9999 -9999 -9999 -9999 -9999 -9999 -9999 -9999 -9999 -9999 -9999 -9999 -9999 -9999 -9999 -9999 -9999 -9999 -9999 -9999 -9999 -9999 -9999 -9999 -9999 -9999 -9999 -9999 -9999 -9999 -9999 -9999 -9999 -9999 -9999 -9999 -9999 -9999 -9999 -9999 -9999 -9999 -9999 -9999 -9999 -9999 -9999 -9999 -9999 -9999 -9999 -9999 -9999 -9999 -9999 -9999 -9999 -9999 -9999 -9999 -9999 -9999 -9999 750
-9999 -9999 -9999 -9999 -9999 -9999 -9999 -9999 -9999 -9999 -9999 -9999 -9999 -9999 -9999 -9999 -9999 -9999 -9999 -9999 -9999 -9999 -9999 -9999 -9999 -9999 -9999 -9999 -9999 -9999 -9999 -9999 -9999 -9999 -9999 -9999 -9999 -9999 -9999 -9999 -9999 -9999 -9999 -9999 -9999 -9999 -9999 -9999 -9999 -9999 -9999 -9999 -9999 -9999 -9999 -9999 -9999 -9999 -9999 -9999 -9999 -9999 -9999 125 211.538 177.632 386.633 -9999 1751.49 1228.55 305.147 305.236 1016.98
-9999 -9999 -9999 -9999 -9999 -9999 -9999 -9999 -9999 -9999 -9999 -9999 -9999 -9999 -9999 -9999 -9999 -9999 -9999 -9999 -9999 -9999 -9999 -9999 -9999 -9999 -9999 -9999 -9999 -9999 -9999 -9999 -9999 -9999 -9999 -9999 -9999 -9999 -9999 -9999 -9999 -9999 -9999 -9999 -9999 -9999 -9999 -9999 -9999 -9999 -9999 -9999 -9999 -9999 -9999 -9999 -9999 -9999 -9999 -9999 -9999 125 21.1268 140.239 362.682 163.866 215.468 679.76 1451.73 1140.65 397.284 104.77 591.411
-9999 -9999 -9999 -9999 -9999 -9999 -9999 -9999 -9999 -9999 -9999 -9999 -9999 -9999 -9999 -9999 -9999 -9999 -9999 -9999 -9999 -9999 -9999 -9999 -9999 -9999 -9999 -9999 -9999 -9999 -9999 -9999 -9999 -9999 -9999 -9999 -9999 -9999 -9999 -9999 -9999 -9999 -9999 -9999 -9999 -9999 -9999 -9999 -9999 -9999 -9999 -9999 -9999 -9999 -9999 -9999 -9999 -9999 -9999 1195.08 773.823 111.345 298.708 721.567 909.519 511.628 56.71 549.453 1238.12 894.416 183.299 92.7734 157.88
-9999 -9999 -9999 -9999 -9999 -9999 -9999 -9999 -9999 -9999 -9999 -9999 -9999 -9999 -9999 -9999 -9999 -9999 -9999 -9999 -9999 -9999 -9999 -9999 -9999 -9999 -9999 -9999 -9999 -9999 -9999 -9999 -9999 -9999 -9999 -9999 -9999 -9999 -9999 -9999 -9999 -9999 -9999 -9999 -9999 -9999 -9999 -9999 -9999 -9999 3096 -9999 -9999 -9999 -9999 -9999 -9999 -9999 804.28 700.641 568.8 233.549 267.688 573.549 730.495 616.785 75.2647 395.989 734.829 913.772 282.99 122.07 226.639
173.532 125 -9999 -9999 -9999 -9999 -9999 -9999 -9999 -9999 -9999 -9999 -9999 -9999 -9999 -9999 -9999 -9999 -9999 -9999 -9999 -9999 -9999 -9999 -9999 -9999 -9999 -9999 -9999 -9999 -9999 -9999 -9999 -9999 -9999 -9999 -9999 -9999 -9999 -9999 -9999 -9999 -9999 -9999 -9999 -9999 -9999 -9999 -9999 -9999 2957.11 -9999 -9999 -9999 -9999 0 560.37 1122.36 564.369 168.651 81.5286 128.681 95.7725 204.726 149.929 493.676 397.867 132.813 217.225 797.116 522.312 229.839 158.325
723.249 566.241 199.57 108.254 759.803 -9999 -9999 -9999 -9999 -9999 -9999 -9999 -9999 -9999 -9999 -9999 -9999 -9999 -9999 -9999 -9999 -9999 -9999 -9999 -9999 -9999 -9999 -9999 -9999 -9999 -9999 -9999 -9999 -9999 -9999 -9999 -9999 -9999 -9999 -9999 -9999 -9999 -9999 -9999 -9999 -9999 -9999 -9999 -9999 -9999 -9999 -9999 1750 1259.62 591.119 101.77 517.92 1173.67 733.096 295.824 213.123 480.009 139.088 496.917 484.875 136.06 508.075 231.515 31.25 599.609 719.989 379.665 160.977
669.629 1073.44 783.178 640.95 1126.82 1849.71 1932.77 2164.21 -9999 -9999 -9999 -9999 -9999 -9999 -9999 -9999 -9999 -9999 -9999 -9999 -9999 -9999 -9999 5257 5352.1 -9999 -9999 -9999 -9999 -9999 -9999 -9999 -9999 -9999 -9999 -9999 -9999 -9999 -9999 -9999 -9999 -9999 -9999 -9999 -9999 -9999 -9999 -9999 -9999 -9999 741.552 1579.04 2020.95 1421.88 625 93.75 686.509 1402.5 1060.08 433.069 610.598 1018.32 377.365 282.99 843.23 521.817 421.592 105.746 21.4844 216.797 220.703 143.971 425.645
270.792 762.104 1043.97 1233.29 1477.33 1584.66 1478.55 1808.72 2105.28 1953.08 1957.11 -9999 1976.1 1643.4 1310.66 -9999 -9999 -9999 -9999 -9999 -9999 -9999 -9999 5078.43 5078.43 -9999 4846.19 -9999 -9999 -9999 -9999 -9999 -9999 -9999 -9999 -9999 -9999 -9999 -9999 -9999 -9999 -9999 -9999 -9999 -9999 -9999 -9999 -9999 0 49.0196 507.546 1161.8 1654.04 1530.39 786.865 149.258 413.145 1142.08 1305.59 1162.96 1299.75 1370.94 637.496 150.501 692.552 1156.84 825.03 141.949 69.3359 175.152 288.081 380.086 267.365
244.957 171.037 364.681 703.44 847.541 847.193 693.12 1173.47 1470.84 1399.32 1459.37 1250 1782.99 1306.66 655.278 145.672 1000 -9999 -9999 -9999 -9999 -9999 -9999 -9999 -9999 -9999 4667.62 -9999 -9999 -9999 -9999 -9999 -9999 -9999 -9999 -9999 -9999 -9999 -9999 -9999 -9999 -9999 -9999 -9999 -9999 -9999 -9999 364.379 213.63 281.985 171.482 543.272 929.318 1341.36 1139.41 420.051 189.8 564.171 709.807 988.898 1440.38 1342.82 795.926 305.977 672.327 1192.23 1123.97 433.301 81.0547 11.7188 145.785 135.251 398.78
759.827 585.154 260.807 161.202 170.367 390.464 149.397 648.095 716.887 604.956 777.564 693.306 1048.39 967.18 246.285 342.023 985.787 -9999 -9999 -9999 -9999 -9999 -9999 -9999 -9999 -9999 -9999 3535.53 -9999 -9999 -9999 -9999 -9999 -9999 -9999 -9999 -9999 -9999 -9999 -9999 -9999 -9999 -9999 2630.85 2487.44 2029.66 1357.17 818.692 857.512 870.741 430.372 163.502 268.799 688.047 1038.48 792.812 302.729 177.105 127.023 331.658 862.835 856.641 247.747 188.043 278.696 488.728 788.229 292.825 166.64 416.987 57.756 60.6163 263.251
566.327 736.809 810.563 772.15 604.956 678.483 263.251 276.784 149.761 148.438 187.5 155.69 569.23 877.79 420.484 788.351 1437.47 1571.13 -9999 2074.43 1714.93 -9999 -9999 -9999 3319.02 3678.79 3624.71 -9999 -9999 -9999 -9999 -9999 -9999 -9999 -9999 -9999 -9999 -9999 -9999 -9999 -9999 713.234 -9999 -9999 -9999 1544 1626.41 1090 757.583 987.998 1009.49 739.69 298.598 149.426 323.376 648.99 877.546 861.84 567.507 107.936 205.425 309.352 186.981 568.692 212.151 168.957 177.509 113.628 361.601 343.324 123.463 360.832 271.958
54.6875 95.0042 414.012 1124.74 1359.17 1041.29 281.25 162.011 543.358 822.093 815.506 464.743 140.776 538.124 857.9 1256.32 1259.12 958.931 678.571 1361.11 1118.02 603.553 -9999 -9999 -9999 3686.02 3275.39 2491.39 1449.64 1177.52 -9999 250 873.4 1199.55 -9999 -9999 -9999 -9999 312.5 282.484 225.379 445.032 999.118 1319.04 957.107 1103.55 1103.55 706.259 149.237 344.901 527.75 953.433 942.274 517.654 103.99 142.353 477.397 796.479 941.707 354.181 136.326 106.486 276.599 423.679 158.383 605.119 376.931 98.5347 587.096 391.216 85.9375 673.679 912.975
80.0781 32.2266 355.909 975.835 1269.41 1179.88 466.799 170.645 682.576 1111.78 1069.25 890.825 459.386 155.956 493.068 1066.12 677.427 230.047 218.75 0 423.362 168.52 684.666 -9999 -9999 2871.32 2589.56 2147.58 1439.28 644.848 234.375 170.643 494.583 1026.46 1560.92 2265 2150.69 1300.19 490.125 95.7031 149.414 247.07 1024.62 1063.48 513.947 113.476 357.831 558.674 138.811 303.302 148.253 466.251 995.956 582.093 152.021 412.406 200.71 191.667 521.261 522.961 148.253 419.242 241.974 109.988 421.542 623.69 283.857 279.534 890.344 458.795 78.0963 574.233 1201.39
164.34 128.976 261.968 363.166 571.552 988.448 622.063 249.019 233.492 505.538 328.125 371.927 631.203 677.217 791.13 666.812 178.163 357.089 725.966 289.054 298.78 190.916 863.453 1494.51 2034.19 2397.92 2218.71 1528.02 1130.87 626.225 166.6 444.812 136.06 521.817 1246.17 1833.57 1977.03 1213.09 526.74 117.188 209.331 269.526 809.867 842.18 215.447 289.531 160.446 569.761 272.635 383.004 499.708 167.004 524.579 154.349 425.738 939.014 833.67 417.191 147.126 581.83 353.482 310.542 641.455 189.309 380.936 159.29 41.0156 318.579 920.812 375 108.006 748.425 1147.36
177.035 371.575 64.4531 23.4375 105.914 272.877 124.342 71.3585 80.2169 155.551 383.432 283.406 133.356 465.887 685.719 178.163 350.085 898.86 810.661 200.71 436.514 166.501 542.375 991.89 1292.65 1664.99 1825.71 1085.82 414.012 265.163 150.639 292.964 133.858 234.023 710.578 1242.05 1639.27 975.222 211.648 273.433 559.481 106.584 180.913 346.842 271.063 400.888 296.576 339.532 421.205 375 519.746 182.392 251.046 405.582 974.651 1220.07 980.209 581.248 163.502 653.131 597.756 164.479 650.012 516.252 173.436 119.95 117.535 715.159 1097.99 487.364 138.949 592.06 887.391
166.767 653.854 234.375 236.675 397.162 318.244 519.931 551.887 242.743 43.9453 604.645 941.482 559.117 140.776 406.125 538.047 922.604 1164.09 467.572 198.642 714.448 345.739 119.21 245.672 531.75 1018.79 1460.3 927.009 232.087 436.523 304.058 234.578 566.652 277.952 180.688 774.677 1448.64 947.031 202.79 383.188 897.094 328.577 181.15 272.15 117.702 451.866 325.889 326.098 457.443 342.699 179.965 332.517 160.573 623.291 945.479 533.373 283.406 133.356 356.395 973.108 929.318 275.704 155.412 452.624 743.618 330.992 59.5703 430.862 998.618 740.411 198.491 196.289 577.486
811.925 929.309 252.231 55.6641 252.798 511.848 904.255 1103.82 610.99 130.496 293.172 1002.2 1117.14 567.514 223.015 579.276 897.501 885.303 409.991 441.83 925.388 394.868 151.645 139.452 148.253 542.983 1042.66 497.276 149.969 627.879 327.455 425.846 926.192 811.082 206.026 571.303 1133.66 744.638 161.884 641.859 1196.36 818.631 267.221 241.721 459.085 575.255 369.344 161.549 381.895 374.227 263.933 613.283 187.5 795.027 663.833 161.827 210.557 370.893 723.747 1138.94 1238.38 924.617 433.589 245.395 787.922 557.191 74.2188 142.018 353.326 644.655 542.602 117.228 299.915
1089.16 1207.45 507.728 70.3125 320.671 159.972 274.646 684.795 1019.2 442.552 97.6275 704.046 1297.11 893.07 474.848 159.972 504.198 294.843 174.649 576.822 666.776 170.645 469.365 169.697 494.528 698.165 611.684 155.857 491.739 810.891 225.066 151.784 335.286 656.599 195.313 165.496 505.036 683.098 166.992 589.044 875.359 951.281 648.169 323.907 392.504 375 443.419 401.53 389.754 524.469 642.697 756.692 185.784 779.033 750.078 255.184 177.758 213.654 208.742 457.287 713.321 1070.85 620.593 106.445 581.766 354.406 116.419 508.762 267.099 184.247 566.205 155.719 489.411
596.868 1101.91 468.75 38.0859 427.643 662.372 320.597 337.244 1061.48 781.901 129.045 391.453 794.086 401.982 152.119 409.321 289.18 182.335 561.059 776.244 228.915 350.576 777.111 350.679 662.262 411.348 157.643 120.297 504.574 785.192 187.5 324.075 205.703 312.778 218.75 344.987 167.004 675.223 340.59 158.885 175.585 314.443 182.45 149.021 206.512 384.282 231.18 175.891 190.736 295.125 737.067 834.946 177.914 556.128 791.355 437.107 677.085 669.287 170.061 227.747 171.344 443.043 520.924 189.731 467.953 407.581 112.108 422.016 339.197 467.89 816.925 344.884 120.256
268.509 952.11 728.496 213.515 277.547 887.678 957.193 842.112 1340.72 1050.21 294.709 87.8906 165.108 137.973 272.248 214.018 108.803 151.506 471.15 602.8 164.45 458.836 299.17 260.57 711.638 210.112 477.043 453.67 152.356 304.601 400.311 155.412 314.523 188.615 147.877 427.95 160.001 800.968 904.834 545.819 258.789 185.894 546.439 751.11 877.934 1129.48 975.222 816.669 634.543 279.778 467.572 979.813 349.044 336.885 1004.72 792.707 532.643 451.236 183.594 640.61 305.238 94.796 235.699 235.352 120.562 624.621 404.201 242.257 99.887 343.537 898.367 771.01 371.788
591.713 514.014 467.912 338.793 73.2422 559.855 1060.84 1401.61 1772.5 1322.3 544.409 94.1545 463.072 318.579 309.247 513.638 710.645 787.722 965.537 609.145 105.134 203.108 342.532 688.047 816.715 187.402 563.809 795.632 232.556 92.0338 125.278 192.799 409.51 218.341 248.181 149.426 393.25 1005.85 1459.44 1180.84 482.771 133.298 575.355 1169.34 1534.05 1868.83 1756.48 1564.35 1322.03 928.322 821.911 934.427 468.889 325.583 538.452 257.178 194.961 273.981 141.683 361.948 228.516 190.916 644.933 193.285 246.285 932.684 834.039 211.002 76.3107 148.715 342.694 1021.74 874.564
523.284 97.7257 214.006 152.997 270.266 146.259 414.902 888.494 1482.86 1580.7 833.174 182.641 279.096 790.319 1007.23 1291.45 1352.05 1183.8 924.277 291.566 282.401 858.12 1110.04 1333.36 1092.25 383.138 276.922 973.324 876.028 491.739 120.06 258.789 501.326 440.269 301.198 453.242 388.818 534.94 1093.46 1039.61 404.27 162.387 177.411 608.309 1152.2 1569.1 1505.2 1181.68 947.763 855.801 401.982 232.422 292.964 347.883 148.253 353.482 776.864 721.871 163.028 141.81 491.34 680.927 699.769 93.75 580.681 1053.64 843.249 250.064 138.337 489.219 164.982 689.359 949.685
95.6744 376.134 427.03 297.459 758.274 553.818 191.667 372.771 1091.45 1423.75 1176.71 525.046 64.4531 277.032 946.193 1476.72 1030.98 503.544 320.781 104.226 475.559 833.149 1063.15 959.137 769.962 459.372 250 1030.24 1484.83 1058.44 559.261 677.853 554.816 207.031 213.601 155.956 221.397 117.702 533.796 652.872 150.501 518.43 339.209 156.863 452.261 934.454 849.407 408.852 224.858 213.601 92.2708 244.835 214.099 213.822 529.837 1072.96 1402.98 989.027 334.731 396.822 901.769 1003.26 458.97 134.61 547.813 444.51 409.874 264.366 65.4009 544.883 214.336 454.102 540.168
447.32 934.68 465.399 73.8836 430.163 913.513 582.727 293.94 765.218 670.745 949.034 855.631 324.491 160.156 875 1141.48 482.28 140.776 397.93 351.766 162.693 182.45 306.092 232.544 176.897 239.449 543.873 1181.02 1261.51 760.342 562.916 789.662 1067.84 921.875 880.677 573.395 392.781 110.629 167.772 476.684 229.799 932.157 892.642 502.776 167.923 280.702 242.113 92.7734 288.249 570.425 488.19 324.422 149.732 526.403 982.694 1289.72 1350.27 1199.35 667.135 338.723 328.125 410.008 147.473 415.376 220.265 221.871 264.031 126.953 138.337 684.977 337.227 331.062 185.894
544.658 972.965 292.825 106.584 138.418 364.849 277.552 357.735 241.096 159.694 710.708 810.525 136.228 275.872 847.091 793.949 178.053 504.365 1085.99 1092.6 777.334 589.343 468.75 482.838 622.685 556.99 550.621 993.362 787.207 198.642 216.167 595.758 1370.66 1715.4 1657.28 1354.66 1065.4 528.301 207.378 164.132 224.609 968.75 1419.93 1178.03 664.696 441.679 287.942 417.121 164.242 338.522 732.29 704.439 247.14 572.404 895.328 591.174 563.61 674.543 219.121 193.706 375.689 128.976 404.201 527.341 338.441 832.569 958.814 348.068 179.197 870.229 1038.09 826.547 373.176
429.491 1041.96 568.826 142.018 275.663 126.965 128.473 153.095 409.967 683.713 952.392 721.172 125.474 366.565 266.041 336.28 189.939 843.969 1033.36 968.75 1026.59 1001.49 888.949 682.944 314.795 137.904 288.22 761.421 342.694 237.704 834.156 1210.86 1656.34 1962.86 2121.19 2089.62 1672.99 1199.92 792.875 262.511 184.848 727.247 837.091 1142.07 1118.32 1131.53 1063.16 1169.43 655.948 185.015 187.5 155.69 349.882 514.698 225.373 158.215 174.788 138.672 302.251 834.249 790.999 165.513 564.838 991.586 1045.71 1256.31 1076.83 418.45 178.053 861.024 1572.44 1508.5 1126.75
790.038 1297.59 852.158 220.629 166.154 289.531 502.441 162.399 282.401 766.069 567.514 219.738 100.32 161.047 262.413 221.495 531.831 620.825 301.655 234.375 301.655 323.752 234.375 149.692 138.672 191.684 281.037 711.148 291.554 270.792 810.582 1173.24 1171.88 1184.82 1431.76 1792.72 1760.76 1194.5 523.174 159.972 213.486 164.45 175.793 397.93 444.724 733.68 1217.18 1491.48 1126.58 847.541 815.506 490.485 240.021 280.546 354.384 649.689 378.075 186.605 829.637 1383.28 1089.33 428.28 150.125 617.197 691.291 671.875 508.982 105.746 65.4009 663.833 1460.71 2083.16 1837.56
1450.55 1168.27 458.97 168.79 438.062 131.807 716.816 702.99 224.564 456.703 154.112 441.49 480.275 156.707 207.239 356.759 194.642 144.948 315.2 566.975 315.2 273.433 579.774 473.08 375 478.824 362.19 292.669 629.013 246.742 242.893 415.439 375 391.377 669.816 1114.84 1215.25 633.233 182.866 297.789 755.631 631.472 443.206 236.855 249.047 238.461 606.891 818.345 1007.07 1252.18 1271.86 1095.57 940.393 839.499 813.208 462.505 267.781 542.255 1208.49 1854.8 1460.57 727.624 181.988 318.187 184.247 218.75 204.102 236.254 149.536 750.078 1538.37 2330.22 2272.27
1494.07 823.675 194.683 492.958 617.068 162.023 764.055 1185.72 765.72 534.194 229.799 912.135 1156.28 751.101 312.287 156.528 389.569 571.315 1004.99 1267.42 1039.04 1002.78 1297.07 1222.36 962.969 387.183 162.219 448.955 951.08 721.748 161.272 235.277 417.854 297.078 154.112 420.051 536.764 178.012 292.686 212.891 917.299 1375.38 1121.76 968.266 700.903 135.488 119.141 193.498 277.073 571.083 623.43 610.485 889.492 453.45 513.743 264.349 312.495 978.201 1310.1 1654.81 1347.82 570.083 219.121 709.249 763.49 917.184 921.875 630.498 85.9375 625 1406.25 1902.61 2017.12
1355.12 570.083 127.092 709.242 834.068 201.981 653.167 1263.59 1022.15 357.793 312.703 974.099 878.164 798.143 286.128 131.905 287.035 566.217 784.534 982.345 839.499 813.61 1017.85 1017.35 668.124 147.502 561.786 1146.9 1040.29 499.437 151.784 707.021 1120.21 984.544 531.75 261.02 152.344 276.293 539.677 218.75 921.875 1703.81 1898.61 1653.53 1067.1 362.202 268.902 587.876 336.21 173.436 158.383 293.802 794.62 417.191 230.73 505.371 164.479 565.142 595.219 974.632 1018.84 843.436 805.135 1178.46 1346.48 1397.54 1253.9 710.372 83.9844 500.476 1015.47 1128.33 1225.41
