public/models/data/input/map/sulut/800/mapdroad.asc
NCOLS 310
NROWS 227
XLLCORNER 510063.019283
YLLCORNER 210717.685435
CELLSIZE 800.000000
NODATA_VALUE       -9999
[rows 132 to 164 of 227, columns 73 to 145 of 310]
-9999 -9999 -9999 -9999 -9999 -9999 -9999 -9999 -9999 -9999 -9999 -9999 -9999 -9999 -9999 -9999 -9999 -9999 -9999 -9999 -9999 -9999 -9999 -9999 -9999 -9999 -9999 -9999 -9999 -9999 -9999 -9999 -9999 -9999 -9999 -9999 -9999 -9999 -9999 -9999 -9999 -9999 -9999 -9999 -9999 -9999 -9999 -9999 -9999 -9999 -9999 -9999 -9999 -9999 -9999 -9999 -9999 -9999 -9999 -9999 -9999 -9999 -9999 -9999 -9999 -9999 -9999 -9999 -9999 -9999 -9999 -9999 -9999
-9999 -9999 -9999 -9999 -9999 -9999 -9999 -9999 -9999 -9999 -9999 -9999 -9999 -9999 -9999 -9999 -9999 -9999 -9999 -9999 -9999 -9999 -9999 -9999 -9999 -9999 -9999 -9999 -9999 -9999 -9999 -9999 -9999 -9999 -9999 -9999 -9999 -9999 -9999 -9999 -9999 -9999 -9999 -9999 -9999 -9999 -9999 -9999 -9999 -9999 -9999 -9999 -9999 -9999 -9999 -9999 -9999 -9999 -9999 -9999 -9999 -9999 -9999 -9999 -9999 -9999 -9999 -9999 -9999 -9999 -9999 -9999 -9999
-9999 -9999 -9999 -9999 -9999 -9999 -9999 -9999 -9999 -9999 -9999 -9999 -9999 -9999 -9999 -9999 -9999 -9999 -9999 -9999 -9999 -9999 -9999 -9999 -9999 -9999 -9999 -9999 -9999 -9999 -9999 -9999 -9999 -9999 -9999 -9999 -9999 -9999 -9999 -9999 -9999 -9999 -9999 -9999 -9999 -9999 -9999 -9999 -9999 -9999 -9999 -9999 -9999 -9999 -9999 -9999 -9999 -9999 -9999 -9999 -9999 -9999 -9999 -9999 -9999 -9999 -9999 -9999 -9999 -9999 -9999 -9999 0
-9999 -9999 -9999 -9999 -9999 -9999 -9999 -9999 -9999 -9999 -9999 -9999 -9999 -9999 -9999 -9999 -9999 -9999 -9999 -9999 -9999 -9999 -9999 -9999 -9999 -9999 -9999 -9999 -9999 -9999 -9999 -9999 -9999 -9999 -9999 -9999 -9999 -9999 -9999 -9999 -9999 -9999 -9999 -9999 -9999 -9999 -9999 -9999 -9999 -9999 -9999 -9999 -9999 -9999 -9999 -9999 -9999 -9999 -9999 -9999 -9999 -9999 -9999 1875 1124.76 496.226 0 -9999 71.4286 171.875 172.338 136.588 115.801
-9999 -9999 -9999 -9999 -9999 -9999 -9999 -9999 -9999 -9999 -9999 -9999 -9999 -9999 -9999 -9999 -9999 -9999 -9999 -9999 -9999 -9999 -9999 -9999 -9999 -9999 -9999 -9999 -9999 -9999 -9999 -9999 -9999 -9999 -9999 -9999 -9999 -9999 -9999 -9999 -9999 -9999 -9999 -9999 -9999 -9999 -9999 -9999 -9999 -9999 -9999 -9999 -9999 -9999 -9999 -9999 -9999 -9999 -9999 -9999 -9999 3069.54 2768.74 1978.07 1167.67 408.112 41.8246 100.26 68.1818 74.2188 71.2891 173.129 647.429
-9999 -9999 -9999 -9999 -9999 -9999 -9999 -9999 -9999 -9999 -9999 -9999 -9999 -9999 -9999 -9999 -9999 -9999 -9999 -9999 -9999 -9999 -9999 -9999 -9999 -9999 -9999 -9999 -9999 -9999 -9999 -9999 -9999 -9999 -9999 -9999 -9999 -9999 -9999 -9999 -9999 -9999 -9999 -9999 -9999 -9999 -9999 -9999 -9999 -9999 -9999 -9999 -9999 -9999 -9999 -9999 -9999 -9999 -9999 1625.38 2095.22 2608.72 2680.09 1991.06 1196.19 426.205 128.583 155.58 518.14 618.344 318.273 468.532 1189.9
-9999 -9999 -9999 -9999 -9999 -9999 -9999 -9999 -9999 -9999 -9999 -9999 -9999 -9999 -9999 -9999 -9999 -9999 -9999 -9999 -9999 -9999 -9999 -9999 -9999 -9999 -9999 -9999 -9999 -9999 -9999 -9999 -9999 -9999 -9999 -9999 -9999 -9999 -9999 -9999 -9999 -9999 -9999 -9999 -9999 -9999 -9999 -9999 -9999 -9999 3282.4 -9999 -9999 -9999 -9999 -9999 -9999 -9999 259.233 1005.94 1496.56 1881.57 1977.72 1634.11 1139.17 363.166 269.457 196.746 330.918 838.988 812.758 897.501 1547.54
1621.79 1520.83 -9999 -9999 -9999 -9999 -9999 -9999 -9999 -9999 -9999 -9999 -9999 -9999 -9999 -9999 -9999 -9999 -9999 -9999 -9999 -9999 -9999 -9999 -9999 -9999 -9999 -9999 -9999 -9999 -9999 -9999 -9999 -9999 -9999 -9999 -9999 -9999 -9999 -9999 -9999 -9999 -9999 -9999 -9999 -9999 -9999 -9999 -9999 -9999 3224.87 -9999 -9999 -9999 -9999 1353.55 1254.93 677.632 202.381 605.598 754.621 1439.37 1325.53 878.331 999.602 658.432 107.561 329.721 195.071 430.949 1154.85 1615.18 2032.64
981.694 956.184 559.948 259.434 0 -9999 -9999 -9999 -9999 -9999 -9999 -9999 -9999 -9999 -9999 -9999 -9999 -9999 -9999 -9999 -9999 -9999 -9999 -9999 -9999 -9999 -9999 -9999 -9999 -9999 -9999 -9999 -9999 -9999 -9999 -9999 -9999 -9999 -9999 -9999 -9999 -9999 -9999 -9999 -9999 -9999 -9999 -9999 -9999 -9999 -9999 -9999 250 57.6923 419.901 836.157 725.222 591.797 195.451 190.008 421.205 1093.65 962.048 269.318 459.386 827.471 313.819 296.31 440.697 213.654 828.385 1501.39 2182.53
237.75 234.375 157.643 121.233 17.8571 76.5306 20.1613 0 -9999 -9999 -9999 -9999 -9999 -9999 -9999 -9999 -9999 -9999 -9999 -9999 -9999 -9999 -9999 3239.23 3221.77 -9999 -9999 -9999 -9999 -9999 -9999 -9999 -9999 -9999 -9999 -9999 -9999 -9999 -9999 -9999 -9999 -9999 -9999 -9999 -9999 -9999 -9999 -9999 -9999 -9999 1316.57 1197.6 675.624 166.293 129.184 197.179 139.313 130.859 42.9688 66.4063 303.608 468.144 417.969 217.144 160.156 330.281 177.035 170.31 642.199 208.742 391.326 1042.91 1808.88
377.932 618.217 652.322 416.722 219.542 197.024 129.883 357.451 247.284 103.709 0 -9999 1517.26 1876.92 1914.21 -9999 -9999 -9999 -9999 -9999 -9999 -9999 -9999 3060.66 3060.66 -9999 2414.21 -9999 -9999 -9999 -9999 -9999 -9999 -9999 -9999 -9999 -9999 -9999 -9999 -9999 -9999 -9999 -9999 -9999 -9999 -9999 -9999 -9999 1457.11 1153.29 947.186 985.662 335.511 50.7813 68.3594 171.356 180.41 96.8879 247.417 117.898 210.435 157.643 365.917 261.24 311.519 375 565.489 672.021 1005.25 584.103 156.36 704.046 1389.9
244.957 564.252 601.234 270.405 406.748 682.313 185.547 704.977 880.366 425.738 63.3646 0 1155.04 1318.93 1510.14 1701.27 1784.52 -9999 -9999 -9999 -9999 -9999 -9999 -9999 -9999 -9999 2235.64 -9999 -9999 -9999 -9999 -9999 -9999 -9999 -9999 -9999 -9999 -9999 -9999 -9999 -9999 -9999 -9999 -9999 -9999 -9999 -9999 813.787 1394 933.249 281.788 490.746 142.59 207.991 102.539 327.797 609.966 131.276 394.481 518.581 860.72 749.875 1039.21 1006.01 1065.83 1171.88 1347.08 1467.18 1579.46 951.348 232.544 307.751 691.942
309.144 125.069 96.177 162.399 714.01 889.461 203.68 501.232 1183.31 986.786 423.785 55.8299 113.268 564.185 972.088 1231.3 1332.23 -9999 -9999 -9999 -9999 -9999 -9999 -9999 -9999 -9999 -9999 1767.77 -9999 -9999 -9999 -9999 -9999 -9999 -9999 -9999 -9999 -9999 -9999 -9999 -9999 -9999 -9999 194.444 62.5 54.878 120.162 402.918 786.357 867.723 237.3 94.796 137.609 423.483 460.719 571.765 930.56 370.316 108.439 497.414 1089.79 1359.6 1703.25 1788.09 1862.71 1968.75 2143.96 2259.52 2061.15 1296.38 644.454 283.406 133.356
275.872 217.907 511.616 610.961 710.748 749.643 404.917 252.508 1003.33 1457.86 1001.27 572.366 300.707 128.346 260.39 480.181 503.971 764.552 -9999 2078.04 2074.17 -9999 -9999 -9999 179.84 125.786 439.623 -9999 -9999 -9999 -9999 -9999 -9999 -9999 -9999 -9999 -9999 -9999 -9999 -9999 -9999 214.286 -9999 -9999 -9999 645.605 580.632 203.108 179.977 481.505 345.49 475.016 254.6 122.07 377.85 1045.06 1331.53 977.153 500.892 192.591 493.159 867.292 1315.05 1865.39 2498.1 2770.77 2956.46 2996.44 2431.11 1783.43 1376.95 1001.3 565.242
394.995 136.06 498.685 321.071 158.787 164.982 183.594 158.174 841.069 1608.6 1628.85 1035.43 291.848 97.6563 101.563 148.576 86.0763 201.487 323.967 1611.11 1549.11 1310.66 -9999 -9999 -9999 77.1605 253.058 298.694 166.667 178.571 -9999 250 82.3171 388.889 -9999 -9999 -9999 -9999 352.073 824.602 316.288 64.6552 36.5854 284.518 353.553 1207.11 1207.11 624.232 381.275 168.79 122.209 216.024 152.83 259.904 253.901 520.608 886.921 1182.81 725.94 203.304 66.0711 237.23 743.18 1502.87 2299.75 3072.47 3653.17 3540.38 2911.36 2503.9 2128.25 1700.08 1218.09
1045.19 434.728 32.2266 42.9688 518.284 502.245 111.634 467.867 1107.5 1883.88 2055.76 1292.65 605.236 166.501 229.839 713.934 544.404 105.469 203.125 250 891.367 854.813 708.333 -9999 -9999 250 71.4286 141.81 173.06 92.1659 72.1154 135.889 290.173 344.292 134.715 11.7188 29.2969 153.846 166.699 369.852 242.535 142.786 278.662 91.2448 229.679 163.979 60.6796 136.029 427.643 384.842 233.954 82.2395 154.742 211.885 189.453 164.271 259.969 502.989 716.107 795.462 632.583 430.226 726.624 1483.46 2280.33 3077.21 3866.54 4025.2 3630.85 3255.2 2826.22 2356.49 1722.84
1494.83 743.18 225.512 128.207 689.721 1067.68 580.705 754.621 1494.83 2216.91 2149.64 1361.7 566.044 139.787 236.577 905.235 1066.08 497.276 104.857 73.6842 240.998 247.834 159.639 82.0896 160.16 233.471 334.604 391.874 151.113 333.182 142.578 243.65 514.217 273.363 201.727 419.333 268.509 232.087 120.73 261.089 126.254 532.698 806.709 338.372 127.003 197.543 379.11 319.274 250.89 244.32 408.227 622.824 678.347 873.535 921.875 732.663 400.398 204.379 200.427 567.651 842.189 1063.57 1342.68 1798.37 2427.18 3121.25 3632.4 3992.46 4173.66 3941.45 3482.87 2860.84 2301.13
1870.13 1315.05 826.291 214.145 625 1349.91 1334.06 1439.37 1881.57 2589.31 2375.84 1578.97 912.913 366.9 141.348 560.683 872.218 904.736 508.37 142.786 429.197 468.75 511.015 560.046 770.771 737.845 412.863 128.976 471.919 774.557 217.769 254.253 155.69 135.95 459.386 1039.69 999.753 628.81 162.89 238.836 111.675 347.369 1044.6 1010.29 738.166 879.169 1143.96 1072.3 994.638 988.166 1187.04 1393.96 1475.22 1668.73 1703.67 1458.89 1166.05 840.449 356.297 173.436 232.556 741.43 1074.88 1405.73 2012.15 2510.15 2871.87 3267.39 3664.93 4161.34 3983.75 3436.37 2988.61
2442.88 1954.12 1195.67 639.772 898.824 1641.93 2104.48 2251.3 2581.38 2981.31 2714.68 2061.96 1472.78 900.435 223.448 173.129 218.884 356.996 213.793 335.286 995.978 1278.83 1320.08 1306.54 975.817 337.366 163.502 599.266 971.975 706.226 143.358 590.789 506.046 147.473 466.251 984.544 1188.91 520.347 123.827 192.591 580.49 877.355 1376.9 1774.9 1550.67 1690.83 1956.46 1884.8 1807.14 1800.67 1999.54 2206.46 2287.72 2481.23 2515.17 2270.72 1946.72 1475.42 1109.69 797.082 299.962 177.509 305.994 883.216 1369.05 1730.63 2118.34 2523.5 3084.69 3666.32 4030.87 4061.6 3682.53
2394.34 2289.69 1740.84 1425.21 1587.01 2027.49 2693.78 3048.18 3378.25 3590.41 3050.83 2341.65 1552.89 760.589 197.445 124.162 93.75 136.089 330.437 774.205 1449.7 2004.55 2067.82 1506.01 710.142 135.211 527.75 1130.83 959.285 291.566 282.401 964.417 964.175 517.506 154.112 321.071 749.444 584.328 166.628 155.118 732.412 1488.49 2003.53 2407.08 2347.54 2487.71 2753.33 2681.68 2604.01 2597.54 2796.42 3003.33 3084.6 3278.11 3312.04 3053.89 2611.53 2229.39 1888.5 1417.68 875.37 520.486 107.226 366.125 641.276 1004.08 1388.93 1957.73 2538.39 2945.84 3336.87 3799.02 4148.93
1705.37 2382.56 2514.13 2222.08 2383.88 2713.96 3152.73 3793.23 4170.58 4013.12 3233.46 2436.58 1624.08 848.371 424.13 583.156 399.368 133.997 315.2 807.789 1572.68 2313.08 2278.23 1602.86 856.782 152.344 489.882 1175.67 691.291 165.958 702.291 1368.08 1630.7 1133.85 664.667 255.658 169.39 159.596 188.113 566.942 1137.28 1832.9 2617.42 3117.58 3144.42 3284.58 3550.21 3478.55 3400.89 3394.42 3593.29 3800.21 3881.47 4074.98 4098.79 3739.82 3362.82 3014.71 2541.37 2003.47 1599.73 1060.58 459.386 172.083 192.672 305.377 818.591 1412.41 1818.89 2210.32 2671.26 3152.22 3907.69
1307.79 2104.66 2858.32 3006.01 3180.76 3510.83 3840.91 4289.21 4839.84 4360.41 3563.53 2766.66 1973.03 1454.75 1210.71 1340.15 1036.92 544.699 437.107 833.498 1596.62 2193.83 1705.11 1186.32 556.245 154.072 719.099 1300.77 671.875 178.919 797.19 1580.97 2120.15 1788.15 1329.64 922.903 678.347 717.515 925.436 1198.49 1693.32 2264.23 2973.76 3735.71 3940.11 4081.46 4347.08 4275.43 4197.76 4191.29 4390.17 4597.08 4678.35 4871.86 4822.44 4489.77 4149.64 3669.6 3129.27 2726.68 2187.12 1595.6 1121.76 779.931 442.713 201.155 307.751 691.942 1082.96 1544.31 2026.82 2768.88 3581.38
1158.47 1955.35 2767.85 3501.42 3969.05 4307.71 4637.79 4974.91 5256.22 4690.48 3893.61 3111.03 2579.99 2247.05 2007.58 2088.72 1672.56 1315.83 1231.69 1479.35 1919.1 1882.34 1257.16 578.163 164.883 414.902 1068.79 1539.02 897.501 511.015 897.501 1662.91 2454.55 2455.45 2049.69 1708.22 1475.22 1514.05 1720.97 1977.63 2324.3 2818.56 3403.95 4100.71 4671.14 4878.33 5143.96 5072.3 4994.64 4988.17 5187.04 5393.96 5475.22 5668.73 5606.73 5276.59 4808.11 4252.79 3855.11 3314.48 2722.55 2255.75 1882.75 1498.39 1163.5 644.454 283.406 133.356 428.28 898.322 1641.93 2438.8 3251.3
954.235 1751.11 2563.61 3360.49 4157.36 4891.63 5422.37 5691.31 5605.52 5004.47 4249.03 3729.04 3389.63 3059.55 2820.08 2791.25 2458.41 2128.33 2044.19 2206.79 1937.26 1282.46 741.117 198.977 377.238 897.074 1536.08 1941.05 1559.55 1320.08 1559.55 2032.64 2810.29 3169.34 2850.79 2520.72 2287.72 2326.55 2533.47 2790.13 3120.21 3464.59 3967.61 4540.23 5216 5686.35 5956.46 5884.8 5807.14 5800.67 5999.54 6206.46 6287.72 6481.23 6407.67 5945.6 5401.84 4996.37 4453.12 3861.12 3397.76 3031.8 2639.63 2280.72 1779.67 1343.15 766.314 155.118 279.419 756.371 1538.37 2335.25 3147.75
921.875 1718.75 2531.25 3328.13 4125 4921.88 5494.33 5280.25 4950.17 4684.08 4548.32 4375.27 4145.77 3825.17 3583.28 3547.86 3254.16 2905.52 2543.2 2052.37 1452.54 822.444 208.742 257.403 851.152 1487.44 2024.03 2541.69 2356.42 2116.96 2356.42 2686.5 3173.5 3800.34 3647.67 3317.59 3084.6 3123.43 3330.35 3587.01 3917.08 4247.16 4600.3 5096.27 5667.18 6323.84 6752.27 6681.68 6604.01 6597.54 6796.42 7003.33 7084.6 7273.99 7065.65 6532.22 6131.11 5580.07 4988.08 4525.85 4157.75 3774.39 3407.68 2892.26 2349.95 1610.49 813.61 149.426 588.111 1242.95 1881.21 2665.32 3477.82
921.875 1718.75 2531.25 3328.13 4125 4840.58 4818.29 4483.38 4153.3 3894.42 3875 3875 3907.55 3653.3 3394.42 3400.89 3412.09 2940.96 2280.29 1514.9 926.249 331.658 217.364 801.005 1315.65 1978.1 2614.96 3145.17 3153.3 2913.83 3153.3 3483.38 3821.64 4288.35 4440.02 4114.47 3881.47 3920.3 4127.22 4383.88 4713.96 5044.04 5380.58 5728.39 6223.8 6794.14 7429.43 7478.55 7400.89 7394.42 7593.29 7800.21 7881.47 8028.78 7660.32 7256.58 6717.43 6115.03 5652.8 5284.36 4902.01 4542.91 3965.4 3239.88 2446.19 1649.32 852.443 157.574 578.125 1375 2156.34 2936.77 3749.27
921.875 1718.75 2531.25 3328.13 4119.8 4379.6 4023.05 3686.5 3356.42 3097.54 3078.13 3078.13 3110.68 2856.42 2597.54 2604.01 2671.37 2302.95 1813.2 1171.02 412.688 158.481 683.136 1287.68 1927.96 2441.22 3105.86 3752.58 3944.68 3710.71 3950.17 4280.25 4616.8 4949.16 5181.31 4911.34 4678.35 4717.18 4924.1 5180.76 5510.83 5840.91 6177.46 6507.54 6855.35 7350.17 7921.09 8250.74 8197.76 8191.29 8390.17 8597.08 8678.35 8728.03 8383.53 7843.98 7252.45 6778.61 6411.65 6015.44 5549.27 4883.6 4091.72 3294.84 2497.97 1701.09 904.22 196.636 573.434 1364.28 2161.15 2958.03 3770.53
921.875 1718.75 2525.85 3320.27 3988.47 3735.79 3278.5 2889.63 2559.55 2300.67 2281.25 2281.25 2313.8 2059.55 1800.67 1807.14 1884.8 1616.51 1176 710.578 234.023 441.823 1108.18 1810.09 2413.65 3057.67 3564.03 4247.2 4672.73 4507.58 4747.05 5077.13 5413.67 5743.75 5965.45 5708.22 5475.22 5514.05 5720.97 5977.63 6307.71 6637.79 6974.33 7304.41 7634.49 7981.15 8475.41 8955.77 8994.64 8988.17 9187.04 9393.96 9475.22 9489.75 8971.33 8379.4 7912.61 7539.61 7081.08 6402.73 5610.49 4813.61 4001.11 3204.24 2407.36 1610.49 813.61 167.339 386.379 1170.3 1967.18 2764.05 3576.55
751.732 1502.22 2286.07 3082.95 3567.06 3112.72 2597.31 2129.45 1747.05 1488.17 1468.75 1468.75 1511.52 1251.91 988.166 994.638 1072.3 943.905 499.564 155.857 277.952 756.304 1499.63 2237.19 2946.3 3549.3 4198.03 4713.08 5320.59 5320.08 5559.55 5889.63 6226.17 6556.25 6777.95 6520.72 6287.72 6326.55 6533.47 6790.13 7120.21 7450.28 7786.83 8116.91 8446.99 8777.06 9121.44 9609.93 9805.57 9800.67 9999.54 10206.5 10284.8 10099.4 9517.98 9054.61 8682.32 8151.23 7427.43 6630.55 5833.68 5036.8 4224.3 3427.43 2630.55 1833.68 1040.99 337.955 327.79 1122.32 1919.19 2716.07 3528.57
395.902 1144.17 1956 2749.21 3021.11 2520.07 1985.77 1459.79 1004.72 691.291 671.875 671.875 731.737 502.776 244.32 250.89 319.274 262.413 157.169 461.61 927.654 1376.59 1897.16 2625.57 3364.47 4072.85 4676.25 5333.67 5837.19 6105.88 6356.42 6686.5 7023.05 7353.12 7574.83 7317.59 7084.6 7123.43 7330.35 7587.01 7917.08 8247.16 8583.71 8913.78 9243.86 9573.94 9904.01 10257.2 10561.3 10597.5 10796.4 11003.3 11050.1 10644.9 10149.7 9638.19 8934.48 8128.33 7331.46 6534.58 5737.71 4940.83 4128.33 3331.46 2534.58 1737.71 940.831 269.596 224.731 959.137 1756.01 2552.89 3365.39
222.656 968.75 1781.25 2534.78 2376.31 1911.81 1393.11 848.91 353.535 157.169 218.75 210.169 154.713 174.649 442.552 444.51 375 415.941 450.983 941.297 1574.4 2054.03 2513.21 3026.4 3752.19 4491.43 5200.2 5816.61 6457.86 6859.15 7153.3 7483.38 7819.92 8150 8371.7 8114.47 7881.47 7920.3 8127.22 8383.88 8713.96 9044.04 9380.58 9710.66 10040.7 10370.8 10700.9 11037.4 11326.7 11394.4 11593.3 11800.2 11737.5 11182.5 10446.2 9649.32 8852.44 8039.94 7243.07 6446.19 5649.32 4852.44 4039.94 3243.07 2446.19 1649.32 852.443 201.727 259.258 991.498 1788.37 2585.25 3391.64
230.469 968.75 1781.25 2308.67 1912.82 1247.98 785.67 277.825 187.107 617.682 912.607 864.382 671.875 811.81 1178.08 1227.11 1171.88 1204.24 1230.12 1552.05 2067.27 2704.12 3188.87 3640.56 4153.36 4879.47 5618.04 6339.99 6944.53 7561.03 7950.17 8280.25 8616.8 8946.87 9168.58 8911.34 8678.35 8717.18 8924.1 9180.76 9510.83 9840.91 10177.5 10507.5 10837.6 11167.7 11497.8 11834.3 12123.6 12191.3 12390.2 12593.2 12307.7 11553.7 10756.9 9959.98 9163.1 8350.6 7553.73 6756.85 5959.98 5163.1 4350.6 3553.73 2756.85 1959.98 1251.22 554.048 191.21 879.232 1674.1 2434.52 3135.12
234.375 968.75 1712.66 1656.63 1287.08 787.489 216.277 239.6 719.812 1197.89 1664.23 1659.58 1468.75 1604.66 1938.59 2018.29 1968.75 2001.11 2027 2331.19 2677.85 3191.29 3844.47 4315.82 4767.11 5278.02 6007.43 6759.11 7466.94 8070.18 8684.67 9077.13 9413.67 9743.75 9965.45 9708.22 9475.22 9514.05 9720.97 9977.63 10307.7 10637.8 10974.3 11304.4 11634.5 11964.6 12294.6 12631.2 12920.4 12988.2 13171.9 13188.2 12667.4 11883.8 11086.9 10290.1 9493.18 8680.68 7883.8 7086.93 6290.05 5493.18 4680.68 3883.8 3086.93 2311.39 1559.35 749.435 161.549 664.105 1380.51 2011.81 2589.74
