public/models/data/input/map/sulut/800/mapdcenter.asc
NCOLS 310
NROWS 227
XLLCORNER 510063.019283
YLLCORNER 210717.685435
CELLSIZE 800.000000
NODATA_VALUE       -9999
[rows 132 to 164 of 227, columns 0 to 72 of 310]
-9999 -9999 -9999 -9999 -9999 -9999 -9999 -9999 -9999 -9999 11858 11221.1 10437.2 9733.08 9143.67 -9999 -9999 6235.29 5748.78 5297.49 4881.12 4913.29 4648.93 4310.66 -9999 -9999 -9999 -9999 -9999 -9999 -9999 -9999 -9999 -9999 -9999 -9999 -9999 -9999 -9999 -9999 -9999 -9999 -9999 -9999 -9999 -9999 -9999 -9999 -9999 -9999 -9999 -9999 -9999 -9999 -9999 -9999 -9999 -9999 -9999 -9999 -9999 -9999 -9999 -9999 -9999 -9999 -9999 -9999 -9999 -9999 -9999 -9999 -9999
-9999 -9999 -9999 -9999 -9999 -9999 -9999 -9999 -9999 -9999 -9999 10449.7 10054.7 9310.23 8542.11 7675.2 6916.97 6049.38 5336.55 4836 4439.44 4167.08 3875.84 3802.41 -9999 -9999 -9999 -9999 -9999 -9999 -9999 -9999 -9999 -9999 -9999 -9999 -9999 -9999 -9999 -9999 -9999 -9999 -9999 -9999 -9999 -9999 -9999 -9999 -9999 -9999 -9999 -9999 -9999 -9999 -9999 -9999 -9999 -9999 -9999 -9999 -9999 -9999 -9999 -9999 -9999 -9999 -9999 -9999 -9999 -9999 -9999 -9999 -9999
-9999 -9999 -9999 -9999 -9999 -9999 -9999 -9999 -9999 -9999 -9999 10346.2 9941.39 8949.89 8183.28 7370.78 6573.91 5777.03 4980.16 4206.16 3700.29 3370.21 3095.67 3456.06 -9999 -9999 -9999 -9999 -9999 -9999 -9999 -9999 -9999 -9999 -9999 -9999 -9999 -9999 -9999 -9999 -9999 -9999 -9999 -9999 -9999 -9999 -9999 -9999 -9999 -9999 -9999 -9999 -9999 -9999 -9999 -9999 -9999 -9999 -9999 -9999 -9999 -9999 -9999 -9999 -9999 -9999 -9999 -9999 -9999 -9999 -9999 -9999 -9999
-9999 -9999 -9999 16962.9 16451 15572.5 14664.5 14177.9 -9999 -9999 -9999 -9999 -9999 8570.87 7800.65 7034.23 6237.36 5440.48 4643.61 3846.73 3057.12 2560 2263.48 1922.49 2154.68 -9999 -9999 -9999 -9999 -9999 -9999 -9999 -9999 -9999 -9999 -9999 -9999 -9999 -9999 -9999 -9999 -9999 -9999 -9999 -9999 -9999 -9999 -9999 -9999 -9999 -9999 -9999 -9999 -9999 -9999 -9999 -9999 -9999 -9999 -9999 -9999 -9999 -9999 -9999 -9999 -9999 -9999 -9999 -9999 -9999 -9999 -9999 -9999
-9999 -9999 -9999 16788.5 16138 15325.5 14528.6 13802.4 13494.5 -9999 -9999 -9999 -9999 -9999 7185.66 6704.16 5907.28 5110.41 4313.53 3516.66 2704.16 1933.6 1425.86 1130.55 1639.43 1994.09 -9999 -9999 -9999 -9999 -9999 -9999 -9999 -9999 9457.11 10873.2 10873.2 -9999 -9999 -9999 -9999 -9999 17974.9 17900.9 -9999 -9999 -9999 -9999 -9999 -9999 -9999 -9999 -9999 -9999 -9999 -9999 -9999 -9999 -9999 -9999 -9999 -9999 -9999 -9999 -9999 -9999 -9999 -9999 -9999 -9999 -9999 -9999 -9999
-9999 -9999 -9999 16415.5 15807.9 14995.4 14198.5 13401.7 12670.5 11913 -9999 -9999 -9999 7623.85 7143.29 6374.08 5577.2 4780.33 3983.46 3186.58 2374.08 1577.21 807.789 509.265 1125.8 1929.18 2697.61 3415.32 4236.6 5033.47 5720.4 6578.13 7375 8171.88 9073.93 9955.59 10560.7 12164.2 12797.4 13402.1 14039.2 -9999 17496.3 17500.2 17545.8 -9999 -9999 -9999 -9999 -9999 -9999 -9999 -9999 -9999 -9999 -9999 -9999 -9999 -9999 -9999 -9999 -9999 -9999 -9999 -9999 -9999 -9999 -9999 -9999 -9999 -9999 -9999 -9999
-9999 -9999 -9999 16260.2 15452.2 14665.3 13868.4 13071.6 12274.7 11476.3 10612.3 9835.32 8839.88 7983.62 7206 6393.5 5596.62 4799.75 4002.87 3206 2393.5 1596.62 833.498 547.559 1145.78 1956 2752.87 3549.75 4346.62 5143.5 5956 6752.87 7549.75 8346.62 9143.5 9953.68 10750.6 11703.2 12463.1 13260 14043 14613 16595.9 16881 17362 -9999 20449.5 20862 21575.6 22372.5 22903.7 -9999 -9999 -9999 -9999 -9999 -9999 -9999 -9999 -9999 -9999 -9999 -9999 -9999 -9999 -9999 -9999 37445.7 39281.9 39127.5 39599.2 40303.2 40916.7
-9999 -9999 -9999 -9999 15462.2 14723.6 13926.7 13129.8 12332.9 11536.1 10723.6 9926.7 9129.82 8332.95 7536.07 6723.57 5926.7 5129.82 4332.95 3536.07 2723.57 1958.16 1479.35 1315.83 1642.9 2286.07 3082.95 3879.82 4676.7 5473.57 6286.07 7082.95 7879.82 8676.7 9473.57 10286.1 11082.9 11879.8 12676.7 13473.6 14286.1 15081.6 15897.4 16689.6 17420.9 -9999 19952.8 20528.7 21323.9 22120.8 22867.8 23568.7 24035.5 -9999 -9999 -9999 -9999 -9999 -9999 -9999 -9999 -9999 -9999 -9999 -9999 -9999 36271.2 37002.8 37733 38576.3 39347.5 40144.4 40927.9
-9999 -9999 -9999 -9999 15474.9 14960.6 14263.2 13466.4 12669.5 11872.6 11060.1 10263.2 9466.37 8669.5 7872.62 7060.12 6263.25 5466.37 4669.5 3872.62 3093.3 2620.21 2290.13 2128.33 2432.52 2791.95 3421.78 4216.37 5013.25 5810.12 6622.62 7419.5 8216.37 9013.25 9810.12 10622.6 11419.5 12216.4 13013.2 13810.1 14622.6 15419.5 16216.4 17013.2 17810.1 18665.5 19484.2 20281.1 21078 21874.8 22687.3 23484.2 24281.1 25045.5 25863.1 26675.6 27472.4 28257.2 29121.1 29868 30816.8 31613.7 32410.5 33207.4 34201.1 34993.6 35825.8 36604.7 37401.6 38198.4 39010.9 39807.8 40604.7
-9999 -9999 -9999 -9999 -9999 14993.9 14411.5 13783.3 12985.5 12202.7 11390.2 10593.3 9796.45 8999.57 8202.7 7390.2 6593.32 5796.45 4999.57 4234.16 3747.16 3417.08 3087.01 2925.21 3229.39 3565.94 3922.33 4549.88 5343.32 6140.2 6952.7 7749.57 8546.45 9343.32 10140.2 10952.7 11749.6 12546.4 13343.3 14140.2 14952.7 15749.6 16546.4 17343.3 18140.2 18952.7 19749.6 20546.4 21343.3 22140.2 22952.7 23749.6 24546.4 25343.3 26140.2 26952.7 27749.6 28546.4 29343.3 30140.2 30952.7 31749.6 32546.4 33343.3 34140.2 34952.7 35749.6 36546.4 37343.3 38140.2 38952.7 39749.6 40546.4
-9999 -9999 -9999 -9999 -9999 -9999 -9999 13884.7 13128.5 12496.9 11608.1 10923.4 10126.5 9329.65 8532.77 7720.27 6923.4 6126.52 5363.4 4882.3 4544.04 4213.96 3883.88 3722.08 4026.27 4362.82 4692.89 5050.43 5676.83 6470.27 7282.77 8079.65 8876.52 9673.4 10470.3 11282.8 12079.6 12876.5 13673.4 14470.3 15282.8 16079.6 16876.5 17673.4 18470.3 19282.8 20079.6 20876.5 21673.4 22470.3 23282.8 24079.6 24876.5 25673.4 26470.3 27282.8 28079.6 28876.5 29673.4 30470.3 31282.8 32079.6 32876.5 33673.4 34470.3 35282.8 36079.6 36876.5 37673.4 38470.3 39282.8 40079.6 40876.5
-9999 -9999 -9999 -9999 -9999 -9999 -9999 -9999 -9999 -9999 11615.2 10975 10456.6 9659.72 8862.85 8050.35 7253.47 6490.35 6009.82 5677.46 5340.91 5010.83 4680.76 4518.96 4823.14 5159.25 5515.85 5819.85 6176.24 6802.64 7612.85 8409.72 9206.6 10003.5 10800.3 11612.8 12409.7 13206.6 14003.5 14800.3 15612.8 16409.7 17206.6 18003.5 18800.3 19612.8 20409.7 21206.6 22003.5 22800.3 23612.8 24409.7 25206.6 26003.5 26800.3 27612.8 28409.7 29206.6 30003.5 30800.3 31612.8 32409.7 33206.6 34003.5 34800.3 35612.8 36409.7 37206.6 38003.5 38800.3 39612.8 40409.7 41206.6
-9999 -9999 -9999 -9999 -9999 -9999 -9999 -9999 -9999 -9999 -9999 10967.5 10510.2 9903.36 8981.82 8380.43 7615.01 7136.2 6804.41 6474.33 6137.79 5807.71 5477.63 5345.37 5620.02 5956.57 6286.64 6616.72 6946.8 7299.75 7942.93 8739.8 9536.67 10333.6 11130.4 11942.9 12739.8 13536.7 14333.6 15130.4 15942.9 16739.8 17536.7 18333.5 19130.4 19942.9 20739.8 21536.7 22333.5 23130.4 23942.9 24739.8 25536.7 26333.5 27130.4 27942.9 28739.8 29536.7 30333.5 31130.4 31942.9 32739.8 33536.7 34333.5 35130.4 35942.9 36739.8 37536.7 38333.5 39130.4 39942.9 40739.8 41536.7
-9999 -9999 -9999 -9999 -9999 -9999 -9999 -9999 -9999 -9999 -9999 -9999 -9999 -9999 -9999 -9999 8122.56 7919.99 7616.91 7286.83 6950.28 6620.21 6290.13 6193.05 6432.52 6757.92 7099.14 7429.22 7759.3 8089.37 8448.8 9078.64 9873.22 10670.1 11467 12279.5 13076.3 13873.2 14670.1 15467 16279.5 17076.3 17873.2 18670.1 19467 20279.5 21076.3 21873.2 22670.1 23467 24279.5 25076.3 25873.2 26670.1 27467 28279.5 29076.3 29873.2 30670.1 31467 32279.5 33076.3 33873.2 34670.1 35467 36279.5 37076.3 37873.2 38670.1 39467 40279.5 41076.3 41873.2
-9999 -9999 -9999 -9999 -9999 -9999 -9999 -9999 -9999 -9999 -9999 -9999 -9999 -9999 -9999 -9999 -9999 8260.41 8235.23 8078.86 7747.16 7417.08 7087.01 6989.93 7229.39 7586.07 7896.02 8226.09 8556.17 8886.25 9222.8 9579.19 10206.7 11000.2 11797.1 12609.6 13406.4 14203.3 15000.2 15797.1 16609.6 17380.1 18203.3 19000.2 19797 20609.5 21406.4 22203.3 23000.2 23797 24609.5 25406.4 26203.3 27000.2 27797 28609.5 29406.4 30193.3 31000.2 31797 32609.5 33406.4 34203.3 35000.2 35797 36609.5 37406.4 38203.3 39000.2 39797 40609.5 41406.4 42203.3
-9999 -9999 -9999 -9999 -9999 -9999 -9999 -9999 -9999 -9999 -9999 -9999 -9999 -9999 -9999 -9999 -9999 -9999 -9999 8767.55 8544.04 8213.96 7883.88 7760.64 8026.27 8362.82 8692.89 9022.97 9353.04 9683.12 10019.7 10349.7 10707.3 11333.7 12127.1 12939.6 13736.5 14533.4 15330.3 16127.1 16939.6 17736.5 18533.4 19330.2 20127.1 20939.6 21736.5 22533.4 23330.2 24127.1 24939.6 25736.5 26533.4 27330.2 28127.1 28939.6 29736.5 30533.4 31306.8 32137.5 32939.6 33736.5 34533.4 35330.2 36127.1 36939.6 37736.5 38533.4 39330.2 40127.1 40939.6 41736.5 42533.4
-9999 -9999 -9999 -9999 -9999 -9999 -9999 -9999 -9999 -9999 -9999 -9999 -9999 -9999 -9999 -9999 -9999 -9999 -9999 9139.09 9043.6 8916.26 8680.76 8598.98 8823.14 9159.69 9489.77 9819.84 10149.9 10480 10816.5 11146.6 11476.7 11833.1 12459.5 13269.7 14066.6 14863.5 15660.3 16457.2 17269.7 18066.6 18863.4 19660.3 20457.2 21269.7 22066.6 22863.4 23660.3 24457.2 25269.7 26066.6 26863.4 27660.3 28457.2 29269.7 30066.6 30863.4 31660.3 32457.2 33269.7 34066.6 34863.4 35660.3 36457.2 37269.7 38066.6 38863.4 39660.3 40457.2 41269.7 42066.6 42863.4
-9999 -9999 -9999 -9999 -9999 -9999 -9999 -9999 -9999 -9999 -9999 -9999 -9999 -9999 -9999 -9999 -9999 -9999 -9999 -9999 -9999 9488.38 9450.46 9455.36 9620.02 9956.57 10286.6 10616.7 10946.8 11276.9 11613.4 11943.5 12273.6 12603.7 12956.6 13599.8 14396.7 15193.5 15990.4 16787.3 17599.8 18396.7 19193.5 19990.4 20787.3 21599.8 22396.6 23193.5 23990.4 24787.3 25599.8 26396.6 27193.5 27990.4 28787.3 29599.8 30396.6 31193.5 31970.3 32798.4 33599.8 34396.6 35193.5 35990.4 36787.3 37599.8 38396.6 39193.5 39990.4 40787.3 41599.8 42396.6 43193.5
-9999 -9999 -9999 -9999 -9999 -9999 -9999 -9999 -9999 -9999 -9999 -9999 -9999 -9999 -9999 -9999 -9999 -9999 -9999 -9999 -9999 -9999 10085.7 10246 10432.5 10769.1 11099.1 11429.2 11759.3 12089.4 12425.9 12756 13086.1 13416.2 13746.2 14105.7 14735.5 15530.1 16327 17123.8 17936.3 18733.2 19530.1 20326.9 21123.8 21936.3 22704.8 23530.1 24326.9 25123.8 25936.3 26733.2 27530.1 28326.9 29123.8 29936.3 30733.2 31530.1 32326.9 33123.8 33936.3 34733.2 35530.1 36326.9 37123.8 37936.3 38733.2 39530.1 40326.9 41123.8 41936.3 42733.2 43530.1
-9999 -9999 -9999 -9999 -9999 -9999 -9999 -9999 -9999 -9999 -9999 -9999 -9999 -9999 -9999 -9999 -9999 -9999 -9999 -9999 -9999 -9999 -9999 10833.4 11180.2 11565.9 11896 12226.1 12556.2 12886.2 13222.8 13552.9 13883 14213 14543.1 14879.7 15236 15863.6 16657 17453.9 18266.4 19063.3 19860.2 20657 21453.9 22266.4 23063.3 23860.1 24657 25453.9 26266.4 27063.3 27860.1 28657 29453.9 30266.4 31063.3 31860.1 32657 33453.9 34266.4 35063.3 35860.1 36657 37455.7 38266.4 39063.3 39860.1 40657 41453.9 42266.4 43063.3 43860.1
-9999 -9999 -9999 -9999 -9999 -9999 -9999 -9999 -9999 -9999 -9999 -9999 -9999 -9999 -9999 -9999 -9999 -9999 -9999 -9999 -9999 -9999 -9999 -9999 12349.9 12424.8 12692.9 13023 13353 13683.1 14019.7 14349.7 14679.8 15009.9 15340 15676.5 16006.6 16364.1 16990.5 17784 18596.5 19393.4 20190.2 20987.1 21784 22596.5 23379.5 24198.2 24987.1 25784 26596.5 27393.3 28190.2 28987.1 29784 30596.5 31393.3 32190.2 32987.1 33784 34596.5 35393.3 36190.2 36987.1 37807.2 38596.5 39393.3 40190.2 40987.1 41784 42596.5 43393.3 44190.2
-9999 -9999 -9999 -9999 -9999 -9999 -9999 -9999 -9999 -9999 -9999 -9999 -9999 -9999 -9999 -9999 -9999 -9999 -9999 -9999 -9999 -9999 -9999 -9999 13244.5 13224.4 13489.8 13819.8 14149.9 14480 14816.5 15146.6 15476.7 15806.8 16136.9 16473.4 16803.5 17133.6 17489.9 18116.3 18926.6 19723.4 20520.3 21317.2 22114.1 22926.5 23719.5 24533.5 25317.2 26114 26926.5 27723.4 28520.3 29317.2 30114 30926.5 31705.4 32532 33317.2 34114 34926.5 35701.3 36520.3 37317.2 38114 38926.5 39723.4 40520.3 41317.2 42114 42926.5 43723.4 44520.3
-9999 -9999 -9999 -9999 -9999 -9999 -9999 -9999 -9999 -9999 -9999 -9999 -9999 -9999 -9999 -9999 -9999 -9999 -9999 -9999 -9999 -9999 -9999 -9999 -9999 14093.5 14286.6 14616.7 14946.8 15276.9 15613.4 15943.5 16273.6 16603.7 16933.7 17270.3 17600.4 17930.4 18260.5 18613.5 19256.6 20053.5 20850.4 21647.3 22444.1 23256.6 24053.5 24850.4 25647.2 26444.1 27256.6 28053.5 28850.4 29647.2 30444.1 31256.6 32051.7 32857.1 33647.2 34444.1 35256.6 36053.5 36850.4 37647.2 38444.1 39256.6 40053.5 40850.4 41647.2 42444.1 43256.6 44053.5 44850.4
-9999 -9999 -9999 -9999 -9999 -9999 -9999 -9999 -9999 -9999 -9999 -9999 -9999 -9999 -9999 -9999 -9999 -9999 -9999 -9999 -9999 -9999 -9999 -9999 -9999 14976 15099.1 15429.2 15759.3 16089.4 16425.9 16756 17086.1 17416.2 17746.2 18082.8 18412.9 18742.9 19073 19403.1 19762.5 20392.3 21186.9 21983.8 22780.7 23593.2 24390 25186.9 25983.8 26780.7 27593.2 28390 29186.9 29983.8 30780.7 31593.2 32390 33186.9 33983.8 34780.7 35593.2 36390 37186.9 37983.8 38780.7 39593.2 40390 41186.9 41983.8 42762.8 43593.2 44390 45186.9
-9999 -9999 -9999 -9999 -9999 -9999 -9999 -9999 -9999 -9999 -9999 -9999 -9999 -9999 -9999 -9999 -9999 -9999 -9999 -9999 -9999 -9999 -9999 -9999 16389.1 15760.1 15896 16226.1 16556.2 16886.2 17222.8 17552.9 17882.9 18213 18543.1 18879.6 19209.7 19539.8 19869.9 20200 20536.5 20892.9 21520.4 22313.9 23110.8 23927.6 24720.1 25517 26313.9 27110.7 27923.2 28720.1 29517 30313.9 31110.7 31923.2 32720.1 33517 34313.9 35110.7 35923.2 36704.3 37542.3 38313.9 39110.7 39923.2 40720.1 41517 42313.9 43110.7 43923.2 44720.1 45517
-9999 -9999 -9999 -9999 -9999 -9999 -9999 -9999 -9999 -9999 -9999 -9999 -9999 -9999 -9999 -9999 -9999 -9999 -9999 -9999 -9999 -9999 -9999 17596.2 16938.9 16557 16692.9 17023 17353 17683.1 18019.7 18349.7 18679.8 19009.9 19340 19676.5 20006.6 20336.7 20666.8 20996.8 21333.4 21663.5 22021 22647.4 23440.8 24280.5 25050.2 25847.1 26643.9 27440.8 28253.3 29050.2 29847.1 30643.9 31440.8 32253.3 33050.2 33847.1 34643.9 35440.8 36253.3 37050.2 37866.2 38643.9 39440.8 40253.3 41050.2 41847.1 42643.9 43440.8 44253.3 45050.2 45847.1
-9999 -9999 -9999 -9999 -9999 -9999 -9999 -9999 -9999 -9999 -9999 -9999 -9999 -9999 -9999 -9999 -9999 -9999 -9999 -9999 -9999 -9999 18730.2 18137.8 17678.6 17353.9 17489.8 17819.8 18149.9 18480 18816.5 19146.6 19476.7 19806.8 20136.8 20473.4 20803.5 21133.5 21463.6 21793.7 22130.2 22460.3 22790.4 23146.8 23773.2 24583.4 25380.3 26177.1 26974 27770.9 28583.4 29380.3 30177.1 30974 31770.9 32583.4 33380.3 34177.1 34974 35770.9 36583.4 37380.3 38177.1 38974 39770.9 40583.4 41380.3 42177.1 42974 43770.9 44583.4 45380.3 46177.1
-9999 -9999 -9999 -9999 -9999 -9999 -9999 -9999 -9999 -9999 -9999 -9999 -9999 -9999 -9999 -9999 -9999 -9999 -9999 -9999 -9999 -9999 19149.5 18805.5 18474.3 18150.7 18286.6 18616.7 18946.8 19276.9 19613.4 19943.5 20273.6 20603.6 20933.7 21270.3 21600.3 21894.4 22260.5 22590.6 22927.1 23257.2 23587.3 23917.4 24270.3 24913.5 25710.4 26507.2 27304.1 28101 28913.5 29710.3 30507.2 31304.1 32101 32913.5 33710.3 34507.2 35304.1 36057.9 36913.5 37710.3 38507.2 39304.1 40101 40913.5 41710.3 42507.2 43304.1 44101 44913.5 45710.3 46507.2
-9999 -9999 -9999 -9999 -9999 -9999 -9999 -9999 -9999 -9999 -9999 -9999 -9999 -9999 -9999 -9999 -9999 -9999 -9999 -9999 -9999 20230.2 19954.8 19616.9 19286.8 18963.2 19099.1 19429.2 19759.3 20089.4 20425.9 20756 21086.1 21416.1 21746.2 22082.8 22412.8 22742.9 23073 23403.1 23739.6 24069.7 24399.8 24729.8 25059.9 25419.4 26049.2 26843.8 27640.6 28437.5 29250 30046.9 30843.8 31640.6 32437.5 33250 34046.9 34843.8 35640.6 36437.5 37250 38042 38845.9 39640.6 40437.5 41250 42046.9 42843.8 43640.6 44437.5 45250 46046.9 46843.8
-9999 -9999 -9999 -9999 -9999 -9999 -9999 -9999 -9999 -9999 -9999 -9999 -9999 -9999 -9999 -9999 -9999 -9999 -9999 -9999 -9999 21024.3 20743.9 20413.8 20083.7 19760.1 19896 20226.1 20556.2 20886.2 21222.8 21552.9 21882.9 22213 22543.1 22879.6 23209.7 23539.8 23869.9 24199.9 24536.5 24866.6 25196.6 25526.7 25856.8 26193.3 26549.7 27177.3 27970.7 28767.6 29580.1 30377 31173.8 31970.7 32767.6 33580.1 34377 35173.8 35970.7 36767.6 37580.1 38367.7 39199 39970.7 40767.6 41580.1 42377 43173.8 43970.7 44767.6 45580.1 46377 47173.8
-9999 -9999 -9999 -9999 -9999 -9999 -9999 -9999 -9999 -9999 -9999 -9999 -9999 -9999 -9999 -9999 -9999 -9999 -9999 -9999 -9999 21451.8 21502 21210.7 20880.6 20557 20692.9 21023 21353 21683.1 22019.7 22349.7 22679.8 23009.9 23340 23676.5 24006.6 24336.7 24666.7 24996.8 25333.4 25663.4 25993.5 26323.6 26653.7 26990.2 27320.3 27677.8 28304.2 29097.7 29910.2 30707 31503.9 32300.8 33097.7 33910.2 34707 35503.9 36300.8 37097.7 37910.2 38707 39503.9 40300.8 41097.7 41910.2 42707 43503.9 44300.8 45097.7 45946.2 46707 47499.3
-9999 -9999 -9999 -9999 -9999 -9999 -9999 -9999 -9999 -9999 -9999 -9999 -9999 -9999 -9999 -9999 -9999 -9999 -9999 -9999 -9999 22553.2 22344 22007.5 21677.5 21353.9 21489.8 21819.8 22149.9 22480 22816.5 23146.6 23476.7 23806.8 24136.8 24473.4 24803.5 25133.5 25463.6 25793.7 26130.2 26460.3 26790.4 27120.5 27450.5 27787.1 28117.2 28447.2 28803.6 29430 30240.2 31037.1 31834 32630.9 33427.7 34240.2 35037.1 35834 36630.9 37427.7 38240.2 39037.1 39834 40630.9 41427.7 42240.2 43037.1 43834 44630.9 45427.7 46220.6 46858.1 47311.2
-9999 -9999 -9999 -9999 -9999 -9999 -9999 -9999 -9999 -9999 -9999 -9999 -9999 -9999 -9999 -9999 -9999 -9999 -9999 -9999 -9999 22821.1 22828.3 22785.9 22474.3 22150.7 22286.6 22616.7 22946.8 23276.9 23613.4 23943.5 24273.6 24603.6 24933.7 25270.3 25600.3 25930.4 26260.5 26590.6 26927.1 27257.2 27587.3 27917.3 28247.4 28584 28914 29244.1 29574.2 29927.2 30570.3 31367.2 32164.1 32960.9 33757.8 34570.3 35367.2 36164.1 36960.9 37757.8 38570.3 39367.2 40164.1 40960.9 41757.8 42570.3 43367.2 44164.1 44908.4 45470.4 45865.8 46198.4 46528.4
