public/models/data/input/map/sulut/800/mapdplant.asc
NCOLS 310
NROWS 227
XLLCORNER 510063.019283
YLLCORNER 210717.685435
CELLSIZE 800.000000
NODATA_VALUE       -9999
[rows 136 to 169 of 227, columns 0 to 75 of 310]
-9999 -9999 -9999 0 141.949 313.835 292.045 124.281 0 -9999 -9999 -9999 -9999 -9999 35.7143 0 0 0 0 0 0 11.7188 265.728 240.563 20.6612 0 -9999 -9999 -9999 -9999 -9999 -9999 -9999 -9999 0 0 0 -9999 -9999 -9999 -9999 -9999 0 0 -9999 -9999 -9999 -9999 -9999 -9999 -9999 -9999 -9999 -9999 -9999 -9999 -9999 -9999 -9999 -9999 -9999 -9999 -9999 -9999 -9999 -9999 -9999 -9999 -9999 -9999 -9999 -9999 -9999 -9999 -9999 -9999
-9999 -9999 -9999 43.4028 151.367 388.65 323.457 140.833 52.0134 0 -9999 -9999 -9999 0 85.8369 59.7785 0 0 0 0 0 5.85938 323.098 114.397 0 42.4901 57.6923 83.9161 11.7188 0 0 0 0 0 0 0 0 0 0 0 0 -9999 0 0 0 -9999 -9999 -9999 -9999 -9999 -9999 -9999 -9999 -9999 -9999 -9999 -9999 -9999 -9999 -9999 -9999 -9999 -9999 -9999 -9999 -9999 -9999 -9999 -9999 -9999 -9999 -9999 -9999 -9999 -9999 -9999
-9999 -9999 -9999 0 70.8502 77.1484 83.1466 5.85938 13.6719 0 0 0 0 0 58.5938 222.443 0 0 0 0 0 0 190.916 101.563 0 11.7188 168.316 147.877 326.727 243.858 386.587 113.195 0 0 0 0 0 0 0 0 30.3347 71.4286 72.5806 37.1094 0 -9999 0 0 0 0 0 -9999 -9999 -9999 -9999 -9999 -9999 -9999 -9999 -9999 -9999 -9999 -9999 -9999 -9999 -9999 -9999 509.803 59.8985 181.172 470.622 896.305 1509.8 -9999 -9999 -9999
-9999 -9999 -9999 -9999 0 166.363 87.8906 0 0 0 0 0 0 0 0 65.4991 0 0 0 0 0 0 97.6563 122.417 4.88281 4.88281 131.836 32.2266 103.516 90.8897 437.686 101.505 0 0 0 0 0 0 0 24.4141 5.85938 84.3373 73.5887 75.1953 0 0 131.173 14.6484 43.9453 4.88281 0 0 0 -9999 -9999 -9999 -9999 -9999 -9999 -9999 -9999 -9999 -9999 -9999 -9999 -9999 1239.23 676.046 315.465 157.795 184.553 866.958 1654.69 2420.69 2758.63 -9999
-9999 -9999 -9999 -9999 125 98.3049 169.223 0 0 0 0 0 0 0 0 0 0 0 0 0 0 0 0 236.548 250.261 34.1797 119.95 126.214 9.76563 29.2969 224.396 205.078 12.6953 0 0 0 0 0 0 48.8281 0 24.4141 0 48.8281 24.4141 186.143 301.291 116.419 185.056 9.76563 0 0 0 0 14.2045 35.5114 0 0 10.4167 362.926 506.472 821.843 1146.83 949.705 958.333 1297.53 1102.88 467.967 389.014 71.3585 346.086 946.911 1723.75 2197.69 2218.75 2136.21
-9999 -9999 -9999 -9999 -9999 208.333 74.6269 6 95.9917 22.2934 0 0 0 0 160.642 59.7091 46.875 19.5313 0 0 0 0 0 80.6908 176.77 24.4141 97.9626 184.051 3.90625 43.9453 327.629 411.487 137.193 19.5313 0 0 0 0 0 0 0 0 0 0 34.1797 490.854 317.165 11.7188 19.5313 43.9453 34.1797 0 0 24.4141 39.0625 29.2969 102.539 39.0625 59.5703 187.778 224.176 684.359 995.174 496.141 421.875 704.493 519.938 235.907 394.481 106.347 400.618 996.007 1487.47 1480.12 1421.88 1467.18
-9999 -9999 -9999 -9999 -9999 -9999 -9999 57.6923 412.243 97.7328 0 0 0 68.3594 408.54 499.598 407.753 403.535 163.04 184.877 0 0 0 0 0 0 49.8047 200.959 78.2638 0 56.71 381.953 221.761 123.995 52.9713 29.2969 0 0 0 0 0 0 0 0 98.0033 355.418 50.7525 0 0 29.2969 14.6484 0 0 0 24.4141 0 24.4141 0 0 0 105.943 681.257 650.826 350.928 112.374 391.372 152.494 17.5781 140.804 62.737 127.93 433.069 973.747 686.681 625 670.807
-9999 -9999 -9999 -9999 -9999 -9999 -9999 -9999 -9999 -9999 0 41.6667 14.6484 68.3594 156.25 524.601 628.307 844.697 764.38 577.845 308.462 61.1596 0 0 0 0 43.9453 248.336 396.59 92.7853 0 13.6719 49.8047 198.549 542.801 336.488 15.625 0 0 0 0 0 0 0 0 43.9453 0 0 0 0 0 0 0 0 0 0 0 0 0 0 17.4106 197.861 134.61 113.42 6.83594 206.373 251 5.85938 0 97.6563 29.2969 320.128 701.533 265.216 74.2188 66.5451
-9999 -9999 -9999 -9999 -9999 -9999 -9999 -9999 -9999 -9999 -9999 0 0 0 65.1042 74.6233 177.44 637.872 848.283 1080.16 991.298 497.276 141.949 117.535 0 0 0 374.497 951.533 493.068 151.367 43.9453 0 125 114.258 364.53 42.9688 0 0 0 0 0 0 0 0 0 0 0 0 0 0 19.5313 278.667 29.2969 0 0 0 0 0 0 0 1.95313 56.6406 0 0 20.5078 121.094 161.827 112.305 78.125 126.953 51.5903 209.707 102.608 147.808 102.539
-9999 -9999 -9999 -9999 -9999 -9999 -9999 -9999 -9999 -9999 -9999 -9999 -9999 -9999 -9999 -9999 67.3077 147.485 237.23 504.11 977.088 1158.24 830.288 366.876 40.0391 45.3264 163.167 435.178 1109.98 667.77 139.088 19.5313 14.6484 53.7109 4.88281 4.88281 0 0 0 0 77.6223 235.502 17.5781 23.4375 10.7422 10.7422 179.688 0 0 0 0 0 221.258 72.4044 0 0 0 0 0 0 0 0 0 0 0 0 19.5313 78.125 0 73.2422 48.8281 107.422 14.6484 8.78906 5.85938 0
-9999 -9999 -9999 -9999 -9999 -9999 -9999 -9999 -9999 -9999 -9999 -9999 -9999 -9999 -9999 -9999 -9999 250 79.5455 122.047 694.685 1390.54 1340.74 739.013 322.902 141.238 708.57 990.32 1447.82 1193.49 604.796 69.6423 0 46.875 21.4844 45.8984 41.9922 14.6484 0 47.9904 356.395 617.79 68.8333 42.9688 312.148 332.91 266.695 0 0 0 0 53.7109 48.8281 0 0 0 0 0 0 0 0 0 0 0 0 79.2404 27.3438 0 0 0 0 0 114.258 398.485 181.023 11.7188
-9999 -9999 -9999 -9999 -9999 -9999 -9999 -9999 -9999 -9999 -9999 -9999 -9999 -9999 -9999 -9999 -9999 -9999 -9999 67.5676 369.148 905.083 1522.4 1390.66 722.77 532.114 1111.47 1737.12 2077.65 1741.58 1027.68 506.45 62.5 11.7188 56.6406 61.5234 75.1953 0 50.7525 457.67 900.466 724.874 290.958 114.507 732.014 1041.43 483.511 38.0859 0 0 0 14.6484 0 0 0 0 0 0 0 0 0 0 0 0 0 150.599 11.7188 0 0 0 0 0 80.0781 525.364 725.925 419.177
-9999 -9999 -9999 -9999 -9999 -9999 -9999 -9999 -9999 -9999 -9999 -9999 -9999 -9999 -9999 -9999 -9999 -9999 -9999 0 51.2311 721.63 1472.08 1804.5 1393.07 1288.37 1660.21 2238.42 2704.92 2165.99 1587.74 868.359 264.933 7.8125 73.2422 3.90625 83.9844 0 274.629 829.819 992.532 283.742 49.8047 40.3454 536.724 1240.54 861.993 274.699 98.9104 24.4141 0 0 0 0 0 161.202 201.727 62.5 7.8125 0 0 0 0 54.6875 8.78906 9.76563 0 0 0 0 0 0 77.3566 677.327 1302.12 986.637
-9999 -9999 -9999 -9999 -9999 -9999 -9999 -9999 -9999 -9999 -9999 -9999 -9999 -9999 -9999 -9999 -9999 -9999 -9999 -9999 -9999 1270.97 1816.67 2390.41 2188.8 2085.25 2415.32 2786.02 3000.01 2343.45 1546.22 859.814 223.056 45.8984 87.8906 10.7422 121.094 181.849 77.9287 389.899 823.917 374.574 261.159 453.12 737.28 1453.67 1372.34 887.237 617.103 333.072 24.4141 9.76563 14.6484 0 0 109.375 681.284 393.48 60.5469 0 48.8281 0 0 8.78906 0.976563 0 0 0 0 0 0 0 32.2266 546.166 1316.46 1163.75
-9999 -9999 -9999 -9999 -9999 -9999 -9999 -9999 -9999 -9999 -9999 -9999 -9999 -9999 -9999 -9999 -9999 -9999 -9999 -9999 -9999 -9999 2430.86 2924.86 2998.72 2897.75 3227.82 3443.13 2899.32 2102.44 1289.94 505.653 51.7578 72.2656 186.87 9.76563 275.247 508.705 128.068 24.4141 560.75 1035.43 1050.67 1249.54 1475.41 1880.61 2025.81 1686.58 1377.47 823.646 451.236 52.7344 14.6484 24.4141 143.971 300.118 918.308 945.161 644.892 160.544 112.305 68.3594 0 0 85.0303 15.625 3.90625 2.92969 1.95313 0 0 1.95313 96.2177 667.389 1438.97 1536.65
-9999 -9999 -9999 -9999 -9999 -9999 -9999 -9999 -9999 -9999 -9999 -9999 -9999 -9999 -9999 -9999 -9999 -9999 -9999 -9999 -9999 -9999 -9999 3484.28 3692.51 3694.62 4000.66 3698.25 2912.26 2115.39 1302.89 518.655 72.2656 108.676 193.776 42.9688 265.216 426.042 68.3594 16.6016 544.194 1333.26 1817.88 2046.42 2272.29 2608.84 2776.92 2464.44 1951.94 1516.71 864.389 225.148 0 0 207.795 791.874 1391.02 1683.68 1220.08 647.101 224.956 0 15.625 21.4844 238.698 311.87 79.743 117.661 32.2266 34.1797 179.197 217.867 624.616 1108.14 1790.3 2046.34
-9999 -9999 -9999 -9999 -9999 -9999 -9999 -9999 -9999 -9999 -9999 -9999 -9999 -9999 -9999 -9999 -9999 -9999 -9999 -9999 -9999 -9999 -9999 -9999 4582.11 4549.69 4481.74 3775.35 2978.47 2212.66 1545.41 813.677 213.654 92.7734 279.644 64.4531 306.746 121.539 51.7578 272.525 802.786 1536.28 2302.68 2807.45 3069.16 3405.71 3554.78 3078.58 2641.38 2004.1 1311.12 630.77 182.964 15.625 222.443 871.859 1637.21 1891.26 1653.11 1150.15 422.004 39.0625 163.086 449.879 585.466 127.398 333.714 136.187 51.7578 238.346 800.142 933.249 1292.72 1746.71 2234.52 2583.52
-9999 -9999 -9999 -9999 -9999 -9999 -9999 -9999 -9999 -9999 -9999 -9999 -9999 -9999 -9999 -9999 -9999 -9999 -9999 -9999 -9999 -9999 -9999 -9999 5373.16 4995.17 4264.9 3468.02 2671.15 1874.27 1173.66 751.331 205.605 46.875 80.0781 57.6172 253.08 326.224 17.5781 122.07 564.185 1318.93 2110.45 2744.97 3324.88 4015.97 4179.47 3768.33 3131.06 2452.05 1752.53 1090.25 530.218 283.742 493.843 1095.12 1435.91 1168.73 1175.21 1281.33 648.353 95.0042 148.617 737.544 1061.27 710.708 851.59 659.725 450.966 385.05 1113.43 1697.03 2034.31 2418.93 2874 3256.77
-9999 -9999 -9999 -9999 -9999 -9999 -9999 -9999 -9999 -9999 -9999 -9999 -9999 -9999 -9999 -9999 -9999 -9999 -9999 -9999 -9999 -9999 -9999 -9999 -9999 4638.29 3999.54 3202.67 2405.79 1608.92 796.987 199.271 101.799 357.486 450.954 54.6875 15.625 30.2734 133.789 48.8281 444.869 1101.67 1624.84 2213.46 2999.46 3811.96 4518.46 4258.01 3579 2891.98 2217.71 1619.48 1281.9 1027 1165.77 1525.09 1039.52 420.484 421.236 756.589 716.153 187.217 578.912 1061.12 1630.24 1507.58 1637.02 1447.3 1181.68 1072.3 1489.73 2221.37 2813.39 3161.26 3543.66 3985.06
-9999 -9999 -9999 -9999 -9999 -9999 -9999 -9999 -9999 -9999 -9999 -9999 -9999 -9999 -9999 -9999 -9999 -9999 -9999 -9999 -9999 -9999 -9999 -9999 -9999 5024.52 4245.48 3448.6 2651.73 1854.85 1109.86 639.772 744.576 967.438 886.306 255.629 166.767 92.0338 24.4141 24.4141 278.524 534.517 1077.74 1866.04 2662.91 3475.41 4272.29 4637.27 4028.53 3366.76 2757.48 2413.1 2094.4 1839.5 1975.41 1916.12 1152.8 545.618 189.841 121.163 249.717 267.365 967.6 1695.74 2189.92 2319.59 2449.52 2259.8 1994.18 1884.8 2208.41 2630.01 3356.75 3953.34 4303.84 4681.07
-9999 -9999 -9999 -9999 -9999 -9999 -9999 -9999 -9999 -9999 -9999 -9999 -9999 -9999 -9999 -9999 -9999 -9999 -9999 -9999 -9999 -9999 -9999 -9999 6004.46 5372.43 4575.56 3778.68 2981.81 2250.72 1740.84 1425.21 1537.26 1706.04 1360.54 931.678 824.984 491.739 186.911 147.011 52.7344 250.931 933.249 1730.12 2527 3339.5 4136.37 4832.41 4493.21 3895.48 3540.05 3209.98 2891.28 2636.37 2736.49 2279.75 1665.93 1120.76 854.946 464.743 210.112 542.214 1260.91 2057.79 2810.55 3108.41 3246.4 3056.68 2791.05 2681.68 3005.28 3335.36 3760.4 4483.3 5080.29 5435.04
-9999 -9999 -9999 -9999 -9999 -9999 -9999 -9999 -9999 -9999 -9999 -9999 -9999 -9999 -9999 -9999 -9999 -9999 -9999 -9999 -9999 -9999 -9999 7139.09 6424.71 5702.51 4905.63 4108.76 3379.96 2875.98 2526.27 2222.08 2334.14 2395.61 2053.87 1728.55 1585.19 1156.19 846.103 334.315 245.672 850.583 1318.67 2034.31 2831.19 3643.69 4440.56 5174.91 5024.72 4673.48 4336.93 4006.85 3688.15 3433.25 3336.04 2793.45 2247.71 1883.88 1545.5 1108.21 920.305 1231.59 1670.71 2387.87 3184.74 3824.24 4043.27 3853.55 3587.93 3478.55 3802.16 4132.23 4462.31 4887.35 5610.65 6214.12
-9999 -9999 -9999 -9999 -9999 -9999 -9999 -9999 -9999 -9999 -9999 -9999 -9999 -9999 -9999 -9999 -9999 -9999 -9999 -9999 -9999 -9999 8273.08 7633.23 6845.08 6032.58 5235.71 4506.91 4003.5 3659.69 3323.14 3018.96 3131.01 3156.36 2849.03 2520.9 2279.94 1916.02 1353.58 722.014 581.849 1252.2 1957.28 2443.9 3161.26 3973.76 4770.64 5558.5 5790.34 5470.35 5133.8 4803.73 4485.03 4229.09 3927.65 3372.37 3010.83 2657.13 2234.07 1891.93 1717.18 2014.9 2358.54 2796.12 3514.82 4318.12 4825.5 4650.43 4384.8 4275.43 4599.03 4929.11 5259.19 5589.26 6010.87 6750.3
-9999 -9999 -9999 -9999 -9999 -9999 -9999 -9999 -9999 -9999 -9999 -9999 -9999 -9999 -9999 -9999 -9999 -9999 -9999 -9999 -9999 -9999 8664.9 7972.03 7175.16 6362.66 5631.57 5129.88 4786.64 4456.57 4120.02 3815.83 3927.89 3953.24 3645.91 3314.26 3044.45 2480.94 1848.97 1439.37 1335.25 1708.8 2379.32 3087.33 3565.71 4303.84 5100.71 5897.59 6486.76 6267.23 5930.68 5600.6 5281.9 4985.93 4506.94 4137.79 3785.09 3360.51 3018.88 2688.8 2514.05 2811.77 3141.85 3485.16 3918.42 4657.39 5404.24 5447.3 5181.68 5072.3 5395.91 5725.98 6056.06 6386.14 6716.21 7146.58
-9999 -9999 -9999 -9999 -9999 -9999 -9999 -9999 -9999 -9999 -9999 -9999 -9999 -9999 -9999 -9999 -9999 -9999 -9999 -9999 -9999 9480.46 9105.46 8308.58 7511.71 6766.71 6270.74 5929.22 5599.14 5269.07 4932.52 4628.33 4740.39 4765.74 4458.41 4118.75 3618.43 2988.68 2581.38 2251.3 2147.75 2477.82 2847.94 3514.39 4227.78 4714.76 5437.26 6234.14 7003.39 7078.15 6743.18 6413.1 6074.97 5644.62 5286.83 4927.16 4501.58 4161.45 3831.38 3501.3 3326.55 3624.27 3954.35 4284.42 4627.07 5067.47 5790.82 6225.71 5994.18 5884.8 6208.41 6538.48 6868.56 7198.64 7528.71 7865.26
-9999 -9999 -9999 -9999 -9999 -9999 -9999 -9999 -9999 -9999 -9999 -9999 -9999 -9999 -9999 -9999 -9999 -9999 -9999 -9999 -9999 9993.78 9435.53 8638.66 7907.57 7397.69 7056.17 6726.09 6396.02 6065.94 5729.39 5425.21 5537.26 5562.61 5250.95 4733.01 4116.78 3708.33 3378.25 3048.18 2944.62 3274.7 3604.78 3976.04 4641.34 5363.33 5846.85 6564.21 7361.09 7829.44 7540.05 7197.22 6768.84 6413.79 6061.09 5628.53 5288.4 4958.33 4628.25 4298.18 4123.43 4421.15 4751.22 5081.3 5411.37 5761.16 6199.07 6829.25 6791.05 6681.68 7005.28 7335.36 7665.43 7995.51 8325.59 8662.14
-9999 -9999 -9999 -9999 -9999 -9999 -9999 -9999 -9999 -9999 -9999 -9999 -9999 -9999 -9999 -9999 -9999 -9999 -9999 -9999 -9999 10139.7 9717.44 9036.81 8532.83 8183.12 7853.05 7522.97 7192.89 6862.82 6526.27 6222.08 6334.14 6354.29 5870.6 5242.58 4835.28 4505.2 4175.13 3845.05 3741.5 4071.57 4401.65 4731.73 5101.85 5782.27 6487.18 6975.52 7691.16 8416.67 8324.71 7895.79 7540.74 7187.04 6763.47 6415.36 6085.28 5755.2 5425.13 5095.05 4920.3 5218.02 5548.1 5878.17 6208.25 6544.8 6888.45 7323.56 7572.04 7478.55 7802.16 8132.23 8462.31 8792.38 9122.46 9459.01
-9999 -9999 -9999 -9999 -9999 -9999 -9999 -9999 -9999 -9999 -9999 -9999 -9999 -9999 -9999 -9999 -9999 -9999 -9999 -9999 -9999 10495.7 10160.6 9660.35 9316.55 8980 8649.92 8319.84 7989.77 7659.69 7323.14 7018.96 7131.01 6977.55 6378.87 5962.23 5632.15 5302.08 4972 4641.93 4538.37 4868.45 5198.52 5528.6 5858.68 6238.7 6909.05 7614.13 8100.76 8818.12 9021.68 8667.69 8313.99 7890.92 7548.78 7212.23 6882.15 6552.08 6222 5891.93 5717.18 6014.9 6344.97 6675.05 7005.12 7341.67 7671.75 8015.4 8310.45 8275.43 8599.03 8929.11 9259.18 9589.26 9919.34 10255.9
-9999 -9999 -9999 -9999 -9999 -9999 -9999 -9999 -9999 -9999 -9999 -9999 -9999 -9999 -9999 -9999 -9999 -9999 -9999 -9999 -9999 10606.6 10483.9 10425 10113.4 9776.87 9446.79 9116.72 8786.64 8456.57 8120.02 7815.83 7885.92 7505.26 7096.23 6759.11 6429.03 6098.95 5768.88 5438.8 5335.25 5665.32 5995.4 6325.48 6655.55 6992.1 7365.65 8036.17 8744.18 9222.56 9717.21 9441.94 9017.37 8675.73 8345.65 8009.1 7679.03 7348.95 7018.88 6688.8 6514.05 6811.77 7141.85 7471.92 7802 8138.55 8468.62 8798.7 9083.24 9072.3 9395.91 9725.98 10056.1 10386.1 10716.2 11052.8
-9999 -9999 -9999 -9999 -9999 -9999 -9999 -9999 -9999 -9999 -9999 -9999 -9999 -9999 -9999 -9999 -9999 -9999 -9999 -9999 -9999 -9999 -9999 10955.6 10853.7 10589.4 10259.3 9929.22 9599.14 9269.07 8932.52 8628.33 8589.05 8238.23 7908.15 7571.6 7241.53 6911.45 6581.38 6251.3 6147.75 6477.82 6807.9 7137.98 7468.05 7804.6 8134.68 8504.8 9171.24 9884.64 10326.2 10158.4 9818.31 9488.23 9158.15 8821.6 8491.53 8161.45 7831.38 7501.3 7326.55 7624.27 7954.35 8284.42 8614.5 8951.05 9281.12 9611.2 9893.18 9884.8 10208.4 10538.5 10868.6 11198.6 11528.7 11865.3
-9999 -9999 -9999 -9999 -9999 -9999 -9999 -9999 -9999 -9999 -9999 -9999 -9999 -9999 -9999 -9999 -9999 -9999 -9999 -9999 -9999 -9999 -9999 -9999 11278.2 11280.1 10879 10712.2 10376 10011.7 9669.13 9364.94 9315.47 9035.1 8705.03 8368.48 8038.4 7708.33 7378.25 7048.18 6944.62 7274.7 7604.77 7934.85 8264.93 8601.47 8931.55 9261.63 9632.89 10298.2 11007.2 10945.3 10615.2 10285.1 9955.03 9618.48 9288.4 8958.33 8628.25 8298.18 8123.43 8421.15 8751.22 9081.3 9411.37 9747.92 10078 10408.1 10690.1 10681.7 11005.3 11335.4 11665.4 11995.5 12325.6 12662.1
-9999 -9999 -9999 -9999 -9999 -9999 -9999 -9999 -9999 -9999 -9999 -9999 -9999 -9999 -9999 -9999 -9999 -9999 -9999 -9999 -9999 -9999 -9999 -9999 -9999 -9999 -9999 11112.1 10785.5 10682 -9999 -9999 9905.68 9818.79 9501.9 9165.35 8835.28 8505.2 8175.13 7845.05 7741.5 8071.57 8401.65 8731.73 9061.8 9398.35 9728.43 10058.5 10388.6 10758.7 11434.7 11729.9 11412.1 11082 10751.9 10415.4 10085.3 9755.2 9425.13 9095.05 8920.3 9218.02 9548.1 9878.17 10208.2 10544.8 10874.9 11204.9 11486.9 11478.6 11802.2 12132.2 12462.3 12792.4 13122.5 13459
-9999 -9999 -9999 -9999 -9999 -9999 -9999 -9999 -9999 -9999 -9999 -9999 -9999 -9999 -9999 -9999 -9999 -9999 -9999 -9999 -9999 -9999 -9999 -9999 -9999 -9999 -9999 -9999 -9999 -9999 -9999 -9999 -9999 10303.2 10211.2 9962.23 9632.15 9302.08 8972 8641.93 8538.37 8868.45 9198.52 9528.6 9858.68 10195.2 10525.3 10855.4 11185.5 11515.5 11895.6 12395.8 12208.9 11878.9 11548.8 11212.2 10882.2 10552.1 10222 9891.93 9717.18 10014.9 10345 10675 11005.1 11341.7 11671.7 12001.8 12283.8 12275.4 12599 12929.1 13259.2 13589.3 13919.3 14255.9
-9999 -9999 -9999 -9999 -9999 -9999 -9999 -9999 -9999 -9999 -9999 -9999 -9999 -9999 -9999 -9999 -9999 -9999 -9999 -9999 -9999 -9999 -9999 -9999 -9999 -9999 -9999 -9999 -9999 -9999 -9999 -9999 -9999 -9999 10510.4 10759.1 10429 10099 9768.88 9438.8 9335.25 9665.32 9995.4 10325.5 10655.6 10992.1 11322.2 11652.3 11982.3 12312.4 12649 13001 13005.4 12675.7 12345.7 12009.1 11679 11349 11018.9 10688.8 10514.1 10811.8 11141.8 11471.9 11802 12138.5 12468.6 12798.7 13080.7 13072.3 13395.9 13726 14056.1 14386.1 14716.2 15052.8
