public/models/data/input/map/sulut/800/mapdcenter.asc
NCOLS 310
NROWS 227
XLLCORNER 510063.019283
YLLCORNER 210717.685435
CELLSIZE 800.000000
NODATA_VALUE       -9999
[rows 132 to 164 of 227, columns 146 to 218 of 310]
-9999 -9999 29602.6 29599.9 29307.5 28977.4 28647.3 28317.2 27987.2 27650.6 27320.5 26990.5 26660.4 26330.3 25993.8 25663.7 25333.6 25003.5 24673.5 24336.9 24006.9 23715.6 23903.3 24233.4 24569.9 24900 25230.1 25560.1 25890.2 26226.8 26556.8 26886.9 27217 27547.1 27883.6 28213.7 28543.8 28873.8 29203.9 29540.5 29870.5 30200.6 30530.7 30860.8 31171.2 31299.8 31165.5 30860.1 30530.1 30193.5 29863.4 29533.4 29203.3 28873.2 28536.7 28206.6 27876.5 27546.4 27216.4 26879.8 26549.7 26530.3 26860.4 27190.5 27199.8 26444.2 25647.3 24850.4 24053.6 23241.1 22444.2 21647.3 20850.5
-9999 29147.7 29130.7 28847.1 28510.6 28180.5 27850.4 27520.4 27190.3 26853.7 26523.7 26193.6 25863.5 25533.4 25196.9 24866.8 24536.7 24206.7 23876.6 23540.1 23210 22918.7 23106.4 23436.5 23773 24103.1 24433.2 24763.3 25093.3 25429.9 25760 26090 26420.1 26750.2 27086.7 27416.8 27746.9 28077 28407 28743.6 29073.7 29403.7 29733.8 30063.9 30400.4 30730.5 31054.4 31277.3 31258.4 30990.4 30660.3 30330.2 30000.2 29670.1 29333.5 29003.5 28673.4 28343.3 28013.2 27676.7 27346.6 27327.2 27657.3 27967.6 27571.1 26774.3 25977.4 25180.5 24383.7 23571.2 22774.3 21977.4 21180.5
28804.7 28667.1 28380.3 28050.3 27713.7 27383.6 27053.6 26723.5 26393.4 26056.9 25726.8 25396.7 25066.6 24736.6 24400 24069.9 23739.9 23409.8 23079.7 22743.2 22413.1 22121.9 22309.5 22639.6 22976.2 23306.2 23636.3 23966.4 24296.5 24633 24963.1 25293.2 25623.2 25953.3 26289.9 26619.9 26950 27280.1 27610.2 27946.7 28276.8 28606.9 28936.9 29267 29603.6 29933.6 30263.7 30593.8 30923.9 31364 31448.2 31127.1 30797 30467 30130.4 29800.3 29470.3 29140.2 28810.1 28473.6 28143.5 28124.1 28454.2 28597.6 27901.2 27104.3 26307.5 25510.6 24713.7 23901.2 23104.4 22307.5 21510.6
28228 27897.9 27567.8 27237.8 26901.2 26571.1 26241.1 25911 25580.9 25244.4 24914.3 24584.2 24254.1 23924.1 23587.5 23257.4 22927.4 22597.3 22267.2 21930.7 21600.6 21309.4 21497 21827.1 22163.7 22493.7 22823.8 23153.9 23484 23820.5 24150.6 24453.5 24806.4 25140.8 25477.4 25807.4 26137.5 26467.6 26797.7 27134.2 27464.3 27794.4 28124.4 28454.5 28791.1 29121.1 29451.2 29783.6 30280.7 31070.3 31811.5 31925.1 31609.5 31279.5 30942.9 30612.8 30282.8 29952.7 29622.6 29286.1 28956 28936.6 29263.3 29042.1 28237.8 27440.9 26644 25847.2 25050.3 24237.8 23440.9 22644 21847.2
27431.1 27101.1 26771 26440.9 26104.3 25774.3 25444.2 25114.1 24784 24447.5 24117.4 23787.3 23457.3 23127.2 22790.6 22460.6 22130.5 21800.4 21470.3 21133.8 20803.7 20512.5 20700.2 21030.2 21366.8 21696.9 22026.9 22357 22687.1 23023.6 23353.7 23683.8 24013.1 24343.9 24680.5 25010.6 25340.6 25670.7 26000.8 26337.3 26667.4 26997.5 27327.6 27657.7 27994.2 28324.3 28657.8 29157.2 29927.7 30740.2 31537.1 32273.7 32390.1 32076.3 31739.8 31409.7 31079.6 30749.6 30419.5 30082.9 29752.9 29733.5 29956.9 29380.3 28567.8 27771 26974.1 26177.2 25380.4 24567.9 23771 22974.1 22199
26634.3 26304.2 25974.1 25644 25307.5 24977.4 24647.3 24317.2 23987.2 23650.6 23320.5 22990.5 22660.4 22330.3 21993.8 21663.7 21333.6 21003.5 20673.5 20336.9 20006.9 19715.6 19903.3 20233.4 20569.9 20900 21230.1 21560.1 21890.2 22226.8 22556.8 22886.9 23217 23547.1 23883.6 24213.7 24543.8 24873.8 25203.9 25540.5 25870.5 26200.6 26530.7 26860.8 27197.3 27530.8 28031.4 28800.8 29597.7 30410.2 31207 32003.9 32740.5 32858.7 32536.7 32206.6 31876.5 31546.4 31216.4 30879.8 30549.7 30530.3 30470.4 29710.4 28897.9 28101 27304.2 26507.3 25710.4 24897.9 24101.1 23326.5 22731
25837.4 25507.3 25177.2 24847.2 24510.6 24180.5 23850.5 23520.4 23190.3 22853.8 22523.7 22193.6 21863.5 21533.4 21196.9 20866.8 20536.7 20206.7 19876.6 19540.1 19210 18918.7 19106.4 19436.5 19773 20103.1 20433.2 20763.3 21093.3 21429.9 21760 22090 22420.1 22750.2 23086.7 23416.8 23746.9 24077 24407.1 24743.6 25073.7 25403.8 25733.8 26063.9 26402.7 26903.3 27673.8 28470.7 29267.6 30080.1 30877 31673.8 32470.7 33211.9 33324.5 33003.5 32673.4 32343.3 32013.2 31676.7 31346.6 31279.9 30837 30040.5 29228 28431.1 27634.3 26837.4 26040.5 25228 24452.9 23857.9 23478.1
25040.5 24710.4 24380.4 24050.3 23713.7 23383.7 23053.6 22723.5 22393.4 22056.9 21726.8 21396.7 21066.6 20736.6 20400 20069.9 19739.9 19409.8 19079.7 18743.2 18413.1 18121.9 18309.5 18639.6 18976.2 19306.2 19636.3 19966.4 20296.5 20633 20963.1 21293.2 21623.2 21953.3 22289.9 22619.9 22950 23280.1 23610.2 23946.7 24276.8 24606.9 24937 25267 25772.9 26546.9 27343.8 28140.6 28937.5 29750 30546.9 31343.8 32140.6 32937.5 33690.6 33791.3 33470.3 33140.2 32810.1 32473.6 32143.5 31875 31167.4 30370.6 29558.1 28761.2 27964.3 27167.5 26370.6 25578.1 24982.6 24605 24275
24246.9 23897.9 23567.9 23237.8 22901.2 22571.2 22241.1 21911 21580.9 21244.4 20914.3 20584.2 20254.2 19924.1 19587.5 19257.5 18927.4 18597.3 18267.2 17930.7 17600.6 17309.4 17497 17827.1 18163.7 18493.7 18823.8 19153.9 19484 19820.5 20150.6 20480.7 20810.7 21140.8 21477.4 21807.4 22137.5 22467.6 22797.7 23134.2 23464.3 23794.4 24126.7 24623.9 25413.5 26210.4 27007.2 27804.1 28601 29413.5 30210.3 31007.2 31804.1 32601 33413.5 34154.6 34268.3 33952.7 33622.6 33286.1 32925.7 32297.4 31504 30707.1 29894.6 29097.8 28300.9 27504 26727.2 26120.6 25747.6 25417.5 25087.5
23728.6 23122.2 22771 22440.9 22104.4 21774.3 21444.2 21114.1 20784.1 20447.5 20117.4 19787.4 19457.3 19127.2 18790.7 18460.6 18130.5 17800.4 17470.3 17133.8 16803.7 16512.5 16700.2 17030.3 17366.8 17696.9 18026.9 18357 18687.1 19023.6 19353.7 19683.8 20013.9 20344 20680.5 21010.6 21340.7 21670.7 22000.8 22337.4 22667.4 23000.9 23500.3 24270.9 25083.4 25880.3 26677.1 27474 28270.9 29083.4 29880.3 30677.1 31474 32270.9 33083.4 33880.3 34616.8 34733.2 34419.5 34052.7 33424.1 32630.9 31834.1 31037.2 30224.7 29427.8 28631 27855.8 27258.6 26874.6 26544.5 26214.4 25884.3
23394 22602.2 21995.3 21644 21307.5 20977.4 20647.3 20317.3 19987.2 19650.6 19320.6 18990.5 18660.4 18330.3 17993.8 17663.7 17333.6 17003.6 16673.5 16336.9 16006.9 15715.6 15903.3 16233.4 16569.9 16900 17230.1 17560.1 17890.2 18226.8 18556.8 18886.9 19217 19547.1 19883.6 20213.7 20543.8 20873.9 21203.9 21540.5 21874 22374.5 23144 23940.8 24753.3 25550.2 26347.1 27143.9 27940.8 28753.3 29550.2 30347.1 31143.9 31940.8 32753.3 33550.2 34347.1 35083.6 35174.6 34551.3 33757.9 32961 32164.1 31367.3 30554.8 29757.9 28983.3 28387.8 28008 27671.4 27341.4 27011.3 26681.2
23063.9 22267 21474.7 20866 20510.6 20180.5 19850.5 19520.4 19190.3 18853.8 18523.7 18193.6 17863.5 17533.5 17196.9 16866.8 16536.8 16206.7 15876.6 15540.1 15210 14918.7 15106.4 15436.5 15773 16103.1 16433.2 16763.3 17093.4 17429.9 17760 18090.1 18420.1 18750.2 19086.8 19416.8 19746.9 20077 20407.1 20745.9 21246.4 22017 22813.9 23610.8 24423.2 25220.1 26017 26813.9 27610.7 28423.2 29220.1 30017 30813.9 31610.7 32423.2 33220.1 34017 34813.9 35437.8 34884.8 34088 33291.1 32494.2 31697.3 30884.9 30109.7 29514.8 29134.9 28804.9 28468.3 28138.2 27808.2 27478.1
22733.8 21936.9 21140.1 20346 19728 19383.7 19053.6 18723.5 18393.4 18056.9 17726.8 17396.7 17066.7 16736.6 16400 16070 15739.9 15409.8 15079.7 14743.2 14413.1 14121.9 14309.5 14639.6 14976.2 15306.2 15636.3 15966.4 16296.5 16633 16963.1 17293.2 17623.3 17953.3 18289.9 18620 18950 19280.1 19610.2 20116.1 20890.1 21686.9 22483.8 23280.7 24093.2 24890 25686.9 26483.8 27280.7 28093.2 28890 29686.9 30483.8 31280.7 32093.2 32890 33686.9 34483.8 35276.7 35214.9 34418 33621.2 32824.3 32027.4 31235 30639.4 30261.9 29931.8 29601.7 29265.2 28935.1 28605 28275
22397.3 21600.4 20803.5 20006.6 19230.8 18590 18241.1 17911 17580.9 17244.4 16914.3 16584.2 16254.2 15924.1 15587.5 15257.5 14927.4 14597.3 14267.2 13930.7 13600.6 13309.4 13497 13827.1 14163.7 14493.7 14823.8 15153.9 15484 15820.5 16150.6 16480.7 16810.8 17140.8 17477.4 17807.5 18137.5 18469.9 18967 19756.6 20553.5 21350.4 22147.3 22944.1 23756.6 24553.5 25350.4 26147.2 26944.1 27756.6 28553.5 29350.4 30147.2 30944.1 31756.6 32553.5 33350.4 34147.2 34944.1 35431.2 34754.6 33957.7 33160.9 32384 31777.4 31404.5 31074.4 30744.3 30414.2 30077.7 29747.6 29417.5 29087.4
22067.2 21270.3 20473.4 19676.6 18864.1 18071.8 17465.4 17114.1 16784.1 16447.5 16117.4 15787.4 15457.3 15127.2 14790.7 14460.6 14130.5 13800.4 13470.4 13133.8 12803.7 12512.5 12700.2 13030.3 13366.8 13696.9 14027 14357 14687.1 15023.7 15353.7 15683.8 16013.9 16344 16680.5 17010.6 17344.1 17843.5 18614.1 19426.6 20223.4 21020.3 21817.2 22614 23426.5 24223.4 25020.3 25817.2 26614 27426.5 28223.4 29020.3 29817.2 30614 31426.5 32223.4 33020.3 33817.2 34614 35371.9 35084.7 34287.8 33512.7 32915.4 32531.4 32201.3 31871.3 31541.2 31211.1 30874.6 30544.5 30214.4 29884.3
21737.1 20940.2 20143.4 19346.5 18534 17737.1 16964.9 16336.7 15987.2 15650.6 15320.6 14990.5 14660.4 14330.3 13993.8 13663.7 13333.6 13003.6 12673.5 12336.9 12006.9 11715.6 11903.3 12233.4 12569.9 12900 13230.1 13560.2 13890.2 14226.8 14556.9 14886.9 15217 15547.1 15883.6 16217.1 16717.7 17487.1 18284 19096.5 19893.4 20690.2 21487.1 22284 23096.5 23893.3 24690.2 25487.1 26284 27096.5 27893.3 28690.2 29487.1 30284 31096.5 31893.3 32690.2 33487.1 34284 35094.9 35364.1 34640.2 34044.7 33664.8 33328.3 32998.2 32668.1 32338.1 32008 31671.4 31341.3 31011.3 30681.2
21407 20610.2 19813.3 19016.4 18203.9 17407 16615 15808.5 15209.2 14853.8 14523.7 14193.6 13863.5 13533.5 13196.9 12866.8 12536.8 12206.7 11876.6 11540.1 11210 10918.7 11106.4 11436.5 11773 12103.1 12433.2 12763.3 13093.4 13429.9 13760 14090.1 14420.1 14750.2 15089.1 15589.6 16360.2 17157 17953.9 18766.4 19563.3 20360.2 21157 21953.9 22766.4 23563.3 24360.1 25157 25953.9 26766.4 27563.3 28360.1 29157 29953.9 30766.4 31563.3 32360.1 33157 33953.9 34766.4 35431.1 35171.6 34791.8 34461.7 34125.2 33795.1 33465 33134.9 32804.8 32468.3 32138.2 31808.1 31478.1
21058.7 20280.1 19483.2 18686.3 17873.8 17077 16280.1 15483.2 14689.2 14071.2 13726.8 13396.7 13066.7 12736.6 12400 12070 11739.9 11409.8 11079.7 10743.2 10413.1 10121.9 10309.5 10639.6 10976.2 11306.2 11636.3 11966.4 12296.5 12633 12963.1 13293.2 13623.3 13953.3 14459.2 15233.2 16030.1 16827 17623.8 18436.3 19233.2 20030.1 20826.9 21623.8 22436.3 23233.2 24030.1 24826.9 25623.8 26436.3 27233.2 28030.1 28826.9 29623.8 30436.3 31233.2 32030.1 32826.9 33623.8 34436.3 35231.3 35770.7 35588.7 35258.6 34922 34592 34261.9 33931.8 33601.7 33265.2 32935.1 32605 32274.9
20740.4 19943.5 19146.7 18349.8 17537.3 16745.3 15941.4 15146.7 14349.8 13540.1 12933.2 12584.2 12254.2 11924.1 11587.5 11257.5 10927.4 10597.3 10267.2 9930.68 9600.6 9309.36 9497.05 9827.13 10163.7 10493.7 10823.8 11153.9 11484 11820.5 12150.6 12480.7 12813 13310.2 14099.8 14896.7 15693.5 16490.4 17287.3 18099.8 18896.7 19693.5 20490.4 21287.3 22099.8 22896.6 23693.5 24490.4 25287.3 26099.8 26896.6 27693.5 28490.4 29287.3 30099.8 30896.6 31693.5 32490.4 33287.3 34099.8 34896.6 35693.5 36244.4 36070.7 35734.5 35404.5 35074.4 34744.3 34414.2 34077.7 33747.6 33417.5 33078.6
20410.3 19613.4 18816.6 18019.7 17207.2 16419.6 15588.3 14816.6 14019.7 13207.2 12414.9 11808.5 11457.3 11127.2 10790.7 10460.6 10130.5 9800.43 9470.35 9133.8 8803.73 8512.48 8700.17 9030.25 9366.8 9696.87 10027 10357 10687.1 11023.7 11353.7 11687.2 12186.6 12957.2 13769.7 14566.6 15363.5 16160.3 16957.2 17769.7 18566.6 19363.4 20160.3 20957.2 21769.7 22566.6 23363.4 24160.3 24957.2 25769.7 26566.6 27363.4 28160.3 28957.2 29769.7 30566.6 31363.4 32160.3 32957.2 33769.7 34566.6 35363.4 36160.3 36711.2 36531.4 36201.3 35871.3 35541.2 35211.1 34874.5 34544.5 34189.7 33795.9
20080.2 19283.4 18486.5 17689.6 16877.1 16080.3 15283.4 14486.5 13689.6 12877.1 12080.3 11288.5 10681.6 10330.3 9993.78 9663.71 9333.63 9003.55 8673.48 8336.93 8006.85 7715.61 7903.3 8233.38 8569.92 8900 9230.08 9560.15 9890.23 10226.8 10560.3 11060.8 11830.3 12627.1 13439.6 14236.5 15033.4 15830.3 16627.1 17439.6 18236.5 19033.4 19830.2 20627.1 21439.6 22236.5 23033.4 23830.2 24627.1 25439.6 26236.5 27033.4 27830.2 28627.1 29439.6 30236.5 31033.4 31830.2 32627.1 33439.6 34236.5 35033.4 35830.2 36627.1 37180.2 36998.2 36668.1 36338.1 36008 35671.4 35318 34847.9 -9999
19750.2 18953.3 18156.4 17359.5 16547.1 15750.2 14953.3 14156.4 13359.6 12547.1 11750.2 10953.3 10161 9552.33 9196.91 8866.83 8536.75 8206.68 7876.6 7540.05 7209.98 6918.73 7106.42 7436.5 7773.05 8103.12 8433.2 8763.28 9093.35 9432.19 9932.74 10703.3 11500.2 12297.1 13109.6 13906.4 14703.3 15500.2 16297.1 17109.5 17906.4 18703.3 19500.2 20297 21109.5 21906.4 22703.3 23500.2 24297 25109.5 25906.4 26703.3 27500.2 28297 29109.5 29906.4 30703.3 31500.2 32297 33109.5 33906.4 34703.3 35500.2 36297 37107.6 37643.8 37465 37134.9 36804.8 36446.5 35956.6 -9999 -9999
19420.1 18623.2 17826.3 17029.5 16217 15420.1 14623.2 13826.3 13029.5 12217 11420.1 10623.2 9826.35 9032.33 8414.33 8069.96 7739.88 7409.8 7079.73 6743.18 6413.1 6096.78 6309.55 6639.63 6976.17 7306.25 7636.33 7966.4 8296.48 8802.36 9576.35 10373.2 11170.1 11967 12779.5 13576.3 14373.2 15170.1 15967 16779.5 17576.3 18373.2 19170.1 19967 20779.5 21576.3 22373.2 23170.1 23967 24779.5 25576.3 26373.2 27170.1 27967 28779.5 29576.3 30373.2 31170.1 31967 32779.5 33576.3 34373.2 35170.1 35967 36779.5 37574.4 38113.8 37931.8 37601.7 37076.7 -9999 -9999 -9999
19083.5 18286.7 17489.8 16692.9 15880.4 15083.5 14286.7 13489.8 12692.9 11880.4 11083.6 10286.7 9489.8 8692.93 7883.29 7276.33 6927.38 6597.3 6267.23 5930.68 5600.6 5309.36 5497.05 5827.13 6163.67 6493.75 6823.83 7156.19 7653.31 8442.92 9239.8 10036.7 10833.6 11630.4 12442.9 13239.8 14036.7 14833.5 15630.4 16442.9 17239.8 18036.7 18833.5 19630.4 20442.9 21239.8 22036.7 22833.5 23630.4 24442.9 25239.8 26036.7 26833.5 27630.4 28442.9 29239.8 30036.7 30833.5 31630.4 32442.9 33239.8 34036.7 34833.5 35630.4 36442.9 37239.8 38036.7 38587.5 38407.1 -9999 -9999 -9999 -9999
18753.5 17956.6 17159.7 16362.8 15550.3 14753.5 13956.6 13159.7 12362.8 11550.3 10753.5 9956.6 9159.72 8362.85 7550.35 6758.05 6151.67 5800.43 5470.35 5133.8 4803.73 4512.48 4700.17 5030.25 5366.8 5696.88 6030.38 6529.79 7300.35 8112.85 8909.72 9706.6 10503.5 11300.3 12112.8 12909.7 13706.6 14503.5 15300.3 16112.8 16909.7 17706.6 18503.5 19300.3 20112.8 20909.7 21706.6 22503.5 23300.3 24112.8 24909.7 25706.6 26503.5 27300.3 28112.8 28909.7 29706.6 30503.5 31300.3 32112.8 32909.7 33706.6 34503.5 35300.3 36112.8 36909.7 37706.6 38478.7 38910 -9999 -9999 -9999 -9999
18423.4 17626.5 16829.6 16032.8 15220.3 14423.4 13626.5 12829.6 12032.8 11220.3 10423.4 9626.52 8829.65 8032.77 7220.27 6423.4 5631.67 5024.72 4673.48 4336.93 4006.85 3715.61 3903.3 4233.38 4569.92 4903.43 5403.98 6173.4 6970.27 7782.77 8579.65 9376.52 10173.4 10970.3 11782.8 12579.6 13376.5 14173.4 14970.3 15782.8 16579.6 17376.5 18173.4 18970.3 19782.8 20579.6 21376.5 22173.4 22970.3 23782.8 24579.6 25376.5 26173.4 26970.3 27782.8 28579.6 29376.5 30173.4 30970.3 31782.8 32579.6 33376.5 34173.4 34970.3 35782.8 36579.6 37376.5 37930.1 -9999 -9999 -9999 -9999 -9999
18093.3 17296.4 16499.6 15702.7 14890.2 14093.3 13296.4 12499.6 11702.7 10890.2 10093.3 9296.45 8499.57 7702.7 6898.12 6059.48 5296.45 4504.15 3895.48 3540.05 3209.98 2918.73 3106.42 3436.5 3775.34 4275.89 5046.45 5843.32 6640.2 7452.7 8249.57 9046.45 9843.32 10640.2 11452.7 12249.6 13046.4 13843.3 14640.2 15452.7 16249.6 17046.4 17843.3 18640.2 19452.7 20249.6 21046.4 21843.3 22640.2 23452.7 24249.6 25046.4 25843.3 26640.2 27452.7 28249.6 29046.4 29843.3 30640.2 31452.7 32249.6 33046.4 33843.3 34640.2 35452.7 36249.6 37046.4 37522.6 -9999 -9999 -9999 -9999 -9999
17763.2 16966.4 16169.5 15372.6 14560.1 13763.2 12966.4 12169.5 11372.6 10560.1 9763.25 8966.37 8169.5 7372.62 6560.12 5763.25 4966.37 4169.5 3375.48 2757.48 2413.1 2121.86 2309.55 2639.63 3145.5 3919.5 4716.37 5513.25 6310.12 7122.62 7919.5 8716.37 9513.25 10310.1 11122.6 11919.5 12716.4 13513.2 14310.1 15122.6 15919.5 16716.4 17513.2 18310.1 19122.6 19919.5 20716.4 21513.2 22310.1 23122.6 23919.5 24716.4 25513.2 26310.1 27122.6 27919.5 28716.4 29513.2 30310.1 31122.6 31919.5 32716.4 33513.2 34310.1 35122.6 35919.5 36716.4 37091.4 -9999 -9999 -9999 -9999 -9999
17443.3 16605.7 15832.9 15036.1 14223.6 13426.7 12629.8 11832.9 11036.1 10223.6 9426.7 8629.82 7832.95 7036.07 6223.57 5426.7 4629.82 3832.95 3036.07 2226.43 1619.48 1309.36 1499.34 1996.45 2815.11 3582.95 4379.82 5176.7 5973.57 6786.07 7582.95 8379.82 9176.7 9973.57 10786.1 11582.9 12379.8 13176.7 13973.6 14786.1 15582.9 16379.8 17176.7 17973.6 18786.1 19582.9 20379.8 21176.7 21973.6 22786.1 23582.9 24379.8 25176.7 25973.6 26786.1 27582.9 28379.8 29176.7 29973.6 30786.1 31582.9 32379.8 33176.7 33973.6 34786.1 35582.9 36379.8 36754.8 -9999 -9999 -9999 -9999 -9999
17096.6 16299.7 15502.9 14706 13893.5 13096.6 12299.7 11502.9 10706 9893.5 9096.62 8299.75 7502.87 6706 5893.5 5096.62 4299.75 3502.87 2706 1893.5 1101.2 537.083 872.936 1643.5 2456 3252.87 4049.75 4846.62 5643.5 6456 7252.87 8049.75 8846.62 9643.5 10456 11252.9 12049.7 12846.6 13643.5 14456 15252.9 16049.7 16846.6 17643.5 18456 19252.9 20049.7 20846.6 21643.5 22456 23252.9 24049.7 24846.6 25643.5 26456 27252.9 28049.7 28846.6 29643.5 30456 31252.9 32049.7 32846.6 33643.5 34456 35252.9 36049.7 36442.7 -9999 -9999 -9999 -9999 -9999
17077.2 16280.3 15483.5 14686.6 13874.1 13077.2 12280.3 11483.5 10686.6 9874.08 9077.21 8280.33 7483.45 6686.58 5874.08 5077.21 4280.33 3483.46 2686.58 1874.08 1080.64 498.216 848.371 1624.08 2426.21 3256.87 4030.33 4827.2 5624.08 6436.58 7233.46 8030.33 8827.21 9624.08 10436.6 11233.5 12030.3 12827.2 13624.1 14436.6 15233.5 16030.3 16827.2 17624.1 18436.6 19233.5 20030.3 20827.2 21624.1 22436.6 23233.5 24030.3 24827.2 25624.1 26436.6 27233.5 28030.3 28827.2 29624.1 30436.6 31233.5 32030.3 32827.2 33624.1 34436.6 35233.5 36030.3 36698.1 37310.7 -9999 -9999 -9999 -9999
17407.3 16610.4 15813.5 15016.7 14204.2 13407.3 12610.4 11813.5 11016.7 10204.2 9407.28 8610.41 7813.53 7016.66 6204.16 5407.28 4610.41 3813.53 3016.66 2206.44 1580.04 1262.48 1454.75 1973.03 2766.66 3563.53 4360.41 5157.28 5954.16 6766.66 7563.53 8360.41 9157.28 9954.16 10766.7 11563.5 12360.4 13157.3 13954.2 14766.7 15563.5 16360.4 17157.3 17954.2 18766.7 19563.5 20360.4 21157.3 21954.2 22766.7 23563.5 24360.4 25157.3 25954.2 26766.7 27563.5 28360.4 29157.3 29954.2 30766.7 31563.5 32360.4 33157.3 33954.2 34766.7 35563.5 36360.4 37157.3 37594.4 -9999 -9999 -9999 -9999
17737.4 16940.5 16143.6 15346.7 14534.2 13737.4 12940.5 12143.6 11346.7 10534.2 9737.36 8940.48 8143.61 7346.73 6534.23 5737.36 4940.48 4143.61 3346.73 2703.56 2350.6 2059.36 2247.05 2579.99 3145.86 3911.54 4690.48 5487.36 6284.23 7096.73 7893.61 8690.48 9487.36 10284.2 11096.7 11893.6 12690.5 13487.4 14284.2 15096.7 15893.6 16690.5 17487.4 18284.2 19096.7 19893.6 20690.5 21487.4 22284.2 23096.7 23893.6 24690.5 25487.4 26284.2 27096.7 27893.6 28690.5 29487.4 30284.2 31096.7 31893.6 32690.5 33487.4 34284.2 35096.7 35893.6 36690.5 37467.2 37856.7 -9999 -9999 -9999 -9999
