public/models/data/input/map/sulut/800/mapdroad.asc
NCOLS 310
NROWS 227
XLLCORNER 510063.019283
YLLCORNER 210717.685435
CELLSIZE 800.000000
NODATA_VALUE       -9999
[rows 165 to 197 of 227, columns 146 to 218 of 310]
2936.5 3726.21 4329.8 4680.68 5017.23 5348.45 5754.07 5968.75 6162.91 6378.18 5967.61 5226.84 4431.68 3634.8 2822.3 2025.43 1228.55 482.591 108.745 74.2188 42.0616 189.661 155.412 209.961 122.417 156.597 336.909 1035.3 1590.23 1791.91 1391.39 945.161 658.911 324.532 71.3585 108.398 223.003 402.073 612.199 1134.31 1337.21 1640.36 1865.39 2182.52 2351.52 2417.16 2656.32 2223.67 1489.73 1065.83 1105.81 1566.31 2323.14 3120.02 3932.52 4729.39 5526.27 6323.14 7061.38 6793.02 6405.74 6075.67 5745.59 5385.67 4977.52 4849.7 4976.06 4853.55 -9999 -9999 -9999 -9999 -9999
2604.81 3207.02 3553.73 3883.8 4221.5 4631.68 5057.7 5171.88 5366.04 5582.49 5303.73 4960.53 4501.79 3725.87 2913.37 2116.5 1319.62 542.456 79.1016 64.4531 170.199 169.431 107.728 294.749 185.894 112.305 106.445 467.799 1145.78 1926.16 2059 1733.46 1415.91 1045.5 678.557 546.535 171.217 148.016 298.349 1070.08 1825.27 2375.39 2631.61 2956.09 3145.05 3129.26 2702.27 1912.26 1115.39 376.527 470.971 1222.08 2018.96 2815.83 3628.33 4425.21 5222.08 6018.96 6815.83 7391.79 7202.62 6872.54 6542.46 6315.86 5457.11 5522.03 5596 -9999 -9999 -9999 -9999 -9999 -9999
2229.88 2446.19 2756.85 3086.93 3505.13 3952.75 4369.39 4375 4569.16 4785.61 4506.85 4196.19 4183.87 3602.44 2789.94 1993.07 1196.19 415.283 61.5234 449.566 625 517.157 227.51 397.48 201.727 92.7734 181.011 284.747 1039.94 1852.44 2573.07 2526.5 2171.34 1806.01 1469.15 1092.19 406.061 137.193 290.872 1039.23 1713.84 2133.88 2470.82 2920.79 3293.46 3336.23 2676.78 1879.9 1083.03 308.728 354.406 1144.42 1941.29 2738.17 3550.67 4347.54 5144.42 5941.29 6738.17 7546.65 7945.22 7631.91 7326.15 7017.26 -9999 -9999 -9999 -9999 -9999 -9999 -9999 -9999 -9999
1578.13 1649.32 1959.98 2370.63 2824.99 3346.45 3692.4 3578.13 3772.29 3988.74 3709.98 3399.32 3487.71 3358.23 2666.77 1871.86 1074.98 310.432 107.422 531.25 1136.72 625 218.75 612.359 182.404 181.988 70.3125 515.084 1297.53 2110.03 2904.61 3267.63 2933.13 2590.94 2031.54 1256.01 492.889 143.832 259.414 653.434 1094.26 1343.87 1815.25 2319.04 2525.43 2794.78 2588.42 1841.07 1044.19 252.231 328.125 1125 1921.88 2718.75 3531.25 4328.13 5125 5921.88 6718.75 7531.25 8258.04 8263.79 8001.88 7804.63 -9999 -9999 -9999 -9999 -9999 -9999 -9999 -9999 -9999
781.25 852.443 1243.68 1688.54 2219.51 2795.07 2917.16 2781.25 2975.41 3191.86 2913.1 2602.44 2690.83 2643.96 2291.94 1643.45 881.472 187.402 141.602 546.449 1162.58 730.662 209.609 300.707 312.351 121.094 184.779 843.898 1615.3 2426.97 3223.84 3879.75 3717.89 3167.95 2370.02 1604.61 1097.11 637.606 269.249 211.967 403.437 687.724 1278.66 1595.26 1728.55 2000.19 2154.21 1849.04 1063.61 283.897 371.927 1157.36 1954.24 2751.11 3563.61 4360.49 5157.36 5954.24 6751.11 7563.61 8319.44 8750 -9999 -9999 -9999 -9999 -9999 -9999 -9999 -9999 -9999 -9999 -9999
122.07 168.732 553.847 1070.81 1749.12 2027 2104.66 1968.75 2162.91 2387.25 2100.6 1789.94 1878.33 1831.46 1562.48 1192.17 627.165 120.256 95.7725 234.717 776.864 1131.74 614.19 131.276 102.539 139.787 499.437 1151.65 1938.8 2751.3 3548.18 4333.53 4301.85 3519.07 2739.58 2236.66 1778.2 1344.38 785.624 299.17 65.4991 200.612 681.824 832.78 916.891 1188.53 1374.08 1676.55 1193.05 417.121 328.125 1125 1921.88 2718.75 3531.25 4328.13 5125 5921.88 6718.75 7515.63 8267.86 -9999 -9999 -9999 -9999 -9999 -9999 -9999 -9999 -9999 -9999 -9999 -9999
104.631 173.684 92.4096 681.018 1034.58 1230.12 1307.79 1171.88 1366.04 1686.66 1359.61 993.068 1081.46 1034.58 770.632 571.303 167.923 378.267 554.967 217.421 318.031 1015.54 940.228 238.947 178.081 277.073 987.126 1626.56 2278.6 3081.38 3878.25 4675.13 4643.8 3880.61 3363.61 2905.56 2469.38 1914.29 1410.78 1016.09 643.262 176.394 349.535 301.614 237.149 501.117 644.708 1241.2 979.616 297.708 371.927 1157.36 1954.24 2751.11 3563.61 4360.49 5157.36 5954.24 6751.11 7250 -9999 -9999 -9999 -9999 -9999 -9999 -9999 -9999 -9999 -9999 -9999 -9999 -9999
407.719 682.576 222.692 173.06 286.128 444.51 530.218 375 640.323 995.226 750.095 269.971 324.214 286.128 169.39 206.026 398.954 953.641 1242.17 634.983 150.501 697.701 1026.25 415.85 129.213 628.049 1369.64 2114.08 2753.34 3420.03 4208.33 5005.2 5007.63 4500.06 4032.1 3596.33 3041.82 2538.54 2150.35 1763.91 1191.63 529.837 119.615 148.993 28.5573 236.299 355.117 659.383 487.706 133.021 371.927 1157.36 1954.24 2751.11 3563.61 4360.49 5157.36 5954.24 6644.58 -9999 -9999 -9999 -9999 -9999 -9999 -9999 -9999 -9999 -9999 -9999 -9999 -9999 -9999
818.79 1011.4 536.805 76.2413 147.739 212.22 126.896 274.629 141.405 274.687 136.719 180.145 254.265 413.375 630.763 873.535 1080.64 1521.15 1516.97 730.019 135.211 597.867 689.237 141.642 535.431 1136.17 1750.15 2496.59 3242.17 3892.55 4547.56 5335.28 5609.75 5167.51 4725.24 4168.2 3665.49 3277.3 2901.1 2318.58 1651.13 997.256 645.244 429.491 413.375 174.02 86.0763 112.443 121.51 205.772 415.728 1189.72 1986.6 2783.47 3595.97 4392.85 5189.72 5892.13 6458.33 -9999 -9999 -9999 -9999 -9999 -9999 -9999 -9999 -9999 -9999 -9999 -9999 -9999 -9999
980.954 657.372 173.799 211.979 732.184 937.878 757.583 881.304 426.245 362.716 468.75 664.696 984.7 1196.19 1416.05 1668.73 1874.08 2167.68 1725.41 932.935 292.473 231.637 340.827 260.807 971.322 1662.38 2263.12 2876.29 3623.54 4383.34 5019.5 5673.94 6199.98 5863.4 5293.43 4791.63 4404.25 4028.05 3457.72 2779.29 2121.11 1727.63 1431.68 1225.22 1150.63 775.447 388.384 78.125 237.439 372.135 517.633 1254.44 2051.32 2848.19 3660.69 4457.57 5254.44 5816.22 -9999 -9999 -9999 -9999 -9999 -9999 -9999 -9999 -9999 -9999 -9999 -9999 -9999 -9999 -9999
499.564 229.492 154.574 625.957 1266 1705.3 1570.08 1522.7 1147.75 1143.96 1281.25 1436.58 1756.66 2008.69 2228.55 2476.42 2652.38 2508.27 1806.91 1117.64 379.11 190.008 143.358 590.789 1354.85 2106.16 2798.02 3399.98 4011.53 4772.59 5518.17 6156.29 6723.12 6442.48 5931.75 5545.99 5166.86 4594.58 3928.34 3257.49 2870.21 2540.13 2244.18 2037.72 1909.39 1505.35 896.311 527.339 217.115 165.513 492.103 1241.5 2038.37 2835.25 3647.75 4444.62 5234.75 5727.44 -9999 -9999 -9999 -9999 -9999 -9999 -9999 -9999 -9999 -9999 -9999 -9999 -9999 -9999 -9999
157.169 354.176 88.8097 482.838 1294.19 2069.61 2355.03 2272.48 1944.62 1940.83 2078.13 2233.46 2553.54 2761.11 2755.24 2583.68 2457.57 2154.49 1423.99 687.684 157.169 288.416 228.597 929.165 1715.19 2479.17 3233.11 3924.57 4526.93 5152.29 5899.54 6643.98 7236.93 7067.63 6672.94 6292.83 5721.53 5054.08 4397.11 3997.16 3667.08 3337.01 3041.05 2834.6 2632.3 2024.81 1585 1207.05 873.43 834.597 1089.33 1621.34 2368.45 3165.32 3977.82 4774.7 5329.36 -9999 -9999 -9999 -9999 -9999 -9999 -9999 -9999 -9999 -9999 -9999 -9999 -9999 -9999 -9999 -9999
430.163 859.352 686.681 859.207 1540.13 2337.01 3028.39 3069.35 2741.5 2737.71 2875 3030.33 3214.1 2710.29 2138.4 1799.75 1664.71 1473.21 1032.81 323.376 270.266 205.731 483.511 1231.49 2040.13 2833.97 3606.05 4360.06 5051.93 5666.07 6280.05 7026.49 7757.99 7805.99 7420.76 6848.48 6180.62 5527.16 5130.58 4794.04 4463.96 4133.88 3837.93 3612.26 3150.21 2711.95 2329.6 1968.02 1670.3 1631.47 1864.47 2216.85 2748.29 3495.4 4307.9 5104.77 5906.09 6769.82 7494.69 8181.98 -9999 -9999 -9999 -9999 -9999 -9999 -9999 -9999 -9999 -9999 -9999 -9999 -9999
1064.34 1520.78 1480.12 1616.04 1996.06 2667.08 3462.54 3838.62 3538.37 3534.58 3671.88 3684.51 3167.91 2374.27 1572.64 1012.02 887.305 729.41 384.703 149.426 409.314 167.674 754.337 1544.17 2354.66 3151.54 3946.41 4730.43 5487.01 6192.28 6793.02 7407 8153.45 8526.77 7975.43 7307.98 6654.11 6257.54 5927.46 5590.91 5260.83 4930.76 4634.34 4252.36 3839.57 3456.21 3094.97 2764.9 2467.18 2428.35 2661.34 2991.42 3343.23 3872.96 4637.98 5434.85 6231.73 7028.6 7831.31 8389.09 -9999 -9999 -9999 -9999 -9999 -9999 -9999 -9999 -9999 -9999 -9999 -9999 -9999
1513.73 2186.32 2277 2412.91 2749.46 3123.01 3794.04 4469.67 4335.25 4279.52 4161.5 3662.4 2905.79 2108.92 1296.42 516.13 192.297 179.491 30.2734 128.681 177.885 311.236 1016.61 1813.15 2625.65 3422.53 4219.4 5016.02 5811.01 6615.65 7318.42 7919.98 8533.14 8996.44 8436.14 7777.96 7384.49 7054.41 6724.33 6387.79 6057.71 5727.63 5355.66 4974.91 4582.16 4221.92 3891.85 3561.77 3264.05 3225.22 3458.22 3788.29 4118.37 4468.47 5010.96 5764.93 6561.8 7358.68 8155.55 8686.8 -9999 -9999 -9999 -9999 -9999 -9999 -9999 -9999 -9999 -9999 -9999 -9999 -9999
1984.26 2649.71 3050.7 3225.41 3561.96 3892.04 4262.16 4780.43 4581.23 4063.43 3597.34 3138.36 2688.26 1975.08 1165.77 493.843 135.95 55.6641 223.772 309.352 39.0625 415.941 1204.24 2001.11 2813.61 3610.49 4407.36 5204.24 6001.11 6813.61 7610.49 8374.17 9043.66 9445.76 8914.35 8527.06 8196.99 7866.91 7536.83 7200.28 6869.48 6490.65 6115.57 5731.21 5364.5 5034.42 4704.35 4374.27 4075.72 4023.72 4248.62 4578.7 4908.77 5238.85 5595.42 6128 6885.41 7682.28 8479.16 9135.41 -9999 -9999 -9999 -9999 -9999 -9999 -9999 -9999 -9999 -9999 -9999 -9999 -9999
2434.97 3110.87 3702.05 4022.23 4358.84 4688.91 4973.08 4667.44 3936.6 3445.47 2936.48 2470.06 2012.14 1583.27 974.501 300.037 167.409 142.717 402.963 422.703 221.397 375 1171.88 1968.75 2781.25 3578.13 4375 5171.88 5968.75 6781.25 7578.13 8375 9171.88 9817.02 9626.83 9296.75 8979.86 8646.16 8232.86 7886.14 7540.41 7149.59 6597.82 6040.04 5618.23 5220.54 4890.47 4560.39 4235.05 3954.24 4057.79 4387.87 4717.94 5048.02 5395.44 5958.33 6747.81 7624.75 8414.13 9040.55 -9999 -9999 -9999 -9999 -9999 -9999 -9999 -9999 -9999 -9999 -9999 -9999 -9999
2876.47 3561.52 4237.83 4800.88 5155.71 5439.88 5132.69 4354.78 3557.9 2798.67 2317.71 1809.53 1343.11 884.453 552.332 200.652 59.5703 50.7813 107.422 283.198 139.146 552.148 1327.21 2124.08 2936.58 3733.46 4530.33 5327.21 6124.08 6936.58 7733.46 8530.33 9319.16 9735.68 9483.38 9153.3 8958.69 8781.26 8016.23 7441.7 7103.05 6769.95 6289.29 5541.35 4961.26 4507.92 4108.76 3778.68 3448.6 3157.36 3260.91 3590.99 3921.07 4259.72 4795.04 5588.64 -9999 -9999 8279.47 8669.42 -9999 -9999 -9999 -9999 -9999 -9999 -9999 -9999 -9999 -9999 -9999 -9999 -9999
3425.3 4003.42 4688.87 5365.11 5897.12 5601.03 4821.57 4024.7 3227.82 2415.32 1673.27 1190.76 682.576 250.873 144.809 111.328 62.5 166.293 126.953 392.781 573.395 995.245 1672.86 2454.16 3266.66 4063.53 4860.41 5657.28 6454.16 7266.66 8063.53 8852.36 9265.41 9023.05 8686.5 8356.42 8168.73 8310.06 7677.57 6875.94 6315.32 5976.1 5643.34 5165.1 4401.07 3834.14 3380.97 2981.81 2651.73 2360.49 2464.04 2794.12 3133.34 3668.2 4389.09 -9999 -9999 -9999 8065.12 8359.74 -9999 -9999 -9999 -9999 -9999 -9999 -9999 -9999 -9999 -9999 -9999 -9999 -9999
4145.01 4551.27 5129.56 5817.04 6035.1 5288.37 4491.5 3694.62 2897.75 2085.25 1288.37 544.768 140.776 299.869 593.8 350.234 164.063 121.163 516.165 1102.38 1354.66 1696.13 2119.43 2799.31 3596.73 4393.61 5190.48 5987.36 6784.23 7596.73 8386.9 8802.08 8556.25 8226.17 7889.63 7559.55 7371.86 7650.42 7343.25 6534.99 5748.99 5187.8 4849.14 4517.39 4028.05 3274.12 2707.36 2252.54 1854.85 1563.61 1667.16 2005.82 2567.01 3300.46 -9999 -9999 -9999 -9999 -9999 8078.43 -9999 -9999 -9999 -9999 -9999 -9999 -9999 -9999 -9999 -9999 -9999 -9999 -9999
4752.25 5284.82 5690.08 6264.8 6085.25 5288.37 4491.5 3694.62 2897.75 2085.25 1288.37 540.319 115.234 408.967 346.184 139.967 298.112 539.527 967.792 1659.23 2152.59 2497.24 2838.21 3255.65 3948.36 4730.16 5527.03 6323.91 7120.78 7924.53 8330.08 8073.83 7743.75 7413.67 7077.13 6747.05 6559.36 6850.6 6932.85 6198.45 5401.57 4613.28 4047.51 3706.57 3368.34 2889.1 2138.4 1569.29 1110.7 751.11 865.533 1429.25 2272.12 2891.65 -9999 -9999 -9999 -9999 -9999 -9999 -9999 -9999 -9999 -9999 -9999 -9999 -9999 -9999 -9999 -9999 -9999 -9999 -9999
5103.13 5877.39 6411.13 6798.82 6415.32 5618.45 4821.57 4024.7 3227.82 2415.32 1641.57 921.022 217.589 192.66 198.491 605.952 1012.71 1322.3 1625.84 2107.98 2781.31 3278.53 3624.19 3965.16 4395.43 5075.81 5857.11 6653.98 7450.86 7894.74 7607.03 7276.95 6946.87 6616.8 6280.25 5950.17 5762.48 6053.73 6346.62 5868.37 5071.49 4274.62 3486.9 2920.56 2573.14 2248.42 1787.82 1012.02 466.608 161.152 368.172 998.923 -9999 -9999 -9999 -9999 -9999 -9999 -9999 -9999 -9999 -9999 -9999 -9999 -9999 -9999 -9999 -9999 -9999 -9999 -9999 -9999 -9999
5502.29 6230.08 7004.34 7390.75 6745.4 5948.52 5151.65 4354.78 3557.9 2768.19 2030.29 1253.19 577.411 565.489 756.371 1277.38 1724.7 2095.59 2422.72 2760.98 3236.89 3907.22 4405.48 4751.14 5099.08 5525.15 6202.93 6984.06 7745.92 7489.76 6843.9 6480.08 6150 5819.92 5483.38 5153.3 4965.61 5256.85 5586.93 5516.31 4741.42 3944.54 3147.67 2359.37 1784.85 1459.14 1328.13 839.255 131.305 46.875 -9999 -9999 -9999 -9999 -9999 -9999 -9999 -9999 -9999 -9999 -9999 -9999 -9999 -9999 -9999 -9999 -9999 -9999 -9999 -9999 -9999 -9999 -9999
5955.46 6629.24 7357.03 7792.39 7075.48 6278.6 5481.73 4684.85 3909.76 3157.91 2379.97 1704.36 1307.79 1347.08 1538.37 1884.47 2404.33 2849.59 3211.84 3556.14 3888.5 4363.84 5035.21 5533.44 5884.57 6226.2 6652.1 7329.72 7822.13 7157.96 6363.38 5716.95 5353.13 5023.05 4686.5 4356.42 4168.73 4459.98 4790.05 5014.36 4411.34 3614.47 2817.59 2020.72 1219.09 671.415 578.125 572.845 154.615 0 -9999 -9999 -9999 -9999 -9999 -9999 -9999 -9999 -9999 -9999 -9999 -9999 -9999 -9999 -9999 -9999 -9999 -9999 -9999 -9999 -9999 -9999 -9999
6511.5 7082.58 7754.71 8122.46 7405.55 6608.68 5811.8 5036.71 4300.15 3506.42 2828.22 2434.74 2104.66 2143.96 2335.25 2665.32 3010.27 3533.23 3976.75 4345.65 4683.09 5014.88 5488.84 6165.3 6668.87 7011.52 7352.99 7765.42 7631.14 6827.89 6031.01 5235.85 4587.71 4226.17 3889.63 3559.55 3371.86 3663.1 3993.18 4322.78 4181.94 3413.83 2616.96 1820.08 1007.58 256.218 138.042 147.808 197.612 -9999 -9999 -9999 -9999 -9999 -9999 -9999 -9999 -9999 -9999 -9999 -9999 -9999 -9999 -9999 -9999 -9999 -9999 -9999 -9999 -9999 -9999 -9999 -9999
7182.95 7650.57 8220.51 8504.41 7742.1 6945.23 6171.14 5433.91 4655.47 3964.6 3577.32 3247.24 2917.16 2956.46 3147.75 3477.82 3807.9 4149.42 4673.99 5125.8 5487.84 5825.67 6155.74 6624.65 7314.35 7809.44 8141.31 8041.66 7303.84 6491.34 5694.46 4897.59 4100.71 3446.85 3077.13 2747.05 2559.36 2850.6 3180.68 3584.73 4090.58 3608 2811.12 2014.24 1202.58 448.105 194.642 737.774 1056.22 1602.33 -9999 -9999 -9999 -9999 -9999 -9999 -9999 -9999 -9999 -9999 -9999 -9999 -9999 -9999 -9999 -9999 -9999 -9999 -9999 -9999 -9999 -9999 -9999
7578 8307.28 8777.69 8859.69 8072.18 7298.42 6560.19 5782.92 5104.22 4704.27 4374.19 4044.12 3714.04 3753.33 3944.62 4274.7 4604.78 4934.85 5276.37 5809.23 6252.54 6614.59 6952.62 7282.69 7764.83 8433.15 8501.79 7770.64 6973.76 6161.26 5364.39 4567.51 3770.64 2973.76 2311.71 1950.17 1762.48 2053.73 2449.59 3088.76 3792.39 3376.95 2582.04 1806.13 994.638 250.89 423.691 1165.36 1671.26 1647.97 1353.55 -9999 -9999 -9999 -9999 -9999 -9999 -9999 -9999 -9999 -9999 -9999 -9999 -9999 -9999 -9999 -9999 -9999 -9999 -9999 -9999 -9999 -9999
8003.04 8704.95 9422.63 9210.86 8425.04 7687.14 6910.04 6202 5648.41 5248.71 4909.42 4579.35 4249.27 4036.56 3991.5 4321.57 4651.65 4981.73 5320.38 5894.91 6644.82 7273.33 7731.68 8079.57 8417.83 8741.83 8237.44 7440.56 6643.69 5831.19 5034.31 4237.44 3440.56 2643.69 1832.9 1187.05 965.609 1324.93 1947.9 2747.24 3481.62 3090.99 2294.12 1566.95 861.031 196.567 586.818 1285.86 1251.16 917.512 1065.09 -9999 -9999 -9999 -9999 -9999 -9999 -9999 -9999 -9999 -9999 -9999 -9999 -9999 -9999 -9999 -9999 -9999 -9999 -9999 -9999 -9999 -9999
8732.41 9129.99 9720.56 9378.68 8577.87 7784.34 6991.82 6205.34 5409.8 4707.15 4297.79 3958.33 3628.25 3298.18 3194.62 3524.7 3854.78 4194 4754.62 5556.25 6353.13 7150 7938.3 8646.32 9113.59 8723.19 7933.25 7136.37 6339.5 5527 4730.12 3933.25 3136.37 2339.5 1527 732.412 272.063 821.518 1604.66 2417.16 3151.54 2760.91 1964.04 1167.16 453.254 197.191 262.523 980.124 863.769 234.792 307.53 -9999 -9999 -9999 -9999 -9999 -9999 -9999 -9999 -9999 -9999 -9999 -9999 -9999 -9999 -9999 -9999 -9999 -9999 -9999 -9999 -9999 -9999
9472.77 9501.84 9277.67 8921.92 8267.23 7470.35 6673.48 5876.6 5079.73 4267.8 3580.2 3170.67 2831.38 2501.3 2397.75 2727.82 3066.48 3627.67 4413.67 5226.17 6023.05 6819.92 7616.8 8413.67 9169.5 8866.04 8069.16 7272.29 6475.41 5662.91 4866.04 4069.16 3272.29 2475.41 1662.91 891.78 365.225 774.677 1565.83 2378.33 3112.71 2722.08 1925.21 1128.33 397.243 414.191 381.618 1018.96 1078.99 404.287 575.221 -9999 -9999 -9999 -9999 -9999 -9999 -9999 -9999 -9999 -9999 -9999 -9999 -9999 -9999 -9999 -9999 -9999 -9999 -9999 -9999 -9999 -9999
9158.7 8798.7 8468.62 8138.55 7772.87 7131.79 6336.93 5540.05 4743.18 3930.68 3133.8 2443.11 2028.43 1688.8 1585.25 1926.19 2491.96 3280.25 4077.13 4889.63 5686.5 6483.38 7280.25 8077.13 8888.44 9153.58 8405.71 7608.84 6811.96 5999.46 5202.59 4405.71 3608.84 2811.96 2026.35 1450.29 1121.86 1320.99 1902.77 2708.41 3442.78 3052.16 2255.28 1532.78 1128.33 1141.28 1121.86 1461.73 1509.82 1134.8 1146.74 1914.21 -9999 -9999 -9999 -9999 -9999 -9999 -9999 -9999 -9999 -9999 -9999 -9999 -9999 -9999 -9999 -9999 -9999 -9999 -9999 -9999 -9999
8506.21 8051.59 7671.75 7341.67 7005.12 6642.28 6003.84 5209.98 4413.1 3600.6 2803.73 2006.85 1317.7 901.476 799.242 1365.58 2153.3 2950.17 3747.05 4559.55 5356.42 6153.3 6950.17 7747.05 8559.55 9213.53 8735.79 7938.91 7142.04 6329.54 5532.66 4735.79 3938.91 3167.78 2577.24 2209.98 1918.73 2106.42 2447.94 3044.2 3772.86 3382.23 2664.88 2255.28 1925.21 1938.15 1918.73 2057.04 1973.28 1931.68 2067.59 2242.34 -9999 -9999 -9999 -9999 -9999 -9999 -9999 -9999 -9999 -9999 -9999 -9999 -9999 -9999 -9999 -9999 -9999 -9999 -9999 -9999 -9999
7816.84 7508.34 6924.64 6544.8 6208.25 5878.17 5514.11 4888.85 4102.44 3289.94 2493.07 1696.19 899.318 258.143 337.244 1116.96 1913.83 2710.71 3499.61 4307.33 5104.2 5901.08 6697.95 7494.83 8307.33 9092.13 9063.73 8268.99 7472.11 6659.61 5862.74 5065.86 4295.88 3714.09 3336.93 3006.85 2715.61 2903.3 3233.38 3584.8 4109.8 3793.54 3382.23 3052.16 2722.08 2735.03 2715.61 3046.63 -9999 2752.02 2795.69 3126.68 -9999 -9999 -9999 -9999 -9999 -9999 -9999 -9999 -9999 -9999 -9999 -9999 -9999 -9999 -9999 -9999 -9999 -9999 -9999 -9999 -9999
