public/models/data/input/map/sulut/800/mapdplant.asc
NCOLS 310
NROWS 227
XLLCORNER 510063.019283
YLLCORNER 210717.685435
CELLSIZE 800.000000
NODATA_VALUE       -9999
[rows 68 to 101 of 227, columns 228 to 303 of 310]
3014.9 2703.78 2460.71 2661.34 2991.42 3325.22 3673.85 3938.72 3700.17 3460.71 3493.07 3719.59 4056.14 4386.22 4737.46 5332.19 5991.91 6170.96 5519.45 4731.73 3966.89 3397.2 2980.88 2396.34 1678.48 1175.07 960.708 1288.62 1936.69 2688.99 3465.26 3563.71 3108.5 2760.83 2430.76 2173.41 1747.64 1272.29 1136.37 1474.31 2120.74 2915.32 3323.1 3322.95 3087.01 2803.43 2313.92 1514.05 717.18 105.174 3.90625 48.8281 103.516 76.1719 162.366 -9999 -9999 -9999 -9999 -9999 -9999 0 0 0 0 0 0 0 0 0 0 0 0 0 -9999 -9999
3811.77 3500.65 3257.58 3458.22 3788.29 4118.37 4451.88 4733.14 4497.05 4252.56 4218.64 4192.06 4096.83 4366.23 4696.3 5030.9 5364.5 5539.25 5236.38 4826.17 4374.37 3993.5 3507.74 2803.14 2301.45 1958.22 1757.58 2042.35 2415.57 3063.64 3815.61 4211.03 3887.44 3488.05 2899.85 2150.1 1360.72 614.238 370.962 993.214 1788.37 2507.82 2531.25 2526.08 2290.13 2044.19 1844.33 1301.99 687.971 156.666 24.4141 0 10.7422 208.039 340.909 -9999 -9999 -9999 -9999 -9999 0 0 0 0 0 0 0 0 0 0 0 -9999 -9999 -9999 -9999 -9999
4551.92 4313.15 4070.08 4270.72 4600.79 4930.87 5154.22 4824.88 4471.92 4141.85 3811.77 3500.65 3296.42 3561.77 3891.85 4221.92 4567.08 4858.57 4447.91 4098.95 3768.88 3438.8 3310.61 3329.2 3093.79 2770.72 2570.08 2854.85 3184.93 3555.05 4198.88 4769.7 4244.47 3454.24 2657.36 1860.49 1063.61 279.014 140.625 875 1656.58 1921.58 1718.75 1724.78 1479.35 1231.69 1056.32 724.183 267.365 179.896 53.7109 9.76563 34.7222 0 -9999 -9999 -9999 -9999 -9999 -9999 -9999 0 0 0 -9999 -9999 -9999 -9999 -9999 -9999 -9999 -9999 -9999 -9999 -9999 -9999
4658.24 4930.03 4844.5 5066.02 5397.67 5611.01 5134.74 4327.77 3701.36 3344.97 3014.9 2703.78 2499.54 2764.9 3094.97 3440.63 3888.88 4337.42 3854.69 3323.25 2972 2641.93 2538.37 2868.45 3184.67 3426.88 3366.76 3651.73 3981.81 4311.88 4683.15 4950.17 4218.75 3421.88 2625 1828.13 1031.25 234.375 136.719 753.528 1346.74 1151.65 921.875 969.827 783.729 437.107 324.422 95.0042 42.9688 100.586 73.5485 206.481 -9999 -9999 -9999 -9999 -9999 -9999 -9999 -9999 -9999 0 -9999 -9999 -9999 -9999 -9999 -9999 -9999 -9999 -9999 -9999 -9999 -9999 -9999 -9999
4067.51 4397.59 4773.54 5217.66 5714.36 5599.92 4807.9 3995.4 3201.96 2575.56 2218.02 1906.9 1702.67 1968.02 2313.85 2765.02 3495.4 3988.47 3323.25 2727.16 2196.29 1845.05 1741.5 2075.01 2575.56 3344.97 3986.28 4435 4778.68 5108.76 5429.47 5168.54 4362.71 3565.83 2768.96 1972.08 1175.21 392.013 20.5078 321.227 780.191 512.092 171.875 236.855 217.029 5.85938 0 23.6745 75.1666 46.875 316.417 628.479 -9999 -9999 -9999 -9999 -9999 -9999 -9999 -9999 -9999 -9999 -9999 -9999 -9999 -9999 -9999 -9999 -9999 -9999 -9999 -9999 -9999 -9999 -9999 -9999
3270.64 3637.9 4105.58 4629.44 5385.3 5274.7 4477.82 3665.32 2868.45 2075.01 1447.46 1110.03 905.79 1186.73 1638.07 2368.45 3165.32 3646.95 2972 2196.29 1600.78 1067.05 946.911 1447.46 2218.02 3014.9 3811.77 4618.27 5302.71 5707.75 5913.05 5281.25 4468.75 3671.88 2875 2078.13 1281.25 468.75 0 15.625 152.09 94.6284 0 0 0 0 0 104.672 118.26 192.785 519.659 -9999 -9999 -9999 -9999 -9999 -9999 -9999 -9999 -9999 -9999 -9999 -9999 -9999 -9999 -9999 -9999 -9999 -9999 -9999 -9999 -9999 -9999 -9999 -9999 -9999
2510.95 2969.13 3499.06 4273.05 5055.22 4944.62 4147.75 3335.25 2538.37 1741.5 946.911 348.599 193.048 508.023 1241.5 2038.37 2832.79 3034.32 2593.3 1845.05 1067.05 485.66 349.437 1123.43 1920.3 2717.18 3514.05 4279.67 4792.52 5176.41 5605.5 5364.56 4565.83 3768.96 2972.08 2175.21 1378.33 573.718 39.0625 0 0 0 0 48.8281 73.2422 48.8281 48.8281 68.4982 266.587 -9999 -9999 -9999 -9999 -9999 -9999 -9999 -9999 -9999 -9999 -9999 -9999 -9999 -9999 -9999 -9999 -9999 -9999 -9999 -9999 -9999 -9999 -9999 -9999 -9999 -9999 -9999
1829.58 2350.01 3139.63 3936.5 4733.38 4909.5 4147.75 3335.25 2538.37 1741.5 946.911 275.704 57.1145 544.409 1322.3 2119.18 2625.32 2226.43 1893.5 1490.54 823.874 155.69 281.25 1078.13 1875 2649.69 3245.83 3652.95 4035.48 4493.1 4948.53 5246.53 4501.11 3704.24 2907.36 2110.49 1313.61 503.971 19.5313 0 0 0 0 63.4766 19.5313 112.305 215.885 121.681 227.273 -9999 -9999 -9999 -9999 -9999 -9999 -9999 -9999 -9999 -9999 -9999 -9999 -9999 -9999 -9999 -9999 -9999 -9999 -9999 -9999 -9999 -9999 -9999 -9999 -9999 -9999 -9999
1226.49 1997.05 2809.55 3606.42 4403.3 5012.82 4477.82 3665.32 2868.45 2075.01 1394.26 929.318 616.958 897.108 1614.47 2404.87 2402.59 1619.48 1101.2 926.061 442.148 129.883 365.241 1117.1 1732.36 2156.73 2518.69 2908.53 3365.74 3824.68 4528.6 5155.92 4604.66 3807.79 3010.91 2214.04 1417.16 616.237 59.8767 32.7005 222.443 184.86 9.76563 19.5313 19.5313 0 63.4766 25.7732 0 -9999 -9999 -9999 -9999 -9999 -9999 -9999 -9999 -9999 -9999 -9999 -9999 -9999 -9999 -9999 -9999 -9999 -9999 -9999 -9999 -9999 -9999 -9999 -9999 -9999 -9999 -9999
960.708 1757.58 2570.08 3366.96 4163.83 4947.86 4805.45 3995.4 3201.96 2521.78 2057.08 1699.11 1413.83 1614.47 2025.78 2591.81 2102.44 1289.94 514.234 212.469 81.2629 78.125 630.55 858.757 1031.84 1391.74 1773.46 2239.19 2697.73 3401.65 4198.53 4988.29 4934.74 4137.87 3340.99 2544.12 1756.46 1015.74 486.024 468.503 903.494 824.981 415.439 237.034 8.78906 0 141.949 60.4839 156.25 -9999 -9999 -9999 -9999 -9999 -9999 -9999 -9999 -9999 -9999 -9999 -9999 -9999 -9999 -9999 -9999 -9999 -9999 -9999 -9999 -9999 -9999 -9999 -9999 -9999 -9999 -9999
1226.49 1997.05 2809.55 3606.42 4403.3 5164.81 5106.46 4327.77 3648.16 3184.03 2826.23 2495.48 2210.71 2411.34 2741.42 2827.63 2115.39 1302.89 516.424 26.3672 0 48.8281 134.904 140.625 297.552 650.146 1104.12 1567.68 2274.7 3071.57 3868.45 4665.32 5146.12 4467.94 3671.07 2883.57 2154.55 1598.89 1256.01 1243.07 1575.47 1456.66 910.79 414.862 44.9219 0 277.339 84.4595 0 -9999 -9999 -9999 -9999 -9999 -9999 -9999 -9999 -9999 -9999 -9999 -9999 -9999 -9999 -9999 -9999 -9999 -9999 -9999 -9999 -9999 -9999 -9999 -9999 -9999 -9999 -9999
1852.89 2350.01 3139.63 3935.81 4653.11 4891.6 4856.26 4731.93 4310.17 3953.01 3622.43 3292.35 3007.58 3208.22 3515.5 3169.73 2375.65 1563.15 773.169 220.49 48.8281 452.342 156.597 43.9453 213.585 104.504 431.267 1147.75 1944.62 2741.5 3538.37 4335.25 5092.95 4798.02 4010.36 3281.5 2733.45 2370.02 2052.89 2039.94 2209.17 1602.11 789.943 138.892 0 92.7734 132.112 0 -9999 -9999 -9999 -9999 -9999 -9999 -9999 -9999 -9999 -9999 -9999 -9999 -9999 -9999 -9999 -9999 -9999 -9999 -9999 -9999 -9999 -9999 -9999 -9999 -9999 -9999 -9999 -9999
2660.54 2957.05 3340.22 3756.22 4081.19 4099.3 4065.83 4382.77 4472.6 4519.92 4400.95 4104.45 3820.08 4020.72 4168.94 3505.28 2708.41 1902.77 1310.3 861.294 570.083 861.495 404.773 133.76 400.479 463.51 642.633 1254.16 2048.18 2845.05 3641.93 4438.8 5235.22 5144.12 4418.69 3874.89 3519.07 3182.52 2864.86 2801.18 2368.74 1573.87 764.627 158.146 109.375 53.7803 39.5408 -9999 -9999 -9999 -9999 -9999 -9999 -9999 -9999 -9999 -9999 -9999 -9999 -9999 -9999 -9999 -9999 -9999 -9999 -9999 -9999 -9999 -9999 -9999 -9999 -9999 -9999 -9999 -9999 -9999
2874.18 2678.35 2717.18 2969.4 3284.31 3302.43 3268.96 3585.9 3684.82 3900.43 4200.17 4455.71 4509.21 4756.18 4613.53 3835.36 3044.2 2437.25 1988.98 1587.01 1366.96 1455.29 1033.73 841.069 1059.57 1237.71 1425.21 1774.16 2382.83 3175.13 3972 4768.88 5567.3 5546.62 5002.98 4643.34 4285.69 3819.78 3261.09 2762.6 2278.32 1559.21 832.713 559.01 701.897 636.096 545.845 -9999 -9999 -9999 -9999 -9999 -9999 -9999 -9999 -9999 -9999 -9999 -9999 -9999 -9999 -9999 -9999 -9999 -9999 -9999 -9999 -9999 -9999 -9999 -9999 -9999 -9999 -9999 -9999 -9999
2114.47 1881.47 1920.3 2172.53 2487.44 2505.55 2472.08 2789.02 2887.94 3103.55 3403.3 3733.38 4069.92 4449.77 4732.32 4150.18 3468 2867.55 2377.07 2040.13 1849.21 1988.36 1808.07 1637.94 1853.09 2034.58 2222.08 2552.16 2903.4 3510.35 4302.08 5098.95 5884.86 5966.64 5588.08 4995.01 4258.6 3614.84 2848.4 2194.54 1635.64 1163.03 487.369 74.6927 644.416 1254.53 1479.78 -9999 -9999 -9999 -9999 -9999 -9999 -9999 -9999 -9999 -9999 -9999 -9999 -9999 -9999 -9999 -9999 -9999 -9999 -9999 -9999 -9999 -9999 -9999 -9999 -9999 -9999 -9999 -9999 -9999
1318.93 1084.6 1123.43 1375.65 1692.57 1710.02 1675.21 1992.15 2091.07 2306.68 2606.42 2936.5 3320.53 3859.98 4165.51 3867.31 3317.36 2520.02 1815.25 1343.87 1175.21 1528.02 2165.02 2422.99 2649.97 2831.46 3018.96 3349.03 3679.11 4030.35 4636.73 5412.85 5707.61 5417.08 5085.41 4635.49 3892.04 3117.84 2486.98 1721.45 1067.59 506.405 213.515 31.25 625 1136.02 905.79 -9999 -9999 -9999 -9999 -9999 -9999 -9999 -9999 -9999 -9999 -9999 -9999 -9999 -9999 -9999 -9999 -9999 -9999 -9999 -9999 -9999 -9999 -9999 -9999 -9999 -9999 -9999 -9999 -9999
564.185 290.582 342.532 591.198 994.587 922.884 878.331 1226.33 1294.19 1509.8 1809.55 2182.53 2734.74 3305.04 3412.25 3081.38 2742.58 2178.69 1393.07 687.724 432.677 1085.82 1897.75 2601.23 3010.58 3461.26 3791.71 4139.27 4475.98 4765.49 4914.09 5206.12 4950.29 4620.21 4290.13 3968.71 3517.75 2749.46 1990.89 1372.92 625.718 82.5052 9.76563 269.179 677.586 820.54 299.977 -9999 -9999 -9999 -9999 -9999 -9999 -9999 -9999 -9999 -9999 -9999 -9999 -9999 -9999 -9999 -9999 -9999 -9999 -9999 -9999 -9999 -9999 -9999 -9999 -9999 -9999 -9999 -9999 -9999
241.737 206.055 4.88281 47.9904 351.443 349.576 206.119 464.561 482.838 704.046 1044.53 1585.7 2182.53 2860.96 2647.51 2271.73 1938.8 1683.94 1097.08 336.909 138.949 812.971 1499.56 1915.3 2479.35 3113.88 3564.87 4273.28 4738.98 4477.63 4257.58 4410.56 4137.79 3807.71 3477.63 3157.55 2835.25 2397.92 1616.04 859.207 361.809 9.76563 9.76563 240.344 275.067 283.897 134.298 -9999 -9999 -9999 -9999 -9999 -9999 -9999 -9999 -9999 -9999 -9999 -9999 -9999 -9999 -9999 -9999 -9999 -9999 -9999 -9999 -9999 -9999 -9999 -9999 -9999 -9999 -9999 -9999 -9999
228.903 72.2656 75.1953 17.5781 202.744 190.106 0 48.8281 7.8125 82.0025 458.646 1044.53 1809.55 2525.16 2117.27 1521.53 1144.77 963.944 882.664 188.113 35.1563 405.194 788.351 1352.4 1984.64 2442.56 3131.61 3909.35 4010.83 3680.76 3460.71 3669.61 3366.65 3010.83 2680.76 2360.68 2038.37 1960.84 1549.98 778.648 213.29 27.1762 72.335 168.553 182.935 152.344 62.5 -9999 -9999 -9999 -9999 -9999 -9999 -9999 -9999 -9999 -9999 -9999 -9999 -9999 -9999 -9999 -9999 -9999 -9999 -9999 -9999 -9999 -9999 -9999 -9999 -9999 -9999 -9999 -9999 -9999
548.098 171.413 129.883 104.492 14.6484 41.0156 32.2266 131.836 196.636 273.224 168.119 757.583 1570.08 2246.05 1780.33 990.32 409.783 252.075 719.642 349.968 0 14.6484 259.021 862.546 1317.16 2004.99 2788.29 3419.42 3213.96 2883.88 2663.83 2897.38 2697.43 2240.85 1883.88 1568.83 1241.5 1241.5 1542.35 1245.77 656.178 236.074 159.527 84.9609 261.089 603.468 771.964 -9999 -9999 -9999 -9999 -9999 -9999 -9999 -9999 -9999 -9999 -9999 -9999 -9999 -9999 -9999 -9999 -9999 -9999 -9999 -9999 -9999 -9999 -9999 -9999 -9999 -9999 -9999 -9999 -9999
1175.07 859.413 344.578 15.625 0 95.7031 138.672 62.5 29.2969 206.119 565.357 1032.94 1721.24 2235.09 1650.89 854.013 138.614 74.9296 248.446 104.492 0 0 42.9688 246.355 878.039 1661.34 2458.22 2783.8 2419.77 2087.01 1866.96 2106.88 1977.1 1570.08 1113.9 831.801 502.764 508.693 1213.09 1378.48 610.485 42.0616 0 27.3438 407.753 1037.89 -9999 -9999 -9999 -9999 -9999 -9999 -9999 -9999 -9999 -9999 -9999 -9999 -9999 -9999 -9999 -9999 -9999 -9999 -9999 -9999 -9999 -9999 -9999 -9999 -9999 -9999 -9999 -9999 -9999 -9999
1951.52 1458.84 794.684 220.282 0 0 312.847 533.957 329.235 2.92969 346.483 767.745 1351.99 1910.96 1905.55 1163.02 612.134 437.339 181.306 0 0 0 0 99.5806 731.067 1525.43 2308 2243.76 1664.99 1292.65 1070.08 1310.01 1261.65 897.883 453.642 123.995 70.3125 479.135 1253.33 1439.85 686.647 181.15 348.415 531.87 879.738 1244.24 -9999 -9999 -9999 -9999 -9999 -9999 -9999 -9999 -9999 -9999 -9999 -9999 -9999 -9999 -9999 -9999 -9999 -9999 -9999 -9999 -9999 -9999 -9999 -9999 -9999 -9999 -9999 -9999 -9999 -9999
2590.46 1927.68 1171.23 459.956 14.6484 0 0 158.62 320.937 14.6484 0 239.952 782.618 1522.29 2097.9 1752.62 1319.59 601.478 99.887 0 0 0 0 306.427 1056.62 1822.22 2111.26 1757.39 1108.52 533.466 287.942 601.052 467.912 300.424 14.6484 0 229.695 799.608 1498.62 1751.13 1263.2 898.585 1018.95 1331.46 1646.2 1747.42 -9999 -9999 -9999 -9999 -9999 -9999 -9999 -9999 -9999 -9999 -9999 -9999 -9999 -9999 -9999 -9999 -9999 -9999 -9999 -9999 -9999 -9999 -9999 -9999 -9999 -9999 -9999 -9999 -9999 -9999
2826 2031.25 1218.75 421.875 0 0 0 0 0 0 0 9.76563 544.194 1341.07 2131.91 2320.59 1589.5 778.143 159.764 0 0 57.756 242.113 543.555 1260.91 1847.8 1429.12 1018.29 708.386 108.607 0 115.512 0 0 0 0 383.432 714.973 1147.61 1857.33 2005.12 1694.62 1798.18 2114.93 2404.94 2406.66 -9999 -9999 -9999 -9999 -9999 -9999 -9999 -9999 -9999 -9999 -9999 -9999 -9999 -9999 -9999 -9999 -9999 -9999 -9999 -9999 -9999 -9999 -9999 -9999 -9999 -9999 -9999 -9999 -9999 -9999
2847.54 2050.67 1238.17 444.724 8.78906 0 0 0 0 0 39.0625 337.955 867.361 1587.01 2383.88 2646.37 1893.69 1197.89 620.109 220.588 261.182 568.512 880.87 1256.89 1667.96 1706.94 945.161 308.306 304.613 38.0859 0 0 0 5.85938 139.857 171.875 114.466 182.531 866.958 1663.83 2409.37 2487.89 2595.05 2911.8 3122.43 -9999 -9999 -9999 -9999 -9999 -9999 -9999 -9999 -9999 -9999 -9999 -9999 -9999 -9999 -9999 -9999 -9999 -9999 -9999 -9999 -9999 -9999 -9999 -9999 -9999 -9999 -9999 -9999 -9999 -9999 -9999
3106.42 2309.55 1497.72 733.68 196.746 7.8125 0 0 0 0 35.1563 381.271 1135.46 1866.76 2652.19 2962.6 2338.17 1745.92 1221.91 960.708 993.068 1237.04 1635.22 1995.12 2200.83 1578.13 781.25 78.125 19.5313 0 0 0 62.5 167.715 730.42 912.492 717.515 718.324 1147.61 1903.3 2700.17 3222.8 3391.93 3708.68 3820.05 -9999 -9999 -9999 -9999 -9999 -9999 -9999 -9999 -9999 -9999 -9999 -9999 -9999 -9999 -9999 -9999 -9999 -9999 -9999 -9999 -9999 -9999 -9999 -9999 -9999 -9999 -9999 -9999 -9999 -9999 -9999
3436.5 2639.63 1857.8 1258.39 778.458 186.171 53.7109 112.652 43.9453 0 347.582 593.735 1225.41 2022.29 2819.16 3354.01 2882.77 2347.15 1997.05 1757.58 1789.94 2016.47 2368.43 2755.07 2558.4 1772.29 989.714 382.104 441.679 468.75 468.75 468.75 667.468 778.143 1208.2 1675.79 1514.05 1514.05 1812.91 2273.42 3030.25 3779.85 4188.8 4505.55 4675.86 -9999 -9999 -9999 -9999 -9999 -9999 -9999 -9999 -9999 -9999 -9999 -9999 -9999 -9999 -9999 -9999 -9999 -9999 -9999 -9999 -9999 -9999 -9999 -9999 -9999 -9999 -9999 -9999 -9999 -9999 -9999
3773.72 3006.85 2395.65 1916.86 1249.86 839.499 648.145 617.855 157.002 61.9973 551.968 1278.04 1731.29 2361.12 3155.71 3797.74 3496.2 3139.63 2809.55 2570.08 2602.44 2828.97 3165.51 3431.43 2905.71 2125.43 1512.75 1134.8 1231.23 1281.25 1281.25 1281.25 1472.08 1589.5 1893.69 2309.39 2326.05 2326.55 2624.27 2954.35 3410.28 4163.67 4910.64 5280.48 -9999 -9999 -9999 -9999 -9999 -9999 -9999 -9999 -9999 -9999 -9999 -9999 -9999 -9999 -9999 -9999 -9999 -9999 -9999 -9999 -9999 -9999 -9999 -9999 -9999 -9999 -9999 -9999 -9999 -9999 -9999 -9999
4135.01 3534.39 3043.81 2378.36 1940.56 1636.37 1440.83 1166.38 825.654 616.958 964.151 1674.87 2413.75 2861.67 3489.22 4243.53 4272.24 3936.5 3606.42 3366.96 3399.32 3625.84 3962.05 3976.91 3253.52 2643.14 2255.28 1931.68 2028.11 2078.13 2078.13 2078.13 2268.96 2386.37 2690.56 3020.64 3115.39 3123.43 3421.15 3751.22 4081.3 4537.23 5306.25 5820.33 -9999 -9999 -9999 -9999 -9999 -9999 -9999 -9999 -9999 -9999 -9999 -9999 -9999 -9999 -9999 -9999 -9999 -9999 -9999 -9999 -9999 -9999 -9999 -9999 -9999 -9999 -9999 -9999 -9999 -9999 -9999 -9999
4663.29 4181.41 3503.77 3067.51 2737.44 2433.25 2237.71 1922.72 1619.18 1413.83 1653.3 2089.55 2817.12 3537.27 3989.77 4616.17 5034.44 4733.38 4403.3 4163.83 4196.19 4422.72 4735.31 4380.47 3771.23 3382.23 3052.16 2728.55 2824.98 2875 2875 2875 3065.83 3183.25 3487.44 3817.51 3912.26 3920.3 4218.02 4548.1 4878.17 5208.25 5659.62 6014.47 -9999 -9999 -9999 -9999 -9999 -9999 -9999 -9999 -9999 -9999 -9999 -9999 -9999 -9999 -9999 -9999 -9999 -9999 -9999 -9999 -9999 -9999 -9999 -9999 -9999 -9999 -9999 -9999 -9999 -9999 -9999 -9999
5306.98 4640.86 4194.46 3864.39 3534.31 3230.12 3034.58 2719.59 2416.05 2210.71 2450.17 2780.25 3226.65 3944.24 4664.22 5115.58 5649.25 5530.25 5200.17 4960.71 4993.07 5219.59 5386.31 4897.04 4509.19 4179.11 3849.03 3525.43 3621.86 3671.88 3671.88 3671.88 3862.71 3980.12 4284.31 4614.39 4709.14 4717.18 5014.9 5344.97 5675.05 6005.12 6261.16 -9999 -9999 -9999 -9999 -9999 -9999 -9999 -9999 -9999 -9999 -9999 -9999 -9999 -9999 -9999 -9999 -9999 -9999 -9999 -9999 -9999 -9999 -9999 -9999 -9999 -9999 -9999 -9999 -9999 -9999 -9999 -9999 -9999
5767.81 5328.46 4991.34 4661.26 4331.19 4027 3831.46 3516.47 3212.93 3007.58 3247.05 3577.13 3914.25 4353.6 5071.02 5794.61 6237.56 6326.41 5997.05 5757.58 5789.94 6016.47 6017.84 5636.14 5306.06 4975.98 4645.91 4322.3 4418.73 4468.75 4468.75 4468.75 4659.58 4777 5081.19 5411.26 5506.01 5514.05 5811.77 6141.85 6471.92 6802 7104.75 -9999 -9999 -9999 -9999 -9999 -9999 -9999 -9999 -9999 -9999 -9999 -9999 -9999 -9999 -9999 -9999 -9999 -9999 -9999 -9999 -9999 -9999 -9999 -9999 -9999 -9999 -9999 -9999 -9999 -9999 -9999 -9999 -9999
6470.46 6140.39 5803.84 5473.76 5143.69 4839.5 4643.96 4328.97 4025.43 3820.08 4059.55 4389.63 4726.17 5056.25 5492.5 6204.78 6934.9 7137.33 6809.55 6570.08 6602.44 6828.97 6778.71 6448.64 6118.56 5788.48 5458.41 5134.8 5231.23 5281.25 5281.25 5281.25 5472.08 5589.5 5893.69 6223.76 6318.51 6326.55 6624.27 6954.35 7284.42 7614.5 7766.69 -9999 -9999 -9999 -9999 -9999 -9999 -9999 -9999 -9999 -9999 -9999 -9999 -9999 -9999 -9999 -9999 -9999 -9999 -9999 -9999 -9999 -9999 -9999 -9999 -9999 -9999 -9999 -9999 -9999 -9999 -9999 -9999 -9999
7267.34 6937.26 6600.71 6270.64 5940.56 5636.37 5440.83 5125.84 4822.3 4616.96 4856.42 5186.5 5523.05 5853.13 6183.2 6621 7331.73 7870.5 7606.42 7366.96 7399.32 7625.84 7575.59 7245.51 6915.43 6585.36 6255.28 5931.68 6028.11 6078.13 6078.13 6078.13 6268.96 6386.37 6690.56 7020.64 7115.39 7123.43 7421.15 7751.22 8081.3 8389.49 -9999 -9999 -9999 -9999 -9999 -9999 -9999 -9999 -9999 -9999 -9999 -9999 -9999 -9999 -9999 -9999 -9999 -9999 -9999 -9999 -9999 -9999 -9999 -9999 -9999 -9999 -9999 -9999 -9999 -9999 -9999 -9999 -9999 -9999
