public/models/data/input/map/sulut/800/mapdroad.asc
NCOLS 310
NROWS 227
XLLCORNER 510063.019283
YLLCORNER 210717.685435
CELLSIZE 800.000000
NODATA_VALUE       -9999
[rows 99 to 131 of 227, columns 146 to 218 of 310]
-9999 -9999 -9999 -9999 -9999 -9999 -9999 -9999 -9999 -9999 -9999 -9999 -9999 -9999 -9999 -9999 -9999 -9999 -9999 -9999 -9999 -9999 -9999 -9999 -9999 -9999 -9999 -9999 -9999 -9999 -9999 -9999 -9999 -9999 -9999 -9999 46.875 315.199 538.354 216.066 343.597 215.176 128.421 114.567 563.611 560.004 351.563 43.4783 178.571 362.044 131.439 117.71 122.951 516.165 958.32 1254.67 1051.29 424.929 65.7288 0 0 136.326 567.368 1318.03 1227.72 451.456 191.667 787.207 1444.09 2027.64 2547.02 2235.03 1438.15
-9999 -9999 -9999 -9999 -9999 -9999 -9999 -9999 -9999 -9999 -9999 -9999 -9999 -9999 -9999 -9999 -9999 -9999 -9999 -9999 -9999 -9999 -9999 -9999 -9999 -9999 -9999 -9999 -9999 -9999 -9999 -9999 0 17.6056 121.979 106.684 180.786 208.742 706.59 441.471 190.078 453.953 119.141 146.831 177.105 124.162 146.202 122.348 368.58 212.383 236.658 455.305 234.375 946.071 1532.99 1205.86 786.633 400.728 75.2647 272.583 425.996 130.328 630.763 1416.05 1548.65 864.293 237.704 322.464 878.589 1444.09 1915.3 2061.71 1334.6
-9999 -9999 -9999 -9999 -9999 -9999 -9999 -9999 -9999 -9999 -9999 -9999 -9999 -9999 -9999 -9999 -9999 -9999 -9999 -9999 -9999 -9999 -9999 -9999 -9999 -9999 -9999 -9999 -9999 -9999 0 74.8175 211.963 371.591 556.14 640.95 762 228.915 202.704 163.225 106.445 155.412 25.3906 55.6641 145.508 193.024 601.572 400.831 328.125 390.019 787.922 407.753 270.601 1014.05 1459.28 760.589 152.801 124.301 542.463 923.619 518.655 173.031 796.52 1576.64 1929.1 1303.97 710.573 200.427 322.464 788.351 1365.58 2017.89 1567.59
-9999 -9999 -9999 -9999 -9999 -9999 -9999 -9999 -9999 -9999 -9999 -9999 -9999 -9999 -9999 -9999 -9999 -9999 -9999 -9999 -9999 -9999 -9999 -9999 -9999 -9999 -9999 -9999 0 64.122 274.553 442.552 821.439 1130.63 1315.83 1427.14 1281.5 778.648 625 614.317 180.942 124.943 300.355 422.413 480.275 167.923 398.954 933.625 1122.07 1167.88 1133.37 415.941 238.461 988.166 1227.05 564.687 141.81 284.747 1023.82 1454.6 809.632 177.943 550.53 1221.24 1776.29 1795.07 1274.05 710.573 198.642 337.244 1116.96 1907.18 1957.47
-9999 -9999 -9999 -9999 -9999 -9999 -9999 -9999 -9999 -9999 -9999 -9999 -9999 -9999 -9999 -9999 -9999 -9999 -9999 -9999 -9999 -9999 -9999 -9999 -9999 -9999 -9999 -9999 115.385 466.014 865.885 1185.95 1553.73 1878.37 2112.71 2186.11 1905.6 1557.79 1375.27 842.557 182.531 194.81 832.646 1170.7 831.913 224.004 356.967 1097.96 1794.6 1816.55 1171.88 375 365.438 1109.35 960.2 237.75 331.957 674.797 1363.84 1739.67 1006.01 315.228 191.152 664.222 1173.47 1766.83 1820.95 1274.62 798.098 799.242 1365.58 2153.3 2516.98
-9999 -9999 -9999 -9999 -9999 -9999 -9999 -9999 -9999 -9999 -9999 -9999 -9999 -9999 -9999 -9999 -9999 -9999 -9999 -9999 -9999 -9999 -9999 -9999 -9999 -9999 -9999 -9999 27.7778 269.983 842.323 1540.47 2181.31 2645.86 2909.58 2944.81 2678.67 2215.43 1520.91 716.844 153.124 265.412 954.235 1301.52 665.302 126.254 610.861 1389.43 2178.92 1968.75 1171.88 375 392.781 1058.23 611.73 143.971 653.593 1323.61 1797.1 2069.23 1408.95 835.752 309.144 144.11 661.905 1346.52 1976.21 1922.68 1585.25 1585.25 1926.19 2473.75 2691.51
-9999 -9999 -9999 -9999 -9999 -9999 -9999 -9999 -9999 -9999 -9999 -9999 -9999 -9999 -9999 -9999 -9999 -9999 -9999 -9999 -9999 -9999 -9999 -9999 -9999 -9999 -9999 -9999 -9999 21.5517 444.187 1222.08 2018.96 2815.83 3518.34 3590.46 2907.36 2110.49 1313.61 503.971 210.112 785.321 1266.53 1058.07 287.942 242.113 880.87 1641.93 2343.45 1893.96 1097.08 336.909 211.648 881.264 468.75 190.58 909.414 1703.78 2426.4 2524.34 1974.9 1421.3 969.046 328.577 248.32 925.206 1722.08 2415.14 2391.32 2397.51 2603.99 2297.1 1958.22
-9999 -9999 -9999 -9999 -9999 -9999 -9999 -9999 -9999 -9999 -9999 -9999 -9999 -9999 -9999 -9999 -9999 -9999 -9999 -9999 -9999 -9999 -9999 -9999 -9999 -9999 -9999 -9999 -9999 0 355.932 1125 1921.88 2718.75 3495.35 3523.73 2866.21 2078.13 1281.25 468.75 326.785 1114.28 1550.75 878.331 208.072 400.831 1179.23 1958.68 2420.05 1718.75 921.875 171.875 265.539 419.587 396.202 326.785 1110.84 1806.34 2298.02 2728.91 2531.88 2092.12 1419.26 718.833 172.921 737.036 1498.31 2147.12 2516.32 2637.55 2487.22 1763.72 1177.36
-9999 -9999 -9999 -9999 -9999 -9999 -9999 -9999 -9999 -9999 -9999 -9999 -9999 -9999 -9999 -9999 -9999 -9999 -9999 -9999 -9999 -9999 -9999 -9999 -9999 -9999 -9999 -9999 0 93.2024 551.53 1280.33 2077.21 2874.08 3285.4 2824.38 2476.6 2000.11 1281.25 468.75 271.271 1018.96 1586.87 990.387 241.419 548.148 1326.09 2122.97 2481.66 1718.75 921.875 201.172 184.917 124.232 156.25 322.266 847.541 1180.19 1687.83 2159.65 2619.99 2507.16 1733.46 939.093 225.373 401.594 1032.41 1410.16 1837.88 1875 1862.33 1450.75 675.599
-9999 -9999 -9999 -9999 -9999 -9999 -9999 -9999 -9999 -9999 -9999 -9999 -9999 -9999 -9999 -9999 -9999 -9999 -9999 -9999 -9999 -9999 -9999 -9999 -9999 -9999 -9999 138.889 125.546 534.94 1096.7 1678.48 2373.21 2813.93 2921.53 2238.02 1697.43 1409.03 1169.22 465.399 179.197 866.069 1410.47 1110.81 336.21 344.305 1127.22 1924.1 2423.26 1744.64 947.763 204.35 124.023 187.639 67.3828 158.203 195.018 561.042 1023.03 1527.02 2143.62 2651.35 2066.21 1303.35 544.139 116.153 340.717 722.782 1107.39 1078.13 1091.07 1090.94 876.825
-9999 -9999 -9999 -9999 -9999 -9999 -9999 -9999 -9999 -9999 -9999 -9999 -9999 -9999 -9999 -9999 -9999 -9999 -9999 -9999 -9999 -9999 -9999 -9999 -9999 -9999 -9999 0 224.661 860.777 1487.75 1890.85 2025.78 2063.61 2260.32 1883.84 1109.92 621.108 587.507 185.056 56.7794 371.558 922.326 1217.91 467.912 190.58 920.305 1717.18 2272.44 1742.66 1002.81 281.551 389.648 617.946 181.988 500.555 450.389 135.95 390.471 1015.46 1760.14 2524.11 2407.7 1623.81 817.016 191.332 164.41 158.215 370.304 281.25 299.915 337.244 512.968
-9999 -9999 -9999 -9999 -9999 -9999 -9999 -9999 -9999 -9999 -9999 -9999 -9999 -9999 -9999 -9999 -9999 -9999 -9999 -9999 -9999 -9999 -9999 -9999 -9999 -9999 -9999 420.12 122.993 559.699 857.512 1168.67 1218.75 1251.11 1455.35 1415.04 904.835 242.073 69.7404 118.569 139.313 107.491 490.225 895.835 468.75 306.427 1065.83 1791.23 1780.94 1263.61 621.086 118.372 459.252 490.011 178.053 755.904 745.463 317.517 92.7734 632.52 1425.21 2222.08 2643.45 1961.27 1257.16 568.773 138.418 348.709 284.931 415.63 386.391 281.25 281.25
-9999 -9999 -9999 -9999 -9999 -9999 -9999 -9999 -9999 -9999 -9999 -9999 -9999 -9999 -9999 -9999 -9999 -9999 -9999 -9999 -9999 -9999 -9999 -9999 -9999 -9999 -9999 97.7693 39.704 123.047 191.152 403.078 421.875 459.956 664.335 671.875 654.795 574.805 298.557 266.977 282.401 170.673 97.3211 292.473 312.5 328.125 1119.14 1418.35 1039.52 675.491 205.968 226.91 100.586 136.02 216.127 405.546 206.512 213.151 415.393 698.627 1464.04 2260.91 2864.98 2397.28 1695.72 1086.99 430.163 130.16 553.297 1109.37 1157.69 1078.13 1078.13
-9999 -9999 -9999 -9999 -9999 -9999 -9999 -9999 -9999 -9999 -9999 -9999 -9999 -9999 -9999 -9999 -9999 -9999 -9999 -9999 -9999 -9999 -9999 -9999 -9999 -9999 96.1538 54.136 306.59 213.654 140.764 180.243 295.628 164.883 204.102 218.75 213.601 155.956 148.646 391.984 658.212 165.958 411.642 218.635 78.6396 509.583 834.193 747.97 335.286 113.489 187.119 431.59 159.18 105.469 126.283 354.181 458.795 821.439 1162.99 1346.77 1827.87 2590.99 3265.13 2835.51 2160.17 1428.72 650.103 84.9322 476.553 972.498 1392.47 1746.25 1866.96
-9999 -9999 -9999 -9999 -9999 -9999 -9999 -9999 -9999 -9999 -9999 -9999 -9999 -9999 -9999 -9999 -9999 -9999 -9999 -9999 -9999 -9999 -9999 -9999 -9999 -9999 79.4798 360.861 957.88 826.097 325.647 176.758 429.85 280.245 512.695 906.25 880.677 573.395 459.956 923.487 975.365 294.998 241.721 347.761 165.01 278.414 191.406 130.998 150.668 183.242 343.357 382.085 100.586 48.8281 288.191 867.063 1231.35 1560.1 1887.28 2141.93 2474.29 2954.82 3628.7 3287.95 2497.05 1700.17 921.228 291.693 160.937 305.683 875.37 1614.47 2218.19
-9999 -9999 -9999 -9999 -9999 -9999 -9999 -9999 -9999 -9999 -9999 -9999 -9999 -9999 -9999 -9999 -9999 -9999 -9999 -9999 -9999 -9999 -9999 -9999 551.777 302.216 118.095 589.685 1257.85 1418.44 989.064 372.07 356.4 156.499 531.25 1309.57 1642.63 1354.66 1251.11 1539.89 1388.93 810.01 267.221 204.235 279.014 367.599 281.944 160.434 593.041 130.299 156.319 167.062 207.378 421.31 520.919 1033.73 1804.29 2344.88 2657.01 2938.8 3268.88 3556.17 3652.92 3340.28 2805.17 2047.84 1381.94 967.768 659.639 177.509 544.409 1304.71 1643.71
-9999 -9999 -9999 -9999 -9999 -9999 -9999 -9999 -9999 -9999 -9999 -9999 -9999 -9999 -9999 -9999 -9999 -9999 -9999 -9999 -9999 -9999 -9999 -9999 294.628 132.438 178.29 275.75 1007.58 1724.21 1288.37 532.114 108.439 78.125 401.01 1175.21 1862.98 1896.64 1844.6 1736.81 1660.62 1370.36 819.914 328.577 131.975 236.606 154.644 342.977 466.723 157.574 311.143 756.582 940.831 1206.46 1326.55 1629.99 2170.58 2941.14 3461.81 3709.62 3629.5 3247.12 2915.32 2585.25 2562.42 2398.58 1934.74 1551.97 1097.98 369.76 238.877 892.671 857.512
-9999 -9999 -9999 -9999 -9999 -9999 -9999 -9999 -9999 -9999 -9999 -9999 -9999 -9999 -9999 -9999 -9999 -9999 -9999 -9999 -9999 -9999 -9999 -9999 29.0698 153.667 142.717 480.009 1211.07 1963.67 1620.59 1038.24 519.528 150.68 280.915 991.766 1283.52 1256.01 1267.43 954.235 980.124 1331.81 1376 1022.15 678.557 491.34 117.396 131.836 133.928 158.631 682.576 1327.55 1726.94 1999.65 2123.43 2421.15 2758.09 3298.68 3977.14 3704.27 3124.7 2551.5 2120.74 1788.37 1788.37 1984.45 1521.73 964.544 707.357 650.44 162.693 378.284 191.152
-9999 -9999 -9999 -9999 -9999 -9999 -9999 -9999 -9999 -9999 -9999 -9999 -9999 -9999 -9999 -9999 -9999 -9999 -9999 -9999 -9999 -9999 -9999 -9999 61.2471 196.734 252.815 882.838 1579.68 2074.02 1434.19 807.789 600.177 414.67 150.235 389.366 511.929 486.024 604.276 212.469 271.173 775.182 1073.36 881.472 941.513 921.422 296.841 129.38 130.299 584.565 1222.7 1548.78 1707.13 2025.23 2417.68 2996.67 3510.93 3868.47 3871.62 3244.6 2580.1 1998.32 1424.54 993.214 993.214 1414.66 1035.48 407.719 102.984 270.642 123.047 43.9453 270.225
-9999 -9999 -9999 -9999 -9999 -9999 -9999 -9999 -9999 -9999 -9999 -9999 -9999 -9999 -9999 -9999 -9999 -9999 -9999 -9999 -9999 -9999 -9999 -9999 68.8711 561.987 765.917 1226.49 1981.97 1978.34 1184.82 391.377 150.391 167.547 103.793 220.629 107.393 148.351 160.405 319.274 205.968 187.119 353.563 167.871 302.042 683.517 608.829 140.29 328.536 1034.6 1254.04 899.318 912.262 1318.06 1983.54 2774.7 3518.89 3900.8 3397.76 2767.57 2118.06 1453.15 870.794 305.683 354.777 925.862 918.538 224.731 265.551 124.035 488.116 394.249 183.871
-9999 -9999 -9999 -9999 -9999 -9999 -9999 -9999 -9999 -9999 -9999 -9999 -9999 -9999 -9999 -9999 -9999 -9999 -9999 -9999 -9999 -9999 -9999 0 182.608 743.539 1337.38 1833.01 2324.58 2001.11 1204.24 415.941 137.973 629.179 764.222 871.138 738.166 744.523 394.318 399.6 334.269 53.7109 144.809 393.689 260.807 161.202 103.585 70.3125 483.602 995.406 963.829 252.075 223.934 841.54 1647.75 2395.57 2849.58 3220.46 3054.91 2256.33 1640.62 990.7 342.376 89.2717 150.807 366.565 820.403 327.79 283.059 750.325 1102.23 819.381 209.609
-9999 -9999 -9999 -9999 -9999 -9999 -9999 -9999 -9999 -9999 -9999 -9999 -9999 -9999 -9999 -9999 -9999 -9999 -9999 -9999 -9999 -9999 250 73.2984 54.6875 380.687 1163.83 1960.71 2590.79 2014.05 1217.18 433.462 144.919 781.795 1442.25 1669.88 1383.5 820.912 359.648 119.141 233.884 140.833 153.54 94.1545 221.05 177.914 67.6198 38.0859 88.8672 566.679 858.676 171.875 346.548 952.171 1430.15 1708.22 2081.05 2546.74 2667.05 1912.91 1121.76 527.398 130.998 367.946 545.745 79.1016 284.661 301.406 176.128 854.099 1526.19 1249.86 839.499
-9999 -9999 -9999 -9999 -9999 -9999 -9999 -9999 -9999 -9999 -9999 -9999 -9999 -9999 -9999 -9999 -9999 -9999 -9999 -9999 -9999 -9999 250 88.5167 150.738 406.968 1183.25 1980.12 2703.33 2311.77 1522.94 813.555 186.633 544.139 1302.03 1736.47 1253.28 506.687 86.0763 386.587 626.436 117.396 199.41 158.914 134.246 518.487 263.471 200.542 316.753 379.461 414.063 194.683 251.029 826.66 710.708 954.835 1419.45 1933.6 2343.77 1755.1 980.124 236.855 81.0547 226.91 646.048 187.778 148.715 104.492 75.1953 569.747 1350.91 1810.05 1400.36
-9999 -9999 -9999 -9999 -9999 -9999 -9999 -9999 -9999 -9999 -9999 -9999 -9999 -9999 -9999 -9999 -9999 -9999 -9999 -9999 -9999 -9999 79.7872 16.0944 230.73 576.406 1280.33 2060.63 2416.76 2459.93 1824.4 1043.27 300.748 246.51 747.79 1166.85 750.375 226.84 383.432 1016.45 951.545 236.826 124.301 370.107 120.632 635.225 732.883 370.557 179.994 83.9844 342.895 128.641 137.904 253.064 112.75 344.681 807.789 1525.53 1690.92 1401.41 1122.11 414.433 111.299 140.094 213.723 167.27 333.211 97.7951 147.808 488.168 1092.73 1602.64 1220.07
-9999 -9999 -9999 -9999 -9999 -9999 -9999 -9999 -9999 -9999 -9999 -9999 -9999 -9999 -9999 -9999 -9999 -9999 -9999 -9999 -9999 853.553 191.168 34.1797 392.528 1039.39 1520.4 1865.29 1655.79 1890.55 1689.72 913.833 202.536 182.895 267.688 612.127 315.2 248.643 706.897 1351.94 934.819 214.48 451.897 833.285 243.09 328.213 963.247 1043.06 515.527 185.264 272.889 173.783 494.507 421.875 376.821 133.425 449.671 965.214 1033.2 610.485 574.219 317.383 177.411 158.174 96.9573 85.9375 139.787 317.835 430.961 135.713 537.638 1153.86 864.159
-9999 -9999 -9999 -9999 -9999 -9999 -9999 -9999 -9999 -9999 -9999 -9999 -9999 -9999 -9999 1353.55 1288.83 -9999 -9999 353.553 137.575 419.477 315.66 39.0625 305.434 589.58 1041.28 1185.69 858.915 1178.38 1703.59 1212.76 778.143 596.943 147.808 73.3116 133.16 242.073 746.804 1052.72 834.678 218.75 650.836 961.667 543.583 179.688 805.025 698.153 424.522 131.836 209.961 414.919 738.228 558.936 389.696 127.595 72.5026 588.637 522.642 66.4757 108.398 126.185 269.249 631.821 727.103 290.52 319.331 810.263 954.455 402.126 170.211 691.121 478.563
-9999 -9999 -9999 -9999 -9999 -9999 -9999 -9999 -9999 -9999 0 -9999 -9999 252.221 857.819 937.878 738.166 538.587 86.6477 14.6484 97.6563 162.456 118.875 94.1545 147.947 142.018 500.921 703.21 220.559 737.979 1467.37 1712.95 1505.34 826.555 194.752 325.26 339.422 147.126 527.803 296.662 244.279 131.068 272.808 245.117 268.902 174.943 311.866 193.637 102.539 126.393 182.473 122.307 138.851 166.501 280.412 311.033 106.654 151.437 175.221 373.736 241.766 113.351 236.328 578.804 1071.52 478.049 140.903 544.029 1015.16 621.421 159.318 516.17 132.951
-9999 -9999 -9999 -9999 -9999 -9999 -9999 -9999 31.25 7.46269 75.671 71.4286 93.949 83.4743 191.684 202.455 113.253 137.973 101.91 372.661 143.301 122.07 424.95 491.953 657.08 443.766 154.112 183.201 64.4531 449.001 823.806 1401.54 1775.4 1215.8 860.485 767.781 192.383 178.625 561.317 556.394 479.447 128.346 252.63 451.803 294.709 160.295 21.4844 50.7813 11.7188 182.167 710.195 787.181 591.069 783.178 1049.34 669.194 94.2239 523.284 856.857 1119.39 976.145 650.323 359.145 204.836 810.419 924.677 365.703 248.643 323.752 152.454 335.494 689.335 237.929
-9999 -9999 -9999 -9999 -9999 -9999 192.308 53.4682 146.596 284.481 528.004 620.979 444.51 544.486 327.912 119.418 482.077 318.273 146.901 229.516 329.975 420.709 797.717 974.958 1121.55 1098.27 701.341 614.784 254.069 110.352 324.745 944.191 1658.82 1916.55 1604.4 993.068 257.836 112.276 191.291 622.465 244.361 70.3125 646.214 1127.97 790.302 307.751 100.586 146.484 237.577 110.825 616.958 1322.17 1387.94 1569.16 1652.92 944.33 329.987 746.5 1487.76 1912.91 1752.41 1392.26 837.203 217.364 371.558 750.952 385.05 56.6406 194.891 338.522 882.495 949.797 271.271
-9999 -9999 -9999 -9999 -9999 0 117.528 170.228 246.094 867.587 1171.75 1404.78 1230.12 1263.58 733.197 92.4096 308.335 661.056 721.684 342.491 208.008 397.982 571.088 386.379 698.627 1385.9 1483.36 1221.28 513.638 198.589 177.983 663.833 1460.71 2236.23 2043.48 1250.65 485.019 151.616 617.513 941.384 616.249 444.724 872.936 1430.62 805.175 262.078 433.069 590.36 476.933 108.231 799.766 1593.29 2126.9 2359.34 2070.95 1381.9 1012.48 1226.49 1852.89 2588.67 2513.55 1962.73 1281.21 607.235 128.346 168.108 167.172 172.945 400.177 771.991 955.8 613.03 128.068
-9999 -9999 -9999 -9999 -9999 66.9643 273.045 124.832 531.161 1224.84 1909.59 2194.62 2027 1793.41 1070.81 491.555 83.453 371.362 995.906 588.714 112.305 165.247 135.182 282.013 768.317 1522.29 1886.49 1190.83 416.635 279.436 754.497 1031.41 1719.59 2516.47 2370.02 1598.89 1018.25 757.583 1090.83 1625.1 1393.5 1238.17 1499.34 1775.48 1289.35 1007.58 1177.89 1069.84 389.193 133.789 818.072 1611.6 2404.56 2925.31 2504.21 2100.6 1809.36 1997.05 2350.01 2986.76 3090.69 2407.59 1730.14 1095.56 585.853 529.703 185.571 141.503 94.796 379.081 458.517 125.486 292.473
-9999 -9999 -9999 -9999 0 57.8704 130.23 368.53 1058.95 1677.78 2359.98 2950.36 2795.07 2219.51 1629.49 1005.46 338.522 224.176 975.222 991.376 293.94 523.533 812.074 1041.05 1374.88 1904.79 1915.28 1123.43 346.577 234.578 644.789 1310.58 2015.15 2794.58 2733.45 2157.39 1790.13 1570.08 1828.97 2211.5 2206 2050.67 2309.55 2409.44 2078.97 1807.62 1678.99 1024.18 467.902 147.6 656.46 1450.24 2115.09 2393.96 2571.15 2702.44 2598.93 2808.86 3139.63 3499.06 3542.42 2866.76 2234.13 1728.43 1378.33 1179.56 579.005 109.207 83.9844 142.925 142.925 220.842 581.849
-9999 -9999 -9999 125 35.3403 108.341 338.29 770.206 1313.7 1879.53 2359.78 3021.14 3272.48 2766.75 2132.41 1459.41 905.083 684.359 1219.09 1355.25 925.206 1113.9 1546.51 1837.93 2151.73 2485.31 2218.02 1442.88 807.085 250.064 282.99 1034.58 1831.46 2628.33 3161.92 2917.08 2587.01 2366.96 2625.84 2961.28 3001.81 2817.2 2890.01 2727.75 2411.97 1953.51 1319.07 641.386 133.858 371.101 923.353 1359.1 1486.6 1597.08 1788.37 2120.74 2554.93 3196.3 3818.55 4250.07 3994.12 3362.22 2857.1 2505.28 2164.7 1654.87 931.97 557.746 336.885 386.379 573.434 762.352 1227.58
