public/models/data/input/map/sulut/800/mapdriver.asc
NCOLS 310
NROWS 227
XLLCORNER 510063.019283
YLLCORNER 210717.685435
CELLSIZE 800.000000
NODATA_VALUE       -9999
[rows 33 to 65 of 227, columns 219 to 291 of 310]
-9999 -9999 -9999 -9999 -9999 -9999 -9999 -9999 -9999 -9999 -9999 -9999 -9999 -9999 -9999 -9999 -9999 -9999 -9999 -9999 -9999 -9999 -9999 -9999 -9999 -9999 -9999 -9999 -9999 -9999 -9999 -9999 -9999 -9999 -9999 1484.68 613.293 325.837 351.512 162.693 777.334 718.75 203.125 866.287 1336.22 941.19 463.307 213.151 765.734 701.822 141.642 226.696 318.031 976.971 604.013 75.8368 350.674 1067.59 1761.1 1560.74 980.776 276.78 198.828 567.651 934.797 1571.5 2374.27 3171.15 3968.02 4554.46 -9999 -9999 -9999
-9999 -9999 -9999 -9999 -9999 -9999 -9999 -9999 -9999 -9999 -9999 -9999 -9999 -9999 -9999 -9999 -9999 -9999 -9999 -9999 -9999 -9999 -9999 -9999 -9999 -9999 -9999 -9999 -9999 -9999 -9999 -9999 -9999 -9999 2180.65 1428.96 715.236 144.809 129.421 297.818 698.788 736.809 161.549 624.408 1028.34 349.437 137.066 371.591 909.49 434.07 221.05 156.389 654.387 1018.8 667.03 154.771 133.356 699.482 1378.02 1004.7 432.071 144.11 314.865 115.68 476.905 1264.05 2076.55 2873.43 3670.3 4045.3 -9999 -9999 -9999
-9999 -9999 21295.9 20838.6 20174.6 19442.7 18795.9 -9999 -9999 -9999 -9999 -9999 -9999 -9999 -9999 -9999 -9999 -9999 -9999 -9999 -9999 -9999 -9999 -9999 -9999 -9999 -9999 -9999 -9999 -9999 -9999 -9999 3802.88 3325.18 2556.87 1768.37 1025.09 290.312 174.314 175.446 222.149 719.274 305.255 374.497 820.326 251.936 410.364 779.868 621.098 141.405 464.123 187.5 574.625 323.376 196.636 288.428 235.699 578.125 1172.43 610.485 140.065 163.086 567.84 122.585 498.037 1283.47 2095.97 2892.85 3689.72 4211.61 -9999 -9999 -9999
-9999 -9999 21312.3 20785 19988.1 19191.3 18407.8 -9999 -9999 -9999 -9999 -9999 -9999 -9999 -9999 -9999 -9999 -9999 -9999 -9999 -9999 -9999 -9999 -9999 -9999 -9999 -9999 -9999 -9999 -9999 -9999 3078.43 3591 3371.42 2591.07 1794.19 981.694 237.75 375.268 582.773 170.633 512.212 151.98 384.143 282.401 162.399 692.097 906.183 224.858 387.166 762.908 351.344 199.496 253.121 558.531 728.917 250 578.125 1029.05 519.261 250 187.5 732.302 354.181 421.875 1218.75 2031.25 2821.43 3618.21 4104.17 -9999 -9999 -9999
-9999 -9999 21142.4 20454.9 19658.1 18861.2 18070.8 17631.7 -9999 -9999 14539.9 13924.6 -9999 -9999 -9999 -9999 -9999 -9999 8080.36 7859.4 -9999 -9999 -9999 -9999 -9999 -9999 -9999 -9999 -9999 -9999 1969.49 2436.72 2895.53 3249.9 2624.92 1840.61 1065.14 366.311 210.88 535.041 124.26 166.461 360.452 376.041 252.798 712.294 1117.48 744.073 165.958 681.913 716.413 241.974 249.354 744.671 1253.06 1011.93 250 551.667 658.981 165.831 322.289 187.5 756.039 373.492 421.875 1218.75 2031.25 2701.15 3500 -9999 -9999 -9999 -9999
-9999 -9999 20806.4 20124.9 19328 18531.1 17849.8 -9999 -9999 -9999 14481.4 13720.9 12924 12046.5 11227.8 10689.1 -9999 -9999 7955.16 7672.08 -9999 -9999 -9999 -9999 -9999 -9999 -9999 -9999 -9999 988.23 1377.43 1766.62 2382.83 2917.96 2317.59 1520.72 730.444 162.693 481.881 758.863 671.09 678.347 864.88 375 336.753 1036.19 820.912 491.489 136.424 672.755 431.59 176.77 142.157 560.683 1276.54 1087.93 336.21 344.305 389.366 297.078 411.054 166.432 387.159 184.889 452.34 1244.64 2022.16 2793.53 3224.87 -9999 -9999 -9999 -9999
-9999 -9999 20376.6 19802.8 19020.1 18326.1 17864 -9999 -9999 14760.4 14246.9 13447.2 12735.3 11902.7 10957.5 10224.1 -9999 -9999 -9999 -9999 -9999 -9999 -9999 -9999 -9999 -9999 -9999 -9999 655.856 403.97 630.476 1254.16 1974.24 2370.41 2075.53 1287.72 475.794 94.559 156.487 279.096 734.75 1209.22 1251.87 528.306 232.422 855.667 443.003 100.655 88.8672 528.27 178.053 276.003 376.821 277.547 884.506 799.926 234.578 342.295 239.31 405.431 206.512 120.187 178.012 295.755 846.588 1456.92 1825.19 -9999 -9999 -9999 -9999 -9999 -9999
-9999 -9999 -9999 -9999 -9999 -9999 -9999 -9999 -9999 -9999 -9999 -9999 -9999 -9999 10471.3 9864.5 9397.97 -9999 -9999 -9999 -9999 -9999 -9999 -9999 -9999 -9999 -9999 -9999 834.727 217.769 231.515 962.534 1277 1596.06 1864.35 1426.65 781.434 531.25 592.117 291.872 212.383 768.317 1039.32 336.909 324.422 598.202 138.181 304.683 197.78 359.758 148.507 281.25 662.384 198.642 349.6 361.318 215.035 545.058 162.526 359.786 192.73 263.251 437.074 227.118 852.951 968.75 1062.41 -9999 -9999 -9999 -9999 -9999 -9999
-9999 -9999 -9999 -9999 -9999 -9999 -9999 -9999 -9999 -9999 -9999 -9999 -9999 -9999 10081.6 9524.08 8828.43 -9999 -9999 -9999 -9999 -9999 -9999 -9999 -9999 -9999 250 191.86 524.777 317.026 78.4026 392.781 496.141 1038.65 1162.13 928.347 990.509 1214.87 1321.99 853.632 390.019 698.153 891.458 207.031 541.197 819.531 416.64 181.641 278.847 150.975 369.483 281.25 970.648 745.468 554.977 167.969 453.335 221.871 130.091 500.471 282.712 292.31 360.861 286.896 385.941 203.125 367.953 -9999 -9999 -9999 -9999 -9999 -9999
-9999 -9999 -9999 -9999 -9999 -9999 -9999 -9999 -9999 -9999 -9999 -9999 -9999 -9999 -9999 9137.96 8708.94 -9999 -9999 -9999 -9999 -9999 -9999 -9999 1941.51 1207 458.518 119.149 204.813 517.47 230.423 155.482 126.115 561.334 423.691 209.291 381.352 1093.88 1660.45 1479.89 1094.26 897.539 858.956 278.761 308.601 984.557 677.853 482.481 241.974 298.893 250.833 371.771 1047.44 754.016 379.658 162.109 186.732 207.864 361.96 135.448 264.852 570.489 251.809 434.225 91.9357 185.126 173.826 898.866 1392.39 -9999 -9999 -9999 -9999
-9999 -9999 -9999 -9999 -9999 -9999 -9999 -9999 -9999 -9999 -9999 -9999 -9999 -9999 -9999 -9999 -9999 -9999 -9999 -9999 -9999 -9999 2996.84 2443.06 1666.39 977.701 299.101 261.367 92.7734 231.89 817.354 801.276 325.647 234.375 250.89 360.012 174.146 679.933 1190.76 1568.1 1089.5 336.95 460.449 516.673 187.778 759.25 1113.19 704.374 164.242 542.571 158.203 450.475 981.083 391.377 196.636 255.507 396.006 146.259 484.43 262.061 320.585 944.172 779.011 410.551 188.333 145.785 413.677 1156.9 1629.14 -9999 -9999 -9999 -9999
-9999 -9999 -9999 -9999 -9999 -9999 -9999 -9999 -9999 -9999 -9999 -9999 -9999 -9999 -9999 -9999 -9999 -9999 -9999 -9999 4207.11 3605.1 2945.79 2156.9 1360.03 574.388 144.11 585.848 424.453 222.934 747.898 860.581 923.768 818.568 856.591 632.503 221.05 160.307 542.255 1147.61 1163.47 531.161 174.008 183.201 103.516 239.6 573.579 614.669 217.034 762.791 413.15 281.25 906.25 375 388.875 925.558 856.543 241.778 415.439 536.487 250 806.805 361.064 140.903 249.926 260.807 944.134 1341.37 1410.97 -9999 -9999 -9999 -9999
-9999 -9999 -9999 -9999 -9999 -9999 -9999 -9999 -9999 -9999 -9999 -9999 -9999 -9999 -9999 -9999 -9999 -9999 -9999 4863.95 4276.92 3507.58 2710.71 1913.83 1116.96 337.244 345.739 1043.8 754.655 178.163 162.803 234.578 449.769 268.971 356.297 750.045 765.172 302.366 150.975 434.838 929.931 1149.62 796.707 322.493 226.488 126.115 164.046 425.506 199.456 822.574 479.135 281.25 955.559 502.989 222.321 946.193 718.75 163.225 673.253 371.927 292.825 635.945 163.225 522.585 190.078 513.731 1191.22 852.308 437.363 147.059 -9999 -9999 -9999
-9999 -9999 -9999 -9999 -9999 -9999 -9999 -9999 -9999 -9999 -9999 -9999 -9999 -9999 -9999 -9999 -9999 -9999 -9999 5218.67 4520.72 3708.22 2911.34 2114.47 1322.17 713.5 845.657 1401.34 1240.9 735.777 568.216 203.75 203.905 391.343 228.915 208.742 723.943 799.756 194.307 123.047 487.568 865.423 514.102 167.923 280.702 444.187 452.086 142.157 148.253 506.716 281.25 430.25 1110.28 684.254 154.072 658.755 718.75 203.125 645.845 264.926 245.672 235.277 194.822 521.688 187.778 811.286 877.213 380 122.544 439.81 944.491 -9999 -9999
-9999 -9999 -9999 -9999 -9999 -9999 -9999 -9999 -9999 -9999 -9999 -9999 -9999 -9999 -9999 -9999 -9999 -9999 -9999 5400.9 4769.07 3956.57 3191.81 2444.54 1842.74 1491.5 1593.84 1878.37 1767.08 1497.57 1215.72 524.469 191.586 769.512 767.496 265.007 420.484 790.556 190.164 307.514 150.628 202.385 159.972 452.261 923.533 1077.71 468.75 314.436 358.757 421.875 308.034 371.771 1122.81 1003.21 271.271 468.75 718.75 203.125 389.991 186.703 373.284 312.847 183.299 437.993 332.807 726.808 294.843 78.125 142.312 684.427 1026.37 309.722 388.889
-9999 -9999 -9999 -9999 -9999 -9999 -9999 -9999 -9999 -9999 -9999 -9999 -9999 -9999 -9999 -9999 -9999 -9999 -9999 5181.98 4486.58 3725.98 2942.84 2310.14 1902.84 1601.08 1706.74 1502.87 1328.13 1489.12 1512.49 801.824 189.309 294.12 714.438 912.066 1017.03 706.131 130.328 599.351 555.209 185.547 587.823 600.322 791.714 1146.74 465.399 328.125 375 419.194 499.325 281.25 1062.92 1003.33 259.552 393.832 493.645 190.078 144.641 514.102 937.47 377.365 108.341 599.133 601.837 212.342 199.006 168.524 152.315 697.763 1001.62 250 564.05
-9999 -9999 -9999 -9999 -9999 -9999 -9999 -9999 -9999 -9999 -9999 -9999 -9999 -9999 -9999 -9999 -9999 -9999 -9999 -9999 4121.32 3347.87 2599.03 1815.31 1190.06 826.555 964.293 743.18 531.25 754.621 1340.45 1210.59 689.302 279.778 263.066 768.932 1093.91 881.462 202.385 508.982 518.827 165.455 265.481 143.832 552.315 973.398 297.708 371.927 415.941 248.978 444.932 209.54 909.581 740.22 159.318 354.626 249.023 377.365 637.496 1021.94 818.043 163.502 230.117 383.188 336.885 300.563 612.572 96.9573 274.646 987.184 1018.61 250 537.937
-9999 -9999 -9999 -9999 -9999 -9999 -9999 -9999 -9999 -9999 -9999 -9999 -9999 -9999 -9999 -9999 -9999 -9999 -9999 -9999 -9999 2870.88 2255.66 1474.11 693.12 142.492 235.699 168.148 148.184 272.387 679.177 1102.38 1287.92 745.44 178.163 128.277 362.716 600.681 476.6 139.967 267.018 125.474 324.965 673.081 1079.1 1016.96 249.023 505.914 658.045 227.829 192.852 196.428 790.185 743.647 417.329 314.281 546.592 1111.17 1334.27 960.465 477.443 94.796 285.85 274.646 347.623 248.186 642.648 140.625 375 1171.88 1140.47 369.76 240.021
-9999 -9999 -9999 -9999 -9999 -9999 -9999 -9999 -9999 -9999 -9999 -9999 -9999 -9999 -9999 -9999 -9999 -9999 -9999 -9999 -9999 -9999 -9999 1355.38 755.757 162.023 403.957 580.241 659.727 277.073 147.877 544.33 1172.91 1126.27 693.478 492.542 293.033 237.398 404.795 351.795 232.001 162.89 228.597 567.935 992.337 936.075 413.325 141.209 234.375 217.41 216.179 322.538 452.78 1044.44 829.721 197.988 544.194 1338.11 1390.67 604.013 149.426 281.875 263.753 159.972 286.81 584.283 703.12 116.211 375 1171.88 1434.68 676.049 203.125
-9999 -9999 -9999 -9999 -9999 -9999 -9999 -9999 -9999 -9999 -9999 -9999 -9999 -9999 -9999 -9999 -9999 -9999 -9999 -9999 -9999 -9999 -9999 -9999 506.957 190.205 217.364 817.786 902.379 564.905 363.762 190.58 602.17 620.979 442.5 265.256 390.476 163.069 292.641 174.649 207.586 523.693 416.226 142.312 372.123 286.128 373.123 490.682 595.988 518.614 375 337.677 198.838 793.973 826.665 170.367 583.027 1325.9 1096.73 473.329 247.07 323.376 349.298 547.526 148.253 466.251 685.611 140.625 375 1171.88 1507.11 738.166 231.122
-9999 -9999 -9999 -9999 -9999 -9999 -9999 -9999 -9999 -9999 -9999 -9999 -9999 -9999 -9999 -9999 -9999 -9999 -9999 -9999 -9999 -9999 -9999 -9999 603.553 754.233 204.836 400.299 504.272 131.501 199.843 200.652 158.787 69.3359 202.34 410.024 255.507 401.982 910.873 705.219 161.48 555.185 946.027 436.035 246.984 267.238 182.699 680.419 1117.97 1271.68 1165.17 834.244 221.871 344.48 701.176 272.877 431.59 1088.28 686.681 149.969 481.095 250 558.531 1030.69 599.549 550.419 755.366 234.289 349.327 958.862 1464.05 1061.12 758.3
-9999 -9999 -9999 -9999 -9999 -9999 -9999 -9999 -9999 -9999 -9999 -9999 -9999 -9999 -9999 -9999 -9999 -9999 -9999 -9999 -9999 -9999 -9999 -9999 978.553 989.767 494.061 106.445 162.109 358.042 166.501 501.74 699.625 323.792 221.692 758.128 954.017 1105.81 1381.99 828.125 163.086 401.987 687.284 873.506 928.708 806.118 265.689 178.163 746.074 1299.6 1677.47 1280.62 665.235 225.373 183.409 282.123 148.756 636.584 502.989 222.321 794.969 250 578.125 1318.01 1352.29 1315.83 1227.2 542.411 140.903 448.955 1104.84 1628.36 1543.82
-9999 -9999 -9999 -9999 -9999 -9999 -9999 -9999 -9999 -9999 -9999 -9999 -9999 -9999 -9999 -9999 -9999 -9999 -9999 -9999 -9999 -9999 -9999 -9999 427.044 383.08 762.29 535.943 568.35 609.018 315.008 579.415 1207.51 752.142 200.554 286.896 993.709 1231.69 1359.29 926.676 498.384 249.076 149.426 268.971 681.154 1182.33 863.874 221.692 254.323 681.824 1412.91 1756.08 1310.3 861.294 511.709 189.841 146.484 252.231 254.67 400.398 951.21 416.48 693.12 1478.55 2054.92 2099.09 1672.79 1085.86 523.533 161.116 757.583 1570.08 1921.67
-9999 -9999 -9999 -9999 -9999 -9999 -9999 -9999 -9999 -9999 -9999 -9999 -9999 -9999 -9999 -9999 -9999 -9999 -9999 -9999 -9999 -9999 -9999 1207.11 562.011 122.111 323.752 301.655 169.697 193.024 238.906 703.938 1150.46 1196.67 615.445 149.761 410.434 437.107 635.785 396.319 222.656 417.971 551.892 297.413 272.635 844.299 1120.25 665.833 281.037 421.875 1218.75 1991.09 1944.12 1517.41 1148.24 819.355 594.226 245.395 139.648 490.421 944.273 287.329 604.013 1400.89 2191.29 2662.53 2212.82 1651.06 1067.56 666.839 1001.69 1770.72 2021.18
-9999 -9999 -9999 -9999 -9999 -9999 -9999 -9999 -9999 -9999 -9999 -9999 -9999 -9999 -9999 -9999 -9999 -9999 -9999 -9999 -9999 -9999 -9999 1354.97 1055.09 579.104 111.565 243.939 600.167 677.04 237.704 164.577 603.235 1021.54 942.724 435.178 175.781 193.706 218.75 224.858 443.725 435.178 944.196 748.867 222.692 338.441 1079.35 1043.52 311.519 421.875 1218.75 1868.62 1627.33 1230.88 778.648 502.989 375 381.97 252.3 421.875 839.973 206.402 578.125 1375 2170.7 2879.82 2545.15 1780.88 1139.03 922.779 1316.16 2010.18 2328.6
-9999 -9999 -9999 -9999 -9999 -9999 -9999 -9999 -9999 -9999 -9999 -9999 -9999 -9999 -9999 -9999 -9999 -9999 -9999 -9999 -9999 -9999 -9999 828.125 902.774 821.032 208.742 213.013 545.671 895.485 808.32 230.469 162.248 454.415 1152.69 1100.17 406.661 322.878 842.093 946.423 1169.95 1217.18 1504.83 1256.66 556.243 250 994.131 921.875 201.172 498.037 1276.77 1483.81 934.126 508.468 184.525 204.379 384.282 246.314 66.3775 419.194 745.979 146.623 593.69 1319.15 1968.07 2602.33 2277 1480.12 686.681 317.222 967.768 1770.72 2444.28
-9999 -9999 -9999 -9999 -9999 -9999 -9999 -9999 -9999 -9999 -9999 -9999 -9999 -9999 -9999 -9999 -9999 -9999 -9999 -9999 -9999 -9999 -9999 214.633 233.7 799.127 797.544 429.117 140.903 279.096 781.149 593.735 366.766 343.537 930.079 1189.01 503.971 170.211 578.498 950.259 1428.36 1882.05 2083.01 1407.36 610.485 140.065 599.03 855.167 336.909 312.981 958.32 1085.82 371.362 155.857 434.838 843.309 1137.02 895.754 306.59 213.123 575.499 324.977 250.873 852.99 1505.2 2292.01 2315.83 1518.96 724.595 162.89 725.222 1537.72 2331.8
-9999 -9999 -9999 -9999 -9999 -9999 -9999 -9999 -9999 -9999 -9999 -9999 -9999 -9999 -9999 -9999 -9999 -9999 -9999 -9999 -9999 250 726.434 585.751 163.502 746.223 1303.06 1084.81 556.758 105.301 513.305 890.541 536.233 149.929 342.694 1031.85 920.761 394.868 149.929 322.464 932.935 1725.41 2287.21 1700.32 1004.7 432.071 131.975 249.579 442.789 148.646 580.762 954.132 303.706 604.085 1039.48 1331.55 1442.37 1268.73 838.543 350.674 133.703 501.91 213.123 415.941 1204.24 2001.11 2400.74 1671.88 875 203.125 701.792 1508.69 2305.57
-9999 -9999 -9999 -9999 -9999 -9999 -9999 -9999 -9999 -9999 -9999 -9999 -9999 1125.52 330.738 82.5893 618.036 263.796 352.19 1171.88 1099.32 304.086 353.482 587.551 147.126 417.191 898.219 1407.1 930.965 465.973 136.06 214.844 276.322 398.878 164.982 663.617 1181.85 1066.7 687.712 380.687 865.533 1667.16 2406.05 2131.65 1560.74 1057.23 677.384 380.555 165.178 201.057 701.128 1230.11 832.502 486.22 516.424 702.727 671.875 671.875 669.864 608.082 265.984 336.933 301.655 391.377 1184.82 1981.69 2434.72 1730.12 933.249 217.589 496.927 1307.14 2104.01
-9999 -9999 -9999 -9999 -9999 -9999 -9999 -9999 -9999 -9999 -9999 235.849 508.249 1110.64 760.943 226.072 425.286 251.601 367.546 1074.54 1294.67 543.306 168.79 647.985 526.115 164.883 550.666 1333.89 1553.9 1009.8 361.416 152.413 320.377 127.664 280.465 225.373 659.251 789.304 753.633 946.016 1304.37 1949.6 2541.03 2621.97 2184.99 1806.01 1443.53 1056.61 771.47 650.888 1031.41 1626.3 1080.64 457.409 207.615 130.328 210.169 218.75 218.75 178.919 164.479 155.273 222.656 591.966 1333.86 2021.39 2474.32 1913.83 1116.96 327.12 468.75 1281.25 2078.13
-9999 -9999 -9999 -9999 -9999 -9999 -9999 -9999 -9999 -9999 976.17 406.661 254.976 875.329 1134.42 463.51 214.284 337.146 165.831 689.486 1331.17 890.816 221.871 355.401 790.129 280.915 432.26 1206.46 1659.58 956.456 220.282 259.789 566.234 194.544 608.072 274.507 145.826 198.474 168.79 443.766 1045.45 1516.84 1956.43 2642.24 2848.04 2576.58 2180.05 1846.62 1565.83 1422.76 1488.61 1696.46 1528.37 1112.01 785.309 622.319 637.264 237.929 452.739 621.357 530.149 237.23 110.352 362.266 958.823 1495.41 2172.55 1921.88 1125 328.125 468.75 1281.25 2078.13
-9999 -9999 -9999 -9999 -9999 -9999 -9999 -9999 -9999 -9999 1281.42 715.236 152.454 430.949 1100.99 737.979 155.69 541.676 274.646 332.038 1085.42 1264.59 665.235 177.758 276.334 398.988 281.25 1078.13 1547.43 860.485 194.752 265.8 574.381 171.107 676.42 794.591 585.853 482.838 472.924 142.018 396.336 824.831 1542.46 2128.81 2510.95 2958.52 2969.38 2617.75 2113.45 1418.17 900.608 978.553 1260.01 993.214 370.962 327.912 650.366 434.838 170.506 196.844 556.315 665.446 543.445 148.646 372.506 1060.69 1860.38 1921.88 1125 328.125 468.75 1204.23 2078.13
-9999 -9999 -9999 -9999 -9999 -9999 -9999 -9999 2985.13 2506.43 1731.88 947.031 212.556 176.545 665.235 929.72 253.068 402.681 537.377 234.375 968.75 1612.2 1242.05 710.578 234.023 312.5 276.98 1052.72 1649.66 1211.38 668.167 186.928 637.64 256.427 138.851 350.085 937.511 1252.13 1035.21 562.567 163.225 512.482 1007.47 1371.8 1907.25 2564.91 3205.38 2710.71 1913.83 1116.96 337.244 278.524 610.956 669.273 446.487 262.13 234.578 498.944 419.357 361.474 165.513 167.547 431.77 362.092 161.619 561.887 -9999 -9999 -9999 -9999 -9999 -9999 2591.4
