public/models/data/input/map/sulut/800/mapdagr.asc
NCOLS 310
NROWS 227
XLLCORNER 510063.019283
YLLCORNER 210717.685435
CELLSIZE 800.000000
NODATA_VALUE       -9999
[rows 140 to 174 of 227, columns 156 to 233 of 310]
2875.94 2496.23 2071.37 1607.71 1313.61 1366.97 1071.6 794.194 878.331 1096.87 1044.19 1298.71 1859.9 2645.91 3458.41 4239.51 4408.49 4081.38 3751.3 3576.55 3874.27 4204.35 4534.42 4878.8 5370.37 4891.93 4095.05 3298.18 2501.3 1688.8 935.067 466.799 402.571 922.783 1287.08 671.875 76.1719 0 78.125 781.25 1578.13 2375 3171.88 3968.75 4781.25 5578.13 6375 7171.88 7968.75 8683.92 8581.82 8132.85 7785.18 7455.11 7118.56 6788.48 6447.7 5812.65 5019.07 4206.57 3409.69 2666.59 2227.82 1897.75 1676.97 1365.39 1175.21 1206 1561.21 1934.99 2069.54 2207.11 2241.18 2138.79 -9999 -9999 2508.88 -9999
3622.85 3197.85 2736.38 2401.73 2110.49 2105.31 1837.01 1591.07 1675.21 1879.44 1841.07 2087.01 2426.24 2986.85 3788.48 4585.36 5121.62 4878.25 4548.18 4373.43 4671.15 5001.22 5331.3 5661.37 5857.09 5222 4425.13 3628.25 2831.38 2062.02 1583.81 1233.46 1162.26 1502.77 1350.7 643.741 100.586 0 132.183 839.499 1636.37 2433.25 3230.12 4027 4839.5 5636.37 6433.25 7230.12 7830.3 8032.55 8003.47 7673.4 7343.32 7013.25 6676.7 6346.62 6030.98 5704.93 5292.74 4536.64 3795.26 3354.78 3024.7 2694.62 2473.84 2162.26 1972.08 2002.87 2332.95 2620.35 -9999 -9999 -9999 -9999 -9999 -9999 -9999 -9999
4324.8 3863.91 3528.68 3198.6 2907.36 2902.19 2633.88 2387.94 2472.08 2676.32 2637.94 2883.88 3213.96 3552.62 4127.14 4915.44 5661.72 5675.13 5345.05 5170.3 5468.02 5798.1 6122.14 6211.65 5971.45 5451.76 4750.06 3958.33 3201.5 2710.59 2360.41 2030.33 1942.56 1754.23 989.027 320.291 38.0859 31.25 458.97 1163.79 1940.56 2737.44 3534.31 4331.19 5143.69 5940.56 6735.3 7278.75 7170.3 7235.68 7206.6 6876.52 6546.45 6216.37 5879.82 5549.75 5234.1 4933.25 4874.57 4727.39 4448.3 4038.91 3684.93 3354.85 3076.19 2823.6 2586.22 2402.2 2533.66 2835.25 -9999 -9999 -9999 -9999 -9999 -9999 -9999 -9999
4990.28 4655.63 4325.56 3995.48 3704.24 3699.06 3430.76 3184.82 3268.96 3473.19 3434.82 3680.76 4010.83 4340.91 4688.33 5254.66 6041.97 6437.74 6141.93 5967.18 6252.93 6414.02 6310.39 5848.27 5266.82 4894.64 4549.3 4103.66 3670.51 3338.76 3121.24 2820.34 2333.95 1570.08 757.583 111.271 60.5469 115.847 741.287 1514.71 2283.9 3067.51 3864.39 4661.26 5473.76 6268.74 6796.79 6625.65 6373.43 6442.08 6434.26 6079.65 5749.57 5419.5 5082.95 4752.87 4437.23 4136.37 4078.13 4123.43 4350.14 3842.77 3215.23 2858.84 2522.29 2372.59 2050.98 1714.04 1772.29 2235.64 -9999 -9999 -9999 -9999 -9999 -9999 -9999 -9999
5415.94 5420.27 5122.43 4792.35 4501.11 4495.94 4227.63 3981.69 4065.83 4270.07 4231.69 4477.63 4807.71 5137.79 5474.33 5815.28 6381.04 7021.29 6844.97 6602.62 6390.56 5894.91 5556.25 5223.66 4711.69 4139.87 3767.52 3434.93 3104.85 2813.61 2914.37 3033.08 2366.96 1570.08 757.583 101.505 32.2266 310.415 1031.55 1828.97 2625.64 3409.37 4194.46 4991.34 5802.65 6337.8 6143.69 5828.78 5576.55 5647.75 5829.21 5322.82 4952.7 4622.62 4286.07 3956 3640.36 3339.5 3281.25 3326.55 3621.12 3488.55 2714.68 2084.84 1725.41 1659.16 1454.9 922.884 993.243 -9999 -9999 -9999 -9999 -9999 -9999 -9999 -9999 -9999
4829.22 5258.14 5555.83 5586.26 5313.61 5308.44 5040.13 4794.19 4878.33 5082.57 5044.19 5290.13 5620.21 5950.29 6286.83 6616.91 6917.98 6784.9 6389.12 6052 5720.94 5273.28 4754.62 4413.67 4074.61 3572.27 3001.06 2625.28 2292.35 2001.11 2104.66 2433.7 2448.85 1751.3 971.98 555.128 399.768 722.014 1414.24 2180.59 2962.39 3759.26 4542.89 5322.06 5847.07 5661.26 5331.19 5016.28 4764.05 4835.25 5149.55 4851.73 4183.67 3810.12 3473.57 3143.5 2827.86 2527 2468.75 2514.05 2811.77 3000.09 2375.84 1578.97 935.795 865.533 1090.67 430.18 462.39 1158.42 2255.01 3039.95 3517.77 -9999 -9999 -9999 -9999 -9999
4130.85 4516.06 5102.18 5684.78 5874.95 6010.14 5829.01 5591.07 5675.21 5879.44 5841.07 6087.01 6417.08 6747.16 7083.71 7363.55 7047.6 6303.76 5671.76 5255.12 4925.05 4593.79 4145.29 3627.67 3280.25 2946.15 2444.73 1875.08 1498.33 1204.24 1307.79 1651.44 2062.93 1996.78 1550.38 1339.16 1168.73 1365.58 1848.97 2555.41 3300.71 4076.4 4866.24 5231.12 5139.9 4864.39 4534.31 4219.4 3967.18 4038.37 4368.45 4437.91 3727.75 3056.72 2676.7 2346.62 2030.98 1730.12 1671.88 1717.18 2014.9 2340.89 2140.69 1365.39 566.044 447.73 1109.13 741.233 257.504 1120.32 1846 -9999 -9999 -9999 -9999 -9999 -9999 -9999
3389.11 3975.33 4572.91 4940.48 5277.03 5610.54 6068.23 6321.65 6468.58 6676.32 6637.94 6883.88 7213.96 7544.03 7833.28 7512.39 6730.08 5935.21 5176.41 4535.48 4128.17 3798.1 3466.84 3019.38 2491.96 2153.3 1889.72 1343.87 747.156 415.941 530.553 941.297 1474.63 1456.07 1163.83 1359.49 1698.98 1933.34 2242.88 2681.2 3235.22 4005.2 4654.97 4491.5 4343.02 4067.51 3737.44 3422.53 3170.3 3241.5 3571.57 3851.06 3397.67 2600.79 1919.87 1549.75 1256.09 933.249 875 920.305 1231.59 1648.4 2123.26 1652.27 1077.74 1014.35 1340.29 1059.18 -9999 -9999 -9999 -9999 -9999 -9999 -9999 -9999 -9999 -9999
2848.28 3445.96 3813.53 4143.61 4482.44 4976.63 5628.77 6093.34 6748.04 7341.52 7434.82 7680.76 7931.99 7945.58 7783.51 7196.87 6400 5603.13 4807.93 4035.48 3409.67 3001.22 2671.15 2368.4 1926.19 1365.58 1166.31 1099.45 405.055 9.76563 34.8211 448.972 850.94 819.172 380.687 730.75 1259.39 1354.01 1625.84 2112.84 2878.25 3673.12 4003.02 3694.62 3546.15 3270.64 2940.56 2625.65 2373.43 2444.62 2774.7 3111.22 3043.22 2270.72 1459.36 794.059 605.892 281.788 140.625 190.58 520.476 1132.2 1906.77 2156.26 1756.66 1659.69 1992.44 -9999 -9999 -9999 -9999 -9999 -9999 -9999 -9999 -9999 -9999 -9999
2378.48 2686.58 3016.66 3346.73 3846.75 4504.58 4965.41 5635.71 6431.44 7243.33 7894.69 7877.58 7580.9 7251.3 7071.47 6857.32 6069.92 5273.05 4476.17 3665.52 2908.53 2281.57 1874.27 1576.55 1507.82 799.242 420.484 856.818 341.694 0 9.76563 272.652 167.074 247.626 132.813 233.018 527.571 557.138 971.98 1751.3 2548.18 3272.96 3227.82 2897.75 2774.92 2510.95 2143.69 1828.78 1576.55 1647.75 1983.54 2446.91 2688.28 1978.55 1166.05 400.398 96.2177 372.805 98.0033 0 148.339 881.472 1678.35 2283.41 -9999 -9999 -9999 -9999 -9999 -9999 -9999 -9999 -9999 -9999 -9999 -9999 -9999 -9999
1719.56 1874.08 2206.44 2697.7 3368.37 3826.77 4501.14 5298.02 6094.89 6907.06 7380.49 7098.95 6768.88 6438.8 6264.05 6389.07 5733.38 4936.5 4139.63 3327.13 2531.93 1773.46 1141.86 764.627 928.449 654.038 139.648 323.654 98.0033 0 34.1797 39.0625 0 0 24.4141 9.76563 71.2891 292.016 841.54 1647.75 2436.97 2739.87 2415.32 2085.25 1975.22 1904.79 1371.8 1016.95 764.222 841.54 1308.34 1911.29 2464.82 1897.75 1085.42 332.038 96.2177 593.324 194.724 15.625 256.594 992 1700.79 2000 -9999 -9999 -9999 -9999 -9999 -9999 -9999 -9999 -9999 -9999 -9999 -9999 -9999 -9999
954.235 1080.64 1573.68 2228.58 2699.82 3374.19 4171.07 4967.94 5764.82 6550.78 6632.15 6302.08 5972 5641.93 5467.18 5743.39 5401.29 4606.42 3809.55 2997.05 2200.17 1405.31 650.146 114.27 253.301 379.428 11.7188 58.5938 9.76563 0 0 0 9.76563 0 0 0 11.7188 292.722 910.086 1706 2435.5 2224.87 1660.21 1288.37 1178.35 1330.28 826.633 283.742 103.793 209.355 784.907 1549.75 2251.69 2146.82 1436.74 794.059 656.183 1025.28 811.413 578.125 740.353 1293.11 1796.76 -9999 -9999 -9999 -9999 -9999 -9999 -9999 -9999 -9999 -9999 -9999 -9999 -9999 -9999 -9999
212.469 457.409 1098.87 1562.46 2247.24 3044.12 3840.99 4637.86 5434.74 6052.52 5835.28 5505.2 5175.13 4845.05 4670.3 4968.02 5041.21 4366.96 3570.08 2757.58 1960.71 1163.83 380.687 5.85938 2.92969 95.9113 39.0625 24.4141 14.6484 0 0 0 53.7109 24.4141 0 0 0 82.0025 738.166 1549.66 1964.18 1622.2 1097.92 532.114 383.188 642.865 732.917 370.557 179.994 182.924 653.756 1364.62 1625.61 1717.05 1772.82 1547.74 1446.19 1730.96 1595.05 1375 1453.19 1446.64 -9999 -9999 -9999 -9999 -9999 -9999 -9999 -9999 -9999 -9999 -9999 -9999 -9999 -9999 -9999 -9999
15.625 97.5006 443.766 1105.81 1917.16 2714.04 3510.91 4307.79 5104.66 5413.35 5038.4 4708.33 4378.25 4048.18 3873.43 4171.15 4495.95 4496.15 3809.55 2997.05 2200.17 1405.31 650.146 158.215 19.5313 0 0 0 0 0 0 0 0 73.2422 19.5313 19.5313 0 75.5017 688.993 1486.68 1528.62 905.083 553.428 174.146 1.95313 194.724 851.201 985.703 654.634 522.097 616.531 862.818 841.069 925.206 1405.73 2028.31 1999.6 1861.09 1942.8 2004.93 1908.83 -9999 -9999 -9999 -9999 -9999 -9999 -9999 -9999 -9999 -9999 -9999 -9999 -9999 -9999 -9999 -9999 -9999
129.184 14.6484 191.684 910.419 1722.08 2518.96 3315.83 4112.71 4909.58 4974.91 4290.16 3911.45 3581.38 3251.3 3076.55 3374.27 3704.35 4030.91 4066.01 3327.13 2531.93 1773.46 1208.2 824.524 503.133 270.433 0 0 0 0 0 0 0 9.76563 58.5938 24.4141 0 47.8516 511.015 1304.86 1217.18 433.462 26.1996 10.7422 0 88.9078 500.65 654.22 189.841 20.9123 73.7855 288.064 123.995 306.566 1076.55 1756.2 1433.73 1089.5 1225.41 1750.44 -9999 -9999 -9999 -9999 -9999 -9999 -9999 -9999 -9999 -9999 -9999 -9999 -9999 -9999 -9999 -9999 -9999 -9999
769.892 383.906 318.579 842.112 1647.75 2444.62 3241.5 4038.37 4780 4625.74 3840.91 3152.73 2768.88 2438.8 2264.05 2561.77 2893.56 3367.52 4002.9 3665.52 2909.67 2347.98 1966.26 1605.69 1227.48 572.124 81.5693 5.85938 15.625 0 0 0 0 0 0 91.7681 270.115 536.575 981.435 1585.62 1393.07 722.77 357.151 479.135 478.563 130.594 121.302 293.466 138.1 98.0033 0 0 0 234.375 990.79 1321.18 942.32 331.998 474.781 -9999 -9999 -9999 -9999 -9999 -9999 -9999 -9999 -9999 -9999 -9999 -9999 -9999 -9999 -9999 -9999 -9999 -9999 -9999
1478.74 1149.32 1104.01 1387.28 1983.54 2774.7 3571.57 4304.92 4386.4 4115.04 3510.83 2713.96 2027.49 1641.93 1467.18 1767.18 2242.52 2921.11 3620.66 3977.07 3475.34 3093.21 2733.15 2352.67 1699.08 1098.99 628.049 380.687 519.488 130.507 0 0 7.8125 36.1328 302.382 538.978 1016.1 1252.87 1663.53 2092.36 1850.7 1448.44 1136.37 1253.33 1149.89 590.095 175.989 84.5971 181.653 87.8906 19.5313 0 7.8125 391.453 673.184 605.27 556.008 100.13 250 -9999 -9999 -9999 -9999 -9999 -9999 -9999 -9999 -9999 -9999 -9999 -9999 -9999 -9999 -9999 -9999 -9999 -9999 -9999
2256.85 1946.19 1900.89 2172.72 2524.14 3111.64 3835.36 3916.84 3595.05 3371.82 3103.72 2383.88 1587.01 898.824 672.021 1115.57 1793.75 2494.85 3266.68 3785.66 3952.41 3827.03 3477 2838.15 2225.94 1750.15 1385.39 1163.83 1172.16 606.033 70.2838 0 36.1328 81.0547 753.346 1243.13 1647.08 2046.73 2379.82 2747.12 2575.39 2237.44 1933.25 2026.55 1605.65 844.939 317.766 103.36 0 0 0 0 31.25 354.205 510.785 436.583 125.151 0 -9999 -9999 -9999 -9999 -9999 -9999 -9999 -9999 -9999 -9999 -9999 -9999 -9999 -9999 -9999 -9999 -9999 -9999 -9999 -9999
3053.73 2743.07 2697.76 2969.59 3306.14 3577.26 3456.91 3128.25 2798.18 2575.44 2409.97 2072.38 1369.23 601.773 151.408 667.204 1367.9 2154.87 2664.7 3005.28 3335.36 3729.66 3901.74 3363.37 2876.29 2512.18 2180.76 1960.71 1738.68 1008.61 317.165 62.5 7.8125 189.101 904.22 1694.79 2322.44 2764.13 3174.69 3500.3 3364.39 3034.31 2730.12 2661.77 1970.75 1361.51 967.32 434.613 29.9383 0 0 0 0 9.76563 214.169 380.965 25.3906 0 -9999 -9999 -9999 -9999 -9999 -9999 -9999 -9999 -9999 -9999 -9999 -9999 -9999 -9999 -9999 -9999 -9999 -9999 -9999 -9999
3850.6 3539.94 3494.64 3766.47 3944.8 3408.18 2837.65 2337.1 2001.3 1778.57 1615.39 1512.03 1060.72 402.918 42.0616 471.15 1216.42 1715.93 1878.33 2208.41 2604.27 3229.53 3970.7 4005.72 3638.62 3307.71 2977.63 2697.35 2150.28 1423.53 910.086 643.689 166.64 85.0303 778.507 1571.19 2368.07 3145.16 3820.52 4295.44 4161.26 3831.19 3521.68 3103.31 2485.02 2087.34 1546.71 888.736 242.865 0 53.7109 117.188 0 0 143.468 156.262 4.88281 0 -9999 -9999 -9999 -9999 -9999 -9999 -9999 -9999 -9999 -9999 -9999 -9999 -9999 -9999 -9999 -9999 -9999 -9999 -9999 -9999
4663.1 4352.44 4307.14 4420.75 3827.13 3030.25 2273.42 1698.5 1195.67 966.641 805.175 718.75 687.785 345.196 452.277 696.131 863.544 968.75 1065.83 1463.41 2094.39 2879.82 3676.7 4401.35 4445.89 4120.21 3782.31 3266.78 2572.58 2049.97 1617.62 920.305 198.532 40.0391 570.083 1366.96 2163.83 2960.71 3757.58 4564.71 4932.19 4642.39 4200.71 3634.07 3228.61 2684.55 2024.98 1347.26 716.361 127.3 187.847 46.875 0 0 64.4531 167.31 77.3854 78.125 -9999 -9999 -9999 -9999 -9999 -9999 -9999 -9999 -9999 -9999 -9999 -9999 -9999 -9999 -9999 -9999 -9999 -9999 -9999 -9999
5459.98 5145.89 4923.56 4308.6 3497.05 2700.17 1903.3 1147.61 575.597 223.367 210.152 93.75 198.74 645.546 240.16 151.922 165.317 203.125 340.741 967.438 1752.87 2549.75 3346.62 4143.5 4870.71 4901.39 4392.31 3702.46 3186.09 2740.53 2014.9 1267.79 735.777 578.125 862.246 1567.59 2364.47 3161.34 3958.22 4770.72 5490.14 5326.24 4764.46 4363.34 3811.5 3151.69 2457.13 1714.04 922.884 275.872 250.972 51.7578 0 24.4141 231.065 547.473 421.351 453.227 -9999 -9999 -9999 -9999 -9999 -9999 -9999 -9999 -9999 -9999 -9999 -9999 -9999 -9999 -9999 -9999 -9999 -9999 -9999 -9999
6211.91 5639.61 4879.9 4083.03 3270.53 2473.65 1676.78 879.902 182.502 90.8203 77.1484 169.154 399.727 415.613 29.2969 0 0 0 141.949 852.443 1649.32 2446.19 3243.07 4039.94 4852.44 5386.41 4830.38 4314.18 3877.79 3141.85 2394.74 1835.18 1321.06 923.311 1063.05 1671.15 2468.02 3264.9 4061.77 4874.27 5659.1 5863.42 5488.81 4949.66 4278.88 3584.08 2840.99 2050.98 1394.83 972.081 722.85 234.162 19.5313 0 478.147 460.87 588.505 1056.39 1500 -9999 -9999 -9999 -9999 -9999 -9999 -9999 -9999 -9999 -9999 -9999 -9999 -9999 -9999 -9999 -9999 -9999 -9999 -9999
6242.01 5584.16 4828.13 4031.25 3218.75 2421.88 1625 828.125 109.375 0 33.2031 127.93 193.845 146.623 106.445 59.5703 0 0 334.257 1110.03 1906.9 2703.78 3500.65 4297.53 5110.03 5737.29 5441.13 4989.17 4264.1 3454.8 2720.28 1957.13 1162.26 408.291 621.108 1412.26 2209.14 3006.01 3802.89 4615.39 5412.26 6164.49 6075.48 5418.64 4712.04 3967.94 3177.93 2521.24 2016.98 1412.37 732.663 151.575 0 0 202.814 40.3454 375 1166.51 1644.07 -9999 -9999 -9999 -9999 -9999 -9999 -9999 -9999 -9999 -9999 -9999 -9999 -9999 -9999 -9999 -9999 -9999 -9999 -9999
5884.57 5140.34 4591.26 3853.74 3041.24 2244.37 1452.52 754.655 143.064 34.1797 156.25 131.836 47.8516 64.4531 10.7422 204.796 14.6484 58.5938 651.005 1431.16 2223.84 3020.72 3817.59 4614.47 5426.97 6181.33 6115.03 5375.78 4578.97 3766.47 2969.59 2172.72 1387.28 842.112 971.98 1625.84 2422.72 3219.59 4016.47 4828.97 5625.84 6419.77 6473.97 5843.54 5094.89 4298.31 3556.2 2821.9 2037.72 1225.22 429.491 22.4609 58.5938 0 0 43.9453 327.069 888.726 1178.86 -9999 -9999 -9999 -9999 -9999 -9999 -9999 -9999 -9999 -9999 -9999 -9999 -9999 -9999 -9999 -9999 -9999 -9999 -9999
5548.02 4751.14 4002.89 3465.19 2748.02 1960.71 1163.83 380.687 5.85938 4.88281 102.539 39.0625 19.5313 29.2969 83.0078 87.8906 0 247.302 946.508 1751.3 2548.18 3345.05 4141.93 4938.8 5751.3 6537.45 6509.26 5712.39 4915.51 4103.01 3306.14 2524.14 1983.54 1647.75 1751.3 2112.84 2760.98 3556.14 4353.01 5165.51 5962.39 6643.17 6222.03 5568.17 5109.88 4501.71 3740.49 2944.62 2147.75 1335.25 572.124 105.914 24.4141 56.5611 0 0 30.8642 166.667 -9999 -9999 -9999 -9999 -9999 -9999 -9999 -9999 -9999 -9999 -9999 -9999 -9999 -9999 -9999 -9999 -9999 -9999 -9999 -9999
5217.94 4421.07 3624.19 2875.94 2396.59 1842.24 1131.35 378.399 5.85938 24.4141 0 0 0 0 0 0 81.2629 595.25 1317.97 2088.92 2878.25 3675.13 4472 5268.88 6081.38 6867.53 6839.34 6042.47 5245.59 4433.09 3652.23 3111.64 2774.7 2444.62 2548.18 2878.25 3242.08 3888.5 4683.09 5495.59 6292.46 6613.82 5891.96 5095.08 4433.03 4071.5 3703.93 3175.85 2455.96 1647.47 931.396 256.386 0 0 0 0 0 -9999 -9999 -9999 -9999 -9999 -9999 -9999 -9999 -9999 -9999 -9999 -9999 -9999 -9999 -9999 -9999 -9999 -9999 -9999 -9999 -9999
4877.86 4090.99 3294.12 2497.24 1738.51 1268.44 745.226 210.973 2.92969 0 0 0 0 0 0 5.85938 336.083 1053.42 1721.63 2459.71 3216.2 4005.2 4802.08 5598.95 6411.45 7197.6 7169.42 6372.54 5575.67 4778.04 4238.59 3901.65 3571.57 3241.5 3345.05 3675.13 4005.2 4369.03 5014.88 5825.67 6570.1 6358.76 5561.88 4765.01 3954.22 3308.37 2944.54 2614.47 2371.77 1822.3 1025.43 278.092 0 0 -9999 -9999 -9999 -9999 -9999 -9999 -9999 -9999 -9999 -9999 -9999 -9999 -9999 -9999 -9999 -9999 -9999 -9999 -9999 -9999 -9999 -9999 -9999 -9999
4422.18 3760.91 2964.04 2167.16 1354.66 613.278 226.84 3.90625 0 19.5313 0 0 0 0 3.90625 237.144 780.296 1439.17 2181.51 2861.65 3586.66 4343.16 5132.15 5929.03 6741.53 7527.68 7499.49 6702.62 5917.18 5364.4 5028.6 4698.52 4368.45 4038.37 4141.93 4472 4802.08 5132.15 5493.69 6155.74 6595.42 5982.32 5231.81 4434.93 3622.43 2827.84 2181.42 1817.59 1681.68 1851.38 1407.07 771.147 0 0 -9999 -9999 -9999 -9999 -9999 -9999 -9999 -9999 -9999 -9999 -9999 -9999 -9999 -9999 -9999 -9999 -9999 -9999 -9999 -9999 -9999 -9999 -9999 -9999
3944.98 3753.95 3022.29 2225.41 1412.91 681.824 281.875 175.291 0 4.88281 0 0 0 24.4141 283.545 775.72 1340.34 1907.25 2564.91 3322.68 3988.6 4713.61 5469.77 6259.11 7071.61 7857.76 7829.57 7044.14 6498.97 6155.55 5825.48 5495.4 5165.32 4835.25 4938.8 5268.88 5598.95 5929.03 6259.11 6601.3 6382.28 5588.99 4856.24 4104.85 3292.35 2495.48 1700.32 1052.18 884.803 1376.76 1939.05 2164.21 -9999 -9999 -9999 -9999 -9999 -9999 -9999 -9999 -9999 -9999 -9999 -9999 -9999 -9999 -9999 -9999 -9999 -9999 -9999 -9999 -9999 -9999 -9999 -9999 -9999 -9999
3218.75 3365.5 3151.26 2371.4 1559.74 781.149 293.83 123.186 0 0 0 7.8125 124.035 416.965 952.82 1395.15 1914.86 2477.2 3044.1 3713.96 4457.51 5124.58 5847.87 6603.36 7408.15 8194.3 8180.99 7640.4 7304.6 6968.05 6637.98 6307.9 5977.82 5647.75 5751.3 6080.9 6377.58 6574.08 6845.55 6810.16 6048.02 5251.14 4454.27 3725.85 3030.35 2249.54 1452.67 658.078 365.421 1086.82 1819.63 -9999 -9999 -9999 -9999 -9999 -9999 -9999 -9999 -9999 -9999 -9999 -9999 -9999 -9999 -9999 -9999 -9999 -9999 -9999 -9999 -9999 -9999 -9999 -9999 -9999 -9999 -9999
2421.88 2577.21 2849.26 2464.03 1674.98 890.524 239.42 142.018 73.4504 0 13.6719 344.48 758.233 1133.88 1551.09 2076.84 2522.91 3042.39 3604.15 4183.25 4842.12 5583.32 6252.1 6974.82 7745.77 8529.07 8760.08 8431.55 8101.48 7764.93 7424.45 7090.91 6760.83 6430.76 6445.58 6431.99 6180.76 6018.96 6220.51 6353.88 5717.94 4921.07 4124.19 3327.32 2664.32 2234.79 1662.19 1092.96 931.678 957.107 -9999 -9999 -9999 -9999 -9999 -9999 -9999 -9999 -9999 -9999 -9999 -9999 -9999 -9999 -9999 -9999 -9999 -9999 -9999 -9999 -9999 -9999 -9999 -9999 -9999 -9999 -9999 -9999
1625 1780.33 2117.27 2051.36 1559.25 911.848 280.979 191.124 168.524 0 137.54 780.33 1452.42 1885.18 2268.14 2679.99 3202.82 3649.87 4168.77 4743.29 5310.2 5969.48 6710.27 7378.48 8116.56 8873.06 9447.02 9228.43 8838.49 8271.6 7564.22 7045.89 6710.66 6380.58 6044.04 5713.96 5383.88 5222.08 5423.64 5661.4 5359.09 4590.99 3794.12 2997.24 2186.46 1540.6 1215.61 1349.85 1550.76 -9999 -9999 -9999 -9999 -9999 -9999 -9999 -9999 -9999 -9999 -9999 -9999 -9999 -9999 -9999 -9999 -9999 -9999 -9999 -9999 -9999 -9999 -9999 -9999 -9999 -9999 -9999 -9999 -9999
828.125 990.32 1530.91 1405.73 919.163 472.196 60.5469 0 0 13.6719 462.263 1035.95 1633.59 2352.92 2954.11 3395.1 3806.94 4330.74 4776.01 5305.62 5870.81 6437.15 7096.02 7838.37 8518.5 9243.51 9913.98 9593.51 8824.02 8011.52 7214.64 6438.93 5918.36 5583.71 5247.16 4917.08 4587.01 4425.21 4626.76 4866.04 4841.4 4260.91 3464.04 2667.16 1854.66 1060.08 459.35 743.406 1518.99 -9999 -9999 -9999 -9999 -9999 -9999 -9999 -9999 -9999 -9999 -9999 -9999 -9999 -9999 -9999 -9999 -9999 -9999 -9999 -9999 -9999 -9999 -9999 -9999 -9999 -9999 -9999 -9999 -9999
143.555 476.119 1249.54 1108.92 363.398 112.317 0 0 0 0.976563 179.826 545.271 1288.37 2085.25 2897.65 3680.39 4363.18 4914.75 5460.63 5911.25 6432.57 6997.19 7564.1 8221.76 8979.53 9645.46 9982.04 9290.81 8493.94 7681.44 6884.57 6087.69 5309.69 4789.69 4450.29 4120.21 3790.13 3628.33 3829.89 4069.16 4095.97 3973.84 3514.2 2725.41 1912.91 1121.76 575.949 697.015 -9999 -9999 -9999 -9999 -9999 -9999 -9999 -9999 -9999 -9999 -9999 -9999 -9999 -9999 -9999 -9999 -9999 -9999 -9999 -9999 -9999 -9999 -9999 -9999 -9999 -9999 -9999 -9999 -9999 -9999
