public/models/data/input/map/sulut/800/mapdagr.asc
NCOLS 310
NROWS 227
XLLCORNER 510063.019283
YLLCORNER 210717.685435
CELLSIZE 800.000000
NODATA_VALUE       -9999
[rows 140 to 174 of 227, columns 0 to 77 of 310]
-9999 -9999 -9999 -9999 19392.8 18753.5 18056.1 17259.3 16462.4 15665.5 14853 14056.1 13259.3 12462.4 11665.5 10853 10056.1 9259.26 8462.39 7665.51 6853.01 6056.14 5259.26 4462.39 3665.51 2853.59 2167.69 1660.28 1052.18 732.742 670.63 1300.46 1942.95 1854.66 1893.96 2014.05 2311.77 2656.72 3227.55 3897.22 4657.39 5423.23 5495.4 5165.32 4835.25 4764.05 5054.09 4844.45 4183.67 3810.12 3473.57 3143.5 2968.75 3066.8 3277.77 2713.51 1916.64 1131.85 418.996 17.6056 0 0 0 16.3934 2.60417 264.993 531.87 660.91 166.64 335.442 292.825 1.95313 278.315 770.766 571.686 249.084 300.366 250
-9999 -9999 -9999 -9999 -9999 18786.8 18204.3 17576.1 16778.4 15995.6 15183.1 14386.2 13589.3 12792.5 11995.6 11183.1 10386.2 9589.34 8792.46 7995.59 7183.09 6386.21 5589.34 4792.47 3995.59 3294.64 2786.66 2181.42 1817.59 1525.43 1444.62 1762.32 1535.75 1060.08 1097.08 1217.18 1530.91 2100.27 2772.48 3514.82 4327.32 4914.39 4698.52 4368.45 4038.37 3967.18 4264.9 4398.41 3727.75 3056.72 2676.7 2346.62 2171.88 2346.62 2675.31 2521.48 1756.01 959.137 281.788 140.625 102.539 58.5938 117.188 215.468 205.004 97.6563 41.0156 120.395 7.8125 223.281 438.258 35.1563 62.5 130.16 144.531 0 27.3438 80.3571
-9999 -9999 -9999 -9999 -9999 -9999 -9999 17677.5 16921.4 16289.8 15401 14716.3 13919.4 13122.5 12325.7 11513.2 10716.3 9919.42 9122.54 8325.67 7513.17 6716.29 5919.42 5122.54 4434.36 3914.18 3308.37 2944.54 2614.47 2322.3 2216.72 1968.62 1196.19 433.069 336.909 435.178 973.316 1646.27 2387.87 3184.74 3991.39 4232.9 3901.65 3571.57 3241.5 3170.3 3468.02 3769.98 3395.66 2600.79 1919.87 1549.75 1375 1549.75 1919.87 2484.77 2034.31 1318.67 933.249 806.641 234.375 0 39.0625 116.211 168.177 14.6484 117.326 350.801 188.113 377.85 372.621 42.9688 0 0 0 0 0 56.3749
-9999 -9999 -9999 -9999 -9999 -9999 -9999 -9999 -9999 -9999 15408.1 14767.9 14249.5 13452.6 12655.7 11843.2 11046.4 10249.5 9452.62 8655.74 7843.24 7046.37 6249.49 5563.03 5051.61 4433.03 4071.5 3741.42 3411.34 3111.09 2669.08 1921.88 1125 328.125 0 49.8741 518.581 1260.91 2057.79 2854.66 3656.44 3652.23 3111.64 2774.7 2444.62 2373.43 2671.15 3001.22 3021.56 2270.72 1459.36 794.059 578.125 794.059 1459.36 2263.92 2428.46 2034.31 1714.94 1202.02 499.564 122.348 161.688 216.936 455.906 105.746 69.6423 480.737 585.049 867.948 538.146 42.9688 0 63.4766 185.894 255.507 203.125 246.747
-9999 -9999 -9999 -9999 -9999 -9999 -9999 -9999 -9999 -9999 -9999 14760.4 14399.1 13696.3 12774.7 12173.3 11376.4 10579.6 9782.69 8985.82 8173.32 7376.44 6688.26 6178.56 5568.17 5198.45 4868.37 4538.29 4196.78 3618.2 2815.83 2018.96 1222.08 473.831 209.961 4.88281 371.927 1157.36 1954.24 2751.11 3530.35 3306.14 2524.14 1983.54 1647.75 1576.55 1874.27 2281.57 2682.49 2070.08 1257.58 467.572 30.2734 400.398 1166.05 1978.55 2718.17 2816.54 2308.57 1636.18 1147.83 619.468 262.482 836.77 1000.54 418.45 133.76 126.659 154.141 276.98 425.494 362.577 98.841 228.654 127.3 155.343 422.425 918.825
-9999 -9999 -9999 -9999 -9999 -9999 -9999 -9999 -9999 -9999 -9999 -9999 -9999 -9999 -9999 -9999 11498.6 10901.1 10119.2 9322.37 8510.44 7824.54 7317.13 6709.03 6347.49 6010.95 5680.87 5335.92 4749.56 3958.41 3145.91 2349.03 1605.93 1165.82 803.421 537.722 836.504 1461.76 2245.48 3042.35 3598.08 2969.59 2172.72 1387.28 842.112 764.627 1141.86 1784.85 2505.91 2163.56 1363.98 646.498 70.5495 278.177 1014.05 1826.55 2623.43 3226.3 2774.75 2296.88 1753.49 1108.17 871.859 1288.96 1476.52 782.451 386.951 259.021 523.892 290.582 619.145 916.142 639.177 500.407 494.408 728.424 754.255 895.993
-9999 -9999 -9999 -9999 -9999 -9999 -9999 -9999 -9999 -9999 -9999 -9999 -9999 -9999 -9999 -9999 -9999 10735.3 10317.4 9647.38 8951.5 8443.51 7838.27 7474.44 7144.37 6807.82 6461.73 5875.37 5085.36 4288.48 3475.98 2734.6 2292.1 1909.42 1548.18 1334.6 1567.59 1965.74 2589.29 3372.43 3546.19 2756.01 1959.14 1162.26 394.481 114.27 671.415 1459.14 2193.51 1865.39 1052.89 325.647 320.054 861.351 1354.91 2124.27 2921.15 3454.39 3177.65 2772.74 2195.18 1854.53 1668.73 1958.64 1909.81 1469.41 1012.02 985.466 1236.51 1084.6 1294.83 1185.7 424.13 168.414 178.89 478.096 241.125 386.391
-9999 -9999 -9999 -9999 -9999 -9999 -9999 -9999 -9999 -9999 -9999 -9999 -9999 -9999 -9999 -9999 -9999 -9999 -9999 9979.81 9571.03 8965.22 8601.4 8271.32 7941.24 7589.82 7002.32 6212.31 5415.44 4618.56 3859.83 3419.06 3036.7 2675.13 2345.05 2131.47 2364.47 2694.54 3092.7 3715.66 3831.19 3034.31 2237.44 1448.44 714.19 272.231 760.342 1530.33 2264.71 1936.58 1125.8 509.265 754.016 1409.4 1989.11 2494.39 3229.07 3151.03 2549.85 2198.6 1913.83 2069.66 2241.47 2660.33 2601.21 2138.4 1799.75 1780.33 2024.51 1881.47 1980.47 1399.97 650.596 316.725 224.217 29.2969 78.2638 463.864
-9999 -9999 -9999 -9999 -9999 -9999 -9999 -9999 -9999 -9999 -9999 -9999 -9999 -9999 -9999 -9999 -9999 -9999 -9999 10295.9 9811.62 9633.77 9398.27 9068.19 8726.68 8130.41 7339.26 6542.39 5745.51 4997.26 4546.68 4163.32 3802.08 3472 3141.93 2928.35 3161.34 3491.42 3821.5 4217.36 4161.26 3364.39 2575.39 1841.55 1279.23 999.54 1306.66 1887.29 2594.78 2266.66 1604.61 1268.96 1434.19 1880.39 2536.68 3126.78 3406.61 2821.57 2029.28 1420.61 1116.96 1322.17 1835.88 2410.22 2910.89 2926.7 2596.62 2573.18 2734.04 2525.75 2215.75 1454.24 657.36 98.7716 136.719 0 40.3454 232.81
-9999 -9999 -9999 -9999 -9999 -9999 -9999 -9999 -9999 -9999 -9999 -9999 -9999 -9999 -9999 -9999 -9999 -9999 -9999 -9999 -9999 10205.9 10168 9853.63 9271.85 8466.21 7669.34 6872.46 6124.21 5682.01 5289.27 4929.03 4598.95 4268.88 3938.8 3725.22 3958.22 4288.29 4618.37 4922.3 4491.34 3702 2968.09 2406.18 2042.35 1796.42 2061.77 2432.46 2950.6 2739.75 2370.02 2065.83 2227.63 2560 3005.63 3615.96 3286.36 2491.5 1694.62 900.608 337.244 707.78 1283.84 1859.9 2641.72 2826.29 2605.43 2721.79 2337.1 2001.3 1808.37 1341.91 622.487 128.906 112.305 122.07 138.643 358.839
-9999 -9999 -9999 -9999 -9999 -9999 -9999 -9999 -9999 -9999 -9999 -9999 -9999 -9999 -9999 -9999 -9999 -9999 -9999 -9999 -9999 -9999 10784.9 10394 9615.26 8802.76 8005.89 7262.78 6822.68 6438.31 6071.61 5741.53 5411.45 5081.38 4751.3 4537.72 4770.72 5100.79 5430.87 5545.81 4835.6 4104.31 3546.47 3184.93 2854.85 2608.92 2874.27 3204.35 3555.43 3518.06 3182.52 2878.33 3040.13 3370.21 3700.29 3872.96 3178.35 2381.47 1584.6 787.722 146.623 257.224 737.134 1525.43 2188.48 2016.47 1802.89 2027.65 1698.5 1195.67 1033.47 815.405 320.863 78.125 34.1797 102.539 0 39.0625
-9999 -9999 -9999 -9999 -9999 -9999 -9999 -9999 -9999 -9999 -9999 -9999 -9999 -9999 -9999 -9999 -9999 -9999 -9999 -9999 -9999 -9999 -9999 10404.4 9863.94 9132.84 8391.45 7948.96 7566.27 7205.03 6868.48 6538.4 6208.33 5878.25 5548.18 5334.6 5567.59 5897.67 6220.42 5971.45 5231.26 4673.99 4311.88 3981.81 3651.73 3405.79 3671.15 4001.22 4331.3 4313.26 3979.39 3675.21 3837.01 4167.08 4492.42 4208.22 3411.34 2614.47 1817.59 1046.46 471.15 557.746 931.97 1658.11 1786.27 1245.33 1006.01 1323.16 1145.27 579.642 307.89 240.16 38.0859 146.762 169.501 80.0781 21.4844 5.85938
-9999 -9999 -9999 -9999 -9999 -9999 -9999 -9999 -9999 -9999 -9999 -9999 -9999 -9999 -9999 -9999 -9999 -9999 -9999 -9999 -9999 -9999 -9999 -9999 9994.16 9497.67 9075.91 8693.56 8331.98 8001.9 7665.35 7335.28 7005.2 6675.13 6345.05 6131.47 6364.47 6694.54 6908.77 6371.04 5800.37 5438.83 5108.76 4778.68 4448.6 4202.67 4468.02 4798.1 5128.17 5110.14 4776.27 4472.08 4633.88 4963.96 5169.42 4538.29 3741.42 2944.54 2174.56 1592.77 1228.55 1337.93 1633.88 1930.83 1436.58 664.696 283.28 802.64 850.27 243.494 92.7734 111.802 137.43 87.8619 318.591 74.2188 177.244 201.38
-9999 -9999 -9999 -9999 -9999 -9999 -9999 -9999 -9999 -9999 -9999 -9999 -9999 -9999 -9999 -9999 -9999 -9999 -9999 -9999 -9999 -9999 -9999 -9999 10340 10203.5 9820.17 9458.93 9128.85 8798.78 8462.23 8132.15 7802.08 7472 7141.93 6928.35 7161.34 7491.42 7466.3 6936.08 6565.78 6235.71 5905.63 5575.56 5245.48 4999.54 5264.9 5594.97 5925.05 5907.01 5573.14 5268.96 5430.76 5760.83 5659.34 4868.37 4071.5 3301.51 2720.87 2349.03 2025.43 2134.8 2425.9 2238.55 1456 707.567 437.107 833.498 1060.17 615.923 78.125 93.8601 436.93 363.231 735.054 351.414 128.068 500.17
-9999 -9999 -9999 -9999 -9999 -9999 -9999 -9999 -9999 -9999 -9999 -9999 -9999 -9999 -9999 -9999 -9999 -9999 -9999 -9999 -9999 -9999 -9999 -9999 -9999 10872 10585.9 10255.8 9925.73 9595.65 9259.1 8929.03 8598.95 8268.88 7938.8 7725.22 7958.22 8263.34 8062.62 7699.21 7362.66 7032.58 6702.51 6372.43 6042.35 5796.42 6061.77 6391.85 6721.92 6703.89 6370.02 6065.83 6227.63 6500.83 6010.71 5198.45 4427.31 3846.68 3475.98 3145.91 2822.3 2931.68 3134.05 2582.95 1843.28 1412.91 1231.69 1334.13 844.848 341.694 145.647 435.716 829.972 977.653 1311.86 875.669 241.836 151.044
-9999 -9999 -9999 -9999 -9999 -9999 -9999 -9999 -9999 -9999 -9999 -9999 -9999 -9999 -9999 -9999 -9999 -9999 -9999 -9999 -9999 -9999 -9999 -9999 -9999 11746.3 11398.4 11068.3 10738.2 10408.2 10071.6 9741.53 9411.45 9081.38 8751.3 8537.72 8770.72 9045.72 8841.78 8511.71 8175.16 7845.08 7515.01 7184.93 6854.85 6608.92 6874.27 7204.35 7534.42 7516.39 7182.52 6878.33 7040.13 7076.78 6347.49 5561.88 4985.82 4618.56 4288.48 3958.41 3634.8 3743.65 3675.11 2983.57 2561.96 2225.41 1980.9 1420.3 625.718 55.2308 4.88281 132.183 313.61 734.36 1099.78 813.232 577.603 182.531
-9999 -9999 -9999 -9999 -9999 -9999 -9999 -9999 -9999 -9999 -9999 -9999 -9999 -9999 -9999 -9999 -9999 -9999 -9999 -9999 -9999 -9999 -9999 -9999 12988.7 12525.3 12195.3 11865.2 11535.1 11205 10868.5 10538.4 10208.3 9878.25 9548.18 9334.6 9567.59 9842.59 9638.66 9308.58 8972.03 8641.96 8311.88 7981.8 7651.73 7405.79 7671.15 8001.22 8331.3 8313.26 7979.39 7675.21 7814.5 7471.44 6703.31 6112.77 5745.51 5415.44 5085.36 4755.28 4431.68 4501.8 4113.95 3688.91 3358.84 3015.45 2497.21 1721.45 1036.13 428.28 21.4844 7.8125 165.594 230.608 535.35 279.933 603.587 838.077
-9999 -9999 -9999 -9999 -9999 -9999 -9999 -9999 -9999 -9999 -9999 -9999 -9999 -9999 -9999 -9999 -9999 -9999 -9999 -9999 -9999 -9999 -9999 14374.4 13687 13322.2 12992.1 12662.1 12332 12001.9 11665.4 11335.3 11005.2 10675.1 10345.1 10131.5 10364.5 10639.5 10435.5 10105.5 9768.91 9438.83 9108.76 8778.68 8448.6 8202.67 8468.02 8798.1 9128.17 9110.14 8776.27 8472.08 8457.93 7831.41 7249.63 6872.46 6542.39 6212.31 5882.23 5552.16 5228.55 5164.51 4815.86 4485.79 4150.68 3620.23 2848.4 2163.08 1544.31 895.808 472.184 114.703 98.3671 134.067 389.569 142.925 548.234 1187.91
-9999 -9999 -9999 -9999 -9999 -9999 -9999 -9999 -9999 -9999 -9999 -9999 -9999 -9999 -9999 -9999 -9999 -9999 -9999 -9999 -9999 -9999 15508.4 14916 14456.8 14119.1 13789 13458.9 13128.9 12798.8 12462.2 12132.2 11802.1 11472 11141.9 10928.3 11161.3 11436.3 11232.4 10902.3 10565.8 10235.7 9905.63 9575.55 9245.48 8999.54 9264.9 9594.97 9925.05 9907.01 9573.14 9263.34 8944.12 8377.72 8005.89 7669.34 7339.26 7009.18 6679.11 6349.03 6025.43 5929.49 5612.74 5277.3 4760.05 3974.21 3290.03 2671.26 2024.14 1597.14 1028.96 466.064 188.431 300.788 175.793 69.3359 200.427 778.648
-9999 -9999 -9999 -9999 -9999 -9999 -9999 -9999 -9999 -9999 -9999 -9999 -9999 -9999 -9999 -9999 -9999 -9999 -9999 -9999 -9999 -9999 15957.8 15583.7 15252.5 14916 14585.9 14255.8 13925.7 13595.7 13259.1 12929 12599 12268.9 11938.8 11725.2 11958.2 12233.2 12029.3 11699.2 11362.7 11032.6 10702.5 10372.4 10042.4 9796.42 10061.8 10391.8 10721.9 10703.9 10370 9993.36 9503.53 9132.84 8802.76 8466.21 8136.14 7806.06 7475.98 7145.91 6822.3 6726.36 6404.59 5887 5114.5 4416.98 3799.02 3149.71 2724.09 2157.89 1411.24 637.676 311.195 872.946 779.885 286.896 261.644 828.378
-9999 -9999 -9999 -9999 -9999 -9999 -9999 -9999 -9999 -9999 -9999 -9999 -9999 -9999 -9999 -9999 -9999 -9999 -9999 -9999 -9999 16880.5 16725.2 16395.1 16065 15728.5 15398.4 15068.3 14738.2 14408.2 14071.6 13741.5 13411.5 13081.4 12751.3 12537.7 12770.7 13045.7 12841.8 12511.7 12175.2 11845.1 11515 11184.9 10854.9 10608.9 10874.3 11204.3 11534.4 11516.4 11134.6 10642.7 10275.4 9945.34 9615.26 9278.71 8948.63 8618.56 8288.48 7958.41 7634.8 7532.02 7023.18 6250.21 5566.03 4935.47 4287.31 3862.9 3293.8 2560.29 1767.79 1108.17 871.859 1288.96 1370.69 1041.05 865.387 1249.86
-9999 -9999 -9999 -9999 -9999 -9999 -9999 -9999 -9999 -9999 -9999 -9999 -9999 -9999 -9999 -9999 -9999 -9999 -9999 -9999 -9999 17858.6 17522 17192 16861.9 16525.3 16195.3 15865.2 15535.1 15205 14868.5 14538.4 14208.3 13878.3 13548.2 13334.6 13567.6 13842.6 13638.7 13308.6 12972 12642 12311.9 11981.8 11651.7 11405.8 11671.1 12001.2 12331.3 12266.3 11769.6 11402.4 11072.3 10742.2 10412.1 10075.6 9745.51 9415.44 9085.36 8755.28 8429.65 8141.83 7378.31 6692.98 6075.02 5414.26 4988.88 4420.28 3686.23 2909.63 2235.13 1856.42 1668.73 1959.98 2126.05 1837.93 1662.26 1940.56
-9999 -9999 -9999 -9999 -9999 -9999 -9999 -9999 -9999 -9999 -9999 -9999 -9999 -9999 -9999 -9999 -9999 -9999 -9999 -9999 -9999 18230 18280.2 17988.8 17658.8 17322.2 16992.1 16662.1 16332 16001.9 15665.4 15335.3 15005.2 14675.1 14345.1 14131.5 14364.5 14639.5 14435.5 14105.5 13768.9 13438.8 13108.8 12778.7 12448.6 12202.7 12468 12798.1 13109.6 12905.4 12529.3 12199.2 11869.2 11539.1 11209 10872.5 10542.4 10212.3 9882.23 9552.16 9169.65 8505.26 7819.93 7201.16 6552.66 6116.8 5547.23 4812.85 4036.92 3373.2 2983.38 2653.3 2465.61 2756.85 2919.58 2634.8 2459.14 2737.44
-9999 -9999 -9999 -9999 -9999 -9999 -9999 -9999 -9999 -9999 -9999 -9999 -9999 -9999 -9999 -9999 -9999 -9999 -9999 -9999 -9999 19331.4 19122.2 18785.7 18455.6 18119.1 17789 17458.9 17128.9 16798.8 16462.2 16132.2 15802.1 15472 15141.9 14928.3 15161.3 15436.3 15232.4 14902.3 14565.8 14235.7 13905.6 13575.6 13245.5 12999.5 13264.9 13595 13874 13662.7 13326.2 12996.1 12666 12336 12005.9 11669.3 11339.3 11009.2 10679.1 10307.6 9629.96 8946.89 8328.11 7680.99 7254 6674.66 5940.13 5163.87 4501.7 4116.8 3780.25 3450.17 3262.48 3553.73 3716.45 3431.68 3256.01 3534.31
-9999 -9999 -9999 -9999 -9999 -9999 -9999 -9999 -9999 -9999 -9999 -9999 -9999 -9999 -9999 -9999 -9999 -9999 -9999 -9999 -9999 19599.2 19606.5 19564 19252.5 18916 18585.9 18255.8 17925.7 17595.7 17259.1 16929 16599 16268.9 15938.8 15725.2 15958.2 16233.2 16029.3 15699.2 15362.7 15032.6 14702.5 14372.4 14042.4 13796.4 14061.8 14391.8 14670.9 14459.6 14123.1 13793 13462.9 13132.8 12802.8 12466.2 12136.1 11806.1 11434.5 10769.6 10073.8 9455.88 8806.56 8380.95 7814.75 7068.09 6290.48 5627.1 5243.75 4913.67 4577.13 4247.05 4059.36 4350.6 4513.32 4228.55 4052.89 4331.19
-9999 -9999 -9999 -9999 -9999 -9999 -9999 -9999 -9999 -9999 -9999 -9999 -9999 -9999 -9999 -9999 -9999 -9999 -9999 -9999 -9999 -9999 -9999 20094.7 19992.7 19728.5 19398.4 19068.3 18738.2 18408.2 18071.6 17741.5 17411.5 17081.4 16751.3 16537.7 16770.7 17045.7 16841.8 16511.7 16175.2 15845.1 15515 15184.9 14854.9 14608.9 14874.3 15204.3 15483.4 15272.1 14935.6 14605.5 14275.4 13945.3 13615.3 13278.7 12948.6 12572.3 11906 11222.9 10592.3 9944.16 9519.76 8950.66 8217.14 7424.65 6765.03 6386.33 6056.25 5726.17 5389.63 5059.55 4871.86 5163.1 5325.82 5041.05 4865.39 5143.69
-9999 -9999 -9999 -9999 -9999 -9999 -9999 -9999 -9999 -9999 -9999 -9999 -9999 -9999 -9999 -9999 -9999 -9999 -9999 -9999 -9999 -9999 -9999 -9999 20417.3 20419.2 20018.1 19851.3 19515.1 19150.7 18808.2 18478.1 18174.2 17878.3 17548.2 17334.6 17567.6 17842.6 17638.7 17308.6 16972 16642 16311.9 15981.8 15651.7 15405.8 15671.1 16001.2 16280.3 16069 15732.4 15402.4 15072.3 14742.2 14412.1 14075.6 13697.6 13033.8 12349.8 11731.9 11071.1 10645.7 10077.1 9343.08 8566.48 7891.98 7513.28 7183.2 6853.12 6523.05 6186.5 5856.42 5668.73 5959.98 6122.7 5837.93 5662.26 5940.56
-9999 -9999 -9999 -9999 -9999 -9999 -9999 -9999 -9999 -9999 -9999 -9999 -9999 -9999 -9999 -9999 -9999 -9999 -9999 -9999 -9999 -9999 -9999 -9999 -9999 -9999 -9999 20251.2 19924.6 19821.1 -9999 -9999 18748.8 18661.9 18345 18131.5 18364.5 18639.5 18435.5 18105.5 17768.9 17438.8 17108.8 16778.7 16448.6 16202.7 16468 16798.1 17077.2 16865.9 16529.3 16199.2 15869.2 15539.1 15209 14826.2 14160.8 13476.8 12858 12209.5 11773.7 11204.1 10469.7 9693.77 9030.05 8640.23 8310.15 7980.08 7650 7319.92 6983.38 6653.3 6465.61 6756.85 6919.57 6634.8 6459.14 6737.44
-9999 -9999 -9999 -9999 -9999 -9999 -9999 -9999 -9999 -9999 -9999 -9999 -9999 -9999 -9999 -9999 -9999 -9999 -9999 -9999 -9999 -9999 -9999 -9999 -9999 -9999 -9999 -9999 -9999 -9999 -9999 -9999 -9999 19146.3 19054.3 18928.3 19161.3 19436.3 19232.4 18902.3 18565.8 18235.7 17905.6 17575.6 17245.5 16999.5 17264.9 17595 17874 17662.7 17326.2 16996.1 16666 16336 15964.4 15286.8 14603.7 13985 13337.9 12910.9 12331.5 11597 10820.7 10158.5 9773.65 9437.1 9107.03 8776.95 8446.87 8116.8 7780.25 7450.17 7262.48 7553.73 7716.45 7431.68 7256.01 7534.31
-9999 -9999 -9999 -9999 -9999 -9999 -9999 -9999 -9999 -9999 -9999 -9999 -9999 -9999 -9999 -9999 -9999 -9999 -9999 -9999 -9999 -9999 -9999 -9999 -9999 -9999 -9999 -9999 -9999 -9999 -9999 -9999 -9999 -9999 19353.6 19725.2 19958.2 20233.2 20029.3 19699.2 19362.7 19032.6 18702.5 18372.4 18042.4 17796.4 18061.8 18391.8 18670.9 18459.6 18123.1 17793 17462.9 17091.4 16426.4 15730.7 15112.7 14463.4 14037.8 13471.6 12724.9 11947.3 11284 10900.6 10570.5 10234 9903.9 9573.83 9243.75 8913.67 8577.13 8247.05 8059.36 8350.6 8513.32 8228.55 8052.89 8331.19
-9999 -9999 -9999 -9999 -9999 -9999 -9999 -9999 -9999 -9999 -9999 -9999 -9999 -9999 -9999 -9999 -9999 -9999 -9999 -9999 -9999 -9999 -9999 -9999 -9999 -9999 -9999 -9999 -9999 -9999 -9999 -9999 -9999 -9999 -9999 20386.3 20770.7 21045.7 20841.8 20511.7 20175.2 19845.1 19515 19184.9 18854.9 18608.9 18874.3 19204.3 19483.4 19272.1 18935.6 18605.5 18229.1 17562.8 16879.7 16249.2 15601 15176.6 14607.5 13874 13081.5 12421.9 12043.2 11713.1 11383 11046.5 10716.4 10386.3 10056.2 9726.17 9389.63 9059.55 8871.86 9163.1 9325.82 9041.05 8865.39 9143.69
-9999 -9999 -9999 -9999 -9999 -9999 -9999 -9999 -9999 -9999 -9999 -9999 -9999 -9999 -9999 -9999 -9999 -9999 -9999 -9999 -9999 -9999 -9999 -9999 -9999 -9999 -9999 -9999 -9999 -9999 -9999 -9999 -9999 -9999 -9999 21103.6 21499.9 21842.6 21638.7 21308.6 20972 20642 20311.9 19981.8 19651.7 19405.8 19671.1 20001.2 20280.3 20069 19732.4 19354.5 18690.7 18006.7 17388.7 16728 16302.6 15734 14999.9 14223.3 13548.8 13170.1 12840.1 12510 12179.9 11843.4 11513.3 11183.2 10853.1 10523 10186.5 9856.42 9668.73 9959.98 10122.7 9837.93 9662.26 9940.56
-9999 -9999 -9999 -9999 -9999 -9999 -9999 -9999 -9999 -9999 -9999 -9999 -9999 -9999 -9999 -9999 -9999 -9999 -9999 -9999 -9999 -9999 -9999 -9999 -9999 -9999 -9999 -9999 -9999 -9999 -9999 -9999 -9999 -9999 -9999 -9999 22452.7 22629.5 22435.5 22105.4 21768.9 21438.8 21108.8 20778.7 20448.6 20202.7 20468 20798.1 21077.2 20865.9 20483 19817.6 19133.6 18514.9 17866.4 17430.5 16860.9 16126.6 15350.6 14686.9 14297.1 13967 13636.9 13306.9 12976.8 12640.2 12310.2 11980.1 11650 11319.9 10983.4 10653.3 10465.6 10756.9 10919.6 10634.8 10459.1 10737.4
-9999 -9999 -9999 -9999 -9999 -9999 -9999 -9999 -9999 -9999 -9999 -9999 -9999 -9999 -9999 -9999 -9999 -9999 -9999 -9999 -9999 -9999 -9999 -9999 -9999 -9999 -9999 -9999 -9999 -9999 -9999 -9999 -9999 -9999 -9999 -9999 -9999 23037.6 22999.3 22857.2 22565.8 22235.7 21905.6 21575.6 21245.5 20999.5 21264.9 21595 21874 21621.3 20943.7 20260.6 19641.8 18994.7 18567.7 17988.4 17253.8 16477.6 15815.4 15430.5 15094 14763.9 14433.8 14103.7 13773.7 13437.1 13107 12777 12446.9 12116.8 11780.3 11450.2 11262.5 11553.7 11716.4 11431.7 11256 11534.3
-9999 -9999 -9999 -9999 -9999 -9999 -9999 -9999 -9999 -9999 -9999 -9999 -9999 -9999 -9999 -9999 -9999 -9999 -9999 -9999 -9999 -9999 -9999 -9999 -9999 -9999 -9999 -9999 -9999 -9999 -9999 -9999 -9999 -9999 -9999 -9999 -9999 -9999 -9999 23165.7 23246.7 22998.6 22619 22244.6 21914.5 21796.4 22001.3 22264 22621.7 22083.3 21387.5 20769.6 20120.3 19694.7 19128.5 18381.8 17604.2 16940.8 16557.5 16227.4 15890.8 15560.8 15230.7 14900.6 14570.5 14234 13903.9 13573.8 13243.7 12913.7 12577.1 12247 12059.4 12350.6 12513.3 12228.6 12052.9 12331.2
