public/models/data/input/map/sulut/800/mapdset.asc
NCOLS 310
NROWS 227
XLLCORNER 510063.019283
YLLCORNER 210717.685435
CELLSIZE 800.000000
NODATA_VALUE       -9999
[rows 132 to 164 of 227, columns 0 to 72 of 310]
-9999 -9999 -9999 -9999 -9999 -9999 -9999 -9999 -9999 -9999 21989.8 21357.9 20568.9 19864.8 19275.4 -9999 -9999 16391.8 15681.4 14988 14559.3 14484.8 14194.9 13856.6 -9999 -9999 -9999 -9999 -9999 -9999 -9999 -9999 -9999 -9999 -9999 -9999 -9999 -9999 -9999 -9999 -9999 -9999 -9999 -9999 -9999 -9999 -9999 -9999 -9999 -9999 -9999 -9999 -9999 -9999 -9999 -9999 -9999 -9999 -9999 -9999 -9999 -9999 -9999 -9999 -9999 -9999 -9999 -9999 -9999 -9999 -9999 -9999 -9999
-9999 -9999 -9999 -9999 -9999 -9999 -9999 -9999 -9999 -9999 -9999 20613.8 20238.8 19442 18673.8 17791.6 17091.8 16196.3 15442 14650.8 13998.3 13713 13421.8 13348.4 -9999 -9999 -9999 -9999 -9999 -9999 -9999 -9999 -9999 -9999 -9999 -9999 -9999 -9999 -9999 -9999 -9999 -9999 -9999 -9999 -9999 -9999 -9999 -9999 -9999 -9999 -9999 -9999 -9999 -9999 -9999 -9999 -9999 -9999 -9999 -9999 -9999 -9999 -9999 -9999 -9999 -9999 -9999 -9999 -9999 -9999 -9999 -9999 -9999
-9999 -9999 -9999 -9999 -9999 -9999 -9999 -9999 -9999 -9999 -9999 20477.9 20012.2 19099.5 18315 17502.5 16705.6 15908.8 15111.9 14315 13509.4 12927.6 12641.6 13002 -9999 -9999 -9999 -9999 -9999 -9999 -9999 -9999 -9999 -9999 -9999 -9999 -9999 -9999 -9999 -9999 -9999 -9999 -9999 -9999 -9999 -9999 -9999 -9999 -9999 -9999 -9999 -9999 -9999 -9999 -9999 -9999 -9999 -9999 -9999 -9999 -9999 -9999 -9999 -9999 -9999 -9999 -9999 -9999 -9999 -9999 -9999 -9999 -9999
-9999 -9999 -9999 26533.1 25961.3 25058.1 24325.2 23893.6 -9999 -9999 -9999 -9999 -9999 18702.6 17932.4 17166 16369.1 15572.2 14775.3 13978.5 13166 12374.8 11827.7 10808.5 10131.6 -9999 -9999 -9999 -9999 -9999 -9999 -9999 -9999 -9999 -9999 -9999 -9999 -9999 -9999 -9999 -9999 -9999 -9999 -9999 -9999 -9999 -9999 -9999 -9999 -9999 -9999 -9999 -9999 -9999 -9999 -9999 -9999 -9999 -9999 -9999 -9999 -9999 -9999 -9999 -9999 -9999 -9999 -9999 -9999 -9999 -9999 -9999 -9999
-9999 -9999 -9999 26298.9 25648.4 24835.9 24039 23312.8 23004.9 -9999 -9999 -9999 -9999 -9999 17391.4 16835.9 16039 15242.1 14445.3 13648.4 12835.9 12039 11253.9 10684.6 9713.62 9026.17 -9999 -9999 -9999 -9999 -9999 -9999 -9999 -9999 5224.87 4787.37 4787.37 -9999 -9999 -9999 -9999 -9999 2603.55 2529.59 -9999 -9999 -9999 -9999 -9999 -9999 -9999 -9999 -9999 -9999 -9999 -9999 -9999 -9999 -9999 -9999 -9999 -9999 -9999 -9999 -9999 -9999 -9999 -9999 -9999 -9999 -9999 -9999 -9999
-9999 -9999 -9999 25925.9 25318.3 24505.8 23708.9 22912 22180.9 21423.4 -9999 -9999 -9999 17755.6 17275 16505.8 15708.9 14912.1 14115.2 13318.3 12505.8 11708.9 10912.1 10115.2 9318.31 8598.09 8042.72 7624.34 7241.91 6911.83 6575.29 6252.07 5862.23 5333.01 4890.76 3957.9 4474.87 2017.77 1975.8 1830.55 1758.88 -9999 2171.74 2133.85 2078.99 -9999 -9999 -9999 -9999 -9999 -9999 -9999 -9999 -9999 -9999 -9999 -9999 -9999 -9999 -9999 -9999 -9999 -9999 -9999 -9999 -9999 -9999 -9999 -9999 -9999 -9999 -9999 -9999
-9999 -9999 -9999 25643 24974 24175.7 23378.8 22582 21785.1 20986.7 20122.7 19345.7 18454.6 17738.6 16988.2 16175.7 15378.9 14582 13785.1 12988.2 12175.7 11378.9 10582 9785.1 8988.23 8176.87 7472.1 7000.73 6663.79 6333.71 5997.16 5667.08 5337.01 5073.09 4477.82 3667.64 2870.73 2012.93 1447.46 1155.79 1364.88 1155.86 1457.42 1425.21 1621.53 -9999 3261.49 2984.4 2731.91 2466.55 2492.44 -9999 -9999 -9999 -9999 -9999 -9999 -9999 -9999 -9999 -9999 -9999 -9999 -9999 -9999 -9999 -9999 814.721 934.151 742.442 1295.89 1999.86 2613.36
-9999 -9999 -9999 -9999 24611.4 23845.6 23048.8 22251.9 21455 20658.1 19845.6 19048.8 18251.9 17455 16658.2 15845.7 15048.8 14251.9 13455 12658.2 11845.7 11048.8 10251.9 9455.03 8658.15 7845.65 7049.92 6344.58 5872.63 5536.83 5200.29 4870.21 4540.13 4376.04 4139.17 3335.25 2538.37 1741.5 946.911 396.099 746.821 606.713 802.419 639.772 981.538 2207.11 2712.65 2485.81 2124.27 1858.92 1798.99 1865.84 2017.77 -9999 -9999 -9999 -9999 -9999 -9999 -9999 -9999 -9999 -9999 -9999 -9999 -9999 928.571 479.183 329.826 358.614 1108.92 1905.79 2691.43
-9999 -9999 -9999 -9999 24281.8 23449.2 22712.2 21915.3 21118.5 20321.6 19509.1 18712.2 17915.4 17118.5 16321.6 15509.1 14712.2 13915.4 13118.5 12321.6 11509.1 10712.2 9915.35 9118.48 8321.6 7509.1 6712.23 5915.36 5207.15 4730.63 4387.79 4057.71 3727.63 3565.83 3817.72 3411.52 2619.18 1822.3 1025.43 296.997 479.049 408.291 662.621 266.204 796.987 1608.92 2307.95 1911.29 1345.52 1046.42 1046.42 1355.25 1384.96 927.631 396.199 597.384 603.853 573.314 876.978 1525.57 935.01 525.888 329.235 276.046 404.571 637.215 1062.95 726.624 705.133 878.331 1377.74 2151.73 2948.6
-9999 -9999 -9999 -9999 -9999 23054.5 22309.8 21602 20791.9 19991.5 19179 18382.2 17585.3 16788.4 15991.5 15179 14382.2 13585.3 12788.4 11991.5 11179 10382.2 9585.28 8788.4 7991.53 7179.03 6382.15 5585.28 4788.41 4080.2 3596.63 3260.83 2930.76 2768.96 3073.14 3326.68 2904.08 2114.47 1322.17 713.5 856.318 1152.99 1216.37 912.262 1174.47 1874.13 2255.04 1549.75 784.907 317.124 331.703 912.262 969.654 357.233 318.886 420.051 162.555 256.9 758.3 1386.52 818.12 271.704 152.621 78.125 114.258 182.531 865.617 1381.79 1487.71 1675.21 2007.57 2508.12 3278.68
-9999 -9999 -9999 -9999 -9999 -9999 -9999 21531.1 20426.4 19777 18819.1 18052.1 17255.2 16458.3 15661.5 14849 14052.1 13255.2 12458.3 11661.5 10849 10052.1 9255.2 8458.33 7661.45 6848.95 6052.08 5255.2 4458.33 3661.45 2941.63 2470.82 2133.88 1972.08 2276.27 2666.59 3070.68 2449.69 1842.74 1491.5 1595.05 1911.8 1976.06 1709.14 1922.72 2311.93 2327.21 1530.33 767.206 424.13 476.119 990.32 1141.93 705.705 411.764 600.138 711.148 786.865 1181.86 1611.93 1031.41 650.888 625 625 625 672.021 1120.76 1855.76 2282.57 2472.08 2802.16 3135.67 3636.22
-9999 -9999 -9999 -9999 -9999 -9999 -9999 -9999 -9999 -9999 18433.2 17606.7 16925.1 16128.3 15331.4 14518.9 13722 12925.1 12128.3 11331.4 10518.9 9722 8925.13 8128.25 7331.38 6518.88 5722 4925.13 4128.25 3331.38 2520.02 1815.25 1343.87 1175.21 1528.02 2227.82 2982.64 2964 2618.45 2288.37 2391.93 2708.68 2772.94 2506.01 2719.59 3031.49 2657.28 1894.16 1413.63 1210.71 1249.54 1530.91 1749.53 1415.58 1039.52 1152.8 1446.68 1577.21 1913.65 2085.88 1719.59 1447.76 1421.88 1421.88 1421.88 1467.18 1767.18 2247.71 2951.11 3268.56 3599.03 3929.11 4262.62
-9999 -9999 -9999 -9999 -9999 -9999 -9999 -9999 -9999 -9999 -9999 17164.2 16802.9 16100.1 14962.8 14188.8 13391.9 12595.1 11798.2 11001.3 10188.8 9391.93 8595.05 7798.18 7001.3 6188.8 5391.93 4595.05 3798.18 3001.3 2188.8 1393.07 687.724 432.677 1085.82 1897.75 2694.62 3393.9 3410.58 3085.25 3188.8 3505.55 3569.81 3302.89 3516.47 3666.44 3018.82 2540.01 2208.22 2007.58 2046.41 2311.77 2484.88 2165.99 1835.25 1938.8 2202.86 2374.08 2704.16 2840.07 2516.47 2244.64 2218.75 2218.75 2218.75 2264.05 2561.77 2893.56 3372.37 4012.87 4395.91 4725.98 5056.06
-9999 -9999 -9999 -9999 -9999 -9999 -9999 -9999 -9999 -9999 -9999 -9999 -9999 -9999 -9999 -9999 13074 12476.5 11694.6 10897.7 10085.2 9288.37 8491.5 7694.62 6897.75 6085.25 5288.37 4491.5 3694.62 2897.75 2085.25 1288.37 545.271 414.012 1085.82 1897.75 2694.15 3465.4 3971.13 3875.24 3997.05 4316.99 4382.31 4115.39 4327.64 4152.23 3680.87 3350.79 3020.72 2820.08 2858.92 3124.27 3277.11 2977.82 2647.75 2751.3 3015.36 3186.58 3516.66 3652.57 3328.97 3057.14 3031.25 3031.25 3031.25 3076.55 3374.27 3704.35 4034.42 4507.51 5161.61 5538.48 5868.56
-9999 -9999 -9999 -9999 -9999 -9999 -9999 -9999 -9999 -9999 -9999 -9999 -9999 -9999 -9999 -9999 -9999 12310.7 11892.7 11222.8 10415.3 9618.45 8821.57 8024.7 7227.82 6415.32 5618.45 4821.57 4024.7 3227.82 2415.32 1673.94 1233.46 1162.26 1528.02 2227.01 2857.41 3077.21 3407.28 3737.36 4116.91 4664.19 4924.72 4880.65 5069.25 4807.82 4477.75 4147.67 3817.59 3616.96 3654.45 3764.01 3628.33 3305.95 2975.87 3001.76 3315.33 3605.7 3962.09 4358.15 4125.84 3854.01 3828.13 3828.13 3828.13 3873.43 4171.15 4501.22 4831.3 5161.37 5647.15 6284.33 6665.43
-9999 -9999 -9999 -9999 -9999 -9999 -9999 -9999 -9999 -9999 -9999 -9999 -9999 -9999 -9999 -9999 -9999 -9999 -9999 11440.4 10745.4 9948.52 9151.65 8354.77 7557.9 6745.4 5948.52 5151.65 4354.78 3557.9 2799.17 2324.37 1947.95 1763.91 1857.17 2165.32 2289.02 2280.33 2610.41 2980.53 3575.45 3985.79 4343.32 4965.22 5633.55 5604.7 5274.62 4944.54 4614.47 4406.29 4217.11 3555.51 2929.11 2571.57 2241.5 2241.5 2571.57 2929.11 3555.51 4347.91 4829.86 4650.89 4625 4625 4625 4670.3 4968.02 5298.1 5628.17 5958.25 6296.51 6775.77 7409.87
-9999 -9999 -9999 -9999 -9999 -9999 -9999 -9999 -9999 -9999 -9999 -9999 -9999 -9999 -9999 -9999 -9999 -9999 -9999 11432 10885.4 10158.5 9436.23 8639.36 7842.48 7029.98 6233.11 5436.23 4639.36 3844.94 3122.62 2368.45 1639.08 1214.04 1142.85 1414.68 1498.18 1483.46 1854.72 2439.41 2858.84 3215.23 3842.77 4636.22 5433.09 6120.35 6071.49 5741.42 5342.86 4782.11 4018.88 3222 2428.56 1801.01 1444.62 1444.62 1801.01 2428.56 3222 4018.88 4790.18 5134.17 5293.54 5386.06 5421.76 5467.18 5764.9 6094.97 6425.05 6755.12 7091.67 7424.04 7902.73
-9999 -9999 -9999 -9999 -9999 -9999 -9999 -9999 -9999 -9999 -9999 -9999 -9999 -9999 -9999 -9999 -9999 -9999 -9999 -9999 -9999 9845.36 9225.41 8444.62 7647.75 6835.25 6038.37 5241.5 4444.62 3647.75 2835.25 2038.37 1241.5 508.693 374.574 876.402 754.621 726.624 1344.53 1725.08 2084.84 2714.68 3509.26 4306.14 5103.01 5915.35 6524.54 6076.29 5298.18 4501.3 3688.8 2891.93 2095.05 1300.46 670.63 670.63 1300.46 2095.05 2891.93 3688.8 4146.07 4477.82 4807.9 5137.98 5456.35 5872.6 6419.55 6882.12 7221.92 7552 7888.55 8218.62 8550.42
-9999 -9999 -9999 -9999 -9999 -9999 -9999 -9999 -9999 -9999 -9999 -9999 -9999 -9999 -9999 -9999 -9999 -9999 -9999 -9999 -9999 -9999 9122.29 8535.88 7751.3 6938.8 6141.93 5345.05 4548.18 3751.3 2938.8 2141.93 1346.77 698.627 595.971 954.101 581.849 542.844 815.317 935.795 1578.97 2375.84 3172.72 3969.59 4766.47 5578.97 6305.9 5991.5 5194.62 4397.75 3585.25 2788.37 1991.5 1194.62 472.115 472.115 1194.62 1991.5 2786.08 3310.75 3335.25 3665.32 3995.4 4327.77 4773.4 5450.29 6222.03 7018.91 7755.77 8309.34 8699.02 9031.12 9361.2
-9999 -9999 -9999 -9999 -9999 -9999 -9999 -9999 -9999 -9999 -9999 -9999 -9999 -9999 -9999 -9999 -9999 -9999 -9999 -9999 -9999 -9999 -9999 8540.48 7999.98 7268.88 6472 5675.13 4878.25 4081.38 3268.88 2474.29 1827.87 1464.04 1392.85 1550.61 1244.92 926.992 337.563 532.147 1339.5 2136.37 2933.25 3730.12 4527 5339.5 6135.03 6293.63 5524.7 4727.82 3915.32 3118.45 2321.57 1604.21 1194.62 1194.62 1604.21 2318.14 2833.24 2641.93 2538.37 2868.45 3201.96 3648.16 4310.17 5095.08 5891.96 6688.83 7485.71 8282.58 9071.69 9701.4 10145.9
-9999 -9999 -9999 -9999 -9999 -9999 -9999 -9999 -9999 -9999 -9999 -9999 -9999 -9999 -9999 -9999 -9999 -9999 -9999 -9999 -9999 -9999 -9999 -9999 8130.2 7574.12 6802.08 6005.2 5208.33 4411.45 3600.67 2954.82 2590.99 2260.91 2182.18 2242.36 1794.68 1035.48 372.171 554.816 1352.44 2149.32 2946.19 3743.07 4539.94 5352.44 6149.32 6566.25 5854.77 5057.9 4245.4 3448.53 2732.88 2321.57 1991.5 1991.5 2321.57 2559.65 2196.29 1845.05 1741.5 2075.01 2521.78 3184.03 3953.01 4765.01 5561.88 6358.76 7155.63 7952.51 8765.01 9561.88 10352.9
-9999 -9999 -9999 -9999 -9999 -9999 -9999 -9999 -9999 -9999 -9999 -9999 -9999 -9999 -9999 -9999 -9999 -9999 -9999 -9999 -9999 -9999 -9999 -9999 8414.97 7929.03 7132.15 6335.28 5538.4 4741.53 4079.48 3717.94 3387.87 3018.66 2543.09 1881.57 1498.24 1239.87 1037.59 1121.76 1674.54 2459.98 3256.85 4053.73 4850.6 5663.1 6459.98 6892.69 6184.85 5387.98 4575.48 3858.12 3448.53 3118.45 2788.37 2788.37 2979.68 2464.59 1675.72 1067.05 946.911 1394.26 2057.08 2826.23 3622.43 4434.93 5231.81 6028.68 6825.55 7622.43 8434.93 9231.8 10028.7
-9999 -9999 -9999 -9999 -9999 -9999 -9999 -9999 -9999 -9999 -9999 -9999 -9999 -9999 -9999 -9999 -9999 -9999 -9999 -9999 -9999 -9999 -9999 -9999 -9999 8093.57 7462.23 6665.36 5868.48 5214.62 4843.36 4422.09 3809.57 3047.37 2251.3 1439.37 754.621 611.024 1140.4 1776.68 2250.4 2801.5 3586.93 4383.8 5180.68 5993.18 6790.05 7222.76 6514.93 5718.05 4979.92 4575.48 4245.4 3915.32 3585.25 3479.44 2964.89 2170.3 1373.43 579.415 275.704 929.318 1699.11 2495.48 3292.35 4104.85 4901.73 5698.6 6495.48 7292.35 8104.85 8901.73 9698.6
-9999 -9999 -9999 -9999 -9999 -9999 -9999 -9999 -9999 -9999 -9999 -9999 -9999 -9999 -9999 -9999 -9999 -9999 -9999 -9999 -9999 -9999 -9999 -9999 -9999 8577.82 7798.78 7003.62 6355.48 5972.06 5334.53 4538.37 3741.5 2944.62 2147.75 1335.25 581.849 392.487 1039.52 1835.25 2647.26 3341.44 3938.35 4720.35 5517.23 6329.73 7126.6 7559.31 6851.48 6128.97 5718.05 5387.98 5057.9 4727.82 4396.07 3928.69 3141.93 2345.05 1548.18 805.646 282.066 658.078 1452.67 2249.54 3046.42 3858.92 4655.79 5452.67 6249.54 7046.42 7858.92 8655.79 9452.67
-9999 -9999 -9999 -9999 -9999 -9999 -9999 -9999 -9999 -9999 -9999 -9999 -9999 -9999 -9999 -9999 -9999 -9999 -9999 -9999 -9999 -9999 -9999 -9999 9557.76 8925.73 8131.14 7484.72 7095.67 6474.7 5665.32 4868.45 4071.57 3274.7 2477.82 1708.8 1252.87 1149.32 1501.17 2166.47 2977.82 3773.91 4466.3 5066.45 5847.3 6659.8 7456.68 7889.39 7261.07 6851.48 6514.93 6184.85 5854.77 5522.02 5043.78 4268.88 3472 2675.13 1936.03 1358.25 931.678 1093.91 1721.45 2514.9 3311.77 4124.27 4921.15 5718.02 6514.9 7311.77 8124.27 8921.15 9718.02
-9999 -9999 -9999 -9999 -9999 -9999 -9999 -9999 -9999 -9999 -9999 -9999 -9999 -9999 -9999 -9999 -9999 -9999 -9999 -9999 -9999 -9999 -9999 10692.4 9978.01 9257.52 8611.67 8221.5 7600.45 6807.9 5995.4 5198.52 4401.65 3604.78 2847.94 2379.82 2049.75 1946.19 2256.85 2626.97 3307.9 4104.78 4900.77 5593.25 6192.25 6989.88 7786.75 8293.59 7978.43 7648.35 7311.8 6981.73 6648.63 6167.97 5411.45 4598.95 3802.08 3064.13 2485.2 2053.87 1728.55 1864.47 2222 2848.4 3641.85 4454.35 5251.22 6048.1 6844.97 7641.85 8454.35 9251.22 10048.1
-9999 -9999 -9999 -9999 -9999 -9999 -9999 -9999 -9999 -9999 -9999 -9999 -9999 -9999 -9999 -9999 -9999 -9999 -9999 -9999 -9999 -9999 11826.4 11186.5 10398.4 9736.33 9349.57 8727.4 7934.85 7137.98 6325.48 5528.6 4731.73 3976.04 3514.39 3176.7 2846.62 2743.07 3053.73 3383.8 3763.83 4434.85 5231.73 6027.82 6722.29 7331.4 8116.83 8832.76 8775.3 8445.22 8108.68 7775.92 7294.92 6538.4 5741.53 4929.03 4189.93 3612.16 3181.4 2849.03 2525.43 2661.34 2991.42 3347.81 3974.21 4784.42 5581.3 6378.17 7175.05 7971.92 8784.42 9581.3 10378.2
-9999 -9999 -9999 -9999 -9999 -9999 -9999 -9999 -9999 -9999 -9999 -9999 -9999 -9999 -9999 -9999 -9999 -9999 -9999 -9999 -9999 -9999 12218.2 11525.3 10871.5 10479.9 9855.56 9061.8 8264.93 7468.05 6655.55 5858.68 5101.85 4641.34 4310.12 3973.57 3643.5 3539.94 3850.6 4180.68 4517.23 4890.78 5561.8 6358.68 7155.06 7863.33 8458.35 9242.07 9555.01 9242.1 8903.88 8424.63 7665.35 6868.48 6071.61 5313.45 4739.11 4307.78 3975.98 3645.91 3322.3 3458.22 3788.29 4118.37 4471.33 5114.5 5911.37 6708.25 7505.12 8302 9114.5 9911.37 10708.2
-9999 -9999 -9999 -9999 -9999 -9999 -9999 -9999 -9999 -9999 -9999 -9999 -9999 -9999 -9999 -9999 -9999 -9999 -9999 -9999 -9999 13033.8 12660.5 12012.3 11628.9 10991.4 10195.2 9398.35 8601.47 7804.6 6992.1 6238.7 5782.77 5452.7 5122.62 4786.07 4456 4352.44 4663.1 4993.18 5329.73 5659.8 6029.92 6696.37 7492.1 8304.11 8998.29 9595.21 10225.1 10052.9 9563.58 8798.78 8001.9 7205.03 6462.5 5878.82 5448.64 5118.56 4788.48 4458.41 4134.8 4270.72 4600.79 4930.87 5260.95 5620.38 6250.21 7044.8 7841.67 8638.55 9451.05 10247.9 11044.8
-9999 -9999 -9999 -9999 -9999 -9999 -9999 -9999 -9999 -9999 -9999 -9999 -9999 -9999 -9999 -9999 -9999 -9999 -9999 -9999 -9999 13555.8 13141.6 12752.5 12131.6 11322.2 10525.3 9728.43 8931.55 8134.68 7365.65 6909.72 6579.65 6249.57 5919.5 5582.95 5252.87 5149.32 5459.98 5790.05 6126.6 6456.68 6786.75 7158.02 7823.32 8634.68 9430.77 10123.2 10709.2 10697.1 9925.73 9128.85 8331.98 7592.88 7015.11 6575.59 6245.51 5915.43 5585.36 5255.28 4931.68 5067.59 5397.67 5727.74 6057.82 6394.37 6750.76 7378.31 8171.75 8968.62 9781.12 10578 11374.9
-9999 -9999 -9999 -9999 -9999 -9999 -9999 -9999 -9999 -9999 -9999 -9999 -9999 -9999 -9999 -9999 -9999 -9999 -9999 -9999 -9999 13815.8 13836.9 13257.3 12464.8 11652.3 10855.4 10058.5 9261.63 8504.8 8036.68 7706.6 7376.52 7046.45 6716.37 6379.82 6049.75 5946.19 6256.85 6586.93 6923.48 7253.55 7583.63 7913.71 8283.83 8964.75 9761.63 10557.6 11244.4 11062.5 10255.8 9458.93 8720.98 8142.06 7710.73 7372.46 7042.39 6712.31 6382.23 6052.16 5728.55 5864.47 6194.54 6524.62 6854.7 7191.24 7521.32 7878.85 8505.26 9298.7 10111.2 10908.1 11705
-9999 -9999 -9999 -9999 -9999 -9999 -9999 -9999 -9999 -9999 -9999 -9999 -9999 -9999 -9999 -9999 -9999 -9999 -9999 -9999 -9999 14785.9 14383 13591.7 12794.8 11982.3 11185.5 10388.6 9632.89 9171.24 8833.55 8503.47 8173.4 7843.32 7513.25 7176.7 6846.62 6743.07 7053.73 7383.8 7720.35 8050.43 8380.5 8710.58 9040.66 9420.68 10091.7 10888.6 11648.8 11398.4 10585.9 9846.79 9269.01 8838.25 8505.89 8169.34 7839.26 7509.18 7179.11 6849.03 6525.43 6661.34 6991.42 7321.49 7651.57 7988.12 8318.19 8648.27 9004.66 9631.07 10441.3 11238.2 12035
-9999 -9999 -9999 -9999 -9999 -9999 -9999 -9999 -9999 -9999 -9999 -9999 -9999 -9999 -9999 -9999 -9999 -9999 -9999 -9999 -9999 14899.5 14424.1 13899.9 13124.9 12312.4 11515.5 10758.7 10298.2 9966.97 9630.42 9300.35 8970.27 8640.2 8310.12 7973.57 7643.5 7539.94 7850.6 8180.68 8517.23 8847.3 9177.38 9507.46 9837.53 10174.1 10547.6 11218.7 11978.9 11728.5 10970.3 10396 9964.63 9632.84 9302.76 8966.21 8636.13 8306.06 7975.98 7645.91 7322.3 7458.22 7788.29 8118.37 8448.44 8784.99 9115.07 9445.15 9775.22 10128.2 10771.4 11568.2 12365.1
