public/models/data/input/map/sulut/800/mapdset.asc
NCOLS 310
NROWS 227
XLLCORNER 510063.019283
YLLCORNER 210717.685435
CELLSIZE 800.000000
NODATA_VALUE       -9999
[rows 165 to 197 of 227, columns 73 to 145 of 310]
13498.5 14295.4 15107.9 15904.8 16701.7 17485.9 17639.6 17306.9 16976.8 16646.7 16316.7 15986.6 15650 15320 14989.9 14659.8 14329.7 13993.2 13663.1 13371.9 13559.5 13889.6 14226.2 14556.2 14886.3 14935.5 14615.3 14278.7 13948.6 13618.6 13288.5 12958.4 12634.8 12770.7 13100.8 13430.9 13760.9 14096.9 14386.5 14472.8 14606.5 14751.9 14828.4 14537.4 14207.3 13904.7 14045.5 14335.5 14322.9 14172.4 13775.1 13145.4 12337.5 11540.7 10743.8 9946.91 9150.03 8360.42 7854.45 7298.52 6514.93 5718.05 4979.92 4575.48 4245.4 3915.32 3585.25 3412.91 3181.96 2526.27 1740.84 1195.67 1014.05
13828.6 14625.5 15438 16234.9 17031.7 17828.6 18365.6 18103.8 17773.7 17443.6 17113.5 16783.5 16446.9 16116.8 15786.8 15456.7 15126.6 14790.1 14460 14168.7 14356.4 14686.5 15023 15353.1 15683.2 15732.4 15412.1 15075.6 14745.5 14415.4 14085.4 13755.3 13431.7 13567.6 13897.7 14200.1 14326.5 14404.5 14157.3 13827.2 13846.6 13958 14137.6 13864.4 13534.3 13256 13469.6 13806.1 14132.2 14117.5 13594 12820 12007.5 11210.6 10413.7 9616.83 8819.96 8007.46 7236.9 6727.36 6170.5 5387.98 4575.48 3858.12 3448.53 3118.45 2788.37 2616.04 2536.28 2204.7 1412.26 626.828 279.321
14162.1 14955.6 15768.1 16564.9 17361.8 18158.7 18913.2 18900.6 18570.6 18240.5 17910.4 17580.3 17243.8 16913.7 16583.6 16253.6 15923.5 15586.9 15256.9 14965.6 15153.3 15483.4 15819.9 16150 16480.1 16529.3 16209 15872.5 15542.4 15212.3 14882.2 14552.2 14227.3 14281.2 14294.3 14068.1 13741.5 13666 13360.4 13030.3 13049.7 13161.2 13340.7 13067.5 12737.4 12459.1 12672.7 13009.3 13335.3 13326.3 12990.5 12468.3 11677.4 10880.5 10083.6 9286.75 8489.88 7677.38 6880.5 6111.09 5600.41 5044.62 4245.4 3448.53 2732.88 2321.57 1991.5 1819.16 1760.91 1933.73 1347.54 550.666 88.8672
14661.5 15287.9 16098.1 16895 17691.9 18488.8 19285.6 19678.5 19367.4 19037.4 18707.3 18377.2 18040.7 17710.6 17380.5 17050.4 16720.4 16383.8 16053.7 15762.5 15950.2 16280.3 16615.5 16850.3 16831.8 16575.2 16246.3 15909.8 15579.7 15249.6 14919.5 14589.5 14253.7 13934.9 13604.8 13274.7 12944.6 12869.1 12563.5 12233.5 12252.9 12364.3 12543.8 12270.6 11940.6 11662.3 11875.8 12212.4 12538.4 12529.4 12199.3 11864.5 11329.5 10550.4 9753.55 8956.68 8159.8 7347.3 6550.43 5753.55 4982.99 4473.6 3905.27 3118.45 2321.57 1604.21 1194.62 1025.64 968.615 1417.26 1536.38 898.219 320.511
15432.1 15785 16428.2 17225.1 18022 18818.8 19615.7 20310 20164.3 19834.2 19504.2 19174.1 18837.5 18507.5 18177.4 17847.3 17517.2 17180.7 16850.6 16559.4 16747 16949.2 16758.6 16451.7 16121.6 15791.5 15461.5 15124.9 14794.8 14464.8 14134.7 13804.6 13468.1 13138 12807.9 12477.8 12147.7 12072.2 11766.7 11436.6 11456 11567.4 11747 11473.8 11143.7 10865.4 11079 11415.5 11741.5 11732.5 11402.4 11072.4 10730 10202.5 9423.48 8626.6 7829.73 7017.23 6220.35 5423.48 4626.6 3852.61 3336.68 2778.32 1991.5 1194.62 472.115 304.053 321.782 885.667 1575.37 1445.33 932.935
16244.6 16574.7 16934.1 17563.9 18358.5 19155.4 19952.3 20756.5 20973.8 20646.7 20316.6 19986.6 19650 19319.9 18989.9 18659.8 18329.7 17993.2 17663.1 17371.3 17377 16781.8 16087.1 15641.5 15309.1 14979 14649 14312.4 13982.3 13652.3 13322.2 12992.1 12655.6 12325.5 11995.4 11665.3 11335.2 11259.7 10954.2 10624.1 10643.5 10754.9 10934.5 10661.3 10331.2 10052.9 10266.5 10603 10929 10920 10589.9 10259.9 9923.32 9588.5 9065.38 8290.05 7493.18 6680.68 5883.8 5086.93 4290.05 3493.18 2703.56 2206.44 1813.81 1235.55 552.495 403.784 383.906 756.371 1536.08 1676.72 1050.79
17041.5 17371.5 17708.1 18064.5 18692 19485.5 20282.3 21094.8 21668.7 21443.6 21113.5 20783.4 20446.9 20116.8 19786.7 19456.7 19126.6 18789.9 18429 17933.9 17248.6 16451.7 15641.5 14961.9 14515.7 14182.2 13852.1 13515.5 13185.5 12855.4 12525.3 12195.2 11858.7 11528.6 11198.5 10868.4 10538.4 10462.8 10157.3 9827.21 9846.62 9958.03 10137.6 9864.39 9534.31 9256.01 9469.59 9806.14 10135.2 10157.1 9793.07 9462.99 9126.44 8796.37 8460.6 7937.19 7163.1 6350.6 5553.73 4756.85 3959.98 3163.1 2350.6 1580.04 1080.64 949.175 408.291 609.111 1064.88 1088.9 1434.16 1361.49 583.565
17838.3 18168.4 18505 18835 19192.6 19819 20612.4 21424.9 22184.1 22240.5 21910.4 21580.3 21243.8 20913.7 20583.6 20250.8 19847.2 19255.3 18512.2 17715.4 16918.5 16121.6 15309.1 14515.7 13835.5 13388.7 13055.2 12718.7 12388.6 12058.5 11728.4 11398.3 11061.8 10731.7 10401.6 10071.6 9741.5 9665.97 9360.41 9030.33 9049.75 9161.15 9340.72 9067.51 8737.44 8459.14 8672.72 9009.26 9339.34 9554.68 9063.7 8666.12 8329.57 7999.49 7669.42 7333.65 6818.59 6059.36 5262.48 4465.61 3668.73 2871.86 2059.36 1262.48 498.216 537.083 911.829 1041.74 1052.62 498.216 848.371 1366.68 850.209
18635.2 18965.3 19301.8 19631.9 19962 20318.4 20944.8 21755 22551.4 22991.1 22707.3 22377.2 22040.6 21695.8 21226 20568.7 19791.5 18979 18182.2 17385.3 16588.4 15791.5 14979 14182.2 13388.7 12708 12260.6 11921.8 11591.7 11261.6 10931.6 10601.5 10264.9 9934.85 9604.77 9274.7 8944.62 8869.1 8563.53 8233.46 8252.87 8364.28 8543.84 8270.64 7940.56 7662.26 7875.84 8212.39 8542.46 8839.37 8574.72 7933.31 7532.69 7202.62 6872.54 6542.46 6212.39 5844.8 5347.84 4653.3 3856.42 3059.55 2247.05 1454.75 848.371 807.593 794.059 713.027 978.879 537.083 872.936 1607.7 1380.24
19432.1 19762.2 20098.7 20428.8 20758.9 21088.9 21441.9 22085.1 22881.9 23587.8 23504.1 23134.6 22577.8 21847.9 21055.2 20258.3 19461.4 18649 17852.1 17055.2 16258.3 15461.5 14649 13852.1 13055.2 12260.6 11579.3 11124.9 10794.8 10464.8 10134.7 9804.6 9468.05 9137.98 8807.9 8477.82 8147.75 8072.22 7766.66 7436.58 7456 7567.4 7746.97 7473.76 7143.69 6865.39 7078.97 7415.51 7745.59 8043.5 7884.01 7452.42 6793.02 6405.74 6075.67 5745.59 5415.51 5078.97 4818.6 4743.07 4173.1 3376.22 2579.99 1932.99 1454.22 803.784 216.277 430.568 1153.75 1309.36 1499.34 1996.45 1753.73
20244.6 20574.6 20911.2 21241.3 21571.3 21901.4 22231.5 22590.9 23220.8 23991.9 23901.9 23124.9 22312.4 21515.5 20718.6 19921.8 19124.9 18312.4 17515.5 16718.7 15921.8 15124.9 14312.4 13515.5 12718.7 11921.8 11124.9 10430.3 9984.62 9652.25 9322.18 8992.1 8655.55 8325.48 7995.4 7665.32 7335.25 7259.72 6954.16 6624.08 6643.5 6754.9 6934.47 6661.26 6331.19 6052.89 6266.47 6603.01 6933.09 7261.69 7165.25 6742.67 6303.37 5657.31 5263.17 4933.09 4603.01 4266.47 4007.58 4059.36 3994.33 3243.18 2483 1813.34 1155.8 592.539 422.894 966.978 1552.76 2050.6 2309.55 2606.57 2146.48
21041.4 21371.5 21708.1 22038.1 22368.2 22698.3 23028.4 23364.9 23721.3 24144.4 23591.7 22794.8 21982.3 21185.4 20388.6 19591.7 18794.8 17982.3 17185.5 16388.6 15591.7 14794.8 13982.3 13185.5 12388.6 11591.7 10794.8 9984.62 9305.02 8858.81 8525.3 8195.22 7858.68 7528.6 7198.52 6868.45 6538.37 6462.85 6157.28 5827.21 5846.62 5958.03 6137.6 5864.39 5534.31 5256.01 5469.59 5806.14 6136.21 6466.29 6645.63 6057.92 5608.01 5171.77 4533.8 4136.22 3806.14 3469.59 3210.71 3262.48 3465.34 2913.1 2100.6 1358.27 688.481 159.539 569.477 1313.37 2009.19 2641.47 3101.78 3202.53 2556.07
21838.3 22168.4 22504.9 22835 23165.1 23495.2 23825.2 24161.8 24422.9 24048 23261.6 22464.7 21652.2 20855.4 20058.5 19261.6 18464.7 17652.3 16855.4 16058.5 15261.6 14464.8 13652.3 12855.4 12058.5 11261.6 10464.8 9652.25 8858.81 8178.64 7731.86 7398.35 7061.8 6731.73 6401.65 6071.57 5741.5 5665.97 5360.41 5030.33 5049.75 5161.15 5340.72 5067.51 4737.44 4459.14 4672.72 5009.26 5339.34 5669.42 5991.91 5676.54 4920.49 4480.72 4043.28 3406.84 3009.26 2672.72 2413.83 2465.61 2754.01 2583.04 1789.94 993.068 278.761 205.605 652.492 1436.58 2233.46 3027.94 3751.57 3690.28 3199.06
22635.2 22965.3 23301.8 23631.9 23962 24292 24622.1 24895.7 24516 23728.4 22931.5 22134.7 21322.2 20525.3 19728.4 18931.5 18134.7 17322.2 16525.3 15728.4 14931.6 14134.7 13322.2 12525.3 11728.4 10931.6 10134.7 9322.18 8525.3 7731.86 7051.11 6603.76 6264.93 5934.85 5604.77 5274.7 4944.62 4869.1 4563.53 4233.46 4252.87 4364.28 4543.85 4270.64 3940.56 3662.26 3875.84 4212.39 4542.47 4879.41 5420 5343.78 4536.64 3795.26 3353.77 2917.87 2276.46 1875.84 1616.96 1668.73 1959.98 2301.2 1783.47 986.596 258.923 163.167 755.907 1564.72 2361.6 3158.47 3953.22 4302.99 3987.36
23432.1 23762.1 24098.7 24428.8 24758.8 25088.9 25368 24986.3 24195.2 23398.3 22601.5 21804.6 20992.1 20195.2 19398.3 18601.5 17804.6 16992.1 16195.2 15398.3 14601.5 13804.6 12992.1 12195.2 11398.3 10601.5 9804.6 8992.1 8195.22 7398.35 6603.76 5922.44 5468.05 5137.98 4807.9 4477.82 4147.75 4072.22 3766.66 3436.58 3456 3567.4 3746.97 3473.76 3143.69 2865.39 3078.97 3415.51 3751.31 4291.91 5073.91 5013.71 4206.57 3409.69 2666.59 2227.15 1795.57 1136.17 820.083 871.859 1288.96 2021.09 1815.83 1018.96 351.905 527.901 1087.97 1828.97 2624.17 3333.13 3899.45 4585.59 4769.93
24244.6 24574.6 24911.2 25241.3 25571.3 25838.5 25462.2 24655.5 23858.7 23061.8 22264.9 21468 20655.5 19858.7 19061.8 18264.9 17468 16655.6 15858.7 15061.8 14264.9 13468.1 12655.6 11858.7 11061.8 10264.9 9468.05 8655.55 7858.68 7061.8 6264.93 5468.05 4773.4 4327.77 3995.4 3665.32 3335.25 3259.72 2954.16 2624.08 2643.5 2754.9 2982.41 2678.52 2331.19 2052.89 2266.47 2609.88 3155.05 3940.48 4737.36 4677.16 3870.02 3073.14 2276.27 1528.02 1085.82 725.564 243.494 335.315 999.54 1755.33 1927.03 1458.49 1102.44 1206 1630.55 1986.03 2411.97 2799.17 3487.36 4284.23 5061.51
25041.4 25371.5 25708.1 26038.1 26299.3 25925.6 25138 24325.5 23528.6 22731.7 21934.8 21138 20325.5 19528.6 18731.7 17934.8 17138 16325.5 15528.6 14731.7 13934.9 13138 12325.5 11528.6 10731.7 9934.85 9137.98 8325.48 7528.6 6731.73 5934.85 5137.98 4327.77 3648.16 3201.96 2868.45 2538.37 2519.9 2161.86 1827.21 1846.62 1958.03 2218.13 2016.41 1553.05 1256.01 1475.31 2028.1 2813.53 3610.41 4407.28 4371.35 3565.83 2768.96 1972.08 1175.21 432.677 243.707 593.728 906.807 1277.79 1375.82 1288.37 1642.44 1851.13 1713.62 1391.45 1288.37 1673.94 2360.41 3157.28 3954.16 4766.66
25838.3 26168.4 26484.3 26627.2 26361 25604.8 24807.9 23995.4 23198.5 22401.6 21604.8 20807.9 19995.4 19198.5 18401.6 17604.8 16807.9 15995.4 15198.5 14401.6 13604.8 12807.9 11995.4 11198.5 10401.6 9604.77 8807.9 7995.4 7198.52 6401.65 5604.77 4807.9 3995.4 3201.96 2521.78 2075.01 1741.5 1830.99 1553.47 1035.48 1051.76 1161.65 1450.71 1324.93 892.357 487.168 888.954 1686.58 2483.46 3280.33 4077.2 4457.92 3727.63 2930.76 2133.88 1343.87 756.371 631.472 917.616 1191.81 1111.77 721.672 545.271 1233.46 1933.03 1483.46 726.624 545.271 1233.46 2030.33 2827.21 3624.08 4436.58
26329.6 26582 26397 26073.9 25740.6 25245.7 24477.8 23665.3 22868.4 22071.6 21274.7 20477.8 19665.3 18868.4 18071.6 17274.7 16477.8 15665.3 14868.4 14071.6 13274.7 12477.8 11665.3 10868.4 10071.6 9274.7 8477.82 7665.32 6868.45 6071.57 5274.7 4477.82 3665.32 2868.45 2075.01 1394.26 946.911 1064.77 1152.21 454.415 411.152 380.687 907.259 821.518 294.022 450.48 912.374 1706 2502.87 3299.75 4095.05 4518.73 4004.2 3234.95 2438.07 1786.81 1267.5 1014.9 823.586 509.473 328.125 293.945 278.962 980.628 1679.81 1499.64 754.621 581.849 1252.87 2049.75 2846.62 3643.5 4456
25673.5 25885.2 25607.1 25277.1 24947 24614.7 24122.3 23335.2 22538.4 21741.5 20944.6 20147.7 19335.2 18538.4 17741.5 16944.6 16147.7 15335.2 14538.4 13741.5 12944.6 12147.7 11335.2 10538.4 9741.5 8944.62 8147.75 7335.25 6538.37 5741.5 4944.62 4147.75 3335.25 2538.37 1741.5 946.911 275.704 437.445 584.853 504.035 492.594 228.65 838.436 891.78 371.321 775.22 1460.04 2050.37 2832.95 3629.82 4118.61 3872.62 3533.66 3061.3 2302.16 1555.33 891.883 328.525 289.878 346.49 352.113 342.347 310.178 658.078 1452.67 1824.71 1439.37 1335.25 1708.8 2379.82 3176.7 3973.57 4786.07
24861 25072.7 24794.6 24464.6 24134.5 23804.4 23474.3 23100.6 22557.8 21819.2 21025.4 20228.6 19416.1 18619.2 17822.3 17025.4 16228.6 15416.1 14619.2 13822.3 13025.4 12228.6 11416.1 10619.2 9822.3 9025.43 8228.55 7416.05 6619.18 5822.3 5025.43 4228.55 3416.05 2619.18 1822.3 1025.43 272.583 108.942 219.109 435.178 432.064 519.591 1066.61 1350.45 1121.86 1320.99 1902.77 2609.09 3188.37 3886.54 3724.71 3093.3 2723.57 2391.82 1940.62 1175.21 435.537 282.765 493.918 1040.9 1128.33 1099.7 884.803 1052.18 1700.32 2378.26 2251.3 2147.75 2477.82 2847.94 3514.39 4310.12 5122.62
24064.1 24275.9 23997.8 23667.7 23337.6 23007.5 22677.5 22340.9 22010.8 21660.9 21214.6 20520.7 19708.2 18911.3 18114.5 17317.6 16520.7 15708.2 14911.3 14114.5 13317.6 12520.7 11708.2 10911.3 10114.5 9317.59 8520.72 7708.22 6911.34 6114.47 5317.59 4520.72 3708.22 2911.34 2114.47 1322.17 713.5 625.718 853.051 990.32 956.758 665.649 581.514 1214.63 1713.59 2096.13 2447.94 3043.53 3692.71 3631.19 3154.65 2600.13 1958.16 1596.62 1404.12 1020.21 299.915 277.813 665.498 1438.71 1903.53 1892.39 1681.68 1817.59 2181.42 2821.37 3041.02 2944.62 3274.7 3604.78 3976.04 4641.34 5452.7
23267.2 23479 23200.9 22870.8 22540.7 22210.7 21880.6 21544 21214 20883.9 20720.1 20732.4 20038.3 19241.4 18444.5 17647.7 16850.8 16038.3 15241.4 14444.5 13647.7 12850.8 12038.3 11241.4 10444.5 9647.67 8850.79 8038.29 7241.42 6444.54 5647.67 4850.79 4038.29 3241.42 2449.69 1842.74 1491.5 1420.3 1633.23 1720.66 1321.17 531.25 157.21 760.342 1530.33 2320.34 3014.08 3454.61 3450.23 3109.13 2529.39 2027.7 1461.55 833.498 620.979 477.264 626.551 830.884 1135.63 1742.59 2508.44 2686.2 2478.55 2614.47 2944.54 3308.37 3743.93 3741.5 4071.57 4401.65 4731.73 5101.85 5782.77
22470.4 22682.1 22404 22073.9 21743.9 21413.8 21083.7 20747.2 20417.1 20087 19925.2 20227.7 20261.9 19571.5 18774.6 17977.7 17180.9 16368.4 15571.5 14774.6 13977.7 13180.9 12368.4 11571.5 10774.6 9977.74 9180.87 8368.37 7571.49 6774.62 5977.74 5180.87 4368.37 3576.07 2969.69 2618.45 2233.94 1995.35 1822.67 1589.25 1401.72 754.621 321.227 671.415 1459.14 2256.01 3052.89 3121.63 2667.08 2337.01 2028.86 1405.73 890.44 381.357 82.0313 229.684 898.355 1570.55 1911.34 2262.58 2868.96 3424.8 3275.43 3411.34 3741.42 4071.5 4408.3 4538.37 4868.45 5198.52 5528.6 5858.68 6238.7
21673.5 21885.2 21607.1 21277.1 20947 20616.9 20286.8 19950.3 19620.2 19290.1 19128.3 19432.5 19765.8 19795.1 19104.7 18307.8 17510.9 16698.4 15901.6 15104.7 14307.8 13510.9 12698.4 11901.6 11104.7 10307.8 9510.94 8698.44 7901.57 7104.69 6307.82 5510.95 4701.31 4089.62 3620.78 2983.76 2208.17 1487.88 1070.44 800.666 963.531 977.528 699.128 938.049 1646.83 2443.7 3164.88 2749.46 1996.06 1540.13 1366.33 1096.15 362.422 275.611 589.13 805.175 1283.48 2037.08 2674.99 3038.29 3387.25 3975.59 4072.3 4208.22 4538.29 4868.37 5198.45 5335.25 5665.32 5995.4 6325.48 6655.55 6992.1
20861 21072.7 20794.6 20464.6 20134.5 19804.4 19474.3 19137.8 18807.7 18477.6 18315.8 18620 18956.6 19285 19295.3 18579.1 17782.2 16969.7 16172.8 15376 14579.1 13782.2 12969.7 12172.8 11376 10579.1 9782.2 8969.7 8172.83 7375.95 6579.08 5782.2 4999.83 4268.96 3472.08 2675.21 1878.33 1065.83 380.572 164.508 361.792 570.008 196.832 658.078 1452.67 2219.34 2800.85 2412.91 1616.04 859.207 585.853 1010.85 704.422 362.797 847.071 1461.89 1919.09 2432.53 3171.99 3813.13 4180.87 4525.25 4842.83 5020.72 5350.79 5680.87 6010.95 6147.75 6477.82 6807.9 7137.98 7468.05 7804.6
20064.1 20275.9 19997.8 19667.7 19337.6 19007.5 18677.5 18340.9 18010.8 17680.8 17519 17823.1 18159.7 18489.8 18805.6 18661.8 17917.2 17104.7 16307.8 15510.9 14714 13917.2 13104.7 12307.8 11510.9 10714 9917.16 9104.66 8307.79 7510.91 6714.04 5917.16 5104.66 4307.79 3510.91 2714.04 1917.16 1105.81 412.083 377.025 676.35 979.278 833.788 1046.26 1422.2 1750.65 2073.14 2223.99 1557.79 779.653 337.886 456.05 782.439 461.818 782.08 1557.79 2354.66 3029.48 3562.41 4298.8 4938.6 5307.82 5585.55 5817.59 6147.67 6477.74 6807.82 6944.62 7274.7 7604.77 7934.85 8264.93 8601.47
19267.3 19479 19200.9 18870.8 18540.7 18210.7 17880.6 17544 17214 16883.9 16722.1 17026.3 17362.8 17692.9 18023 18338.8 18198 17434.7 16637.9 15841 15044.1 14247.2 13434.7 12637.9 11841 11044.1 10247.2 9434.74 8637.86 7840.99 7044.11 6247.24 5434.74 4637.86 3840.99 3044.12 2247.24 1527.41 1056.61 1035.48 1420.47 1504.24 1041.34 793.162 697.701 954.781 1384.96 2106.77 1906.6 1242.27 576.406 279.905 848.173 1202.27 1389.03 1909.03 2684.74 3495.73 4155.15 4690.34 5425.75 6067.04 6382.42 6614.47 6944.54 7274.62 7604.69 7741.5 8071.57 8401.65 8731.73 9061.8 9398.35
18470.4 18682.1 18404 18073.9 17743.9 17413.8 17083.7 16747.2 16417.1 16087 15925.2 16229.4 16565.9 16896 17226.1 17556.2 17874.4 17724.4 16967.9 16171.1 15374.2 14577.3 13764.8 12967.9 12171.1 11374.2 10577.3 9764.82 8967.94 8171.07 7374.19 6577.32 5764.82 4967.94 4171.07 3374.19 2665.99 2182.42 1846.62 1827.21 1979.27 1365.39 566.044 222.582 91.9357 345.04 1046.19 1853.99 2281.87 1703.36 1276.46 999.54 1288.96 1845.76 2180.76 2515.41 3033.69 3827.32 4622.18 5282.1 5816.32 6552.84 7146.08 7411.34 7741.42 8071.49 8401.57 8538.37 8868.45 9198.52 9528.6 9858.68 10195.2
17673.5 17885.2 17607.1 17277.1 16947 16616.9 16286.8 15950.3 15620.2 15290.1 15128.3 15432.5 15769.1 16099.1 16429.2 16759.3 17089.4 17411.5 17257.6 16501.1 15704.3 14907.4 14094.9 13298 12501.1 11704.3 10907.4 10094.9 9298.02 8501.14 7704.27 6907.39 6094.89 5298.02 4501.14 3792.94 3316.41 2973.57 2643.5 2615.5 2367.83 1578.97 862.493 297.569 32.2266 244.777 839.113 1647.75 2374.07 2398.65 2061.77 1796.42 2042.35 2413.58 2941.41 3307.71 3640.65 4171.69 4954.27 5749.63 6410.33 6940.34 7678.87 8202.33 8538.29 8868.37 9198.45 9335.25 9665.32 9995.4 10325.5 10655.6 10990.2
16861 17072.7 16794.6 16464.6 16134.5 15804.4 15474.3 15137.8 14807.7 14477.6 14315.8 14620 14956.6 15286.6 15616.7 15946.8 16276.9 16613.4 16931.6 16785.8 16040.6 15243.9 14431.4 13634.6 12837.7 12040.8 11243.9 10431.4 9634.57 8837.69 8040.81 7243.94 6431.44 5635.71 4930.36 4458.42 4122.62 3786.07 3456 3311.83 2713.73 1971.14 1195.67 626.493 375.4 302.059 946.508 1751.3 2548.18 3107.45 2874.27 2608.92 2854.85 3184.93 3554.01 4081.83 4450.29 4789.69 5309.69 6087.69 6884.57 7548.84 8089.39 8809.71 9318.46 9652.95 9938.29 9895.42 10040.3 10231 10393.5 10723.6 10969.5
16064.1 16275.9 15997.8 15667.7 15337.6 15007.5 14677.5 14340.9 14010.8 13680.8 13519 13823.1 14159.7 14489.8 14819.8 15149.9 15480 15816.5 16146.6 16377.2 16067.8 15507.5 14759.2 13964.6 13167.8 12370.9 11574 10761.5 9964.64 9167.77 8370.89 7574.02 6762.66 6057.89 5586.51 5249.57 4919.5 4582.95 4251.14 3813.21 3097.09 2332.36 1653.72 1058.18 497.628 723.099 1327.06 2087.53 2878.25 3632.48 3670.48 3405.79 3651.73 3981.81 4311.88 4682.04 5208.78 5583.71 5918.36 6438.93 7200.29 7873.89 8307.35 8701.96 9044.72 9374.79 9557.82 9268.96 9300.21 9454.24 9596.62 9926.7 10172.6
15267.3 15479 15200.9 14870.8 14540.7 14210.7 13880.6 13544 13214 12883.9 12722.1 13026.3 13362.8 13692.9 14023 14353 14683.1 15019.7 15349.7 15580.3 15332 15001.9 14641.8 14156 13483.7 12701 11904.1 11091.6 10294.7 9497.84 8700.97 7904.09 7184.27 6713.46 6376.52 6046.45 5716.37 5378.52 4919.7 4223.7 3459.51 2679.91 1874.08 1080.64 498.216 848.371 1624.08 2434.32 3212.94 4005.2 4427.66 4202.67 4448.6 4778.68 5108.76 5438.83 5802.28 6122.31 6204.62 6539.84 6917.03 7251.14 7587.69 7917.77 8247.84 8611.18 8786.26 8472.08 8503.33 8657.36 8799.75 9129.82 9375.76
