public/models/data/input/map/sulut/800/mapdem.asc
NCOLS 310
NROWS 227
XLLCORNER 510063.019283
YLLCORNER 210717.685435
CELLSIZE 800.000000
NODATA_VALUE       -9999
[rows 96 to 127 of 227, columns 222 to 295 of 310]
462.148 479.426 511.203 558.176 623.582 639.52 657.719 686.336 661.852 669.082 687.68 698.938 696.277 706.582 704.098 721.18 751.109 741.836 726 723.234 719.918 748.984 763.25 691.086 680.828 680 680 682.617 685 685 691.492 818.418 925.93 867.668 776.82 709.188 648.563 597.781 545.141 496.488 448.691 394.926 350.145 305.352 246.734 199.039 151.438 95.6602 43.5938 12.6606 -9999 -9999 -9999 -9999 -9999 -9999 -9999 -9999 -9999 -9999 -9999 -9999 -9999 -9999 -9999 -9999 -9999 -9999 -9999 -9999 -9999 -9999 -9999 -9999
461.043 491.871 551.996 583.965 609.074 664.438 684.34 718.301 702.336 707.828 736.707 735.441 733.762 731.715 733.621 731.004 723.852 734.164 723.176 722.484 715.605 756.16 798.141 711.352 680.367 680.508 680.117 683.945 685 685.078 698.828 856.566 857.496 783.285 736.461 673.121 607.098 558.219 514.543 470.547 421.352 374.402 323.277 272.984 230.617 178.191 126.457 77.1211 25.4798 4.875 -9999 -9999 -9999 -9999 -9999 -9999 -9999 -9999 -9999 -9999 -9999 -9999 -9999 -9999 -9999 -9999 -9999 -9999 -9999 -9999 -9999 -9999 -9999 -9999
495.793 523.254 586.371 606.977 634.277 681.469 728.543 769.691 768.109 750.738 768.961 770.449 760.277 751.691 753.566 747.891 735.742 727.652 712.719 705.418 702.383 714.844 750.73 721.363 682.16 680.254 679.973 684.512 685 685 735.215 847.152 793.316 723.031 676.473 621.504 577.891 556.414 484.215 441.559 395.391 355.281 294.668 254.043 210.195 163.043 111.129 59.4648 19.8974 -9999 -9999 -9999 -9999 -9999 -9999 -9999 -9999 -9999 -9999 -9999 -9999 -9999 -9999 -9999 -9999 -9999 -9999 -9999 -9999 -9999 -9999 -9999 -9999 -9999
507.488 541.09 594.219 635.535 699.41 723.145 761.496 796.879 809.148 810.059 811.191 789.555 779.578 769.98 758.102 757.539 738.941 726.648 716.355 703.883 709.852 702.586 707.422 699.832 688.188 680.82 679.48 681.836 685.391 684.961 735.75 765.469 735.168 686.914 632.711 593.137 547.301 506.754 450.715 409.602 353.5 321.07 274.898 230.707 187.211 146.668 100.301 49.6055 14.1481 -9999 -9999 -9999 -9999 -9999 -9999 -9999 -9999 -9999 -9999 -9999 -9999 -9999 -9999 -9999 -9999 -9999 -9999 -9999 -9999 -9999 -9999 -9999 -9999 -9999
539.672 587.113 634.676 684.797 747.641 788.359 823.672 855.59 833.07 868.336 844.527 810.98 795.938 777.172 770.859 772.09 742.043 729.672 725.57 735.574 728.453 718.199 700.934 697.969 688.813 682.449 680.66 683.195 684.434 693.852 762.512 720.535 692.008 645.336 603.785 564.551 530.672 465.441 422.281 375.715 332.094 286.625 251.879 215.305 170.328 123.379 75.9727 30.5234 6.5 -9999 -9999 -9999 -9999 -9999 -9999 -9999 -9999 -9999 -9999 -9999 -9999 -9999 -9999 -9999 -9999 -9999 -9999 -9999 -9999 -9999 -9999 -9999 -9999 -9999
577.898 597.629 639.934 724.027 781.898 846.965 929.895 931.063 923.094 913.301 878.836 837.926 812.371 785.094 784.977 773.188 735.758 719.598 721.352 753.352 743.645 762.375 721.758 699.801 693.289 691.441 699.258 705.137 688.766 720.109 759.965 692.457 643.879 603.98 577.359 546.098 504.383 446.871 386.867 355.492 314.242 270.66 237.582 193.688 148.313 103.191 60.6563 18.3049 -9999 -9999 -9999 -9999 -9999 -9999 -9999 -9999 -9999 -9999 -9999 -9999 -9999 -9999 -9999 -9999 -9999 -9999 -9999 -9999 -9999 -9999 -9999 -9999 -9999 -9999
589.539 637.063 683.824 745.898 812.035 909.742 1051.14 1008.84 1033.21 990.875 964.355 902.457 840.43 813.938 802.184 776.895 762.723 742.914 726.258 742.414 731.34 723.918 716.109 710.477 696.453 693.563 703.273 744.594 726.223 836.172 769.938 680.371 597.121 571.578 545.473 520.895 468.082 412.84 371.945 323.84 285.305 253.039 219.777 176.039 130.078 77.0156 38.9609 11.8125 -9999 -9999 -9999 -9999 -9999 -9999 -9999 -9999 -9999 -9999 -9999 -9999 -9999 -9999 -9999 -9999 -9999 -9999 -9999 -9999 -9999 -9999 -9999 -9999 -9999 -9999
596.273 660.32 712.793 766.758 830.754 937.398 1067.73 1145.45 1204.9 1230.09 1238.86 1082.77 955.102 848.781 812.395 803.719 796.102 782.227 755.824 736.801 735.109 726.145 717.781 706.641 699.688 693.781 694.398 740.785 766.93 868.684 747.195 631.277 552.594 543.754 500.797 478.984 443.293 392.801 354.922 305.008 275.391 232.773 192.434 152.152 116.582 69.2031 28.25 6.97222 -9999 -9999 -9999 -9999 -9999 -9999 -9999 -9999 -9999 -9999 -9999 -9999 -9999 -9999 -9999 -9999 -9999 -9999 -9999 -9999 -9999 -9999 -9999 -9999 -9999 -9999
607.086 669.223 743.109 807.25 883.844 997.125 1148.92 1317.36 1362.05 1364.04 1285.84 1197.49 1004.15 924.742 868.473 844.461 819.059 800.98 762.09 745.785 737.332 725.105 717.813 707.203 700.723 698.648 705.184 744.297 813.648 756.574 649.824 567.352 516.254 489.57 464.676 441.328 405.816 373.824 333.066 283.832 254.481 214.168 187.039 141.43 99.1914 61.2539 15.6017 3.45455 -9999 -9999 -9999 -9999 -9999 -9999 -9999 -9999 -9999 -9999 -9999 -9999 -9999 -9999 -9999 -9999 -9999 -9999 -9999 -9999 -9999 -9999 -9999 -9999 -9999 -9999
643.605 694.598 751.465 826.949 906.91 1019.46 1204.73 1387.93 1404.79 1375.94 1426.58 1286.42 1074.27 957.844 908.543 870.621 837.168 808.363 774.121 753.066 746.621 735.352 719.512 705.215 700.887 699.531 721.414 682.68 658.852 612.25 548.992 479.383 459.762 448.094 411.504 409.973 370.016 318.813 280.574 255.836 238.909 193.453 144.695 125.957 70.9766 40.8555 13.3955 7 -9999 -9999 -9999 -9999 -9999 -9999 -9999 -9999 -9999 -9999 -9999 -9999 -9999 -9999 -9999 -9999 -9999 -9999 -9999 -9999 -9999 -9999 -9999 -9999 -9999 -9999
654.219 694.645 765.148 831.227 913.816 1015.02 1126.13 1211.72 1379.9 1425.77 1500.4 1338.3 1086.23 968.719 911.984 880.316 842.273 810.223 787.203 766.277 753.305 783.043 753.336 718.566 705.863 685.059 646.383 624.93 594.191 537.797 461.25 448.211 411.383 413.285 370.688 361.258 326.723 295.332 245.703 214.555 206.105 170.801 129.379 89.6836 50.125 16.9778 4.11111 -9999 -9999 -9999 -9999 -9999 -9999 -9999 -9999 -9999 -9999 -9999 -9999 -9999 -9999 -9999 -9999 -9999 -9999 -9999 -9999 -9999 -9999 -9999 -9999 -9999 -9999 -9999
603.27 674.723 736.523 793.355 905.098 1057.69 1220.91 1332.99 1384.03 1472.03 1467.27 1380.43 1160.91 983.84 897.625 865.945 837.887 813.277 794.742 772.547 780.953 864.477 791.363 706.477 665.055 621.824 596.438 541.789 530.707 486.527 459.867 413.211 372.461 360.66 342.387 329.438 306.293 275.715 242.66 204.93 172.641 135.52 100.344 71.6641 30.7305 18.3182 -9999 -9999 -9999 -9999 -9999 -9999 -9999 -9999 -9999 -9999 -9999 -9999 -9999 -9999 -9999 -9999 -9999 -9999 -9999 -9999 -9999 -9999 -9999 -9999 -9999 -9999 -9999 -9999
618.508 680.473 735.445 830.754 974.418 1170.59 1459.75 1553.73 1392 1493.89 1533.54 1447.34 1197.81 986.727 897.965 858.801 829.227 847.105 812.707 869.637 967.055 925.066 784.402 681.523 611.707 564.859 535.32 494.207 455.383 421.805 383.434 390.609 361.484 323.344 316.488 307.684 270.484 244.969 217.988 187.66 150.824 109.734 73.3438 38.7031 11.3681 4 -9999 -9999 -9999 -9999 -9999 -9999 -9999 -9999 -9999 -9999 -9999 -9999 -9999 -9999 -9999 -9999 -9999 -9999 -9999 -9999 -9999 -9999 -9999 -9999 -9999 -9999 -9999 -9999
602.391 664.098 720.91 834.453 980.109 1281.53 1618.73 1630.29 1313.32 1309.74 1382.66 1288.59 1130.67 996.738 970.992 935.547 868.074 894.273 903.18 985.816 919.625 816.613 739.004 642.32 589.164 525.523 485.934 458.855 421.434 376.406 367.941 340.598 317.391 321.785 302.156 290.223 240.078 197.691 177.254 152.469 115.652 87.7188 41.1445 29.0181 2 -9999 -9999 -9999 -9999 -9999 -9999 -9999 -9999 -9999 -9999 -9999 -9999 -9999 -9999 -9999 -9999 -9999 -9999 -9999 -9999 -9999 -9999 -9999 -9999 -9999 -9999 -9999 -9999 -9999
624.785 665.828 722.262 796.25 923.504 1197.94 1371.7 1318.34 1172.12 1183.35 1312.31 1255.27 1129.93 1104.24 935.004 894.34 798.305 725.609 773.703 769.715 762.273 718.328 662.445 595.133 521.934 467.527 437.219 419.457 392.773 358.23 335.41 315.93 267.91 292.863 290.35 232.851 200.516 161.766 152.613 115.832 95.9492 48.9453 21.148 -9999 -9999 -9999 -9999 -9999 -9999 -9999 -9999 -9999 -9999 -9999 -9999 -9999 -9999 -9999 -9999 -9999 -9999 -9999 -9999 -9999 -9999 -9999 -9999 -9999 -9999 -9999 -9999 -9999 -9999 -9999
613.004 635.652 656.648 735.816 806.512 939.992 1067.38 1059.23 1030.47 1241.66 1427.29 1450.88 1253.48 1061.15 898.73 767.629 740.008 635.332 615.82 615.855 618.934 582.156 543.914 521.211 465.758 425.391 396.613 383.996 366.832 326.863 299.953 294.695 260.172 236.707 237.633 218.004 147.211 150.719 103 60.5781 39.5703 32.1228 11.7241 -9999 -9999 -9999 -9999 -9999 -9999 -9999 -9999 -9999 -9999 -9999 -9999 -9999 -9999 -9999 -9999 -9999 -9999 -9999 -9999 -9999 -9999 -9999 -9999 -9999 -9999 -9999 -9999 -9999 -9999 -9999
563.707 588.324 619.762 663.883 739.891 796.281 899.633 866.992 939.59 1149.2 1232.82 1398.2 1196.13 940.137 809.594 702.082 650.711 589.117 538.535 511.492 514.41 482.016 457.648 449.203 409.637 384.719 354.082 338.59 345.809 306.089 265.793 248.547 248.773 210.621 199.637 189.277 151.328 114.215 98.9609 57.5547 33.4957 11.3261 -9999 -9999 -9999 -9999 -9999 -9999 -9999 -9999 -9999 -9999 -9999 -9999 -9999 -9999 -9999 -9999 -9999 -9999 -9999 -9999 -9999 -9999 -9999 -9999 -9999 -9999 -9999 -9999 -9999 -9999 -9999 -9999
531.609 575.414 618.41 636.641 704 800.16 804.773 723.918 815.594 958.34 1112.09 1152.37 1013.61 862.887 706.789 613.816 556.363 525.203 492.527 450.703 451.086 403.988 391.754 380.742 350.906 330 308.824 305.777 305.672 276.523 258.047 231.871 215.035 191.039 160.121 144.656 132.055 99.7852 56.6211 35.2305 22.3261 -9999 -9999 -9999 -9999 -9999 -9999 -9999 -9999 -9999 -9999 -9999 -9999 -9999 -9999 -9999 -9999 -9999 -9999 -9999 -9999 -9999 -9999 -9999 -9999 -9999 -9999 -9999 -9999 -9999 -9999 -9999 -9999 -9999
505.176 554.586 557.859 590.906 643.594 673.773 680.227 630.25 716.344 808.824 880.859 847.301 796.965 712.949 617.734 557.27 500.688 455.148 448.457 413.836 400.523 365.387 332.559 325.879 302.02 289.512 275.059 282.329 264.461 258.723 238.969 210.988 182.875 176.133 146.277 107.176 95.7852 76.4453 40.2891 21 11.7391 -9999 -9999 -9999 -9999 -9999 -9999 -9999 -9999 -9999 -9999 -9999 -9999 -9999 -9999 -9999 -9999 -9999 -9999 -9999 -9999 -9999 -9999 -9999 -9999 -9999 -9999 -9999 -9999 -9999 -9999 -9999 -9999 -9999
476.719 504.746 534.656 562.461 592.148 636.547 615.895 528.906 623.371 629.438 666.766 645.328 622.598 575.434 517.68 477.938 456.469 414.57 394.262 383.691 360.352 332.172 303.391 281.338 257.242 271.016 251.289 247 241.816 234.199 221.879 190.984 164.441 149.34 125.328 93.2773 59.8555 31.4375 9.58333 15 -9999 -9999 -9999 -9999 -9999 -9999 -9999 -9999 -9999 -9999 -9999 -9999 -9999 -9999 -9999 -9999 -9999 -9999 -9999 -9999 -9999 -9999 -9999 -9999 -9999 -9999 -9999 -9999 -9999 -9999 -9999 -9999 -9999 -9999
484.918 496.621 477.754 489.914 523.785 554.969 475.414 486.016 550.984 521.926 501.074 495.555 479.055 470.941 431.133 397.48 385.531 367.727 353.109 339.234 326.977 296.648 279.969 243.797 229.277 254.153 230.477 224.848 218.656 215.195 194.227 167.504 140.707 113.703 89.4688 64.2773 39.3789 13.4851 -9999 -9999 -9999 -9999 -9999 -9999 -9999 -9999 -9999 -9999 -9999 -9999 -9999 -9999 -9999 -9999 -9999 -9999 -9999 -9999 -9999 -9999 -9999 -9999 -9999 -9999 -9999 -9999 -9999 -9999 -9999 -9999 -9999 -9999 -9999 -9999
446.738 422.75 416.289 452.613 478.273 469.676 396.648 450.875 475.031 452.676 420.242 411.488 399.996 388.746 369.387 354.699 330.234 306.367 318.305 299.32 283.133 271.58 252.53 219.246 204.633 210.633 196.578 195.473 189.711 180.297 156.457 132.121 110.516 81.3359 63.7148 27.6983 13.828 5 -9999 -9999 -9999 -9999 -9999 -9999 -9999 -9999 -9999 -9999 -9999 -9999 -9999 -9999 -9999 -9999 -9999 -9999 -9999 -9999 -9999 -9999 -9999 -9999 -9999 -9999 -9999 -9999 -9999 -9999 -9999 -9999 -9999 -9999 -9999 -9999
393.691 397.355 398.75 419.387 436.836 402.82 384.129 435.52 410.516 394.27 374.031 352.117 345.785 340.023 318.594 310.191 279.102 266.27 287.043 272.215 247.313 241.294 221.075 214.418 176.227 186.895 183.391 174.852 158.391 136.844 128.82 113.32 89.0508 55.1367 34.5168 28.2258 -9999 -9999 -9999 -9999 -9999 -9999 -9999 -9999 -9999 -9999 -9999 -9999 -9999 -9999 -9999 -9999 -9999 -9999 -9999 -9999 -9999 -9999 -9999 -9999 -9999 -9999 -9999 -9999 -9999 -9999 -9999 -9999 -9999 -9999 -9999 -9999 -9999 -9999
387.973 388.898 394.27 400.352 381.711 344.074 353.324 388.742 358.145 333.605 321.246 301 306.238 299.758 277.68 260.297 232.355 244.539 239.199 241.77 216.543 209.805 202.723 188.52 167.094 162.355 164.613 142.457 128.828 115.828 106.234 89.1172 68.3125 39.6836 18.697 -9999 -9999 -9999 -9999 -9999 -9999 -9999 -9999 -9999 -9999 -9999 -9999 -9999 -9999 -9999 -9999 -9999 -9999 -9999 -9999 -9999 -9999 -9999 -9999 -9999 -9999 -9999 -9999 -9999 -9999 -9999 -9999 -9999 -9999 -9999 -9999 -9999 -9999 -9999
389.688 388.23 387.98 356.156 344.664 335.066 359.957 342.438 313.008 294.352 291.863 270.095 271.882 269.558 236.66 227.754 204.559 225.039 206.168 227.551 204.934 193.48 184.488 174.832 150.477 159.926 144.359 132.125 102.352 91.2969 77.9453 54.25 41.0732 25.25 -9999 -9999 -9999 -9999 -9999 -9999 -9999 -9999 -9999 -9999 -9999 -9999 -9999 -9999 -9999 -9999 -9999 -9999 -9999 -9999 -9999 -9999 -9999 -9999 -9999 -9999 -9999 -9999 -9999 -9999 -9999 -9999 -9999 -9999 -9999 -9999 -9999 -9999 -9999 -9999
429.469 406.199 393.449 354.828 319.105 316.141 317.016 304.961 281.439 264.642 262.983 253.308 254.151 237.461 207.242 194.754 200.32 194.871 187.109 203.352 190.406 176.086 168.184 156.785 140.609 134.402 132.129 113.691 100.035 73.5977 43.9023 20.5263 8.65517 -9999 -9999 -9999 -9999 -9999 -9999 -9999 -9999 -9999 -9999 -9999 -9999 -9999 -9999 -9999 -9999 -9999 -9999 -9999 -9999 -9999 -9999 -9999 -9999 -9999 -9999 -9999 -9999 -9999 -9999 -9999 -9999 -9999 -9999 -9999 -9999 -9999 -9999 -9999 -9999 -9999
532.469 490.184 419.34 382.289 312.227 300.168 287.363 270.16 261.515 242.363 234.625 225.461 220.637 207.031 196.105 179.914 198.613 176.266 165.461 180.965 163.012 160.051 159.574 144.645 133.16 117.977 104.09 86.5742 63.1367 42.6602 21.0553 12.8451 -9999 -9999 -9999 -9999 -9999 -9999 -9999 -9999 -9999 -9999 -9999 -9999 -9999 -9999 -9999 -9999 -9999 -9999 -9999 -9999 -9999 -9999 -9999 -9999 -9999 -9999 -9999 -9999 -9999 -9999 -9999 -9999 -9999 -9999 -9999 -9999 -9999 -9999 -9999 -9999 -9999 -9999
618.008 634.668 483.836 439.773 327.199 290.488 272.684 261.03 238.973 230.227 217.012 208.23 205.109 186.883 200.914 176.027 182.309 167.383 149.02 154.012 145.746 142.449 141.449 129.762 105.637 93.0938 77.4102 59.5664 34.5117 14.6736 4.77419 -9999 -9999 -9999 -9999 -9999 -9999 -9999 -9999 -9999 -9999 -9999 -9999 -9999 -9999 -9999 -9999 -9999 -9999 -9999 -9999 -9999 -9999 -9999 -9999 -9999 -9999 -9999 -9999 -9999 -9999 -9999 -9999 -9999 -9999 -9999 -9999 -9999 -9999 -9999 -9999 -9999 -9999 -9999
666.988 672.145 551.313 480.078 393.699 307.961 271.008 260.566 233.121 212.465 195.859 191.746 186.066 174.668 175.66 155.242 164.922 151.793 139.43 139.199 132.23 127.797 119.762 99.3281 75.4297 62.3359 49.5313 37.3594 13.6702 4.88889 -9999 -9999 -9999 -9999 -9999 -9999 -9999 -9999 -9999 -9999 -9999 -9999 -9999 -9999 -9999 -9999 -9999 -9999 -9999 -9999 -9999 -9999 -9999 -9999 -9999 -9999 -9999 -9999 -9999 -9999 -9999 -9999 -9999 -9999 -9999 -9999 -9999 -9999 -9999 -9999 -9999 -9999 -9999 -9999
698.195 692.555 606.762 465.344 359.172 321.156 284.708 255.426 224.863 207.137 199.184 170.816 155.246 148.074 150.461 145.324 148.629 136.086 126.281 117.164 108.477 101.379 86.875 64.7031 46.3438 30.0781 21.9453 18.4336 10.0909 -9999 -9999 -9999 -9999 -9999 -9999 -9999 -9999 -9999 -9999 -9999 -9999 -9999 -9999 -9999 -9999 -9999 -9999 -9999 -9999 -9999 -9999 -9999 -9999 -9999 -9999 -9999 -9999 -9999 -9999 -9999 -9999 -9999 -9999 -9999 -9999 -9999 -9999 -9999 -9999 -9999 -9999 -9999 -9999 -9999
644.324 649.824 575.699 465.363 445.195 392.043 327.441 268.524 235.539 216.141 221.336 191.641 161.75 146.328 112.148 117.898 121.961 114.77 101.691 92.9023 81.2773 66.4766 51.2266 37.4141 20.0352 11.1484 8.77734 5.50679 6.65854 -9999 -9999 -9999 -9999 -9999 -9999 -9999 -9999 -9999 -9999 -9999 -9999 -9999 -9999 -9999 -9999 -9999 -9999 -9999 -9999 -9999 -9999 -9999 -9999 -9999 -9999 -9999 -9999 -9999 -9999 -9999 -9999 -9999 -9999 -9999 -9999 -9999 -9999 -9999 -9999 -9999 -9999 -9999 -9999 -9999
666.465 660.699 582.941 571.586 591.547 442.156 342.086 282.84 252.781 266.25 252.234 210.277 172.715 140.738 106.875 95.3828 92.207 88.293 68.3594 59.082 43.8008 35.8086 22.7148 14.6758 7.44922 5.05859 3.27344 1.05147 0.666667 -9999 -9999 -9999 -9999 -9999 -9999 -9999 -9999 -9999 -9999 -9999 -9999 -9999 -9999 -9999 -9999 -9999 -9999 -9999 -9999 -9999 -9999 -9999 -9999 -9999 -9999 -9999 -9999 -9999 -9999 -9999 -9999 -9999 -9999 -9999 -9999 -9999 -9999 -9999 -9999 -9999 -9999 -9999 -9999 -9999
