public/models/data/input/map/sulut/800/mapdroad.asc
NCOLS 310
NROWS 227
XLLCORNER 510063.019283
YLLCORNER 210717.685435
CELLSIZE 800.000000
NODATA_VALUE       -9999
[rows 132 to 164 of 227, columns 146 to 218 of 310]
-9999 -9999 129.31 91.2017 110.768 185.599 367.338 407.753 789.478 1249.36 1897.86 2570.41 3309.08 3264.4 2586.36 2032.03 1633.88 1472.08 1784.85 2003.39 1722.08 1883.88 2237.58 2623.24 2948.6 3152.12 2568.74 1898.39 1166.16 389.5 271.271 1018.96 1815.83 2612.71 3419.47 3702.03 3383.88 3163.83 3422.72 3722.8 3411.96 2732.88 2321.57 1991.5 1882 1350.81 834.151 245.488 98.6328 503.353 644.024 625 689.721 802.72 993.214 1427.98 2096.14 2887.87 3684.74 4472.77 4482.66 3984.62 3632.23 3297.13 2766.68 2058.92 1633.88 1337.93 1131.47 1170.3 1364.28 1530.33 1889.3
-9999 0 42.3554 191.332 644.107 438.692 254.265 224.004 209.609 771.721 1442.88 2218.02 3014.9 3567.5 3156.7 2760.83 2430.76 2268.96 2573.14 2777.38 2518.96 2680.76 3010.83 3352.87 3714.02 3447.63 2675.21 1886.37 1089.5 310.542 363.166 1150.89 1947.76 2744.64 3557.14 4252.5 4180.76 3958.03 4084.92 3796.47 3118.45 2321.57 1604.21 1194.62 1180.53 924.258 317.794 40.6805 75.1953 162.081 166.6 196.567 150.668 151.506 307.971 968.615 1760.91 2557.79 3354.66 4167.16 4832.15 4759.19 4423.75 3906.49 3182.44 2760.83 2430.76 2134.8 1928.35 1967.18 2161.15 2327.21 2657.28
70 29.6443 125.977 520.146 1203.15 1212.93 1002.56 810.91 247.343 346.577 1123.43 1920.3 2717.18 3510.7 3856.43 3557.71 3227.63 3065.83 3370.02 3574.25 3315.83 3477.63 3807.71 4137.79 4293.28 3616.04 2819.16 2022.29 1225.41 595.758 788.305 1431.3 2219.59 3016.47 3828.97 4435.56 4291.17 3967.29 3647.75 3287.3 2683.33 1991.5 1194.62 472.115 430.568 310.877 130.397 94.7266 441.535 718.75 777.334 856.004 712.048 420.264 158.203 828.125 1625 2421.88 3218.75 4031.25 4828.07 5409.39 5033.45 4318.15 3887.79 3557.71 3227.63 2931.68 2725.22 2744.93 2784.79 2627.01 2609.22
149.761 186.87 400.618 922.783 1605.69 2002.04 1780.35 1358.25 805.646 670.63 1300.46 2095.05 2891.93 3688.8 4432.87 4370.21 4040.13 3878.33 4182.52 4386.75 4128.33 4290.13 4620.21 4949.1 4747.01 3952.59 3155.71 2361.12 1731.29 1384.8 1520.72 1928.02 2565.86 3353.01 4107.52 3889.55 3495.4 3165.32 2835.25 2746.99 2182.42 1565.23 918.382 267.851 39.0625 63.4766 122.417 157.504 819.728 1452.75 1589.5 1666.66 1315.67 577.392 129.952 756.682 1550.21 2347.08 3143.96 3956.46 4753.33 5523.6 5454.32 5036.83 4700.29 4370.21 4040.13 3731.27 3329.13 2697.7 2206.44 1874.08 1802.89
549.68 225.696 901.721 1493.39 2061.93 2632.58 2456.07 1936.03 1548.18 1444.62 1801.01 2428.56 3222 4018.88 4827.58 5151.18 4837.01 4675.21 4979.39 5183.63 4925.21 5087.01 5417.08 5662.42 5079.54 4282.66 3489.22 2861.67 2505.28 2181.68 2317.59 2647.67 3056.12 3692.82 4152.37 3467.94 2766.03 2368.45 2038.37 2032.44 1837.35 1056.61 496.419 114.327 63.4766 9.76563 73.2422 212.891 968.75 1777.34 2334.17 2325.13 1618.72 833.572 162.803 578.125 1375 2171.88 2968.75 3781.25 4578.13 5375 5992.46 5833.71 5496.69 5129.75 4610.65 3913.29 3120.21 2312.57 1573.68 1080.64 1006.01
996.251 720.758 1201.92 1972.61 2631.82 3163.35 3064.13 2675.13 2345.05 2241.5 2571.57 2929.11 3555.51 4348.95 5161.45 5804.19 5633.88 5472.08 5776.27 5980.5 5722.08 5883.88 6213.96 6182.74 5409.61 4616.17 3989.77 3632.23 3302.16 2978.55 3114.47 3444.54 3774.62 4157.54 3934.74 3137.87 2340.99 1639.08 1241.5 1241.5 1438.78 905.386 214.059 105.469 164.063 109.375 243.511 228.516 968.75 1781.25 2549.3 2394.42 1597.54 800.666 195.059 741.33 1530.33 2327.21 3124.08 3936.58 4733.46 5530.33 6306.93 6409.96 5930.37 5180.76 4383.88 3587.01 2790.13 1977.63 1185.95 457.409 326.947
1700.17 1512.48 1808.3 2326.59 3113.37 3747.11 3800.07 3472 3141.93 3038.37 3368.45 3698.53 4054.92 4681.32 5491.53 6270.06 6427.57 6268.96 6536.86 6571.62 6272.89 6121.2 6332.76 6417.55 5741.98 5115.58 4759.19 4429.11 4099.03 3775.43 3911.34 4241.42 4553.65 4375.78 3604.66 2807.79 2010.91 1214.04 508.693 492.103 843.84 557.198 126.757 52.7344 130.16 201.449 190.777 187.778 847.919 1659.58 2454.17 2621.75 1856.42 1108.17 750.684 1143.59 1868.28 2657.28 3454.16 4266.66 5063.53 5843.06 6125.81 5833.71 5470.36 4910.23 4163.83 3366.96 2570.08 1757.58 960.708 220.588 288.359
2420.03 2309.36 2600.6 2933.54 3464.59 4240.32 4575.22 4268.88 3938.8 3835.25 4165.32 4495.4 4825.48 5178.44 5821.61 6607.04 6866.81 6599.28 6327.08 5993.18 5663.1 5371.86 5559.55 5888.3 6030.88 5873.31 5556.06 5225.98 4895.91 4572.3 4708.22 5038.29 5160.72 4475.41 3662.91 2866.04 2069.16 1272.29 575.523 133.703 184.929 137.695 125.977 108.398 576.018 625.897 103.516 64.4531 718.75 1531.25 2328.13 2833.76 2235.13 1792.93 1546.42 1812.91 2269.57 2994.9 3784.23 4596.73 5393.61 5969.4 5458.44 5036.83 4700.29 4369.74 4014.03 3516.97 2826.94 2016.47 1237.04 552.332 212.891
2860.65 3095.87 3396.86 3706.65 3983.1 4471.47 4922.22 4969.8 4745.32 4647.75 4977.82 5307.9 5637.98 5968.05 6327.25 6641.2 6192.25 5847.3 5517.23 5180.68 4850.6 4559.36 4747.05 5077.13 5413.67 5743.75 5984.76 5989.65 5707.9 5384.8 5520.72 5841.8 5599.76 4811.96 3999.46 3202.59 2407.43 1711.81 1139.18 642.633 516.74 177.943 23.4375 234.717 884.607 802.992 179.127 145.785 751.11 1563.61 2360.49 3043.68 2934.32 2604.85 2358.92 2624.27 2954.35 3406.93 4128.49 4933.28 5723.68 5830.43 5057.82 4318.15 3887.79 3557.71 3227.63 2907.55 2585.25 2280 1538.37 756.371 271.329
2509.72 2945.84 3308.9 3421.88 3538.37 3868.45 4198.53 4528.6 4934.6 5386.06 5772.57 6104.77 6434.85 6764.93 6967.84 6442.81 5652.8 5066.45 4720.35 4383.8 4053.73 3762.48 3950.17 4280.25 4616.8 4949.16 5365.23 5774.87 6041.76 6072.75 6192.54 6146.27 5753.74 5117.2 4329.54 3534.95 2838.76 2267.85 1771.87 1402.61 906.25 207.031 457.096 809.471 1129.93 643.741 79.1016 113.281 718.75 1531.25 2328.13 3125 3635.74 3401.73 3155.79 3421.15 3751.22 4081.3 4533.88 5270.9 5946.85 5524.62 4727.74 3930.87 3182.44 2760.83 2430.76 2110.68 1788.37 1881.17 1593.94 833.498 424.881
1818.89 2210.32 2585.84 2625 2741.5 3071.57 3401.65 3826.69 4556.06 5368.56 6138.27 6759.71 7149.16 7410.6 6909.61 6112.74 5315.86 4525.85 3938.35 3586.93 3256.85 2965.61 3153.3 3483.38 3821.64 4238.28 4647.82 4981.73 5314.32 5695.19 5776.38 5419.42 5089.34 4759.26 4356.87 3856.38 3390.48 2880.31 2383.87 1675.37 882.688 213.601 665.01 1038.79 645.888 242.893 100.794 117.188 718.75 1531.25 2328.13 3125 3910.99 4177.34 3952.67 4218.02 4548.1 4878.17 5208.25 5671.39 5923.94 5194.54 4397.67 3600.79 2788.29 2058.92 1633.88 1322.51 992 1108.71 1283.31 795.359 255.658
1082.96 1544.31 1828.99 1828.13 1944.62 2274.7 2699.74 3429.11 4225.98 5038.48 5820.69 6385.25 6778.02 7112.04 6579.54 5782.66 4985.79 4188.91 3397.76 2801.5 2459.98 2168.73 2356.42 2686.5 3112.28 3520.97 3854.78 4187.53 4559.71 5062.55 5245.51 4656.29 4292.47 3962.39 3625.84 3354.01 3422.81 3013.26 2220.05 1413.25 645.244 160.81 380.56 374.966 153.945 91.9357 113.628 310.126 910.756 1706 2502.87 3299.75 4096.62 4789.48 4749.54 5014.9 5344.97 5675.05 6005.12 6202.89 5661.34 4864.47 4067.59 3270.72 2458.22 1661.34 931.97 557.746 256.594 556.054 616.958 679.668 430.85
428.28 866.859 1075.77 1031.25 1147.75 1569.35 2302.16 3099.03 3895.91 4696.25 5259.72 5650.9 6046.49 6425.17 6249.46 5452.59 4655.71 3858.84 3061.96 2256.33 1674.54 1371.86 1559.55 1988 2394.31 2727.82 3060.41 3432.76 3923.98 4556.86 4897.13 4175.19 3527.05 3165.51 2828.97 2557.14 2686.58 2651.92 1897.75 1085.42 341.804 80.3151 173.031 240.234 387.963 225.512 98.841 637.676 1377.81 2050.37 2832.95 3629.82 4426.7 5221.55 5546.42 5811.77 6141.85 6471.92 6768.91 6321.32 5525.43 4728.55 3931.68 3134.8 2322.3 1525.43 731.067 108.37 147.461 364.588 205.478 126.283 212.261
177.411 354.205 331.189 250 444.869 1181.68 1978.55 2775.43 3549.54 4120.83 4509.5 4904.59 5287.17 5828.34 5902 5116.04 4319.16 3522.29 2725.41 1912.91 1121.76 575.949 850.02 1364.47 1585.25 1918.17 2292.24 2786.55 3407.81 4200.29 4560.58 3836.93 3040.05 2386.19 2016.47 1744.64 1874.08 2166.22 1777.83 968.75 222.656 374.949 770.402 1024.33 966.753 414.012 536.69 1097.31 1767.79 2526.86 3186.76 3966.37 4763.25 5560.12 6255.06 6624.27 6954.35 7284.42 7277.27 6514.05 5717.18 4920.3 4123.43 3326.55 2514.05 1717.18 920.305 224.829 235.347 125.069 149.761 403.715 921.92
596.868 168.79 110.352 311.87 617.821 1291.7 2040.72 2600.74 2994.62 3382.55 3777.3 4162.51 4699.67 5256.69 5560.87 4980.12 4183.25 3386.37 2589.5 1777 980.124 262.523 296.628 697.205 791.221 1165.69 1660.75 2282.57 3057.71 3870.21 4230.5 3506.85 2709.98 1913.1 1251.05 947.763 1080.64 1580.04 1829.64 1076.42 368.085 117.633 710.708 1468.52 1523.28 1162.26 1233.46 1664.79 2224.26 2909.63 3651.59 4315.19 5093.32 5890.2 6701.47 7370.12 7751.22 8045.3 7623.21 6811.77 6014.9 5218.02 4421.15 3624.27 2811.77 2014.9 1285.52 886.374 926.104 482.591 602.716 970.889 1272.15
1174.99 733.091 315.2 138.88 383.906 1106.63 1528.82 1868.28 2247.95 2650.68 3035.56 3572.15 4129.93 4578.54 4923.06 5069.91 4487.44 3690.56 2893.69 2081.19 1334.08 743.718 222.692 154.713 161.647 533.796 1156.19 1930.76 2727.63 3540.13 3929.55 3215.61 2418.73 1621.86 811.075 250.22 472.144 1235.03 1613.22 887.74 293.524 184.091 726.018 1362.27 2013.87 1959.14 2030.33 2360.41 2790.59 3364.61 4036.92 4762.95 5366.83 6045.49 6820.69 7615.72 8328.23 8627.57 7954.35 7141.85 6344.97 5548.1 4751.22 3954.35 3141.85 2412.47 1987.44 1683.25 1566.56 1228.55 1314.78 1218.97 770.773
1860.45 1416.26 1034.74 502.786 179.826 541.566 741.33 1125.91 1516.59 1906.32 2445.77 3002.98 3450.92 3790.05 4128.89 4568.82 4730.35 4020.64 3223.76 2458.74 1871.24 1307.19 821.518 671.875 411.891 175.585 887.944 1684.82 2481.69 3272.53 3789.24 3395.6 2606.42 1809.55 1032.65 388.279 269.33 1003.33 1159.4 614.451 148.993 109.653 283.742 1027 1821.4 1991.55 1983.46 2313.53 2769.46 3528.19 4119.23 4519.74 4997.23 5702 6513.36 7310.23 8107.11 8596.01 8051.1 7382.1 6589.15 5792.27 4995.4 4198.53 3388.89 2690.4 2249.92 1923.08 1760.5 1363.01 1140.58 776.637 200.427
2542.41 2154.41 1518.3 782.618 349.044 216.167 149.929 453.785 768.317 1320.53 1879.88 2330.7 2663.1 2993.18 3444.71 4001.89 4546.2 4344.99 3596.74 2999.91 2433 1947.9 1604.66 1254.95 503.971 198.728 907.36 1700.88 2362.46 2789.58 3225.24 3283.86 2821.09 2025.89 1217.07 421.875 272.971 882.235 661.905 144.11 253.064 148.923 493.843 1165.77 1562.33 1206 1186.58 1642.51 2395.91 3039.08 3397.76 3869.71 4575.05 5370.78 6183.28 6980.15 7777.03 8246.56 7603.04 6975.97 6345.11 5552.16 4755.28 3958.41 3145.91 2349.03 1605.93 1167.16 1062.77 837.923 408.291 540.508 126.254
3293.39 2653.2 1922.24 1473.49 1128.33 930.137 507.74 217.994 212.383 741.43 1285.28 1539.94 1852.89 2295.66 2862.75 3439.38 4105.21 4448.58 4142.21 3557.66 2966.11 2380.9 1940.33 1225.24 516.165 179.688 851.632 1293.12 1642.9 2258.22 2468.75 2539.94 2593.19 2120.7 1430.1 713.993 161.647 416.774 269.249 305.937 300.707 290.173 829.637 1057.94 912.913 487.568 512.125 1265.05 1890.03 2255.75 2732.28 3440.48 4237.36 5034.23 5846.73 6643.61 7440.48 7909.34 7235.82 6453.99 5839.49 5213.68 4431.68 3634.8 2822.3 2025.43 1228.55 482.591 284.874 610.399 177.746 193.706 175.121
3779.98 3052.29 2600.94 2255.28 1924.2 1628.86 1231.44 842.421 299.962 219.121 623.147 746.5 1168.71 1725.89 2312.43 2976.71 3446.51 3836.38 4115.11 3587.34 2803.73 2006.85 1320.39 853.403 212.261 219.097 448.237 532.327 1145.78 1758.41 1671.88 1743.07 1832.99 1498.33 1192.56 890.787 302.476 83.0078 209.47 398.289 82.0313 222.582 245.742 350.507 227.465 158.146 521.596 880.998 1121.76 1605.33 2313.53 3110.41 3907.28 4704.16 5516.66 6313.53 7110.41 7579.27 6905.74 6093.91 5328.26 4735.79 4306.07 3696.43 2894.8 2110.85 1324.98 544.802 103.516 549.881 360.821 46.6667 329.268
4147.96 3728.06 3382.23 3052.16 2702.26 2358.4 1953.73 1417.68 854.204 311.236 194.544 148.588 600.087 1172.14 1851.31 2319.56 2710.57 3251.74 3358.24 3015.25 2467.41 1696.19 899.318 301.25 129.883 133.789 115.234 436.035 1090.78 1074.19 875 946.193 1085.58 745.44 415.439 263.667 103.25 318.048 153.067 142.786 113.281 204.31 25.3906 210.655 30.2734 327.201 306.37 201.172 467.967 1186.58 1983.46 2780.33 3577.21 4374.08 5186.58 5983.46 6780.33 7249.19 6575.67 5763.17 4967.3 4201.71 3610.51 3250.68 2676.16 1904.14 1233.78 561.004 93.75 148.646 156.187 96.1538 714.664
4335.47 4493.79 4179.11 3835.78 3486.02 3080.92 2544.63 1981.73 1427.98 1018.96 826.765 417.243 169.974 739.631 1192.95 1582.48 2131.65 2791.23 2630.01 2229.39 1906.68 1485.54 709.807 161.202 77.1484 197.266 436.035 960.915 1051.29 534.517 160.156 213.348 326.114 150.68 248.978 419.333 192.591 528.195 645.395 189.453 227.673 140.972 56.6406 52.7344 191.054 73.381 293.148 434.082 383.097 1115.39 1912.26 2709.14 3506.01 4302.89 5115.39 5912.26 6709.14 6986.04 6245.59 5433.09 4636.22 3840.35 3074.35 2481.27 2114.97 1548.64 778.648 225.679 188.402 564.426 408.83 -9999 -9999
4048.18 4802.47 4949.9 4620.88 4208.58 3672.73 3108.11 2554.93 2146.48 1815.83 1520.55 874.159 221.021 202.704 452.093 1004.7 1700.32 2411.8 2203.18 1489.73 1115.39 1044.29 676.882 137.205 276.293 777.74 1067.9 908.566 349.437 189.939 154.921 447.4 377.365 348.068 775.754 1028.25 554.816 707.567 921.018 230.816 383.64 510.455 320.094 95.7725 85.0303 50.7813 195.336 759.035 1069.44 1489.73 2229.39 3026.27 3823.14 4620.02 5432.52 6229.39 6974.78 6711.44 5915.51 5103.01 4306.14 3509.26 2713.06 1946.19 1343.27 1041.36 500.476 204.379 762.467 921.393 -9999 -9999 -9999
3944.62 4741.5 5472.36 5357.63 4811.87 4244.96 3695.79 3288.48 2958.41 2593.69 1988.78 1251.88 788.31 498.372 140.065 610.485 1381.13 1738.92 1788.33 1065.83 374.574 320.446 571.765 140.694 494.334 1069.83 809.287 391.453 176.128 84.5277 598.3 1160.39 1159.58 1128.33 1473.49 1636.54 1352.44 1366.85 826.555 142.087 291.011 570.188 191.308 95.7725 59.5703 152.662 213.434 928.347 1678.13 2197.25 2630.01 3362.82 4159.69 4956.57 5769.07 6565.94 7030.75 6375.84 5578.97 4766.47 3969.59 3172.72 2375.84 1578.97 797.544 359.619 228.331 416.226 976.263 -9999 2685.66 2850.75 3166.64
4274.7 5071.57 5865.31 5943.07 5371.91 4823.88 4415.44 4085.36 3728.59 3115.73 2380.38 1915.6 1537.99 995.962 250 493.107 881.879 947.763 1238.22 968.75 226.563 221.189 145.785 152.968 370.569 605.155 206.512 202.634 193.845 453.692 1031.86 1704.84 1949.48 1925.21 2255.28 2423.37 2149.32 1879.94 1190.06 672.243 315.743 173.783 231.192 244.696 430.18 693.225 675.599 1177.36 1958.22 2758.71 3321.78 3760.4 4489.77 5286.64 6099.14 6887.02 6905.79 6116.96 5320.08 4507.58 3710.71 2913.83 2116.96 1320.08 511.015 132.142 137.667 296.178 546.024 -9999 -9999 3371.32 3734.68
4546.15 5343.02 6139.9 6474.91 5949.69 5542.39 5212.31 4853.73 4255.88 3505.78 3042.13 2602.69 1897.31 1102.44 354.834 161.815 216.11 236.577 791.659 968.75 228.516 180.243 56.6406 71.2891 168.622 206.512 190.008 197.613 147.877 611.024 1392.28 2130.15 2645.14 2699.89 2839.54 2881.43 2834.6 2318.88 1806.1 1412.12 912.589 273.612 95.0042 596.239 1131.5 1450.01 1465.61 1763.72 2303.17 3100.79 3883.85 4447.92 4887.35 5616.72 6429.22 7175.65 6894.42 6097.54 5300.67 4488.17 3691.29 2894.42 2097.54 1300.67 489.882 99.6094 311.519 760.186 -9999 -9999 -9999 -9999 -9999
4567.4 5364.28 6161.15 6839.39 6669.34 6339.26 5980.68 5382.02 4643.71 4168.89 3730.67 3006.85 2209.98 1461.73 1014.32 651.163 383.061 126.283 680.238 761.273 223.558 70.2838 136.049 237.022 16.6016 87.8906 252.798 515.084 702.727 1075.57 1719.13 2506.85 2894.9 2602.34 2272.29 2214.04 2537.25 2712.62 2546.48 2041.16 1360.17 757.852 179.434 531.87 1330.48 1969.13 2246.74 2553.73 2889.53 3442.31 4227.75 5010.8 5575.68 6010.87 6759.3 7470.35 7049.75 6252.87 5456 4643.5 3846.62 3049.75 2252.87 1456 658.755 100.222 276.154 574.813 -9999 -9999 -9999 -9999 -9999
4373.43 5170.3 5967.18 6764.05 7343.25 7109.45 6509.78 5770.66 5303.33 4862.56 4133.8 3336.93 2588.68 2146.48 1753.73 1373.62 836.655 182.45 202.704 239.6 257.178 544.723 309.254 14.6484 131.836 317.517 754.767 1127.46 1187.61 1483.29 2006.25 2542.66 2461.34 1866.31 1475.41 1417.16 1787.28 2453.73 3012.2 2481.82 1837.14 1098.59 322.445 425.846 1001.94 1630.09 2135.87 2507.16 3077.5 3793.93 4519.91 5316.78 6098.3 6598.99 7022.74 7489.87 7153.18 6364.28 5567.4 4754.9 3958.03 3161.15 2364.28 1567.4 756.745 207.598 300.147 204.235 -9999 -9999 -9999 -9999 -9999
4325.44 5122.32 5919.19 6716.07 7523.6 7636.68 6908.73 6444.89 6011.61 5267.23 4470.35 3727.25 3287.14 2902.43 2433.45 1717.18 920.305 242.073 138.1 217.56 407.846 225.373 65.4297 24.4141 24.4141 72.4044 472.086 603.293 503.971 965.427 1456.01 1880.97 2076.64 1343.27 717.258 648.14 1319.16 2116.04 2691.04 2594.32 1996.97 1239.78 492.103 126.45 558.364 1025.27 1371.8 1952.44 2723.57 3536.07 4332.95 5124.25 5740.89 6094.89 6431.44 6762.66 7110.06 6651.73 5854.85 5042.35 4245.48 3448.6 2651.73 1854.85 1136.17 865.387 1005.49 884.803 -9999 -9999 -9999 -9999 -9999
4162.26 4959.14 5756.01 6552.89 7365.39 7887.29 7572.03 7133.62 6409.8 5597.3 4855.92 4413.42 4030.18 3565.68 2811.77 2014.9 1284.52 811.436 299.962 48.8281 68.3594 182.964 95.7031 92.7734 14.6484 69.0008 187.974 182.924 95.5356 392.307 754.588 1380.62 1667.63 1044.94 276.922 389.447 1160.4 1821.11 1961.93 1883.23 1583.89 1165.83 728.716 260.407 347.663 325.647 826.633 1596.62 2393.5 3206 3996.56 4611.99 4967.94 5298.02 5635.71 6097.36 6848.54 6955.86 6184.93 5372.43 4575.56 3778.68 2981.81 2276.46 1875.84 1662.26 1798.18 1757.47 -9999 -9999 -9999 -9999 -9999
4139.45 4793.36 5532.54 6321.88 7127.21 7725.82 7949.62 7530.9 6739.88 5981.15 5540.38 5157.4 4689.34 3954.35 3141.85 2411.47 1937.36 1398.9 768.865 198.589 128.906 38.0859 30.2734 68.3594 115.234 108.035 608.058 819.628 508.959 195.729 287.648 792.465 1020.73 638.044 159.527 338.29 854.736 1167.24 1168.96 1098.59 807.621 539.208 180.508 109.583 148.646 165.86 701.341 1493.07 2289.94 3044.29 3493.13 3840.99 4171.07 4501.14 4969.26 5726.1 6522.97 7093.89 6515.01 5702.51 4905.63 4108.76 3406.84 3009.26 2672.72 2459.14 2595.05 2500.74 2957.11 -9999 -9999 -9999 -9999
3719.62 4413.57 5196.88 5989.01 6605.8 6956.68 7286.75 7486.73 7105.01 6668 6264.85 5733.95 4995.4 4198.53 3388.89 2689.73 2167.22 1456.46 663.77 153.39 316.054 32.2266 31.25 53.7109 80.0781 126.953 625 1331.4 1227.62 665.235 170.113 187.119 393.32 137.736 47.8516 128.068 231.122 617.948 390.019 322.445 179.434 196.567 346.854 693.448 770.632 811.81 1194.05 1808.3 2546.69 2665.44 2714.04 3044.12 3374.19 3830.12 4599.14 5396.02 6192.89 6967.28 6839.71 6032.58 5235.71 4533.8 4136.22 3806.14 3469.59 3256.01 3391.93 3268.96 3337.32 -9999 -9999 -9999 -9999
3286.29 4069.92 4862.06 5470.9 5829.73 6159.8 6489.88 6757.27 6966.05 7036.91 6346.48 5552.16 4755.28 3958.41 3145.91 2349.03 1605.22 1087.57 415.798 188.194 198.589 279.778 191.054 343.185 353.298 45.8984 502.989 1284.58 1714.79 1232.14 689.302 276.848 68.3594 107.422 132.813 151.506 242.633 212.874 212.383 464.561 531.87 854.329 1052.89 1401.36 1565.83 1604.66 1938.59 2239.39 2196.28 1878.33 1917.16 2247.24 2703.17 3456.57 4269.07 5065.94 5862.82 6659.69 7078.38 6362.66 5657.31 5263.17 4933.09 4603.01 4266.47 4052.89 4188.8 4075.05 4275.29 -9999 -9999 -9999 -9999
