public/models/data/input/map/sulut/800/maphdi.asc
NCOLS 310
NROWS 227
XLLCORNER 510063.019283
YLLCORNER 210717.685435
CELLSIZE 800.000000
NODATA_VALUE       -9999
[rows 74 to 110 of 227, columns 166 to 248 of 310]
-9999 -9999 -9999 -9999 -9999 -9999 -9999 -9999 -9999 -9999 -9999 -9999 -9999 -9999 -9999 -9999 -9999 -9999 -9999 -9999 -9999 -9999 -9999 -9999 -9999 -9999 -9999 -9999 -9999 -9999 -9999 -9999 -9999 -9999 -9999 73 73 73 73 73.0039 73.4727 74 74 74 74 74 74 74 74 74 74 74 74 74 74 74 74 74 74 74 74 74 74 74 74 74 74 74 74 74 74 74 74.0781 74.957 75 75 75 75 74.9805 74.4883 74 74 74
-9999 -9999 -9999 -9999 -9999 -9999 -9999 -9999 -9999 -9999 -9999 -9999 -9999 -9999 -9999 -9999 -9999 -9999 -9999 -9999 -9999 -9999 -9999 -9999 -9999 -9999 -9999 -9999 -9999 -9999 -9999 -9999 -9999 -9999 73 73 73 73 73 73 73 73.5664 73.9531 74 74 74 74 74 74 74 74 74 74 74 74 74 74 74 74 74 74 74 74 74 74 74 74 74.1133 74.0234 74 74.0078 74.3164 74.8242 75 75 75 75 75 75 75 74.3672 74 74.0352
-9999 -9999 -9999 -9999 -9999 -9999 -9999 -9999 -9999 -9999 -9999 -9999 -9999 -9999 -9999 -9999 -9999 -9999 -9999 -9999 -9999 -9999 -9999 -9999 -9999 -9999 -9999 -9999 -9999 -9999 -9999 -9999 -9999 -9999 73 73 73 73 73 73 73 73 73.0625 73.3477 73.6875 74 74 74 74 74 74 74 74 74 74 74 74 74 74 74 74 74 74 74 74 74 74.2578 74.8516 74.5703 74.4375 74.7031 75 75 75 75 75 75 75 75 75 74.8906 74.75 74.8906
-9999 -9999 -9999 -9999 -9999 -9999 -9999 -9999 -9999 -9999 -9999 -9999 -9999 -9999 -9999 -9999 -9999 -9999 -9999 -9999 -9999 -9999 -9999 -9999 -9999 -9999 -9999 -9999 -9999 -9999 -9999 -9999 -9999 -9999 73 73 73 73 73 73 73 73 73 73 73.0117 73.582 74 74 74 74 74 74 74 74 74 74 74 74 74 74 74 74 74 74 74.0117 74.5586 74.9648 75 75 75 75 75 75 75 75 75 75 75 75 75 75 75 75
-9999 -9999 -9999 -9999 -9999 -9999 -9999 -9999 -9999 -9999 -9999 -9999 -9999 -9999 -9999 -9999 -9999 -9999 -9999 -9999 -9999 -9999 -9999 -9999 -9999 -9999 -9999 -9999 -9999 -9999 -9999 -9999 -9999 -9999 73 73 73 73 73 73 73 73 73 73 73 73.0156 73.2813 73.7109 73.75 73.6328 73.4375 73.4375 73.6133 73.9063 74 74 74 74 74 74 74 74 74 74 74.5898 75 75 75 75 75 75 75 75 75 75 75 75 75 75 75 75 75 75
-9999 -9999 -9999 -9999 -9999 -9999 -9999 -9999 -9999 -9999 -9999 -9999 -9999 -9999 -9999 -9999 -9999 -9999 -9999 -9999 -9999 -9999 -9999 -9999 -9999 -9999 -9999 -9999 -9999 -9999 -9999 -9999 73 73 73 73 73 73 73 73 73 73 73 73 73 73 73 73 73 73 73 73 73 73.0391 73.3555 73.1016 73.375 73.375 73.4727 74 74 74 74 74.0977 75 75 75 75 75 75 75 75 75 75 75 75 75 75 75 75 75 75 74.668
-9999 -9999 -9999 -9999 -9999 -9999 -9999 -9999 -9999 -9999 -9999 -9999 -9999 -9999 -9999 -9999 -9999 -9999 -9999 -9999 -9999 -9999 -9999 -9999 -9999 -9999 -9999 -9999 -9999 -9999 -9999 -9999 73 73 73 73 73 73 73 73 73 73 73 73 73 73 73 73 73 73 73 73 73 73 73 73 73 73 73 73 73.5156 74 74 74.332 75 75 75 75 75 75 75 75 75 75 75 75 75 75 75 75 75 74.9297 74.0781
-9999 -9999 -9999 -9999 -9999 -9999 -9999 -9999 -9999 -9999 -9999 -9999 -9999 -9999 -9999 -9999 -9999 -9999 -9999 -9999 -9999 -9999 -9999 -9999 -9999 -9999 -9999 -9999 -9999 -9999 -9999 73 73 73 73 73 73 73 73 73 73 73 73 73 73 73 73 73 73 73 73 73 73 73 73 73 73 73 73 73 73.0859 73.9414 74 74.625 75 75 75 75 75 75 75 75 75 75 75 75 75 75 75 75 75 74.7734 74
-9999 -9999 -9999 -9999 -9999 -9999 -9999 -9999 -9999 -9999 -9999 -9999 -9999 -9999 -9999 -9999 -9999 -9999 -9999 -9999 -9999 -9999 -9999 -9999 -9999 -9999 -9999 -9999 -9999 -9999 73 73 73 73 73 73 73 73 73 73 73 73 73 73 73 73 73 73 73 73 73 73 73 73 73 73 73 73 73 73 73.0625 73.9063 74 74.3711 75 75 75 75 75 75 75 75 75 75 75 75 75 75 75 75 75 74.5 74
-9999 -9999 -9999 -9999 -9999 -9999 -9999 -9999 -9999 -9999 -9999 -9999 -9999 -9999 -9999 -9999 -9999 -9999 -9999 -9999 -9999 -9999 -9999 -9999 -9999 -9999 -9999 -9999 -9999 -9999 73 73 73 73 73 73 73 73 73 73 73 73 73 73 73 73 73 73 73 73 73 73 73 73 73 73 73 73 73 73.0156 73.3867 73.8203 74 74.3125 75 75 75 75 75 75 75 75 75 75 75 75 75 75 75 75 74.7734 74.1211 74
-9999 -9999 -9999 -9999 -9999 -9999 -9999 -9999 -9999 -9999 -9999 -9999 -9999 -9999 -9999 -9999 -9999 -9999 -9999 -9999 -9999 -9999 -9999 -9999 -9999 -9999 -9999 -9999 -9999 -9999 73 73 73 73 73 73 73 73 73 73 73 73 73 73 73 73 73 73 73 73 73 73 73 73 73 73 73 73 73.293 73.9414 74 74 74 74.0195 75 75 75 75 75 75 75 75 75 75 75 75 75 75 75 74.7461 74.0156 74 74
-9999 -9999 -9999 -9999 -9999 -9999 -9999 -9999 -9999 -9999 -9999 -9999 -9999 -9999 -9999 -9999 -9999 -9999 -9999 -9999 -9999 -9999 -9999 -9999 -9999 -9999 -9999 -9999 -9999 -9999 -9999 -9999 -9999 -9999 73 73 73 73 73 73 73 73 73 73 73 73 73 73 73 73 73 73 73 73 73 73 73 73 73.3906 74 74 74 74 74 74.8438 75 74.5391 74.0391 74.0977 74.3516 74.9375 74.9883 75 75 75 75 75 75 75 74.8203 74 74 74
-9999 -9999 -9999 -9999 -9999 -9999 -9999 -9999 -9999 -9999 -9999 -9999 -9999 -9999 -9999 -9999 -9999 -9999 -9999 -9999 -9999 -9999 -9999 -9999 -9999 -9999 -9999 -9999 -9999 -9999 -9999 -9999 -9999 -9999 73 73 73 73 73 73 73 73 73 73 73 73 73 73 73 73 73 73 73 73 73 73 73 73 73 73.5898 74 74 74 74 74.0156 74.4453 74.0469 74 74 74 74 74.418 74.9844 75 75 75 75 75 75 74.625 74 74 74
-9999 -9999 -9999 -9999 -9999 -9999 -9999 -9999 -9999 -9999 -9999 -9999 -9999 -9999 -9999 -9999 -9999 -9999 -9999 -9999 -9999 -9999 -9999 -9999 -9999 -9999 -9999 -9999 -9999 -9999 -9999 -9999 -9999 -9999 -9999 -9999 73 73 73 73 73 73 73 73 73 73 73 73 73 73 73 73 73 73 73 73 73 73 73 73.0117 73.3242 73.8477 74 74 74 74 74 74 74 74 74 74 74.4375 74.5977 75 75 75 75 75 74.625 74 74 74
-9999 -9999 -9999 -9999 -9999 -9999 -9999 -9999 -9999 -9999 -9999 -9999 -9999 -9999 -9999 -9999 -9999 -9999 -9999 -9999 -9999 -9999 -9999 -9999 -9999 -9999 -9999 -9999 -9999 -9999 -9999 -9999 -9999 -9999 -9999 -9999 -9999 -9999 -9999 -9999 -9999 -9999 73 73 73 73 73 73 73 73 73 73 73 73 73 73 73 73 73 73 73 73.4219 74 74 74 74 74 74 74 74 74 74 74 74 74.7461 75 75 75 75 74.2734 74 74 74
-9999 -9999 -9999 -9999 -9999 -9999 -9999 -9999 -9999 -9999 -9999 -9999 -9999 -9999 -9999 -9999 -9999 -9999 -9999 -9999 -9999 -9999 -9999 -9999 -9999 -9999 -9999 -9999 -9999 -9999 -9999 -9999 -9999 -9999 -9999 -9999 -9999 -9999 -9999 -9999 -9999 -9999 -9999 73 73 73 73 73 73 73 73 73 73 73 73 73 73 73 73 73 73 73.0117 73.3359 73.375 73.5898 73.7266 74 74 74 74 74 74 74 74 74.0625 74.7852 74.4336 74.375 74.2773 74 74 74 74
-9999 -9999 -9999 -9999 -9999 -9999 -9999 -9999 -9999 -9999 -9999 -9999 -9999 -9999 -9999 -9999 -9999 -9999 -9999 -9999 -9999 -9999 -9999 -9999 -9999 -9999 -9999 -9999 -9999 -9999 -9999 -9999 -9999 -9999 -9999 -9999 -9999 -9999 -9999 -9999 -9999 -9999 -9999 -9999 -9999 73 73 73 73 73 73 73 73 73 73 73 73 73 73 73 73 73 73 73 73 73.2031 73.9414 74 74 74 74 74 74 74 74 74 74 74 74 74 74 74 74
-9999 -9999 -9999 -9999 -9999 -9999 -9999 -9999 -9999 -9999 -9999 -9999 -9999 -9999 -9999 -9999 -9999 -9999 -9999 -9999 -9999 -9999 -9999 -9999 -9999 -9999 -9999 -9999 -9999 -9999 -9999 -9999 -9999 -9999 -9999 -9999 -9999 -9999 -9999 -9999 -9999 -9999 -9999 -9999 -9999 73 73 73 73 73 73 73 73 73 73 73 73 73 73 73 73 73 73 73 73 73.4375 74 74 74 74 74 74 74 74 74 74 74 74 74 74 74 74 74
-9999 -9999 -9999 -9999 -9999 -9999 -9999 -9999 -9999 -9999 -9999 -9999 -9999 -9999 -9999 -9999 -9999 -9999 -9999 -9999 -9999 -9999 -9999 -9999 -9999 -9999 -9999 -9999 -9999 -9999 -9999 -9999 -9999 -9999 -9999 -9999 -9999 -9999 -9999 -9999 -9999 -9999 -9999 -9999 -9999 73 73 73 73 73 73 73 73 73 73 73 73 73 73 73 73 73 73 73 73.0703 73.6406 74 74 74 74 74 74 74 74 74 74 74 74 74 74 74 74 74
-9999 -9999 -9999 -9999 -9999 -9999 -9999 -9999 -9999 -9999 -9999 -9999 -9999 -9999 -9999 -9999 -9999 -9999 -9999 -9999 -9999 -9999 -9999 -9999 -9999 -9999 -9999 -9999 -9999 -9999 -9999 -9999 -9999 -9999 -9999 -9999 -9999 -9999 -9999 -9999 -9999 -9999 -9999 -9999 73 73 73 73 73 73 73 73 73 73 73 73 73 73 73 73 73 73 73 73 73.6484 74 74 74 74 74 74 74 74 74 74 74 74 74 74 74 74 74 74
-9999 -9999 -9999 -9999 -9999 -9999 -9999 -9999 -9999 -9999 -9999 -9999 -9999 -9999 -9999 -9999 -9999 -9999 -9999 -9999 -9999 -9999 -9999 -9999 -9999 -9999 -9999 -9999 -9999 -9999 -9999 -9999 -9999 -9999 -9999 -9999 -9999 -9999 -9999 -9999 -9999 -9999 -9999 73 73 73 73 73 73 73 73 73 73 73 73 73 73 73 73 73 73 73 73 73.0977 73.8828 74 74 74 74 74 74 74 74 74 74 74 74 74 74 74 74 74 74
-9999 -9999 -9999 -9999 -9999 -9999 -9999 -9999 -9999 -9999 -9999 -9999 -9999 -9999 -9999 -9999 -9999 -9999 -9999 -9999 -9999 -9999 -9999 -9999 -9999 -9999 -9999 -9999 -9999 -9999 -9999 -9999 73 73 73 73 73 -9999 -9999 -9999 -9999 -9999 73 73 73 73 73 73 73 73 73 73 73 73 73 73 73 73 73 73 73 73 73 73.3125 74 74 74 74 74 74 74 74 74 74 74 74 74 74 74 74 74 74 74
-9999 -9999 -9999 -9999 -9999 -9999 -9999 -9999 -9999 -9999 -9999 -9999 -9999 -9999 -9999 -9999 -9999 -9999 -9999 -9999 -9999 -9999 -9999 -9999 -9999 -9999 -9999 -9999 -9999 -9999 -9999 -9999 73 73 73 73 73 -9999 -9999 -9999 -9999 -9999 73 73 73 73 73 73 73 73 73 73 73 73 73 73 73 73 73 73 73 73 73 73.3125 74 74 74 74 74 74 74 74 74 74 74 74 74 74 74 74 74 74 74
-9999 -9999 -9999 -9999 -9999 -9999 -9999 -9999 -9999 -9999 -9999 -9999 -9999 -9999 -9999 -9999 -9999 -9999 -9999 -9999 -9999 -9999 -9999 -9999 -9999 -9999 -9999 -9999 -9999 -9999 -9999 -9999 73 73 73 73 73 73 -9999 -9999 -9999 73 73 73 73 73 73 73 73 73 73 73 73 73 73 73 73 73 73 73 73 73 73 73.4688 74 74 74 74 74 74 74 74 74 74 74 74 74 74 74 74 74 74 74
-9999 -9999 -9999 -9999 -9999 -9999 -9999 -9999 -9999 -9999 -9999 -9999 -9999 -9999 -9999 -9999 -9999 73 73 73 -9999 -9999 -9999 -9999 -9999 -9999 -9999 -9999 -9999 73 73 73 73 73 73 73 73 73 73 -9999 73 73 73 73 73 73 73 73 73 73 73 73 73 73 73 73 73 73 73 73 73 73 73.1406 73.8164 74 74 74 74 74 74 74 74 74 74 74 74 74 74 74 74 74 74 74
-9999 -9999 -9999 -9999 -9999 -9999 -9999 -9999 -9999 -9999 -9999 -9999 -9999 -9999 -9999 -9999 73 73 73 73 73 73 73 73 73 73 73 73 73 73 73 73 73 73 73 73 73 73 73 73 73 73 73 73 73 73 73 73 73 73 73 73 73 73 73 73 73 73 73 73 73 73.2734 73.9727 74 74 74 74 74 74 74 74 74 74 74 74 74 74 74 74 74 74 74 74
-9999 -9999 -9999 -9999 -9999 -9999 -9999 -9999 -9999 -9999 -9999 -9999 73 73 73 73 73 73 73 73 73 73 73 73 73 73 73 73 73 73 73 73 73 73 73 73 73 73 73 73 73 73 73 73 73 73 73 73 73 73 73 73 73 73 73 73 73 73 73 73 73 73 73.543 74 74 74 74 74 74 74 74 74 74 74 74 74 74 74 74 74 74 74 74
-9999 -9999 -9999 -9999 -9999 -9999 -9999 -9999 -9999 -9999 73 73 73 73 73 73 73 73 73 73 73 73 73 73 73 73 73 73 73 73 73 73 73 73 73 73 73 73 73 73 73 73 73 73 73 73 73 73 73 73 73 73 73 73 73 73 73 73 73 73 73 73 73.25 74 74 74 74 74 74 74 74 74 74 74 74 74 74 74 74 74 74 74 74
-9999 -9999 -9999 -9999 -9999 -9999 -9999 -9999 73 73 73 73 73 73 73 73 73 73 73 73 73 73 73 73 73 73 73 73 73 73 73 73 73 73 73 73 73 73 73 73 73 73 73 73 73 73 73 73 73 73 73 73 73 73 73 73 73 73 73 73 73 73 73.125 73.9688 74 74 74 74 74 74 74 74 74 74 74 74 74 74 74 74 74 74 74
-9999 -9999 -9999 -9999 -9999 -9999 -9999 -9999 73 73 73 73 73 73 73 73 73 73 73 73 73 73 73 73 73 73 73 73 73 73 73 73 73 73 73 73 73 73 73 73 73 73 73 73 73 73 73 73 73 73 73 73 73 73 73 73 73 73 73 73 73 73 73 73.7617 74 74 74 74 74 74 74 74 74 74 74 74 74 74 74 74 74 74 74
-9999 -9999 -9999 -9999 -9999 -9999 -9999 -9999 73 73 73 73 73 73 73 73 73 73 73 73 73 73 73 73 73 73 73 73 73 73 73 73 73 73 73 73 73 73 73 73 73 73 73 73 73 73 73 73 73 73 73 73 73 73 73 73 73 73 73 73 73 73 73 73.5273 74 74 74 74 74 74 74 74 74 74 74 74 74 74 74 74 74 74 74
-9999 -9999 -9999 -9999 -9999 -9999 -9999 -9999 -9999 73 73 73 73 73 73 73 73 73 73 73 73 73 73 73 73 73 73 73 73 73 73 73 73 73 73 73 73 73 73 73 73 73 73 73 73 73 73 73 73 73 73 73 73 73 73 73 73 73 73 73 73 73 73 73.2148 74 74 74 74 74 74 74 74 74 74 74 74 74 74 74 74 74 74 74
-9999 -9999 -9999 -9999 -9999 -9999 -9999 -9999 -9999 73 73 73 73 73 73 73 73 73 73 73 73 73 73 73 73 73 73 73 73 73 73 73 73 73 73 73 73 73 73 73 73 73 73 73 73 73 73 73 73 73 73 73 73 73 73 73 73 73 73 73 73 73 73 73.4492 74 74 74 74 74 74 74 74 74 74 74 74 74 74 74 74 74 74 74
-9999 -9999 -9999 -9999 -9999 -9999 -9999 -9999 73 73 73 73 73 73 73 73 73 73 73 73 73 73 73 73 73 73 73 73 73 73 73 73 73 73 73 73 73 73 73 73 73 73 73 73 73 73 73 73 73 73 73 73 73 73 73 73 73 73 73 73 73 73 73 73.7813 74 74 74 74 74 74 74 74 74 74 74 74 74 74 74 74 74 74 74
-9999 -9999 -9999 -9999 -9999 -9999 -9999 73 73 73 73 73 73 73 73 73 73 73 73 73 73 73 73 73 73 73 73 73 73 73 73 73 73 73 73 73 73 73 73 73 73 73 73 73 73 73 73 73 73 73 73 73 73 73 73 73 73 73 73 73 73 73 73 73.9375 74 74 74 74 74 74 74 74 74 74 74 73.9063 72.4883 73.5547 74 74 74 74 74
-9999 -9999 -9999 -9999 -9999 -9999 -9999 73 73 73 73 73 73 73 73 73 73 73 73 73 73 73 73 73 73 73 73 73 73 73 73 73 73 73 73 73 73 73 73 73 73 73 73 73 73 73 73 73 73 73 73 73 73 73 73 73 73 73 72.4141 72.375 72.4531 72.6875 72.2188 72.9805 74 74 74 74 74 73.9414 72.6523 71.3633 71.7148 71.5391 71.832 71.3984 71 71.3398 73.5898 74 74 74 74
-9999 -9999 -9999 -9999 -9999 -9999 -9999 73 73 73 73 73 73 73 73 73 73 73 73 73 73 73 73 73 73 73 73 73 73 73 73 73 73 73 73 73 73 73 73 73 71.9844 72.7656 73 73 73 73 73 73 73 73 72.9844 72.9531 72.875 72.875 73 72.8281 72.1328 71.2734 71 71 71 71 71 71 71.9961 73.6602 74 74 73.8828 72.4648 71 71 71 71 71 71 71 71 71.5859 74 74 74 74
