public/models/data/input/map/sulut/800/maphdi.asc
NCOLS 310
NROWS 227
XLLCORNER 510063.019283
YLLCORNER 210717.685435
CELLSIZE 800.000000
NODATA_VALUE       -9999
[rows 111 to 147 of 227, columns 166 to 248 of 310]
-9999 -9999 -9999 -9999 -9999 -9999 -9999 73 73 73 73 73 73 73 73 73 73 73 73 73 73 73 73 73 73 73 73 73 73 73 73 73 73 73 73 73 73 73 72.9219 72.7656 71.5625 72.7188 73 73 73 72.8906 72.125 71.5 72.0859 71.8906 71.4375 71.3125 71 71 71.5 71.125 71 71 71 71 71 71 71 71 71 71.4453 72.6875 72.9805 71.6328 71 71 71 71 71 71 71 71 71 71 72.7695 74 74 74
-9999 -9999 -9999 -9999 -9999 -9999 73 73 73 73 73 73 73 73 73 73 73 73 73 73 73 73 73 73 73 73 73 73 73 73 73 73 73 73 73 73 73 72.5156 71.4922 71.0234 71.0938 72.625 73 72.7656 71.375 71.2109 71 71 71 71 71 71 71 71 71 71 71 71 71 71 71 71 71 71 71 71 71 71 71 71 71 71 71 71 71 71 71 71 71 71.0938 73.4492 74 74
-9999 -9999 -9999 -9999 -9999 -9999 73 73 73 73 73 73 73 73 73 73 73 73 73 73 73 73 73 73 73 73 73 73 73 73 73 73 73 73 73 73 73 71.4453 71 71 71 71.3203 71.7188 71.0938 71 71 71 71 71 71 71 71 71 71 71 71 71 71 71 71 71 71 71 71 71 71 71 71 71 71 71 71 71 71 71 71 71 71 71 71 71.6914 73.8594 74
-9999 -9999 -9999 -9999 73 73 73 73 73 73 73 73 73 73 73 73 73 73 73 73 73 73 73 73 73 73 73 73 73 73 73 73 73 73 73 73 73 72.0313 71 71 71 71 71 71 71 71 71 71 71 71 71 71 71 71 71 71 71 71 71 71 71 71 71 71 71 71 71 71 71 71 71 71 71 71 71 71 71 71 71 71 71 71.7969 73.5898
-9999 -9999 -9999 -9999 73 73 73 73 73 73 73 73 73 73 73 73 73 73 73 73 73 73 73 73 73 73 73 73 73 73 73 73 73 73 73 73 73 71.4844 71 71 71 71 71 71 71 71 71 71 71 71 71 71 71 71 71 71 71 71 71 71 71 71 71 71 71 71 71 71 71 71 71 71 71 71 71 71 71 71 71 71 71 71 71.2344
-9999 -9999 -9999 -9999 73 73 73 73 73 73 73 73 73 73 73 73 73 73 73 73 73 73 73 73 73 73 73 73 73 73 73 73 73 73 73 73 73 72.5625 71.0547 71 71 71 71 71 71 71 71 71 71 71 71 71 71 71 71 71 71 71 71 71 71 71 71 71 71 71 71 71 71 71 71 71 71 71 71 71 71 71 71 71 71 71 71
-9999 -9999 -9999 -9999 73 73 73 73 73 73 73 73 73 73 73 73 73 73 73 73 73 73 73 73 73 73 73 73 73 73 73 73 73 73 73 73 73 72.8438 71.2031 71 71 71 71 71 71 71 71 71 71 71 71 71 71 71 71 71 71 71 71 71 71 71 71 71 71 71 71 71 71 71 71 71 71 71 71 71 71 71 71 71 71 71 71
-9999 -9999 -9999 -9999 73 73 73 73 73 73 73 73 73 73 73 73 73 73 73 73 73 73 73 73 73 73 73 73 73 73 73 73 73 73 73 73 73 73 72.6484 71.1563 71 71 71 71 71 71 71 71 71 71 71 71 71 71 71 71 71 71 71 71 71 71 71 71 71 71 71 71 71 71 71 71 71 71 71 71 71 71 71 71 71 71 71
-9999 -9999 -9999 73 73 73 73 73 73 73 73 73 73 73 73 73 73 73 73 73 73 73 73 73 73 73 73 73 73 73 73 73 73 73 73 73 73 72.6875 71.3594 71.0391 71 71 71 71 71 71 71 71 71 71 71 71 71 71 71 71 71 71 71 71 71 71 71 71 71 71 71 71 71 71 71 71 71 71 71 71 71 71 71 71 71 71 71
-9999 -9999 73 73 73 73 73 73 73 73 73 73 73 73 73 73 73 73 73 73 73 73 73 73 73 73 73 73 73 73 73 73 73 73 73 73 73 72.5313 71.0078 71 71 71 71 71 71 71 71 71 71 71 71 71 71 71 71 71 71 71 71 71 71 71 71 71 71 71 71 71 71 71 71 71 71 71 71 71 71 71 71 71 71 71 71
-9999 -9999 73 73 73 73 73 73 73 73 73 73 73 73 73 73 73 73 73 73 73 73 73 73 73 73 73 73 73 73 73 73 73 73 73 73 73 73 71.3984 71 71 71 71 71 71 71 71 71 71 71 71 71 71 71 71 71 71 71 71 71 71 71 71 71 71 71 71 71 71 71 71 71 71 71 71 71 71 71 71 71 71 71 71
-9999 -9999 73 73 73 73 73 73 73 73 73 73 73 73 73 73 73 73 73 73 73 73 73 73 73 73 73 73 73 73 73 73 73 73 73 73 73 73 72.375 71 71 71 71 71 71 71 71 71 71 71 71 71 71 71 71 71 71 71 71 71 71 71 71 71 71 71 71 71 71 71 71 71 71 71 71 71 71 71 71 71 71 71 71
-9999 72 73 73 73 73 73 73 73 73 73 73 73 73 73 73 73 73 73 73 73 73 73 73 73 73 73 73 73 73 73 73 73 73 73 73 73 73 73 72.0859 71.4375 71 71 71 71 71 71 71 71 71 71 71 71 71 71 71 71 71 71 71 71 71 71 71 71 71 71 71 71 71 71 71 71 71 71 71 71 71 71 71 71 71 71
72 72.0652 72.7441 72.2969 72.2188 72.9023 73 73 73 73 73 73 73 73 73 73 73 73 73 73 73 73 73 73 73 73 73 73 73 73 73 73 73 73 73 73 73 73 73 73 72.8281 71.1172 71 71 71 71 71 71 71 71 71 71 71 71 71 71 71 71 71 71 71 71 71 71 71 71 71 71 71 71 71 71 71 71 71 71 71 71 71 71 71 71 71
72 72 72 72 72 72.2148 72.9883 73 73 73 73 73 73 73 73 73 73 73 73 73 73 73 73 73 73 73 73 73 73 73 73 73 73 73 73 73 73 73 73 73 71.6953 71 71 71 71 71 71 71 71 71 71 71 71 71 71 71 71 71 71 71 71 71 71 71 71 71 71 71 71 71 71 71 71 71 71 71 71 71 71 71 71 71 71
72 72 72 72 72 72 72.3594 72.6602 72.6602 72.9219 73 73 73 73 73 73 73 73 73 73 73 73 73 73 73 73 73 73 73 73 73 73 73 73 73 73 73 73 73 73 71.7734 71 71 71 71 71 71 71 71 71 71 71 71 71 71 71 71 71 71 71 71 71 71 71 71 71 71 71 71 71 71 71 71 71 71 71 71 71 71 71 71 71 71
72 72 72 72 72 72 72 72 72 72.1016 72.9219 73 73 73 73 73 73 73 73 73 73 73 73 73 73 73 73 73 73 73 73 73 73 73 73 73 73 73 73 73 71.6172 71 71 71 71 71 71 71 71 71 71 71 71 71 71 71 71 71 71 71 71 71 71 71 71 71 71 71 71 71 71 71 71 71 71 71 71 71 71 71 71 71 71
72 72 72 72 72 72 72 72 72 72.0273 72.7031 73 73 73 73 73 73 73 73 73 73 73 73 73 73 73 73 73 73 73 73 73 73 73 73 73 73 73 73 72.9609 71.3438 71 71 71 71 71 71 71 71 71 71 71 71 71 71 71 71 71 71 71 71 71 71 71 71 71 71 71 71 71 71 71 71 71 71 71 71 71 71 71 71 71 71
72 72 72 72 72 72 72 72 72 72 72.0859 72.9414 73 73 73 73 73 73 73 73 73 73 73 73 73 73 73 73 73 73 73 73 73 73 73 73 73 73 73 73 71.5 71 71 71 71 71 71 71 71 71 71 71 71 71 71 71 71 71 71 71 71 71 71 71 71 71 71 71 71 71 71 71 71 71 71 71 71 71 71 71 71 71 71
72 72 72 72 72 72 72 72 72 72 72.1367 72.4102 72.8945 73 73 73 73 73 73 73 73 73 73 73 73 73 73 73 73 73 73 73 73 73 73 73 73 73 73 73 71.5 71 71 71 71 71 71 71 71 71 67.6719 70.168 71 71 71 71 71 71 71 71 71 71 71 71 71 71 71 71 71 71 71 71 71 71 71 71 71 -9999 -9999 -9999 -9999 -9999 -9999
72 72 72 72 72 72 72 72 72 72 72 72 72.3672 73 73 73 73 73 73 73 73 73 73 73 73 73 73 73 73 73 73 73 73 73 73 73 73 73 73 73 72.0469 71 71 71 71 71 71 71 71 45.4844 5.54688 59.3516 71 71 71 71 71 71 71 71 71 71 71 71 71 71 71 71 71 71 71 71 71 71 71 -9999 -9999 -9999 -9999 -9999 -9999 -9999 71
72 72 72 72 72 72 72 72 72 72 72 72 72.8164 73 73 73 73 73 73 73 73 73 73 73 73 73 73 73 73 73 73 73 73 73 73 73 73 73 73 73 72.75 71 71 71 49.3672 28.5664 31.3398 13.3125 20.2461 0 13.0352 71 71 71 71 71 71 71 71 71 71 71 71 71 71 71 71 71 71 71 71 71 -9999 -9999 -9999 -9999 -9999 -9999 -9999 -9999 -9999 -9999 -9999
72 72 72 72 72 72 72 72 72 72 72 72.0586 72.9141 73 73 73 73 73 73 73 73 73 73 73 73 73 73 73 73 73 73 73 73 73 73 73 73 73 73 73 72.9688 71.3281 55.4688 10.2617 0 0 0 0 0 0 31.0625 71 71 71 71 71 71 71 71 71 71 71 71 71 71 71 71 71 71 71 -9999 -9999 -9999 -9999 -9999 -9999 -9999 -9999 -9999 -9999 -9999 -9999 -9999
72 72 72 72 72 72 72 72 72 72 72 72.1758 72.9922 73 73 73 73 73 73 73 73 73 73 73 73 73 73 73 73 73 73 73 73 73 73 73 73 73 73 73 73 28.3867 11.6484 0 0 0 0 0 0 0 31.0625 71 71 71 71 71 71 71 71 71 71 71 71 71 71 71 71 71 71 71 71 -9999 -9999 -9999 -9999 -9999 -9999 -9999 -9999 -9999 -9999 -9999 -9999
72 72 72 72 72 72 72 72 72 72 72 72.5 73 73 73 73 73 73 73 73 73 73 73 73 73 73 73 73 73 73 73 73 73 73 73 73 73 73 73 73 73 13.6875 0 0 0 0 0 0 0 0 2.77344 61.8477 71 71 71 71 71 71 71 71 71 71 71 71 71 71 71 71 71 71 71 -9999 -9999 -9999 -9999 -9999 -9999 -9999 -9999 -9999 -9999 -9999 -9999
72 72 72 72 72 72 72 72 72 72 72 72.125 72.7305 73 73 73 73 73 73 73 73 73 73 73 73 73 73 73 73 73 73 73 73 73 73 73 73 73 73 73 66.1563 3.42188 0 0 0 0 0 0 0 0 0 41.0469 71 71 71 71 71 71 71 71 71 71 71 71 71 71 71 71 71 71 71 -9999 -9999 -9999 -9999 -9999 -9999 -9999 -9999 -9999 -9999 -9999 -9999
72 72 72 72 72 72 72 72 72 72 72 72 72.0469 72.9492 73 73 73 73 73 73 73 73 73 73 73 73 73 73 73 73 73 73 73 73 73 73 73 73 73 73 26.8047 0 0 0 0 0 0 0 0 0 0 10.8164 66.5625 71 71 71 71 71 71 71 71 71 71 71 71 71 71 71 -9999 -9999 -9999 -9999 -9999 -9999 -9999 -9999 -9999 -9999 -9999 -9999 -9999 -9999 -9999
72 72 72 72 72 72 72 72 72 72 72 72 72 72.9375 73 73 73 73 73 73 73 73 73 73 73 73 73 73 73 73 73 73 73 73 73 73 73 73 73 56.1758 2.28125 0 0 0 0 0 0 0 0 0 0 8.32031 62.125 71 71 71 71 71 71 71 71 71 71 71 71 71 71 71 -9999 -9999 -9999 -9999 -9999 -9999 -9999 -9999 -9999 -9999 -9999 -9999 -9999 -9999 -9999
72 72 72 72 72 72 72 72 72 72 72 72 72 72.9375 73 73 73 73 73 73 73 73 73 73 73 73 73 73 73 73 73 73 73 73 73 73 73 73 73 31.3672 0 0 0 0 0 0 0 0 0 0 0 0 39.9375 71 71 71 71 71 71 71 71 71 71 71 71 71 71 71 -9999 -9999 -9999 -9999 -9999 -9999 -9999 -9999 -9999 -9999 -9999 -9999 -9999 -9999 -9999
72 72 72 72 72 72 72 72 72 72 72 72 72 72.7422 73 73 73 73 73 73 73 73 73 73 73 73 73 73 73 73 73 73 73 73 73 73 73 73 25.9492 0 0 0 0 0 0 0 0 0 0 0 0 0 12.4805 67.9492 71 71 71 71 71 71 71 71 71 71 -9999 -9999 71 -9999 -9999 71 -9999 -9999 -9999 -9999 -9999 -9999 -9999 -9999 -9999 -9999 -9999 -9999 -9999
72 72 72 72 72 72 72 72 72 72 72 72 72 72.7031 73 73 73 73 73 73 73 73 73 73 73 73 73 73 73 73 73 73 73 73 73 73 73 73 28.8008 0 0 0 0 0 0 0 0 0 0 0 0 0 0 40.2148 71 71 71 71 71 71 -9999 71 71 71 -9999 -9999 71 71 -9999 -9999 -9999 -9999 -9999 -9999 -9999 -9999 -9999 -9999 -9999 -9999 -9999 -9999 -9999
72 72 72 72 72 72 72 72 72 72 72 72 72 72.625 73 73 73 73 73 73 73 73 73 73 73 73 73 73 73 73 73 73 73 73 73 73 73 73 27.375 0 0 0 0 0 0 0 0 0 0 0 0 0 0 22.1875 71 71 71 71 71 71 -9999 -9999 -9999 -9999 -9999 -9999 71 71 -9999 -9999 -9999 -9999 -9999 -9999 -9999 -9999 -9999 -9999 -9999 -9999 -9999 -9999 -9999
72 72 72 72 72 72 72 72 72 72 72 72 72 72.3711 72.9219 73 73 73 73 73 73 73 73 73 73 73 73 73 73 73 73 73 73 73 73 73 73 68.4375 13.4023 0 0 0 0 0 0 0 0 0 0 0 0 0 0 9.70703 15.8086 23.5742 71 71 71 71 -9999 -9999 -9999 -9999 71 -9999 -9999 -9999 -9999 -9999 -9999 -9999 -9999 -9999 -9999 -9999 -9999 -9999 -9999 -9999 -9999 -9999 -9999
72 72 72 72 72 72 72 72 72 72 72 72 72 72 72.0625 72.375 72.6289 72.9609 73 73 73 73 73 73 73 73 73 73 73 73 73 73 73 73 73 73 73 33.3633 0 0 0 0 0 0 0 0 0 0 0 0 0 0 0 0 0 3.32813 33.5586 65.4531 71 -9999 -9999 -9999 71 71 71 -9999 -9999 -9999 -9999 -9999 -9999 -9999 -9999 -9999 -9999 -9999 -9999 -9999 -9999 -9999 -9999 -9999 -9999
72 72 72 72 72 72 72 72 72 72 72 72 72 72 72 72 72.0586 72.7617 72.9766 73 73 73 73 73 73 73 73 73 73 73 73 73 73 73 72.7148 55.6055 22.8125 2.85156 0 0 0 0 0 0 0 0 0 0 0 0 0 0 0 0 0 0 0 39.9375 71 71 71 71 71 -9999 -9999 -9999 -9999 -9999 -9999 -9999 -9999 -9999 -9999 -9999 -9999 -9999 -9999 -9999 -9999 -9999 -9999 -9999 -9999
72 72 72 72 72 72 72 72 72 72 72 72 72 72 72 72 72 72 72.3516 73 73 73 73 73 73 73 73 73 73 73 73 73 73 73 65.5859 0 0 0 0 0 0 0 0 0 0 0 0 0 0 0 0 0 0 0 0 0 0 17.4386 71 71 71 -9999 -9999 -9999 -9999 -9999 -9999 -9999 -9999 -9999 -9999 -9999 -9999 -9999 -9999 -9999 -9999 -9999 -9999 -9999 -9999 -9999 -9999
72 72 72 72 72 72 72 72 72 72 72 72 72 72 72 72 72 72 72 72.3242 72.9531 73 73 73 73 73 73 73 73 73 73 73 73 43.0586 8.55469 0 0 0 0 0 0 0 0 0 0 0 0 0 0 0 0 0 0 0 0 0 0 0 -9999 -9999 -9999 -9999 -9999 -9999 -9999 -9999 -9999 -9999 -9999 -9999 -9999 -9999 -9999 -9999 -9999 -9999 -9999 -9999 -9999 -9999 -9999 -9999 -9999
