public/models/data/input/map/sulut/800/maplanduse.asc
NCOLS 310
NROWS 227
XLLCORNER 510063.019283
YLLCORNER 210717.685435
CELLSIZE 800.000000
NODATA_VALUE       -9999
[rows 185 to 221 of 227, columns 82 to 163 of 310]
1 1 1 1 1 1 1 1 1 1 1 1 1 1 1 1 1 1 1 1 1 1 1 1.07031 2.00781 3.23828 4 4.29297 4.71484 4.02734 2.18359 3.96094 3.16016 6.69141 7.84375 7.375 8 6.82813 3.6875 3.19141 3 4.40625 5.89063 2.93359 3.18359 2.86328 4.01172 3.19922 5.72656 6.03516 6.06641 3.16016 5.80859 4.50781 3.90234 4 4 3.0625 2.34766 1 1 1 1 1 1 1 1 1 1 1 1 1 2.17188 2.65234 4 4 4 4 4 3.97656 3.84766 3.01563
1 1 1 1 1 1 1 1 1 1 1 1 1 1 1 1 1 1 1 1 1 1 1 1.28125 2.6875 3.63672 4 4.35156 6.50781 5.35938 4 4 1.83203 4.94141 7.5625 7.67188 7.625 7.21875 5.75 5.95313 3.16797 7.14844 8 5.55469 2.02344 2.8125 3.89453 3.50781 3.85156 4.15625 7.42188 4.85938 5.10156 3.99609 2.55859 4 3.14453 2.10156 3.16797 1 1 1 1 1 1 1 1 1 1 1 1 1 1 1.42188 3.76563 3.92969 3.83594 3.88281 4 2.92188 1.375 2.38281
1 1 1 1 1 1 1 1 1 1 1 1 1 1 1 1 1 1 1 1 1 1 1 1 1.94922 3.71875 4 4.82031 4.85547 4.49219 4.28125 4.38672 4.62109 3.73047 4.79297 6.625 6.57813 8 7.14063 5.99219 2.92188 3.97656 7.25391 4.98438 3.23828 3.54297 4.54297 4.64844 5.62891 1.43359 4.05859 4 4 2.99219 1.72656 4 3.625 1.62109 1.17578 1 1 1 1 1 1 1 1 1 1 1 1 1 1 1.67969 2.08984 1.45703 1.31641 2.26563 2.14844 1.31641 1 1
1 1 1 1 1 1 1 1 1 1 1 1 1 1 1 1 1 1 1 1 1 1 1 1.05859 2.6875 1.86719 3.76563 4 4.90234 4.44531 4.48047 5.07813 3.78906 3.5 2.48828 3.65625 4.41797 7.73438 5.98438 4.98438 4 5.22656 6.66016 6.92188 5.67188 4.39844 3.44141 4.17578 5.5 3.78906 4 3.76563 2.76953 1.80859 3.37891 3.44922 2.25391 2.07813 1.70313 1 1 1 1 1 1 1 1 1 1 1 1 1 1 1 1 1 1 1 1 1 1 1
1 1 1 1 1 1 1 1 1 1 1 1 1 1 1 1 1 1 1 1 1 1 1 1 1 1.50391 3.17969 4 4 4 4 4 2.53516 2.69922 2.60547 3.73438 5.11719 4.26172 4.03906 4.11719 6.07031 6.91797 3.71875 4.25391 3.32422 1.96875 3.48438 4 4.41016 6.05078 4.76172 4 4 4 3.58984 2.32422 1 1 1 1 1 1 1 1 1 1 1 1 1 1 1 1 1 1 1 1 1 1 1 1 1 1
1 1 1 1 1 1 1 1 1 1 1 1 1 1 1 1 1 1 1 1 1 1 1 1 1 1 1.23438 2.52344 2.47656 2.53516 4.37109 4.13672 4 3.64844 2.94531 2.59375 4.46875 4.19531 4.35156 5.40625 4.25781 2.72656 3.17969 3.54297 5.04297 4.29297 5.80469 5.94531 6.12109 7 6.57813 4.28125 2.28906 1 1 1 1 1 1 1 1 1 1 1 1 1 1 1 1 1 1 1 1 1 1 1 1.04688 1.1875 1.1875 1.04688 1 1
1 1 1 1 1 1 1 1 1 1 1 1 1 1 1 1 1 1 1 1 1 1 1 1 1 1 1 1 2.16016 3.78906 4.01953 3.08594 3.74219 4 4 4 4.19531 4 4 3.42578 2.10938 3.85938 3.32422 4.77344 5.69531 5.78125 4.14063 4.96094 7 6.67188 3.85938 1.23438 1 1 1 1 1 1 1 1 1 1 1 1 1 1 1 1 1 1 1 1 1 1 1 2.52344 3.27344 4 4 3.4375 2.125 1
1 1 1 1 1 1 1 1 1 1 1 1 1 1 1 1 1 1 1 1 1 1 1 1 1 1 1 1 1.46875 1.07031 1.38672 1.07031 1.17578 3.14453 2.85156 3.07422 2.10156 3.78906 3.51953 2.98438 3.42578 3.46094 5.04688 6.0625 6.0625 6.29688 2.10156 3.8125 5.52344 2.10156 1 1 1 1 1 1 1 1 1 1 1 1 1 1 1 1 1 1 1 1 1 1 1 1 1 1 1.92578 4 3.96484 2.73438 1.75 1
1 1 1 1 1 1 1 1 1 1 1 1 1 1 1 1 1 1 1 1 1 1 1 1 1 1 1 1 1 1 1 1 1 1.07813 2.45313 4.48438 2.27344 2.05469 3.47656 3.05859 5.69922 6.17969 6.97656 7 5.75781 3.39063 3.55469 1.23438 4.72656 1.375 1 1 1 1 1 1 1 1 1 1 1 1 1 1 1 1 1 1 1 1 1 1 1 1 1 1 1.09375 1.375 3.68359 2.6875 2.6875 1.21094
1 1 1 1 1 1 1 1 1 1 1 1 1 1 1 1 1 1 1 1 1 1 1 1 1 1 1 1 1 1 1 1 1 1 2.16406 4.51953 3.42578 3.22656 3.92969 3.91406 3.94141 4.04688 4.1875 4.24609 5.37109 2.28906 2.17188 1.11719 1.14063 1.09375 1 1 1 1 1 1 1 1 1 1 1 1 1 1 1 1 1 1 1 1 1 1 1 1 1 1 1 1.58594 3.35547 1.59766 1.1875 1.02344
1 1 1 1 1 1 1 1 1 1 1 1 1 1 1 1 1 1 1 1 1 1 1 1 1 1 1 1 1 1 1 1 1 1 1.11719 3.10938 3.05859 4 4 3.76563 3.0625 2.25391 3.46094 2.17188 1.29297 1 1 1 1 1 1 1 1 1 1 1 1 1 1 1 1 1 1 1 1 1 1 1.05859 1.53906 1.98438 1 1 1 1 1 1 1 1.9375 1.76172 1 1 1
1 1 1 1 1 1 1 1 1 1 1 1 1 1 1 1 1 1 1 1 1 1 1 1 1 1 1 1 1 1 1 1 1 1 1.11719 2.04688 1.58594 3.03906 3.70703 4 3.8125 2.85156 1.23438 1 1 1 1 1 1 1 1 1 1 1 1 1 1 1 1 1 1 1 1 1 1 1 1 2.64063 4 3.78906 2.78125 3.01563 2.3125 1.11719 1 1 2.44141 1.84375 3.69531 1 1 1
1 1 1 1 1 1 1 1 1 1 1 1 1 1 1 1 1 1 1 1 1 1 1 1 1 1 1 1 1 1 1 1 1 1 1.70313 3.84766 3.50781 3.32031 4 4 2.61719 1.76172 1 1 1 1 1 1 1 1 1 1 1 1 1 1 1 1 1 1 1 1 1 1 1 1 1 3.05078 4 4 3.89453 3.57813 4 1.76172 1 1 3.15625 3.82422 2.77734 1 1 1
1 1 1 1 1 1 1 1 1 1 1 1 1 1 1 1 1 1 1 1 1 1 1 1 1 1 1 1 1 1 1 1 1 1 1.91406 3.92969 4 4 4 3.14453 1.07031 1 1 1 1 1 1 1 1 1 1 1 1 1 1 1 1 1 1 1 1 1 1 1 1 1 1 3.05078 4 4 3.14453 1.32813 2.01953 1 1 1 1.44531 3.13281 1.28125 2.47656 1.82031 1.15625
1 1 1 1 1 1 1 1 1 1 1 1 1 1 1 1 1 1 1 1 1 1 1 1 1 1 1 1 1 1 1 1 1 1 1.02344 3.17969 4 4 4 3.39063 1.17578 1 1 1 1 1 1 1 1 1 1 1 1 1 1 1 1 1 1 1 1 1 1 1 1 1 1 1.9375 4 4 3.96484 1.9375 1 1 1 1 1.19531 1.64453 3.60938 1.80859 2.40625 1.87891
1 1 1 1 1 1 1 1 1 1 1 1 1 1 1 1 1 1 1 1 1 1 1 1 1 1 1 1 1 1 1 1 1 1 1 2.26953 1.97656 1 2.25 3.95313 3.17969 2.13672 1.11719 1 1 1 1 1 1 1 1 1 1 1 1 1 1.48828 1.09766 1 1 1 1 1.05859 2.28906 1 1.35156 1 2.58203 4 4 4 2.83984 1 1 1 1 1.63281 1.07031 2.76953 4.03906 4 3.47266
1 1 1 1 1 1 1 1 1 1 1 1 1 1 1 1 1 1 1 1 1 1 1 1 1 1 1 1 1 1 1 1 1 1 1 1 1 1 1.03906 2.61719 1.92578 1.32813 1 1 1 1 1 1 1 1 1 1 1 1 1 1 1 1.58594 1 1 1 1 1.82031 1.46875 1 2.41797 1.60938 2.83984 3.80078 2.57031 1.75 1.09375 1 1 1.04688 1.07031 1.75 2.125 2.94531 4.15625 4.12109 4.05469
1 1 1 1 1 1 1 1 1 1 1 1 1 1 1 1 1 1 1 1 1 1 1 1 1 1 1 1 1 1 1 1 1 1 1 1 1 1 1 1 1 1 1 1 1 1 1 1 1 1 1 1 1 1 1 1 1 2.07422 1 1 1 1 2.05469 1.64453 1 3.26172 3.09766 1.79688 2.52344 1 1 1 1.29297 1.87891 2.01953 3.36719 3.57813 2.59375 1.36328 4 4.63672 4.125
1 1 1 1 1 1 1 1 1 1 1 1 1 1 1 1 1 1 1 1 1 1 1 1 1 1 1 1 1 1 1 1 1 1 1 1 1 1 1 1 1 1 1 1.23438 1 1 1 1 1 1 1 1 1 1 1 1 1.42188 2.35547 1.23438 1 1 1 1.87891 2.875 1 1.91406 3.4375 1.04688 1 1 1 1 2.64063 3.625 3.32031 3.23828 4 3.88281 1.94922 4 4.02344 4.01563
1 1 1 1 1 1 1 1 1.03906 1.82031 1.11719 1 1 1 1 1 1 1 1 1 1 1 1 1 1 1 1 1 1 1 1 1 1 1 1 1 1 1 1 1 1 1 2.75781 3.22656 2.05469 1.58594 1 1 1.29297 1 1 1 1 1 1 1.58594 1.80859 3.00391 3.96875 3.10938 2.17188 3.57813 2.99219 1.99609 1 2.5 2.41797 1.01172 1 1 1 1 1.70313 2.06641 1.07031 1.07031 3.35547 3.41406 1.53906 3.76563 4.19531 4
1 1 1 1 1 1 1 1 1.03906 1.35156 1 1 1 1 1 1 1 1 1 1 1 1 1 1 1 1 1 1 1 1 1 1 1 1 1 1 1 1 1 1 1 1.33984 3.88281 3.16797 2.3125 4.01953 3.73828 2.95313 2.01563 1.60547 1 1 1 1.35156 2.48828 3.90625 3.15625 2.35938 3.63672 1.64453 2.08984 4 4 2.05469 2.48828 3.82422 2.01953 1 1 1 1 1.80859 1.77344 1 1 1 1.80859 4.03906 3.41406 4.27344 4.11719 4
1 1 1 1 1 1 1 1 1 1 1 1 1 1 1 1 1 1 1 1 1 1 1 1 1 1 1 1 1 1 1 1 1 1 1 1 1 1 1 1.28125 2.13672 3.55469 4 2.95703 2.88672 3.46094 4.125 2.44922 2.64063 1 1 1 2.40625 2.60547 1.58594 3.15625 2.05469 3.44922 4.22656 3.48438 3.03906 4 4 3.95313 2.75781 3.69531 3.375 1.60938 1 1.69141 1.36328 3.39063 3.29688 2.58203 1.82031 1 2.10156 3.74609 4 4.27344 4 4
1 1 1 1 1 1 1 1 1 1 1 1 1 1 1 1 1 1 1 1 1 1 1 1 1 1 1 1 1 1 1 1 1 1 1 1 1 1 2.08984 3.85938 4 4 4 4 3.92969 3.89453 4 4 3.67188 1.38672 1.10547 1 2.875 4 3.35547 4 3.15625 2.96875 4.5 3.83203 4 4 3.47266 2.41797 3.47266 4.1875 4.21875 3.26172 1.26953 3.76563 3.75391 3.92969 4 3.90625 1.375 1 1.14063 3.28125 4.41016 4.39063 4.13825 4
1 1 1 1 1 1 1 1 1 1 1 1 1 1 1 1 1 1 1 1 1 1 1 1 1 1 1 1 1 1 1 1 1 1 1.32813 1.14063 1 1 3.0625 4 4 4 4 4 4 4 4.15625 4.03906 4 3.58984 3.22656 2.16016 3.80078 4 4 4 3.92188 3.82422 3.55859 4.16797 4.51563 4.05078 2.41797 3.4181 4 4.07353 4.29688 4.01695 3.69388 4.1017 4.0262 4 4 3.92771 1.35593 1 1 3.59162 4.35088 4 4 -9999
1 1 1 1 1 1 1 1 1 1 1 1 1 1 1 1 1 1 1 1 1 1 1 1 1 1 1 1 1 1 1 1 1 1 1.80469 2.75391 2.01563 1.05859 3.35547 4 4 4 4 4 4 4 4 4 4 4 4 3.94141 4 4 4 4 3.38776 3.25781 3.17969 4.07813 4.66169 4.65385 4 4 -9999 4 4 4 4 4 4 -9999 -9999 1 1 1 1 2.36364 -9999 -9999 -9999 -9999
1 1 1 1 1 1 1 1 1 1 1 1 1 1 1 1 1 1 1 1 1 1 1 1 1 1 1 1 1 1 1 1 1 1 1 1.35156 3.85938 4.21484 4 3.85938 3.20313 4.22656 3.83203 1.94922 4 4 4.19531 4 4 4 4 4 4 4 4 4 -9999 -9999 -9999 -9999 -9999 -9999 -9999 -9999 -9999 -9999 -9999 -9999 -9999 -9999 -9999 -9999 -9999 -9999 1 -9999 -9999 -9999 -9999 -9999 -9999 -9999
1 1 1 1 1 1 1 1 1 1 1 1 1 1 1 1 1 1 1 1 1 1 1 1 1 1 1.21094 1.14063 1 1 1.07031 1.66797 1.02344 1.02344 1.09375 1.17578 3.74219 4.60547 4.19531 3.90625 2.32422 2.78906 2.64677 4 4 4 4.2439 4.04464 4 4 3.62185 3.87603 3.88281 2.83871 -9999 -9999 -9999 -9999 -9999 -9999 -9999 -9999 -9999 -9999 -9999 -9999 -9999 -9999 -9999 -9999 -9999 -9999 -9999 -9999 -9999 -9999 -9999 -9999 -9999 -9999 -9999 -9999
1 1 1 1.17578 1.11719 1.17578 1 1 1 1 1 1 1 1 1 1 1 1 1.35156 1 1 1 1 1 1.07031 2.61719 3.63672 3.64844 1.46875 1.64453 2.32422 3.58984 3.17969 2.59375 3.46094 3.26172 3.92969 4.05859 4 4.02344 4.06641 3.43293 4 -9999 -9999 -9999 -9999 -9999 -9999 4 1 2.1044 2.7069 2.5 -9999 -9999 -9999 -9999 -9999 -9999 -9999 -9999 -9999 -9999 -9999 -9999 -9999 -9999 -9999 -9999 -9999 -9999 -9999 -9999 -9999 -9999 -9999 -9999 -9999 -9999 -9999 -9999
1 1.78125 1 2.33594 3.78125 2.92188 1.09375 1 1 1 1 1 1 1 1 1 1 1.52734 3.23438 1.75 1.375 1 1 1.45703 2.67578 3.82422 4 4 3.74219 3.85938 3.92969 4 4 4 4 3.48611 2.905 4 2.75 3.70833 4.03125 2.75 -9999 -9999 -9999 -9999 -9999 -9999 -9999 -9999 -9999 1 1 -9999 -9999 -9999 -9999 -9999 -9999 -9999 -9999 -9999 -9999 -9999 -9999 -9999 -9999 -9999 -9999 -9999 -9999 -9999 -9999 -9999 -9999 -9999 -9999 -9999 -9999 -9999 -9999 -9999
1 1 1.48828 2.76953 4 4 3.36719 1.05859 1.58594 1 1 1 1 1 1 1 1 2.23047 4.01953 4 3.08594 1.39063 2.17188 3.82422 4 4 4.07813 4.21484 4 4 4.21484 4.30303 4 3.73822 2.17073 2.5 1 -9999 -9999 -9999 -9999 -9999 -9999 -9999 -9999 -9999 -9999 -9999 -9999 -9999 -9999 -9999 -9999 -9999 -9999 -9999 -9999 -9999 -9999 -9999 -9999 -9999 -9999 -9999 -9999 -9999 -9999 -9999 -9999 -9999 -9999 -9999 -9999 -9999 -9999 -9999 -9999 -9999 -9999 -9999 -9999 -9999
1 1 1.66406 4.30078 4.03125 4 4 4 2.64063 1 1 1 1.11719 1.07031 1.10547 2.44141 3.76563 4 4 4 4 3.47266 3.16016 3.71094 4.28906 4.12891 4.00781 4.12438 4 4 4 -9999 -9999 1 -9999 -9999 -9999 -9999 -9999 -9999 -9999 -9999 -9999 -9999 -9999 -9999 -9999 -9999 -9999 -9999 -9999 -9999 -9999 -9999 -9999 -9999 -9999 -9999 -9999 -9999 -9999 -9999 -9999 -9999 -9999 -9999 -9999 -9999 -9999 -9999 -9999 -9999 -9999 -9999 -9999 -9999 -9999 -9999 -9999 -9999 -9999 -9999
2.06641 2.83984 3.95313 4.03125 4.32031 4 4 4 3.89453 2.89844 1.43359 2.42969 3.71875 2.82813 3.39063 2.5 4 4 4 4 4 4 4 4.03516 4.23828 4.21094 4.14063 4 -9999 -9999 -9999 -9999 -9999 -9999 -9999 -9999 -9999 -9999 -9999 -9999 -9999 -9999 -9999 -9999 -9999 -9999 -9999 -9999 -9999 -9999 -9999 -9999 -9999 -9999 -9999 -9999 -9999 -9999 -9999 -9999 -9999 -9999 -9999 -9999 -9999 -9999 -9999 -9999 -9999 -9999 -9999 -9999 -9999 -9999 -9999 -9999 -9999 -9999 -9999 -9999 -9999 -9999
3.89453 4 4 4 4 4 4 4 4 4 3.82422 4 4 3.53125 3.625 2.38281 4 4 -9999 4 3.41406 4 4 4 3.6134 4.1017 4.09023 4 -9999 -9999 -9999 -9999 -9999 -9999 -9999 -9999 -9999 -9999 -9999 -9999 -9999 -9999 -9999 -9999 -9999 -9999 -9999 -9999 -9999 -9999 -9999 -9999 -9999 -9999 -9999 -9999 -9999 -9999 -9999 -9999 -9999 -9999 -9999 -9999 -9999 -9999 -9999 -9999 -9999 -9999 -9999 -9999 -9999 -9999 -9999 -9999 -9999 -9999 -9999 -9999 -9999 -9999
4 4 4 4 4.35156 4.21875 4.17188 4.11574 4 4 4 4 4 4 3.95313 3.92969 4 -9999 -9999 -9999 -9999 -9999 -9999 4 4 4 -9999 -9999 -9999 -9999 -9999 -9999 -9999 -9999 -9999 -9999 -9999 -9999 -9999 -9999 -9999 -9999 -9999 -9999 -9999 -9999 -9999 -9999 -9999 -9999 -9999 -9999 -9999 -9999 -9999 -9999 -9999 -9999 -9999 -9999 -9999 -9999 -9999 -9999 -9999 -9999 -9999 -9999 -9999 -9999 -9999 -9999 -9999 -9999 -9999 -9999 -9999 -9999 -9999 -9999 -9999 -9999
4 4 4 4 4.09434 4.98529 5.57692 4 4 4 4 4 4 4 4 4 4 -9999 -9999 -9999 -9999 -9999 -9999 -9999 -9999 -9999 -9999 -9999 -9999 -9999 -9999 -9999 -9999 -9999 -9999 -9999 -9999 -9999 -9999 -9999 -9999 -9999 -9999 -9999 -9999 -9999 -9999 -9999 -9999 -9999 -9999 -9999 -9999 -9999 -9999 -9999 -9999 -9999 -9999 -9999 -9999 -9999 -9999 -9999 -9999 -9999 -9999 -9999 -9999 -9999 -9999 -9999 -9999 -9999 -9999 -9999 -9999 -9999 -9999 -9999 -9999 -9999
4 4 4 -9999 -9999 -9999 -9999 -9999 -9999 -9999 -9999 -9999 -9999 4 -9999 -9999 -9999 -9999 -9999 -9999 -9999 -9999 -9999 -9999 -9999 -9999 -9999 -9999 -9999 -9999 -9999 -9999 -9999 -9999 -9999 -9999 -9999 -9999 -9999 -9999 -9999 -9999 -9999 -9999 -9999 -9999 -9999 -9999 -9999 -9999 -9999 -9999 -9999 -9999 -9999 -9999 -9999 -9999 -9999 -9999 -9999 -9999 -9999 -9999 -9999 -9999 -9999 -9999 -9999 -9999 -9999 -9999 -9999 -9999 -9999 -9999 -9999 -9999 -9999 -9999 -9999 -9999
4 4 -9999 -9999 -9999 -9999 -9999 -9999 -9999 -9999 -9999 -9999 -9999 -9999 -9999 -9999 -9999 -9999 -9999 -9999 -9999 -9999 -9999 -9999 -9999 -9999 -9999 -9999 -9999 -9999 -9999 -9999 -9999 -9999 -9999 -9999 -9999 -9999 -9999 -9999 -9999 -9999 -9999 -9999 -9999 -9999 -9999 -9999 -9999 -9999 -9999 -9999 -9999 -9999 -9999 -9999 -9999 -9999 -9999 -9999 -9999 -9999 -9999 -9999 -9999 -9999 -9999 -9999 -9999 -9999 -9999 -9999 -9999 -9999 -9999 -9999 -9999 -9999 -9999 -9999 -9999 -9999
