public/models/data/input/map/sulut/800/maplanduse.asc
NCOLS 310
NROWS 227
XLLCORNER 510063.019283
YLLCORNER 210717.685435
CELLSIZE 800.000000
NODATA_VALUE       -9999
[rows 74 to 110 of 227, columns 164 to 245 of 310]
-9999 -9999 -9999 -9999 -9999 -9999 -9999 -9999 -9999 -9999 -9999 -9999 -9999 -9999 -9999 -9999 -9999 -9999 -9999 -9999 -9999 -9999 -9999 -9999 -9999 -9999 -9999 -9999 -9999 -9999 -9999 -9999 -9999 -9999 -9999 -9999 -9999 1 1.87766 4.14453 6.41016 4.74219 4 4.21094 4.59766 5.82813 6.41406 4.65625 4.77344 4.14063 2.35938 4.53906 6.17969 6.64844 7 7 7 7 7 7 7 7 7 7 7 7 7 6.76563 4.30469 7 7 7 6.03125 3 3 3 5.37891 7.05859 6.60938 7 7 7
-9999 -9999 -9999 -9999 -9999 -9999 -9999 -9999 -9999 -9999 -9999 -9999 -9999 -9999 -9999 -9999 -9999 -9999 -9999 -9999 -9999 -9999 -9999 -9999 -9999 -9999 -9999 -9999 -9999 -9999 -9999 -9999 -9999 -9999 -9999 -9999 1 1 1.97266 4 4 4 4 3.64844 3.36719 1.82031 5.00781 2.5 2.64063 3.05078 3.46094 1.70313 2.75781 4.66797 4.9375 6.22656 7 7 7 7 7 7 6.80469 6.96094 7 7 7 6.95313 2.40625 5.6875 4.16406 1.70313 2.48438 2.05469 1.27344 3.40234 4.71484 7.42969 6.57031 7 7 7
-9999 -9999 -9999 -9999 -9999 -9999 -9999 -9999 -9999 -9999 -9999 -9999 -9999 -9999 -9999 -9999 -9999 -9999 -9999 -9999 -9999 -9999 -9999 -9999 -9999 -9999 -9999 -9999 -9999 -9999 -9999 -9999 -9999 -9999 -9999 -9999 1.23077 3.32813 3.68359 4 4 4 4 3.75391 1.97266 1 2.26563 1.84375 1 1 1 1 1 3.4375 4 4.46875 6.53125 7 7 7 7 6.97656 6.37891 6.64844 7 7 7 6.57813 1.49219 1 1 1 1 1 2.59375 6.90625 7 6.92188 5.82813 6.84375 7 7
-9999 -9999 -9999 -9999 -9999 -9999 -9999 -9999 -9999 -9999 -9999 -9999 -9999 -9999 -9999 -9999 -9999 -9999 -9999 -9999 -9999 -9999 -9999 -9999 -9999 -9999 -9999 -9999 -9999 -9999 -9999 -9999 -9999 -9999 -9999 -9999 1.98295 4 4 4 4 4 4 3.71875 1.1875 1 1 1 1 1 2.40625 1.62109 2.85156 3.89453 4.14063 5.73438 6.88281 7 7 7 7 6.96484 5.10156 6.0625 7 7 7 7 2.125 1 1 1 1.96094 4.35156 6.85938 7 7 6.72656 5.99219 6.95313 7 7
-9999 -9999 -9999 -9999 -9999 -9999 -9999 -9999 -9999 -9999 -9999 -9999 -9999 -9999 -9999 -9999 -9999 -9999 -9999 -9999 -9999 -9999 -9999 -9999 -9999 -9999 -9999 -9999 -9999 -9999 -9999 -9999 -9999 -9999 -9999 -9999 1.5 4 4 4 4 4 4 4 1.96094 1 1 1 1.28125 2.79297 5.3125 4.82031 4 4 5.51172 7 7 7 7 7 7 7 7 7 7 7 7 6.57813 1.49219 1 1.46875 1.9375 1.09375 4.375 7 7 7 7 6.44531 6.65625 7 7.23047
-9999 -9999 -9999 -9999 -9999 -9999 -9999 -9999 -9999 -9999 -9999 -9999 -9999 -9999 -9999 -9999 -9999 -9999 -9999 -9999 -9999 -9999 -9999 -9999 -9999 -9999 -9999 -9999 -9999 -9999 -9999 -9999 -9999 -9999 3.07692 2.34043 2.84766 4 4 4 4 4 4 3.17969 1.02344 1 1 1 2.35938 5.47656 7 6.57813 5.875 6.63672 6.97656 7 7 7 7 7 7 7 7 7 7 5.82813 6.41406 6.71875 4.75 3.69531 5.33594 6.625 2.05469 4 6.60938 7 7 7 6.90234 5.08594 7.3125 7.66797
-9999 -9999 -9999 -9999 -9999 -9999 -9999 -9999 -9999 -9999 -9999 -9999 -9999 -9999 -9999 -9999 -9999 -9999 -9999 -9999 -9999 -9999 -9999 -9999 -9999 -9999 -9999 -9999 -9999 -9999 -9999 -9999 -9999 -9999 4 4 4 4 4 4 4 4.05078 4.87109 4.30469 2.42969 3.13281 1 1 1 4.375 5.71094 6.17969 6.29688 7 7 7 7 7 7 7 7 7 7 7 7 4.65625 1.70313 5.14844 7 7 6.76563 6.96094 7 7 6.96875 6.67969 6.92188 7 7.20703 3.82031 6.80859 7.72656
-9999 -9999 -9999 -9999 -9999 -9999 -9999 -9999 -9999 -9999 -9999 -9999 -9999 -9999 -9999 -9999 -9999 -9999 -9999 -9999 -9999 -9999 -9999 -9999 -9999 -9999 -9999 -9999 -9999 -9999 -9999 -9999 -9999 4 3.23077 4 4 4 4 4.15625 4.07813 4.77344 7 7 6.8125 3.08594 1.04688 1.75 1.60938 2.5 3.36719 1.60938 4.42188 7 7 6.72656 7 7 7 7 7 7 7 7 7 6.53125 2.17188 1.1875 4.96094 6.25 6.09375 6.64844 7 6.49219 6.60156 6.5 6.6875 7.25 7.25 5.94922 6.86719 6.26563
-9999 -9999 -9999 -9999 -9999 -9999 -9999 -9999 -9999 -9999 -9999 -9999 -9999 -9999 -9999 -9999 -9999 -9999 -9999 -9999 -9999 -9999 -9999 -9999 -9999 -9999 -9999 -9999 -9999 -9999 -9999 -9999 1 1 3.10268 3.96484 4 4 4 4 4.25391 4.09375 6.15625 7 3.97656 3.8125 2.89844 7 6.78906 6.15625 5.94531 3.95313 4.53906 7 7 6.88281 6.92969 6.95313 6.78516 6.72656 6.80469 6.88281 7 7 7 4.53906 1.35156 1 1 1 1 3.01563 7 7 7 7 7 7.28125 7.64844 7.58984 7.27734 6.05078
-9999 -9999 -9999 -9999 -9999 -9999 -9999 -9999 -9999 -9999 -9999 -9999 -9999 -9999 -9999 -9999 -9999 -9999 -9999 -9999 -9999 -9999 -9999 -9999 -9999 -9999 -9999 -9999 -9999 -9999 -9999 -9999 1 1 1.57065 2.69922 4 4 4 4 4 4.10547 6.55469 6.29688 5.52344 6.71875 6.53125 7 7 7 7 7 6.17969 7 7 7 6.95313 6.96875 7 7 7 6.92188 7 7 5.6875 4.32813 1.23438 1 1 1 1 4.65625 7 7 7 7 6.96875 6.33594 7.41406 7.84375 7.6875 7.625
-9999 -9999 -9999 -9999 -9999 -9999 -9999 -9999 -9999 -9999 -9999 -9999 -9999 -9999 -9999 -9999 -9999 -9999 -9999 -9999 -9999 -9999 -9999 -9999 -9999 -9999 -9999 -9999 -9999 -9999 -9999 -9999 1 1 1 2.59091 3.70703 4.15625 4.23438 4 4 4.07031 5.67188 6.6875 7 7 7 7 7 7 7 7 7 6.90234 6.70703 6.90234 7 7 7 7 7 7 7 7 3.39063 1.99609 1.58594 1 1 1.46875 2.875 5.47656 6.64844 7 7 7 6.95313 6.39063 7.0625 7.31641 7.98047 7.72266
-9999 -9999 -9999 -9999 -9999 -9999 -9999 -9999 -9999 -9999 -9999 -9999 -9999 -9999 -9999 -9999 -9999 -9999 -9999 -9999 -9999 -9999 -9999 -9999 -9999 -9999 -9999 -9999 -9999 -9999 -9999 -9999 -9999 -9999 -9999 -9999 3.03509 4.15625 4.23438 4 3.94141 3.16797 3.75 6.60156 7 6.86328 6.78906 7.14063 6.78125 6.97656 6.94141 6.90234 6.70703 6.94141 7 7 7 7 6.9375 6.875 6.99219 7 6.90234 6.70703 6.00391 6.47266 4.05859 3.47266 1.50391 1.51563 3.94141 6.8125 6.83594 7 7 7 7 7 7 7 7.39063 7.50781
-9999 -9999 -9999 -9999 -9999 -9999 -9999 -9999 -9999 -9999 -9999 -9999 -9999 -9999 -9999 -9999 -9999 -9999 -9999 -9999 -9999 -9999 -9999 -9999 -9999 -9999 -9999 -9999 -9999 -9999 -9999 -9999 -9999 -9999 -9999 -9999 1.5 4.06289 4.0625 4 3.76563 1.17045 4.6875 5.46875 5.86719 7.72266 6.03516 5.625 5.375 5.44141 5.10156 4.61328 5.27734 6.8125 7 7 7 7 6.75 6.5 6.96875 7 7 7 6.18359 4.86719 4.71484 4.28125 2.16016 2.32422 4 4.19531 4.09375 4.92578 6.71875 7 6.72656 7.01563 7.24219 7.45703 7.51563 7.39063
-9999 -9999 -9999 -9999 -9999 -9999 -9999 -9999 -9999 -9999 -9999 -9999 -9999 -9999 -9999 -9999 -9999 -9999 -9999 -9999 -9999 -9999 -9999 -9999 -9999 -9999 -9999 -9999 -9999 -9999 -9999 -9999 -9999 -9999 -9999 -9999 -9999 -9999 4 4 4.19531 4.75 6.16564 6.39423 3.95745 6.88281 5.45313 6.23438 5.82422 4.19141 4.05859 4 4 4.45703 6.02734 6.61328 7 6.72656 6.88281 7 7 7 7 7 6.85938 5.55859 5.78516 5.67188 4.23438 4.65625 4.51563 5.58203 6.12109 6.26172 5.75781 7 6.46094 6.46875 7.38281 6.50391 6.67969 6.53125
-9999 -9999 -9999 -9999 -9999 -9999 -9999 -9999 -9999 -9999 -9999 -9999 -9999 -9999 -9999 -9999 -9999 -9999 -9999 -9999 -9999 -9999 -9999 -9999 -9999 -9999 -9999 -9999 -9999 -9999 -9999 -9999 -9999 -9999 -9999 -9999 -9999 -9999 -9999 -9999 -9999 -9999 -9999 -9999 5.96552 4.18254 2.27344 4.5 4.09375 4 4 4 4 4 4 4.11719 5.37109 6.57813 7 7 7 7 7 7 7 7 6.44922 4.1875 4 5.53125 5.98438 5 4.41406 5.74609 7 5.67188 6.99219 6.89063 7 6.92188 5.35938 4.83203
-9999 -9999 -9999 -9999 -9999 -9999 -9999 -9999 -9999 -9999 -9999 -9999 -9999 -9999 -9999 -9999 -9999 -9999 -9999 -9999 -9999 -9999 -9999 -9999 -9999 -9999 -9999 -9999 -9999 -9999 -9999 -9999 -9999 -9999 -9999 -9999 -9999 -9999 -9999 -9999 -9999 -9999 -9999 -9999 -9999 1 1.28477 4.75829 4.11719 4 4 4 4 4 4 4.19531 4 4.19922 6.35547 7 7 7 7 6.88281 6.92188 7 7 5.92188 4 4 5.26953 7.70703 7.34375 4.03516 6.64844 6.76563 7 7.60547 7.17578 7.35156 7.76172 7.37109
-9999 -9999 -9999 -9999 -9999 -9999 -9999 -9999 -9999 -9999 -9999 -9999 -9999 -9999 -9999 -9999 -9999 -9999 -9999 -9999 -9999 -9999 -9999 -9999 -9999 -9999 -9999 -9999 -9999 -9999 -9999 -9999 -9999 -9999 -9999 -9999 -9999 -9999 -9999 -9999 -9999 -9999 -9999 -9999 -9999 -9999 -9999 4.98131 4.19531 4 4 4 4 4 4.19531 4 4.99609 5.95703 6.82422 7 7 7 7 6.60938 7 7 7 6.74219 4.17578 4 4 4.95703 7.20313 4.23438 4 6.05078 7 7.32031 7.80469 8 7.98047 7.03906
-9999 -9999 -9999 -9999 -9999 -9999 -9999 -9999 -9999 -9999 -9999 -9999 -9999 -9999 -9999 -9999 -9999 -9999 -9999 -9999 -9999 -9999 -9999 -9999 -9999 -9999 -9999 -9999 -9999 -9999 -9999 -9999 -9999 -9999 -9999 -9999 -9999 -9999 -9999 -9999 -9999 -9999 -9999 -9999 -9999 -9999 -9999 4.91304 4.51172 4 4 4 4 4 4 4 4 6.01563 7 7 7 7 7 6.88281 6.57031 6.96094 7 6.625 4 4 4 4 4 4 4 4.11719 7 7.03125 7.50391 7.5625 7.28906 7.16406
-9999 -9999 -9999 -9999 -9999 -9999 -9999 -9999 -9999 -9999 -9999 -9999 -9999 -9999 -9999 -9999 -9999 -9999 -9999 -9999 -9999 -9999 -9999 -9999 -9999 -9999 -9999 -9999 -9999 -9999 -9999 -9999 -9999 -9999 -9999 -9999 -9999 -9999 -9999 -9999 -9999 -9999 -9999 -9999 -9999 -9999 -9999 4.3622 4.09375 4 4 4 4 4 4 4 4 5.48828 7 7 6.76563 7 7 7 7 6.76563 7 6.69531 4.10547 4 4 4 4 4 4.46875 6.57813 7 7 7 7 7.44922 7.88281
-9999 -9999 -9999 -9999 -9999 -9999 -9999 -9999 -9999 -9999 -9999 -9999 -9999 -9999 -9999 -9999 -9999 -9999 -9999 -9999 -9999 -9999 -9999 -9999 -9999 -9999 -9999 -9999 -9999 -9999 -9999 -9999 -9999 -9999 -9999 -9999 -9999 -9999 -9999 -9999 -9999 -9999 -9999 -9999 -9999 -9999 5.32353 4.44355 4.31641 4.97266 4.99609 6.33203 6.625 6.625 6.625 6.625 6.625 6.78906 7 7 6.84375 7 7 7 6.45313 6.60938 7 7 5.75781 4.09375 4 4 4 4 4.42188 6.625 7 7 7.05859 7.80469 7.91406 8
-9999 -9999 -9999 -9999 -9999 -9999 -9999 -9999 -9999 -9999 -9999 -9999 -9999 -9999 -9999 -9999 -9999 -9999 -9999 -9999 -9999 -9999 -9999 -9999 -9999 -9999 -9999 -9999 -9999 -9999 -9999 -9999 -9999 -9999 -9999 -9999 -9999 -9999 -9999 -9999 -9999 -9999 -9999 -9999 -9999 3 4.8371 4.07813 4.21094 6.71875 6.98828 6.41406 7 7 7 7 6.76563 6.84375 7 6.84375 6.96094 7 7 7 7 7 7 7 7 5.78125 4.64453 4.99609 4.17578 4 6.56641 6.94141 7 7 7 7.79688 7.58984 7.92188
-9999 -9999 -9999 -9999 -9999 -9999 -9999 -9999 -9999 -9999 -9999 -9999 -9999 -9999 -9999 -9999 -9999 -9999 -9999 -9999 -9999 -9999 -9999 -9999 -9999 -9999 -9999 -9999 -9999 -9999 -9999 -9999 -9999 -9999 7 7 7 7 7 -9999 -9999 -9999 -9999 -9999 4 3.16667 3.90234 4.60938 6.82422 7 7 7 7 7 7 7 7 7 7 6.84375 6.96094 6.99219 6.96875 7 7 7 7 7 7 7 6.96094 7 5.55469 4.71484 6.88281 7 6.99219 6.69531 7.37109 7.60547 7.3125 7.40625
-9999 -9999 -9999 -9999 -9999 -9999 -9999 -9999 -9999 -9999 -9999 -9999 -9999 -9999 -9999 -9999 -9999 -9999 -9999 -9999 -9999 -9999 -9999 -9999 -9999 -9999 -9999 -9999 -9999 -9999 -9999 -9999 -9999 -9999 7 7 7 7 7 -9999 -9999 -9999 -9999 -9999 4.66935 3.96875 4 5.3125 7 7 7 7 7 7 7 6.80469 7 7 7 7 7 6.96875 6.67969 7 7 7 7 6.80469 7 7 6.57031 6.90625 5.69531 6.875 7 6.80469 6.32813 5.52344 6.21094 6.89063 7.17578 6.78125
-9999 -9999 -9999 -9999 -9999 -9999 -9999 -9999 -9999 -9999 -9999 -9999 -9999 -9999 -9999 -9999 -9999 -9999 -9999 -9999 -9999 -9999 -9999 -9999 -9999 -9999 -9999 -9999 -9999 -9999 -9999 -9999 -9999 -9999 7 7 7 6.63672 6.49569 5.54839 -9999 -9999 -9999 5 4.19111 4.01172 4.64063 6.11719 7 7 7 7 7 7 7 7 7 7 7 7 7 7 7 7 7 7 6.60938 6.80469 6.52734 7.02344 7.09766 7.25 5.41406 6.34375 7 6.76563 5.50781 5.16406 5.24609 5.36719 6.9375 6.11719
-9999 -9999 -9999 -9999 -9999 -9999 -9999 -9999 -9999 -9999 -9999 -9999 -9999 -9999 -9999 -9999 -9999 -9999 -9999 4 4 4 -9999 -9999 -9999 -9999 -9999 -9999 -9999 -9999 -9999 7 7 5 5.66667 6.96748 4.375 4.21094 4.1875 4.16185 5 -9999 5 4.38857 4.67188 6.625 7 6.92188 7 7 7 7 7 7 7 7 7 7 7 7 7 7 7 7 7 7 7 7 7.10938 7.61719 7.83594 7.19531 6.625 5.42188 6.13281 5.32813 6.6875 7.09766 7.25 6.18359 7.27344 5.78906
-9999 -9999 -9999 -9999 -9999 -9999 -9999 -9999 -9999 -9999 -9999 -9999 -9999 -9999 -9999 -9999 -9999 -9999 4 4 4 4 4 4 6.25 7.47368 4.76744 4.65854 4 5.17391 7 7 7 6.77551 5.67623 5.17578 4 4 4 4.09375 4.57447 5 4.77157 5.00781 6.44922 7 7 7 7 7 7 7 7 7 7 7 7 7 7 7 7 7 7 7 7 7 7 7 7.1875 8 8 6.58984 5.53906 5.14063 5.32813 5.64453 7.70703 8 7.96484 7.625 6.53516 6.05469
-9999 -9999 -9999 -9999 -9999 -9999 -9999 -9999 -9999 -9999 -9999 -9999 -9999 -9999 4 4 4 4 4 4 4 4 4 4 4.21875 4.25 4.54688 4 4 4 6.51953 7 7 5.79297 4 4 4 4 4 4 4.19531 4.91797 3.58203 3.92969 6.625 7 7 7 7 7 7 7 7 7 7 7 7 7 7 7 7 7 7 7 7 7 7 7.02734 7.53125 8 7.70703 7.89063 5.3125 5.21094 6.18359 5.1875 7.12109 8 8 8 8 7.46094
-9999 -9999 -9999 -9999 -9999 -9999 -9999 -9999 -9999 -9999 -9999 -9999 4 4 4 4 4 4 4 4 4 4 4.03906 4.23438 6.82813 7.96875 7.60156 4.79297 4 4 6.69531 7 6.71875 5.01953 4 4 4 4 4 4 4 4 4.34375 3.92969 5.88281 7 7 7 7 7 7 7 7 7 7 5.71094 6.76563 7 7 7 7 6.96094 6.64844 7 7 7 7 7.30078 8 8 8 7.8125 5 5.67969 8 8 8 7.88281 7.51953 7.625 6.74609 5.14063
-9999 -9999 -9999 -9999 -9999 -9999 -9999 -9999 -9999 -9999 3 4.9085 5.39053 3.84766 4 4 4 4 4 4 4 4 4.43359 4.50391 4.33203 7.125 7.26172 7.04297 4.14063 4 5.11328 6.90625 4.375 4 4 4 4 4 4 4 4 4 4.05469 3.51563 5.21875 7 7 7 7 7 7 7 7 7 7 4.1875 3.76563 3.76563 2.125 6.39063 7 7 7 7 7 7 7 7.0625 7.40234 7.09766 8 7.63672 5 6.04297 7.49609 7.96484 8 7.34375 5.86719 5 5.46875 7.64844
-9999 -9999 -9999 -9999 -9999 -9999 -9999 -9999 -9999 -9999 3 5.6875 3.28125 3.42188 4 4 4 4 4 4 4 4 4.09375 4.0625 4 4.3125 4.03125 4.5 4.09375 4 4.9375 6.05078 4 4 4 4 4 4 4 4 4 4 4 3.96094 4.32813 6.19141 6.76563 7 7 7 7 7 7 7 7 7 6.60156 3.55469 1.28125 3.76563 5.5 7 5.875 5.5 6.8125 7 7 7 7 7.07031 7.32031 6.81641 5 5 5.11719 5.9375 6.94531 7.83594 6.89844 5 6.40625 8
-9999 -9999 -9999 -9999 -9999 -9999 -9999 -9999 -9999 -9999 3 4.5625 4.01563 3.01172 3.88281 4 4 4 4 4 4 4 4 4 4 4 4 4 4 4 4.64453 4.35156 4 4 4 4 4 4 4 4 4 4 5.62109 4.52734 4 4 5.18359 7 7 7 7 7 7 7 7 7 7 7 6.69531 3.92969 1.70313 1.375 1.09375 1 2.85156 6.29688 7 7 7 7 7.29297 7.98828 7.10938 6.46484 7.8125 7.8125 7.88281 7.58984 7.26172 7.69531 7.98828 8
-9999 -9999 -9999 -9999 -9999 -9999 -9999 -9999 -9999 -9999 -9999 3.17241 6.07813 4.52344 3.96094 4 4 4 4 4 4 4 4 4 4 4 4 4 4 4 4 4 4 4.05859 4.13672 4 4 4 4 4 4 4 5.69531 5.75781 4.48047 5.125 5.24219 7 7 7 7 7 7 7 7 7 7 7 6.92188 6.85938 5.38281 2.97656 1.32813 1.0625 1.4375 4.52344 6.90625 6.04688 5.23438 7 7.48828 8 8 8 8 8 8 8 8 7.98047 8 7.99609
-9999 -9999 -9999 -9999 -9999 -9999 -9999 -9999 -9999 -9999 -9999 3 5.49153 5.5 4 4 4 4 4 4 4 4 4 4 4 4 4 4 4 4 4 4 4 4 4 4 4 4 4 4 4 4.02344 6.07813 6.95313 6.76563 7 7 7 7 7 7 7 7 7 7 7 7 7 4.25 3.4375 3 3.375 4.75 2.98438 3 3 3.9375 3 3.42188 5.84375 7.37109 7.93359 7.85156 8 8 7.88281 8 8 8 7.5 7.34766 7.42969
-9999 -9999 -9999 -9999 -9999 -9999 -9999 -9999 -9999 -9999 4 3.61574 5.19531 4.92578 4 4 4 4 4 4 4 4.01172 4.04688 4 4 4 4 4 4 4 4 4 4 4 4 4 4 4 4 4 4 4.1875 7 6.74609 7 7 7 7 7 7 7 7 7 7 7 6.375 5.67188 4.79688 3.375 3 3 3 3 3 3 3 3 3 3.14063 6.35938 7.41016 7.11719 7.08203 7.63281 7.23828 7.41406 8 8 7.96484 7.25781 7 7
-9999 -9999 -9999 -9999 -9999 -9999 -9999 -9999 -9999 4 4 4 4 4 4 4 4 4 4 4 4 4.00781 4.10938 4 4 4 4 4 4 4 4 4 4 4 4 4 4 4 4.3125 4.19531 4.39063 4.02344 5.66406 6.07813 7 7 7 7 7 7 7 7 7 7 7 6.45313 4.1875 3.375 3 3 3 3 3 3 3 3 3 3 2.76563 5.75781 7 7 7 7.28516 6.46875 6.25 7.34375 5.01953 2.20313 6.10938 7 7
-9999 -9999 -9999 -9999 -9999 -9999 -9999 -9999 -9999 4 4.10163 4 4 4 4.52734 5.81641 5.875 5.46484 5.40625 4.82031 4 4 4.3125 4 4 4 4 4 4 4 4 4 4 4 4 4 4 4 4.07813 4 4 4 4 5.36328 6.88281 7 7 7 7 7 7 7 7 7 7 7 6.76563 3.0625 3 3 3 3 3 3 3 3 3 2.375 1.72656 6.60156 7 7 3.95313 1.38672 1.05469 1 1.27344 1 1 1.67969 6.76563 7
-9999 -9999 -9999 -9999 -9999 -9999 -9999 -9999 -9999 4 4.41833 4 4 4.82031 6.28516 5.58203 5.81641 4.9375 4.35156 6.68359 5.94531 4 4 4 4 4 4 4 4 4 4 4 4 4.09766 4 4 4 4 4 4 4 4 4.11719 4.17578 4 5.75781 7 7 7 7 7 7 7 7 7 7 6.92188 5.04688 3.17188 3.17188 3.01563 3 3 3 3 3 3 2.32031 1 4.16406 6.625 5.10156 1.01563 1.0625 1 1.50781 1.3125 1 1.1875 3.95313 7 7
