public/models/data/input/map/sulut/800/maplanduse.asc
NCOLS 310
NROWS 227
XLLCORNER 510063.019283
YLLCORNER 210717.685435
CELLSIZE 800.000000
NODATA_VALUE       -9999
[rows 111 to 147 of 227, columns 164 to 245 of 310]
-9999 -9999 -9999 -9999 -9999 -9999 -9999 -9999 -9999 4.16514 4.32031 4 4 4 4 4 4 4 4 4.65625 5.31641 3.92188 4 4 4 4 4.03906 4 4 4 4 4.02734 4.14844 4 4 4 4 4 4 4 4.07813 4.07813 4.07813 4 4 4 7 7 7 7 7 7 7 7 7 7 7 7 6.6875 6.5625 3.76563 5.14063 3.8125 3.5 3.0625 3 2.55469 1.28125 1 1 1 1 1.14063 2.35156 1.67969 3.55469 4.92188 2.25 5.89844 7 7 7
-9999 -9999 -9999 -9999 -9999 -9999 -9999 -9999 4.38462 4.44583 4.08984 4 4 4 4 4 4 4 4.75 5.20703 6.73047 6.27344 4.42188 4 4 4 4.15625 4 4 4 4 4.07031 4.10547 4 4 4 4 4 4 4.23438 4.3125 4.11719 4.11719 4 4 4 7 7 7 7 7 6.61328 6.85938 7 7 7 7 7 7 6.1875 3.98438 6.21875 7 7 3.52344 2.3125 1.50781 1 1 1 1 1.0625 2 2.8125 3.30469 3.04688 6.64063 6.34375 7 7 7 7
-9999 -9999 -9999 -9999 -9999 -9999 -9999 -9999 3.3237 3.30469 3.98047 4 4 4 4 4 4 4 5.5 6.76563 4.24609 2.0625 3.35938 4 4 4 4 4 4 4.19531 4.09766 4.03906 4 4 4 4.09766 4 4 4 5.20313 4.75 4.10547 6.15625 4.14063 4 4.23438 7 7 7 7 6.12109 4.58594 5.10156 6.90625 7.26563 7.01953 7 7 7 7 7 7 7 7 6.8125 2.46094 1 1 1 1 1 1.09375 2.875 3.1875 4.90625 4.96875 7 7 7 7 7 7
-9999 -9999 -9999 -9999 -9999 -9999 3 3 3.33613 3.91406 4 4 4 4 4 4 4 4 4.26953 5.125 2.54688 1.00781 2.16797 4 4 4 4 4 4 4 4 4 4 4 4.19531 4 4 4 4 5.74609 7 6.82422 7 5.61719 4.70313 5.23047 7 7 7 7 7 5.71875 6.30469 7.42578 7.04688 7 7 7 7 7 7 7 7 7 7 4.42188 1 1 1 1 1 1.03906 2.65625 1.71875 5.71094 7 7 7 7 7 7 7
-9999 -9999 -9999 -9999 -9999 -9999 3.16667 3.39815 3.94141 4 4 4 4 4 4 4 4 4 4 3.95313 2.05469 1 1.11719 2.61719 4 4 4 4 4 4 4 4.01953 4 4 4 4 4 4 4.11719 6.35156 7 7 7 7 7 7 7 7 7 7 7 6.51953 5.10547 6.38672 7 6.96094 7.3125 7.07813 7 7 7 7 7 7 7 5.82813 1.70313 1 1 1 1 2.67969 1.46875 1 4.49219 7 7 7 7 7 7 7
-9999 -9999 -9999 -9999 -9999 -9999 4 4 4 4 4 4 4 4 4 4 4 4 4 3.60156 1.41016 1 1.04688 2.45313 4 4 4 4 4.15625 4.03906 4 4.17578 4 4 4 4 4 4 4 4.875 6.97266 7 7 7 7 7 7 7 7 7 7 6.95313 5.75781 5.50391 6.03906 5.92188 7.13672 7.17578 7 7 7 7 7 7 6.76563 7 2.05469 1 1 1 1 1.46875 3.78906 5.5 6.26563 7 7 7 7 7 7 7
-9999 -9999 -9999 -9999 -9999 -9999 4.02488 4.07813 4 4 4 4 4 4 4 4 4.09766 4 4 3.13281 1.99609 2.20703 3.27344 4 4 4 4 4 4 4 4 4 4 4 4 4 4 4 4 4.32813 6.83594 7 7 7 7 7 7 7 7 7 7 7 6.625 5.1875 5.1875 7.95313 7.79297 7.12891 7.12891 7.31641 7.01953 7 7 7 2.66406 6.17969 1.35156 1 1 1 1.9375 6.57813 6.71875 6.25781 6.41406 7 7 7 7 7 7 7
-9999 -9999 -9999 -9999 -9999 -9999 4.39773 4 4 4 4 4 4 4 4 4 4.19531 4 4 2.83984 3.46094 4 4 4.25391 4 4 4 4 4 4 4 4 4 4 4 4 4 4 4 4 5.03516 6.92188 7 7 7 7 7 7 7 7 7 7 7.125 7.92969 5.86719 4.89063 7.28906 7.05469 7.38281 7.30859 7 7 7 4.25781 3.41406 7 4.98438 1 1.75 2.125 3.8125 7 7 6.72656 7 7 7 7 7 7 7 7
-9999 -9999 -9999 -9999 -9999 4.5 4.11952 4 4 4 4 4 4 4 4 4 4 4 4 3.36719 3.05078 4 4 4.29297 4.03906 4 4 4.03906 4.3125 4.23438 4 4 4 4 4 4 4 4 4.66406 5.5625 6.71484 6.98047 7 7 7 7 7 7 7 7 7 7 7.00781 7.31641 7.37109 5.42578 7.28516 6.44531 7.66016 6.84375 6.96094 7 6.29688 1.07031 2.5 7 6.97656 5.21875 6.46094 6.90625 6.39063 7 7 7 7 7 7 7 7 7 7 7
-9999 -9999 -9999 -9999 4 4.05236 4 4 4 4 4 4 4 4 4 4 4 4 4 3.76563 3.35547 4 4 4 4 4 4.11719 4.07813 4 4 4 4 4 4 4 4 4.00781 4.28906 6.72656 7 7 7 7 6.96094 6.96094 7 7 7 7 7 7 7 7 7 7 7.09766 7.03906 7.625 7.41016 6.94141 6.76563 7 6.4375 3.125 6.16406 7 7 7 7 7 7 7 7 7 7 7 7 7 7 7 7 7
-9999 -9999 -9999 -9999 4 4.47847 4 4 4 4 4 4 4 4 4 4 4 4 4 4 4 4 4 4 4 4 4.09766 4 4 4 4 4 4 4.0625 4.01563 4.07813 5.30469 6.46875 7 7 7 7 7 6.41406 6.6875 7 7 7 7 7 7 7 7 7 7 7 7 7 7 7 7 7 6.67188 5.24219 6.78125 6.72656 6.45313 7 7 7 7 7 7 7 7 7 7 7 7 7 7 7
-9999 -9999 -9999 -9999 4.42553 4.4721 4 4 4 4 4 4 3.92188 3.88281 4 4 3.17969 4 4 4 4 4 4 4 4 4 4 4 4 4 4 4 4 4.05859 4.43359 5.30469 7 7 7 7 7 7 7 7 7 7 7 7 7 7 7 7 7 7 7 7 7 7 7 7 7 7 6.95313 6.8125 7 6.88281 6.76563 7 7 7 7 7 7 7 7 7 7 7 7 7 7 7
-9999 -9999 -9999 4 4 4.19531 4 4 4 4 4 4 4 4 3.8125 3.48438 3.00391 3.62891 4 4 4 4 4 4 4 4 4 4 4 4 4 4 4 3.8125 6.46094 6.96094 7 7 7 7 7 7 7 7 7 7 7 7 7 7 7 7 7 7 7 7 7 7 7 7 7 7 7 7 7 7 7 7 7 7 7 7 7 7 7 7 7 7 7 7 7 7
-9999 4 4.30435 4.32609 4.86614 4.41016 4.39063 4.19531 4 4 4 4.03906 3.82422 4.33203 3.09375 3.26563 2.76953 4 4 4 4 4 4 4 4 4 4 4 4 4 5.95313 5.62109 4.97656 3.85156 6.5 7 7 7 7 7 7 7 7 7 5.82813 7 7 7 7 7 7 7 7 7 7 7 7 7 7 7 7 7 7 7 7 7 7 7 7 7 7 7 7 7 7 7 7 7 7 7 7 7
3.05682 3.74219 4.17969 4.51563 4.5625 4.38672 4.07031 4.96875 4.07422 4 4.42969 4 2.04297 1.29297 1.75 4.19531 3.70703 4 4 4 4 4 4 4 4 4 4 4 5.0625 7.84375 8 7.35547 5.68359 3.6875 5.11328 6.16797 6.22656 6.95313 7 7 7 7 7 7 5.00781 3.95313 6.76563 7 7 7 7 7 7 7 7 7 7 7 7 7 7 7 7 7 7 7 7 7 7 7 7 7 7 7 7 7 7 7 7 7 7 7
3.23438 3.72266 5.51172 6 5.54688 6.50391 6.53125 6.19141 4.54297 4.08594 4.82031 4.23438 2.16016 1 1.75 4 4 4 4 4 4 4 4 4 4 4 4 4.21875 7.57813 7.64063 6.85547 7.30859 4.96875 4 4 4 3.97656 5.33594 7 7 7 7 7 7 6.34375 1.79688 2.38281 6.57813 7 7 7 7 7 7 7 7 7 7 7 7 7 7 7 7 7 7 7 7 7 7 7 6.44922 6.625 6.33203 6.13281 7 7 7 7 7 7 7
3.35156 4.91406 4.5 4.59766 4.84375 6.55469 5.44141 4.79688 6.54297 4.49219 6.10938 4.45313 2.625 1.10547 3.05078 3.82422 3.82422 4 4 4 4 4 4 4 4 4 4 5.125 7 4.71875 4 5.54297 4.23438 4 4 4 3.8125 3.625 6.54297 4.97266 5.14844 6.53125 3.92969 2.125 2.3125 2.99219 1.35156 2.3125 6.08594 7 7 7 7 7 7 7 7 7 7 7 7 7 7 7 7 7 7 7 7 7 6.17969 4.46875 4 4 4.92578 5.90625 5.51563 7 7 7 6.88281 6.29688
3.09766 3.77734 5.69141 6.08594 5.6875 6.47266 4 5.3125 7 4.64063 6.85938 4.83594 3.27734 1.24609 3.67188 3.0625 1.31641 2.72266 3.85938 4 4 4 4 4 4 4 4 4.76563 4.48438 4 4 6.35938 4.0625 3.68359 2.3125 1.72656 1.92578 3.71875 4.1875 4 2.71094 3.09766 1.1875 1 1.84375 5.3125 5.57031 1 1.72656 3.625 3.625 5.47656 7 7 7 7 7 7 7 7 7 7 7 7 7 7 7 7 7 7 4.1875 4 4 3.95313 3.51172 3.03125 3.03125 4.04688 4.61719 2.45313 3.74219 3.03906
3.11719 5.28906 6.01563 4.85547 5.21875 7 4.29297 4.43359 7 4.42188 6.53125 4.35156 3.85938 2.46484 2.39453 1.61719 1 1 1.15234 2.00781 3.88281 4 4 4 4 4 4 4 4 4 4 5.75781 4.70313 3.61328 1.11719 1.58594 2.76953 4 4 2.41797 1.01172 1 1 1 1.21094 2.54688 3.22656 3.10938 2.875 2.05469 3.46094 3.83594 7 7 7 7 7 7 7 7 7 7 7 7 7 7 7 7 7 7 5.06641 4 4 4.18359 3.41016 3.19531 3 2.57031 1.64844 2.25 1.1105 1
5.25 5.47656 6.47266 6.90625 6.8125 6.98828 5.23047 4.96094 6.26172 4.11719 5.17188 5.35938 4.33984 4.19531 2.13672 1.50781 1.09766 1 1 1 3.46094 4 4 4 4 4 4 4 4 4 4 6.74609 4.98438 4 2.95703 1 1.41016 3.71875 3.20313 1.11719 1 1 1 1 1 1 1 1 1 6.25 7 7 6.83594 6.92969 7 7 7 7 7 7 7 7 7 7 7 7 7 7 6.32031 4.41016 4 4 4 4.05859 4.25391 4.48828 4.25581 4.68 5 -9999 -9999 -9999
5.82031 5.10156 5.32422 4.75 4.375 6.42578 4.9375 4.78516 5.5 4 4 6.0625 6.14453 4.07031 4.03125 1.07813 1.39063 1 1 1 1.76172 4 4 4 4 4 4 4 4 4.125 5.67188 6.15625 4.1875 4 3.25 1 1 1.5625 1.14063 1 1 1 1 1 1 1 1 1 1 6.01563 7 5.89844 1.84375 2.57031 6.4375 7 7 7 7 7 7 7 7 7 7 7 7 7 6.4375 4 4 4 4.03906 4 4.11173 4 5 -9999 -9999 -9999 -9999 -9999
6.94141 5.26563 4.85547 5.96875 6.4375 5.08984 4.76172 4.36328 5.21875 4 4 6.53125 7 5.14844 1.84375 1 1 1 1 1 1.82031 4 4 4 4 4 4 4 4.375 5.95313 7.31641 5.48438 4 4 3.625 1.73828 1 1 1 1 1 1 1 1 1 1 1 1 1 2.10156 6.8125 2.875 1 1 3.78906 7 7 7 7 7 7 7 7 7 7 7 7 7 6.26172 4 4 4.19763 4.57971 4 -9999 -9999 -9999 -9999 -9999 -9999 -9999 -9999
6.66016 4.31641 5.94531 4.55078 4 4 4 4 4.99609 4 4.82031 7 6.67188 3.98828 1.4375 1 1 1 1 3.29688 3.97656 4 4 4 4 4 5.9375 7.5 7.75 8 8 5.71875 4 4 4 3.88281 1 1 1 1 1 1 1 1 1 1 1 1 1 1 2.28906 1 1 1 5.42969 7 7 7 7 7 7 7 7 7 7 7 7 7 5.20703 4 4 4.14583 -9999 -9999 -9999 -9999 -9999 -9999 -9999 -9999 -9999 -9999
5.93359 6.20703 4.72656 5.79297 4 2.82813 2.47656 3.76563 4 4 4.9375 7 6.33203 3.49609 1.03906 1 1 1 1 2.74609 4 4 4 4 4 5.17188 8 8 8 6.30078 5.89063 4 4 4 4 4 1.78125 1 1 1 1 1 1 1 1 1 1 1 1 1 1 1 1 1 4.02344 6.88281 7 7 7 7 7 7 7 7 7 7 7 7 5.79297 4 4 4 4 -9999 -9999 -9999 -9999 -9999 -9999 -9999 -9999 -9999
5.125 6.12891 4 3.96484 3.57813 1.11719 1 1.375 3.53125 4 4 6.51953 4.23438 2.5 1 1 1 1 2.11328 3.97656 4 4 4 4 4.14063 6.59375 8 7.0625 7.64844 4.96875 4 4 4 4 4 4 2.26172 1.04688 1 1 1 1 1 1 1 1 1 1 1 1 1 1 1 1 1 2.75781 6.88281 7 7 6.70313 6.75 7 7 7 7 7 7 7 6.4375 4 4 4 4 -9999 -9999 -9999 -9999 -9999 -9999 -9999 -9999 -9999
6.23828 6.89453 3.83203 2.07813 1 1 1.08203 3.57813 4 4 4 4.46875 4 1.79688 1 1 1 1 1 2.80469 4 4 4 4.48438 7.40625 8 8 6.94531 8 6.29688 4 4 4 4 3.90625 2.74609 3.76563 2.04297 1 1 1 1 1 1 1 1 1 1 1 1 1 1 1 1 1.0625 1.64063 4.58594 5.09375 4.25 4.09375 3.5 5.4375 7 7 7 7 6.97656 6.74219 5.07813 4 4 4 4 -9999 -9999 -9999 -9999 -9999 -9999 -9999 -9999 -9999
6.29688 7 4.66797 1 1 1 1.15234 3.85938 4 4 4 4 3.69531 1.10547 1 1 1 1 1 1.375 3.90625 4 4 7.01563 8 8 7.53125 8 8 7.8125 4.4375 4 4 4 3.25 1 1.21094 1.14063 1 1 1 1 1 1 1 1 1 1 1 1 1 1 1 1 2.26953 3.03125 3 3.32813 4.98438 7 6.64844 6.08594 5.5 6.26172 5.85156 5.85156 5.40625 4.64453 4 4 -9999 -9999 -9999 -9999 -9999 -9999 -9999 -9999 -9999 -9999 -9999 -9999
3.25 5.35938 6.25 1 1 1 1 2.42969 4 4 4 4 3.83594 1.55078 1 1 1 1 1 1 3.8125 4 4 7.25 8 6.88672 6.29688 7.4375 7.70703 8 5.5 4 4 4 2.48828 1 1 1 1 1 1 1 1 1 1 1 1 1 1 1 1 1 1 1.49219 3.95313 4.17578 4.8125 6.0625 7 6.8125 4.84375 4 4 4 4 4 4.0625 3.85938 4 4 -9999 -9999 -9999 -9999 -9999 -9999 -9999 -9999 -9999 -9999 -9999 -9999
2.54688 1.96094 2.96875 1 1 1 1 1.49219 2.88672 3.58984 4 4 4 1.62109 1 1 1 1 1 1.23438 3.87109 4 4 7.25 7.6875 4.73828 4 4.26563 6.65234 8 6.67188 4 4 3.23828 1.25781 1 1 1 1 1 1 1 1 1 1 1 1 1 1 1 1 1 2.81641 3.26172 4 4 4 4.08203 4.36328 4.25781 4 4 3.57386 4 4 4 4.50685 3.28729 4 4 -9999 -9999 -9999 -9999 -9999 -9999 -9999 -9999 -9999 -9999 -9999 -9999
1 1 1 1 1 1 1 1 1 1.23438 3.8125 4 4 2.20703 1 1 1 1 1 3.03906 4 4 4 4.23438 4.54688 4 4 4 6.89844 8 6.75 4 4 2.76953 1.19922 1 1 1 1 1 1 1 1 1 1 1 1 1 1 1 1.46875 1.41016 2.23047 3.96484 4 4 4 4 4 4 4 3.58 1 4 4 4 -9999 -9999 4 -9999 -9999 4 -9999 -9999 -9999 -9999 -9999 -9999 -9999 -9999 -9999 -9999
1 1 1 1 1 1 1 1 1.30469 1.375 2.72266 4 4 3.27344 1.04688 1 1 1 1.07031 3.67188 4 4 4 4 4 4 4 4 6.60547 8 6.20313 4 3.13281 3.34375 2.01953 1 1 1 1 1 1 1 1 1 1 1 1 1 1 2.14844 3.95313 3.66016 1.49219 2.92188 4 4 4 4.09375 4.12109 4.10938 4.06641 4 -9999 4 4 4 -9999 -9999 4 4 -9999 -9999 -9999 -9999 -9999 -9999 -9999 -9999 -9999 -9999 -9999 -9999
1 1 1 1 1 1 1 1 3.4375 4 4 4 4 4 2.3125 1 1 1 1.28125 3.34375 4 4 4 4 4 4 4 4.73828 7.50781 7.5 4.35938 2.32422 3.26172 2.38281 2.125 1 1 1 1 1 1 1 1 1 1 1 1 1 1.10547 2.52344 3.94141 4 3.82422 4 4 4 4 4.63281 4.44141 4.39844 4.44141 4.27586 -9999 -9999 -9999 -9999 -9999 -9999 4 4 -9999 -9999 -9999 -9999 -9999 -9999 -9999 -9999 -9999 -9999 -9999 -9999
1 1 1 1 1 1 1 1 2.61719 4 4 4 4 4 3.01563 1 1 1.5625 1.75 3.01563 4 4 4 4 4 4 4 6.41406 7.27344 6.35938 4 3.8125 2.21875 1.94922 1.11719 1 1 1 1 1 1 1 1 1 1 1 1 1 1.5625 4 4 4 4 4 4 4 4 4.01563 4.0625 3.8125 1.84375 5 -9999 -9999 -9999 -9999 4 -9999 -9999 -9999 -9999 -9999 -9999 -9999 -9999 -9999 -9999 -9999 -9999 -9999 -9999 -9999
1 1 1 1 1 1.29297 3.51953 3.8125 3.90625 4 4 4 4 4 1.43359 1 1.29297 1.375 4.44922 4.54688 4 4 4 4 4 4 4 6.53125 7.61328 4.94531 3.70703 1.17578 1 1 1 1 1 1 1 1 1 1 1 1 1 1 1 1.82031 3.37891 4 4 4 4 4 4 4 4 4.15625 4.39063 4.1875 1.19481 -9999 -9999 -9999 4 4 4 -9999 -9999 -9999 -9999 -9999 -9999 -9999 -9999 -9999 -9999 -9999 -9999 -9999 -9999 -9999
1 1 1.02344 1.83203 3.0625 3.35547 4 4 4 4 4 4 4 4 1.375 1.03906 3.64844 4 4 3.97656 4.00391 4 4 4 4 4 4 4 4.39063 3.95313 3.87109 2.17188 1 1 1 1 1 1 1 1 1 1 1 1 1 1 1 1.23438 3.67188 4 4 4 4 4 4 4 4.03906 4.82813 4.65625 4.23438 1.30469 4 4 4 4 -9999 -9999 -9999 -9999 -9999 -9999 -9999 -9999 -9999 -9999 -9999 -9999 -9999 -9999 -9999 -9999 -9999
1 1.02344 2.58203 4 4 4 4 4 4 4 4 4 4 4 2.07813 1.9375 3.25781 4 4 3.80859 4.01563 4 4 4 4 4 3.85938 3.39063 2.27734 1.97266 1.70313 1.74219 1 1 1 1 1 1 1 1 1 1 1 1 1 1 1.55078 1.09375 1.14063 3.71875 4 4 4 4 4 4 5.15234 4.73438 4.28125 4 3.13043 4 4 -9999 -9999 -9999 -9999 -9999 -9999 -9999 -9999 -9999 -9999 -9999 -9999 -9999 -9999 -9999 -9999 -9999 -9999 -9999
2.44141 3.17969 4 4 4 4 4 4 4 4 4 3.82422 4 4 2.3125 1 2.30078 4 4 4 4 4.38672 4.14063 4 4 4 1.82031 1.82031 1 1 1.54688 2.25 1 1 1 1 1 1 1 1 1 1 1 1 1 1 2.41797 3.46094 2.20703 3.8125 4 4 4 4 4 4 4.11719 4 4.40123 4 -9999 -9999 -9999 -9999 -9999 -9999 -9999 -9999 -9999 -9999 -9999 -9999 -9999 -9999 -9999 -9999 -9999 -9999 -9999 -9999 -9999 -9999
