public/models/data/input/map/sulut/800/mappop.asc
NCOLS 310
NROWS 227
XLLCORNER 510063.019283
YLLCORNER 210717.685435
CELLSIZE 800.000000
NODATA_VALUE       -9999
[rows 140 to 174 of 227, columns 160 to 239 of 310]
474908 474908 474908 474908 474908 474908 474908 474908 474908 474908 474908 474908 474908 474908 474908 474908 474908 474908 474908 327279 275997 275997 275997 275997 275997 275997 275997 275997 275997 275997 275997 275997 275997 275997 275997 275997 275997 275997 275997 275997 275997 275997 275997 275997 359604 405715 405715 405715 405715 405715 405715 405715 405715 405715 405715 405715 405715 405715 334398 17433.1 0 0 0 0 0 0 0 0 0 0 -9999 -9999 0 -9999 -9999 0 -9999 -9999 -9999 -9999
474908 474908 474908 474908 474908 474908 474908 474908 474908 474908 474908 474908 474908 474908 474908 474908 474908 474908 474908 335049 275997 275997 275997 275997 275997 275997 275997 275997 275997 275997 275997 275997 275997 275997 275997 275997 275997 275997 275997 275997 275997 275997 275997 275997 354537 405715 405715 405715 405715 405715 405715 405715 405715 405715 405715 405715 405715 405715 405715 175915 0 0 0 0 0 0 -9999 0 0 0 -9999 -9999 0 0 -9999 -9999 -9999 -9999 -9999 -9999
474908 474908 474908 474908 474908 474908 474908 474908 474908 474908 474908 474908 474908 474908 474908 474908 474908 474908 474908 350589 275997 275997 275997 275997 275997 275997 275997 275997 275997 275997 275997 275997 275997 275997 275997 275997 275997 275997 275997 275997 275997 275997 275997 275997 357071 405715 405715 405715 405715 405715 405715 405715 405715 405715 405715 405715 405715 405715 405715 278929 0 0 0 0 0 0 -9999 -9999 -9999 -9999 -9999 -9999 0 0 -9999 -9999 -9999 -9999 -9999 -9999
474908 474908 474908 474908 474908 474908 474908 474908 474908 474908 474908 474908 474908 474908 474908 474908 474908 474908 474908 401093 291537 275997 275997 275997 275997 275997 275997 275997 275997 275997 275997 275997 275997 275997 275997 275997 275997 275997 275997 275997 275997 275997 275997 284104 381900 405715 405715 405715 405715 405715 405715 405715 405715 405715 405715 405715 405715 405715 405715 350246 315380 271005 0 0 0 0 -9999 -9999 -9999 -9999 0 -9999 -9999 -9999 -9999 -9999 -9999 -9999 -9999 -9999
474908 474908 474908 474908 474908 474908 474908 474908 474908 474908 474908 474908 474908 474908 474908 474908 474908 474908 474908 474908 462476 400316 349812 283767 275997 275997 275997 275997 275997 275997 275997 275997 275997 275997 275997 275997 275997 275997 275997 275997 275997 275997 275997 346430 405715 405715 405715 405715 405715 405715 405715 405715 405715 405715 405715 405715 405715 405715 405715 405715 405715 386697 213951 31696.5 0 -9999 -9999 -9999 0 0 0 -9999 -9999 -9999 -9999 -9999 -9999 -9999 -9999 -9999
474908 474908 474908 474908 474908 474908 474908 474908 474908 474908 474908 474908 474908 474908 474908 474908 474908 474908 474908 474908 474908 474908 463253 323394 280659 275997 275997 275997 275997 275997 275997 275997 275997 275997 275997 275997 275997 275997 275997 275997 276504 306906 365178 400648 405715 405715 405715 405715 405715 405715 405715 405715 405715 405715 405715 405715 405715 405715 405715 405715 405715 405715 405715 177500 0 0 0 0 0 -9999 -9999 -9999 -9999 -9999 -9999 -9999 -9999 -9999 -9999 -9999
474908 474908 474908 474908 474908 474908 474908 474908 474908 474908 474908 474908 474908 474908 474908 474908 474908 474908 474908 474908 474908 474908 474908 474908 404978 275997 275997 275997 275997 275997 275997 275997 275997 275997 275997 275997 275997 275997 275997 275997 289172 405715 405715 405715 405715 405715 405715 405715 405715 405715 405715 405715 405715 405715 405715 405715 405715 405715 405715 405715 405715 405715 405715 306066 0 0 0 -9999 -9999 -9999 -9999 -9999 -9999 -9999 -9999 -9999 -9999 -9999 -9999 -9999
474908 474908 474908 474908 474908 474908 474908 474908 474908 474908 474908 474908 474908 474908 474908 474908 474908 474908 474908 474908 474908 474908 474908 474908 474908 410417 285321 275997 275997 275997 275997 275997 275997 275997 275997 275997 275997 275997 275997 329202 390514 405715 405715 405715 405715 405715 405715 405715 405715 405715 405715 405715 405715 405715 405715 405715 405715 405715 405715 405715 405715 405715 405715 405715 -9999 -9999 -9999 -9999 -9999 -9999 -9999 -9999 -9999 -9999 -9999 -9999 -9999 -9999 -9999 -9999
474908 474908 474908 474908 474908 474908 474908 474908 474908 474908 474908 474908 474908 474908 474908 474908 474908 474908 474908 474908 474908 474908 474908 474908 474908 474908 448490 296976 275997 275997 275997 275997 275997 275997 275997 275997 275997 275997 294239 384433 405715 405715 405715 405715 405715 405715 405715 405715 405715 405715 405715 405715 405715 405715 405715 405715 405715 405715 405715 405715 405715 405715 405715 -9999 -9999 -9999 -9999 -9999 -9999 -9999 -9999 -9999 -9999 -9999 -9999 -9999 -9999 -9999 -9999 -9999
474908 474908 474908 474908 474908 474908 474908 474908 474908 474908 474908 474908 474908 474908 474908 474908 474908 474908 474908 474908 474908 474908 474908 474908 474908 474908 467138 301638 275997 275997 275997 275997 275997 275997 275997 291198 321601 357071 381900 405715 405715 405715 405715 405715 405715 405715 405715 405715 405715 405715 405715 405715 405715 405715 405715 405715 405715 405715 405715 405715 -9999 -9999 -9999 -9999 -9999 -9999 -9999 -9999 -9999 -9999 -9999 -9999 -9999 -9999 -9999 -9999 -9999 -9999 -9999 -9999
474908 474908 474908 474908 474908 474908 474908 474908 474908 474908 474908 474908 474908 474908 474908 474908 474908 474908 474908 474908 474908 474908 474908 474908 474908 466361 361467 275997 275997 275997 275997 275997 275997 275997 275997 324641 405715 405715 405715 405715 405715 405715 405715 405715 405715 405715 405715 405715 405715 405715 405715 405715 405715 405715 405715 405715 405715 405715 405715 405715 -9999 405715 -9999 -9999 -9999 -9999 -9999 -9999 -9999 -9999 -9999 -9999 -9999 -9999 -9999 -9999 -9999 -9999 -9999 -9999
474908 474908 474908 474908 474908 474908 474908 474908 474908 474908 474908 474908 474908 474908 474908 474908 474908 474908 474908 474908 474908 474908 474908 474908 455483 291537 275997 275997 275997 275997 275997 275997 275997 275997 281064 372779 405715 405715 405715 405715 405715 405715 405715 405715 405715 405715 405715 405715 405715 405715 405715 405715 405715 405715 405715 405715 405715 405715 405715 405715 405715 405715 -9999 -9999 -9999 -9999 -9999 -9999 -9999 -9999 -9999 -9999 -9999 -9999 -9999 -9999 -9999 -9999 -9999 -9999
474908 474908 474908 474908 474908 474908 474908 474908 474908 474908 474908 474908 474908 474908 474908 474908 474908 474908 474908 474908 474908 474908 474908 474908 474908 418187 316401 275997 275997 275997 275997 275997 275997 275997 349470 405715 405715 405715 405715 405715 405715 405715 405715 405715 405715 405715 405715 405715 405715 405715 405715 405715 405715 405715 405715 405715 405715 405715 405715 405715 -9999 -9999 -9999 -9999 -9999 -9999 -9999 -9999 -9999 -9999 -9999 -9999 -9999 -9999 -9999 -9999 -9999 -9999 -9999 -9999
474908 474908 474908 474908 474908 474908 474908 474908 474908 474908 474908 474908 474908 474908 474908 474908 474908 474908 474908 474908 474908 474908 474908 474908 474908 474908 404268 275997 275997 275997 275997 275997 275997 275997 346937 405715 405715 405715 405715 405715 405715 405715 405715 405715 405715 405715 405715 405715 405715 405715 405715 405715 405715 405715 405715 405715 405715 -9999 -9999 -9999 -9999 -9999 -9999 -9999 -9999 -9999 -9999 -9999 -9999 -9999 -9999 -9999 -9999 -9999 -9999 -9999 -9999 -9999 -9999 -9999
474908 474908 474908 474908 474908 474908 474908 474908 474908 474908 474908 474908 474908 474908 474908 474908 474908 474908 474908 474908 474908 474908 474908 474908 454637 424905 401054 296265 275997 275997 275997 275997 275997 275997 278531 405715 405715 405715 405715 405715 405715 405715 405715 405715 405715 405715 405715 405715 405715 405715 405715 405715 405715 405715 405715 405715 -9999 -9999 -9999 -9999 -9999 -9999 -9999 -9999 -9999 -9999 -9999 -9999 -9999 -9999 -9999 -9999 -9999 -9999 -9999 -9999 -9999 -9999 -9999 -9999
474908 474908 474908 474908 474908 474908 474908 474908 474908 474908 474908 474908 474908 474908 474908 474908 474908 474908 474908 474908 474908 474908 474908 474908 418148 405715 405715 390514 297279 275997 275997 275997 275997 275997 316534 405715 405715 405715 405715 405715 405715 405715 405715 405715 405715 405715 405715 405715 405715 405715 405715 405715 405715 405715 405715 -9999 405715 405715 405715 -9999 -9999 -9999 -9999 -9999 -9999 -9999 -9999 -9999 -9999 -9999 -9999 -9999 -9999 -9999 -9999 -9999 -9999 -9999 -9999 -9999
474908 474908 474908 474908 474908 474908 474908 474908 474908 474908 474908 474908 474908 474908 474908 474908 474908 474908 474908 474908 474908 471124 473286 467340 444636 405715 405715 405715 377339 332749 355551 280051 275997 275997 329202 405715 405715 405715 405715 405715 405715 405715 405715 405715 405715 405715 405715 405715 405715 405715 405715 405715 405715 405715 405715 -9999 -9999 405715 405715 -9999 -9999 -9999 -9999 -9999 -9999 -9999 -9999 -9999 -9999 -9999 -9999 -9999 -9999 -9999 -9999 -9999 -9999 -9999 -9999 -9999
474908 474908 474908 474908 474908 474908 474908 474908 474908 474908 474908 474908 474908 474908 474908 474908 474908 474908 474908 460042 432203 413013 416256 407337 409769 405715 405715 405715 405715 405715 405715 352004 340856 323121 358591 405715 405715 405715 405715 405715 405715 405715 405715 405715 405715 405715 405715 405715 405715 405715 405715 405715 405715 405715 -9999 -9999 -9999 -9999 -9999 -9999 -9999 -9999 -9999 -9999 -9999 -9999 -9999 -9999 -9999 -9999 -9999 -9999 -9999 -9999 -9999 -9999 -9999 -9999 -9999 -9999
474908 474908 474908 474908 474908 474908 474908 452647 356181 263426 207772 207772 281977 413235 468421 473827 457610 435987 414364 408958 405715 405715 405715 405715 405715 405715 405715 405715 405715 405715 405715 405715 405715 405715 405715 405715 405715 405715 405715 405715 405715 405715 405715 405715 405715 405715 405715 405715 405715 405715 405715 405715 405715 405715 -9999 -9999 -9999 -9999 -9999 -9999 -9999 -9999 -9999 -9999 -9999 -9999 -9999 -9999 -9999 -9999 -9999 -9999 -9999 -9999 -9999 -9999 -9999 -9999 -9999 -9999
474908 474908 474908 474908 382153 178091 113162 24116.4 0 0 0 0 0 109353 408418 409769 405715 405715 405715 405715 405715 405715 405715 405715 405715 405715 405715 405715 405715 405715 405715 405715 405715 405715 405715 405715 405715 405715 405715 405715 405715 405715 405715 405715 405715 405715 405715 405715 405715 405715 405715 405715 405715 405715 -9999 -9999 -9999 -9999 -9999 -9999 -9999 -9999 -9999 -9999 -9999 -9999 -9999 -9999 -9999 -9999 -9999 -9999 -9999 -9999 -9999 -9999 -9999 -9999 -9999 -9999
474908 474908 348761 111307 0 0 0 0 0 0 0 0 0 0 285268 405715 405715 405715 405715 405715 405715 405715 405715 405715 405715 405715 405715 405715 405715 405715 405715 405715 405715 405715 405715 405715 405715 405715 405715 405715 405715 405715 405715 405715 405715 405715 405715 405715 405715 405715 405715 405715 405715 405715 -9999 -9999 -9999 -9999 -9999 -9999 -9999 -9999 -9999 -9999 -9999 -9999 -9999 -9999 -9999 -9999 -9999 -9999 -9999 -9999 -9999 -9999 -9999 -9999 -9999 -9999
474908 474908 265281 0 0 0 0 0 0 0 0 0 0 0 126786 405715 405715 405715 405715 405715 405715 405715 405715 405715 405715 405715 405715 405715 405715 405715 405715 405715 405715 405715 405715 405715 405715 405715 405715 405715 405715 405715 405715 405715 405715 405715 405715 405715 405715 405715 405715 405715 405715 405715 -9999 -9999 -9999 -9999 -9999 -9999 -9999 -9999 -9999 -9999 -9999 -9999 -9999 -9999 -9999 -9999 -9999 -9999 -9999 -9999 -9999 -9999 -9999 -9999 -9999 -9999
474908 474908 144699 0 0 0 0 0 0 0 0 0 0 0 126786 405715 405715 405715 405715 405715 405715 405715 405715 405715 405715 405715 405715 405715 405715 405715 405715 405715 405715 405715 405715 405715 405715 405715 405715 405715 405715 405715 405715 405715 405715 405715 405715 405715 405715 405715 405715 405715 405715 405715 405715 -9999 -9999 -9999 -9999 -9999 -9999 -9999 -9999 -9999 -9999 -9999 -9999 -9999 -9999 -9999 -9999 -9999 -9999 -9999 -9999 -9999 -9999 -9999 -9999 -9999
474908 460067 66783.9 0 0 0 0 0 0 0 0 0 0 0 126786 405715 405715 405715 405715 405715 405715 405715 405715 405715 405715 405715 405715 405715 405715 405715 405715 405715 405715 405715 405715 405715 405715 405715 405715 405715 405715 405715 405715 405715 405715 405715 405715 405715 405715 405715 405715 405715 405715 405715 405715 -9999 -9999 -9999 -9999 -9999 -9999 -9999 -9999 -9999 -9999 -9999 -9999 -9999 -9999 -9999 -9999 -9999 -9999 -9999 -9999 -9999 -9999 -9999 -9999 -9999
474908 341340 74204.4 83479.9 55653.3 0 0 0 37102.2 194786 343195 296818 296818 296818 324091 405715 405715 405715 405715 405715 405715 405715 405715 405715 405715 405715 405715 405715 405715 405715 405715 405715 405715 405715 405715 405715 405715 405715 405715 405715 405715 405715 405715 405715 405715 405715 405715 405715 405715 405715 405715 405715 405715 405715 405715 -9999 -9999 -9999 -9999 -9999 -9999 -9999 -9999 -9999 -9999 -9999 -9999 -9999 -9999 -9999 -9999 -9999 -9999 -9999 -9999 -9999 -9999 -9999 -9999 -9999
474908 474908 474908 474908 474908 428530 474908 474908 474908 474908 474908 474908 474908 474908 468151 405715 405715 405715 405715 405715 405715 405715 405715 405715 405715 405715 405715 405715 405715 405715 405715 405715 405715 405715 405715 405715 405715 405715 405715 405715 405715 405715 405715 405715 405715 405715 405715 405715 405715 405715 405715 405715 405715 405715 -9999 -9999 -9999 -9999 -9999 -9999 -9999 -9999 -9999 -9999 -9999 -9999 -9999 -9999 -9999 -9999 -9999 -9999 -9999 -9999 -9999 -9999 -9999 -9999 -9999 -9999
474908 474908 474908 474908 474908 474908 474908 474908 474908 474908 474908 474908 474908 474908 474908 420581 405715 405715 405715 405715 405715 405715 405715 405715 405715 405715 405715 405715 405715 405715 405715 405715 405715 405715 405715 405715 405715 405715 405715 405715 405715 405715 405715 405715 405715 405715 405715 405715 405715 405715 405715 405715 405715 -9999 -9999 -9999 -9999 -9999 -9999 -9999 -9999 -9999 -9999 -9999 -9999 -9999 -9999 -9999 -9999 -9999 -9999 -9999 -9999 -9999 -9999 -9999 -9999 -9999 -9999 -9999
474908 474908 474908 474908 474908 474908 474908 474908 474908 474908 474908 474908 474908 474908 474908 472746 414364 405715 405715 405715 405715 405715 405715 405715 405715 405715 405715 405715 405715 405715 405715 405715 405715 405715 405715 405715 405715 405715 405715 405715 405715 405715 405715 405715 405715 405715 405715 405715 405715 405715 -9999 -9999 -9999 -9999 -9999 -9999 -9999 -9999 -9999 -9999 -9999 -9999 -9999 -9999 -9999 -9999 -9999 -9999 -9999 -9999 -9999 -9999 -9999 -9999 -9999 -9999 -9999 -9999 -9999 -9999
474908 474908 474908 474908 474908 474908 474908 474908 474908 474908 474908 474908 474908 474908 474908 474908 435176 405715 405715 405715 405715 405715 405715 405715 405715 405715 405715 405715 405715 405715 405715 405715 405715 405715 405715 405715 405715 405715 405715 405715 405715 405715 405715 405715 405715 405715 405715 405715 405715 405715 -9999 -9999 -9999 -9999 -9999 -9999 -9999 -9999 -9999 -9999 -9999 -9999 -9999 -9999 -9999 -9999 -9999 -9999 -9999 -9999 -9999 -9999 -9999 -9999 -9999 -9999 -9999 -9999 -9999 -9999
474908 474908 474908 474908 474908 474908 474908 474908 474908 474908 474908 474908 474908 474908 474908 474908 444636 405715 405715 405715 405715 405715 405715 405715 405715 405715 405715 405715 405715 405715 405715 405715 405715 405715 405715 405715 405715 405715 405715 405715 405715 405715 405715 405715 405715 405715 405715 405715 -9999 -9999 -9999 -9999 -9999 -9999 -9999 -9999 -9999 -9999 -9999 -9999 -9999 -9999 -9999 -9999 -9999 -9999 -9999 -9999 -9999 -9999 -9999 -9999 -9999 -9999 -9999 -9999 -9999 -9999 -9999 -9999
474908 474908 474908 474908 474908 474908 474908 474908 474908 474908 474908 474908 474908 474908 473557 446258 405715 405715 405715 405715 405715 405715 405715 405715 405715 405715 405715 405715 405715 405715 405715 405715 405715 405715 405715 405715 405715 405715 405715 405715 405715 405715 405715 405715 405715 405715 405715 -9999 -9999 -9999 -9999 -9999 -9999 -9999 -9999 -9999 -9999 -9999 -9999 -9999 -9999 -9999 -9999 -9999 -9999 -9999 -9999 -9999 -9999 -9999 -9999 -9999 -9999 -9999 -9999 -9999 -9999 -9999 -9999 -9999
474908 474908 474908 474908 474908 474908 474908 474908 474908 474908 474908 474908 474908 474908 441122 405715 405715 405715 405715 405715 405715 405715 405715 405715 405715 405715 405715 405715 405715 405715 405715 405715 405715 405715 405715 405715 405715 405715 405715 405715 405715 405715 405715 405715 405715 405715 -9999 -9999 -9999 -9999 -9999 -9999 -9999 -9999 -9999 -9999 -9999 -9999 -9999 -9999 -9999 -9999 -9999 -9999 -9999 -9999 -9999 -9999 -9999 -9999 -9999 -9999 -9999 -9999 -9999 -9999 -9999 -9999 -9999 -9999
474908 474908 474908 474908 474908 474908 474908 474908 474908 474908 474908 474908 474908 474908 414094 405715 405715 405715 405715 405715 405715 405715 405715 405715 405715 405715 405715 405715 405715 405715 405715 405715 405715 405715 405715 405715 405715 405715 405715 405715 405715 405715 405715 405715 405715 -9999 -9999 -9999 -9999 -9999 -9999 -9999 -9999 -9999 -9999 -9999 -9999 -9999 -9999 -9999 -9999 -9999 -9999 -9999 -9999 -9999 -9999 -9999 -9999 -9999 -9999 -9999 -9999 -9999 -9999 -9999 -9999 -9999 -9999 -9999
474908 474908 474908 474908 474908 474908 474908 474908 474908 474908 474908 474908 474908 470583 418418 405715 405715 405715 405715 405715 405715 405715 405715 405715 405715 405715 405715 405715 405715 405715 405715 405715 405715 405715 405715 405715 405715 405715 405715 405715 405715 405715 405715 405715 405715 -9999 -9999 -9999 -9999 -9999 -9999 -9999 -9999 -9999 -9999 -9999 -9999 -9999 -9999 -9999 -9999 -9999 -9999 -9999 -9999 -9999 -9999 -9999 -9999 -9999 -9999 -9999 -9999 -9999 -9999 -9999 -9999 -9999 -9999 -9999
474908 474908 474908 474908 474908 474908 474908 474908 474908 474908 474908 474908 474908 457610 405715 405715 405715 405715 405715 405715 405715 405715 405715 405715 405715 405715 405715 405715 405715 405715 405715 405715 405715 405715 405715 405715 405715 405715 405715 405715 405715 405715 405715 405715 -9999 -9999 -9999 -9999 -9999 -9999 -9999 -9999 -9999 -9999 -9999 -9999 -9999 -9999 -9999 -9999 -9999 -9999 -9999 -9999 -9999 -9999 -9999 -9999 -9999 -9999 -9999 -9999 -9999 -9999 -9999 -9999 -9999 -9999 -9999 -9999
