public/models/data/input/map/sulut/800/mappop.asc
NCOLS 310
NROWS 227
XLLCORNER 510063.019283
YLLCORNER 210717.685435
CELLSIZE 800.000000
NODATA_VALUE       -9999
[rows 105 to 139 of 227, columns 160 to 239 of 310]
-9999 -9999 -9999 -9999 -9999 -9999 -9999 -9999 -9999 -9999 -9999 -9999 -9999 -9999 -9999 275997 275997 275997 275997 275997 275997 275997 275997 275997 275997 275997 275997 275997 275997 275997 275997 275997 275997 275997 275997 275997 275997 275997 275997 275997 275997 275997 275997 275997 275997 275997 275997 275997 275997 275997 275997 275997 275997 275997 275997 275997 275997 275997 275997 275997 275997 275997 275997 275997 275997 275997 275997 275997 275997 278692 288539 288539 288539 288539 288539 288539 288539 288539 288539 288539
-9999 -9999 -9999 -9999 -9999 -9999 -9999 -9999 -9999 -9999 -9999 -9999 -9999 -9999 -9999 275997 275997 275997 275997 275997 275997 275997 275997 275997 275997 275997 275997 275997 275997 275997 275997 275997 275997 275997 275997 275997 275997 275997 275997 275997 275997 275997 275997 275997 275997 275997 275997 275997 275997 275997 275997 275997 275997 275997 275997 275997 275997 275997 275997 275997 275997 275997 275997 275997 275997 275997 275997 275997 275997 281631 288539 288539 288539 288539 288539 288539 288539 288539 288539 288539
-9999 -9999 -9999 -9999 -9999 -9999 -9999 -9999 -9999 -9999 -9999 -9999 -9999 -9999 275997 275997 275997 275997 275997 275997 275997 275997 275997 275997 275997 275997 275997 275997 275997 275997 275997 275997 275997 275997 275997 275997 275997 275997 275997 275997 275997 275997 275997 275997 275997 275997 275997 275997 275997 275997 275997 275997 275997 275997 275997 275997 275997 275997 275997 275997 275997 275997 275997 275997 275997 275997 275997 275997 275997 285795 288539 288539 288539 288539 288539 288539 288539 288539 288539 288539
-9999 -9999 -9999 -9999 -9999 -9999 -9999 -9999 -9999 -9999 -9999 -9999 -9999 275997 275997 275997 275997 275997 275997 275997 275997 275997 275997 275997 275997 275997 275997 275997 275997 275997 275997 275997 275997 275997 275997 275997 275997 275997 275997 275997 275997 275997 275997 275997 275997 275997 275997 275997 275997 275997 275997 275997 275997 275997 275997 275997 275997 275997 275997 275997 275997 275997 275997 275997 275997 275997 275997 275997 275997 287755 288539 288539 288539 288539 288539 288539 288539 288539 288539 288539
-9999 -9999 -9999 -9999 -9999 -9999 -9999 -9999 -9999 -9999 -9999 -9999 -9999 275997 275997 275997 275997 275997 275997 275997 275997 275997 275997 275997 275997 275997 275997 275997 275997 275997 275997 275997 275997 275997 275997 275997 275997 275997 275997 275997 275997 275997 275997 275997 275997 275997 275997 275997 275997 275997 275997 275997 275997 275997 275997 275997 275997 275997 275997 275997 275997 275997 275997 275997 195139 189748 200529 232872 168186 192441 288539 288539 288539 288539 288539 282903 158922 34940.3 68753.4 51846.9
-9999 -9999 -9999 -9999 -9999 -9999 -9999 -9999 -9999 -9999 -9999 -9999 -9999 275997 275997 275997 275997 275997 275997 275997 275997 275997 275997 275997 275997 275997 275997 275997 275997 275997 275997 275997 275997 275997 275997 275997 275997 275997 275997 275997 275997 275997 275997 275997 275997 275997 135842 243654 275997 275997 275997 275997 275997 275997 275997 275997 273841 269528 258747 258747 275997 252279 156326 37734 0 0 0 0 0 0 95804 255853 288539 288539 277268 140888 0 0 0 0
-9999 -9999 -9999 -9999 -9999 -9999 -9999 -9999 -9999 -9999 -9999 -9999 -9999 275997 275997 275997 275997 275997 275997 275997 275997 275997 275997 275997 275997 275997 275997 275997 275997 275997 275997 275997 275997 275997 275997 275997 275997 275997 275997 275997 275997 275997 275997 275997 265216 243654 77624.2 237185 275997 275997 275997 260903 155248 68999.3 149858 122905 60374.3 43124.5 0 0 68999.3 17249.8 0 0 0 0 0 0 0 0 0 42830 162303 190481 60863.7 0 0 0 0 0
-9999 -9999 -9999 -9999 -9999 -9999 -9999 -9999 -9999 -9999 -9999 -9999 275997 275997 275997 275997 275997 275997 275997 275997 275997 275997 275997 275997 275997 275997 275997 275997 275997 275997 275997 275997 275997 275997 275997 275997 275997 275997 275997 275997 275997 275997 275997 209154 67921.1 3234.34 12937.4 224248 275997 243654 51749.4 29109.1 0 0 0 0 0 0 0 0 0 0 0 0 0 0 0 0 0 0 0 0 0 0 0 0 0 0 0 0
-9999 -9999 -9999 -9999 -9999 -9999 -9999 -9999 -9999 -9999 -9999 -9999 275997 275997 275997 275997 275997 275997 275997 275997 275997 275997 275997 275997 275997 275997 275997 275997 275997 275997 275997 275997 275997 275997 275997 275997 275997 275997 275997 275997 275997 275997 275997 61452.5 0 0 0 44202.6 99186.4 12937.4 0 0 0 0 0 0 0 0 0 0 0 0 0 0 0 0 0 0 0 0 0 0 0 0 0 0 0 0 0 0
-9999 -9999 -9999 -9999 -9999 -9999 -9999 -9999 -9999 -9999 275997 275997 275997 275997 275997 275997 275997 275997 275997 275997 275997 275997 275997 275997 275997 275997 275997 275997 275997 275997 275997 275997 275997 275997 275997 275997 275997 275997 275997 275997 275997 275997 275997 142311 0 0 0 0 0 0 0 0 0 0 0 0 0 0 0 0 0 0 0 0 0 0 0 0 0 0 0 0 0 0 0 0 0 0 0 0
-9999 -9999 -9999 -9999 -9999 -9999 -9999 -9999 -9999 -9999 275997 275997 275997 275997 275997 275997 275997 275997 275997 275997 275997 275997 275997 275997 275997 275997 275997 275997 275997 275997 275997 275997 275997 275997 275997 275997 275997 275997 275997 275997 275997 275997 275997 66843 0 0 0 0 0 0 0 0 0 0 0 0 0 0 0 0 0 0 0 0 0 0 0 0 0 0 0 0 0 0 0 0 0 0 0 0
-9999 -9999 -9999 -9999 -9999 -9999 -9999 -9999 -9999 -9999 275997 275997 275997 275997 275997 275997 275997 275997 275997 275997 275997 275997 275997 275997 275997 275997 275997 275997 275997 275997 275997 275997 275997 275997 275997 275997 275997 275997 275997 275997 275997 275997 275997 215623 7546.79 0 0 0 0 0 0 0 0 0 0 0 0 0 0 0 0 0 0 0 0 0 0 0 0 0 0 0 0 0 0 0 0 0 0 0
-9999 -9999 -9999 -9999 -9999 -9999 -9999 -9999 -9999 -9999 275997 275997 275997 275997 275997 275997 275997 275997 275997 275997 275997 275997 275997 275997 275997 275997 275997 275997 275997 275997 275997 275997 275997 275997 275997 275997 275997 275997 275997 275997 275997 275997 275997 254435 28030.9 0 0 0 0 0 0 0 0 0 0 0 0 0 0 0 0 0 0 0 0 0 0 0 0 0 0 0 0 0 0 0 0 0 0 0
-9999 -9999 -9999 -9999 -9999 -9999 -9999 -9999 -9999 -9999 275997 275997 275997 275997 275997 275997 275997 275997 275997 275997 275997 275997 275997 275997 275997 275997 275997 275997 275997 275997 275997 275997 275997 275997 275997 275997 275997 275997 275997 275997 275997 275997 275997 275997 227482 21562.3 0 0 0 0 0 0 0 0 0 0 0 0 0 0 0 0 0 0 0 0 0 0 0 0 0 0 0 0 0 0 0 0 0 0
-9999 -9999 -9999 -9999 -9999 -9999 -9999 -9999 -9999 275997 275997 275997 275997 275997 275997 275997 275997 275997 275997 275997 275997 275997 275997 275997 275997 275997 275997 275997 275997 275997 275997 275997 275997 275997 275997 275997 275997 275997 275997 275997 275997 275997 275997 232872 49593.2 5390.57 0 0 0 0 0 0 0 0 0 0 0 0 0 0 0 0 0 0 0 0 0 0 0 0 0 0 0 0 0 0 0 0 0 0
-9999 -9999 -9999 -9999 -9999 -9999 -9999 -9999 275997 275997 275997 275997 275997 275997 275997 275997 275997 275997 275997 275997 275997 275997 275997 275997 275997 275997 275997 275997 275997 275997 275997 275997 275997 275997 275997 275997 275997 275997 275997 275997 275997 275997 275997 211310 1078.11 0 0 0 0 0 0 0 0 0 0 0 0 0 0 0 0 0 0 0 0 0 0 0 0 0 0 0 0 0 0 0 0 0 0 0
-9999 -9999 -9999 -9999 -9999 -9999 -9999 -9999 275997 275997 275997 275997 275997 275997 275997 275997 275997 275997 275997 275997 275997 275997 275997 275997 275997 275997 275997 275997 275997 275997 275997 275997 275997 275997 275997 275997 275997 275997 275997 275997 275997 275997 275997 275997 54983.8 0 0 0 0 0 0 0 0 0 0 0 0 0 0 0 0 0 0 0 0 0 0 0 0 0 0 0 0 0 0 0 0 0 0 0
-9999 -9999 -9999 -9999 -9999 -9999 -9999 -9999 275997 275997 275997 275997 275997 275997 275997 275997 275997 275997 275997 275997 275997 275997 275997 275997 275997 275997 275997 275997 275997 275997 275997 275997 275997 275997 275997 275997 275997 275997 275997 275997 275997 275997 275997 275997 189748 0 0 0 0 0 0 0 0 0 0 0 0 0 0 0 0 0 0 0 0 0 0 0 0 0 0 0 0 0 0 0 0 0 0 0
-9999 -9999 -9999 -9999 -9999 -9999 -9999 474908 275997 275997 275997 275997 275997 275997 275997 275997 275997 275997 275997 275997 275997 275997 275997 275997 275997 275997 275997 275997 275997 275997 275997 275997 275997 275997 275997 275997 275997 275997 275997 275997 275997 275997 275997 275997 275997 149858 60374.3 0 0 0 0 0 0 0 0 0 0 0 0 0 0 0 0 0 0 0 0 0 0 0 0 0 0 0 0 0 0 0 0 0
-9999 474908 474908 -9999 -9999 474908 474908 461936 326899 415856 431396 295422 275997 275997 275997 275997 275997 275997 275997 275997 275997 275997 275997 275997 275997 275997 275997 275997 275997 275997 275997 275997 275997 275997 275997 275997 275997 275997 275997 275997 275997 275997 275997 275997 275997 275997 252279 16171.7 0 0 0 0 0 0 0 0 0 0 0 0 0 0 0 0 0 0 0 0 0 0 0 0 0 0 0 0 0 0 0 0
474908 474908 474908 474908 474908 474908 474908 474908 474908 474908 474908 432173 278328 275997 275997 275997 275997 275997 275997 275997 275997 275997 275997 275997 275997 275997 275997 275997 275997 275997 275997 275997 275997 275997 275997 275997 275997 275997 275997 275997 275997 275997 275997 275997 275997 275997 95952.1 0 0 0 0 0 0 0 0 0 0 0 0 0 0 0 0 0 0 0 0 0 0 0 0 0 0 0 0 0 0 0 0 0
474908 474908 474908 474908 474908 474908 474908 474908 474908 474908 474908 474908 403424 343596 343596 291537 275997 275997 275997 275997 275997 275997 275997 275997 275997 275997 275997 275997 275997 275997 275997 275997 275997 275997 275997 275997 275997 275997 275997 275997 275997 275997 275997 275997 275997 275997 106733 0 0 0 0 0 0 0 0 0 0 0 0 0 0 0 0 0 0 0 0 0 0 0 0 0 0 0 0 0 0 0 0 0
474908 474908 474908 474908 474908 474908 474908 474908 474908 474908 474908 474908 474908 474908 474908 454706 291537 275997 275997 275997 275997 275997 275997 275997 275997 275997 275997 275997 275997 275997 275997 275997 275997 275997 275997 275997 275997 275997 275997 275997 275997 275997 275997 275997 275997 275997 85171 0 0 0 0 0 0 0 0 0 0 0 0 0 0 0 0 0 0 0 0 0 0 0 0 0 0 0 0 0 0 0 0 0
474908 474908 474908 474908 474908 474908 474908 474908 474908 474908 474908 474908 474908 474908 474908 469469 335049 275997 275997 275997 275997 275997 275997 275997 275997 275997 275997 275997 275997 275997 275997 275997 275997 275997 275997 275997 275997 275997 275997 275997 275997 275997 275997 275997 275997 270606 47437 0 0 0 0 0 0 0 0 0 0 0 0 0 0 0 0 0 0 0 0 0 0 0 0 0 0 0 0 0 0 0 0 0
474908 474908 474908 474908 474908 474908 474908 474908 474908 474908 474908 474908 474908 474908 474908 474908 457814 287652 275997 275997 275997 275997 275997 275997 275997 275997 275997 275997 275997 275997 275997 275997 275997 275997 275997 275997 275997 275997 275997 275997 275997 275997 275997 275997 275997 275997 68999.3 0 0 0 0 0 0 0 0 0 0 0 0 0 0 0 0 0 0 0 0 0 0 0 0 0 0 0 0 0 0 0 0 0
474908 474908 474908 474908 474908 474908 474908 474908 474908 474908 474908 474908 474908 474908 474908 474908 447713 393323 296976 275997 275997 275997 275997 275997 275997 275997 275997 275997 275997 275997 275997 275997 275997 275997 275997 275997 275997 275997 275997 275997 275997 275997 275997 275997 275997 275997 68999.3 0 0 0 0 0 0 0 0 0 19017.9 4754.47 0 0 0 0 0 0 0 0 0 0 0 0 0 0 0 0 0 0 0 0 0 0
474908 474908 474908 474908 474908 474908 474908 474908 474908 474908 474908 474908 474908 474908 474908 474908 474908 474908 401870 275997 275997 275997 275997 275997 275997 275997 275997 275997 275997 275997 275997 275997 275997 275997 275997 275997 275997 275997 275997 275997 275997 275997 275997 275997 275997 275997 144467 0 0 0 0 0 0 0 0 145804 374019 66562.6 0 0 0 0 0 0 0 0 0 0 0 0 0 0 0 0 0 0 0 0 0 0
474908 474908 474908 474908 474908 474908 474908 474908 474908 474908 474908 474908 474908 474908 474908 474908 474908 474908 312516 275997 275997 275997 275997 275997 275997 275997 275997 275997 275997 275997 275997 275997 275997 275997 275997 275997 275997 275997 275997 275997 275997 275997 275997 275997 275997 275997 241497 0 0 0 123616 242478 226630 329643 290023 405715 331228 0 0 0 0 0 0 0 0 0 0 0 0 0 0 0 0 0 0 0 0 0 -9999 -9999
474908 474908 474908 474908 474908 474908 474908 474908 474908 474908 474908 474908 474908 474908 474908 474908 474908 463253 293091 275997 275997 275997 275997 275997 275997 275997 275997 275997 275997 275997 275997 275997 275997 275997 275997 275997 275997 275997 275997 275997 275997 275997 275997 275997 275997 275997 271685 45280.8 88750.2 347077 405715 405715 405715 405715 405715 405715 228215 0 0 0 0 0 0 0 0 0 0 0 0 0 0 0 0 0 0 0 -9999 -9999 -9999 -9999
474908 474908 474908 474908 474908 474908 474908 474908 474908 474908 474908 474908 474908 474908 474908 474908 474908 439943 277551 275997 275997 275997 275997 275997 275997 275997 275997 275997 275997 275997 275997 275997 275997 275997 275997 275997 275997 275997 275997 275997 275997 275997 275997 275997 275997 275997 275997 297397 339152 405715 405715 405715 405715 405715 405715 405715 228215 0 0 0 0 0 0 0 0 0 0 0 0 0 0 0 0 0 0 0 0 -9999 -9999 -9999
474908 474908 474908 474908 474908 474908 474908 474908 474908 474908 474908 474908 474908 474908 474908 474908 474908 375453 275997 275997 275997 275997 275997 275997 275997 275997 275997 275997 275997 275997 275997 275997 275997 275997 275997 275997 275997 275997 275997 275997 275997 275997 275997 275997 275997 275997 275997 381393 405715 405715 405715 405715 405715 405715 405715 405715 389867 52299.2 0 0 0 0 0 0 0 0 0 0 0 0 0 0 0 0 0 0 0 -9999 -9999 -9999
474908 474908 474908 474908 474908 474908 474908 474908 474908 474908 474908 474908 474908 474908 474908 474908 474908 450044 329610 275997 275997 275997 275997 275997 275997 275997 275997 275997 275997 275997 275997 275997 275997 275997 275997 275997 275997 275997 275997 275997 275997 275997 275997 275997 275997 275997 288158 399634 405715 405715 405715 405715 405715 405715 405715 405715 405715 171161 0 0 0 0 0 0 0 0 0 0 0 0 0 0 0 0 0 0 0 -9999 -9999 -9999
474908 474908 474908 474908 474908 474908 474908 474908 474908 474908 474908 474908 474908 474908 474908 474908 474908 474908 465584 286098 275997 275997 275997 275997 275997 275997 275997 275997 275997 275997 275997 275997 275997 275997 275997 275997 275997 275997 275997 275997 275997 275997 275997 275997 275997 275997 358084 405715 405715 405715 405715 405715 405715 405715 405715 405715 405715 343907 25357.2 0 0 0 0 0 0 0 0 0 0 0 0 0 0 0 -9999 -9999 -9999 -9999 -9999 -9999
474908 474908 474908 474908 474908 474908 474908 474908 474908 474908 474908 474908 474908 474908 474908 474908 474908 474908 474908 288429 275997 275997 275997 275997 275997 275997 275997 275997 275997 275997 275997 275997 275997 275997 275997 275997 275997 275997 275997 275997 275997 275997 275997 275997 275997 305893 401661 405715 405715 405715 405715 405715 405715 405715 405715 405715 405715 358170 50714.4 0 0 0 0 0 0 0 0 0 0 0 0 0 0 0 -9999 -9999 -9999 -9999 -9999 -9999
474908 474908 474908 474908 474908 474908 474908 474908 474908 474908 474908 474908 474908 474908 474908 474908 474908 474908 474908 288429 275997 275997 275997 275997 275997 275997 275997 275997 275997 275997 275997 275997 275997 275997 275997 275997 275997 275997 275997 275997 275997 275997 275997 275997 275997 349977 405715 405715 405715 405715 405715 405715 405715 405715 405715 405715 405715 405715 177500 0 0 0 0 0 0 0 0 0 0 0 0 0 0 0 -9999 -9999 -9999 -9999 -9999 -9999
