public/models/data/input/map/sulut/800/mapslope.asc
NCOLS 310
NROWS 227
XLLCORNER 510063.019283
YLLCORNER 210717.685435
CELLSIZE 800.000000
NODATA_VALUE       -9999
[rows 132 to 164 of 227, columns 73 to 145 of 310]
-9999 -9999 -9999 -9999 -9999 -9999 -9999 -9999 -9999 -9999 -9999 -9999 -9999 -9999 -9999 -9999 -9999 -9999 -9999 -9999 -9999 -9999 -9999 -9999 -9999 -9999 -9999 -9999 -9999 -9999 -9999 -9999 -9999 -9999 -9999 -9999 -9999 -9999 -9999 -9999 -9999 -9999 -9999 -9999 -9999 -9999 -9999 -9999 -9999 -9999 -9999 -9999 -9999 -9999 -9999 -9999 -9999 -9999 -9999 -9999 -9999 -9999 -9999 -9999 -9999 -9999 -9999 -9999 -9999 -9999 -9999 -9999 -9999
-9999 -9999 -9999 -9999 -9999 -9999 -9999 -9999 -9999 -9999 -9999 -9999 -9999 -9999 -9999 -9999 -9999 -9999 -9999 -9999 -9999 -9999 -9999 -9999 -9999 -9999 -9999 -9999 -9999 -9999 -9999 -9999 -9999 -9999 -9999 -9999 -9999 -9999 -9999 -9999 -9999 -9999 -9999 -9999 -9999 -9999 -9999 -9999 -9999 -9999 -9999 -9999 -9999 -9999 -9999 -9999 -9999 -9999 -9999 -9999 -9999 -9999 -9999 -9999 -9999 -9999 -9999 -9999 -9999 -9999 -9999 -9999 -9999
-9999 -9999 -9999 -9999 -9999 -9999 -9999 -9999 -9999 -9999 -9999 -9999 -9999 -9999 -9999 -9999 -9999 -9999 -9999 -9999 -9999 -9999 -9999 -9999 -9999 -9999 -9999 -9999 -9999 -9999 -9999 -9999 -9999 -9999 -9999 -9999 -9999 -9999 -9999 -9999 -9999 -9999 -9999 -9999 -9999 -9999 -9999 -9999 -9999 -9999 -9999 -9999 -9999 -9999 -9999 -9999 -9999 -9999 -9999 -9999 -9999 -9999 -9999 -9999 -9999 -9999 -9999 -9999 -9999 -9999 -9999 -9999 0.0883883
-9999 -9999 -9999 -9999 -9999 -9999 -9999 -9999 -9999 -9999 -9999 -9999 -9999 -9999 -9999 -9999 -9999 -9999 -9999 -9999 -9999 -9999 -9999 -9999 -9999 -9999 -9999 -9999 -9999 -9999 -9999 -9999 -9999 -9999 -9999 -9999 -9999 -9999 -9999 -9999 -9999 -9999 -9999 -9999 -9999 -9999 -9999 -9999 -9999 -9999 -9999 -9999 -9999 -9999 -9999 -9999 -9999 -9999 -9999 -9999 -9999 -9999 -9999 0.592398 0.19655 0.687941 4.39928 -9999 0.380789 0.212671 0.458025 2.14497 7.5372
-9999 -9999 -9999 -9999 -9999 -9999 -9999 -9999 -9999 -9999 -9999 -9999 -9999 -9999 -9999 -9999 -9999 -9999 -9999 -9999 -9999 -9999 -9999 -9999 -9999 -9999 -9999 -9999 -9999 -9999 -9999 -9999 -9999 -9999 -9999 -9999 -9999 -9999 -9999 -9999 -9999 -9999 -9999 -9999 -9999 -9999 -9999 -9999 -9999 -9999 -9999 -9999 -9999 -9999 -9999 -9999 -9999 -9999 -9999 -9999 -9999 0.404435 0.388551 0.360099 0.251171 0.980797 10.0985 6.67116 2.378 0.358854 0.419932 6.8082 18.7193
-9999 -9999 -9999 -9999 -9999 -9999 -9999 -9999 -9999 -9999 -9999 -9999 -9999 -9999 -9999 -9999 -9999 -9999 -9999 -9999 -9999 -9999 -9999 -9999 -9999 -9999 -9999 -9999 -9999 -9999 -9999 -9999 -9999 -9999 -9999 -9999 -9999 -9999 -9999 -9999 -9999 -9999 -9999 -9999 -9999 -9999 -9999 -9999 -9999 -9999 -9999 -9999 -9999 -9999 -9999 -9999 -9999 -9999 -9999 9.95392 9.2789 1.03498 0.483609 0.303381 0.274428 0.353818 4.87507 12.5924 21.391 10.5607 3.81683 13.9573 25.0318
-9999 -9999 -9999 -9999 -9999 -9999 -9999 -9999 -9999 -9999 -9999 -9999 -9999 -9999 -9999 -9999 -9999 -9999 -9999 -9999 -9999 -9999 -9999 -9999 -9999 -9999 -9999 -9999 -9999 -9999 -9999 -9999 -9999 -9999 -9999 -9999 -9999 -9999 -9999 -9999 -9999 -9999 -9999 -9999 -9999 -9999 -9999 -9999 -9999 -9999 1.65 -9999 -9999 -9999 -9999 -9999 -9999 -9999 0.129005 4.91628 17.5554 11.3243 0.507212 0.450131 3.02942 7.04151 1.10841 7.75593 26.0264 32.2695 33.0755 26.4163 24.5953
0.308245 0.519523 -9999 -9999 -9999 -9999 -9999 -9999 -9999 -9999 -9999 -9999 -9999 -9999 -9999 -9999 -9999 -9999 -9999 -9999 -9999 -9999 -9999 -9999 -9999 -9999 -9999 -9999 -9999 -9999 -9999 -9999 -9999 -9999 -9999 -9999 -9999 -9999 -9999 -9999 -9999 -9999 -9999 -9999 -9999 -9999 -9999 -9999 -9999 -9999 1.65 -9999 -9999 -9999 -9999 -9999 0.541431 0.455357 0.272573 0.514164 9.39849 8.46598 0.474073 0.257208 3.12387 11.9015 6.24269 0.7486 7.93843 33.9131 37.9335 31.9277 22.8638
0.506733 0.44391 0.478479 0.721571 0.984277 -9999 -9999 -9999 -9999 -9999 -9999 -9999 -9999 -9999 -9999 -9999 -9999 -9999 -9999 -9999 -9999 -9999 -9999 -9999 -9999 -9999 -9999 -9999 -9999 -9999 -9999 -9999 -9999 -9999 -9999 -9999 -9999 -9999 -9999 -9999 -9999 -9999 -9999 -9999 -9999 -9999 -9999 -9999 -9999 -9999 -9999 -9999 -9999 0.247129 0.309717 0.247413 0.243989 0.301466 0.231719 0.251762 0.739407 1.46835 0.259314 0.790808 0.651119 2.74552 8.18963 2.18258 0.931104 7.32243 36.9945 43.3659 24.8669
0.338378 0.298707 0.220078 0.44499 0.536708 1.24769 5.37662 10.1229 -9999 -9999 -9999 -9999 -9999 -9999 -9999 -9999 -9999 -9999 -9999 -9999 -9999 -9999 -9999 0 0 -9999 -9999 -9999 -9999 -9999 -9999 -9999 -9999 -9999 -9999 -9999 -9999 -9999 -9999 -9999 -9999 -9999 -9999 -9999 -9999 -9999 -9999 -9999 -9999 -9999 0.316561 0.557521 0.237905 0.438403 0.345524 0.570187 0.274917 0.40002 0.843238 4.16612 1.18713 2.87536 1.97812 2.02653 1.33209 0.477014 1.21296 1.58853 0.499826 1.67763 8.686 25.904 45.4275
0.393445 1.13201 0.763841 1.53568 5.397 21.2691 17.3847 12.8238 27.1256 20.7571 7.56796 -9999 2.93641 4.24995 2.76725 -9999 -9999 -9999 -9999 -9999 -9999 -9999 -9999 0 0 -9999 1.35 -9999 -9999 -9999 -9999 -9999 -9999 -9999 -9999 -9999 -9999 -9999 -9999 -9999 -9999 -9999 -9999 -9999 -9999 -9999 -9999 -9999 0.622272 0.467541 0.325815 0.605452 0.914034 0.561468 0.500137 0.519343 0.680977 0.947146 3.04084 7.82597 8.18289 2.0464 10.1981 13.6589 6.96916 4.69799 5.22892 1.86503 0.57559 0.631303 3.22315 11.3796 27.6784
0.44083 1.08481 2.39171 8.60654 29.0088 33.7906 28.2311 8.16443 23.5396 26.4251 16.2698 8.12746 4.80369 6.7035 9.04765 4.91887 0.799217 -9999 -9999 -9999 -9999 -9999 -9999 -9999 -9999 -9999 1.35 -9999 -9999 -9999 -9999 -9999 -9999 -9999 -9999 -9999 -9999 -9999 -9999 -9999 -9999 -9999 -9999 -9999 -9999 -9999 -9999 1.00451 0.544233 0.267773 0.417746 0.713231 0.879708 1.55633 0.876976 0.665335 0.9223 3.43276 10.7303 14.3706 17.4281 14.8461 23.4005 26.9619 21.2144 16.392 18.5428 13.0891 0.731724 0.558315 1.3171 5.07808 12.5581
4.63591 2.22284 4.46358 12.8575 35.6379 12.4845 25.3564 11.1918 14.2949 15.2741 20.348 17.5223 3.71789 10.9465 8.38258 8.86156 4.56424 -9999 -9999 -9999 -9999 -9999 -9999 -9999 -9999 -9999 -9999 0 -9999 -9999 -9999 -9999 -9999 -9999 -9999 -9999 -9999 -9999 -9999 -9999 -9999 -9999 -9999 6.17439 4.58755 6.36651 11.9909 2.31262 0.216532 0.358345 0.447492 0.431391 0.979507 5.27515 7.69567 2.33787 0.781964 1.19475 6.95067 11.7013 17.9157 17.9204 23.701 23.8098 24.9704 22.3403 17.0856 17.5132 1.89063 1.42105 1.80167 3.6386 3.73783
4.96577 5.27427 6.64743 21.4791 26.5567 27.8212 16.7983 6.4328 7.85712 13.2639 13.0002 13.6545 18.6044 12.488 5.25713 8.35639 7.51364 3.30893 -9999 3.49341 2.6864 -9999 -9999 -9999 2.29447 4.81999 6.57715 -9999 -9999 -9999 -9999 -9999 -9999 -9999 -9999 -9999 -9999 -9999 -9999 -9999 -9999 5.72465 -9999 -9999 -9999 9.65981 13.4364 14.1655 8.73748 0.772573 0.637829 3.13059 1.95426 2.60996 11.3354 7.54911 1.62177 0.795564 0.784633 3.55327 19.1162 19.4199 15.626 21.0952 20.3217 25.0413 16.606 8.89392 14.0825 7.68345 6.63227 10.8038 8.10866
4.07367 10.1775 14.2125 11.4048 17.0105 15.1456 5.70179 11.1342 27.7179 35.6083 36.7136 34.9032 18.3555 31.8583 21.3133 12.502 3.9111 2.72587 0.254951 2.37592 1.39376 0.153659 -9999 -9999 -9999 8.07368 8.29264 10.8161 7.25539 2.8249 -9999 -9999 12.3147 20.2507 -9999 -9999 -9999 -9999 0.336759 0.508747 1.33259 12.3648 18.2691 9.28162 1.57489 5.26901 5.26901 16.0567 7.08856 7.28592 5.71704 5.32986 3.1485 1.27704 1.99722 5.30958 6.70389 4.6671 7.31332 2.31923 2.46173 7.96126 14.3276 17.4396 16.1496 26.3589 13.4338 10.0617 22.8609 22.8918 12.3755 21.1638 22.012
1.64667 1.85732 14.5943 12.2621 16.8106 21.0357 16.0654 20.1258 32.826 28.5641 23.0356 22.0908 29.5909 27.9958 40.7291 30.2395 13.7903 6.41948 1.1526 -9999 0.394165 0.611342 4.40054 -9999 -9999 2.78993 8.52327 12.5229 16.5587 18.2397 3.49019 0.915078 24.0674 25.46 2.21539 0.548657 0.786153 0.24498 0.340535 0.633104 0.962159 9.13201 20.7232 18.4784 10.5662 2.73593 3.50206 4.16642 1.24124 2.84686 5.70495 10.1828 12.0051 13.2684 9.52585 19.332 7.96295 15.5115 22.1772 23.0695 6.60724 5.05778 10.3364 14.898 18.3835 20.7511 17.7051 11.6893 25.3141 28.389 17.2199 31.1865 22.4103
8.04721 4.54936 1.42176 11.1816 21.1021 16.4289 24.2588 13.276 36.9224 35.2939 28.8175 31.398 27.2525 28.4799 36.5617 44.5646 18.9608 14.4402 13.2103 3.28671 1.76073 3.93681 7.29002 6.36023 21.9588 22.6014 28.3232 27.2888 14.7984 21.908 17.3015 0.635818 8.69429 17.533 4.76856 0.328222 0.63809 0.370135 0.624921 0.622278 0.652525 7.718 27.0006 25.2811 18.8749 19.845 11.2636 27.8329 24.2276 14.7295 21.8068 18.4286 20.3374 17.098 27.9295 29.9532 22.3076 12.0599 19.6623 24.1862 17.6068 10.7144 16.98 17.0171 19.2211 18.2811 7.8193 17.7253 22.4883 26.1867 18.0893 35.0577 24.5933
19.0701 16.6668 1.67012 3.68441 24.4437 30.3985 22.2878 19.1432 16.091 25.9751 36.4304 34.9698 36.2676 24.014 26.3773 43.3015 44.6863 35.5359 20.7473 12.6924 6.61733 15.0112 31.3236 29.7692 44.505 30.8241 30.5783 29.6453 25.5679 29.7017 19.9811 0.595137 1.10229 7.13777 1.70841 4.2838 7.18081 4.93514 2.19771 0.459253 0.332447 7.31338 21.8764 29.7169 27.9676 24.925 18.9231 27.6082 31.3899 34.7609 31.5774 26.5041 21.4149 27.53 34.9739 29.2238 20.9626 16.3517 13.0445 12.2886 13.8716 8.75083 13.6489 16.3409 16.8025 9.52595 10.5796 32.1006 24.357 27.6003 20.3704 27.7663 23.2242
12.4458 10.8911 7.70019 7.79306 6.85816 7.95252 29.0685 33.0488 21.0731 25.1835 34.393 31.1771 36.6276 30.6447 18.2677 38.1884 44.9066 46.5144 33.3405 21.993 26.3228 29.279 22.2718 28.6345 28.917 28.6276 35.7042 39.858 19.1768 7.34818 4.10655 1.30438 1.13077 0.557419 6.0717 19.7481 27.6911 27.781 9.8221 0.251797 0.468347 1.32755 5.14802 20.8486 32.3786 34.5109 33.2823 43.5919 46.3383 37.7121 31.0235 25.5138 25.4526 23.6531 32.1013 30.8376 24.1968 14.7354 19.778 22.2501 25.7016 10.4189 8.55055 15.9688 21.8568 13.7837 10.4816 26.392 17.1814 17.0546 17.7615 21.7041 28.8786
14.6945 14.121 11.1645 6.29481 13.7727 15.9108 23.2536 25.4315 26.846 12.0714 32.8403 41.773 45.6242 17.8767 10.9221 8.94237 19.1103 43.1568 50.2709 58.7465 45.6106 42.9923 27.4185 23.3551 30.1416 11.699 28.8325 45.21 20.0394 21.4787 12.5532 14.4282 22.6935 17.0638 8.06711 7.87481 26.0407 26.0477 10.8671 2.37342 11.7703 27.7317 27.8363 30.6778 26.4526 25.3115 21.4088 32.3844 27.8749 28.5606 34.956 41.5974 28.2775 33.2044 47.8052 38.6507 31.1054 27.7661 29.325 29.4491 25.6839 15.1335 6.72722 5.89488 15.0993 17.8947 8.50021 16.3312 22.505 27.5479 27.0467 19.7519 23.4608
27.152 20.7054 12.6748 9.59925 13.6822 20.2569 23.993 23.3893 20.8965 14.5943 27.6892 40.1011 41.7381 17.7798 13.7112 9.97532 8.18444 10.6367 16.8394 31.0225 47.1256 52.2003 61.4581 47.6708 29.6722 17.2048 29.9649 43.4213 41.0127 31.3278 21.4981 25.0763 30.8663 31.4887 28.296 7.00658 16.404 20.0769 4.65488 19.1694 28.1619 29.6519 29.2871 31.1667 26.2396 27.2377 28.6795 29.9151 37.1562 25.5836 34.183 38.6706 31.3749 46.5713 41.6298 34.4473 24.7937 20.6575 25.2562 24.0491 32.6586 28.8197 23.671 10.5533 9.84443 6.5242 12.9768 22.198 15.7397 24.1093 28.4915 26.0504 21.3329
20.2048 26.5035 20.3416 13.4455 20.6677 21.7458 19.8504 10.8801 16.9683 22.4532 16.8661 42.0413 36.7812 16.1801 8.00214 9.09428 8.04608 4.10133 4.18392 11.9908 14.2491 14.413 28.2795 39.7848 37.4201 26.0167 27.5039 30.2981 37.1957 42.6284 35.6121 32.1006 28.5634 27.904 28.6274 29.5721 16.3122 11.613 6.93792 18.8772 28.0577 27.6024 31.8323 31.2662 25.7889 29.2741 25.5371 25.0629 28.9901 34.2175 33.1451 40.0034 29.6583 42.8336 47.4655 48.415 34.8233 30.8766 23.9449 32.2122 28.4599 30.668 25.0826 15.8598 17.626 19.3605 5.22465 17.0411 16.0638 15.5513 14.0794 27.222 20.0559
26.1634 25.7689 34.5736 13.5046 22.0054 26.2588 16.2004 17.1788 20.0575 25.7811 15.6326 27.511 34.2463 42.715 22.9493 9.06783 8.06052 4.20416 7.99365 11 15.7179 10.6353 12.8688 15.4118 44.6102 22.5255 28.8806 31.1135 28.3912 17.34 34.021 33.4246 21.3876 24.17 29.2235 35.7663 33.5928 35.3411 34.5138 30.5284 13.439 11.9654 28.4543 38.2016 36.9166 34.8852 32.642 37.2466 39.192 37.001 33.419 34.5423 36.325 27.3168 38.8436 36.2839 36.5345 40.6074 29.963 33.5407 24.2584 21.1438 24.5799 17.0801 14.3115 21.7683 14.634 7.53821 8.42695 16.5929 13.6972 14.4172 22.4347
23.1969 35.8595 28.8319 26.7608 19.3351 33.6271 27.8936 23.736 17.8161 16.9664 11.937 38.0318 28.9435 29.0016 31.7917 6.87889 9.19645 10.5387 11.2244 13.0604 8.58005 9.98106 9.27593 13.9955 31.6449 22.7506 16.1277 23.8864 31.9586 18.7624 11.2401 19.2741 22.8354 29.919 26.9472 15.2883 31.001 37.2042 39.2761 43.3634 30.1231 11.8754 34.2917 33.8969 39.6159 39.5643 36.8854 37.5186 30.5212 37.2052 34.3619 48.1099 47.2343 38.9365 44.7518 34.1602 27.6017 30.4614 30.6583 35.3381 29.8904 30.2488 32.4543 23.5898 20.6315 26.4149 18.6878 19.0999 7.89454 13.5024 21.4856 21.6572 25.6004
14.752 19.7879 28.6641 26.1236 28.9421 31.9234 34.075 38.9374 27.4986 19.0891 18.8437 22.9339 31.1233 40.1876 17.3964 7.30548 6.22687 13.793 14.6251 8.66799 5.26254 9.23504 8.57468 12.6027 19.4334 22.136 18.8146 20.821 23.9429 16.6453 16.9175 20.0298 13.2155 17.494 26.3635 26.2076 18.1057 19.8542 17.9099 38.7856 34.2815 15.0604 14.4716 29.4639 29.9741 37.9862 52.5769 39.951 36.7111 26.9869 26.2898 23.713 34.4964 43.7156 24.1763 29.7129 37.5624 43.5942 44.8842 38.4152 38.1036 29.866 30.5148 23.6004 30.8126 22.1154 25.9591 27.3439 13.1642 17.3711 15.3001 26.3958 24.5066
9.07981 19.5475 29.2154 31.8739 30.0416 33.459 26.5279 43.8988 25.0828 20.3151 18.5044 25.9398 20.8563 46.0977 30.2786 5.38009 12.4534 10.4862 5.34711 4.99245 5.98518 10.4698 10.3492 19.5346 17.8719 23.3455 20.2455 26.0702 29.5189 26.1677 32.5954 32.7632 32.016 21.0319 18.791 17.496 21.4489 16.2191 21.7934 36.4371 35.3298 24.3622 24.2958 35.2772 29.2696 35.1419 27.3646 28.2066 33.7223 26.7962 24.7509 30.982 28.4804 35.9079 47.1362 52.1004 39.6353 23.1968 22.8691 34.6569 24.4239 31.9451 29.3417 24.6285 30.7466 25.368 23.2932 36.6264 16.4831 28.9149 26.9559 18.4351 15.182
23.0017 24.0207 10.8664 23.6681 27.82 22.6357 31.8605 27.2349 23.1936 20.269 14.9577 22.4591 32.8839 34.2728 41.4258 17.9338 28.0953 16.8718 20.576 15.0592 7.21352 8.74713 12.5863 20.482 22.675 19.1435 29.8926 7.03489 14.4794 20.8126 16.2709 12.8216 38.0416 29.1025 10.9669 14.7947 20.3298 14.0892 16.4397 28.9036 27.3944 30.4993 35.2676 43.9106 34.7191 37.8668 31.901 27.1298 31.0277 36.3368 39.7749 33.7902 37.4865 39.1131 31.7039 24.1619 30.2466 24.9821 32.4401 34.5524 29.928 39.4425 35.0759 44.5021 35.7172 29.5196 19.7482 21.1341 17.4307 32.6474 29.0367 23.3065 10.7221
16.8219 17.1045 19.6658 12.3071 18.5491 23.1431 31.9581 26.2059 30.3532 23.2264 19.801 17.8638 27.2607 34.6608 23.8808 21.376 28.7023 30.1948 19.0194 14.1626 12.9933 12.9034 17.8545 17.1644 17.1103 21.7746 11.1361 4.91964 3.303 2.53365 5.19111 10.0172 21.0202 38.2463 19.2826 10.6035 15.7824 18.0127 8.644 20.1086 24.3817 23.8879 29.9936 35.7936 44.3566 39.0964 35.0491 32.0364 33.0767 41.3534 28.4795 41.2219 40.428 39.5332 22.9108 19.3035 24.6548 31.9648 40.9789 38.3796 36.9022 37.994 49.0019 50.4709 41.7429 38.0036 27.7043 37.9029 16.8359 33.1963 19.0363 18.207 19.233
27.4007 25.9898 18.3809 12.9567 13.7332 8.40625 5.87497 9.94171 35.4359 34.3528 24.2614 23.7375 21.3802 26.7443 27.4947 28.6212 28.6555 20.062 10.7653 16.0733 18.0067 24.7897 23.3602 30.0247 19.5031 27.5922 19.4381 3.50976 2.90499 2.91498 4.77753 6.55081 4.20638 23.9755 50.7343 21.3727 16.7751 16.6345 13.986 18.1396 30.8582 24.7714 21.2924 16.5052 24.6091 37.3735 38.5691 33.0353 33.8402 36.9602 37.3866 31.7487 22.4571 12.76 22.1077 18.8813 26.8964 28.539 26.782 30.941 30.31 34.7418 42.1913 31.9226 48.132 31.2204 35.1956 48.6156 19.7715 26.0712 22.4187 18.1784 15.7604
24.6573 24.5356 30.3586 18.8235 14.0808 13.5738 10.9869 7.96438 9.81968 19.0033 26.8235 26.9719 22.1547 15.0709 16.3227 17.8609 15.859 27.5464 32.6409 30.1232 27.5747 31.5587 35.7489 31.3074 27.321 45.7552 19.4566 6.68068 2.4343 3.97845 5.45262 4.58808 6.56116 14.8453 20.0455 42.6729 25.4619 15.5356 18.1544 21.0691 22.2462 32.7052 26.6734 23.1393 32.8897 28.758 27.3647 35.5975 40.8291 38.857 39.4864 32.6366 27.3197 14.7669 11.5816 17.8138 25.0612 18.8694 17.0344 12.2664 25.9669 23.3446 27.3369 22.0968 37.1763 31.2075 38.9454 40.4393 27.4672 37.7974 27.6115 11.8844 9.88845
25.031 26.3727 28.98 27.2122 21.4391 12.907 9.53987 11.1314 12.641 10.1753 12.2145 14.9188 15.8399 13.9909 24.8539 19.6161 23.1434 22.4623 21.9491 21.7618 19.0552 21.619 27.3408 32.3329 28.8623 37.3474 35.8598 25.0159 6.86265 3.40427 5.35327 5.15456 15.6484 15.0034 13.9622 14.7361 51.3627 19.3988 15.5065 16.1307 20.1145 20.0983 18.9713 24.9286 29.7676 33.1472 29.4696 23.4905 27.4982 28.453 34.8122 31.4414 25.7091 13.6113 14.0697 26.4221 23.9827 19.4131 18.3696 21.7349 28.1038 20.1894 23.4984 28.9923 30.5494 29.0513 30.0842 31.7588 21.7518 41.1296 17.8846 14.5072 10.6632
22.8169 36.7679 24.8512 27.4419 18.5828 14.8079 17.8147 22.677 20.3017 17.4241 14.6866 18.043 16.0986 13.0403 14.2399 23.2294 17.9839 18.7545 10.0492 9.3117 22.5537 26.4784 35.3545 28.3467 22.6128 27.6594 23.4391 38.0449 14.563 9.20945 4.51616 5.31826 17.8835 13.0328 9.61053 9.55213 38.8202 43.3493 15.6798 16.1717 18.5155 17.148 17.9478 21.4077 22.2315 26.5981 24.1588 31.9924 31.3309 27.94 27.7861 26.9947 19.5159 17.3059 21.0232 26.7594 36.7984 39.2356 28.0129 34.6523 20.0756 13.8758 18.2476 21.3324 29.8425 45.403 35.5025 41.0057 19.8092 41.9851 21.1854 16.3435 21.9583
16.6469 41.4279 28.7212 27.7184 19.5514 17.0552 15.0322 13.2009 12.7842 18.2514 16.6654 13.8166 16.9395 17.7974 14.149 19.3247 13.9227 12.0901 9.08202 7.19224 24.5269 23.6071 34.4276 39.4977 37.7423 28.7811 27.5171 39.8107 14.3441 8.42679 7.90061 12.4933 16.7904 21.4674 18.5563 15.2896 53.4151 41.5467 52.3535 31.8217 18.7762 17.644 20.1338 20.5428 13.4565 18.3509 12.2305 16.825 15.4169 18.8803 25.3866 28.1322 18.083 22.3382 17.4662 36.3315 40.7363 34.0802 43.6032 35.7685 36.1636 33.5721 19.1481 30.2697 29.3725 30.6048 31.917 44.4843 26.6348 40.6653 28.0762 19.6776 17.8726
