public/models/data/input/map/sulut/800/mapslope.asc
NCOLS 310
NROWS 227
XLLCORNER 510063.019283
YLLCORNER 210717.685435
CELLSIZE 800.000000
NODATA_VALUE       -9999
[rows 99 to 131 of 227, columns 146 to 218 of 310]
-9999 -9999 -9999 -9999 -9999 -9999 -9999 -9999 -9999 -9999 -9999 -9999 -9999 -9999 -9999 -9999 -9999 -9999 -9999 -9999 -9999 -9999 -9999 -9999 -9999 -9999 -9999 -9999 -9999 -9999 -9999 -9999 -9999 -9999 -9999 -9999 2.12104 3.03417 2.99206 3.27507 2.00608 0.989598 0.912575 0.569811 0.794479 0.89352 0.754775 0.463258 0.729105 1.18129 1.20924 1.3173 2.66562 4.36649 7.64341 7.19383 7.40104 9.81473 6.66843 1.16896 3.42176 5.19258 7.85773 8.11841 6.7099 8.50433 7.53106 9.60868 9.39712 5.17152 7.72032 6.72677 6.04227
-9999 -9999 -9999 -9999 -9999 -9999 -9999 -9999 -9999 -9999 -9999 -9999 -9999 -9999 -9999 -9999 -9999 -9999 -9999 -9999 -9999 -9999 -9999 -9999 -9999 -9999 -9999 -9999 -9999 -9999 -9999 -9999 2.00874 3.61913 4.25201 5.08925 5.94002 4.25383 7.26364 3.93076 3.63327 4.8967 3.12139 2.45648 0.931794 2.29438 7.90339 4.12821 1.41124 2.55295 1.94462 3.13088 7.19281 7.66496 7.78091 8.77514 7.28689 8.02593 9.95145 6.4877 8.26137 7.21353 7.85936 7.08933 6.41779 6.5085 6.81913 5.99459 6.17464 5.86072 7.75791 6.99871 7.62515
-9999 -9999 -9999 -9999 -9999 -9999 -9999 -9999 -9999 -9999 -9999 -9999 -9999 -9999 -9999 -9999 -9999 -9999 -9999 -9999 -9999 -9999 -9999 -9999 -9999 -9999 -9999 -9999 -9999 -9999 2.37814 2.16794 6.83649 9.80736 10.6074 6.84372 12.0633 11.185 9.54943 4.06756 4.37293 4.98777 4.54357 3.11396 1.23417 2.2388 9.54949 7.94256 4.38887 4.00992 2.49985 7.73264 7.7522 7.56862 6.83303 9.29805 8.32776 7.3264 8.32446 11.501 10.7797 7.58596 7.43198 6.68044 6.71429 7.00543 7.82426 4.92575 7.50619 7.18675 8.71162 7.60136 6.47515
-9999 -9999 -9999 -9999 -9999 -9999 -9999 -9999 -9999 -9999 -9999 -9999 -9999 -9999 -9999 -9999 -9999 -9999 -9999 -9999 -9999 -9999 -9999 -9999 -9999 -9999 -9999 -9999 0.470704 4.11658 7.21213 8.92214 15.8975 9.31995 16.2394 10.0319 16.6484 13.6043 10.0153 4.85478 3.98572 5.04698 12.4947 11.3869 4.27106 2.98492 6.55444 5.06031 4.34948 3.61681 4.25911 10.1957 10.8395 9.19606 6.71273 9.28813 9.05771 6.95872 6.85728 9.72234 13.859 8.78142 10.4717 6.25037 4.58138 5.52565 7.74212 6.70304 8.59081 8.76964 7.13286 5.20122 5.52883
-9999 -9999 -9999 -9999 -9999 -9999 -9999 -9999 -9999 -9999 -9999 -9999 -9999 -9999 -9999 -9999 -9999 -9999 -9999 -9999 -9999 -9999 -9999 -9999 -9999 -9999 -9999 -9999 4.775 15.7441 16.4381 14.5586 13.9767 8.45436 11.8047 16.9363 10.9243 13.3944 11.1385 9.49989 5.72582 8.10517 20.326 26.9734 7.42369 8.51314 6.75333 3.82837 4.31563 5.77133 4.9027 16.4522 14.4857 12.7009 18.8166 14.0312 5.85262 6.3255 5.11731 6.98663 15.6436 10.68 8.32083 10.613 9.01838 8.39147 7.67081 7.61729 9.55483 11.2085 9.12687 9.60771 6.82992
-9999 -9999 -9999 -9999 -9999 -9999 -9999 -9999 -9999 -9999 -9999 -9999 -9999 -9999 -9999 -9999 -9999 -9999 -9999 -9999 -9999 -9999 -9999 -9999 -9999 -9999 -9999 -9999 8.69264 21.604 13.598 16.208 15.9863 15.3457 14.5393 14.0293 9.63871 11.6993 10.2655 12.257 5.91178 8.01166 16.8057 19.9571 20.2802 14.748 6.53253 7.71375 8.04393 7.8225 7.88841 16.7989 10.6235 16.4353 17.4171 10.5904 5.37407 6.44442 6.56699 18.0996 17.7114 11.6574 9.47467 8.92576 6.21714 9.13052 8.23819 10.3552 10.3292 12.7639 7.72527 11.1879 6.27086
-9999 -9999 -9999 -9999 -9999 -9999 -9999 -9999 -9999 -9999 -9999 -9999 -9999 -9999 -9999 -9999 -9999 -9999 -9999 -9999 -9999 -9999 -9999 -9999 -9999 -9999 -9999 -9999 -9999 9.66401 19.0714 21.2002 22.3783 21.7212 14.676 15.3052 13.8036 15.1937 11.5509 9.96687 11.7574 8.77672 15.1065 11.8974 11.7761 11.4871 9.72804 9.37511 11.4689 10.3687 10.2754 16.504 8.19267 15.9834 8.51625 14.2222 5.54274 9.12129 7.14534 18.0887 13.2173 15.923 6.95883 7.77991 5.80544 6.8935 7.95722 8.67286 11.7999 9.12083 8.02327 7.93188 10.9898
-9999 -9999 -9999 -9999 -9999 -9999 -9999 -9999 -9999 -9999 -9999 -9999 -9999 -9999 -9999 -9999 -9999 -9999 -9999 -9999 -9999 -9999 -9999 -9999 -9999 -9999 -9999 -9999 -9999 1.79891 6.37524 22.4122 27.817 16.9657 14.8535 16.2968 12.0727 16.4422 14.4141 13.1637 10.6302 15.4195 14.5681 8.6179 13.2996 15.7947 12.1437 16.1643 15.6625 10.247 16.0855 15.9518 7.21553 7.78627 13.0656 13.7462 9.98215 7.61695 8.60251 18.8071 16.6719 15.9845 7.55838 7.39617 6.46241 6.56476 8.71398 6.82209 7.13971 5.42383 6.79355 7.83227 7.51739
-9999 -9999 -9999 -9999 -9999 -9999 -9999 -9999 -9999 -9999 -9999 -9999 -9999 -9999 -9999 -9999 -9999 -9999 -9999 -9999 -9999 -9999 -9999 -9999 -9999 -9999 -9999 -9999 8.51488 12.4589 14.0801 12.3986 23.7933 15.6312 16.4098 16.0337 10.8199 16.3569 19.068 8.5847 11.4611 19.6837 21.7432 19.9385 14.9657 17.4312 14.9788 31.7034 24.2659 14.0712 19.1199 7.22827 9.0408 6.1669 5.08905 15.0685 11.3048 9.75616 19.4298 16.1181 12.0893 16.7948 11.3911 8.64231 6.13492 4.3025 6.84808 8.36564 4.94239 5.43229 8.71558 9.11565 9.71081
-9999 -9999 -9999 -9999 -9999 -9999 -9999 -9999 -9999 -9999 -9999 -9999 -9999 -9999 -9999 -9999 -9999 -9999 -9999 -9999 -9999 -9999 -9999 -9999 -9999 -9999 -9999 1.96576 16.1455 23.3508 19.8282 21.1141 33.5059 15.8204 20.1532 14.9156 14.4882 15.8483 14.4441 9.21716 11.9411 17.3938 29.8668 29.9191 14.3897 14.4018 25.1763 19.169 22.8584 22.8316 17.4384 10.2352 7.40971 7.64056 6.68362 6.29931 12.0367 18.7612 14.4863 14.337 10.9681 16.6666 13.1187 8.96396 7.01867 5.57973 5.72275 8.76566 11.0231 9.93268 8.57084 7.21543 7.27813
-9999 -9999 -9999 -9999 -9999 -9999 -9999 -9999 -9999 -9999 -9999 -9999 -9999 -9999 -9999 -9999 -9999 -9999 -9999 -9999 -9999 -9999 -9999 -9999 -9999 -9999 -9999 1.6443 8.61978 15.7096 14.7353 24.4177 32.1841 26.9638 11.2361 14.5718 14.2341 11.3846 7.73211 8.1791 10.9432 16.5671 26.4391 19.6593 18.1303 22.7364 18.2183 9.7774 11.5118 17.3141 13.0774 8.75849 8.72793 9.96257 14.0771 11.571 11.3061 14.4305 10.3764 13.0075 14.9153 13.3005 10.6871 10.7589 5.97648 5.98463 6.02967 6.15687 8.22401 14.9959 11.5482 11.2363 7.55881
-9999 -9999 -9999 -9999 -9999 -9999 -9999 -9999 -9999 -9999 -9999 -9999 -9999 -9999 -9999 -9999 -9999 -9999 -9999 -9999 -9999 -9999 -9999 -9999 -9999 -9999 -9999 1.36108 2.05988 10.174 14.4917 19.9096 17.5482 20.1431 18.1533 15.865 14.8852 6.02658 7.45534 9.26783 12.4922 12.8114 13.6083 15.9301 21.3731 11.0139 9.42406 9.026 6.4843 14.2404 10.7765 9.4146 17.0776 19.7626 21.9728 12.8152 7.65346 10.408 8.68402 11.8949 18.3059 12.7082 10.3577 13.4524 9.83401 6.44773 8.25205 8.30278 7.13482 7.50263 9.84979 10.2288 7.02432
-9999 -9999 -9999 -9999 -9999 -9999 -9999 -9999 -9999 -9999 -9999 -9999 -9999 -9999 -9999 -9999 -9999 -9999 -9999 -9999 -9999 -9999 -9999 -9999 -9999 -9999 -9999 1.72123 2.30375 4.18112 10.6174 18.5414 12.7191 15.4158 14.8872 12.8753 9.17688 8.39526 10.2422 13.1776 17.1884 15.1631 18.7918 24.902 19.9503 6.8898 10.6152 10.8459 9.95769 11.2446 9.73518 11.3652 17.2841 19.9064 17.9795 17.3411 10.2486 12.156 13.2294 14.6971 13.7092 7.66379 8.00564 8.63889 12.876 12.3245 7.9478 7.62257 7.637 9.5715 5.80503 5.59652 5.16617
-9999 -9999 -9999 -9999 -9999 -9999 -9999 -9999 -9999 -9999 -9999 -9999 -9999 -9999 -9999 -9999 -9999 -9999 -9999 -9999 -9999 -9999 -9999 -9999 -9999 -9999 1.02813 0.796735 3.48716 6.37997 5.11004 6.73963 9.02914 10.1954 8.60792 10.5237 8.63494 12.9536 16.0488 19.9484 21.7546 24.1531 20.6158 21.0187 11.1727 12.3089 11.8308 11.8524 8.77409 12.5932 11.8082 15.5873 7.14165 8.2339 8.76144 10.8865 22.1861 18.2857 15.7211 16.1602 17.9685 8.00051 5.39129 6.14501 7.70884 10.5219 5.96734 7.66755 6.27518 6.05748 6.02094 7.35044 9.56109
-9999 -9999 -9999 -9999 -9999 -9999 -9999 -9999 -9999 -9999 -9999 -9999 -9999 -9999 -9999 -9999 -9999 -9999 -9999 -9999 -9999 -9999 -9999 -9999 -9999 -9999 1.99741 4.51016 13.3521 17.4913 10.8856 11.9572 18.0655 16.4361 6.58978 11.8186 13.7726 19.0734 27.3117 28.6897 22.3691 25.1658 27.482 29.7731 13.6239 10.9774 10.4276 9.48788 7.32465 12.4445 11.9648 11.2366 5.34895 6.60544 8.6689 11.8465 27.8193 22.3544 19.6177 17.4916 19.0986 12.1828 8.86483 6.75214 7.28325 11.1515 4.43782 6.35721 5.75603 4.97815 4.52733 7.06429 7.772
-9999 -9999 -9999 -9999 -9999 -9999 -9999 -9999 -9999 -9999 -9999 -9999 -9999 -9999 -9999 -9999 -9999 -9999 -9999 -9999 -9999 -9999 -9999 -9999 2.32457 1.89946 7.47184 11.5227 12.705 11.2442 12.2917 23.6252 20.2924 21.852 8.21904 14.8436 12.51 18.3095 26.2791 31.0817 36.0841 31.6373 19.1219 28.3956 10.8662 10.8504 11.769 8.71111 10.436 13.0106 12.3502 4.1116 5.58112 7.54951 13.971 10.927 18.5889 16.6312 16.6724 8.29014 21.7478 12.9272 9.89028 10.6329 8.42151 10.6032 6.02278 6.62029 4.94517 3.81577 3.70914 4.85848 2.99608
-9999 -9999 -9999 -9999 -9999 -9999 -9999 -9999 -9999 -9999 -9999 -9999 -9999 -9999 -9999 -9999 -9999 -9999 -9999 -9999 -9999 -9999 -9999 -9999 5.23584 6.18863 15.1317 17.254 14.7283 12.0081 25.8537 21.2808 27.2644 13.4861 9.06059 15.6431 17.6257 22.4692 33.0725 33.7822 33.7755 25.481 21.6935 18.0276 11.8906 10.717 7.77402 11.431 13.9954 9.48755 7.07976 3.40546 5.20093 6.83194 9.52104 8.48898 19.083 17.0697 12.5389 9.21464 13.769 12.3445 8.94616 14.2374 9.71328 10.5616 5.53012 4.82883 5.4389 5.24437 2.8127 3.18876 3.36965
-9999 -9999 -9999 -9999 -9999 -9999 -9999 -9999 -9999 -9999 -9999 -9999 -9999 -9999 -9999 -9999 -9999 -9999 -9999 -9999 -9999 -9999 -9999 -9999 6.02134 13.3459 20.231 16.3405 21.9209 15.7722 26.1138 27.4628 24.6294 10.8825 11.7067 19.9886 24.7584 34.5355 41.1374 23.9007 32.6248 28.9605 23.4567 15.5243 12.327 9.30313 8.93841 12.1032 12.8287 8.84043 5.10912 3.65457 4.93388 7.04063 8.46028 10.3173 17.0214 14.4645 17.7689 12.5589 10.2729 13.0986 11.4205 17.3445 13.5327 9.60977 5.90871 8.02492 7.52997 6.18228 1.90871 3.25704 4.05593
-9999 -9999 -9999 -9999 -9999 -9999 -9999 -9999 -9999 -9999 -9999 -9999 -9999 -9999 -9999 -9999 -9999 -9999 -9999 -9999 -9999 -9999 -9999 -9999 7.98946 15.9677 23.9782 22.4704 29.0915 22.5647 17.845 22.286 13.4957 6.03669 10.5178 15.6521 23.3064 35.1092 36.3786 30.9929 22.3484 11.7025 11.3474 11.3869 10.0444 7.75248 9.98835 9.71904 7.59432 7.9656 3.85613 6.50351 4.87435 9.10882 14.2428 18.5744 10.8437 17.9415 13.4122 9.64246 10.2788 10.6226 12.9058 13.683 19.3403 14.8915 7.55733 8.40867 9.77499 5.60897 3.4988 2.98979 3.39242
-9999 -9999 -9999 -9999 -9999 -9999 -9999 -9999 -9999 -9999 -9999 -9999 -9999 -9999 -9999 -9999 -9999 -9999 -9999 -9999 -9999 -9999 -9999 -9999 8.10182 22.978 27.0444 24.3537 33.908 38.277 31.0444 15.2488 9.10114 5.77332 9.82378 12.9473 16.5285 26.4183 28.057 19.7164 6.50242 7.71399 7.49442 8.57607 6.39908 6.87268 9.67167 8.10985 5.79427 8.02294 9.97818 13.4275 12.2725 15.8925 17.1942 14.5035 11.4169 17.4045 17.0784 15.4537 10.264 6.29937 15.6992 15.9716 10.8668 14.3706 11.9888 9.09384 10.8653 6.78435 6.98624 1.28421 4.10191
-9999 -9999 -9999 -9999 -9999 -9999 -9999 -9999 -9999 -9999 -9999 -9999 -9999 -9999 -9999 -9999 -9999 -9999 -9999 -9999 -9999 -9999 -9999 3.3728 10.4918 22.4288 28.7891 26.6467 36.0468 29.9834 32.4286 15.4702 8.53918 8.85358 11.5592 14.9638 14.1401 20.0431 16.6864 11.3714 9.7345 6.77766 8.21868 12.9225 5.51097 8.74643 8.37536 6.06962 7.44562 7.50673 10.6536 11.4441 11.6037 14.4884 14.0239 18.4362 15.297 17.6308 16.5035 15.4947 11.5081 9.57419 11.0313 17.4906 12.1989 18.5638 16.5376 9.20039 10.5205 12.8709 14.5792 7.49217 4.66528
-9999 -9999 -9999 -9999 -9999 -9999 -9999 -9999 -9999 -9999 -9999 -9999 -9999 -9999 -9999 -9999 -9999 -9999 -9999 -9999 -9999 -9999 0.333333 7.26224 11.1331 16.3345 23.1899 26.1328 31.2236 40.032 28.2415 19.1508 10.5699 8.41477 13.4116 16.0245 17.1267 19.2954 15.2259 14.2963 18.448 14.1501 22.0844 23.2447 11.5973 7.33851 7.70426 5.52392 7.21614 5.73797 7.15622 14.3654 15.2713 17.6453 13.1212 16.4821 14.9556 17.0405 12.5924 15.1944 10.6608 13.1963 9.11115 13.4195 17.0926 17.2089 19.0078 10.1038 13.6237 16.8853 13.9031 17.5282 12.7749
-9999 -9999 -9999 -9999 -9999 -9999 -9999 -9999 -9999 -9999 -9999 -9999 -9999 -9999 -9999 -9999 -9999 -9999 -9999 -9999 -9999 -9999 0.333333 5.44965 14.4338 16.4913 15.736 19.4227 23.6023 20.7787 20.9734 22.8909 11.482 11.9397 15.5014 14.9483 15.9588 19.0116 13.0729 11.8344 12.5763 11.1884 11.0776 22.3109 17.0413 14.1407 13.2103 7.30457 9.80308 13.6815 16.5139 12.9566 13.4011 13.0428 13.1734 18.3004 15.8701 16.5342 16.2605 15.985 12.5579 12.2549 13.5981 12.8974 13.8738 17.2718 15.2319 18.6169 16.6231 18.0308 15.2461 13.6607 12.1416
-9999 -9999 -9999 -9999 -9999 -9999 -9999 -9999 -9999 -9999 -9999 -9999 -9999 -9999 -9999 -9999 -9999 -9999 -9999 -9999 -9999 -9999 0.232569 5.40114 10.9299 15.069 16.494 21.8347 17.4502 23.1437 20.0852 21.4309 12.5136 18.5381 18.8773 16.8402 14.4956 10.4968 14.7484 13.9095 14.5924 12.8915 24.4749 19.4961 14.9785 11.9514 13.0918 13.4586 11.0177 12.5877 11.0569 8.80396 7.4913 7.64579 14.8201 12.7616 9.39903 16.5447 12.3924 18.2975 14.1541 16.244 14.107 12.6474 12.4132 18.6765 18.5303 14.4708 20.6878 26.362 15.9852 12.4684 15.7003
-9999 -9999 -9999 -9999 -9999 -9999 -9999 -9999 -9999 -9999 -9999 -9999 -9999 -9999 -9999 -9999 -9999 -9999 -9999 -9999 -9999 -9999 0.538386 5.27006 10.035 11.9524 14.8368 23.3898 17.0595 17.4405 19.4402 18.1593 17.6698 22.3242 19.9744 12.9435 12.1281 12.422 14.0795 11.5955 10.6783 8.69732 15.1299 17.2626 15.5671 8.68349 16.0215 11.0505 15.9045 11.2961 9.87313 3.81706 2.49997 9.65389 17.1846 9.46226 5.48859 9.3091 14.7082 14.1809 15.7328 18.9296 20.1836 21.1356 13.6493 12.1866 11.7818 15.0114 22.0628 19.1077 21.2462 12.8994 11.4068
-9999 -9999 -9999 -9999 -9999 -9999 -9999 -9999 -9999 -9999 -9999 -9999 -9999 -9999 -9999 -9999 1.5348 -9999 -9999 -9999 0.643767 0.749968 0.560809 1.67412 2.12562 6.37575 11.3232 19.1433 16.9647 15.4821 19.4079 14.5444 21.3913 17.8077 24.4281 12.2263 10.2094 8.0892 10.6104 10.9998 8.36729 9.99093 16.1572 13.5501 14.3921 19.2432 15.5359 11.5151 6.95854 9.54948 6.23315 3.54475 3.49033 12.3314 12.496 7.59861 5.0107 5.15917 8.56591 14.6761 13.2591 15.2699 15.5124 21.117 17.3323 13.821 13.5512 17.7286 14.4944 20.7393 17.7451 24.6852 14.8477
-9999 -9999 -9999 -9999 -9999 -9999 -9999 -9999 -9999 -9999 1.44087 -9999 -9999 0.505961 2.95625 3.01631 1.15322 0.627243 0.932806 0.735769 0.663968 0.6502 0.877651 1.08787 2.41529 6.26375 8.57501 12.9518 15.8696 30.2931 21.0161 24.606 33.7727 23.9343 17.3474 19.1969 18.0212 19.4189 16.2628 10.8573 14.8634 8.9755 15.2998 18.3836 22.0004 10.5346 10.7744 5.54158 3.2051 3.05936 2.59239 2.16161 3.10607 11.7221 15.2367 11.8436 7.53281 8.40837 6.97318 8.69553 11.6147 19.1573 18.5116 13.6196 23.1519 20.038 16.3911 15.2224 16.9591 16.8443 15.5974 14.1975 24.0643
-9999 -9999 -9999 -9999 -9999 -9999 -9999 -9999 6.68144 6.61193 4.10999 8.15637 3.96937 5.17457 3.1837 1.87898 0.90946 0.490428 0.873691 0.59371 0.764268 2.92154 4.57037 11.8795 13.3078 10.8466 8.03878 8.0872 6.73233 14.7027 15.5997 20.6018 20.5223 24.8331 25.1633 20.1273 19.0713 24.5473 19.2338 11.7648 9.48421 7.81136 19.0527 22.8405 15.6476 9.16975 3.60229 2.13282 1.1278 2.37217 1.82775 2.05439 6.81006 16.4027 14.7356 16.5773 7.49535 10.578 9.4939 10.8902 14.4896 16.8409 16.8956 21.1156 25.7879 27.4568 19.8953 14.6895 13.5431 20.2085 15.6341 18.4686 19.4237
-9999 -9999 -9999 -9999 -9999 -9999 8.41747 10.211 10.5847 12.1956 12.6425 14.5157 11.0187 9.31623 9.38934 1.69817 0.361316 0.317503 2.79365 5.44714 11.219 6.6789 13.0399 18.7124 18.746 23.7999 29.1584 17.834 16.5183 7.76136 26.9858 26.7077 13.5369 10.3744 18.4986 25.7137 16.1148 19.1207 19.8381 16.981 13.0412 14.9026 25.6651 26.8895 18.6525 10.3945 2.64129 1.83795 1.47764 2.29499 1.85523 5.60845 19.0042 18.1906 17.3823 12.5566 9.90383 15.5225 15.5989 14.7595 17.4584 18.1029 16.9977 21.2946 24.1461 15.2552 17.8984 15.7395 15.8973 18.3876 23.6032 20.4937 17.3672
-9999 -9999 -9999 -9999 -9999 5.44569 12.1372 16.9367 12.2347 14.254 20.9449 17.0196 21.2333 9.24644 9.70384 5.72502 0.498629 0.678304 4.16012 9.60297 19.7246 16.8709 28.7794 18.021 21.7854 27.4526 33.031 27.4012 24.0694 10.4784 20.929 40.9999 23.3115 15.3868 23.8815 18.6267 21.4819 15.9175 15.5375 15.0728 13.7697 15.6443 25.4849 25.5035 25.0815 10.8035 6.8478 4.6963 4.57577 2.71823 5.08137 11.9685 18.7207 12.301 15.4678 7.86725 9.7278 11.6596 16.6271 17.8628 17.9606 20.2867 24.5792 20.2879 20.7444 16.9848 18.111 13.6641 14.9749 17.9491 24.7086 24.9062 15.372
-9999 -9999 -9999 -9999 -9999 9.37652 15.306 14.6444 11.8599 17.6601 19.9961 15.6527 23.9206 14.6138 12.572 7.9952 1.4562 6.77395 8.05373 11.9722 11.481 15.3168 24.3924 24.044 24.6725 32.4697 43.9159 27.7764 30.3506 23.713 31.3286 25.7079 33.2018 25.2242 23.0735 21.1633 32.9494 23.7435 20.3175 26.0191 17.4373 13.6023 25.0765 21.5656 16.2864 15.8733 14.8425 10.1609 12.1979 10.0239 8.31812 10.5988 17.8087 20.1866 12.994 9.28902 18.3668 18.0692 17.1569 16.8088 17.151 19.1186 21.1953 16.0362 19.5473 21.85 17.4434 15.4929 12.2972 16.4481 14.7973 26.5899 20.7613
-9999 -9999 -9999 -9999 9.61282 12.9944 18.7572 12.9215 11.2995 18.3493 20.8604 19.7437 22.9471 14.9755 15.0537 14.6554 4.20405 7.02054 6.50236 10.814 14.2269 26.9967 33.0852 30.7652 21.0223 34.678 41.1016 30.2958 26.276 19.7536 24.7636 21.0866 15.8568 14.0429 25.5053 28.4541 28.4617 23.3954 22.8332 30.3191 13.0259 13.3068 21.5973 23.2013 18.6529 24.0747 14.0097 12.372 13.5444 13.3329 9.98796 6.05216 15.3007 20.0675 16.7632 11.3046 19.2182 23.9763 20.2494 22.93 26.3384 20.829 18.9124 16.474 13.0558 17.967 20.6592 10.4619 11.2859 12.975 9.58797 10.352 19.5561
-9999 -9999 -9999 0.295816 4.17513 15.9848 16.0902 26.869 25.5894 17.8225 14.7447 12.9841 23.9552 18.6803 20.1646 13.5734 9.03677 16.583 12.5488 13.2243 18.4337 19.6173 26.4678 26.9786 24.5233 21.459 39.2664 36.7116 28.4444 24.8618 17.7792 26.4812 14.7318 13.3649 23.0549 30.8435 28.9274 32.6885 29.153 26.1498 17.055 17.9659 22.5869 20.9813 20.2075 25.7934 17.9736 23.5225 10.2046 5.53665 9.27593 7.29626 24.8505 18.958 12.8092 14.6672 19.1939 20.1826 20.3451 29.562 25.5501 26.7373 31.1307 23.9755 16.9823 15.6529 17.3479 18.4538 13.2395 9.37242 10.2517 14.2168 17.1889
