public/models/data/input/map/sulut/800/mapslope.asc
NCOLS 310
NROWS 227
XLLCORNER 510063.019283
YLLCORNER 210717.685435
CELLSIZE 800.000000
NODATA_VALUE       -9999
[rows 165 to 197 of 227, columns 146 to 218 of 310]
16.2121 18.5771 20.3602 13.4434 10.2625 6.35584 18.9644 20.9442 24.3199 25.182 20.6905 33.2265 28.5636 17.0561 20.0575 18.3218 21.7088 10.1138 0.825071 1.59841 1.59681 2.01865 3.15335 2.5406 1.66691 2.87753 2.7015 3.95917 3.56259 5.53372 6.13159 6.77767 6.40704 6.23202 7.11362 7.67344 7.15741 16.2582 19.9995 18.9577 30.2227 37.1426 19.9158 17.0836 19.4154 26.6525 20.801 29.4743 30.5482 26.2109 21.1921 16.135 19.6487 23.2922 19.2292 17.566 17.8022 14.0751 8.38178 7.79226 7.61236 12.5796 6.93017 14.1355 9.71209 6.7279 4.7564 3.33788 -9999 -9999 -9999 -9999 -9999
16.9729 12.5852 10.1992 9.21049 8.2876 5.89915 10.1006 20.587 28.8806 28.361 27.5616 28.9814 14.0394 16.7433 18.0551 25.5476 23.7868 8.93054 1.12784 1.64812 1.51756 1.33373 1.77377 2.62024 1.93877 3.05494 3.21975 4.84261 12.2181 16.7222 24.3861 24.3062 23.6268 17.2888 16.2787 12.5902 10.3122 14.8338 21.674 24.438 14.987 22.7227 15.6078 14.7113 26.8946 19.2653 17.4456 27.3038 26.9687 18.7235 15.2468 15.8938 22.8187 23.1306 22.0837 17.0629 13.6281 15.5734 11.0249 3.96145 11.0203 11.2459 5.76591 8.92465 6.3 4.28651 4.30543 -9999 -9999 -9999 -9999 -9999 -9999
12.8988 12.7113 14.0774 14.1671 8.95293 9.89527 9.2157 6.89144 19.3097 18.5003 20.151 18.0395 12.6356 16.5113 19.7099 25.1597 17.024 2.32936 1.05251 1.52351 1.53497 1.33037 1.65367 2.48256 1.93428 1.83852 2.80621 16.2213 27.5327 26.9338 25.2731 20.5695 23.4729 30.7119 28.7586 29.2441 23.6836 20.7417 14.7352 13.2269 16.1642 13.8117 7.842 16.5027 24.124 15.5755 12.6025 20.9517 23.1378 17.2756 12.3405 16.6137 17.5103 14.1299 14.6708 19.0316 17.3267 16.0513 5.49927 5.43782 10.8427 9.32235 5.61033 6.19154 -9999 -9999 -9999 -9999 -9999 -9999 -9999 -9999 -9999
11.3966 22.8176 18.2642 13.2664 10.9662 8.75696 9.94727 17.8293 26.4333 19.3134 17.0928 21.286 18.4669 14.8071 17.5985 20.6593 7.25965 3.23445 1.87442 1.20067 1.71898 1.73255 2.11345 1.41213 2.40864 2.52401 5.64897 24.5693 29.2993 24.035 25.742 21.4635 25.2294 22.3747 22.0424 21.2392 21.628 14.4082 17.5529 13.7392 17.8377 13.6394 19.9987 19.0205 18.4319 10.3289 12.4542 15.9511 15.8911 14.2611 10.6981 11.4225 15.0224 19.3764 28.833 25.2137 9.61362 7.71727 2.28738 7.27913 11.3103 3.8493 3.08122 4.88033 -9999 -9999 -9999 -9999 -9999 -9999 -9999 -9999 -9999
2.03479 14.6585 24.6516 14.1737 17.9835 10.7765 9.83728 18.3966 25.8935 22.7572 27.6323 26.4643 29.7436 26.796 17.7381 14.2712 10.0118 16.1837 14.3045 1.45259 1.92037 1.49475 1.22867 1.8182 1.70302 2.29141 16.3268 27.0965 40.0156 26.7549 20.8402 18.2138 16.0546 11.5291 11.1338 19.0436 21.2639 12.3956 17.3288 15.375 15.3737 21.2712 20.0766 19.283 20.5376 14.6925 10.0348 12.8004 13.5117 12.4194 9.60718 10.8748 10.6194 23.0586 26.3036 17.08 10.8602 10.268 2.36591 2.76279 5.51124 3.96548 -9999 -9999 -9999 -9999 -9999 -9999 -9999 -9999 -9999 -9999 -9999
1.33531 3.03803 14.154 15.7626 13.8188 10.4329 10.1797 13.5248 18.8615 23.4015 27.2775 31.3886 33.6837 23.9246 22.8832 11.4719 7.28853 19.2592 4.73297 2.43265 1.83638 1.49752 1.45447 1.81708 2.35803 5.38067 24.7239 34.5649 32.0752 16.307 11.1685 11.6605 14.9598 12.5602 11.8566 11.0203 21.8026 25.9347 15.8913 12.7548 10.3995 12.0211 17.5047 16.0228 14.5088 16.1856 14.7535 11.5323 14.0714 11.3072 10.5665 15.4259 13.263 9.02316 8.76236 10.7208 7.66115 11.8766 2.28223 0.977717 1.95063 -9999 -9999 -9999 -9999 -9999 -9999 -9999 -9999 -9999 -9999 -9999 -9999
10.3054 16.3347 5.87232 7.16898 11.4283 10.8801 9.18882 13.1358 14.8361 17.909 20.404 20.963 19.9302 22.7906 17.4203 9.86132 10.1202 26.4364 7.92128 1.51246 2.18854 1.16143 1.66245 1.40982 3.69634 16.8642 28.846 37.089 23.7039 12.5211 17.2897 13.5693 14.6828 14.6335 11.9232 16.6401 13.7997 21.7989 24.3333 19.8176 17.6643 17.8411 20.9863 8.90637 11.1002 15.582 20.4673 14.1203 17.0893 15.7855 13.0229 14.4228 9.79123 8.27708 9.87616 9.89712 7.39456 9.97126 5.27103 1.28695 -9999 -9999 -9999 -9999 -9999 -9999 -9999 -9999 -9999 -9999 -9999 -9999 -9999
14.7409 12.122 12.2373 2.59215 6.94201 4.56366 6.79622 13.0923 14.7781 17.1101 20.3979 19.5237 18.3689 16.2504 16.9912 13.8781 14.2343 13.1735 11.9893 9.56821 1.75512 3.41344 8.1244 3.68903 11.039 26.9417 29.0864 25.7172 13.9193 14.5794 17.9678 11.2311 19.1941 19.6504 22.4498 20.9957 19.1162 18.7073 13.7876 19.0071 19.9174 12.4301 21.3789 10.974 9.40669 18.765 18.7217 10.0107 10.525 10.5274 9.73014 12.3525 11.2927 13.6126 16.639 12.0399 10.8276 7.0669 6.81132 -9999 -9999 -9999 -9999 -9999 -9999 -9999 -9999 -9999 -9999 -9999 -9999 -9999 -9999
13.1459 12.3531 12.1796 1.86854 10.0139 5.38453 10.9517 18.6199 8.1989 9.89167 10.4982 12.9222 16.0214 27.5177 32.3064 27.5862 18.3075 14.837 16.7794 20.2323 10.0822 10.9665 3.79987 3.89028 21.0151 35.1624 29.365 18.9831 14.6798 19.3429 12.1738 12.2489 18.9389 20.3178 23.1663 32.3069 23.8503 31.2181 17.2603 19.7252 18.3575 16.1467 10.6797 11.4553 18.4735 13.74 15.383 9.16803 5.64618 6.14656 9.43359 14.9466 9.40899 7.53683 10.6714 19.9266 20.6149 13.5048 4.05769 -9999 -9999 -9999 -9999 -9999 -9999 -9999 -9999 -9999 -9999 -9999 -9999 -9999 -9999
17.2211 17.1774 7.9455 10.5026 10.243 13.192 19.5205 22.2838 5.05735 3.46897 5.8728 19.3653 32.2624 33.6825 22.2723 24.9384 19.0769 16.9923 14.0211 15.8157 12.6871 7.93615 2.82996 9.06927 22.4331 35.9733 21.6551 9.63139 10.2302 10.8606 11.5799 14.6573 20.3273 19.6924 22.5936 22.7237 34.4527 31.7127 30.168 23.8758 20.3617 20.3358 18.2404 19.1049 14.8178 12.7989 13.2424 14.2384 7.3496 7.96912 9.5563 10.8232 9.91849 12.3064 12.6363 18.3175 21.0831 15.7761 -9999 -9999 -9999 -9999 -9999 -9999 -9999 -9999 -9999 -9999 -9999 -9999 -9999 -9999 -9999
11.1105 8.19262 10.4351 10.3188 15.7124 9.0962 15.6385 21.2544 7.7542 6.44401 13.8719 29.2127 31.6637 23.9302 29.4019 35.6313 20.4815 17.031 11.5666 10.655 18.8375 7.29822 4.44556 18.9406 22.3272 30.2224 30.2046 16.7789 16.6245 16.8877 10.569 14.6514 18.8219 24.8053 29.0276 26.6178 29.0208 36.84 40.1908 21.986 24.3008 20.24 30.1692 28.837 24.1162 15.7736 10.4688 12.5981 10.5978 9.9112 10.4678 13.4173 17.9678 17.5813 10.771 20.9529 25.545 11.6393 -9999 -9999 -9999 -9999 -9999 -9999 -9999 -9999 -9999 -9999 -9999 -9999 -9999 -9999 -9999
2.88204 3.02853 7.92361 15.5889 11.2293 7.595 18.5312 22.6788 28.7536 35.3582 31.3776 25.695 24.6628 21.3864 31.6392 33.9573 26.4034 15.6726 15.1871 15.0678 15.2577 3.71428 13.5194 25.4574 28.3336 39.7177 37.956 17.2143 15.555 12.8371 14.4098 18.1778 26.2512 25.9485 27.4693 33.5277 34.8602 29.8914 31.478 23.0296 23.6406 29.8336 23.1471 28.378 22.3589 19.3831 28.4951 16.0138 13.0748 12.1963 9.00097 16.1514 17.3924 19.8039 20.0496 18.1306 17.9584 -9999 -9999 -9999 -9999 -9999 -9999 -9999 -9999 -9999 -9999 -9999 -9999 -9999 -9999 -9999 -9999
9.0263 7.50763 10.013 16.7753 10.4998 16.7728 24.8195 46.2396 59.0272 45.2409 26.3647 23.411 19.3982 19.7883 25.2117 27.4395 21.5562 22.2897 12.0998 4.68213 2.09068 5.90993 18.0163 18.9198 31.5775 37.9782 21.7321 28.0201 19.6842 15.2873 16.6058 16.0619 25.6975 16.5069 20.9427 26.8145 34.4181 29.5288 28.2358 22.8658 28.2072 29.0428 27.7067 25.0568 22.0061 24.1326 25.1623 23.2814 14.3445 17.642 12.7603 15.1754 24.7276 24.91 20.0545 18.6906 15.537 11.0042 5.77682 4.8442 -9999 -9999 -9999 -9999 -9999 -9999 -9999 -9999 -9999 -9999 -9999 -9999 -9999
9.4153 11.6145 12.5891 17.1602 18.5688 27.7575 38.4552 38.6699 30.7963 39.0624 23.0074 31.7515 22.1228 21.3153 25.4394 13.5063 14.2845 13.3024 7.28768 1.51118 1.34366 11.4697 17.126 30.5716 37.4643 31.448 23.6076 16.0182 14.7691 18.209 16.3391 16.7834 21.251 23.1875 27.8255 27.985 31.2268 26.7228 26.5268 30.2418 29.361 31.5231 33.5531 20.2019 26.8444 24.9889 22.6182 31.0948 36.669 27.1198 21.5714 24.8177 20.4735 17.1635 17.2556 23.3997 25.6649 19.4706 12.41 5.77586 -9999 -9999 -9999 -9999 -9999 -9999 -9999 -9999 -9999 -9999 -9999 -9999 -9999
14.068 12.2999 27.4862 35.0266 21.855 35.0698 37.2415 34.8878 26.7184 22.5852 12.9245 28.183 25.219 31.6768 21.2506 6.76721 7.44274 8.69517 3.16949 1.07623 2.28775 6.43111 13.9093 29.5316 29.6393 33.5773 27.2905 20.3119 19.0932 18.1047 11.1944 13.4341 17.27 20.8944 20.4735 26.1065 33.3192 24.9282 25.9154 22.5136 32.8715 24.3137 25.2411 30.0962 27.3447 30.4385 29.55 35.8252 24.713 28.6198 25.9791 22.684 17.8135 19.0289 18.1593 23.2259 11.9815 15.7555 13.9369 7.83073 -9999 -9999 -9999 -9999 -9999 -9999 -9999 -9999 -9999 -9999 -9999 -9999 -9999
22.6558 21.5887 35.7221 32.0205 49.1549 49.7484 35.1862 42.1346 22.7706 17.7966 15.3837 21.6637 33.6021 26.1693 13.6619 14.6816 9.93542 9.23215 1.18639 1.54666 1.94788 14.8015 25.9721 26.3201 26.2942 37.2783 23.0837 19.2739 17.422 17.3104 21.6327 14.1358 13.7391 19.5581 18.4993 15.5707 17.3115 30.0107 21.905 26.6483 24.9803 27.0572 25.59 26.7196 19.8909 17.9415 22.1162 20.8491 19.9536 26.1837 10.0309 13.1785 5.96262 3.28938 6.70186 18.3914 25.7756 22.7347 12.9114 11.3441 -9999 -9999 -9999 -9999 -9999 -9999 -9999 -9999 -9999 -9999 -9999 -9999 -9999
37.5363 39.1319 28.1694 27.9198 25.3823 28.2395 43.8173 36.948 15.236 22.0474 19.0924 13.181 14.411 7.39904 3.07296 4.48537 1.95441 1.65243 1.05501 1.9428 3.18574 12.6728 27.6274 19.8208 25.7512 21.3971 20.3757 17.2737 13.2593 11.4743 16.8829 17.2726 15.538 16.9181 18.3863 15.1775 15.7963 16.4483 18.527 25.4277 22.8793 19.2365 24.9104 23.9546 23.4075 21.2615 22.2278 23.0104 25.9495 30.9976 17.8115 13.7896 11.7367 1.71774 0.716698 1.72892 6.58811 8.95421 13.4343 10.7533 -9999 -9999 -9999 -9999 -9999 -9999 -9999 -9999 -9999 -9999 -9999 -9999 -9999
49.9193 37.5515 32.8033 18.2235 22.7119 34.5847 39.978 19.1794 12.8373 25.6314 18.4913 19.1953 7.27653 1.81672 1.26182 1.2658 1.03716 1.51895 2.33317 4.39723 6.57016 15.1757 20.7836 33.1632 16.7017 10.4444 23.3723 12.0975 10.8048 9.66665 19.5546 11.7694 14.4221 11.9207 17.6507 16.0136 21.1254 21.5833 19.0325 22.7675 17.6285 21.7169 20.6496 23.6392 27.2536 26.4428 20.4538 28.936 26.259 26.6972 23.821 18.0905 15.4781 4.5827 0.996931 0.16886 -9999 -9999 5.585 6.60199 -9999 -9999 -9999 -9999 -9999 -9999 -9999 -9999 -9999 -9999 -9999 -9999 -9999
21.0025 28.4022 26.9914 20.7888 19.3309 23.7522 41.4105 32.5578 23.7095 26.0989 14.8691 22.1802 8.80446 2.35962 1.944 1.6058 3.07063 4.42489 5.19362 12.376 16.704 29.297 34.9224 29.5748 15.0768 16.7362 22.3371 15.1951 19.1257 19.0347 20.3036 13.1646 14.5942 16.3862 24.9821 22.0711 20.1162 19.9029 20.4973 17.5094 20.4963 25.4454 20.3159 23.2466 19.3431 30.4876 22.8575 25.09 25.6314 24.9628 24.6247 21.2924 9.7861 2.49678 0.359784 -9999 -9999 -9999 3.57492 2.53943 -9999 -9999 -9999 -9999 -9999 -9999 -9999 -9999 -9999 -9999 -9999 -9999 -9999
10.8136 18.3096 33.678 22.1659 29.853 32.422 27.9852 29.5714 24.1583 20.96 22.2475 12.0084 9.87668 3.34641 2.67234 5.16106 7.21909 10.249 22.0289 32.6625 36.5245 29.9871 24.1017 18.2968 11.9718 14.7964 15.2443 21.8708 14.9937 22.2038 16.7408 21.6465 11.8743 16.8998 20.3715 31.3367 25.5502 19.4504 22.2981 22.3885 20.5776 20.5169 24.2802 22.1892 14.9665 17.4752 20.0904 20.6924 33.694 24.6867 21.9917 23.7039 13.2083 8.56197 -9999 -9999 -9999 -9999 -9999 0.92635 -9999 -9999 -9999 -9999 -9999 -9999 -9999 -9999 -9999 -9999 -9999 -9999 -9999
24.4212 28.9898 24.0163 31.7731 26.2463 19.2908 34.5238 40.1265 27.8356 26.2376 14.941 11.4078 9.48301 9.03963 10.1501 14.4934 30.4296 30.7575 43.2375 40.0784 33.4361 27.8063 13.8965 12.9032 14.8496 19.881 14.8111 19.6142 23.9331 23.0457 23.2289 15.3597 16.4523 27.8464 21.0673 35.0692 27.4258 25.2145 28.24 21.183 25.2125 22.335 30.3282 21.9363 14.8148 26.477 36.0908 36.6181 38.0792 23.8832 26.5397 22.0856 14.8097 9.08232 -9999 -9999 -9999 -9999 -9999 -9999 -9999 -9999 -9999 -9999 -9999 -9999 -9999 -9999 -9999 -9999 -9999 -9999 -9999
24.8509 24.2526 23.0413 16.3269 24.952 31.4773 33.1413 36.803 36.1061 28.2595 18.3108 21.5584 24.7186 19.9968 23.5594 37.2168 43.6646 37.8752 36.8168 24.7116 15.6411 13.5271 11.422 12.1418 17.1213 21.9101 15.3678 12.6432 23.0721 25.3171 25.3652 17.1375 20.1725 23.283 18.6021 29.6969 24.2273 29.3377 22.1305 28.7042 24.4483 24.1723 40.1353 40.2604 25.9624 29.9659 30.6223 30.9634 20.187 17.3547 21.5722 18.5991 -9999 -9999 -9999 -9999 -9999 -9999 -9999 -9999 -9999 -9999 -9999 -9999 -9999 -9999 -9999 -9999 -9999 -9999 -9999 -9999 -9999
13.6483 13.6926 10.2209 7.33527 26.9133 30.3468 19.4626 19.2056 21.1575 27.744 42.0821 38.8132 36.9921 45.9 43.0394 46.7664 33.2971 32.1068 41.0584 23.524 20.044 16.6116 18.4985 16.8174 22.3379 13.4911 15.7919 17.9381 19.5131 29.1091 23.6522 25.6298 19.8822 23.9502 23.6053 17.2888 34.0741 31.7419 31.6661 28.2202 17.9076 15.8431 32.0296 36.5823 32.6775 26.5392 30.5143 23.8293 18.2868 14.5831 -9999 -9999 -9999 -9999 -9999 -9999 -9999 -9999 -9999 -9999 -9999 -9999 -9999 -9999 -9999 -9999 -9999 -9999 -9999 -9999 -9999 -9999 -9999
19.338 17.5655 24.3399 17.5029 13.8727 15.5405 21.1629 23.7892 33.9232 49.2404 42.0491 41.7989 33.2262 29.2237 27.9345 26.8314 17.8904 21.8598 16.3122 18.2866 22.5912 18.6292 14.7596 14.1577 24.3491 10.877 18.1497 21.0646 16.4306 22.2669 23.0087 25.2742 26.263 28.2429 27.6051 20.822 26.2327 29.4947 28.6292 27.7476 20.5696 19.1641 37.9185 29.3391 33.8639 36.3554 30.1323 35.3962 31.6067 5.62589 -9999 -9999 -9999 -9999 -9999 -9999 -9999 -9999 -9999 -9999 -9999 -9999 -9999 -9999 -9999 -9999 -9999 -9999 -9999 -9999 -9999 -9999 -9999
16.1912 17.3718 12.2766 13.2736 20.1246 17.6343 25.3502 30.2281 25.8859 30.2397 33.186 25.3606 19.9573 16.9507 16.4285 18.6707 21.9034 22.9035 14.247 15.3411 24.8048 18.9733 23.5503 22.6652 23.1105 24.3052 12.9049 23.2952 19.9144 19.2666 15.8307 22.2327 28.2113 20.2738 25.5824 29.8551 32.1494 26.9809 30.0792 28.5639 14.2488 18.8435 22.0354 22.5427 23.2921 24.6151 14.6889 21.6508 15.5862 -9999 -9999 -9999 -9999 -9999 -9999 -9999 -9999 -9999 -9999 -9999 -9999 -9999 -9999 -9999 -9999 -9999 -9999 -9999 -9999 -9999 -9999 -9999 -9999
15.0298 16.2953 16.8435 13.3629 16.3088 16.368 14.9124 18.9095 23.605 28.1719 24.6245 20.7497 17.4961 18.6935 15.9699 16.7527 15.2518 14.4745 13.1819 15.1484 21.3344 22.6172 29.5486 15.3585 22.4382 20.7231 24.0934 15.0787 17.1556 19.0036 22.055 37.5389 24.953 20.1635 24.0046 33.1342 22.682 23.0103 25.8637 21.3998 21.4769 22.9194 14.5621 24.8225 30.8492 33.71 28.3137 9.01619 18.4914 11.4248 -9999 -9999 -9999 -9999 -9999 -9999 -9999 -9999 -9999 -9999 -9999 -9999 -9999 -9999 -9999 -9999 -9999 -9999 -9999 -9999 -9999 -9999 -9999
13.8189 15.5777 17.6873 24.3673 23.7192 23.3084 26.4669 29.1573 31.0826 34.7424 19.5903 27.253 23.4988 23.2374 17.5295 17.3693 19.8648 19.0822 19.5803 15.8468 22.7452 24.0805 15.3347 15.0212 20.81 25.1972 14.1521 12.6334 18.378 23.4539 27.025 40.0562 24.8235 26.1392 18.0668 31.3459 26.4008 27.6145 30.4002 22.5764 25.0413 13.3775 17.0286 18.8074 25.23 23.1303 31.1503 32.5114 26.6516 21.095 11.0559 -9999 -9999 -9999 -9999 -9999 -9999 -9999 -9999 -9999 -9999 -9999 -9999 -9999 -9999 -9999 -9999 -9999 -9999 -9999 -9999 -9999 -9999
20.2022 19.3003 19.1371 25.8168 27.4422 31.5537 30.6309 42.9633 39.9013 33.0942 20.7691 24.3493 19.057 17.691 21.617 15.6285 14.6082 17.1131 16.9289 19.0297 21.5909 18.1852 26.7281 21.8482 16.7707 22.2601 18.9337 13.4877 16.8979 21.8806 25.9349 32.7414 28.987 20.4872 21.2829 30.446 24.6689 22.526 31.8237 28.1016 18.8074 12.4257 17.9881 18.5653 17.76 22.3788 22.6409 27.7291 17.3343 26.8822 13.6554 -9999 -9999 -9999 -9999 -9999 -9999 -9999 -9999 -9999 -9999 -9999 -9999 -9999 -9999 -9999 -9999 -9999 -9999 -9999 -9999 -9999 -9999
21.631 20.265 35.5105 40.4321 27.6286 25.4187 27.5778 28.4086 27.4478 19.5853 18.2601 20.8434 17.2097 27.216 29.1197 23.8424 9.46981 12.1244 10.5687 14.0898 15.3185 14.9019 30.0697 22.9791 18.7788 22.2743 14.4216 13.6546 9.20717 30.3408 20.7419 27.6924 37.9041 19.3719 33.0798 33.2034 15.7284 15.4124 18.338 21.8812 19.115 15.4577 22.4212 17.2122 25.0206 23.965 18.3335 18.1875 25.324 30.2357 15.2054 -9999 -9999 -9999 -9999 -9999 -9999 -9999 -9999 -9999 -9999 -9999 -9999 -9999 -9999 -9999 -9999 -9999 -9999 -9999 -9999 -9999 -9999
39.9346 36.3204 47.2468 32.8163 29.5737 26.3573 28.4132 31.8431 32.0967 25.5451 27.0713 34.8623 29.6191 43.5746 29.1517 22.7678 21.0275 14.1643 8.90195 10.6451 15.5848 15.7741 31.526 31.1771 21.0766 15.8355 10.9679 12.9588 13.0585 21.5396 15.2033 28.6154 37.324 29.4625 26.7576 36.8313 10.6756 7.01196 10.1823 12.8937 14.5264 22.5016 25.6937 11.9542 20.4318 33.0902 23.9358 21.2477 28.6099 27.6432 16.4301 -9999 -9999 -9999 -9999 -9999 -9999 -9999 -9999 -9999 -9999 -9999 -9999 -9999 -9999 -9999 -9999 -9999 -9999 -9999 -9999 -9999 -9999
38.5685 44.4097 34.3618 26.1303 36.1947 26.3184 21.6871 27.2195 24.4865 26.1937 20.4046 24.0398 25.0169 29.2935 24.0062 25.9882 20.7754 16.7566 15.8248 14.0698 23.03 27.7605 40.0317 28.6602 17.7289 15.1156 12.0719 14.3643 18.0429 9.38931 18.5467 16.2554 26.196 32.2208 13.6512 28.4517 13.3997 2.48856 8.17375 10.8662 15.6337 24.1896 20.3173 19.8246 21.7505 23.3666 30.9874 32.2488 26.5222 18.6278 12.0103 -9999 -9999 -9999 -9999 -9999 -9999 -9999 -9999 -9999 -9999 -9999 -9999 -9999 -9999 -9999 -9999 -9999 -9999 -9999 -9999 -9999 -9999
33.072 30.2358 34.4285 22.6705 23.9042 17.4611 18.2674 16.6654 21.2731 22.0965 16.4734 21.8487 17.664 22.9095 20.7338 26.0185 28.0156 25.0256 16.0733 20.5143 25.9936 26.6507 26.5546 17.7344 26.5516 17.8607 15.7468 15.775 16.0461 11.9576 25.009 19.4913 11.3301 20.99 13.6734 19.7972 14.8752 7.54411 1.15153 13.7249 15.0642 20.0817 20.9005 14.9367 19.1728 18.4522 19.2216 21.1679 13.0756 16.4601 14.158 6.54267 -9999 -9999 -9999 -9999 -9999 -9999 -9999 -9999 -9999 -9999 -9999 -9999 -9999 -9999 -9999 -9999 -9999 -9999 -9999 -9999 -9999
28.7176 18.7938 25.8239 22.1446 24.6443 15.8259 16.308 17.9853 19.4012 26.335 16.5317 20.9284 17.2088 18.4052 20.3237 30.4218 37.2554 29.7467 22.0362 26.8172 42.7455 26.419 18.8005 15.7759 23.5169 13.5187 20.053 14.3575 8.861 23.211 17.3643 30.9792 9.08448 17.5984 15.8895 13.0362 17.5484 15.9699 2.01527 10.4233 15.5343 17.9776 15.6706 15.166 20.9765 15.6734 21.254 17.2542 -9999 11.4234 11.1891 11.9369 -9999 -9999 -9999 -9999 -9999 -9999 -9999 -9999 -9999 -9999 -9999 -9999 -9999 -9999 -9999 -9999 -9999 -9999 -9999 -9999 -9999
