public/models/data/input/map/sulut/800/mapslope.asc
NCOLS 310
NROWS 227
XLLCORNER 510063.019283
YLLCORNER 210717.685435
CELLSIZE 800.000000
NODATA_VALUE       -9999
[rows 132 to 164 of 227, columns 0 to 72 of 310]
-9999 -9999 -9999 -9999 -9999 -9999 -9999 -9999 -9999 -9999 1.51061 3.27636 10.8489 13.8036 9.07475 -9999 -9999 1.58988 8.39992 15.388 1.0425 1.41883 1.46513 1.52837 -9999 -9999 -9999 -9999 -9999 -9999 -9999 -9999 -9999 -9999 -9999 -9999 -9999 -9999 -9999 -9999 -9999 -9999 -9999 -9999 -9999 -9999 -9999 -9999 -9999 -9999 -9999 -9999 -9999 -9999 -9999 -9999 -9999 -9999 -9999 -9999 -9999 -9999 -9999 -9999 -9999 -9999 -9999 -9999 -9999 -9999 -9999 -9999 -9999
-9999 -9999 -9999 -9999 -9999 -9999 -9999 -9999 -9999 -9999 -9999 8.77255 13.1112 11.6659 11.0942 16.7716 15.3849 15.5249 21.0273 22.2818 9.22422 4.10625 7.37441 4.81571 -9999 -9999 -9999 -9999 -9999 -9999 -9999 -9999 -9999 -9999 -9999 -9999 -9999 -9999 -9999 -9999 -9999 -9999 -9999 -9999 -9999 -9999 -9999 -9999 -9999 -9999 -9999 -9999 -9999 -9999 -9999 -9999 -9999 -9999 -9999 -9999 -9999 -9999 -9999 -9999 -9999 -9999 -9999 -9999 -9999 -9999 -9999 -9999 -9999
-9999 -9999 -9999 -9999 -9999 -9999 -9999 -9999 -9999 -9999 -9999 4.28815 11.2493 12.5561 12.1804 27.269 24.0797 27.2134 34.5959 33.4942 23.7322 8.88971 9.37135 3.82129 -9999 -9999 -9999 -9999 -9999 -9999 -9999 -9999 -9999 -9999 -9999 -9999 -9999 -9999 -9999 -9999 -9999 -9999 -9999 -9999 -9999 -9999 -9999 -9999 -9999 -9999 -9999 -9999 -9999 -9999 -9999 -9999 -9999 -9999 -9999 -9999 -9999 -9999 -9999 -9999 -9999 -9999 -9999 -9999 -9999 -9999 -9999 -9999 -9999
-9999 -9999 -9999 0.713372 0.370794 0.63508 0.294702 0.386954 -9999 -9999 -9999 -9999 -9999 5.87045 7.59624 16.8835 25.2691 26.8598 26.7328 42.3537 18.6561 8.48877 7.47232 0.95257 0.547678 -9999 -9999 -9999 -9999 -9999 -9999 -9999 -9999 -9999 -9999 -9999 -9999 -9999 -9999 -9999 -9999 -9999 -9999 -9999 -9999 -9999 -9999 -9999 -9999 -9999 -9999 -9999 -9999 -9999 -9999 -9999 -9999 -9999 -9999 -9999 -9999 -9999 -9999 -9999 -9999 -9999 -9999 -9999 -9999 -9999 -9999 -9999 -9999
-9999 -9999 -9999 0.696523 0.532395 0.524607 0.589404 0.595117 0.617644 -9999 -9999 -9999 -9999 -9999 5.17854 8.82313 22.3886 30.6874 29.184 36.5055 15.7117 8.77266 0.896574 0.668388 0.81696 0.566658 -9999 -9999 -9999 -9999 -9999 -9999 -9999 -9999 4.3213 2.66378 2.66378 -9999 -9999 -9999 -9999 -9999 2.43772 1.50009 -9999 -9999 -9999 -9999 -9999 -9999 -9999 -9999 -9999 -9999 -9999 -9999 -9999 -9999 -9999 -9999 -9999 -9999 -9999 -9999 -9999 -9999 -9999 -9999 -9999 -9999 -9999 -9999 -9999
-9999 -9999 -9999 0.427502 0.795871 0.955366 2.61689 2.57235 1.19631 1.0192 -9999 -9999 -9999 0.943257 3.16756 9.24973 10.937 16.2468 24.3481 31.5193 15.4 4.13974 0.814115 0.704898 0.735435 0.710898 0.952767 1.08371 0.848766 1.05487 0.727542 1.08424 1.49397 3.45995 6.23747 1.02343 1.00347 6.33119 8.3372 10.4431 7.43722 -9999 4.29823 7.18129 6.67783 -9999 -9999 -9999 -9999 -9999 -9999 -9999 -9999 -9999 -9999 -9999 -9999 -9999 -9999 -9999 -9999 -9999 -9999 -9999 -9999 -9999 -9999 -9999 -9999 -9999 -9999 -9999 -9999
-9999 -9999 -9999 0.361892 0.918817 3.71399 9.01724 11.3114 6.91914 4.34828 3.80889 1.07943 5.27071 1.68595 0.924127 1.96696 7.80867 15.8541 21.2095 21.7964 17.2378 3.78137 1.40581 1.0884 0.722044 1.46332 2.18174 3.20068 0.6513 1.03081 0.812273 1.08628 3.90826 4.89313 6.66402 2.45303 2.29418 10.3134 16.4262 20.7942 15.9288 0.83722 5.33108 8.77983 6.95605 -9999 4.54017 6.58361 5.51041 22.0623 18.1125 -9999 -9999 -9999 -9999 -9999 -9999 -9999 -9999 -9999 -9999 -9999 -9999 -9999 -9999 -9999 -9999 0.685438 0.733961 0.375541 0.319958 0.386711 0.304917
-9999 -9999 -9999 -9999 0.957514 5.05289 8.69051 7.62356 16.7281 21.5505 10.0396 2.33235 8.51363 8.9877 7.67138 3.08916 2.39771 7.80399 12.2915 18.3105 18.1599 4.10918 1.073 1.23995 5.38855 8.76548 3.76319 3.11194 2.34775 10.9191 4.08997 2.36738 10.7136 8.65231 4.6791 5.92996 3.42527 4.10951 12.1425 13.5353 12.3545 1.62341 2.13377 2.2039 1.83703 -9999 4.24649 8.82123 13.0251 20.0808 12.8768 0.432242 0.717877 -9999 -9999 -9999 -9999 -9999 -9999 -9999 -9999 -9999 -9999 -9999 -9999 -9999 0.435777 0.533471 0.599863 0.567706 0.392535 0.258231 0.265734
-9999 -9999 -9999 -9999 0.371214 0.698667 7.39267 11.4763 17.5671 20.8048 24.8738 10.6737 6.53073 10.0856 13.7715 15.0701 9.6848 9.68739 6.55015 13.8935 19.2512 10.4933 4.06755 1.92633 1.78251 2.56663 1.20244 3.32852 4.06934 6.0919 4.54454 2.28779 10.2538 9.35034 6.40034 8.67929 6.53414 3.45315 5.62912 5.70819 7.33019 4.23398 9.62608 7.10203 2.02954 3.58419 2.13341 7.91101 9.13566 13.938 0.856824 0.433633 0.532048 0.463169 0.977254 1.70678 1.50263 1.40372 1.78236 1.40345 2.14011 15.5526 5.54163 0.618835 0.195625 0.887516 0.639957 0.443172 0.525295 0.700037 0.40298 0.416344 0.486059
-9999 -9999 -9999 -9999 -9999 0.84354 3.57373 11.2987 16.2676 14.9406 9.94807 14.271 11.2583 15.9135 12.3737 19.0048 12.4161 8.87599 11.49 10.4099 17.5422 18.2983 13.7196 6.60366 3.95875 1.31973 1.1325 5.76309 7.54936 4.02988 3.02891 0.747243 1.51504 12.0852 7.32855 5.82898 7.88004 8.2135 4.13576 2.97561 3.74584 9.64275 10.9423 9.10826 6.27559 6.80866 4.73521 4.57134 10.3531 8.94136 1.21304 1.36199 0.459565 0.490898 1.51368 1.6476 1.06348 0.825484 1.1877 1.0927 1.23255 8.52606 2.92807 0.514791 0.326855 0.242537 0.353763 0.31889 0.703588 0.50384 0.675689 0.459291 0.487335
-9999 -9999 -9999 -9999 -9999 -9999 -9999 4.60346 4.26694 16.4285 15.7715 11.4609 14.0232 13.6765 7.51288 10.1485 26.4263 26.4296 23.8872 23.5977 25.2586 14.0827 19.079 15.3124 8.53432 12.3965 14.9367 13.9584 11.6545 11.803 6.94856 1.45346 0.846401 7.12598 15.6558 8.32258 2.63566 2.78204 4.75001 4.27607 6.09385 10.2078 12.1989 10.6781 12.3734 11.6299 12.0914 9.46599 14.5416 11.3797 3.20859 7.65353 6.55107 2.11748 10.5063 10.2654 3.95685 1.89455 5.42314 9.24504 4.98665 0.516759 0.361696 0.357806 1.27749 0.597671 0.40781 0.449516 0.822212 0.434779 0.676845 0.571274 0.414772
-9999 -9999 -9999 -9999 -9999 -9999 -9999 -9999 -9999 -9999 1.36829 11.5767 28.3354 18.6002 17.412 7.73928 22.814 28.0019 27.1036 18.2352 32.6517 34.138 22.6104 13.8499 7.17491 17.8075 26.2104 33.4486 37.6332 30.741 21.873 14.7935 10.5176 4.38826 6.66226 12.3261 8.99417 5.9087 3.7102 15.2523 18.6579 15.9141 18.3437 12.3398 11.9866 13.3807 14.2652 18.6834 13.072 16.4137 13.1243 26.1748 21.202 6.24035 14.5165 12.7853 6.12392 2.28303 8.4287 14.2781 10.1573 1.1889 3.61699 10.632 8.23446 6.25621 0.684916 2.92643 2.29831 0.329543 0.910749 1.15862 0.662369
-9999 -9999 -9999 -9999 -9999 -9999 -9999 -9999 -9999 -9999 -9999 24.1236 31.0552 20.2062 14.7111 13.8883 18.6991 22.7177 20.4631 27.7463 25.765 24.8473 35.892 29.2501 11.4135 10.8869 19.9544 24.1864 18.3632 24.3427 20.0472 15.3619 11.6494 5.93067 14.3005 10.2812 12.6944 10.9128 8.95881 15.7262 22.7988 28.0737 24.4665 23.1804 13.8339 11.8599 14.5641 17.5856 11.3041 14.404 16.7571 22.0022 25.9065 9.86854 15.137 12.0961 8.26572 2.46334 9.25687 15.282 24.3589 8.92036 4.54672 12.6611 12.253 11.3968 2.3234 2.83226 1.5807 0.472345 0.800689 2.58324 3.09545
-9999 -9999 -9999 -9999 -9999 -9999 -9999 -9999 -9999 -9999 -9999 -9999 -9999 -9999 -9999 -9999 6.80328 20.67 20.7764 20.5005 37.1916 28.4415 23.467 33.1028 23.6122 21.4479 32.6413 33.9604 31.475 36.3365 30.3213 17.3166 15.0699 9.31313 10.047 9.81998 11.4896 9.53651 16.7452 11.4997 25.4164 22.191 23.4015 24.6044 26.2767 20.3766 21.2437 21.0891 16.3927 9.48416 13.0368 12.8578 15.596 13.1087 14.0722 17.9438 15.6092 18.4706 8.48127 16.976 19.9395 23.3095 11.3855 9.72952 15.351 5.51793 1.88878 4.55189 7.28073 4.45195 2.58371 1.47758 3.76677
-9999 -9999 -9999 -9999 -9999 -9999 -9999 -9999 -9999 -9999 -9999 -9999 -9999 -9999 -9999 -9999 -9999 4.2826 8.79497 15.6418 19.3625 25.8784 27.4355 19.9087 33.5961 23.7334 28.1691 32.8592 27.4649 36.004 38.661 28.9843 13.7655 9.26044 13.9964 17.4876 10.9692 15.1889 15.603 12.3189 20.1603 20.2351 24.4154 24.8475 31.231 30.7397 23.9229 19.9356 11.9327 6.48574 10.188 12.0374 14.6591 13.2715 8.98479 12.1662 23.0132 25.4183 25.2221 10.2465 11.5191 17.7716 10.4532 10.8328 8.75275 1.78106 12.8288 17.6647 10.1101 10.4419 6.84886 8.32561 3.87146
-9999 -9999 -9999 -9999 -9999 -9999 -9999 -9999 -9999 -9999 -9999 -9999 -9999 -9999 -9999 -9999 -9999 -9999 -9999 8.74895 20.2146 17.2721 25.7865 28.4772 25.4242 34.0353 21.8438 35.4349 23.3809 21.0741 31.591 39.0926 23.4708 8.78236 8.06479 20.351 17.5325 14.4736 22.2252 30.7962 22.866 16.8069 23.7572 20.3595 35.6806 24.3024 33.942 26.1619 12.3039 7.17415 10.4151 20.8991 17.4529 7.09177 7.56026 17.5408 16.2914 17.2054 14.8308 9.70126 11.5008 14.2593 14.0125 11.7811 9.30141 4.36583 10.3613 22.0333 13.4099 13.0183 19.8402 13.5525 2.55283
-9999 -9999 -9999 -9999 -9999 -9999 -9999 -9999 -9999 -9999 -9999 -9999 -9999 -9999 -9999 -9999 -9999 -9999 -9999 6.30583 19.5706 11.6297 10.7614 20.0462 27.5216 22.0781 30.0751 25.2006 25.9345 19.6921 20.3999 31.8114 28.3186 16.9089 2.67518 12.4959 18.2393 13.673 28.1208 31.4813 24.6544 20.1829 20.7452 19.9214 28.1272 30.4667 30.5819 30.7791 19.868 8.12381 9.88198 14.3199 10.6856 6.43384 11.7449 29.3635 37.3217 29.398 19.5849 17.9086 12.8995 12.5182 4.62915 21.4169 15.8133 7.15644 2.67513 11.6164 19.1189 13.9516 16.0933 13.892 8.64228
-9999 -9999 -9999 -9999 -9999 -9999 -9999 -9999 -9999 -9999 -9999 -9999 -9999 -9999 -9999 -9999 -9999 -9999 -9999 -9999 -9999 11.069 11.9786 14.9822 31.7808 24.7049 27.1535 18.4163 28.7199 30.6463 31.3828 30.7865 29.1045 12.5083 6.26085 8.32374 18.8233 22.834 21.5366 24.2791 18.6771 17.7766 18.7124 22.5776 16.8608 22.82 31.8201 29.6484 19.4274 16.9576 11.1291 3.86945 5.45272 7.8379 16.183 29.9902 34.264 30.0016 36.8408 20.0761 15.4425 21.3106 9.39995 20.0162 20.0846 10.9276 11.4234 8.2398 13.9956 9.88002 15.6535 13.6346 6.77904
-9999 -9999 -9999 -9999 -9999 -9999 -9999 -9999 -9999 -9999 -9999 -9999 -9999 -9999 -9999 -9999 -9999 -9999 -9999 -9999 -9999 -9999 11.8759 14.9206 23.2856 36.1394 24.4285 33.0889 18.8074 26.7197 34.1637 32.3502 22.7982 11.5684 25.1984 9.80081 15.2961 20.5977 21.3132 6.54493 15.1568 13.2631 24.1726 26.4312 27.465 26.0216 23.7175 16.5085 12.2762 12.9329 17.8457 20.5941 11.7257 6.62711 17.3039 22.9596 35.7274 22.5227 36.1013 36.7831 16.8034 22.4023 22.7469 12.3321 10.5803 17.4161 22.5024 16.1825 12.6872 14.3739 22.6472 29.7434 12.117
-9999 -9999 -9999 -9999 -9999 -9999 -9999 -9999 -9999 -9999 -9999 -9999 -9999 -9999 -9999 -9999 -9999 -9999 -9999 -9999 -9999 -9999 -9999 19.2218 24.8023 25.2329 22.9064 28.481 30.0494 29.2107 23.8165 26.6107 13.4094 15.0751 17.3456 10.8703 15.5451 15.9515 21.4222 6.92365 7.25961 11.5799 15.504 17.4265 14.7691 13.7414 12.0257 23.3957 27.6112 18.569 23.2066 32.8995 24.1032 8.48748 17.7908 20.1922 31.7027 28.1474 22.2255 37.3584 32.0755 16.1925 13.8099 24.1399 14.1048 15.5956 24.1713 17.7274 11.6496 11.1789 11.8133 19.6215 23.2226
-9999 -9999 -9999 -9999 -9999 -9999 -9999 -9999 -9999 -9999 -9999 -9999 -9999 -9999 -9999 -9999 -9999 -9999 -9999 -9999 -9999 -9999 -9999 -9999 20.1886 13.8254 15.4178 17.0178 22.1962 28.9267 29.1005 41.9188 35.6303 17.7127 15.8186 13.6543 18.9264 18.0272 11.9902 9.64396 10.3204 11.3546 16.3732 23.9227 17.8158 11.8375 14.0006 17.6061 26.7637 19.6358 24.3778 20.4001 27.0208 13.01 10.6225 15.6666 20.6264 28.3837 32.4182 23.9302 20.8692 27.3575 20.5753 31.4552 26.225 21.9681 18.6066 21.0043 18.8926 13.5143 19.8575 24.2362 23.7077
-9999 -9999 -9999 -9999 -9999 -9999 -9999 -9999 -9999 -9999 -9999 -9999 -9999 -9999 -9999 -9999 -9999 -9999 -9999 -9999 -9999 -9999 -9999 -9999 9.3138 14.1878 19.466 16.1214 16.2287 12.6875 21.1277 30.3088 27.5901 17.6592 16.7305 13.9307 22.5431 16.1694 18.7135 9.04282 10.7028 20.188 22.4743 27.4536 22.4593 15.5305 12.2783 18.2466 17.9959 31.5715 32.4512 30.1026 29.0654 20.9478 11.5271 9.03982 10.9537 19.4415 23.0246 22.9274 22.657 36.1555 15.461 18.4725 23.522 24.3161 21.599 9.07206 20.2545 19.1731 16.3561 22.5193 30.2841
-9999 -9999 -9999 -9999 -9999 -9999 -9999 -9999 -9999 -9999 -9999 -9999 -9999 -9999 -9999 -9999 -9999 -9999 -9999 -9999 -9999 -9999 -9999 -9999 -9999 21.1781 26.272 17.2032 23.8413 19.865 25.278 36.037 21.8277 21.8864 16.4087 15.9246 16.0272 19.6823 19.0751 9.97106 9.80812 22.8874 22.2908 22.1474 26.2728 18.4072 15.49 21.2223 21.1317 28.6892 22.9256 24.4049 26.2626 15.6817 11.8647 14.2451 9.84873 11.6975 17.748 23.7003 23.8648 32.9615 29.9808 40.5925 28.9413 16.9094 10.2483 9.11445 10.5103 19.4395 14.8579 22.6912 21.6843
-9999 -9999 -9999 -9999 -9999 -9999 -9999 -9999 -9999 -9999 -9999 -9999 -9999 -9999 -9999 -9999 -9999 -9999 -9999 -9999 -9999 -9999 -9999 -9999 -9999 38.2314 30.8942 31.812 26.5216 29.1385 25.7802 17.7303 36.0375 36.1434 24.3573 21.2296 21.5766 16.0792 4.76929 5.56571 10.263 17.2192 26.3406 24.7216 21.8043 18.6824 15.7341 25.6192 21.7377 30.2418 25.7442 24.4723 27.2764 15.4008 7.68941 8.64378 8.70758 7.03285 7.89275 15.0154 16.1251 15.5725 27.784 24.1469 23.8843 14.437 17.2849 17.4922 23.7531 31.3062 21.0294 21.7247 15.4668
-9999 -9999 -9999 -9999 -9999 -9999 -9999 -9999 -9999 -9999 -9999 -9999 -9999 -9999 -9999 -9999 -9999 -9999 -9999 -9999 -9999 -9999 -9999 -9999 10.2406 30.9196 38.0722 30.6897 33.6913 28.8288 28.0879 24.1176 22.6828 22.5539 27.0922 34.7787 29.6844 19.0249 18.7913 14.3419 6.52086 10.6129 14.5432 20.1276 17.7457 18.1385 14.7025 21.5728 27.7978 28.9 20.7355 23.2895 31.0647 18.0213 6.01277 8.13851 6.65986 13.0935 23.3658 10.7481 14.1441 14.341 20.2806 23.9508 24.4012 21.8053 22.4436 21.6275 16.4148 28.9574 32.094 13.718 13.9939
-9999 -9999 -9999 -9999 -9999 -9999 -9999 -9999 -9999 -9999 -9999 -9999 -9999 -9999 -9999 -9999 -9999 -9999 -9999 -9999 -9999 -9999 -9999 17.7137 35.8958 48.8638 41.0707 35.8805 35.7158 27.8703 32.7165 31.4028 23.6023 22.2911 25.9955 31.2582 37.4488 31.1986 20.5502 19.6233 17.1539 12.8867 10.9153 9.97392 19.9244 12.6136 21.3101 24.2117 24.2862 37.8183 30.6778 21.0636 26.3146 22.5147 15.163 8.26965 5.42062 10.2671 15.4761 17.1085 15.2263 14.8264 19.6434 25.1063 20.6948 25.8373 22.4597 24.0436 20.1485 19.9507 19.08 28.6231 13.7144
-9999 -9999 -9999 -9999 -9999 -9999 -9999 -9999 -9999 -9999 -9999 -9999 -9999 -9999 -9999 -9999 -9999 -9999 -9999 -9999 -9999 -9999 42.1737 42.9565 50.4744 40.6843 33.2134 25.7626 22.9376 20.276 19.5831 19.8805 32.1351 23.1805 18.5084 29.3061 36.9383 23.2348 11.4184 7.73192 10.6247 10.3276 10.5001 7.87313 5.79838 6.31881 18.7192 19.313 17.977 29.6968 31.7843 23.9871 21.0355 26.9957 25.626 14.2574 10.1452 8.2886 9.13812 10.6953 10.5129 23.3597 20.0734 24.1647 20.9584 24.5244 26.2242 19.8294 16.6418 11.9891 10.2202 20.2518 19.9791
-9999 -9999 -9999 -9999 -9999 -9999 -9999 -9999 -9999 -9999 -9999 -9999 -9999 -9999 -9999 -9999 -9999 -9999 -9999 -9999 -9999 -9999 55.6958 50.5803 26.5863 38.7974 37.5804 30.2835 17.4921 16.2571 17.7952 18.4654 25.2035 14.3368 15.7919 16.5491 22.9804 16.7777 9.15609 7.72794 7.68875 13.4372 16.7084 13.5621 10.6572 10.2302 14.1284 11.6425 16.3849 26.122 16.3472 30.5853 23.3106 20.2581 30.9696 29.0548 11.0322 6.94629 9.26849 7.81565 8.10291 18.9303 18.0444 15.0197 30.4438 16.1285 21.8631 30.4378 15.2649 14.9439 21.2312 20.1857 16.5213
-9999 -9999 -9999 -9999 -9999 -9999 -9999 -9999 -9999 -9999 -9999 -9999 -9999 -9999 -9999 -9999 -9999 -9999 -9999 -9999 -9999 5.50515 52.2688 54.5 28.4456 36.9189 40.9669 41.8626 19.3058 19.3952 14.5802 10.7894 9.25518 15.2917 18.5056 17.6824 22.2259 18.3459 13.5883 16.6743 16.8747 11.7278 30.3416 43.0898 41.9111 32.7771 26.5081 17.7347 15.2848 14.2262 16.7273 17.4236 24.2521 25.2319 26.0657 28.3595 19.8676 12.1724 10.1393 4.84147 6.74052 9.41533 15.6787 11.811 20.865 22.2599 14.7422 18.8311 19.7746 12.3931 23.8929 22.5523 22.9995
-9999 -9999 -9999 -9999 -9999 -9999 -9999 -9999 -9999 -9999 -9999 -9999 -9999 -9999 -9999 -9999 -9999 -9999 -9999 -9999 -9999 22.8014 47.1385 41.334 36.0936 41.8505 51.4001 29.5589 21.5871 21.3466 26.3799 20.4891 12.6964 14.8781 13.1024 17.1852 17.2475 12.9994 15.9009 17.8274 19.6247 18.5072 28.9275 16.0151 18.912 22.1486 19.461 32.3372 28.3421 16.6863 11.9222 9.48605 21.0869 19.0533 24.169 22.9913 33.8056 35.6796 15.8786 5.65809 5.38107 7.60856 14.4899 19.8 22.3109 20.4828 18.0489 25.5061 32.5803 32.4487 21.7675 24.2791 23.5699
-9999 -9999 -9999 -9999 -9999 -9999 -9999 -9999 -9999 -9999 -9999 -9999 -9999 -9999 -9999 -9999 -9999 -9999 -9999 -9999 -9999 18.3476 37.3607 31.5518 40.9713 37.7012 36.2912 22.2627 26.617 32.5294 26.2595 22.012 21.7858 31.8995 31.3785 16.3942 17.5297 19.5027 20.7332 21.5834 39.2265 37.7424 24.6564 16.1076 11.4627 12.8273 10.9406 11.5621 12.2721 9.96051 15.2163 13.0973 8.68245 15.1569 9.7973 14.1373 24.0523 26.2352 19.7055 10.128 5.87832 6.69938 16.7524 21.0679 22.6026 23.9134 23.9641 25.6046 28.6892 34.0513 27.0233 33.6896 26.8653
-9999 -9999 -9999 -9999 -9999 -9999 -9999 -9999 -9999 -9999 -9999 -9999 -9999 -9999 -9999 -9999 -9999 -9999 -9999 -9999 -9999 35.3112 38.432 29.8024 23.9997 24.07 26.3617 22.8616 35.4522 34.7338 33.6687 29.9842 37.2598 31.751 38.3557 26.3201 26.6103 28.9867 15.7623 33.9296 32.6855 27.9262 15.041 17.5096 16.5222 20.3362 17.4561 13.8929 12.2847 13.2121 15.1185 13.3384 12.8033 16.2799 11.252 8.52414 16.5178 14.1977 12.4895 20.8801 10.6947 6.03432 17.8245 18.7757 18.0431 30.6746 21.5487 29.0309 24.8621 31.6273 32.6495 37.4252 22.6005
-9999 -9999 -9999 -9999 -9999 -9999 -9999 -9999 -9999 -9999 -9999 -9999 -9999 -9999 -9999 -9999 -9999 -9999 -9999 -9999 -9999 30.1512 37.7457 46.9734 46.899 46.8831 44.053 37.3271 40.3667 30.9716 36.2283 34.3967 31.599 21.5261 34.4464 25.5212 31.2788 26.6051 36.1435 41.7353 31.4242 25.2401 17.5674 13.4682 11.3544 16.1224 12.9691 13.4601 8.43749 12.8562 10.415 13.2498 17.3607 13.4889 15.8126 11.3506 13.2647 16.5678 11.4565 14.1477 19.3401 6.89722 15.2159 15.3863 13.0961 16.1145 23.2601 17.5233 18.9135 16.1473 14.7822 27.0746 27.4842
