public/models/data/input/map/sulut/800/maptghk.asc
NCOLS 310
NROWS 227
XLLCORNER 510063.019283
YLLCORNER 210717.685435
CELLSIZE 800.000000
NODATA_VALUE       -9999
[rows 148 to 184 of 227, columns 0 to 84 of 310]
-9999 -9999 -9999 -9999 -9999 -9999 -9999 -9999 -9999 -9999 -9999 -9999 -9999 -9999 -9999 -9999 -9999 -9999 -9999 -9999 4.625 4 4 4 4 4 4 4 4 4.78125 6 6 6 6 6 5.35931 5.71875 6 6 5.57031 4 4 4 4 2.20313 2 2.95313 4 4 4 4 4.10938 5.77593 6 6 5.54688 2.4375 2 2 2.89844 4.91406 5.875 6 6 6 6 6 6 6 6 6 6 6 6 6 6 6 6 6 5.0625 5.00781 5.35938 5.14453 3.54688 3.03125
-9999 -9999 -9999 -9999 -9999 -9999 -9999 -9999 -9999 -9999 -9999 -9999 -9999 -9999 -9999 -9999 -9999 -9999 -9999 -9999 -9999 4 4 4 4 4 4 4 4 5.44531 6 6 6 6 6 4.625 4.91406 6 6 4.39844 4 4 4 3.33594 2.00781 2 2.28906 4 4 4 4 4 4.53125 5.375 4.78906 2.54688 2 2 2 2 2.82813 4.44531 5.88281 6 6 6 6 6 6 6 6 6 6 6 6 5.61832 6 6 6 5.34659 5 5 5 5 4.10156
-9999 -9999 -9999 -9999 -9999 -9999 -9999 -9999 -9999 -9999 -9999 -9999 -9999 -9999 -9999 -9999 -9999 -9999 -9999 -9999 -9999 -9999 4 4 4 4 4 4 4.15625 5.79688 5.25 4.97656 5.50781 6 6 5.05469 4.25 5.74219 4.9375 5.09375 4 4 3.85938 2.15625 2 2 2.25 4 4 4 4 4 4 4 3.80469 2.27344 2 2 2 2.03906 2.63281 4 4.11719 4.625 4.625 4.63281 6 5.98828 5.95313 6 6 6 6 5.93939 5.44922 5 5.54365 6 5.95928 5.83984 5.09766 5 5 5 4.80469
-9999 -9999 -9999 -9999 -9999 -9999 -9999 -9999 -9999 -9999 -9999 -9999 -9999 -9999 -9999 -9999 -9999 -9999 -9999 -9999 -9999 -9999 -9999 4 4 4 4 4 4 4 4 4 5.46875 6 6 5.25 4.21875 5.74219 4.10938 4 4 4 3.625 2 2 2 2.25 4 4 4 4 4 4 4 4 3.57813 2.67969 3.1875 3.5 3.65625 4 4 4 4.57031 5.26563 6 5.98438 5.61328 5.14063 5.97266 5.99219 5.64063 5.50391 5.03125 5 5 5.27155 5.50391 5.10938 5 5 5 5 5 4.92188
-9999 -9999 -9999 -9999 -9999 -9999 -9999 -9999 -9999 -9999 -9999 -9999 -9999 -9999 -9999 -9999 -9999 -9999 -9999 -9999 -9999 -9999 -9999 -9999 4 4 4 4 4 4 4 4 5.3125 6 5.16996 5.25 4 5.3125 4.25 4 4 4 3.92969 2.20313 2 2 2.25 4 4 4 4 4 4 4 4 4 4 4 4 4 4 4.08203 4.75391 5.45313 5.5 5.1875 5.16406 5 5 5.37109 5.37109 5 5 5 5 5 5 5 5 5 5 5 5 4.88571 3.92188
-9999 -9999 -9999 -9999 -9999 -9999 -9999 -9999 -9999 -9999 -9999 -9999 -9999 -9999 -9999 -9999 -9999 -9999 -9999 -9999 -9999 -9999 -9999 -9999 4 4 4 4 4 4 4 4 4.24219 4.6789 4.18349 5.11111 4 4.125 4.03125 4 4 4 4 2.25 2 2 2.25 4 4 4 4 4 4 4 4 4 4 4 4 4 4.11328 4.85156 5 5 5 5 5 5 5 5 5 5 5 5 5 5 5 5 5 5 5 4.85938 3.75781 3.14286 3
-9999 -9999 -9999 -9999 -9999 -9999 -9999 -9999 -9999 -9999 -9999 -9999 -9999 -9999 -9999 -9999 -9999 -9999 -9999 -9999 -9999 -9999 -9999 -9999 -9999 4 4 4 4 4 4 4 4 4 4 4 4 4 4 4 4 4 4 2.25 2 2 2.25 4 4 3.60938 2.16406 3.6875 4 4 4 4 4 4 4 4 4.76563 5 5 5 5 5 5 5 5 5 5 5 5 5 5 5 5 5 5 5 5 4.75 3 3 3
-9999 -9999 -9999 -9999 -9999 -9999 -9999 -9999 -9999 -9999 -9999 -9999 -9999 -9999 -9999 -9999 -9999 -9999 -9999 -9999 -9999 -9999 -9999 -9999 -9999 4 4 4 4 4 4 4 4 4 4 4 4 4 4 4 4 4 4 2.25 2 2 2.28906 4 4 2.51563 2 2.875 4 4 4 4 4 4 4 4.21484 5 5 5 5 5 5 5 5 5 5 5 5 5 5 5 5 5 5 5 5 5 5 3.60938 3 3
-9999 -9999 -9999 -9999 -9999 -9999 -9999 -9999 -9999 -9999 -9999 -9999 -9999 -9999 -9999 -9999 -9999 -9999 -9999 -9999 -9999 -9999 -9999 -9999 4 4 4 4 4 4 4 4 4 4 4 4 4 4 4 4 4 4 4 2.79688 2 2.01563 3.21094 4 3.78125 2.07031 2 2.57031 3.95313 4 4 4 4 4 4 4.3125 5 5 5 5 5 5 5 5 5 5 5 5 5 5 5 5 5 5 5 5 5 5 4.51563 3.03125 3
-9999 -9999 -9999 -9999 -9999 -9999 -9999 -9999 -9999 -9999 -9999 -9999 -9999 -9999 -9999 -9999 -9999 -9999 -9999 -9999 -9999 -9999 -9999 4 4 4 4 4 4 4 4 4 4 4 4 4 4 4 4 4 4 4 4 3.75 3 3.45313 4 4 3.1875 2 2 2 3.625 4 4 4 4 4 4 4.3125 5 5 5 5 5 5 5 5 5 5 5 5 5 5 5 5 5 5 5 5 5 5 5 3.25 3
-9999 -9999 -9999 -9999 -9999 -9999 -9999 -9999 -9999 -9999 -9999 -9999 -9999 -9999 -9999 -9999 -9999 -9999 -9999 -9999 -9999 -9999 2 2.25225 3.61719 4 4 4 4 4 4 4 4 4 4 4 4 4 4 4 4 4 4 4 4 4 4 4 2.32813 2 2 2.21875 3.95313 4 4 4 4 4 4 4.3125 5 5 5 5 5 5 5 5 5 5 5 5 5 5 5 5 5 5 5 5 5 4.85156 4.18359 3.63281 3.5625
-9999 -9999 -9999 -9999 -9999 -9999 -9999 -9999 -9999 -9999 -9999 -9999 -9999 -9999 -9999 -9999 -9999 -9999 -9999 -9999 -9999 -9999 2 2 2.03906 3.21875 4 4 4 4 4 4 4 4 4 4 4 4 4 4 4 4 4 4 4 4 4 4 2.64063 2 2 2.83594 4 4 4 4 4.39063 4.39063 4.78125 4.3125 5 5 5 5 5 5 5 5 5 5 5 5 5 5 5 5 5 5 5 5 4.86328 4.11328 4 4 4
-9999 -9999 -9999 -9999 -9999 -9999 -9999 -9999 -9999 -9999 -9999 -9999 -9999 -9999 -9999 -9999 -9999 -9999 -9999 -9999 -9999 2 2 2 2 2 2.82031 3.97656 4 4 4 4 4 4 4 4 4 4 4 4 4 4 4 4 4 4 4 4 3.49219 2.08594 2 2.91406 4 4 4 4.09375 4.32813 4.90625 4.15625 4.19531 5 5 5 5 5 5 5 5 5 5 5 5 5 5 5 5 4.99219 4.9375 4.85938 4.52734 4 4 4 4 3.45313
-9999 -9999 -9999 -9999 -9999 -9999 -9999 -9999 -9999 -9999 -9999 -9999 -9999 -9999 -9999 -9999 -9999 -9999 -9999 -9999 -9999 2 2 2 2 2 2 2.52344 3.28125 3.98438 4 4 4 4 4 4 4 4 4 4 4 4 4 4 4 4 4 4 4 3.49219 2.91406 3.875 4 4 4 4.92188 4.6875 4.1875 4 4 4.76563 5 5 5 5 5 4.94531 4.875 4.875 4.875 4.5625 4.5625 4.5625 4.5625 4.5625 4.25 4.21875 4 4 4 4 4 4 4 3.0625
-9999 -9999 -9999 -9999 -9999 -9999 -9999 -9999 -9999 -9999 -9999 -9999 -9999 -9999 -9999 -9999 -9999 -9999 -9999 -9999 -9999 2 2 2 2 2 2 2 2 2.9375 3.76563 4 4 4 4 4 4 4 4 4 4 4 4 4 4 4 4 4 4 4 4 4.09375 4.75 4.95313 5.09375 4.23438 4 4 4 4 4.26563 4.57813 4.5 4.32422 4.1875 4.1875 4.10547 4 4 4 4 4 4 4 4 4 4 4 4 4 4 4 4 4 3.0625
-9999 -9999 -9999 -9999 -9999 -9999 -9999 -9999 -9999 -9999 -9999 -9999 -9999 -9999 -9999 -9999 -9999 -9999 -9999 -9999 -9999 2 2 2 2 2 2 2 2 2 2.09375 2.52344 2.875 3.42188 3.8125 4 4 4 4 4 4 4 4 4 4 4 4 4.39063 4.78125 4 4.78125 4.84375 4.73438 4.0625 4.9375 4 4 4 4 4 4 4 4 4 4 4 4 4 4 4 4 4 4 4 4 4 4 4 4 4 4 4 4 4 3.33594
-9999 -9999 -9999 -9999 -9999 -9999 -9999 -9999 -9999 -9999 -9999 -9999 -9999 -9999 -9999 -9999 -9999 -9999 -9999 -9999 -9999 2 2 2 2 2 2 2 2 2 2 2 2 2 2.07813 2.125 2.125 2.125 2.47656 2.75 3.80469 4 4 4 4 4 4 4 4 4 4 4 4 4 4 5.17188 4 4 4 4 4 4 4 4 4 4 4 4 4 4 4 4 4 4 4 4 4 4 4 4 4 4 4 4 3.76563
-9999 -9999 -9999 -9999 -9999 -9999 -9999 -9999 -9999 -9999 -9999 -9999 -9999 -9999 -9999 -9999 -9999 -9999 -9999 -9999 -9999 -9999 -9999 1.30769 1.83721 2 2 2 2 2 2 2 2 2 2 2 2 2 2 2 2.03906 3.38281 4 4 4 4 4 4 4 4 4 4 4 4 4.46875 4 4 4 4 4 4 4 4 4 4 4 4 4 4 4 4 4 4 4 4 4 4 4 4 4 4 4 4 4 4
-9999 -9999 -9999 -9999 -9999 -9999 -9999 -9999 -9999 -9999 -9999 -9999 -9999 -9999 -9999 -9999 -9999 -9999 -9999 -9999 -9999 -9999 -9999 -9999 1 1.74227 2 2 2 2 2 2 2 2 2 2 2 2 2 2 2 2.0625 3.00781 3.73438 4 4 4 4 4 4 4 4 4 4 4.3125 4 4 4 4 4 4 4 4 4 4 4 4 4 4 4 4 4 4 4 4 4 4 3.79688 3.96875 4 4 4 4 4 4
-9999 -9999 -9999 -9999 -9999 -9999 -9999 -9999 -9999 -9999 -9999 -9999 -9999 -9999 -9999 -9999 -9999 -9999 -9999 -9999 -9999 -9999 -9999 -9999 -9999 -9999 -9999 2 2 2 -9999 -9999 2 2 2 2 2 2 2 2 2 2 2 2.09375 2.375 2.60938 3 3.38281 4 4 4 4 4 4 4 4 4 4 4 4 4 4 4 4 4 4 4 4 4 4 4 4 4 4 4 4 3.67969 2.07031 2.48438 3.9375 4 4 4 4 4
-9999 -9999 -9999 -9999 -9999 -9999 -9999 -9999 -9999 -9999 -9999 -9999 -9999 -9999 -9999 -9999 -9999 -9999 -9999 -9999 -9999 -9999 -9999 -9999 -9999 -9999 -9999 -9999 -9999 -9999 -9999 -9999 -9999 2 2 2 2 2 2 2 2 2 2 2 2 2 2 2.04688 3.27344 4 4 4 4 4 4 4 4 4 4 4 4 4 4 4 4 4 4 4 4 4 4 4 4 4 4 4 2.96875 2 2 3.32813 4 4 4 4 4
-9999 -9999 -9999 -9999 -9999 -9999 -9999 -9999 -9999 -9999 -9999 -9999 -9999 -9999 -9999 -9999 -9999 -9999 -9999 -9999 -9999 -9999 -9999 -9999 -9999 -9999 -9999 -9999 -9999 -9999 -9999 -9999 -9999 -9999 2 2 2 2 2 2 2 2 2 2 2 2 2 2 2.03125 3.6875 4 4 4 4 4 4 4 4 4 4 4 4 4 4 4 4 4 4 4 4 4 4 4 4 4 3.96094 2.34375 2 2 2.66406 4 4 4 4 4
-9999 -9999 -9999 -9999 -9999 -9999 -9999 -9999 -9999 -9999 -9999 -9999 -9999 -9999 -9999 -9999 -9999 -9999 -9999 -9999 -9999 -9999 -9999 -9999 -9999 -9999 -9999 -9999 -9999 -9999 -9999 -9999 -9999 -9999 -9999 2 2 2 2 2 2 2 2 2 2 2 2 2 2 2.19531 3.48438 3.92969 4 4 4 4 4 4 4 4 4 4 4 4 4 4 4 4 4 4 3.875 3.96875 4 4 4 3.64063 2 2 2 2 4 4 4 4 4
-9999 -9999 -9999 -9999 -9999 -9999 -9999 -9999 -9999 -9999 -9999 -9999 -9999 -9999 -9999 -9999 -9999 -9999 -9999 -9999 -9999 -9999 -9999 -9999 -9999 -9999 -9999 -9999 -9999 -9999 -9999 -9999 -9999 -9999 -9999 2 2 2 2 2 2 2 2 2 2 2 2 2 2 2 2 2.21875 3.00781 3.73438 4 4 4 4 4 4 4 4 4 4 4 4 4 3.79688 3.20313 2.73438 2 2.45313 3.4375 3.96875 3.57031 2.50781 2 2 2 2 3.72656 4 4 4 4
-9999 -9999 -9999 -9999 -9999 -9999 -9999 -9999 -9999 -9999 -9999 -9999 -9999 -9999 -9999 -9999 -9999 -9999 -9999 -9999 -9999 -9999 -9999 -9999 -9999 -9999 -9999 -9999 -9999 -9999 -9999 -9999 -9999 -9999 -9999 -9999 2 2 2 2 1.87109 1.8125 1.84766 2 2 2 2 2 2 2 2 2 2 2.09375 3.58594 4 4 4 4 4 4 4 4 4 4 4 3.36719 2.07031 2 2 2 2 2 2.32813 2.02344 2 2 2 2 2 3.25781 4 4 4 4
-9999 -9999 -9999 -9999 -9999 -9999 -9999 -9999 -9999 -9999 -9999 -9999 -9999 -9999 -9999 -9999 -9999 -9999 -9999 -9999 -9999 -9999 -9999 -9999 -9999 -9999 -9999 -9999 -9999 -9999 -9999 -9999 -9999 -9999 -9999 -9999 -9999 2 1.83607 1.26724 1.03906 1 1.02344 1.125 1.32031 1.65234 1.85938 2 2 2 2 2 2 2 2.54688 4 4 4 4 4 4 4 4 4 4 3.73438 2.0625 2 2 2 2 2 2 2 2 2 2 2 2 2 2.59375 4 4 4 4
-9999 -9999 -9999 -9999 -9999 -9999 -9999 -9999 -9999 -9999 -9999 -9999 -9999 -9999 -9999 -9999 -9999 -9999 -9999 -9999 -9999 -9999 -9999 -9999 -9999 -9999 -9999 -9999 -9999 -9999 -9999 -9999 -9999 -9999 -9999 -9999 -9999 -9999 -9999 1 1 1 1 1 1 1 1.03167 1.09091 1.34959 1.375 1.6875 1.72656 2 2 2 3.41406 4 4 4 4 4 4 4 4 4 2.85938 2 2 2 2 2 2 2 2 2 2 2 2 2 2 2.04688 3.49219 4 4 4
-9999 -9999 -9999 -9999 -9999 -9999 -9999 -9999 -9999 -9999 -9999 -9999 -9999 -9999 -9999 -9999 -9999 -9999 -9999 -9999 -9999 -9999 -9999 -9999 -9999 -9999 -9999 -9999 -9999 -9999 -9999 -9999 -9999 -9999 -9999 -9999 -9999 -9999 -9999 -9999 -9999 -9999 -9999 -9999 -9999 -9999 -9999 -9999 -9999 1 1 1 1 1.17578 1.41016 1.70313 3.66016 4 4 4 4 4 4 4 3.76563 2 2 2 2 2 2 2 2 2 2 2 2 2 2 2 2 2.875 4 4 4
-9999 -9999 -9999 -9999 -9999 -9999 -9999 -9999 -9999 -9999 -9999 -9999 -9999 -9999 -9999 -9999 -9999 -9999 -9999 -9999 -9999 -9999 -9999 -9999 -9999 -9999 -9999 -9999 -9999 -9999 -9999 -9999 -9999 -9999 -9999 -9999 -9999 -9999 -9999 -9999 -9999 -9999 -9999 -9999 -9999 -9999 -9999 -9999 -9999 -9999 -9999 -9999 1 1 1 1 1.5625 3.8125 4 4 4 4 4 4 3.375 2 2 2 2 2 2 2 2 2 2 2 2 2 2 2.23438 2.48438 3.5625 4 4 4
-9999 -9999 -9999 -9999 -9999 -9999 -9999 -9999 -9999 -9999 -9999 -9999 -9999 -9999 -9999 -9999 -9999 -9999 -9999 -9999 -9999 -9999 -9999 -9999 -9999 -9999 -9999 -9999 -9999 -9999 -9999 -9999 -9999 -9999 -9999 -9999 -9999 -9999 -9999 -9999 -9999 -9999 -9999 -9999 -9999 -9999 -9999 -9999 -9999 -9999 -9999 -9999 -9999 -9999 -9999 1 1 1.45703 2.73438 3.4375 4 4 4 4 3.375 2 2 2 2 2 2 2 2 2 2 2 2 2 2.40625 3.97656 4 4 4 4 4
-9999 -9999 -9999 -9999 -9999 -9999 -9999 -9999 -9999 -9999 -9999 -9999 -9999 -9999 -9999 -9999 -9999 -9999 -9999 -9999 -9999 -9999 -9999 -9999 -9999 -9999 -9999 -9999 -9999 -9999 -9999 -9999 -9999 -9999 -9999 -9999 -9999 -9999 -9999 -9999 -9999 -9999 -9999 -9999 -9999 -9999 -9999 -9999 -9999 -9999 -9999 -9999 -9999 -9999 -9999 1 1 1 1 1 2.41797 4 4 4 3.375 2 2 2 2 2 2 2 2 2 2 2 2 2 2.21875 3.92969 4 4 4 4 4
-9999 -9999 -9999 -9999 -9999 -9999 -9999 -9999 -9999 -9999 -9999 -9999 -9999 -9999 -9999 -9999 -9999 -9999 -9999 -9999 -9999 -9999 -9999 -9999 -9999 -9999 -9999 -9999 -9999 -9999 -9999 -9999 -9999 -9999 -9999 -9999 -9999 -9999 -9999 -9999 -9999 -9999 -9999 -9999 -9999 -9999 -9999 -9999 -9999 -9999 -9999 -9999 -9999 -9999 -9999 1 1 1 1 1 1.07031 3.23828 4 4 3.375 2 2 2 2 2 2 2 2 2 2 2 2 2 2 3.875 4 4 4 4 4
-9999 -9999 -9999 -9999 -9999 -9999 -9999 -9999 -9999 -9999 -9999 -9999 -9999 -9999 -9999 -9999 -9999 -9999 -9999 -9999 -9999 -9999 -9999 -9999 -9999 -9999 -9999 -9999 -9999 -9999 -9999 -9999 -9999 -9999 -9999 -9999 -9999 -9999 -9999 -9999 -9999 -9999 -9999 -9999 -9999 -9999 -9999 -9999 -9999 -9999 -9999 -9999 -9999 -9999 -9999 1 1 1 1 1 1 1.11719 2.40625 3.69531 2.83594 1.94141 2 2 2 2 2 2 2 2 2 2 2 2 2 2.33203 2.875 3.57813 3.8125 3.8125 3.22656
-9999 -9999 -9999 -9999 -9999 -9999 -9999 -9999 -9999 -9999 -9999 -9999 -9999 -9999 -9999 -9999 -9999 -9999 -9999 -9999 -9999 -9999 -9999 -9999 -9999 -9999 -9999 -9999 -9999 -9999 -9999 -9999 -9999 -9999 -9999 -9999 -9999 -9999 -9999 -9999 -9999 -9999 -9999 -9999 -9999 -9999 -9999 -9999 -9999 -9999 -9999 -9999 -9999 -9999 -9999 -9999 1 1 1 1 1 1 1 1 1 1.01563 1.67578 2 2 2 1.99219 1.875 1.875 1.875 1.875 1.5625 1.5625 1.5625 1.48438 1.01563 1 1 1 1 1
-9999 -9999 -9999 -9999 -9999 -9999 -9999 -9999 -9999 -9999 -9999 -9999 -9999 -9999 -9999 -9999 -9999 -9999 -9999 -9999 -9999 -9999 -9999 -9999 -9999 -9999 -9999 -9999 -9999 -9999 -9999 -9999 -9999 -9999 -9999 -9999 -9999 -9999 -9999 -9999 -9999 -9999 -9999 -9999 -9999 -9999 -9999 -9999 -9999 -9999 -9999 -9999 -9999 -9999 -9999 -9999 -9999 1 1 1 1 1 1 1 1 1 1.08203 1.1875 1.1875 1.1875 1.17578 1 1 1 1 1 1 1 1 1 1 1 1 1 1
-9999 -9999 -9999 -9999 -9999 -9999 -9999 -9999 -9999 -9999 -9999 -9999 -9999 -9999 -9999 -9999 -9999 -9999 -9999 -9999 -9999 -9999 -9999 -9999 -9999 -9999 -9999 -9999 -9999 -9999 -9999 -9999 -9999 -9999 -9999 -9999 -9999 -9999 -9999 -9999 -9999 -9999 -9999 -9999 -9999 -9999 -9999 -9999 -9999 -9999 -9999 -9999 -9999 -9999 -9999 -9999 -9999 -9999 -9999 -9999 1 1 1 1 1 1 1 1 1 1 1 1 1 1 1 1 1 1 1 1 1 1 1 1 1
-9999 -9999 -9999 -9999 -9999 -9999 -9999 -9999 -9999 -9999 -9999 -9999 -9999 -9999 -9999 -9999 -9999 -9999 -9999 -9999 -9999 -9999 -9999 -9999 -9999 -9999 -9999 -9999 -9999 -9999 -9999 -9999 -9999 -9999 -9999 -9999 -9999 -9999 -9999 -9999 -9999 -9999 -9999 -9999 -9999 -9999 -9999 -9999 -9999 -9999 -9999 -9999 -9999 -9999 -9999 -9999 -9999 -9999 -9999 -9999 -9999 1 1 1 1 1 1 1 1 1 1 1 1 1 1 1 1 1 1 1 1 1 1 1 1
