public/models/data/input/map/sulut/800/maptghk.asc
NCOLS 310
NROWS 227
XLLCORNER 510063.019283
YLLCORNER 210717.685435
CELLSIZE 800.000000
NODATA_VALUE       -9999
[rows 111 to 147 of 227, columns 170 to 254 of 310]
-9999 -9999 -9999 6 6 6 6 6 6 6 6 6 6 6 6 6 6 6 6 6 6 6 6 6 6 6 6 6 6 6 6 6 3.5625 3 3 3.10547 5.4375 6 6 6 6 6 6 6 6 6 6 6 6 6 6 6 6 5.125 2.96875 2 2 2 2 2 2 2 2 2 2 2 2 2 3 6 6 6 5.6875 6 6 5 3.45313 2.09375 5.25 6 6 6 6 6 4.51563
-9999 -9999 6 6 6 6 6 6 6 6 6 6 6 6 6 6 6 6 6 6 6 6 6 6 6 6 6 6 6 6 6 5.92969 3.45703 3 3 3 3.14063 5.64844 6 6 6 6 6 6 6 6 6 6 6 6 6 6 6 6 6 5.25 3.4375 2 2 2 2 2 2 2 2 2 2 2 3 6 6 6 6 6 6 6 5.90625 5.39063 6 6 6 6 6 6 5.57031
-9999 -9999 2.6474 5.6875 6 6 6 6 6 6 6 6 6 6 5.375 3.75 3.75 3.51563 2.8125 5.54688 6 6 6 6 6 6 6 6 6 6 6 5.09766 3 3 3 3 3.04688 5.27344 6 6 6 6 6 6 6 6 6 6 6 6 6 6 6 6 6 6 5.46875 2.1875 2 2 2 2 2 2 2 2 2 2 4.40625 6 6 6 6 6 6 6 6 6 6 6 6 6 6 6 6
-9999 2 4.06723 6 6 6 6 6 6 6 6 6 6 5.6875 2.25 2 2 2 2 2.9375 6 6 6 6 6 6 6 6 6 6 5.94141 3.57422 3 3 3 3 3 3.62109 6 6 6 6 6 6 6 6 6 6 6 6 6 6 6 6 6 6 6 4.9375 3.5625 2.15625 2 2 2 2 2 2 2.15625 4.89063 5.96875 6 6 6 6 6 6 6 6 6 6 6 6 6 6 6 6
6 3.7551 5.76563 6 6 6 6 6 6 6 6 6 6 3.75 2 2 2 2 2 3.32813 6 6 6 6 6 6 6 6 6 6 4.46484 3 3 3 3 3 3 3 4.92188 6 6 6 6 6 6 6 6 6 6 6 6 6 6 6 6 6 6 6 6 4.04688 2 2 2 2 2.07813 3.10938 4.20313 6 6 6 6 6 6 6 6 6 6 6 6 6 6 6 6 6 6
2.18605 4.15625 6 6 6 6 6 6 6 6 6 6 6 2.8125 2 2 2.0625 2.09375 2 4.5 6 6 6 6 6 6 6 6 6 5.88281 3 3 3 3 3 3 3 3 3.65625 5.97656 6 6 6 6 6 6 6 6 6 6 6 6 6 6 6 6 6 6 6 6 3.67188 2.28125 3.10938 5 4.92188 6 6 6 6 6 6 6 6 6 6 6 6 6 6 6 6 6 6 6 6
2.06818 3.54688 6 6 6 6 6 6 6 6 6 6 6 2.5 2 2 3.51563 3.75 3.0625 5.64063 6 6 6 6 6 6 6 6 6 5.0625 3 3 3 3 3 3 3 3 3 5.8125 6 6 6 6 6 6 6 6 6 6 6 6 6 6 6 6 6 6 6 6 6 5.51563 5.39063 6 6 6 6 6 6 6 6 6 6 6 6 6 6 6 6 6 6 6 6 6 6
3.84091 6 6 6 6 6 6 6 5.5625 5.5 5.84375 6 6 4.15625 3.39063 4.64063 5.40625 6 6 6 6 6 6 6 6 6 6 6 6 5.88281 3 3 3 3 3 3 3 3 3.65625 5.97656 6 6 6 6 6 6 6 6 6 6 6 6 6 6 6 6 6 6 6 6 6 6 6 6 6 6 6 6 6 6 6 6 6 6 6 6 6 6 6 6 6 6 6 6 6
5.20319 6 6 6 6 6 6 5.0625 4.01563 4 4.98438 6 6 5.84375 5.96094 6 6 6 6 6 6 6 6 6 6 6 6 6 6 6 3 3 3 3 3 3 3.13672 3.56641 4.25781 5.96094 6 6 6 6 6 6 6 6 6 6 6 6 6 6 6 6 6 6 6 6 6 6 6 6 6 6 6 6 6 6 6 6 6 6 6 6 6 6 6 6 6 6 6 6 6
5.60938 6 6 6 6 6 5.98438 4.54688 4 4 4.50781 5.60156 5.13281 4.27344 4.78125 6 6 6 6 6 6 6 6 6 6 6 6 6 6 6 3 3 3 3 3 3.39453 3.92188 4 4 4.78125 6 6 6 6 6 6 6 6 6 6 6 6 6 6 6 6 6 6 6 6 6 6 6 6 6 6 6 6 6 6 6 6 6 6 6 6 6 6 6 6 6 6 6 6 6
6 6 6 6 6 5.97656 4.52734 3.97656 4 4 4 4 4 4 4 4.92969 5.125 5.63281 5.90625 5.75 5.35938 5.9375 6 6 6 6 6 6 6 5.29688 3 3 3 3 3.41016 4 4 4 4 4 4.77344 5.75 5.95313 6 6 6 6 6 6 6 6 6 6 6 6 6 6 6 6 6 6 6 6 6 6 6 6 6 6 6 6 6 6 6 6 6 6 6 6 6 6 6 6 6 6
6 6 6 5.85938 4.85156 3.52734 3 3.8125 4 4 4 4 4 4 4 4 4 4 4.23438 4 4.11719 5.5 6 6 6 6 6 6 6 4.41797 3 3 3 3.18359 3.96875 4 4 4 4 4 4 4 4.42188 5.35156 5.97656 6 6 6 6 6 6 6 6 6 6 6 6 6 6 6 6 6 6 6 6 6 6 6 6 6 6 6 6 6 6 6 6 6 6 6 6 6 6 6 -9999
6 6 6 4.66406 3 3 3 3.8125 4 4 4 4 4 4 4 4 4 4 4 4.9375 5.63281 5.9375 6 6 6 6 6 6 4.58203 3.02344 3 3 3.18359 3.90625 4 4 4 4 4 4 4 4 4 4 5.52344 6 6 6 6 6 6 6 6 6 6 6 6 6 6 6 6 6 6 6 6 6 6 6 6 6 6 6 6 6 6 6 6 6 6 6 6 6 6 -9999 -9999
6 6 6 5.95313 5.8125 5.46094 3.76172 3.20703 3.72656 4 4 4 4 4 4 4 4 4 4 4.42969 6 6 6 6 6 6 6 6 3.375 3 3 3 3.69531 4 4 4 4 4 4 4 4 4 4 4 4.27344 5.02344 6 6 6 6 6 6 6 6 6 6 6 6 6 6 6 6 6 6 6 6 6 6 6 6 6 6 6 6 6 6 6 6 6 6 6 6 -9999 -9999 -9999
6 6 6 6 6 6 5.33203 3 3 3.29297 3.27344 5.09375 5.375 5.21875 4.75 4.55469 4.75 5.57031 6 6 6 6 6 6 6 6 6 5.37891 3 3 3 3.04688 3.88281 4 4 4 4 4 4 4 4 4 4 4 4 4 4.74219 5.85938 6 6 6 6 6 6 6 6 6 6 6 6 6 6 6 6 6 6 6 6 6 6 6 6 6 6 6 6 6 6 6 6 3.21212 -9999 -9999 -9999 -9999
6 6 6 6 6 6 5.6129 3 3 3 3 4.08984 5.92969 6 6 6 6 6 6 6 6 6 6 6 6 6 6 4.08984 3 3 3 3.26172 4 4 4 4 4 4 4 4 4 4 4 4 4 4 4 4.83594 5.96875 6 6 6 6 6 6 6 6 6 6 6 6 6 6 6 6 6 6 6 6 6 6 6 6 6 6 6 6 6 5.5625 3.24887 2 -9999 -9999 -9999 -9999
6 6 6 6 6 6 5.42213 3 3 3 3 3 4.20703 6 6 6 6 6 6 6 6 6 6 6 6 6 5.8125 3.28125 3 3 3 3.69141 4 4 4 4 4 4 4 4 4 4 4 4 4 4 4 4 4.48438 5.19531 5.76563 6 6 6 6 6 6 6 6 6 6 6 6 6 6 6 6 6 6 6 6 6 6 6 6 6 6 5.39063 3.10938 2 2 -9999 -9999 -9999 -9999
3.96094 3.49219 5.68359 6 6 5.89453 3.5534 3 3 3 3 3 3.07031 4.19531 4.60547 6 6 6 6 6 6 6 6 6 6 6 5.71875 3.75 3.09375 3 3.13281 3.96875 4 4 4 4 4 4 4 4 4 4 4 4 4 4 4 4 4 4 4.09375 4.25 4.36719 5.22656 5.96875 6 6 6 6 6 6 6 6 6 6 6 6 6 6 6 6 6 6 6 6 6 4.70313 2.48438 2 2 -9999 2 2 2 -9999
3 3 4.26563 6 6 4.64063 3 3 3 3 3 3 3 3 3 5.12109 6 6 6 6 6 6 6 6 6 6 6 6 3.96094 3 3.47266 4 4 4 4 4 4 4 4 4 4 4 4 4 4 4 4 4 4 4 4 4 4 4 4.3125 5.80469 6 6 6 6 6 6 6 6 6 6 6 6 6 6 6 6 6 6 6 5.79167 2.16667 2 2 2 -9999 2 2 2 -9999
3 3 3.35156 5.40234 5.51953 3.29297 3 3 3 3 3 3 3 3 2.96094 3.48047 6 6 6 6 6 6 6 6 6 6 6 6 5.25 3 3.6875 4 4 4.46094 5.33594 4.27344 4 4 4 4 4 4 4 4 4 4 4 4 4 4 4 4 4 4 4 4 4.82031 5.97656 6 6 6 6 6 6 6 6 6 6 6 6 6 6 6 -9999 -9999 -9999 -9999 -9999 -9999 -9999 -9999 -9999 -9999 -9999 -9999
3 3 3 3 3 3 3 3 3 3 3 3 2.97656 2.62109 2.09375 3.10547 5.67188 6 6 6 6 6 6 6 6 6 5.95313 5.33203 4.96875 3 3.6875 4 4.20313 5.78125 6 5.77344 4.875 4.71094 4 4 4 4 4 4 4 4 4 4 4 4 4 4 4 4 4 4 4 5.35156 6 6 6 6 6 6 6 6 6 6 6 6 6 -9999 -9999 -9999 -9999 -9999 -9999 -9999 2 2 -9999 -9999 -9999 -9999 -9999
3 3 3 3 3.46875 4.60938 5.15625 6.25 5.15625 3.59375 2.96875 2.36328 2.15234 2 2.3125 3 5.07422 6 6 6 6 6 6 6 6 6 4.86328 3 3 3 3.6875 4.51563 5.92969 6 6 6 6 5.625 4 4 4 4 4 4 4 4 4 4 4 4 4 4 4 4 4 4 4 5 6 6 6 6 6 6 6 6 6 6 -9999 -9999 -9999 -9999 -9999 -9999 -9999 -9999 -9999 -9999 -9999 -9999 -9999 -9999 -9999 -9999 -9999
3 3.125 4.23438 5.95313 6.8125 7 7 7 7 6.84375 3.98828 2.52344 2.04688 2 2.625 3 4.07813 6 6 6 6 6 6 6 6 6 4.6875 3 3 3 3.60938 4.875 6 6 6 6 5.9375 4.63281 4 4 4 4 4 4 4 4 4 4 4 4 4 4 4 4 4 4 4 5 6 6 6 6 6 6 6 6 -9999 -9999 -9999 -9999 -9999 -9999 -9999 -9999 -9999 -9999 -9999 -9999 -9999 -9999 -9999 -9999 -9999 -9999 -9999
4.79688 6.78125 7 7 7 7 7 7 7 7 6.28125 3 2.38281 2 2.82031 3 3.14063 5.64844 6 6 6 6 6 6 6 6 5.56641 3 3 3 3.375 4.875 6 6 6 5.76563 4.61719 4 4 4 4 4 4 4 4 4 4 4 4 4 4 4 4 4 4 4 4 5.39063 6 6 6 6 6 6 6 6 -9999 -9999 -9999 -9999 -9999 -9999 -9999 -9999 -9999 -9999 -9999 -9999 -9999 -9999 -9999 -9999 -9999 -9999 -9999
6.0625 7 7 7 7 7 7 7 7 7 7 4.46875 2.78516 2.62891 3 3 3 5.37891 6 6 6 6 6 6 6 6 5.47656 3.6875 3.51172 3.17969 3.08203 4.42969 5.875 5.32813 4.46875 4 4 4 4 4 4 4 4 4 4 4 4 4 4 4 4 4 4 4 4 4 4.52344 6 6 6 6 6 6 6 6 6 6 -9999 -9999 -9999 -9999 -9999 -9999 -9999 -9999 -9999 -9999 -9999 -9999 -9999 -9999 -9999 -9999 -9999 -9999
6.0625 7 7 7 7 7 7 7 7 7 7 5.79688 3 3 3 3 3 3.72656 5.95313 6 6 6 6 6 6 5.98438 4.59375 4 4 4 3.84375 4 4 4 4 4 4 4 4 4 4 4 4 4 4 4 4 4 4 4 4 4 4 4 4 4.13281 5.71875 6 6 6 6 6 6 6 6 6 6 -9999 -9999 -9999 -9999 -9999 -9999 -9999 -9999 -9999 -9999 -9999 -9999 -9999 -9999 -9999 -9999 -9999 -9999
5.59375 7 7 7 7 7 7 7 7 7 7 6.90625 3.84375 3 3 3 3 3 5.44922 6 6 6 6 6 6 5.05469 4 4 4 4 4 4 4 4 4 4 4 4 4 4 4 4 4 4 4 4 4 4 4 4 4 4 4 4 4.11719 5.57031 6 6 6 6 6 6 6 6 -9999 -9999 -9999 -9999 -9999 -9999 -9999 -9999 -9999 -9999 -9999 -9999 -9999 -9999 -9999 -9999 -9999 -9999 -9999 -9999 -9999
4.30469 7 7 7 7 7 7 7 7 7 7 7 5.89063 3.125 3 3 3 3 4.45313 6 6 6 6 6 5.64844 4.07813 4 4 4 4 4 4 4 4 4 4 4 4 4 4 4 4 4 4 4 4 4 4 4 4 4 4 4 4 5.52344 6 6 6 6 6 6 6 6 6 -9999 -9999 -9999 -9999 -9999 -9999 -9999 -9999 -9999 -9999 -9999 -9999 -9999 -9999 -9999 -9999 -9999 -9999 -9999 -9999 -9999
4.07031 6.53125 7 7 7 7 7 7 7 7 7 7 7 5.84375 3 3 3 3 3.51563 5.94141 6 6 6 6 4.59375 4 4 4 4 4 4 4 4 4 4 4 4 4 4 4 4 4 4 4 4 4 4 4 4 4 4 4 4 5.05469 5.99219 6 4.80795 4.01802 4.30508 6 5.31507 4.12155 4.25726 5.40299 -9999 -9999 -9999 -9999 -9999 -9999 -9999 -9999 -9999 -9999 -9999 -9999 -9999 -9999 -9999 -9999 -9999 -9999 -9999 -9999 -9999
4 5.89844 7 7 7 7 7 7 7 7 7 7 7 6.6875 3.25 3 3 3 3 5.16797 6 6 6 5.07031 4 4 4 4 4 4 4 4 4 2.99219 2.42969 2.42969 3.36719 3.9375 4 4 4 4 4 4 4 4 4 4 4 4 4 4.09375 5.57031 6 6 5.92 4 2 2 4.72727 -9999 -9999 2 -9999 -9999 6 -9999 -9999 -9999 -9999 -9999 -9999 -9999 -9999 -9999 -9999 -9999 -9999 -9999 -9999 -9999 -9999 -9999 -9999 -9999
4 5.19531 7 7 7 7 7 7 7 7 7 7 7 7 5.20313 3 3 3 3 4.75781 6 6 5.95313 4.375 4 4 4 4 4 4 4 4 3.83594 2.14063 2 2 2 2.25 3.20313 3.98438 4 4 4 3.85938 3.98438 4 4 4 4 4 4.09375 5.05469 6 6 6 5.5122 -9999 2 2 -9999 -9999 -9999 -9999 -9999 -9999 -9999 -9999 -9999 -9999 -9999 -9999 -9999 -9999 -9999 -9999 -9999 -9999 -9999 -9999 -9999 -9999 -9999 -9999 -9999 -9999
4 4.1875 6.08594 5.59375 6.46094 7 7 7 7 7 7 7 7 7 7 3.625 3 3 3 4.05469 4.73438 3.63281 4.64844 4 4 4 4 4 4 4 3.58594 2.375 2.30469 2 2 2 2 2 2 2.35156 2.80469 2.72656 2.375 2.16406 3.25 4 4 4 4 4.42969 5.76563 6 6 6 6 6 -9999 -9999 -9999 -9999 -9999 -9999 2 -9999 -9999 -9999 -9999 -9999 -9999 -9999 -9999 -9999 -9999 -9999 -9999 -9999 -9999 -9999 -9999 -9999 -9999 -9999 -9999 -9999 -9999
4.5 4.5 4.5 5.46094 6 6.82422 7 7 7 7 7 7 7 7 7 4.25 3 3 3 3 3.04688 4.91016 4.375 4 4 4 4 4 4 3.84375 2.35156 2 2 2 2 2 2 2 2 2 2 2 2 2 2.42969 4 4 4.36719 5.47656 5.90625 6 6 6 6 4.98438 6 -9999 -9999 -9999 -9999 2 -9999 -9999 -9999 -9999 -9999 -9999 -9999 -9999 -9999 -9999 -9999 -9999 -9999 -9999 -9999 -9999 -9999 -9999 -9999 -9999 -9999 -9999 -9999 -9999
6 6 6 6 6 6.6875 7 7 7 7 7 7 7.3125 7.27344 7 3.85938 3 3.17578 3.9375 4.81641 5.53125 5.92188 4.25781 4 4 4 4 4 4 2.78906 2 2 2 2 2 2 2 2 2 2 2 2 2.50781 2.78125 3.67969 4.03906 5.36719 5.9375 6 6 6 6 6 6 3.66234 -9999 -9999 -9999 6 -9999 2 -9999 -9999 -9999 -9999 -9999 -9999 -9999 -9999 -9999 -9999 -9999 -9999 -9999 -9999 -9999 -9999 -9999 -9999 -9999 -9999 -9999 -9999 -9999 -9999
6 6 6 6 6 6.6875 7 7 7 7 7 7 7 7 7 3 3.60938 5.53125 6 6 5.82813 4.34375 3.78125 4 4 4 4 3.85938 2.54688 2 2 2 2 2 2 2 2 2 2 2 2 2.17188 3.88281 4 4 4.59375 6 6 6 6 6 6 6 6 3.5 4.18182 6 6 6 -9999 -9999 -9999 -9999 -9999 -9999 -9999 -9999 -9999 -9999 -9999 -9999 -9999 -9999 -9999 -9999 -9999 -9999 -9999 -9999 -9999 -9999 -9999 -9999 -9999 -9999
6 6 6 6 6 6.82422 7 7 7 7 7 7 7 7 7 3.96094 5.10938 6 6 6 3.95313 2 2.09375 2.5 3.08594 3.35938 3.75 3.03125 2 2 2 2 2 2 2 2 2 2 2 2 2 2.25 4 4 4 5.45313 6 6 6 6 6 6 6 6 3.68116 5.44444 6 -9999 -9999 -9999 -9999 -9999 -9999 -9999 -9999 -9999 -9999 -9999 -9999 -9999 -9999 -9999 -9999 -9999 -9999 -9999 -9999 -9999 -9999 -9999 -9999 -9999 -9999 -9999 -9999
6 6 6 6 6 6.84375 7 7 7 7 7 7 7 7 7 5.14063 6 6 6 6 2.23438 2 2 2 2 2 2 2 2 2 2 2 2 2 2 2 2 2 2 2 2 2.20313 3.92969 4 4 6 6 6 6 6 6 6 6 6 -9999 -9999 -9999 -9999 -9999 -9999 -9999 -9999 -9999 -9999 -9999 -9999 -9999 -9999 -9999 -9999 -9999 -9999 -9999 -9999 -9999 -9999 -9999 -9999 -9999 -9999 -9999 -9999 -9999 -9999 -9999
