public/models/data/input/map/sulut/800/maptghk.asc
NCOLS 310
NROWS 227
XLLCORNER 510063.019283
YLLCORNER 210717.685435
CELLSIZE 800.000000
NODATA_VALUE       -9999
[rows 185 to 221 of 227, columns 85 to 169 of 310]
1 1 1 1 1 1 1 1 1 1 1 1 1 1 1 1 1 1 1 1 1 1 1 1 1 1 1 1 5.78632 6 6 6 6 6 6 6 6 6 6 6 6 6 6 6 6 6 6 6 6 6 6 6 4.96484 4.125 5.6875 6 4.88672 1.29297 1 1 1 1 1 1 1 1 1 1 1 1 1 1 1 2.34766 6 6 6 6 6 6 6 6 6 5.6875 4.04688
1 1 1 1 1 1 1 1 1 1 1 1 1 1 1 1 1 1 1 1 1 1 1 1 1 1.13672 3.87109 5.28571 6 6 6 6 6 6 6 6 6 6 6 6 6 6 6 6 6 6 6 6 6 6 6 5.33594 1.23438 1 1.39063 2.25 1.3125 1 1 1 1 1 1 1 1 1 1 1 1 1 1 1 1 3.8125 6 6 6 6 6 6 6 6 6 5.625 4.03125
1 1 1 1 1 1 1 1 1 1 1 1 1 1 1 1 1 1 1 1 1 1 1 1 1 1.34632 6 6 6 6 6 6 6 6 6 6 6 6 6 6 6 6 6 6 6 6 6 6 6 6 5.94141 2.30859 1 1 1 1 1 1 1 1 1 1 1 1 1 1 1 1 1 1 1 1 1 5.08203 6 6 6 6 6 6 6 6 5.8125 4.63281 4
1 1 1 1 1 1 1 1 1 1 1 1 1 1 1 1 1 1 1 1 1 1 1 1 1 1.1699 5.23729 6 6 6 6 6 6 6 6 6 6 6 6 6 6 6 6 6 6 6 6 6 6 6 5.76563 2.25 2.25 3.61719 4.30078 5.19922 1.39063 1 1 1 1 1 1 1 1 1 1 1 1 1 1 1 1.52734 5.72656 6 6 6 6 5.5625 5.5 5.5 4.75781 4.125 4 4
1 1 1 1 1 1 1 1 1 1 1 1 1 1 1 1 1 1 1 1 1 1 1 1 1 1 1.83665 2.875 3.0339 4.78319 3.94922 5.60938 6 6 6 6 6 6 6 6 6 6 6 6 6 5.90234 3.26563 3.94922 6 6 6 6 4.4375 2.48438 1.3125 1.29297 1 1 1 1 1 1 1 1 1 1 1 1 1 1 1 1 2.91406 6 6 6 4.90625 3.8125 4.01563 4 4 4 4 4 4
1 1 1 1 1 1 1 1 1 1 1 1 1 1 1 1 1 1 1 1 1 1 1 1 1 1 1 1 1 1 1 1.19531 3.63672 5.73934 5.6748 5.71591 6 6 6 6 6 6 6 6 5.90234 2.46484 1 1 3.24609 5.10156 4.61328 2.75781 1 1 1 1 1 1 1 1 1 1 1 1 1 1 1 1 1 1 1 1 4.08594 5.9375 4.96875 2.78125 2.67969 4 4 4 4 4 4 4 4
1 1 1 1 1 1 1 1 1 1 1 1 1 1 1 1 1 1 1 1 1 1 1 1 1 1 1 1 1 1 1 1 1 1 1 1.56641 5.45313 6 6 6 6 6 6 5.84375 2.54297 1 1 1 1 1 1 1 1 1 1 1 1 1 1 1 1 1 1 1 1 1 1 1 1 1 1 1.05469 4.05469 2.90625 2 2.24219 3.21875 4 4 4 4 4 4 4 4
1 1 1 1 1 1 1 1 1 1 1 1 1 1 1 1 1 1 1 1 1 1 1 1 1 1 1 1 1 1 1 1 1 1 1 1 3.1875 6 6 6 6 6 5.23828 2.38672 1 1 1 1 1 1 1 1 1 1 1 1 1 1 1 1.11719 1.1875 1.04688 1.09375 1.46094 1.40234 1.11719 1 1 1.16406 1.1875 1.32422 1.89453 2 2.18359 2.69531 3.01172 3.64063 4 4 4 4 4 4 4 4
1 1 1 1 1 1 1 1 1 1 1 1 1 1 1 1 1 1 1 1 1 1 1 1 1 1 1 1 1 1 1 1 1 1 1 1 1.27344 4.69141 6 6 6 5.84375 1.89844 1 1 1 1 1 1 1 1 1 1 1 1.23438 2.45313 2.89844 1.875 1.875 1.95313 2 1.90625 1.9375 2 2 1.98438 2.45313 3 3.10938 3.125 2.5 2.39063 2.5625 2.94531 3 3.58984 4 4 4 4 4 4 4 4 4
1 1 1 1 1 1 1 1 1 1 1 1 1 1 1 1 1 1 1 1 1 1 1 1 1 1 1 1 1 1 1 1 1 1 1 1 1 1.05859 4.92578 6 5.90234 2.54297 1 1 1 1 1 1 1 1 1 1 1 2.05469 3.8125 2.90625 2.03125 2 2 2 2 2 2.50781 2.97656 3.64063 3.88281 4 4 4 4 4 3.36719 3 3 3.58594 4 4 4 4 4 4 4 4 4 4
1 1 1 1 1 1 1 1 1 1 1 1 1 1 1 1 1 1 1 1 1 1 1 1 1 1 1 1 1 1 1 1 1 1 1 1 1 1 1.39063 2.5625 1.97656 1 1 1 1 1 1 1 1 1 1.07031 2.00781 3.53125 3.8125 2.46875 2 2 2 2.03125 2.51563 3.60938 4 4 4 4 4 4 4 4 4 3.97656 3.15625 3 3.09375 3.96094 4 4 4 4 4 4 4 4 4 4
1 1 1 1 1 1 1 1 1 1 1 1 1 1 1 1 1 1 1 1 1 1 1 1 1 1 1 1 1 1 1 1 1 1 1.19531 1.625 1.15625 1 1 1 1 1 1 1 1 1 1 1 1.21094 2.25391 3.53125 4 4 3.03125 2 2 2.03125 2.5625 3.54688 4 4 4 4 4 4 4 4 4 4 4 3.9375 3 3 3.46875 4.875 4 4 4 4 4 4 4 4 4 4
1 1 1 1 1 1 1 1 1 1 1 1 1 1 1 1 1 1 1 1 1 1 1 1 1 1 1 1 1 1 1 1 1.21635 2.81641 5.25781 6 2.54297 1 1 1 1 1 1 1 1 1 1.24609 2.5 3.75391 4 4 4 4 3.63281 3 3 3.51563 4 4 4 4 4 4 4 4 4 4 4 4 4 3.68359 3 3 3.75 6 4 4 4 4 4 4 4 4 4.09375 4.14063
1 1 1 1 1 1 1 1 1 1 1 1 1 1 1 1 1 1 1 1 1 1 1 1 1 1 1 1 1 1 1 1 1.42 5.25781 6 6 4.20313 1 1 1 1 1 1 1 1.23438 3.03906 3.78906 4 4 4 4 4 4 4 4 4 4 4 4 4 4 4 4 4 4 4 4 4 4 4 3.625 3 3 3.32813 5.89453 4.89844 4 4 4 4 4 4 4 5.39844 4.39844
1 1 1 1 1 1 1 1 1 1 1 1 1 1 1 1 1 1 1 1 1 1 1 1 1 1 1 1 1 1 1 1 1 1.17578 1.3125 2.875 4.69141 3.34375 1 1 1 1 1 1.23438 3.46094 4 4 4 4 4 4 4 4 4 4 4 4 4 4 4 4 4 4 4 4 4 4 4 4 4 3.625 3 3 3 4.64063 5.95313 5.32813 4.625 4.625 4.23438 4 4 4.23438 5.59375 4.04688
2 2 2 2 2 2 2 2 2 1.80469 1.6875 1.6875 1.6875 1.6875 1.6875 1.47266 1.375 1.375 1.375 1.375 1.25781 1.05469 1 1 1 1 1 1 1 1 1 1 1 1 1 1 1.87891 5.39453 3.05078 1 1 1 1.26953 3.47266 4 4 4 4 4 4 4 4 4 4 4.03906 4.98438 4.61719 4 4 4 4 4 4 4 4 4 4 4 4 4 3.41016 3 3 3 3.99609 6 6 6 6 5.80469 4 4.13281 5.57031 5.5 4
2 2 2 2 2 2 2 2 2 2 2 2 2 2 2 2 2 2 2 2 2 1.96875 1.69141 1.4375 1.14453 1.07813 1 1 1 1 1 1.01563 1.125 1.125 1.16406 1 1 1 1 1.23438 1.43359 2.42969 3.625 4 4 4 4 4 4 4 4 4 4 4.29688 5.61719 6 5.85938 4.16406 4 4 4 4.10938 5.26563 4.1875 4 4 4 4 4 3.96094 3.07813 3 3 3.09375 5.30859 6 6 6 6 6 5.5 5.71875 6 5.71875 4.28906
2 2 2 2 2 2 2 2 2 2 2 2 2 2 2 2 2 2 2 2 2 2 2 2 2 1.92969 1.8125 1.55859 1.5 1.5 1.51953 1.83594 2 2.09375 3.60547 3.4375 3.4375 3.4375 3.4375 3.78906 4 4 4 4 4 4 4 4 4 4 4 4 4.07031 5.67969 6 6 6 4.88281 4 4 4 4.36719 6 5.26563 4 4 4 4 3.89453 3.26563 3 3 3.92578 5.46094 6 6 6 6 6 6 6 6 6 6 6
2 2 2 2 2 2 2 2 2 2 2 2 2 2 2 2 2 2 2 2 2 2 2 2 2 2 2 2 2 2 2 2 2.52344 3.53906 4 4 4 4 4 4 3.75 3.9375 4 4 4 4 4 4 4 4 4 4.0625 5.36719 6 6 6 6 5.75781 4.77344 4.5 4.92969 5.70313 6 4.875 4 4 4 3.89453 3.09375 3 3.57422 5.09766 5.92969 6 6 6 6 6 6 6 6 6 6 6 6
2 2.13672 2.25391 2 2 2 2 2 2 2 2 2 2 2 2 2 2 2 2 2 2 2 2 2 2 2 2 2 2 2 2 2.82031 3.97656 4 4 4 4 3.65368 3.29688 3.0625 3 3.04688 3.12109 3.55078 3.98047 4 4 4 4 4 4 4.83594 6 6 6 6 6 6 6 6 6 6 6 4.67969 4 4 4 4.16406 5.69531 5.8125 5.94141 6 6 6 6 6 6 6 6 6 6 6 6 6 6
2.90234 3 2.87109 2.03906 2 2 2 2 2 2 2 2 2 2 2 2 2 2 2 2 2 2 2 2 2 2 2 2 2 2 2.03906 3.61719 4 4 4 3.99609 3.625 3 3 3.11719 3.11719 3 3 3 4.25 5.375 5.84375 4.86719 4.01563 4 4 5.46094 6 6 6 6 6 6 6 6 6 6 6 4.48438 4 4 4.01563 5.25781 6 6 6 6 6 6 6 6 6 6 6 6 6 6 -9999 -9999 6
3 3 2.53906 2 2 2 2 2 2 2 2 2 2 2.14844 2.53516 2.73047 2.39844 2.0625 2 2 2 2 2.0625 2.30078 2.4375 2.63281 2.30078 2.02344 2 2 2 2.29688 3.83594 4 3.92188 3.52734 3 3 3 5.57813 5.66016 3.90234 3.84375 4.54688 5.95313 6 6 6 4.52344 4 4.28906 5.21094 6 6 6 6 6 6 6 6 6 6 6 5.5625 4.21094 4 4.25 6 6 6 6 6 6 6 6 6 6 6 6 6 6 6 -9999 -9999 6
3 2.68359 2.03516 2 2 2 2 2 2 2 2 2 2.03516 2.83984 3 3 3 2.90625 2.8125 2.8125 2.8125 2.8125 2.90625 3 3 3 3 2.63281 2.02344 2 2 2 3.21875 3.32422 3.07031 3 3 3 4 5.96484 6 6 6 6 6 6 6 6 5.63281 5.58594 5.76563 6 6 6 6 6 6 6 6 6 6 6 6 6 5.375 4 4.20313 5.92969 6 6 6 6 6 6 6 6 6 6 6 6 6 6 -9999 -9999 -9999
2.86719 2.03125 2 2 2 2 2 2 2 2 2 2 2.46094 3 3 3 3 3 3 3 3 3 3 3 3 3 3 3 2.71484 2.36719 2.2381 2.49167 2.97656 3 3 3 3 3.55078 5.76136 6 6 6 6 6 6 6 6 6 6 6 6 6 6 6 6 6 6 6 6 6 6 6 6 6 5.91189 4 4 5.11005 6 6 6 6 6 6 6 6 6 6 -9999 -9999 -9999 -9999 -9999 -9999 -9999
2.42969 2 2 2 2 2 2 2 2 2 2 2 2.5 3 3 3 3 3 3 3 3 3 3 3 3 3 3 3 3 3 3 3 3 4.64063 4.42857 3.72816 3.11719 5.26172 6 6 6 6 6 6 6 6 6 5.60938 6 6 6 6 6 6 6 6 6 6 6 6 -9999 -9999 6 6 6 4 4 4 -9999 -9999 6 6 6 6 6 -9999 -9999 -9999 -9999 -9999 -9999 -9999 -9999 -9999 -9999
2.52734 2 2 2 2 2 2 2 2 2 2 2 2.5 3 3 3 3 3 3 3 3 3 3 3 3 3 3 3 3 3 3 3 3 5.17195 5.91262 6 5.70703 6 6 6 6 6 6 6 6 5.35938 2.70313 2 3.78125 6 6 6 6 -9999 -9999 -9999 -9999 -9999 -9999 -9999 -9999 -9999 -9999 -9999 -9999 -9999 -9999 -9999 -9999 -9999 -9999 6 -9999 -9999 -9999 -9999 -9999 -9999 -9999 -9999 -9999 -9999 -9999 -9999 -9999
2.625 2 2 2 2 2 2 2 2 2 2 2 2.5 3 3 3 3 3 3 3 3 3 3 3 3 3 3 3 3 3 3.19922 4.3125 4.3125 4.3125 4.19531 6 6 6 6 6 6 6 6 6 6 3.85567 2 2 2.26446 5.65625 6 -9999 -9999 -9999 -9999 -9999 -9999 -9999 -9999 -9999 -9999 -9999 -9999 -9999 -9999 -9999 -9999 -9999 -9999 -9999 -9999 -9999 -9999 -9999 -9999 -9999 -9999 -9999 -9999 -9999 -9999 -9999 -9999 -9999 -9999
2.87891 2 2 2 2 2 2 2 2 2 2 2 2.24609 3 3 3 3 3 3 3 3 3 3 3 3 3 3 3 3.14063 4.44141 5.64844 6 6 5.8125 5.25 5.25 5.80083 6 6 6 -9999 -9999 -9999 -9999 -9999 -9999 2 2 2 4.26415 6 -9999 -9999 -9999 -9999 -9999 -9999 -9999 -9999 -9999 -9999 -9999 -9999 -9999 -9999 -9999 -9999 -9999 -9999 -9999 -9999 -9999 -9999 -9999 -9999 -9999 -9999 -9999 -9999 -9999 -9999 -9999 -9999 -9999 -9999
2.95313 2.0625 2 2 2 2 2 2 2 2 2 2 2.14063 2.96875 3 3 3 3 3 3 3 3 3 3 3 4.10156 4.6875 4.10156 5.60156 6 5.9375 4.0625 3.33333 2.64 2 2 3.22917 5.67742 6 -9999 -9999 -9999 -9999 -9999 -9999 -9999 -9999 -9999 2 2 -9999 -9999 -9999 -9999 -9999 -9999 -9999 -9999 -9999 -9999 -9999 -9999 -9999 -9999 -9999 -9999 -9999 -9999 -9999 -9999 -9999 -9999 -9999 -9999 -9999 -9999 -9999 -9999 -9999 -9999 -9999 -9999 -9999 -9999 -9999
3.05859 4.35938 5.125 5.4375 2.9375 2 2 2 2 2 2 2 2 2.67969 3 3.70313 5.28516 5.8125 3.9375 3 3 3.70313 4.69922 4.875 5.16797 6 6 6 6 6 5.4555 2 2 2 -9999 -9999 -9999 -9999 -9999 -9999 -9999 -9999 -9999 -9999 -9999 -9999 -9999 -9999 -9999 -9999 -9999 -9999 -9999 -9999 -9999 -9999 -9999 -9999 -9999 -9999 -9999 -9999 -9999 -9999 -9999 -9999 -9999 -9999 -9999 -9999 -9999 -9999 -9999 -9999 -9999 -9999 -9999 -9999 -9999 -9999 -9999 -9999 -9999 -9999 -9999
5.41406 6 6 6 6 4.57813 2 2 2 2 2 2 2 2.25391 4.61719 6 6 6 6 6 6 6 6 6 6 6 6 -9999 -9999 -9999 6 -9999 -9999 -9999 -9999 -9999 -9999 -9999 -9999 -9999 -9999 -9999 -9999 -9999 -9999 -9999 -9999 -9999 -9999 -9999 -9999 -9999 -9999 -9999 -9999 -9999 -9999 -9999 -9999 -9999 -9999 -9999 -9999 -9999 -9999 -9999 -9999 -9999 -9999 -9999 -9999 -9999 -9999 -9999 -9999 -9999 -9999 -9999 -9999 -9999 -9999 -9999 -9999 -9999 -9999
6 6 6 6 6 5.85938 2.59375 2 2 2 2 2 2 2 5.73984 6 6 6 6 6 6 6 6 6 6 -9999 -9999 -9999 -9999 -9999 -9999 -9999 -9999 -9999 -9999 -9999 -9999 -9999 -9999 -9999 -9999 -9999 -9999 -9999 -9999 -9999 -9999 -9999 -9999 -9999 -9999 -9999 -9999 -9999 -9999 -9999 -9999 -9999 -9999 -9999 -9999 -9999 -9999 -9999 -9999 -9999 -9999 -9999 -9999 -9999 -9999 -9999 -9999 -9999 -9999 -9999 -9999 -9999 -9999 -9999 -9999 -9999 -9999 -9999 -9999
6 6 6 6 6 6 5.51563 4 2.90625 2.75 4.07813 3.4375 2.14063 3.32787 5.25581 -9999 6 6 6 6 6 6 6 6 6 -9999 -9999 -9999 -9999 -9999 -9999 -9999 -9999 -9999 -9999 -9999 -9999 -9999 -9999 -9999 -9999 -9999 -9999 -9999 -9999 -9999 -9999 -9999 -9999 -9999 -9999 -9999 -9999 -9999 -9999 -9999 -9999 -9999 -9999 -9999 -9999 -9999 -9999 -9999 -9999 -9999 -9999 -9999 -9999 -9999 -9999 -9999 -9999 -9999 -9999 -9999 -9999 -9999 -9999 -9999 -9999 -9999 -9999 -9999 -9999
6 6 6 6 6 6 6 6 6 6 6 5.78125 5.59375 6 -9999 -9999 -9999 -9999 -9999 -9999 6 6 6 -9999 -9999 -9999 -9999 -9999 -9999 -9999 -9999 -9999 -9999 -9999 -9999 -9999 -9999 -9999 -9999 -9999 -9999 -9999 -9999 -9999 -9999 -9999 -9999 -9999 -9999 -9999 -9999 -9999 -9999 -9999 -9999 -9999 -9999 -9999 -9999 -9999 -9999 -9999 -9999 -9999 -9999 -9999 -9999 -9999 -9999 -9999 -9999 -9999 -9999 -9999 -9999 -9999 -9999 -9999 -9999 -9999 -9999 -9999 -9999 -9999 -9999
6 6 6 6 6 6 6 6 6 6 6 6 6 6 -9999 -9999 -9999 -9999 -9999 -9999 -9999 -9999 -9999 -9999 -9999 -9999 -9999 -9999 -9999 -9999 -9999 -9999 -9999 -9999 -9999 -9999 -9999 -9999 -9999 -9999 -9999 -9999 -9999 -9999 -9999 -9999 -9999 -9999 -9999 -9999 -9999 -9999 -9999 -9999 -9999 -9999 -9999 -9999 -9999 -9999 -9999 -9999 -9999 -9999 -9999 -9999 -9999 -9999 -9999 -9999 -9999 -9999 -9999 -9999 -9999 -9999 -9999 -9999 -9999 -9999 -9999 -9999 -9999 -9999 -9999
-9999 -9999 -9999 -9999 -9999 -9999 -9999 -9999 -9999 -9999 6 -9999 -9999 -9999 -9999 -9999 -9999 -9999 -9999 -9999 -9999 -9999 -9999 -9999 -9999 -9999 -9999 -9999 -9999 -9999 -9999 -9999 -9999 -9999 -9999 -9999 -9999 -9999 -9999 -9999 -9999 -9999 -9999 -9999 -9999 -9999 -9999 -9999 -9999 -9999 -9999 -9999 -9999 -9999 -9999 -9999 -9999 -9999 -9999 -9999 -9999 -9999 -9999 -9999 -9999 -9999 -9999 -9999 -9999 -9999 -9999 -9999 -9999 -9999 -9999 -9999 -9999 -9999 -9999 -9999 -9999 -9999 -9999 -9999 -9999
-9999 -9999 -9999 -9999 -9999 -9999 -9999 -9999 -9999 -9999 -9999 -9999 -9999 -9999 -9999 -9999 -9999 -9999 -9999 -9999 -9999 -9999 -9999 -9999 -9999 -9999 -9999 -9999 -9999 -9999 -9999 -9999 -9999 -9999 -9999 -9999 -9999 -9999 -9999 -9999 -9999 -9999 -9999 -9999 -9999 -9999 -9999 -9999 -9999 -9999 -9999 -9999 -9999 -9999 -9999 -9999 -9999 -9999 -9999 -9999 -9999 -9999 -9999 -9999 -9999 -9999 -9999 -9999 -9999 -9999 -9999 -9999 -9999 -9999 -9999 -9999 -9999 -9999 -9999 -9999 -9999 -9999 -9999 -9999 -9999
