public/models/data/input/map/sulut/800/maptghk.asc
NCOLS 310
NROWS 227
XLLCORNER 510063.019283
YLLCORNER 210717.685435
CELLSIZE 800.000000
NODATA_VALUE       -9999
[rows 148 to 184 of 227, columns 85 to 169 of 310]
3.08203 5.34375 5.57813 3.09375 4.11328 6 6 6 6 6 4.31325 5.01493 2 2.26446 4.32813 6 6 6 6 6 6 6 6 6 6 6 6 6 6 6 6 6 6 6 6 6 6 6 6 6 6 6 6 6 6 6 6 6 6 6 6 6 6 6 6 5.48438 5.34375 6 6 6 6 6 6 6 6 6 6 6 6 6 6 6 6 6 5.92188 2.3125 2 2 2 2.625 4.03125 5.625 6 6 6
3 3.19922 4.71094 3.14063 3 5.12109 6 6 6 6 6 5.96875 5.75 5.8125 6 6 6 6 6 6 6 6 6 6 6 6 6 6 6 6 6 6 6 6 6 6 5.72656 4.86719 5.29688 5.76563 6 5.72656 5.6875 6 6 6 6 6 6 6 6 6 6 6 5.57143 3.05859 3.02344 3.83203 5.88281 4.53516 3.65625 6 6 6 6 6 6 6 6 6 6 6 6 6 6 4.5 2.3125 2 2 3.21094 5.49219 6 6 6 6
3 3 3.35156 5.27344 3.12891 3.05859 5.07422 6 6 6 6 6 6 6 6 5.98047 4.51563 4.47656 6 6 6 6 6 6 6 6 6 6 6 6 6 5.55469 4.50781 4 4 4 4 4 4 4 4 4 4 4.89844 5.64063 5.875 5.60156 5.78125 6 6 6 6 6 6 4.80952 3 3 3 3.99609 4.75781 3.05859 4.52344 3.17578 3 3.58594 3.64453 5.05078 5.95833 6 6 6 6 6 6 6 6 6 4.98438 5.84375 6 6 6 6 6 6
3 3 3 3.98438 4.00781 3 3.09375 4.39453 5.83594 6 6 6 6 6 6 4.80859 1 2.13281 6 6 6 6 6 6 6 6 6 6 6 6 5.92188 4.1875 4 4 4 4 4 4 4 4 4 4 4 4 4 4 4 4.09375 5.39844 5.90625 6 6 6 6 4.50877 3 3 3 3 4.46484 3 3 3 3 3 3 3 3.60938 4.80469 5.80645 6 6 6 6 6 6 6 6 6 6 6 6 6 6 6
3 3 3 3.375 4.96875 3 3 3 3.31641 3.5625 3.62109 5.44922 6 5.76563 4.08594 1.29297 1 4.47656 6 6 6 6 6 6 6 6 6 6 4.30078 2.52344 1.9375 1.65625 1.73828 2.5 1.62109 1.5625 1.5625 1.5625 1.5625 1.85547 2.85156 3.4375 2.67578 2.20703 2.5 2.85156 3.68359 4 4 4.23438 5.88281 6 6 6 5.3617 4.11328 3 3 3 3.17578 3 3 3 3 3 3 3 3 3 3.64453 5.30085 6 6 6 6 6 6 6 6 6 6 6 6 6 6
3 3 3 3 3.82031 3 3 3 3 3 3 2.90625 4.28125 2.15234 1 1 1 1.60547 5.64844 6 4.65234 3.1875 4.69141 6 6 6 6 5.41406 1.23438 1 1 1 1 1 1 1 1 1 1 1 1 1 1 1 1 1 1.16406 1.84375 3.55469 4 5.02344 6 6 6 6 5.97656 5.00391 3 3 3 3 2.89063 2.49609 2.4375 2.53516 3 3 3 3 3 3.59766 6 6 6 6 6 6 6 6 6 6 6 6 6 6
3 3 3 3 3 3.21484 3.35156 3.29297 2.21875 1.75 1.125 1.03125 1 1 1 1 1 1 2.15234 2.38672 1 1 1.05859 4.92578 6 6 6 6 4.94531 1.09766 1 1 1 1 1 1 1 1 1 1 1 1 1 1 1 1 1 1 1.33984 3.00391 4.16406 6 6 6 6 6 5.96026 4.30705 3 3 2.96094 2.11328 2 2 2 2.19922 2.92188 3 3 3 3.01172 3.53906 6 6 6 6 6 6 6 6 6 6 6 6 6
3 3 3 3.01563 3.55078 4 4 3.4375 1 1 1 1 1 1 1 1 1 1 1 1 1 1 1 1 2.46484 2.5625 2.5625 3.83203 4.51563 3.44141 1.09766 1 1 1 1 1 1 1 1 1 1 1 1 1 1 1 1 1 1 1 1.58594 2.85547 5.55078 6 6 6 5.59006 3.9375 3.11719 3.15625 3.70703 3.57031 2.02344 2 2 2 2.17578 2.92969 3 3.05859 3.89063 5.47266 6 6 6 6 6 6 6 6 6 6 6 6 6
3 3 3.02344 3.63672 4 4 4 3.4375 1 1 1 1 1 1 1 1 1 1 1 1 1 1 1 1 1 1 1 1 1 1.78125 1.39063 1 1 1 1 1 1 1 1 1 1 1 1 1 1 1 1 1 1 1 1 1 2.21094 5.72656 6 6 4.84153 3.75 3.75 3.98438 4 4 3.16406 2.03125 2 2 2 2.67578 3 4.40625 6 6 6 6 6 6 6 6 6 6 6 6 6 6 6
3 3.08607 3.63281 4 4 4 4 3.4375 1 1 1 1 1 1 1 1 1 1 1 1 1 1 1 1 1 1 1 1 1 1 1 1 1 1 1 1 1 1 1 1 1 1 1 1 1 1 1 1 1 1 1 1 1 1.91797 5.0625 6 4.60606 4 4 3.88281 2.96094 2.72656 3.92969 2.875 2 2 2 2.5 3 3 3.5625 5.39063 6 6 6 6 6 6 6 6 6 6 6 6 6
3.81557 3.94949 4 4 4 4 4 3.4375 1 1 1 1 1 1 1 1 1 1 1 1 1 1 1 1 1 1 1 1 1 1 1 1 1 1 1 1 1 1 1 1 1 1 1 1 1 1 1 1 1 1 1 1 1 1 2.75781 6 4.43956 4 4 3.375 2 2 2.72656 3.9375 2.61719 2 2 2.5 3 3 3 4.72266 5.85938 5.25 5.95313 6 6 6 6 6 6 6 6 6 6
4 4 4 4 4 4 4 3.4375 1 1 1 1 1 1 1 1 1 1 1 1 1 1 1 1 1 1 1 1 1 1 1 1 1 1 1 1 1 1 1 1 1 1 1 1 1 1 1 1 1 1 1 1 1 1 1.09766 5.37209 4 4 4 3.57031 2 2 2.25781 3.92188 3.96094 2.78125 2 2.69531 3 3 3 3.08203 3.15234 3 5.8125 6 6 6 6 6 6 6 6 6 6
3.1699 3.88672 4 4 4 4 4 3.4375 1 1 1 1 1 1 1 1 1 1 1 1 1 1 1 1 1 1 1 1 1 1 1 1 1 1 1 1 1 1 1 1 1 1 1 1 1 1 1 1 1 1 1 1 1 1 1 3.14286 4.2139 4 4 4 2.23438 2 2 3.51563 4 4 4 3.78516 3.04688 3 3 3 3.09375 4.48828 5.75391 6 6 6 6 6 6 6 6 6 6
3 3.14844 3.74219 4 4 4 4 3.4375 1 1 1 1 1 1 1 1 1 1 1 1 1 1 1 1 1 1 1 1 1 1 1 1 1 1 1 1 1 1 1 1 1 1 1 1 1 1 1 1 1 1 1 1 1 1 1 1.2 4.46512 4 4 4 2.89844 2 2 3.39844 4 4 4 4 3.35938 3 3 3.16406 5.44922 4.83984 3 6 6 6 6 6 6 6 6 6 6
3 3 3.03516 3.89844 4 4 4 3.4375 1 1 1 1 1 1 1 1 1 1 1 1 1 1 1 1 1 1 1 1 1 1 1 1 1 1 1 1 1 1 1 1 1 1 1 1 1 1 1 1 1 1 1 1 1 1 1 1 3.7931 4 4 4 3.5625 2 2.92969 3.95313 4 4 4 4 3.73828 3.01172 3 3.07031 4.32422 3.36328 3 5.53125 6 6 6 6 6 6 6 6 6
3 3 3 3.875 4 4 4 3.92969 1.32813 1 1 1 1 1 1 1 1 1 1 1 1 1 1 1 1 1 1 1 1 1 1 1 1 1 1 1 1 1 1 1 1 1 1 1 1 1 1 1 1 1 1 1 1 1 1 1 2.08772 4 4 4 3.98438 3.35938 3.95313 4 4 4 4 4 4 3.0625 3 3 3 3 3 4.82813 6 6 6 6 6 6 6 6 6
3 3 3 3.875 4 4 4 4 1.375 1 1 1 1 1 1 1 1 1 1 1 1 1 1 1 1 1 1 1 1 1 1 1 1 1 1 1 1 1 1 1 1 1 1 1 1 1 1 1 1 1 1 1 1 1 1 1 1.90291 4 4 4 4 4 4 4 4 4 4 4 4 3.35547 3 3 3 3 3 4.41797 6 6 6 6 6 6 6 6 6
3.35547 3.03516 3.14844 3.96094 4 4 4 4 1.375 1 1 1 1 1 1 1 1 1 1 1 1 1 1 1 1 1 1 1 1 1 1 1 1 1 1 1 1 1 1 1 1 1 1 1 1 1 1 1 1 1 1 1 1 1 1 1 1 3.77551 4 4 4 4 4 4 4 4 4 4 4 3.58984 3 3 3 3 3.05859 5.41406 6 6 6 6 6 6 6 6 6
4 3.89063 3.875 4 4 4 4 4 1.99609 1.375 2.3125 2.3125 2.3125 1.28125 1 1 1 1 1 1 1 1 1 1 1 1 1 1 1 1 1 1 1 1 1 1 1 1 1 1 1 1 1 1 1 1 1 1 1 1 1 1 1 1 1 1 1.46875 5.61991 4.22749 4 4 4 4 4 4 4 4 4 4 3.92188 3.4375 3.24609 3 3 4.75781 6 6 6 6 6 6 6 6 6 6
4 4 4 4 4 4 4 4 4 4 4 4 4 2.3125 1 1 1 1 1 1 1 1 1 1 1 1 1 1 1 1 1 1 1 1 1 1 1 1 1 1 1 1 1 1 1 1 1 1 1 1 1 1 1 1 1 1 2.69922 6 5.8914 4.3128 4 4 4 4 4 4 4 4 4 4 4 3.83984 3.03516 3 5.34375 6 6 6 6 6 6 6 6 6 6
4 4 4 4 4 4 4 4 4 4 4 4 4 2.3125 1 1 1 1 1 1 1 1 1 1 1 1 1 1 1 1 1 1 1 1 1 1 1 1 1 1 1 1 1 1 1 1 1 1 1 1 1 1 1 1 1 3.91016 5.84375 6 6 5.26829 4 4 4 4 4 4 4 4 4 4 4 4 3.1875 3 3.23438 4.07813 5.8125 6 6 6 6 6 6 6 6
4 4 4 4 4 4 4 4 4 4 4 4 4 2.3125 1 1 1 1 1 1 1 1 1 1 1 1 1 1 1 1 1 1 1 1 1 1 1 1 1 1 1 1 1 1 1 1 1 1 1 1 1 1 1 1 3.44141 6 6 6 6 5.57031 4 4 4 4 4 4 4 4 4 4 4 3.92188 3.07031 3 3 3 4.37109 6 6 6 6 6 6 6 6
4 4 4 4 4 4 4 4 4 4 4 4 4 1.66797 1 1 1 1 1 1 1 1 1 1 1 1 1 1 1 1 1 1 1 1 1 1 1 1 1 1 1 1 1 1 1 1 1 1 1 1 1 1 1 1.95703 5.90234 6 6 6 6 6 5.33594 4.47656 4.125 4.01563 4 4 4 4 4.07031 4.71094 4.3125 3.75781 3.09375 3.42188 4.125 4.06641 4.71094 6 6 6 6 6 6 6 6
4 4 4 4 4 4 4 4 4 4 4 4 4 1.375 1 1 1 1 1 1 1 1 1 1 1 1 1 1 1 1 1 1 1 1 1 1 1 1 1 1 1 1 1 1 1 1 1 1 1 1 1 1 1.60547 5.25781 6 6 6 6 6 6 6 6 6 4.99219 4 4 4 4.04688 5.42969 6 5.96875 5.39063 5.625 6 6 6 6 6 6 6 6 6 6 6 6
4 4 4 4 4 4 4 4 4 4 4 4 3.71875 1.1875 1 1 1 1 1 1 1 1 1 1 1 1 1 1 1 1 1 1 1 1 1 1 1 1 1 1 1 1 1 1 1 1 1 1 1 1 1 2.58203 5.53125 6 6 6 6 6 6 6 6 6 6 5.90625 4.53125 4 4 4.80469 6 6 6 6 6 6 6 6 6 6 6 6 6 6 6 6 6
4 4 4 4 4 4 4 4 4 4 4 4 3.4375 1 1 1 1 1 1 1 1 1 1 1 1 1 1 1 1 1 1 1 1 1 1 1 1 1 1 1 1 1 1 1 1 1 1 1 1 1 2.54297 5.84375 6 6 6 6 6 6 6 6 6 6 6 6 5.92188 5.125 5.20313 5.95313 6 6 6 6 6 6 6 6 6 6 6 6 6 6 6 6 6
4 4 4 4 4 4 4 4 4 4 4 4 3.4375 1 1 1 1 1 1 1 1 1 1 1 1 1 1 1 1 1 1 1 1 1 1 1 1 1 1 1 1 1 1 1 1 1 1 1 1.39063 4.02734 5.90234 6 6 6 6 6 6 6 6 6 6 6 6 6 6 6 6 6 6 6 6 6 6 6 6 6 6 6 6 6 6 6 6 6 6
4 4 4 4 4 4 4 4 4 4 4 4 2.79297 1 1 1 1 1 1 1 1 1 1 1 1 1 1 1 1 1 1 1 1 1 1 1 1 1 1 1 1 1 1 1 1 1 1 2.62109 6 6 6 6 6 6 6 6 6 6 6 6 6 6 6 6 6 6 6 6 6 6 6 6 6 6 6 6 6 6 6 6 6 6 6 6 6
4 4 4 4 4 4 4 4 4 4 4 4 2.38281 1 1 1 1 1 1 1 1 1 1 1 1 1 1 1 1 1 1 1 1 1 1 1 1 1 1 1 1 1 1 1 1 1 2.34766 5.76563 6 6 6 6 6 6 6 6 6 6 6 6 6 6 6 6 6 6 6 6 6 6 6 6 4.71094 3.87109 6 6 6 6 6 6 6 6 6 6 6
4 4 3.89453 3.4375 2.55859 1.5625 1.5625 2.32422 3.32031 3.4375 3.4375 3.02734 1.28125 1 1 1 1 1 1 1 1 1 1 1 1 1 1 1 1 1 1 1 1 1 1 1 1 1 1 1 1 1 1 1.23438 1.9375 3.59766 5.76563 6 6 6 6 6 6 6 6 6 6 6 6 6 6 6 6 6 6 5.70703 6 6 3.8125 3.5 2.91406 1.9375 1.17578 1.23438 5.74609 6 6 6 6 6 6 6 6 6 6
4 2.91016 1.30469 1 1 1 1 1 1 1 1 1 1 1 1 1 1 1 1 1 1 1 1 1 1 1 1 1 1 1 1 1 1 1 1 1 1 1 1 1 1 1 1 2.25 6 6 6 6 6 6 6 6 6 6 6 6 6 6 6 6 6 6 5.08203 2.69922 2.69922 1.52734 4.35938 3.67578 1.07813 1 1 1 1 1 5.6875 6 6 6 6 6 6 6 6 6 5.84375
3.53125 1.04688 1 1 1 1 1 1 1 1 1 1 1 1 1 1 1 1 1 1 1 1 1 1 1 1 1 1 1 1 1 1 1 1 1 1 1 1 1 1 1 1 1 4.20313 6 6 6 6 6 6 6 6 6 6 6 6 6 6 6 6 6 6 3.01172 1 1 1 1 1 1 1 1 1 1 1 5.19922 6 6 6 6 6 6 6 6 6 4.59375
1.29297 1 1 1 1 1 1 1 1 1 1 1 1 1 1 1 1 1 1 1 1 1 1 1 1 1 1 1 1 1 1 1 1 1 1 1 1 1 1 1.09766 2.28906 1.3125 3.65625 6 6 6 6 6 6 6 6 6 6 6 6 6 6 6 6 6 6 5.66797 1.58594 1 1 1 1 1 1 1 1 1 1 1 2.46484 6 6 6 6 6 6 6 6 5.61719 4.03906
1 1 1 1 1 1 1 1 1 1 1 1 1 1 1 1 1 1 1 1 1 1 1 1 1 1 1 1 1 1 1 1 1 1 1 1 1 1 1.15625 4.45703 6 6 6 6 6 6 6 6 6 6 6 6 6 6 6 6 6 6 6 6 4.69141 1.70313 1 1 1 1 1 1 1 1 1 1 1 1 1 6 6 6 6 6 6 6 6 4.60156 4
1 1 1 1 1 1 1 1 1 1 1 1 1 1 1 1 1 1 1 1 1 1 1 1 1 1 1 1 1 1 1 1 1 1 1.78125 3.40234 1.9375 2.71875 4.61328 6 6 6 6 6 6 6 6 6 6 6 6 6 6 6 6 6 6 6 6 3.65625 1 1 1 1 1 1 1 1 1 1 1 1 1 1 2.5625 6 6 6 6 6 6 6 5.88281 4.17188 4
1 1 1 1 1 1 1 1 1 1 1 1 1 1 1 1 1 1 1 1 1 1 1 1 1 1 1 1 1 1 1 1 1 1 2.95313 6 6 6 6 6 6 6 6 6 6 6 6 6 6 6 6 6 6 6 6 6 6 6 4.51563 1.03906 1 1 1 1 1 1 1 1 1 1 1 1 1 1 4.51563 6 6 6 6 6 6 6 6 4.40625 4
1 1 1 1 1 1 1 1 1 1 1 1 1 1 1 1 1 1 1 1 1 1 1 1 1 1 1 1 1 3.44141 4.22266 5.6875 5.39453 4.125 5.78516 6 6 6 6 6 6 6 6 6 6 6 6 6 6 6 6 6 6 6 6 6 6 4.92578 1.33203 1 1 1 1 1 1 1 1 1 1 1 1 1 1 1 5.6875 6 6 6 6 6 6 6 6 5.07031 4
