public/models/data/input/map/ntb/800/mapdcenter.asc
NCOLS 484
NROWS 342
XLLCORNER 370313.940441
YLLCORNER 9266624.452423
CELLSIZE 800.000000
NODATA_VALUE       -9999
[rows 272 to 305 of 342, columns 385 to 461 of 484]
8034.67 7703.3 7371.93 7040.56 6709.19 6377.82 6263.91 6584.92 6916.29 7247.67 7579.04 7910.41 8241.78 8591.46 9201.07 9997.41 10797.4 11597.4 12397.4 13197.4 13997.4 14583.2 13989.1 13189.1 12389.1 11589.1 10789.1 9989.08 9189.08 8389.09 7589.09 6789.09 5989.09 5189.09 4392.75 3783.13 3433.45 3102.08 2832.84 3060.66 3392.03 3732.56 4298.24 5089.09 5889.09 6689.09 7489.09 8289.09 9089.08 9889.08 10689.1 11489.1 12289.1 13089.1 13889.1 14689.1 15433.6 15947.4 -9999 -9999 -9999 -9999 -9999 -9999 -9999 -9999 -9999 -9999 -9999 -9999 -9999 -9999 -9999 -9999 -9999 -9999 -9999
7234.67 6903.3 6571.93 6240.56 5909.19 5577.82 5463.91 5784.92 6116.3 6447.67 6779.04 7110.41 7460.09 8069.7 8866.04 9666.04 10466 11266 12066 12866 13666 14449.8 14319.7 13520.4 12720.4 11920.4 11120.4 10320.5 9520.45 8720.46 7920.46 7120.46 6320.46 5524.12 4914.5 4564.82 4233.45 3902.08 3632.84 3860.66 4192.03 4523.4 4863.93 5429.61 6220.46 7020.46 7820.46 8620.46 9420.45 10220.5 11020.4 11820.4 12620.4 13420.4 14220.4 15020.4 15811.1 16404.3 -9999 -9999 -9999 -9999 -9999 -9999 -9999 -9999 -9999 -9999 -9999 -9999 -9999 -9999 -9999 -9999 -9999 -9999 -9999
6511.56 6103.3 5771.93 5440.56 5109.19 4777.82 4663.91 4984.92 5316.29 5647.67 5979.04 6328.71 6938.33 7734.67 8534.67 9334.67 10134.7 10934.7 11734.7 12534.7 13334.7 14134.7 14557.9 13851.8 13051.8 12251.8 11451.8 10651.8 9851.82 9051.83 8251.83 7451.83 6655.49 6045.87 5696.19 5364.82 5033.45 4702.08 4432.84 4660.66 4992.03 5323.4 5654.77 5995.3 6560.98 7351.83 8151.83 8951.83 9751.82 10551.8 11351.8 12151.8 12951.8 13751.8 14551.8 15351.8 16026.8 16456.8 -9999 -9999 -9999 -9999 -9999 -9999 -9999 -9999 -9999 -9999 -9999 -9999 -9999 -9999 -9999 -9999 -9999 -9999 -9999
6103.3 5380.19 4971.93 4640.56 4309.19 3977.82 3863.91 4184.92 4516.3 4847.67 5197.34 5806.96 6603.3 7403.3 8203.3 9003.3 9803.3 10603.3 11403.3 12203.3 13003.3 13803.3 14538.1 14183.2 13383.2 12583.2 11783.2 10983.2 10183.2 9383.2 8583.2 7786.86 7177.24 6827.57 6496.19 6164.82 5833.45 5502.08 5232.84 5460.66 5792.03 6123.4 6454.77 6786.14 7126.67 7692.35 8483.2 9283.2 10083.2 10883.2 11683.2 12483.2 13283.2 14083.2 14883.2 15683.2 16369.4 -9999 -9999 -9999 -9999 -9999 -9999 -9999 -9999 -9999 -9999 -9999 -9999 -9999 -9999 -9999 -9999 -9999 -9999 -9999 -9999
5771.93 4971.93 4248.81 3840.56 3509.19 3177.82 3063.91 3384.92 3716.3 4065.97 4675.59 5471.93 6271.93 7071.93 7871.93 8671.93 9471.93 10271.9 11071.9 11871.9 12671.9 13471.9 14271.9 14485.9 13714.6 12914.6 12114.6 11314.6 10514.6 9714.57 8918.23 8308.61 7958.94 7627.57 7296.19 6964.82 6633.45 6302.08 6032.84 6260.66 6592.03 6923.4 7254.77 7586.14 7917.52 8258.04 8823.72 9614.57 10414.6 11214.6 12014.6 12814.6 13614.6 14414.6 15214.5 16014.5 16688.8 -9999 -9999 -9999 -9999 -9999 -9999 -9999 -9999 26383.5 26421.5 27716.4 28334.3 29112.5 29707.5 -9999 31897.1 -9999 -9999 -9999 -9999
5440.56 4640.56 3840.56 3117.44 2709.19 2377.82 2263.91 2584.92 2934.6 3544.22 4340.56 5140.56 5940.56 6740.56 7540.56 8340.56 9140.56 9940.55 10740.6 11540.5 12340.5 13140.5 13940.5 14579.5 14045.9 13245.9 12445.9 11645.9 10845.9 10049.6 9439.98 9090.3 8758.93 8427.56 8096.19 7764.82 7433.45 7102.08 6832.84 7060.66 7392.03 7723.4 8054.77 8386.14 8717.51 9048.88 9389.41 9955.09 10745.9 11545.9 12345.9 13145.9 13945.9 14745.9 15545.9 16345.9 17126 17734.8 -9999 -9999 -9999 -9999 -9999 -9999 25014.3 25684.3 26404.6 27235.2 28030 28830 29622.1 30155.7 31433.6 31907.3 -9999 -9999 -9999
5109.19 4309.19 3509.19 2709.19 1986.07 1577.82 1463.91 1803.23 2412.85 3209.19 4009.19 4809.19 5609.19 6409.19 7209.19 8009.19 8809.19 9609.18 10409.2 11209.2 12009.2 12809.2 13609.2 14402.3 14373.6 13577.3 12777.3 11977.3 11181 10571.3 10221.7 9890.3 9558.93 9227.56 8896.19 8564.82 8233.45 7902.08 7632.84 7860.66 8192.03 8523.4 8854.77 9186.14 9517.51 9848.88 10180.3 10520.8 11086.5 11877.3 12677.3 13477.3 14277.3 15077.3 15877.3 16677.3 17477.3 18269 19018.4 -9999 -9999 -9999 -9999 23825.2 24499 25298.6 26098.6 26898.6 27698.6 28498.6 29298.6 30056.9 30906.8 31618.5 32395.1 33049 -9999
4777.82 3977.82 3177.82 2377.82 1577.82 854.702 682.215 1281.48 2077.82 2877.82 3677.82 4477.82 5277.82 6077.82 6877.82 7677.82 8477.82 9277.82 10077.8 10877.8 11677.8 12477.8 13277.8 14077.8 14574.1 13908.7 13108.7 12312.3 11702.7 11353 11021.7 10690.3 10358.9 10027.6 9696.19 9364.82 9033.45 8702.08 8432.84 8660.66 8992.03 9323.4 9654.77 9986.14 10317.5 10648.9 10980.2 11311.6 11652.1 12217.8 13008.7 13808.7 14608.7 15408.7 16208.7 17008.7 17808.7 18608.7 19408.7 20206 21072.1 21858.4 22679 23479.1 24270.8 25070.8 25870.8 26670.8 27470.8 28270.8 29070.8 29870.8 30670.8 31457.5 32182.1 32862.2 -9999
4663.91 3863.91 3063.91 2263.91 1463.91 682.215 454.81 1163.91 1963.91 2763.91 3563.91 4363.91 5163.91 5963.91 6763.91 7563.91 8363.91 9163.91 9963.91 10763.9 11563.9 12363.9 13163.9 13963.9 14680 14240 13443.7 12834.1 12484.4 12153 11821.7 11490.3 11158.9 10827.6 10496.2 10164.8 9833.45 9502.08 9232.84 9460.66 9792.03 10123.4 10454.8 10786.1 11117.5 11448.9 11780.2 12111.6 12443 12783.5 13349.2 14140 14940 15740 16540 17340 18140 18940 19740 20540 21340 22140 22940 23740 24540 25340 26140 26940 27740 28540 29340 30140 30940 31650.1 -9999 -9999 -9999
4984.92 4184.92 3384.92 2584.92 1803.23 1281.48 1163.91 1561.81 2284.92 3084.92 3884.92 4684.92 5484.92 6284.92 7084.92 7884.92 8684.92 9484.92 10284.9 11084.9 11884.9 12684.9 13484.9 14284.9 15004.9 14575.1 13965.4 13615.8 13284.4 12953 12621.7 12290.3 11958.9 11627.6 11296.2 10964.8 10633.4 10302.1 10032.8 10260.7 10592 10923.4 11254.8 11586.1 11917.5 12248.9 12580.2 12911.6 13243 13574.4 13914.9 14480.6 15271.4 16071.4 16871.4 17671.4 18471.4 19271.4 20071.4 20871.4 21671.4 22471.4 23271.4 24071.4 24871.4 25671.4 26471.4 27271.4 28071.4 28871.4 29671.4 30471.4 31271.4 32051.8 32473.1 -9999 -9999
5316.29 4516.3 3716.3 2934.6 2412.85 2077.82 1963.91 2284.92 2693.18 3416.3 4216.3 5016.3 5816.3 6616.3 7416.3 8216.29 9016.29 9816.29 10616.3 11416.3 12216.3 13016.3 13816.3 14616.3 15339.9 15096.8 14747.1 14415.8 14084.4 13753 13421.7 13090.3 12758.9 12427.6 12096.2 11764.8 11433.4 11102.1 10832.8 11060.7 11392 11723.4 12054.8 12386.1 12717.5 13048.9 13380.2 13711.6 14043 14374.3 14705.7 15046.2 15611.9 16402.8 17202.8 18002.8 18802.8 19602.8 20402.8 21202.8 22002.8 22802.8 23602.8 24402.8 25202.8 26002.8 26802.8 27602.8 28402.8 29202.8 30002.8 30802.8 31602.8 32390.7 32982.8 -9999 -9999
5647.67 4847.67 4065.97 3544.22 3209.19 2877.82 2763.91 3084.92 3416.3 3824.55 4547.67 5347.67 6147.67 6947.67 7747.67 8547.67 9347.66 10147.7 10947.7 11704.8 12550.9 13347.7 14147.7 14947.7 15736.1 15878 15547.1 15215.8 14884.4 14553 14221.7 13890.3 13558.9 13227.5 12896.2 12564.8 12230.2 11757.7 11338.8 11596.2 12139.9 12523.4 12854.8 13186.1 13517.5 13848.9 14180.2 14511.6 14843 15174.3 15505.7 15837.1 16177.6 16743.3 17534.1 18334.1 19134.1 19934.1 20734.1 21534.1 22334.1 23134.1 23934.1 24734.1 25534.1 26334.1 27134.1 27934.1 28734.1 29534.1 30334.1 31134.1 31934.1 32734.1 33300.3 -9999 -9999
5979.04 5197.34 4675.59 4340.56 4009.19 3677.82 3563.91 3884.92 4216.3 4547.67 4955.92 5679.04 6479.04 7279.04 8079.04 8879.04 9679.03 10479 11199.2 11746.5 13202.3 13688.2 14479 15279 16079 16612.3 16347.1 16015.8 15684.4 15353 15021.7 14690.3 14358.9 14027.5 13696.2 13317.2 12745.6 -9999 -9999 -9999 -9999 13195.7 13651.5 13986.1 14317.5 14648.9 14980.2 15311.6 15643 15974.3 16305.7 16637.1 16968.5 17309 17874.7 18665.5 19465.5 20265.5 21065.5 21865.5 22665.5 23465.5 24265.5 25065.5 25865.5 26665.5 27465.5 28265.5 29065.5 29865.5 30665.5 31465.5 32265.5 33065.5 33862.3 34601.1 35505.5
6328.71 5806.96 5471.93 5140.56 4809.19 4477.82 4363.91 4684.92 5016.29 5347.67 5679.04 6087.29 6810.41 7610.41 8410.41 9210.41 10010.4 10699.3 11192.2 14305 13991.5 14253.9 14781.8 15611.3 16410.4 17164.1 17147.1 16815.8 16484.4 16153 15821.7 15490.3 15158.9 14827.5 14458.6 14639.3 -9999 -9999 -9999 -9999 -9999 -9999 14463.6 14786.1 15117.5 15448.9 15780.2 16111.6 16443 16774.3 17105.7 17437.1 17768.5 18099.8 18440.4 19006 19796.9 20596.9 21396.9 22196.9 22996.9 23796.9 24596.9 25396.9 26196.9 26996.9 27796.9 28596.9 29396.9 30196.9 30996.9 31796.9 32596.9 33396.9 34196.9 34879 35649.7
6938.33 6603.3 6271.93 5940.56 5609.19 5277.82 5163.91 5484.92 5816.3 6147.67 6479.04 6810.41 7218.66 7941.78 8741.78 9541.77 10248.4 -9999 -9999 -9999 14767.8 14966.3 15010.3 16026.1 16666.3 17389.9 17656.8 17554 17284.4 16953 16621.7 16290.3 15958.9 15627.5 15542.1 16092.4 16998.4 -9999 -9999 -9999 -9999 -9999 -9999 15518.4 15917.5 16248.9 16580.2 16911.6 17243 17574.3 17905.7 18237.1 18568.5 18899.8 19231.2 19571.7 20137.4 20928.3 21728.3 22528.3 23328.3 24128.3 24928.3 25728.3 26528.3 27328.3 28128.3 28928.3 29728.3 30528.3 31328.3 32128.3 32920.4 33636.8 34495.9 35172.3 35891.9
7734.67 7403.3 7071.93 6740.56 6409.19 6077.82 5963.91 6284.92 6616.3 6947.67 7279.04 7610.41 7941.78 8350.03 9073.15 9769.74 10272.4 -9999 -9999 -9999 -9999 -9999 -9999 -9999 -9999 -9999 -9999 18153.6 17889.3 17539.5 17407.3 17090.3 16758.9 16427.5 16313.6 16444.9 -9999 -9999 -9999 -9999 -9999 -9999 -9999 -9999 16708.1 17048.9 17380.2 17711.6 18043 18374.3 18705.7 19037.1 19368.5 19699.8 20031.2 20362.6 20703.1 21268.8 22059.6 22859.6 23659.6 24459.6 25259.6 26059.6 26859.6 27659.6 28459.6 29259.6 30059.6 30859.6 31659.6 32459.6 33184.9 33983.9 -9999 -9999 -9999
8534.67 8203.3 7871.93 7540.56 7209.19 6877.82 6763.91 7084.92 7416.29 7747.67 8079.04 8410.41 8741.78 9073.15 9388.91 9709.54 -9999 -9999 -9999 -9999 -9999 -9999 -9999 -9999 -9999 -9999 -9999 -9999 -9999 -9999 17980.8 17890.3 17515.7 17161.8 16924.5 -9999 -9999 -9999 -9999 -9999 -9999 -9999 -9999 -9999 17351.5 17759.7 18180.2 18511.6 18843 19174.3 19505.7 19837.1 20168.5 20499.8 20831.2 21162.6 21494 21834.5 22400.2 23191 23991 24791 25591 26391 27191 27991 28791 29591 30391 31191 31991 32791 33591 34381.9 35220 35910.6 -9999
9334.67 9003.3 8671.93 8340.56 8009.19 7677.82 7563.91 7884.92 8216.29 8547.67 8879.04 9210.41 9541.78 9853.72 9987.92 10412.6 -9999 -9999 -9999 -9999 -9999 -9999 -9999 -9999 -9999 -9999 -9999 -9999 -9999 -9999 19000.6 18617.3 18133.2 -9999 -9999 -9999 -9999 -9999 -9999 -9999 -9999 -9999 -9999 -9999 -9999 -9999 18980.1 19311.6 19643 19974.3 20305.7 20637.1 20968.5 21299.8 21631.2 21962.6 22294 22625.3 22965.9 23531.5 24322.4 25122.4 25922.4 26722.4 27522.4 28314.5 29098.2 29922.4 30722.4 31522.4 32322.4 33122.4 33903 34636.2 35422.3 36107.7 -9999
10134.7 9803.3 9471.93 9140.56 8809.19 8477.82 8363.91 8684.92 8873.94 9208.52 9558.22 9940.67 10341.8 10550.2 -9999 -9999 -9999 -9999 -9999 -9999 -9999 -9999 -9999 -9999 -9999 -9999 -9999 -9999 -9999 -9999 -9999 -9999 -9999 -9999 -9999 -9999 -9999 -9999 -9999 -9999 -9999 -9999 -9999 -9999 -9999 -9999 19633.8 20106.6 20443 20774.3 21105.7 21437.1 21768.5 22099.8 22431.2 22733.7 23014.1 23305.6 23671.2 24071.6 24662.9 25453.8 26253.8 27053.8 27853.8 28598.4 29410.7 30259.3 31071.9 31853.8 32645.9 33301.3 33805.9 -9999 -9999 -9999 -9999
10934.7 10603.3 10271.9 9940.55 9609.18 9277.82 9163.91 9372.34 -9999 -9999 -9999 -9999 10909 11028.2 -9999 -9999 -9999 -9999 -9999 -9999 -9999 -9999 -9999 -9999 -9999 -9999 -9999 -9999 -9999 -9999 -9999 -9999 -9999 -9999 -9999 -9999 -9999 -9999 -9999 -9999 -9999 -9999 -9999 -9999 -9999 -9999 -9999 20921 21243 21545.5 21864 22067.7 22377.2 22777.4 23074.6 23159 -9999 -9999 -9999 24641.6 25158.5 25777.2 26566.2 27372.8 28185.1 28985.1 29499 -9999 31695.3 32203.4 32947.2 33587 -9999 -9999 -9999 -9999 -9999
11734.7 11403.3 11071.9 10740.6 10409.2 10077.8 9963.91 10327.4 10815.6 -9999 -9999 -9999 -9999 -9999 -9999 -9999 -9999 -9999 -9999 -9999 -9999 -9999 -9999 -9999 -9999 -9999 -9999 -9999 -9999 -9999 -9999 -9999 -9999 -9999 -9999 -9999 -9999 -9999 -9999 -9999 -9999 -9999 -9999 -9999 -9999 -9999 -9999 21545.6 21770.5 21879.4 22376.4 -9999 -9999 -9999 -9999 -9999 -9999 -9999 -9999 -9999 -9999 -9999 26621.5 -9999 28609.5 29307.4 29780.9 -9999 32086.6 32792.6 33288.8 33692.3 -9999 -9999 -9999 -9999 -9999
12534.7 12203.3 11871.9 11540.5 11209.2 10877.8 10763.9 11084.9 11448.3 12113.8 12911.2 13721.9 14741 15410.2 15991.1 -9999 -9999 -9999 -9999 -9999 -9999 -9999 -9999 -9999 -9999 -9999 -9999 -9999 -9999 -9999 -9999 -9999 -9999 -9999 -9999 -9999 -9999 -9999 -9999 -9999 -9999 -9999 -9999 -9999 -9999 -9999 -9999 -9999 -9999 -9999 -9999 -9999 -9999 -9999 -9999 -9999 -9999 -9999 -9999 -9999 -9999 -9999 -9999 -9999 -9999 -9999 -9999 -9999 -9999 33390.6 33563.9 -9999 -9999 -9999 -9999 -9999 -9999
13334.7 13003.3 12671.9 12340.5 12009.2 11677.8 11563.9 11884.9 12216.3 12579.7 13231.4 14030.5 14830.5 15630.5 16174.8 -9999 19984 20325.6 -9999 22575.2 22956.8 23680.8 24460.9 25272.9 26204.6 26980.8 27644 28466.6 29016.6 -9999 -9999 -9999 32881.3 33350.2 34128.5 34908.1 35850.8 36525.2 37244.4 37936.8 -9999 -9999 -9999 -9999 -9999 -9999 -9999 -9999 -9999 -9999 -9999 -9999 -9999 -9999 -9999 -9999 -9999 -9999 -9999 -9999 -9999 -9999 -9999 -9999 -9999 -9999 -9999 -9999 -9999 -9999 -9999 -9999 -9999 -9999 -9999 -9999 -9999
14134.7 13803.3 13471.9 13140.5 12809.2 12477.8 12363.9 12684.9 13016.3 13347.7 13711.1 14362.8 15161.9 15961.9 16489.4 18865.3 19530 20269.1 21029.6 21884.6 22680.2 23480.2 24280.2 25080.2 25880.2 26680.2 27480.2 28280.2 29014.8 29862.5 30588.7 31435.6 32287.9 33080.2 33880.2 34680.2 35480.2 36280.2 37080.2 37837.9 -9999 -9999 -9999 -9999 -9999 -9999 -9999 -9999 -9999 -9999 -9999 -9999 -9999 -9999 -9999 -9999 -9999 -9999 -9999 -9999 -9999 -9999 -9999 -9999 -9999 -9999 -9999 -9999 -9999 -9999 -9999 -9999 -9999 -9999 -9999 -9999 -9999
14934.7 14603.3 14271.9 13940.5 13609.2 13277.8 13163.9 13484.9 13816.3 14147.7 14479 14842.4 15494.1 16293.2 16920.9 18398.6 19148.9 19948.9 20748.9 21548.9 22348.9 23148.9 23948.9 24748.9 25548.9 26348.9 27148.9 27948.9 28748.9 29548.9 30348.9 31148.9 31948.9 32748.9 33548.9 34348.9 35148.9 35948.9 36748.9 37548.9 38122.5 -9999 -9999 -9999 -9999 -9999 -9999 -9999 -9999 -9999 -9999 -9999 -9999 -9999 -9999 -9999 -9999 -9999 -9999 -9999 -9999 -9999 -9999 -9999 -9999 -9999 -9999 -9999 -9999 -9999 -9999 -9999 -9999 -9999 -9999 -9999 -9999
15734.7 15403.3 15071.9 14740.5 14409.2 14077.8 13963.9 14284.9 14616.3 14947.7 15279 15610.4 15973.8 16625.5 17438.3 18235 19035 19835 20635 21435 22235 23035 23835 24635 25435 26235 27035 27835 28635 29435 30235 31035 31835 32635 33435 34235 35035 35835 36635 37435 38222 38906.2 40285.3 40856.2 -9999 -9999 -9999 -9999 -9999 -9999 -9999 -9999 -9999 -9999 -9999 -9999 -9999 -9999 -9999 -9999 -9999 -9999 -9999 -9999 -9999 -9999 -9999 -9999 -9999 -9999 -9999 -9999 -9999 -9999 -9999 -9999 -9999
16534.7 16203.3 15871.9 15540.5 15209.2 14877.8 14763.9 15084.9 15416.3 15747.7 16079 16410.4 16741.8 17012.2 17773.8 18556 19356 20133 20961.1 21756 22556 23356 24156 24956 25756 26556 27356 28156 28956 29756 30556 31356 32156 32956 33756 34556 35356 36156 36956 37756 38556 39352.7 40178.3 40887.2 42120.4 42658.8 -9999 -9999 -9999 -9999 -9999 -9999 -9999 -9999 -9999 -9999 -9999 -9999 -9999 -9999 -9999 -9999 -9999 -9999 -9999 -9999 -9999 -9999 -9999 -9999 -9999 -9999 -9999 -9999 -9999 -9999 -9999
17334.7 17003.3 16671.9 16340.5 16009.2 15677.8 15563.9 15884.9 16216.3 16547.7 16879 17109.2 17191.8 17464.4 18341.7 18995.6 19670.3 20187.2 21472.8 22152.5 22887.3 23687.3 24487.3 25287.3 26087.3 26887.3 27687.3 28487.3 29287.3 30087.3 30887.3 31687.3 32487.3 33287.3 34087.3 34887.3 35687.3 36487.3 37287.3 38087.3 38887.3 39687.3 40487.3 41287.3 41981.2 -9999 -9999 -9999 -9999 -9999 -9999 -9999 -9999 -9999 -9999 -9999 -9999 -9999 -9999 -9999 -9999 -9999 -9999 -9999 -9999 -9999 -9999 -9999 -9999 -9999 -9999 -9999 -9999 -9999 -9999 -9999 -9999
18134.7 17803.3 17471.9 17140.5 16792.4 16320.7 16113.9 16500.9 16883.7 17085.9 17449.2 17612 -9999 -9999 -9999 -9999 -9999 -9999 -9999 22587.2 23224.7 24023.7 24818.7 25618.7 26418.7 27218.7 28018.7 28818.7 29618.7 30418.7 31218.7 32018.7 32818.7 33618.7 34418.7 35218.7 36018.7 36818.7 37618.7 38418.7 39218.7 40018.7 40818.7 41618.7 42383.3 42993 -9999 -9999 -9999 -9999 -9999 -9999 -9999 -9999 -9999 -9999 -9999 -9999 -9999 -9999 -9999 -9999 -9999 -9999 -9999 -9999 -9999 -9999 -9999 -9999 -9999 -9999 -9999 -9999 -9999 -9999 -9999
18934.7 18533.9 18050.6 17696.4 17317.8 -9999 -9999 -9999 -9999 -9999 -9999 -9999 -9999 -9999 -9999 -9999 -9999 -9999 -9999 -9999 -9999 24551 25153.8 25950.1 26750.1 27550.1 28350.1 29150.1 29950.1 30750.1 31550.1 32350.1 33150.1 33950.1 34750.1 35550.1 36350.1 37150.1 37950.1 38750.1 39550.1 40350.1 41150.1 41950.1 42750.1 43477.3 -9999 -9999 -9999 -9999 -9999 -9999 -9999 -9999 -9999 -9999 -9999 -9999 -9999 -9999 -9999 -9999 -9999 -9999 -9999 -9999 -9999 -9999 -9999 -9999 -9999 -9999 -9999 -9999 -9999 -9999 -9999
19799.5 -9999 -9999 -9999 -9999 -9999 -9999 -9999 -9999 -9999 -9999 -9999 -9999 -9999 -9999 -9999 -9999 -9999 -9999 -9999 -9999 -9999 25529.3 26219.6 26927.9 27950.6 28682.4 29481.5 30281.5 31081.5 31881.5 32681.5 33481.5 34281.5 35081.5 35881.5 36681.5 37481.5 38281.5 39081.5 39881.5 40681.5 41481.5 42281.5 43081.5 43745.3 44401.5 -9999 -9999 -9999 -9999 -9999 -9999 -9999 -9999 -9999 -9999 -9999 -9999 -9999 -9999 -9999 -9999 -9999 -9999 -9999 -9999 -9999 -9999 -9999 -9999 -9999 -9999 -9999 -9999 -9999 -9999
20329.6 -9999 -9999 -9999 -9999 -9999 -9999 -9999 -9999 -9999 -9999 -9999 -9999 -9999 -9999 -9999 -9999 -9999 -9999 -9999 -9999 -9999 -9999 -9999 -9999 28614.3 29098.3 29813.8 30612.8 31412.8 32212.8 33012.8 33812.8 34612.8 35412.8 36212.8 37012.8 37812.8 38612.8 39412.8 40212.8 41012.8 41812.8 42605 43231 -9999 -9999 -9999 -9999 -9999 -9999 -9999 -9999 -9999 -9999 -9999 -9999 -9999 -9999 -9999 -9999 -9999 -9999 -9999 -9999 -9999 -9999 -9999 -9999 -9999 -9999 -9999 -9999 -9999 -9999 -9999 -9999
-9999 -9999 -9999 -9999 -9999 -9999 -9999 -9999 -9999 -9999 -9999 -9999 -9999 -9999 -9999 -9999 -9999 -9999 -9999 -9999 -9999 -9999 -9999 -9999 -9999 -9999 29893.3 30202.8 30952.3 31744.2 32419.5 33203 34138.6 34953.3 35744.2 36544.2 37344.2 38103.6 38947.5 39744.2 40544.2 41306.5 42016.5 42639.5 -9999 -9999 -9999 -9999 -9999 -9999 -9999 -9999 -9999 -9999 -9999 -9999 -9999 -9999 -9999 -9999 -9999 -9999 -9999 -9999 -9999 -9999 -9999 -9999 -9999 -9999 -9999 -9999 -9999 -9999 -9999 -9999 -9999
-9999 -9999 -9999 -9999 -9999 -9999 -9999 -9999 -9999 -9999 -9999 -9999 -9999 -9999 -9999 -9999 -9999 -9999 -9999 -9999 -9999 -9999 -9999 -9999 -9999 -9999 -9999 -9999 31380.6 32105.2 32665.1 -9999 -9999 35419 35933.8 36751.3 37473.7 -9999 39292.4 39908.3 40751.3 41230.6 -9999 -9999 -9999 -9999 -9999 -9999 -9999 -9999 -9999 -9999 -9999 -9999 -9999 -9999 -9999 -9999 -9999 -9999 -9999 -9999 -9999 -9999 -9999 -9999 -9999 -9999 -9999 -9999 -9999 -9999 -9999 -9999 -9999 -9999 -9999
