public/models/data/input/map/ntb/800/mapdset.asc
NCOLS 484
NROWS 342
XLLCORNER 370313.940441
YLLCORNER 9266624.452423
CELLSIZE 800.000000
NODATA_VALUE       -9999
[rows 238 to 271 of 342, columns 385 to 461 of 484]
7692.03 7360.66 7109.54 7054.23 7335.96 8585.75 8569.17 8686.14 9017.51 9354.43 -9999 -9999 -9999 -9999 6465.59 5953.35 5596.19 5264.82 4933.45 4602.08 4332.84 4560.66 4892.03 5223.4 5554.77 5904.45 6514.07 7310.41 7374.87 6574.87 5774.87 4974.87 4174.87 3374.87 2626.13 2184.92 1858.73 1936.4 2243.55 1858.38 1378.73 1263.91 1622.45 2270.51 3067.77 3867.77 4577.16 4464.82 4133.45 3802.08 3501.78 3549.24 -9999 -9999 -9999 -9999 -9999 -9999 -9999 -9999 -9999 -9999 -9999 -9999 -9999 -9999 -9999 -9999 -9999 -9999 -9999 -9999 -9999 -9999 -9999 -9999 -9999
8492.03 8160.66 7912.13 8266.46 9896.28 9687.16 9310.1 9486.14 9817.51 10217.1 -9999 -9999 -9999 7542.3 7079.79 6727.57 6396.19 6064.82 5733.45 5402.08 5132.84 5360.66 5692.03 6023.4 6354.77 6686.14 7035.82 7645.44 7706.25 6906.25 6106.25 5306.25 4506.25 3757.5 3316.3 2984.92 2658.73 2736.4 2890.74 2510.1 2177.82 2063.91 2384.92 2753.82 3401.88 4199.14 4996.84 5259.42 4933.45 4602.08 4301.78 4321.42 -9999 -9999 -9999 -9999 -9999 -9999 -9999 -9999 -9999 -9999 -9999 -9999 -9999 -9999 -9999 -9999 -9999 -9999 -9999 -9999 -9999 -9999 -9999 -9999 -9999
9292.03 8960.66 8712.13 8968.7 9620.26 10258.3 10110.1 10286.1 10617.5 10953.1 11424.3 -9999 -9999 7657.68 7418.55 7395.21 7192.72 6864.82 6533.45 6202.08 5932.84 6160.66 6492.03 6823.4 7154.77 7486.14 7817.52 8167.02 8037.62 7237.62 6437.62 5637.62 4888.87 4447.67 4116.3 3784.92 3458.73 3536.4 3632.72 3309.19 2977.82 2863.91 3184.92 3516.3 3885.19 4533.25 5330.51 5947.09 5733.45 5402.08 5101.78 5103.5 -9999 -9999 -9999 -9999 -9999 -9999 -9999 -9999 -9999 -9999 -9999 -9999 -9999 -9999 -9999 -9999 -9999 -9999 -9999 -9999 -9999 -9999 -9999 -9999 -9999
10092 9760.66 9512.13 9760.66 10110.3 10711.5 10909.1 11086.1 11417.5 11747.4 11947.7 -9999 7066.79 6943.5 6674.26 6902.08 7226.26 7401.44 7305.63 7002.08 6732.84 6960.66 7292.03 7623.4 7954.77 8286.14 8617.51 8888.83 8368.99 7568.99 6768.99 6020.24 5579.04 5247.67 4916.3 4584.92 4258.73 4336.4 4432.72 4109.19 3777.82 3663.91 3984.92 4316.3 4647.67 5016.56 5664.63 6442.99 6533.45 6202.08 5901.78 6062.26 -9999 -9999 -9999 -9999 -9999 -9999 -9999 -9999 -9999 -9999 -9999 -9999 -9999 -9999 -9999 -9999 -9999 -9999 -9999 -9999 -9999 -9999 -9999 -9999 -9999
10892 10560.7 10312.1 10560.7 10892 11241.7 11636.8 11886.1 12217.5 12522.4 -9999 6661.52 6473.4 6143.5 5874.26 6102.08 6433.45 6764.82 7096.19 7360.89 7426.39 7701.92 8056.7 8423.37 8754.77 9086.14 9417.51 9448.63 8700.36 7900.36 7151.61 6710.41 6379.04 6047.67 5716.3 5384.92 5058.73 5136.4 5232.72 4909.19 4577.82 4463.91 4784.92 5116.3 5447.67 5779.04 6147.94 6796 7284.9 7002.08 6701.78 6838.23 7307.31 -9999 -9999 -9999 -9999 -9999 -9999 -9999 -9999 -9999 -9999 -9999 -9999 -9999 -9999 -9999 -9999 -9999 -9999 -9999 -9999 -9999 -9999 -9999 -9999
11358.7 11197.4 11104.5 11360.7 11692 12023.4 12355.7 12686.1 13017.5 13528.2 13974.6 6270.26 5717.26 5343.5 5074.26 5302.08 5633.45 5964.82 6296.19 6627.57 6975.83 7371.4 7972.77 8643.18 9107.28 9439.26 9770.63 9775.77 9031.73 8282.99 7841.78 7510.41 7179.04 6847.67 6516.3 6184.92 5858.73 5936.4 6032.72 5709.19 5377.82 5263.91 5584.92 5916.3 6247.67 6579.04 6910.41 7279.31 7863.84 7802.08 7501.78 7636.4 7982.31 8719.07 -9999 -9999 -9999 -9999 -9999 -9999 -9999 -9999 -9999 -9999 -9999 -9999 -9999 -9999 -9999 -9999 -9999 -9999 -9999 -9999 -9999 -9999 -9999
10658.7 10658.7 10984.9 11316.3 11647.7 11979 12310.4 12641.8 12973.1 13297.6 13559.8 4773.4 4900.96 4543.5 4274.26 4502.08 4833.45 5164.82 5496.19 5844.46 6240.03 6841.4 7515.55 8022.68 8358.94 8690.31 9105.88 9689.34 9412.79 8973.15 8641.78 8310.41 7979.04 7647.67 7316.3 6984.92 6658.73 6736.4 6832.72 6509.19 6177.82 6063.91 6384.92 6716.3 7047.67 7379.04 7710.41 8041.78 8410.32 8592.4 8301.78 8436.4 8767.77 9128.73 9658.7 -9999 -9999 -9999 -9999 -9999 -9999 -9999 -9999 -9999 -9999 -9999 -9999 -9999 -9999 -9999 -9999 -9999 -9999 -9999 -9999 -9999 -9999
9858.73 9858.73 10184.9 10516.3 10847.7 11179 11510.4 11841.8 12169.6 12705 4672.3 4411.04 4071.14 3743.5 3474.26 3702.08 4033.45 4364.82 4713.08 5108.66 5710.03 6384.18 6891.31 7227.57 7558.94 7974.51 8610.18 9170.19 9801.84 9767.78 9441.78 9110.41 8779.04 8447.67 8116.3 7784.92 7458.73 7536.4 7632.72 7309.19 6977.82 6863.91 7184.92 7516.3 7847.67 8179.04 8510.41 8841.78 9173.15 9363.17 9101.78 9236.39 9567.76 9899.13 10298.2 -9999 -9999 -9999 -9999 -9999 -9999 -9999 -9999 -9999 -9999 -9999 -9999 -9999 -9999 -9999 -9999 -9999 -9999 -9999 -9999 -9999 -9999
9058.73 9058.73 9384.92 9716.29 10047.7 10379 10710.4 11041.8 11373.1 11800.8 11716.6 3840.15 3290.05 2943.5 2674.26 2902.08 3233.45 3581.71 3977.29 4578.65 5252.81 5759.94 6096.19 6427.57 6843.14 7478.81 8038.82 8778.77 9425.73 9971.76 10153 9910.4 9579.03 9247.66 8916.29 8584.92 8258.73 8336.4 8432.72 8109.19 7777.82 7663.91 7984.92 8316.29 8647.67 8979.04 9310.4 9641.77 9973.14 10162.8 9901.78 10036.4 10367.8 10699.1 11031.1 11297.1 -9999 -9999 -9999 -9999 -9999 -9999 -9999 -9999 -9999 -9999 -9999 -9999 -9999 -9999 -9999 -9999 -9999 -9999 -9999 -9999 -9999
8258.73 8258.73 8584.92 8916.29 9247.66 9579.03 9910.4 10241.8 10573.1 10921.5 -9999 3487.01 2798.94 2161.81 1874.26 2102.08 2450.34 2845.92 3447.28 4121.44 4628.57 4964.82 5296.19 5711.77 6347.44 6907.45 7647.4 8294.36 8861.49 9384.21 9945.14 10287 10294.6 10047.4 9716.29 9384.92 9058.73 9136.39 9232.71 8909.19 8577.82 8463.91 8784.92 9116.29 9447.66 9779.03 10110.4 10441.8 10773.1 10962.8 10701.8 10836.4 11166.9 11417.5 11698.2 11998.5 -9999 -9999 -9999 -9999 -9999 -9999 -9999 -9999 -9999 -9999 -9999 -9999 -9999 -9999 -9999 -9999 -9999 -9999 -9999 -9999 -9999
7458.73 7458.73 7784.92 8116.29 8447.67 8779.04 9110.41 9441.78 9773.15 10094.6 -9999 -9999 2333.15 1794.39 1082.4 1318.97 1714.55 2315.91 2990.07 3497.19 3833.45 4164.82 4580.4 5216.07 5776.08 6516.03 7162.99 7730.13 8252.84 8867.89 9311.19 9560.66 9892.03 10203.9 10324.8 10173.2 9858.73 9936.39 10032.7 9709.18 9377.82 9263.91 9584.92 9916.29 10247.7 10579 10910.4 11241.8 11573.1 11741.5 11467.5 11424.9 11287 11007 11177.8 11509.2 11731.8 -9999 -9999 -9999 -9999 -9999 -9999 -9999 -9999 -9999 -9999 -9999 -9999 -9999 -9999 -9999 -9999 -9999 -9999 -9999 -9999
6658.73 6658.73 6984.92 7316.3 7647.67 7979.04 8310.41 8641.78 8973.15 9364.85 -9999 -9999 -9999 -9999 274.534 587.17 1184.54 1865.71 2381.19 2702.08 3033.45 3449.03 4084.7 4644.71 5384.66 6031.62 6598.75 7121.48 7736.52 8480.82 8532.84 8760.66 9092.03 9423.4 9754.77 10084.6 10310.5 10542.6 10728.3 10507.7 10177.8 10063.9 10384.9 10716.3 11047.7 11379 11704.3 11885.7 11797 11496.2 11164.8 10833.4 10502.1 10207 10377.8 10709.8 10953.7 11047.7 11408.2 -9999 -9999 -9999 -9999 -9999 -9999 -9999 -9999 -9999 -9999 -9999 -9999 -9999 -9999 -9999 -9999 -9999 -9999
5858.73 5858.73 6184.92 6516.3 6847.67 7179.04 7510.41 7841.78 8282.99 8896.04 -9999 -9999 -9999 0 14.4416 126.804 734.344 1335.23 1604.87 1902.08 2317.66 2953.32 3513.33 4253.29 4900.25 5467.38 5990.1 6605.15 7393.25 7932.78 7732.84 7960.66 8292.03 8623.4 8954.77 9286.14 9617.51 9948.88 10280.3 10603.2 10856.6 10863.9 11184.9 11516.3 11810.3 11882.3 11686.2 11358.9 11027.6 10696.2 10364.8 10033.4 9702.08 9406.95 9577.82 9897.46 10221.6 10567.9 10890.5 -9999 -9999 -9999 -9999 -9999 -9999 -9999 -9999 -9999 -9999 -9999 -9999 -9999 -9999 -9999 -9999 -9999 -9999
5058.73 5058.73 5384.92 5716.3 6047.67 6379.04 6710.41 7151.61 7899.66 8391.48 -9999 -9999 -9999 0 0 24.4638 229.68 668.144 806.954 1186.29 1821.95 2381.96 3121.92 3768.88 4336.01 4858.73 5473.78 6261.88 7051.29 7201.45 6932.84 7160.66 7492.03 7823.4 8154.77 8486.14 8817.51 9148.88 9483.91 10005.7 10787.4 11472.4 11902.4 11834.6 11553 11221.7 10890.3 10558.9 10227.6 9896.19 9564.82 9233.45 8902.08 8606.95 8777.82 9109.19 9440.55 9762.79 10081.8 10324.1 -9999 -9999 -9999 -9999 -9999 -9999 -9999 -9999 -9999 -9999 -9999 -9999 -9999 -9999 -9999 -9999 -9999
4258.73 4258.73 4584.92 4916.3 5247.67 5579.04 6020.24 6768.29 7531.72 7978.18 -9999 -9999 -9999 0 144.194 115.801 6.25 93.9261 156.001 693.282 1250.59 1990.55 2637.5 3204.64 3727.36 4342.41 5130.51 5930.51 6583.46 6402.08 6132.84 6360.66 6692.03 7023.4 7354.77 7686.14 8017.52 8352.55 8874.3 9655.99 10456 11228.6 11707.4 11198.9 10755.8 10421.7 10090.3 9758.93 9427.56 9096.19 8764.82 8433.45 8102.08 7806.95 7977.82 8309.19 8640.56 8938.09 9484.84 10036.9 -9999 -9999 -9999 -9999 -9999 -9999 -9999 -9999 -9999 -9999 -9999 -9999 -9999 -9999 -9999 -9999 -9999
3458.73 3458.73 3784.92 4116.3 4447.67 4888.87 5636.92 6402.18 7080.27 -9999 -9999 -9999 -9999 1407.11 906.412 573.912 94.9984 138.702 89.9318 176.379 860.443 1506.13 2073.27 2595.99 3211.04 3999.14 4799.14 5598.6 5922.31 5602.08 5332.84 5560.66 5892.03 6223.4 6554.77 6886.14 7221.18 7742.93 8524.62 9324.62 10097.2 10767.9 11213.7 10742.7 10067.6 9624.42 9290.3 8958.93 8627.56 8296.19 7964.82 7633.45 7302.08 7006.95 7177.82 7509.19 7840.56 8269.79 9334.8 10105.4 -9999 -9999 -9999 -9999 -9999 -9999 -9999 -9999 -9999 -9999 -9999 -9999 -9999 -9999 -9999 -9999 -9999
2658.73 2658.73 2984.92 3316.3 3757.5 4505.55 5270.81 6037.06 6622.68 -9999 -9999 -9999 2728.83 2063.77 1588.06 866.655 283.341 233.008 277.091 20.6916 378.377 941.899 1464.62 2079.67 2867.77 3667.77 4467.77 5200.4 5133.45 4802.08 4532.84 4760.66 5092.03 5423.4 5754.77 6089.81 6611.56 7393.25 8193.25 8965.83 9660.01 10177.5 10460.7 10383.2 9611.28 8936.2 8493.05 8158.94 7827.57 7496.19 7164.82 6833.45 6502.08 6206.95 6377.82 6709.19 7040.56 7387.25 7400.69 -9999 -9999 -9999 -9999 -9999 -9999 -9999 -9999 -9999 -9999 -9999 -9999 -9999 -9999 -9999 -9999 -9999 -9999
1858.73 1858.73 2184.92 2626.13 3374.18 4139.44 4894.7 5527.85 -9999 -9999 -9999 -9999 3071.38 2715.55 1987.67 1339.61 1025.52 911.328 740.659 369.324 107.609 345.435 948.295 1736.4 2536.4 3336.4 4136.4 4619.49 4333.45 4002.08 3732.84 3960.66 4292.03 4623.4 4958.43 5480.19 6261.88 7061.88 7834.47 8528.64 9285.99 9412.13 9660.66 9880.96 9273.15 8479.92 7804.83 7361.68 7027.57 6696.19 6364.82 6033.45 5702.08 5406.95 5577.82 5909.19 6240.56 6571.93 6898.2 -9999 -9999 -9999 -9999 -9999 -9999 -9999 -9999 -9999 -9999 -9999 -9999 -9999 -9999 -9999 -9999 -9999 -9999
1058.73 1058.73 1494.76 2242.81 3008.07 3773.2 4339.82 -9999 -9999 -9999 -9999 -9999 3631.16 3119.04 2470.98 2102.08 1825.52 1694.86 1453.12 894.707 348.162 270.998 861.477 1658.73 2458.73 3258.73 3989.8 3873.71 3533.45 3202.08 2932.84 3160.66 3492.03 3827.06 4348.81 5130.51 5930.51 6703.1 7397.27 8183.2 8766.72 8612.13 8860.66 9187.59 8938.97 8141.78 7348.55 6673.46 6230.31 5896.19 5564.82 5233.45 4902.08 4606.95 4777.82 5109.19 5440.56 5771.93 6106.2 6489.7 -9999 -9999 -9999 -9999 -9999 -9999 -9999 -9999 -9999 -9999 -9999 -9999 -9999 -9999 -9999 -9999 -9999
353.293 400.972 1134.06 1876.69 2650.88 3406.74 -9999 -9999 -9999 -9999 -9999 -9999 3962.19 3602.35 3233.45 2902.08 2625.52 2482.13 2026.08 1458.29 1127.67 1017.31 1339.61 1987.67 2784.92 3584.92 3953.08 3271.14 2742.34 2402.08 2132.84 2360.66 2695.69 3217.44 3999.14 4799.14 5571.72 6265.9 7051.83 7846.8 8058.17 7812.13 8060.66 8392.03 8502.64 7810.41 7010.41 6217.18 5542.09 5098.94 4764.82 4433.45 4102.08 3806.95 3977.82 4309.19 4640.56 4971.93 5302.55 -9999 -9999 -9999 -9999 -9999 -9999 -9999 -9999 -9999 -9999 -9999 -9999 -9999 -9999 -9999 -9999 -9999 -9999
76.5165 302.202 778.695 1519.51 2328.98 2825.3 -9999 -9999 -9999 -9999 -9999 4163.48 4167.2 3871.42 3799.68 3502.08 3229.18 3040.09 2544.68 2233.17 1927.67 1817.31 2102.08 2470.98 3119.04 3890.5 3692.03 2892.03 2139.76 1610.97 1332.84 1564.32 2086.07 2867.77 3667.77 4440.35 5134.53 5920.46 6720.46 7405.3 7260.66 7012.13 7260.66 7592.03 7787.68 7410.95 6679.04 5879.04 5085.8 4410.72 3967.57 3633.45 3302.08 3006.95 3177.82 3509.19 3840.56 4210.01 4880.89 -9999 -9999 -9999 -9999 -9999 -9999 -9999 -9999 -9999 -9999 -9999 -9999 -9999 -9999 -9999 -9999 -9999 -9999
315.801 263.879 561.772 1335.16 1880.59 1943.5 -9999 -9999 -9999 -9999 3462.3 3676.96 3402.08 3106.95 3172.42 2902.08 2632.84 2526.35 2194.97 2131.93 2352.65 2504.03 2893.88 3233.45 3602.35 3994.24 3360.66 2560.66 1760.66 1008.39 545.389 954.702 1736.4 2536.4 3308.98 4003.16 4789.09 5589.09 6389.09 6772.22 6460.66 6212.13 6460.66 6792.03 6987.68 6699.14 6279.58 5547.67 4747.67 3954.43 3279.35 2836.2 2502.08 2206.95 2377.82 2709.19 3098.22 3782.9 4581.98 5186.29 -9999 -9999 -9999 -9999 -9999 -9999 -9999 -9999 -9999 -9999 -9999 -9999 -9999 -9999 -9999 -9999 -9999
1108.21 1024.63 1107.69 1189.36 1194.97 1620.69 1966.73 3174.11 2868.87 2529.44 2687.71 2890.62 2602.08 2306.95 2375.31 2102.08 1832.84 1750.96 1394.97 1332.84 1661.81 2271.43 3066.63 3789.84 4282.85 3899.85 3101.78 2301.78 1501.78 701.777 114.886 628.764 1426.78 2185.29 2871.79 3657.72 4457.72 5257.72 6010.81 5992.03 5660.66 5412.13 5660.66 5992.03 6187.68 5899.14 5567.77 5148.21 4416.3 3616.3 2823.06 2147.98 1704.83 1406.95 1577.82 1966.85 2651.53 3448.78 4254.7 4972.73 -9999 -9999 -9999 -9999 -9999 -9999 -9999 -9999 -9999 -9999 -9999 -9999 -9999 -9999 -9999 -9999 -9999
1906.38 1669.64 1065 517.792 506.058 1194.16 1821.75 -9999 2215.04 1820.89 1894.97 2121.61 1803 1506.95 1619.15 1324.9 1032.84 1127.12 632.502 551.149 1140.06 1936.4 2736.4 3536.4 4307.92 4094.97 3294.97 2494.97 1694.97 901.382 236.78 430.863 1110.76 1741.13 2526.35 3326.35 4126.35 4926.35 5457.97 5192.03 4860.66 4612.13 4860.66 5192.03 5387.68 5099.14 4767.77 4436.4 4043.67 3284.92 2484.92 1691.69 1016.6 609.7 835.481 1581.69 2420.64 3206.35 3610.66 -9999 -9999 -9999 -9999 -9999 -9999 -9999 -9999 -9999 -9999 -9999 -9999 -9999 -9999 -9999 -9999 -9999 -9999
2399.44 1623.74 823.744 148.614 330.262 -9999 -9999 -9999 0 1038.95 1095.89 1500.25 1151.27 707.87 917.803 691.536 294.389 755.3 447.154 392.938 1058.73 1858.73 2658.73 3458.73 4258.73 4417.89 3626.35 2826.35 2032.26 1298.11 535.7 128.569 609.757 1394.97 2194.97 2994.97 3794.97 4583.19 4722.96 4392.03 4060.66 3812.13 4060.66 4392.03 4587.68 4299.14 3967.77 3636.4 3484.23 2955.94 2156.59 1356.59 563.89 120.6 458.273 1099.26 2697.06 -9999 -9999 -9999 -9999 -9999 -9999 -9999 -9999 -9999 -9999 -9999 -9999 -9999 -9999 -9999 -9999 -9999 -9999 -9999 -9999
2677.82 1879.65 1055.59 585.09 488.909 -9999 -9999 -9999 0 99.2238 418.604 1138.51 943.198 309.413 651.057 607.012 273.698 937.403 1155.99 1132.84 1494.76 2184.92 2984.92 3784.92 4584.92 4748.62 3957.72 3163.63 2425.42 1647.1 909.512 312.289 627.01 1394.97 2194.97 2994.97 3794.97 4287.63 3924.32 3592.03 3260.66 3012.13 3260.66 3592.03 3818.67 3500.05 3167.77 2836.4 2721.6 2600.73 2062.24 1263.91 513.4 389.277 985.713 -9999 -9999 -9999 -9999 -9999 -9999 -9999 -9999 -9999 -9999 -9999 -9999 -9999 -9999 -9999 -9999 -9999 -9999 -9999 -9999 -9999 -9999
2665.31 2167.28 -9999 -9999 -9999 -9999 -9999 -9999 724.264 234.662 444.853 1120.96 1342.92 1006.95 1186.43 1141.85 943.198 1350.12 1866.77 1932.84 2243.5 2626.13 3316.3 4116.3 4916.29 5079.99 4295 3556.79 2778.47 2040.88 1399.56 1043.2 1231.14 1758.38 2526.35 3326.35 4115.7 4038.6 3272.59 2792.95 2460.66 2212.13 2460.66 2792.3 3162.89 2848.33 2368.68 2036.4 1921.6 1895.71 2047.8 1631.83 1179.43 1063.91 1561.96 2417.77 -9999 -9999 -9999 -9999 -9999 -9999 -9999 -9999 -9999 -9999 -9999 -9999 -9999 -9999 -9999 -9999 -9999 -9999 -9999 -9999 -9999
1902.08 1606.95 1625.92 1614.21 -9999 3292.46 2955.92 1838.19 1057.62 443.539 257.092 901.777 1658.69 1802.96 1975.67 1919.24 1743.2 2043.5 2455.11 2732.84 3043.5 3374.87 3757.5 4447.67 5247.67 5417.28 4688.17 3909.84 3172.25 2530.93 2143.5 1843.2 2019.24 2362.51 2889.75 3657.72 4272.34 3709.19 2909.19 2141.22 1661.58 1412.13 1660.93 2054.81 2729.9 2484.92 1716.96 1237.31 1121.6 1095.71 1336.4 1716.84 1920.33 1863.91 2200.11 2782.88 -9999 -9999 -9999 -9999 -9999 -9999 -9999 -9999 -9999 -9999 -9999 -9999 -9999 -9999 -9999 -9999 -9999 -9999 -9999 -9999 -9999
1186.29 806.954 1009.85 1593.32 2536.7 2925.25 2610.73 1929.77 1137.2 433.536 176.896 783.211 1582.3 2234.29 2563.14 2677.19 2543.2 2843.5 3174.87 3512.5 3843.5 4174.87 4506.25 4888.87 5579.04 5805.93 5041.21 4303.62 3662.3 3274.87 2943.5 2643.2 2819.24 3150.61 3493.88 4021.1 4156.69 3377.82 2577.82 1777.82 1009.85 613.315 923.444 1619.24 2399.18 2158.73 1358.73 590.766 338.342 304.864 606.874 1207.34 1803.23 2471.02 2780.76 2984.64 -9999 -9999 -9999 -9999 -9999 -9999 -9999 -9999 -9999 -9999 -9999 -9999 -9999 -9999 -9999 -9999 -9999 -9999 -9999 -9999 -9999
832.843 210.865 613.963 1412.13 2144.07 2206.79 1997.91 1635.17 1335.46 873.146 381.797 875.179 1367.15 1619.24 2060.44 2800.49 3290.19 3643.5 3974.87 4306.25 4640.93 4974.87 5306.24 5637.62 6020.24 6152.76 5435 4793.67 4406.24 4074.87 3743.5 3443.2 3619.24 3950.61 4281.98 4565.65 4063.91 3263.91 2463.91 1663.91 864.713 231.713 620.971 1417.31 2214.56 2135.51 1346.47 582.15 286.623 114.35 161.539 677.037 1458.73 2258.73 2733.73 -9999 -9999 -9999 -9999 -9999 -9999 -9999 -9999 -9999 -9999 -9999 -9999 -9999 -9999 -9999 -9999 -9999 -9999 -9999 -9999 -9999 -9999
1133.52 744.002 976.902 1614.03 1657.09 1412.13 1433.5 868.431 702.692 746.84 179.216 643.918 620.056 929.074 1677.82 2477.82 3277.82 4052.84 4672.97 5102.97 5437.62 5772.3 6106.25 6437.62 6765.39 6564.16 5925.04 5537.62 5206.24 4874.87 4543.5 4243.2 4419.24 4750.61 5081.98 5127.34 4384.92 3584.92 2784.92 1985.73 1274.94 906.954 1096.12 1705.74 2405.84 1977.82 1186.32 499.023 190.173 530.051 356.093 727.01 1494.97 2251.76 -9999 -9999 -9999 -9999 -9999 -9999 -9999 -9999 -9999 -9999 -9999 -9999 -9999 -9999 -9999 -9999 -9999 -9999 -9999 -9999 -9999 -9999 -9999
1844.31 1537.77 1455.2 1323.82 1007.11 613.963 919.079 524.632 115.644 332.138 151.091 460.616 210.171 770.316 1563.91 2363.91 3163.91 3963.91 4763.91 5532.78 6177.82 6568.99 6903.67 7237.62 7490.46 7056.41 6668.99 6337.62 6006.24 5674.87 5343.5 5043.2 5219.24 5550.61 5867.3 5516.25 4716.3 3916.3 3117.1 2406.32 2002.08 1706.95 1877.82 2227.49 2543.6 1863.91 1063.91 342.846 445.925 1090.2 1155.18 1378.73 1858.38 2619.02 3139.02 5452.69 -9999 -9999 -9999 -9999 -9999 -9999 -9999 -9999 -9999 -9999 -9999 -9999 -9999 -9999 -9999 -9999 -9999 -9999 -9999 -9999 -9999
2491.43 1826.2 1045.55 544.742 647.016 210.217 745.944 968.082 510.202 205.197 88.9055 698.652 844.113 1231.37 1862.7 2527.12 3296.32 4082.92 4671.11 5338.53 6137.62 6922.57 7569.68 8027.58 8147.91 7800.36 7468.99 7137.62 6806.24 6474.87 6143.5 5843.2 6019.24 6350.61 6515.61 5847.67 5047.67 4248.47 3537.69 3133.45 2802.08 2506.95 2677.82 3009.19 2958.17 2184.92 1455.4 997.721 945.013 979.051 1228.37 1738.61 2363.28 2889.18 3554.2 4683.15 5011.15 -9999 -9999 -9999 -9999 -9999 -9999 -9999 -9999 -9999 -9999 -9999 -9999 -9999 -9999 -9999 -9999 -9999 -9999 -9999 -9999
2527.67 1727.67 927.665 234.949 600.834 831.927 1172.56 1571.33 1253.65 772.87 445.592 900.198 1204.9 1132.84 1494.76 2184.92 2971.52 3548.84 4207.16 5006.24 5806.24 6606.25 7406.24 8204.83 8777.89 8600.36 8268.99 7937.62 7606.24 7274.87 6943.5 6643.2 6819.24 7149.29 6971.34 6179.04 5379.84 4669.06 4264.82 3933.45 3602.08 3306.95 3477.82 3772.42 3316.3 2586.77 2099.37 1555.63 828.58 254.661 627.01 1388.1 1975.64 2510.34 3292.03 4092.03 4779.42 5398.46 -9999 -9999 -9999 -9999 -9999 -9999 -9999 -9999 -9999 -9999 -9999 -9999 -9999 -9999 -9999 -9999 -9999 -9999 -9999
