public/models/data/input/map/ntb/800/mapdroad.asc
NCOLS 484
NROWS 342
XLLCORNER 370313.940441
YLLCORNER 9266624.452423
CELLSIZE 800.000000
NODATA_VALUE       -9999
[rows 272 to 305 of 342, columns 77 to 153 of 484]
55.0666 75.4902 50 101.674 263.258 192.965 110.244 132.23 91.8734 63.2583 52.5888 126.248 63.9055 91.6053 88.6374 130.511 177.026 26.5625 48.1694 117.207 65.8471 99.5289 117.096 183.969 157.674 110.087 130.086 124.908 80.8249 148.993 111.16 51.2944 73.9277 323.504 -9999 -9999 -9999 -9999 -9999 -9999 -9999 -9999 -9999 -9999 -9999 -9999 -9999 -9999 -9999 -9999 -9999 -9999 -9999 -9999 -9999 22.9167 120.267 301.064 212.251 122.809 100.49 121.025 409.413 213.545 190.663 282.759 264.212 733.612 487.714 229.105 751.336 1222.55 1577.82 1986.07 2709.19 3508.97 4189.8
43.4819 94.5082 75.8693 81.093 137.676 196.09 119.998 95.3775 231.824 71.0708 73.0124 78.9943 57.3874 67.6777 52.968 55.0666 68.9721 100.444 50.3791 94.4623 201.49 65.1999 84.0609 68.9721 125.555 125.019 92.4096 114.239 240.663 205.308 147.541 115.847 120.267 222.498 -9999 -9999 -9999 -9999 -9999 -9999 -9999 -9999 -9999 -9999 -9999 -9999 -9999 -9999 -9999 -9999 -9999 -9999 -9999 -9999 25.7583 121.136 281.315 390.552 306.399 125.934 265.774 90.3109 154.596 192.678 181.694 128.033 450.658 683.019 186.447 401.195 1157.5 1854.62 2342.43 2709.19 3117.44 3840.56 4640.34
46.3388 102.164 79.5305 124.686 208.59 82.6555 91.4943 202.562 86.4277 104.642 55.4458 42.5666 45.9597 71.4499 333.766 121.025 64.5527 110.198 111.65 54.5305 237.492 136.826 51.6735 75.8693 112.787 201.693 108.793 148.077 104.753 154.216 126.045 120.646 155.995 262.132 -9999 -9999 -9999 -9999 -9999 -9999 -9999 -9999 -9999 -9999 -9999 -9999 -9999 -9999 -9999 -9999 -9999 -9999 -9999 0 242.164 294.925 245.332 287.63 94.5083 96.1818 128.726 160.087 183.211 177.451 582.51 284.811 93.9721 209.819 108.257 519.297 1307.84 2107.42 2851.78 3455.34 3840.56 4248.81 4971.93
59.486 87.611 102.7 70.8027 146.025 82.2763 120.267 131.472 127.654 80.5568 76.7846 80.0206 55.0666 46.3388 197.939 139.082 76.2484 120.868 149.437 96.829 61.4277 132.452 104.216 73.9277 131.047 259.949 133.636 164.618 78.8832 252.562 64.8208 74.1958 353.62 -9999 -9999 -9999 -9999 -9999 -9999 -9999 -9999 -9999 -9999 -9999 -9999 -9999 -9999 -9999 -9999 -9999 -9999 -9999 -9999 63.2583 103.458 72.0971 312.002 625.344 175.823 120.109 286.512 459.321 163.055 104.53 276.352 288.361 122.162 255.752 561.217 868.431 1520.15 2319.24 3119.24 3918.05 4584.95 4971.93 5327.18
45.9597 76.9416 66.3833 69.7763 136.225 76.6735 42.8347 146.94 118.861 155.511 116.337 236.983 115.847 53.8833 51.0263 66.3833 70.5346 374.345 260.819 103.569 322.089 151.739 101.896 126.202 102.922 94.7303 86.1596 85.5124 69.5083 143.122 78.7262 246.263 516.176 -9999 -9999 -9999 -9999 -9999 -9999 -9999 -9999 -9999 -9999 -9999 -9999 -9999 -9999 -9999 -9999 -9999 -9999 -9999 -9999 81.5028 91.1152 98.9277 361.891 935.351 533.417 203.745 162.408 360.884 180.844 466.283 330.928 148.346 203.144 572.625 1251.06 1636.4 1999.8 2651.53 3450.61 4250.61 5027.71 5243.79 4957.72
22.5222 51.5625 35.0222 32.8125 66.4943 71.718 67.0305 89.5527 111.65 121.672 92.9458 103.615 235.976 75.8693 49.843 57.6555 132.452 98.6596 98.0124 39.8208 87.454 124.372 172.273 194.841 199.594 115.801 126.582 91.2262 138.656 50.111 107.862 333.122 -9999 -9999 -9999 -9999 -9999 -9999 -9999 -9999 -9999 -9999 -9999 -9999 -9999 -9999 -9999 -9999 -9999 -9999 -9999 -9999 120.711 260.794 59.486 47.2541 257.786 765.046 1145.73 878.316 370.056 257.452 171.561 609.091 530.419 165.579 131.361 579.189 1187.37 1566.39 2171.96 2908.47 3692.03 4492.03 4904.94 4490 4157.72
33.4597 29.4194 87.0749 26.5625 76.9416 84.218 100.712 109.061 80.8249 62.9902 100.601 49.4638 74.1958 72.0971 68.2138 73.0124 137.944 116.716 68.704 54.7985 37.2319 26.9416 154.392 208.544 232.74 166.846 195.73 122.43 54.1513 98.9927 200.847 -9999 -9999 -9999 -9999 -9999 -9999 -9999 -9999 -9999 -9999 -9999 -9999 -9999 -9999 -9999 -9999 -9999 -9999 -9999 -9999 -9999 97.6579 145.554 152.275 216.559 150.601 499.946 804.208 1035.71 528.301 117.253 117.678 335.06 246.155 125.333 262.362 192.9 443.715 1042.8 1836.4 2636.4 3436.4 4236.4 4533.95 3837.48 3358.63
38.1472 45.6916 71.0708 38.1472 110.087 47.5222 74.3068 65.468 88.7484 87.454 93.704 47.9013 63.9055 118.547 120.489 54.6875 87.8331 97.4762 166.513 54.7985 77.968 109.329 222.384 49.1958 118.011 305.484 379.477 86.6498 41.2722 131.269 282.843 -9999 -9999 -9999 -9999 -9999 -9999 -9999 -9999 -9999 -9999 -9999 -9999 -9999 -9999 -9999 -9999 -9999 -9999 -9999 -9999 23.1694 61.6958 276.869 251.934 278.561 413.269 305.928 216.958 726.769 429.634 189.775 114.886 447.108 178.144 253.588 411.133 208.59 253.477 901.777 1701.78 2501.78 3301.78 4049.54 4067.19 3425.24 2706.1
42.1875 58.1916 39.0625 47.2541 80.5568 28.7722 80.1777 57.9235 110.355 41.9194 66.3833 67.9458 88.1012 105.668 43.4819 51.2944 49.7319 71.718 119.998 101.248 74.1958 96.672 188.185 176.536 24.7319 137.519 144.841 354.588 181.644 -9999 -9999 -9999 -9999 -9999 -9999 -9999 -9999 -9999 -9999 -9999 -9999 -9999 -9999 -9999 -9999 -9999 -9999 -9999 -9999 -9999 320.176 136.16 184.394 148.568 512.817 291.394 107.721 78.6152 435.792 866.72 277.202 241.375 256.445 121.404 401.436 860.7 561.623 225.444 810.458 1268.9 2002.08 2785.25 3426.44 3647 3381.99 3007.52 2293.87
36.5847 41.9194 104.105 67.9458 60.6694 47.2541 58.1916 86.8068 289.48 74.1958 53.5041 72.3652 58.8388 54.7985 103.19 57.9235 67.5666 137.297 62.343 99.1958 72.7443 126.961 111.114 182.517 101.359 132.563 169.841 460.42 624.264 -9999 -9999 -9999 -9999 -9999 -9999 -9999 -9999 -9999 -9999 -9999 -9999 -9999 -9999 -9999 -9999 -9999 -9999 -9999 -9999 -9999 -9999 325.824 185.972 111.585 360.328 299.751 308.054 419.278 913.2 922.138 355.53 157.341 238.166 113.369 545.446 1068.14 604.523 183.276 621.583 1280.56 2010.17 2419.24 2750.61 2853 2586.24 2530.37 1879.05
50.3791 86.8068 90.468 65.1999 30.9819 58.8388 35.6694 71.0708 96.2928 79.1513 59.486 46.3388 26.2944 112.944 315.506 100.065 103.726 82.0083 111.428 111.918 99.1497 109.819 132.23 250.953 168.168 269.906 130.511 222.983 -9999 -9999 -9999 -9999 -9999 -9999 -9999 -9999 -9999 -9999 -9999 -9999 -9999 -9999 -9999 -9999 -9999 -9999 -9999 -9999 -9999 -9999 -9999 -9999 -9999 200 256.851 567.356 781.651 1174.36 1304.2 743.78 240.533 121.561 427.692 461.366 168.076 759.692 947.981 362.067 245.757 998.679 1364.46 1619.24 2038.41 2060.66 1786.24 1779.07 1427.41
97.3652 106.962 42.1875 66.0041 60.4013 49.4638 41.0041 58.5708 119.998 109.172 116.716 128.412 111.382 53.5041 119.194 74.843 93.4359 86.6958 103.347 136.493 123.392 151.628 103.079 100.333 93.704 156.001 378.155 746.195 -9999 -9999 -9999 -9999 -9999 -9999 -9999 -9999 -9999 -9999 -9999 -9999 -9999 -9999 -9999 -9999 -9999 -9999 -9999 -9999 -9999 -9999 -9999 -9999 -9999 336.54 162.565 643.206 610.616 1083.62 929.074 571.109 546.017 195.6 843.095 543.826 131.805 732.222 1104.21 379.392 345.351 728.553 570.711 929.074 1548.3 1282.29 986.244 989.131 706.843
102.7 88.7484 60.7805 69.2402 50.3791 42.1875 55.7138 57.2763 49.4638 115.043 73.6596 138.055 307.583 73.9277 74.5749 84.329 93.704 85.5124 75.7582 87.7221 100.869 64.1735 193.122 342.004 543.761 130.622 219.189 -9999 -9999 -9999 -9999 -9999 -9999 -9999 -9999 -9999 -9999 -9999 -9999 -9999 -9999 -9999 -9999 -9999 -9999 -9999 -9999 -9999 -9999 -9999 -9999 -9999 -9999 -9999 109.85 167.207 156.047 771.959 678.542 149.751 190.043 260.957 947.56 530.614 212.806 849.264 1020.34 274.724 367.18 270.554 148.031 764.602 1008.09 620.186 240.487 244.638 129.753
177.876 68.593 84.329 48.1694 55.7138 161.225 74.1958 111.003 84.5971 71.4499 52.8569 123.123 99.1498 151.425 87.7221 48.8166 68.861 77.3208 165.265 114.507 116.873 146.672 192.965 354.569 311.577 193.23 220.833 -9999 -9999 -9999 -9999 -9999 -9999 -9999 -9999 -9999 -9999 -9999 -9999 -9999 -9999 -9999 -9999 -9999 -9999 -9999 -9999 -9999 -9999 -9999 -9999 -9999 -9999 -9999 546.082 360.995 116.762 309.191 641.053 262.048 361.493 294.73 981.066 544.787 146.404 657.287 1007.56 302.405 136.003 94.9984 611.171 1066.8 565.498 148.725 114.396 124.418 185.355
55.4458 117.743 76.0263 126.896 72.6332 102.164 61.9638 142.207 58.5708 78.236 83.3027 63.2583 86.5387 70.1555 188.009 118.057 131.315 75.7582 127.275 85.4013 84.1069 133.035 193.233 158.322 99.5289 353.458 -9999 -9999 -9999 -9999 -9999 -9999 -9999 -9999 -9999 -9999 -9999 -9999 -9999 -9999 -9999 -9999 -9999 -9999 -9999 -9999 -9999 -9999 -9999 -9999 -9999 -9999 -9999 -9999 -9999 75.3097 373.633 531.261 568.022 109.44 310.957 275 1001.51 710.286 151.804 498.273 537.89 143.122 174.797 300.528 843.301 998.858 321.599 121.829 96.718 34.375 391.559
124.797 137.343 240.801 115.422 96.0708 200.306 136.003 182.563 111.271 152.118 131.694 45.3125 87.343 73.6596 163.545 79.9096 138.055 80.8249 152.229 85.6234 248.254 238.545 134.93 105.289 115.278 -9999 -9999 -9999 -9999 -9999 -9999 -9999 -9999 -9999 -9999 -9999 -9999 -9999 -9999 -9999 -9999 -9999 -9999 -9999 -9999 -9999 -9999 -9999 -9999 -9999 -9999 -9999 -9999 -9999 -9999 72.9167 528.301 1028.04 759.822 489.675 272.384 220.711 885.282 513.361 157.249 634.573 459.7 351.896 143.658 153.144 261.133 565.257 194.998 131.694 182.675 216.199 717.589
89.2846 109.218 226.202 83.7928 105.289 67.2985 92.6777 69.7763 115.2 308.701 58.5708 73.0124 104.753 154.864 130.668 146.136 82.7665 104.484 134.126 131.047 81.7402 128.301 178.726 66.0998 200 -9999 -9999 -9999 -9999 -9999 -9999 -9999 -9999 -9999 -9999 -9999 -9999 -9999 -9999 -9999 -9999 -9999 -9999 -9999 -9999 -9999 -9999 -9999 -9999 -9999 -9999 -9999 -9999 1253.06 -9999 93.8504 612.465 514.629 197.384 420.722 465.414 137.565 780.392 896.353 297.265 333.72 924.18 656.104 145.063 93.4359 100.444 201.804 114.507 162.408 149.751 640.016 1253.2
186.558 166.337 324.77 65.3569 67.0305 85.8915 97.2081 60.1333 82.2763 142.41 56.361 111.16 134.976 64.4416 58.5708 89.2846 62.8791 72.6333 132.609 163.009 77.968 255.021 264.572 169.909 -9999 -9999 -9999 -9999 -9999 -9999 -9999 -9999 -9999 -9999 -9999 -9999 -9999 -9999 -9999 -9999 -9999 -9999 -9999 -9999 -9999 -9999 -9999 -9999 -9999 -9999 -9999 -9999 1772.79 1202.93 475.196 211.918 642.107 212.27 126.739 71.718 129.327 168.233 415.368 552.229 205.354 490.368 600.781 193.945 159.662 210.531 237.473 153.68 139.84 208.23 245.573 747.303 959.378
358.72 137.454 143.658 161.872 221.247 129.642 152.386 132.832 101.137 114.775 87.9902 93.9721 90.3109 93.9721 83.0346 79.2624 93.9721 73.0124 100.601 123.077 70.8027 96.829 79.9096 174.15 -9999 -9999 -9999 -9999 -9999 -9999 -9999 -9999 -9999 -9999 -9999 -9999 -9999 -9999 -9999 -9999 -9999 -9999 -9999 -9999 -9999 -9999 -9999 -9999 -9999 -9999 -9999 -9999 1499.57 986.78 226.671 238.009 339.618 96.5609 66.6513 136.918 160.577 154.753 141.873 61.6958 61.9638 121.561 161.604 141.448 125.333 105.021 327.47 273.947 218.363 87.0749 157.073 280.438 384.7
125.065 194.194 186.336 75.9803 147.966 145.221 62.8791 82.7665 236.761 159.172 71.718 41.0041 71.718 92.9458 56.6291 67.5666 81.4721 103.569 59.486 293.631 161.715 97.9664 110.972 173.151 -9999 -9999 -9999 -9999 -9999 -9999 -9999 -9999 -9999 -9999 -9999 -9999 -9999 -9999 -9999 -9999 -9999 -9999 -9999 -9999 -9999 -9999 -9999 -9999 -9999 -9999 -9999 -9999 -9999 1365.69 430.306 221.611 166.485 55.7138 99.6859 102.7 99.843 103.079 61.0485 105.021 45.4235 28.125 92.4096 112.565 299.992 329.81 155.511 221.266 176.471 234.681 388.158 104.373 407.399
373.449 140.801 87.343 171.293 102.543 96.4499 75.4902 132.073 330.844 99.843 149.261 144.795 128.301 300.019 224.372 146.404 122.744 261.715 62.343 133.904 90.579 68.3402 67.5296 -9999 -9999 -9999 -9999 -9999 -9999 -9999 -9999 -9999 -9999 -9999 -9999 -9999 -9999 -9999 -9999 -9999 -9999 -9999 -9999 -9999 -9999 -9999 -9999 -9999 -9999 -9999 -9999 -9999 -9999 -9999 -9999 502.919 152.139 112.944 149.529 173.503 151.045 142.207 87.565 183.479 217.586 224.686 64.8207 192.697 687.541 940.862 765.533 906.613 765.533 939.613 974.091 616.689 595.944
278.81 169.148 65.8471 158.793 100.601 119.462 62.8791 121.025 200.509 55.8249 271.201 102.164 130.668 102.811 105.936 259.903 172.652 59.1069 54.9096 90.1999 77.0527 182.13 -9999 -9999 -9999 -9999 -9999 -9999 -9999 -9999 -9999 -9999 -9999 -9999 -9999 -9999 -9999 -9999 -9999 -9999 -9999 -9999 -9999 -9999 -9999 -9999 -9999 -9999 -9999 -9999 -9999 -9999 -9999 -9999 668.545 378.94 372.985 168.815 194.194 136.761 69.5082 65.468 150.823 80.5568 146.626 378.247 108.192 364.239 991.341 1366.53 1414.63 1345.72 1368.22 1666.87 1718.57 1416.42 1363.91
95.8027 93.0568 61.0485 81.204 135.087 94.0831 76.0263 72.4762 106.047 148.993 72.2541 177.007 113.369 64.5527 81.4721 468.252 403.163 226.425 83.7341 61.0639 62.033 -9999 -9999 -9999 -9999 -9999 -9999 -9999 -9999 -9999 -9999 -9999 -9999 -9999 -9999 -9999 -9999 -9999 -9999 -9999 -9999 -9999 -9999 -9999 -9999 -9999 -9999 -9999 -9999 -9999 -9999 -9999 -9999 -9999 628.496 283.128 40.8778 144.994 129.44 218.501 148.077 187.519 618.03 606.307 450.141 228.948 172.116 174.705 410.217 698.173 908.26 641.728 854.702 1552.84 1643.2 1761.19 2003.49
216.624 236.401 113.526 165.533 44.1291 100.065 89.2846 65.736 99.4638 102.968 112.722 111.16 141.383 90.468 111.003 141.448 108.146 96.829 76.1506 52.0493 -9999 -9999 -9999 -9999 -9999 -9999 -9999 -9999 -9999 -9999 -9999 -9999 -9999 -9999 -9999 -9999 -9999 -9999 -9999 -9999 -9999 -9999 -9999 -9999 -9999 -9999 -9999 -9999 -9999 -9999 -9999 -9999 -9999 -9999 915.685 948.672 -9999 -9999 423.57 256.677 87.7221 385.19 1146.39 1120.91 572.533 183.793 118.011 153.033 221.423 146.515 238.028 155.419 652.305 1119.79 844.113 1070.5 1760.66
240.644 135.309 47.2541 106.583 113.905 123.077 84.218 90.0428 114.507 86.0485 196.737 149.372 546.886 123.123 113.859 210.42 107.767 112.722 -9999 -9999 -9999 -9999 -9999 -9999 -9999 -9999 -9999 -9999 -9999 -9999 -9999 -9999 -9999 -9999 -9999 -9999 -9999 -9999 -9999 -9999 -9999 -9999 -9999 -9999 -9999 -9999 -9999 -9999 -9999 -9999 -9999 -9999 -9999 -9999 -9999 -9999 -9999 -9999 1044.67 576.609 145.443 736.396 1362.77 844.113 225.796 205.465 190.265 231.87 150.13 127.654 138.434 70.8027 354.921 464.407 203.32 712.132 1512.13
191.984 161.493 153.634 84.486 304.68 97.8553 116.605 355.216 133.636 66.3833 116.762 113.748 220.351 71.0708 151.961 92.0305 140.259 -9999 -9999 -9999 -9999 -9999 -9999 -9999 -9999 -9999 -9999 -9999 -9999 -9999 -9999 -9999 -9999 -9999 -9999 -9999 -9999 -9999 -9999 -9999 -9999 -9999 -9999 -9999 -9999 -9999 -9999 -9999 -9999 -9999 -9999 -9999 -9999 -9999 -9999 -9999 -9999 -9999 848.528 281.529 373.847 1113.61 1649.13 1070.5 712.132 921.564 886.022 541.866 166.984 315.33 455.522 173.346 232.851 95.3775 392.938 987.664 1760.66
160.623 128.033 423.495 131.047 146.783 106.093 135.355 138.591 85.1332 61.3166 274.77 133.211 167.364 189.239 154.975 374.992 128.979 -9999 -9999 -9999 -9999 -9999 -9999 -9999 -9999 -9999 -9999 -9999 -9999 -9999 -9999 -9999 -9999 -9999 -9999 -9999 -9999 -9999 -9999 -9999 -9999 -9999 -9999 -9999 -9999 -9999 -9999 -9999 -9999 -9999 -9999 -9999 -9999 -9999 -9999 -9999 -9999 -9999 -9999 178.523 805.146 1418.71 1900.67 1760.66 1512.13 1717.83 1548.63 929.074 707.87 910.183 400.612 283.184 774.348 309.478 385.263 1179.79 1970.55
130.779 87.1859 136.003 81.093 126.739 95.8027 108.571 70.1555 42.1875 64.1735 168.436 88.3693 85.5124 57.9235 121.733 331.713 129.537 -9999 -9999 -9999 -9999 -9999 -9999 -9999 -9999 -9999 -9999 -9999 -9999 -9999 -9999 -9999 -9999 -9999 -9999 -9999 -9999 -9999 -9999 -9999 -9999 -9999 -9999 -9999 -9999 -9999 -9999 -9999 -9999 -9999 -9999 -9999 -9999 -9999 -9999 -9999 -9999 -9999 100 225.731 675.279 929.074 1609.84 2107.84 2196.43 2427.64 2060.44 1677.82 1504.97 1275.45 677.037 773.119 1081.61 396.469 356.093 1155.18 1955.18
114.932 135.087 253.542 211.133 88.6374 45.0444 81.093 71.718 36.5847 45.6916 171.959 378.496 128.957 158.088 -9999 254.172 350 -9999 -9999 -9999 -9999 -9999 -9999 -9999 -9999 -9999 -9999 -9999 -9999 -9999 -9999 -9999 -9999 -9999 -9999 -9999 -9999 -9999 -9999 -9999 -9999 -9999 -9999 -9999 -9999 -9999 -9999 -9999 -9999 -9999 -9999 -9999 -9999 -9999 -9999 4097.06 -9999 -9999 -9999 44.5925 167.272 646.526 1148.81 1378.73 1715.27 2043.5 2414.67 2469.28 2222.86 1803.23 1458.73 1488 1262.39 481.602 283.793 1065.53 1865.53
137.833 111.271 118.122 124.261 38.7944 44.1291 39.7097 47.2541 75.4902 82.6555 68.2138 91.8734 133.793 127.416 276.777 288.146 308.231 -9999 -9999 -9999 -9999 -9999 -9999 -9999 -9999 -9999 -9999 -9999 -9999 -9999 -9999 -9999 -9999 -9999 -9999 -9999 -9999 -9999 -9999 -9999 -9999 -9999 -9999 -9999 -9999 -9999 -9999 -9999 -9999 -9999 -9999 -9999 -9999 -9999 -9999 3755.82 3314.11 -9999 -9999 435.046 220.945 457.629 436.466 671.342 927.665 1347.71 2065.89 2806.88 2914.98 2571.13 2092.25 1448.39 846.28 334.413 321.959 1101.78 1901.78
241.402 156.315 172.985 100.98 235.957 464.921 167.376 68.0198 149.994 62.0676 79.5305 0 63.6999 60.5647 206.062 95.8499 255.178 -9999 -9999 460.876 231.066 403.553 -9999 -9999 -9999 -9999 -9999 -9999 -9999 -9999 -9999 -9999 -9999 -9999 -9999 -9999 -9999 -9999 -9999 -9999 -9999 -9999 -9999 -9999 -9999 -9999 -9999 -9999 -9999 -9999 -9999 -9999 -9999 -9999 -9999 3554.06 2867.27 2062.1 1118.75 463.708 256.441 313.48 252.072 179.484 269.814 934.52 1719.24 2519.24 3187.5 2694.82 1894.97 1095.24 331.908 194.416 660.6 1410.12 2202.08
126.202 115.468 126.091 230.243 516.301 916.421 199.162 82.9235 253.601 72.9167 177.458 -9999 119.669 101.769 379.3 122.221 270.711 -9999 427.714 1074.68 202.446 193.516 -9999 -9999 -9999 -9999 -9999 -9999 -9999 -9999 -9999 -9999 -9999 -9999 -9999 -9999 -9999 -9999 -9999 -9999 -9999 -9999 -9999 -9999 -9999 -9999 -9999 -9999 -9999 -9999 -9999 -9999 -9999 2761.88 2889.28 2954.12 2603.24 1922.54 1185.71 392.919 290.82 895.435 1000.86 715.479 232.046 696.599 1496.6 2296.6 2992.87 2523.74 1723.74 923.744 205.622 275.758 1029.54 1765.64 2538.5
194.102 78.7262 152.386 258.478 733.32 -9999 -9999 123.836 75 -9999 -9999 -9999 -9999 73.2429 144.721 64.9203 -9999 249.964 86.5604 58.8235 213.608 155.679 409.099 -9999 -9999 -9999 -9999 -9999 -9999 -9999 -9999 -9999 -9999 -9999 -9999 -9999 -9999 -9999 -9999 -9999 -9999 -9999 -9999 -9999 -9999 -9999 -9999 -9999 -9999 -9999 -9999 -9999 2744.97 2184.72 2151.78 2156.07 2027.08 1520.39 987.495 616.321 192.03 748.123 1052.8 1170.33 844.113 1070.5 1760.66 2560.66 3154.68 2550.89 1750.89 950.888 213.591 506.51 1264.8 2064.8 2864.19
59.0703 187.686 37.5 71.606 -9999 -9999 -9999 -9999 -9999 -9999 -9999 100 58.7129 78.3471 77.9156 144.046 300 179.244 119.675 92.5832 105.683 203.547 547.906 -9999 -9999 -9999 -9999 -9999 -9999 -9999 -9999 -9999 -9999 -9999 -9999 -9999 -9999 -9999 -9999 -9999 -9999 -9999 -9999 -9999 -9999 -9999 -9999 -9999 -9999 -9999 -9999 -9999 -9999 1275 1354.9 1356.07 1255.18 1153.04 439.277 160.957 116.762 201.248 407.87 1140.18 1587.35 1819.24 2201.87 2892.03 3407.26 2736.4 1936.4 1140.06 551.149 787.652 1536.4 2336.4 3136.4
