public/models/data/input/map/ntb/800/mapdriver.asc
NCOLS 484
NROWS 342
XLLCORNER 370313.940441
YLLCORNER 9266624.452423
CELLSIZE 800.000000
NODATA_VALUE       -9999
[rows 238 to 271 of 342, columns 308 to 384 of 484]
15680.2 15348.9 15017.5 14686.1 14354.8 14023.4 13692 13360.7 13056 12559.3 11761.9 10961.9 10161.9 9361.88 8561.88 7761.88 6961.88 6161.88 5393.92 4914.27 4581.98 4250.61 3919.24 3743.2 4043.5 4374.87 4706.24 4806.95 4144.42 3454.26 2327.89 2072.94 -9999 -9999 -9999 -9999 842.755 600.52 732.077 422.162 286.022 1024.59 1000.7 806.954 1211.92 1960.66 2760.66 3187.63 2846.01 2329.26 1846.48 1494.97 1458.73 1803.23 2102.78 1859.1 1717.31 2002.08 2410.34 3133.45 3933.45 4733.45 5317.65 5144.27 4812.89 4481.52 4159.21 4161.6 4372.79 4704.16 4926.63 4319.24 3519.24 2719.24 1919.24 1151.27 718.225
14880.2 14548.9 14217.5 13886.1 13554.8 13223.4 12892 12560.7 12332.8 12526.7 12090.6 11293.2 10493.2 9693.25 8893.25 8093.25 7293.25 6525.29 6045.64 5713.35 5381.98 5050.61 4719.24 4543.2 4843.5 5174.87 5296.34 4643.2 3843.2 3050.52 2232.1 1468.22 621.895 173.361 40.2369 0 262.366 156.559 197.227 299.123 347.135 1117.31 1666.45 1606.95 1902.08 2343.29 3092.03 3707.25 3455.42 2977.85 2626.35 2294.97 2258.73 2584.92 2852.97 2659.1 2517.31 2802.08 3133.45 3541.71 4264.82 5031.94 4828.23 4348.58 4016.3 3684.92 3363.91 3477.82 3809.19 4140.56 4490.06 4601.82 3850.61 3050.61 2282.65 1781.43 1465.65
14080.2 13748.9 13417.5 13086.1 12754.8 12423.4 12092 11760.7 11532.8 11802.1 12058.1 11622 10824.6 10024.6 9224.62 8424.62 7656.66 7177.01 6844.72 6513.35 6181.98 5850.61 5519.24 5343.2 5643.5 5888.18 5363.39 4563.39 3763.39 2963.39 2163.39 1363.39 563.656 102.543 67.0305 75.2221 321.35 559.646 84.329 201.379 623.839 1239.91 1937.17 2374.11 2702.08 3028.43 3294.9 3232.84 3442.99 3564.3 3414.2 3094.97 3058.73 3384.92 3652.97 3459.1 3317.31 3602.08 3933.45 4264.82 4673.08 5114.78 4464.82 3696.86 3217.21 2884.92 2563.91 2677.82 3009.19 3358.87 3968.48 4627.24 4109.19 3310.1 2571.43 1803 1151.27
13280.2 12948.9 12617.5 12286.1 11954.8 11623.4 11292 10960.7 10732.8 11002.1 11333.4 11589.4 11153.4 10356 9555.99 8788.03 8308.38 7976.09 7644.72 7313.35 6981.98 6650.61 6319.24 6143.2 6382.25 5978.8 5181.95 4381.95 3581.95 2781.95 1981.95 1181.95 390.016 296.848 428.182 117.521 214.775 800.428 465.563 94.0831 303.006 859.278 1636.4 2436.4 3122.77 3028.43 2702.08 2432.84 2660.66 2992.03 3394.84 3794.15 3858.73 4184.92 4452.97 4259.1 4117.31 4402.08 4733.45 5041.03 5147.8 4878.29 4133.45 3333.45 2565.49 2085.84 1763.91 1877.82 2227.49 2837.11 3633.45 4353.4 3932.84 3132.84 2332.84 1532.84 733.758
12480.2 12148.9 11817.5 11486.1 11154.8 10823.4 10492 10160.7 9932.84 10202.1 10533.4 10864.8 11120.8 10684.8 9919.39 9439.75 9107.46 8776.09 8444.72 8113.35 7781.98 7450.61 7119.24 6942.93 6781.96 5994.98 5194.97 4394.97 3594.97 2794.97 1994.97 1194.97 516.08 674.838 750.057 111.65 237.473 989.342 900.911 298.855 179.707 714.353 1460.06 2259.25 2874.22 2343.29 1902.08 1632.84 1860.66 2264.89 2975.68 3773.78 4464.08 4964 5252.97 5059.1 4917.31 5163.69 5206.61 4861.18 4523.4 4192.03 3750.83 3002.08 2202.08 1434.12 964.824 1096.12 1705.74 2502.08 3302.08 4099.27 4152.14 3360.66 2560.66 1760.66 1070.5
11680.2 11348.9 11017.5 10686.1 10354.8 10023.4 9692.03 9360.66 9132.84 9402.08 9733.45 10064.8 10396.2 10654.9 10530.5 10238.8 9907.46 9576.09 9244.72 8913.35 8581.98 8250.61 7919.24 7681.35 7126.35 6326.35 5526.35 4726.35 3926.35 3126.35 2326.35 1636.18 1263.91 1216.46 653.19 83.8388 495.056 1246.48 1394.07 749.459 226.869 432.87 1217.31 2017.31 2580.56 1960.66 1211.92 832.843 1133.52 1844.31 2643.5 3443.5 4243.5 5043.5 5671.36 5486.17 5197.22 4902.08 4611.11 4241.71 3729.81 3392.03 3060.66 2634.99 1901.78 1101.78 349.012 583.739 1379.81 2179.81 2979.81 3779.81 4324.4 3692.03 2892.03 2201.87 1819.24
10880.2 10548.9 10217.5 9886.14 9554.77 9223.4 8892.03 8560.66 8332.84 8602.08 8933.45 9264.82 9596.19 9927.56 10258.9 10541.4 10476 9952.85 9504.05 8965.14 8642.11 8276.97 7958.94 7626.3 7216.83 6609.11 5857.51 5057.72 4257.72 3457.72 2741.35 2205.41 1585.12 936.361 393.309 61.6958 350.842 1131.95 1446.58 936.599 738.503 813.281 1422.9 2162.42 2079.22 1609.29 894.5 238.879 728.469 1527.67 2327.67 3127.67 3927.67 4661.75 5014.82 4764.82 4433.45 4102.08 3817.31 3778.35 3111.83 2598.44 2260.66 2012.74 1699.46 985.773 238.166 543.834 1343.57 2143.57 2943.57 3743.57 4312.88 3839.21 3146.39 2759.19 2425.65
10080.3 9748.88 9417.51 9086.14 8754.77 8423.4 8092.03 7760.66 7532.84 7802.08 8133.45 8464.82 8796.19 9127.56 9458.93 9790.3 10041.3 9483.91 9001.88 8350.64 7830.62 7479.23 7159.4 6827.57 6496.19 6154.62 5738.89 5132.14 4337.96 3538.65 2743.5 1944.42 1211.92 471.415 110.957 435.014 677.037 1266.95 1127.29 372.089 521.285 1279.12 1778.48 1972.42 1476.87 949.21 605.411 171.737 702.045 1501.78 2301.78 3069.32 3603.88 3967.77 4241.96 3968.48 3633.45 3302.08 3017.31 3092.45 2684.07 1980.46 1467.07 1226.03 1032.68 602.389 169.037 773.744 1573.74 2373.74 3173.74 3956.98 3838.26 3340.33 2738.94 2176.92 1836.4
9298.56 8948.88 8617.51 8286.14 7954.77 7623.4 7292.03 6960.66 6732.84 7002.08 7333.45 7664.82 7996.19 8327.56 8658.93 8990.3 9343.2 9148.88 8562.61 7736.82 7240.08 6702.4 6361.6 6028.03 5696.19 5364.82 5023.25 4610.63 4013.69 3223.38 2423.38 1623.38 824.827 186.604 282.295 1004.87 1455.72 1639.27 1019.45 256.066 426.915 1187.53 1257.97 1271.21 992.121 352.508 180.779 422.349 1042.79 1802.35 2567.04 2744.4 2836.4 3167.77 3499.14 3353.97 2837.11 2502.08 2217.31 2387.67 2054.81 1552.7 849.091 457.556 466.394 158.054 457.659 1089.72 1877.82 2677.82 3477.82 4066.3 3474.87 2706.91 2208.96 1607.57 1045.55
8776.81 8167.19 7817.52 7486.14 7154.77 6823.4 6492.03 6160.66 5932.84 6202.08 6533.45 6864.82 7196.19 7527.57 7858.94 8213.19 8820.98 8817.51 8217.52 7206.38 6609.84 6108.7 5571.03 5230.23 4896.65 4564.82 4233.45 3891.88 3486.03 2945.46 2181.07 1381.07 581.334 188.971 643.125 1267.45 1967.37 1784.75 986.244 235.041 393.788 696.415 480.901 480.373 415.571 162.741 679.266 1135.81 1547.36 2141.28 2270.59 1958.73 2036.4 2368.68 2848 2995.51 2227.49 1705.74 1417.31 1619.24 1592.15 923.444 427.6 205.576 132.832 508.823 1122.61 1588.38 2221.09 3009.19 3808.32 3928.41 3143.5 2343.5 1575.54 1077.58 520.481
8441.78 7645.44 7035.82 6686.14 6354.77 6023.4 5692.03 5360.66 5132.84 5402.08 5733.45 6064.82 6396.19 6727.57 7081.82 7689.61 8483.2 8486.14 7684.85 6884.85 6089.81 5478.47 4977.33 4439.66 4098.86 3765.28 3433.45 3102.08 2775.03 2368.11 1957.97 1281.06 505.457 122.587 331.594 958.55 1543.52 1638.39 1181.18 480.208 112.565 167.207 222.403 265.755 238.748 544.466 1157.69 1801.56 2245.09 2134.49 1556.98 1158.73 1237.31 1716.96 2421.77 2555.46 1877.82 1096.12 620.971 923.444 1108.97 495.703 153.68 272.782 142.253 817.245 1598.74 2242.97 2719.75 3352.46 4053.13 3632.84 2832.84 2032.84 1232.84 465.793 319.075
8110.41 7310.41 6514.07 5904.45 5554.77 5223.4 4892.03 4560.66 4332.84 4602.08 4933.45 5264.82 5596.19 5950.45 6558.24 7351.83 8151.83 8154.77 7354.77 6554.77 5754.77 4958.43 4347.1 3845.96 3308.29 2967.49 2633.91 2302.08 2001.78 1739.25 1236.74 846.591 233.165 314.304 183.923 454.967 948.874 860.34 733.953 232.537 395.278 775.88 900.735 1033.03 1003.03 1237.31 1675.84 2289.06 2456.98 1705.74 1040.04 435.209 595.944 1363.91 1846.56 1870.28 1654.42 894.454 194.305 597.958 535.914 114.618 119.73 76.4055 455.966 1092.46 1877.82 2676.97 3371.61 3851.12 4292.15 3692.83 2892.83 2092.88 1293.2 515.59 128.301
7808.05 6999.75 6185.51 5382.09 4773.08 4423.4 4092.03 3760.66 3532.84 3802.08 4133.45 4464.82 4819.08 5426.87 6220.46 7020.46 7820.46 7823.4 7023.4 6223.4 5423.4 4623.4 3827.06 3215.72 2714.59 2176.92 1836.12 1503.87 1201.78 1025.63 609.24 201.582 229.143 771.556 445.37 146.672 242.808 187.63 177.275 278.672 873.241 1450.27 1694.97 1829.81 1803.03 2036.4 2368.68 2671.46 2198.44 1399.63 603.561 142.854 693.098 1310.56 1095.89 1072.49 1207.93 696.231 154.484 427.424 144.906 191.559 568.753 501.175 947.824 1582.96 2223.83 3009.19 3808.34 4479.95 4289.06 3502.08 2702.08 1902.08 1177.35 664.713 307.778
-9999 -9999 -9999 4954.67 4251.33 3641.71 3292.03 2960.66 2732.84 3002.08 3333.45 3687.71 4295.49 5089.09 5889.09 6689.09 7489.09 7492.03 6692.03 5892.03 5092.03 4292.03 3492.03 2695.69 2084.35 1583.22 1045.55 733.398 406.02 358.942 161.336 438.02 842.359 1234.12 891.731 312.649 194.573 584.7 750 901.382 1381.59 2003.03 2483.66 2629.81 2603.03 2836.4 3044.02 2510.1 1826.39 1148.86 377.137 228.68 989.453 1142.3 420.167 330.327 655.254 400.306 76.7846 120.221 426.417 834.711 1156.64 1284.72 1564.32 2079.19 2714.33 3355.2 4140.12 4659.69 4017.31 3217.31 2417.31 1617.31 817.31 239.101 530.181
-9999 -9999 -9999 -9999 3860.97 3119.96 2510.34 2160.66 1932.84 2202.08 2556.33 3164.12 3957.72 4757.72 5557.72 6357.72 7157.72 7160.66 6360.66 5560.66 4760.66 3960.66 3160.66 2360.66 1564.32 952.982 483.249 185.087 291.44 310.106 602.251 1115.54 1562.46 1811.38 1185.01 392.919 259.099 858.585 1365.4 1692.99 2032.75 2512.96 3131.13 3422.63 3403.03 3512.65 2977.82 2177.82 1378.73 695.89 180.576 491.885 1083.29 803.377 199.973 150.934 554.3 399.169 79.6415 503.239 959.918 724.421 787.652 1473.49 2167.48 2674.12 3206.82 3738.75 4011.37 4331.72 4179.95 3419.24 2619.24 1819.24 1064.96 447.46 188.879
-9999 -9999 -9999 -9999 3257.48 2784.92 1988.59 1378.97 1132.84 1424.96 2032.75 2826.35 3626.35 4426.35 5226.35 6026.35 6826.35 6925.21 6132.84 5332.84 4532.84 3732.84 2932.84 2132.84 1332.84 545.657 171.783 226.267 428.247 759.313 994.098 1446.09 1920.2 2164.74 1466.42 736.396 194.213 424.724 1206.95 2000.93 2684.67 3160.14 3644.33 4150.15 4125.89 3573.74 2773.74 1973.74 1173.74 379.124 130.132 761.948 920.657 308.184 146.136 202.229 216.467 401.953 111.271 629.182 1051.7 356.093 455.178 1255.18 2039.55 2604.54 2960.66 3210.66 3227.67 3543.5 3863.09 3711.32 2950.61 2196.33 1576.24 940.253 309.792
-9999 -9999 -9999 -9999 3048.53 2434.28 1658.73 862.392 375.704 901.382 1694.97 2494.97 3294.97 4094.97 4894.97 5694.97 6494.97 7035.58 6402.08 5602.08 4802.08 4002.08 3202.08 2402.08 1611.23 1045.55 796.323 517.226 219.925 217.808 380.365 852.975 1411.57 1755.74 1734.87 1059.94 294.416 329.994 1106.95 1906.95 2706.95 3497.81 4173.58 4697.27 4260.6 3461.24 2661.24 1861.24 1061.24 286.447 374.77 1089.1 1206.5 612.289 114.128 254.059 191.762 427.294 61.3166 432.87 656.291 207.897 503.385 1296.02 1683.72 1832.84 2160.66 2410.66 2427.67 2743.5 3075.79 3500.69 3313.24 2672.03 1944.43 1170.71 373.077
-9999 -9999 -9999 -9999 -9999 2201.05 1658.73 862.392 367.877 890.251 1667.88 2458.73 3258.73 4058.73 4858.73 5658.73 6458.73 6959.45 6550.7 5914.75 5133.45 4333.45 3533.45 2742.61 2176.92 1836.4 1591.94 1262.51 798.138 540.931 229.032 299.364 731.651 959.646 1229.88 830.92 382 246.645 959.267 1758.73 2558.73 3358.73 4158.37 4688.04 4057.11 3257.11 2457.11 1657.11 892.099 207.832 480.928 1274.63 1466.33 686.244 93.0568 267.854 187.898 323.365 91.2262 499.892 195.73 400.474 895.338 1261.07 927.665 1032.84 1370.76 1635.04 1627.67 1944.42 2391.12 3103.85 3160.42 2498.04 1822.26 1255.27 527.711
-9999 -9999 -9999 -9999 -9999 2471.95 1983.99 1377.82 874.264 2025.57 2228.39 2794.08 3584.92 4384.92 5184.92 5984.92 6771.56 6667.83 5945.87 5537.62 5157.34 4601.67 3873.64 3308.29 2967.77 2636.4 2358.65 1929.29 1577.82 1274.5 766.907 265.663 182.989 356.778 925.076 375.704 155.89 273.299 996.093 1794.97 2588.95 3272.69 3765.48 4182.79 3796.6 2996.6 2196.6 1396.6 597.514 151.804 653.749 1351.27 1480.42 690.533 138.748 152.275 176.313 115.579 64.8207 152.229 381.261 954.575 1467.45 1032.84 314.323 288.453 641.858 848.349 828.58 1259.74 2002.08 2572.35 2500.05 2029.49 1366.67 727.01 471.155
-9999 -9999 -9999 -9999 -9999 -9999 2177.75 1906.72 -9999 -9999 3080.87 3359.76 3925.45 4716.3 5516.3 6316.3 6916.74 6337.62 5537.62 4814.5 4406.24 4074.87 3742.49 3437.69 3282.78 2824.98 2487.72 2165.97 1897.3 1662.49 1304.65 709.516 255.733 286.78 964.353 681.671 159.551 459.608 1228.14 1891.78 2316.16 2651.53 3098.22 3840.38 3976.69 3219.24 2419.24 1619.24 848.379 219.925 313.231 1091.42 1516.42 796.599 130.511 113.48 312.557 137.519 70.8027 104.484 658.406 1409.5 1883.38 1284.46 718.236 280.17 112.944 222.671 224.973 895.343 1602.85 1846.82 1877.57 1434.12 898.766 308.655 167.161
-9999 -9999 -9999 -9999 -9999 -9999 -9999 -9999 -9999 -9999 3929.91 4150.61 4491.13 5056.82 5847.67 6647.18 6788.61 6006.25 5206.24 4406.25 3683.13 3274.87 2943.5 2643.2 2722.83 2198.62 1705.74 1388.91 1137.13 1006.95 1275.94 860.194 266.375 339.591 716.747 323.495 167.004 258.609 868.443 1255.57 1520.15 1966.85 2709.19 3479.66 3519.24 3208.51 2636.02 1836.76 1045.03 278.209 360.217 1145.37 1608.38 921.599 188.166 107.767 154.392 169.481 169.573 165.801 800.762 1594.97 2216.16 1837.27 1301.85 589.407 183.479 400.076 183.812 496.518 1025.87 1058.73 1101.78 1038.58 345.887 247.874 89.2846
-9999 -9999 -9999 -9999 -9999 -9999 -9999 -9999 -9999 -9999 -9999 4926 5275.73 5622.5 6188.19 6889.35 6474.87 5674.87 4874.87 4074.87 3274.87 2551.76 2143.5 1843.2 2016.49 1798.49 1067.25 604.404 353.967 299.391 878.201 880.977 499.28 163.277 160.42 271.266 414.388 93.1678 361.596 471.626 835.481 1577.82 2377.82 2958.52 2719.24 2470.71 2337.18 1731.28 943.198 214.415 425.704 988.2 1278.61 883.225 241.042 121.404 311.355 117.253 219.083 262.297 1033.21 1833.21 2552.57 2158.81 1360.36 560.355 165.533 786.385 583.076 156.491 494.224 315.728 320.174 503.921 299.437 87.8331 82.3874
-9999 -9999 -9999 -9999 -9999 -9999 -9999 -9999 -9999 -9999 -9999 -9999 5850.18 6378.4 6753.88 6878.11 6143.5 5343.5 4543.5 3743.5 2943.5 2143.5 1420.39 1043.2 1231.14 1395.66 699.318 162.787 320.573 423.246 354.726 210.911 189.729 151.85 164.507 432.87 352.294 179.281 221.802 273.411 682.215 1463.91 2226.44 2263.61 1919.24 1670.71 1630.7 1390.32 1085.76 457.445 81.204 654.458 571.859 409.543 67.6777 222.43 227.784 140.644 119.998 448.828 1233.73 2033.73 2729.74 2258.73 1458.73 676.122 160.041 538.17 809.47 273.744 285.93 386.799 128.19 61.0485 92.6777 224.437 245.508
-9999 -9999 -9999 -9999 -9999 -9999 -9999 -9999 -9999 -9999 -9999 -9999 -9999 -9999 7226.85 6573.8 5832.84 5032.84 4232.84 3432.84 2632.84 1832.84 1032.84 345.416 598.701 762.725 375.861 282.694 776.658 306.131 351.064 528.385 471.396 182.943 407.51 249.973 305.576 646.288 899.448 1041.42 1281.48 1803.23 2196.1 1619.84 1134.58 870.711 834.719 594.029 450 427.562 94.3512 339.231 460.393 142.9 120.378 249.215 96.94 134.015 145.175 640.425 1394.97 2194.97 2942.46 2584.92 1802.31 1166.04 512.947 161.937 284.505 472.617 248.142 121.515 132.721 363.499 251.49 615.666 560.727
-9999 -9999 -9999 -9999 -9999 -9999 -9999 -9999 -9999 -9999 -9999 -9999 -9999 -9999 -9999 -9999 5715.25 5071.6 4271.6 3471.6 2671.6 1871.6 1071.6 293.187 259.884 245.24 98.3915 593.918 1200.63 1017.31 1127.67 1279.6 954.702 828.58 1132.64 1009.1 1086.24 1370.62 1668.14 1841.42 2077.82 2341.89 1919.24 1143.73 490.785 183.636 156.047 71.4499 122.319 187.362 142.632 312.917 613.833 114.664 204.281 131.805 391.329 208.747 127.922 761.144 1539.8 2339.8 3117.13 2933.69 2297.41 1643.67 1083.54 621.943 245.109 66.3833 86.6498 170.175 192.475 627.979 993.16 1205.99 798.571
-9999 -9999 -9999 -9999 -9999 -9999 -9999 -9999 -9999 -9999 -9999 -9999 -9999 -9999 -9999 -9999 -9999 5156.16 4365.53 3565.53 2765.53 1965.53 1165.53 366.984 271.22 114.775 235.819 914.177 1692.43 1817.31 1927.67 2022.32 1736.4 1627.67 1909.77 1809.1 1886.24 2160.66 2445.13 2641.42 2851.8 2493.11 1696.6 896.599 182.027 147.319 96.0707 182.341 561.393 213.813 68.3249 336.604 463.074 111.918 49.7319 134.015 144.194 79.7985 139.396 660.355 1460.36 2260.36 3060.36 3371.22 2735.85 2037.02 1403.46 829.656 231.426 347.273 578.867 784.24 665.533 976.902 1605.25 1823.85 1237.78
-9999 -9999 -9999 -9999 -9999 -9999 -9999 -9999 -9999 -9999 -9999 -9999 -9999 -9999 -9999 -9999 -9999 5295.14 4534.62 3734.62 2933.32 2134.62 1333.94 557.483 120.868 258.72 301.804 1077.69 1876.78 2497.18 2727.67 2822.27 2536.4 2427.67 2709.77 2609.1 2686.24 2960.66 3245.13 3441.42 3464.53 2760.66 1960.66 1182.83 497.951 194.638 83.5708 137.99 269.546 69.2402 77.3208 167.743 74.5749 103.569 105.825 409.792 283.923 157.295 180.243 670.711 1470.71 2270.71 3064.25 3110.04 2543.35 1794.97 997.721 322.644 219.213 726.742 1328.88 1551.04 1465.53 1719.24 2108.27 2278.8 1563.43
-9999 -9999 -9999 -9999 -9999 -9999 -9999 -9999 -9999 -9999 -9999 -9999 -9999 -9999 -9999 -9999 -9999 5434.51 4743.5 3975.54 3637.21 2037.8 1706.22 163.923 279.208 264.997 365.644 1163.39 1963.39 2763.39 3439.03 3622.27 3336.4 3227.67 3509.77 3409.1 3486.24 3760.66 4045.13 4108.38 3525.74 2726.35 1936.95 1288.71 886.726 685.654 266.31 70.4235 70.9137 181.694 263.99 104.484 102.007 181.112 111.382 598.522 919.243 343.447 93.704 537.714 1329.81 2129.81 2864.51 2588.18 1981.14 1419.97 709.47 133.525 566.172 1148.55 1643.02 2073.99 2258.67 2519.24 2847.2 2615.55 1819.24
-9999 -9999 -9999 -9999 -9999 -9999 -9999 -9999 -9999 -9999 -9999 -9999 -9999 -9999 -9999 -9999 -9999 5710.47 5106.91 4639.79 -9999 -9999 -9999 -9999 133.333 100.37 649.44 1420.04 2219.24 3019.24 3819.24 4376.92 4136.4 4027.67 4309.77 4209.1 4286.24 4560.66 4643.66 3994.97 3194.97 2394.97 1594.97 806.874 259.838 197.696 91.1152 157.295 157.989 144.305 81.204 42.5666 249.437 134.061 137.297 734.83 1265.18 679.366 107.498 332.23 1128.03 1928.03 2579.35 2101.27 1456.81 849.765 344.638 67.0305 251.221 652.619 1057.32 1749.8 2446.81 3051.17 3415.35 2806.95 2006.95
-9999 -9999 -9999 -9999 -9999 -9999 -9999 -9999 -9999 -9999 -9999 -9999 -9999 -9999 -9999 -9999 -9999 -9999 5672.87 5340.27 -9999 -9999 -9999 -9999 -9999 524.264 1121.6 1779.67 2551.41 3350.61 4150.61 4916.04 4936.4 4827.67 5109.77 5009.1 5086.24 5206.56 4595.71 3795.71 2995.71 2195.71 1395.71 595.711 70.1184 -9999 59.8907 277.633 227.516 156.38 187.584 81.4721 114.618 72.0971 300.26 1048.38 1457.2 731.326 162.63 396.396 1168.2 1968.2 2379.24 1704.83 969.894 333.471 154.596 459.949 304.634 147.698 632.51 1324.71 1988.05 2654.78 3081.51 3069.23 2302.08
-9999 -9999 -9999 -9999 -9999 -9999 -9999 -9999 -9999 -9999 -9999 -9999 -9999 -9999 -9999 -9999 -9999 -9999 -9999 -9999 -9999 -9999 -9999 -9999 -9999 -9999 1865.66 2249.69 2911.04 3682.79 4481.98 5196.32 5528.9 5589.47 5880.95 5776.22 5615.76 5343.32 4743.6 3973.9 3173.9 2373.9 1573.9 783.88 142.586 -9999 -9999 239.736 130.668 147.43 94.9984 71.4499 108.904 151.202 450.547 1227.67 1686.53 1010.42 275.084 397.763 1193.57 1978.65 1887.97 1319.82 583.111 152.451 614.751 1131.88 952.741 317.873 270.129 860.941 1523.41 1954.21 2509.53 3133.06 2590.84
-9999 -9999 -9999 -9999 -9999 -9999 -9999 -9999 -9999 -9999 -9999 -9999 -9999 -9999 -9999 -9999 -9999 -9999 -9999 -9999 -9999 -9999 -9999 -9999 -9999 -9999 2631.54 2923.28 3358.37 4047.2 4630.67 4643.2 4943.5 5274.87 5606.24 5758.09 5111.07 4631.42 4299.07 3901.88 3296.51 2513.39 1713.39 913.388 209.64 -9999 -9999 141.421 79.1667 38.7944 167.789 434.987 550 698.709 1042.33 1566.39 1841.76 1077.13 307.517 343.344 1136.24 1864.95 1474.66 756.598 235.819 342.023 1090.55 1709.36 1335.61 550.306 124.908 435.819 822.843 1378.16 2160.66 2898.78 2529.81
-9999 -9999 -9999 -9999 -9999 -9999 -9999 -9999 -9999 -9999 -9999 -9999 -9999 -9999 -9999 -9999 -9999 -9999 -9999 -9999 -9999 -9999 -9999 -9999 -9999 -9999 -9999 -9999 -9999 4459.31 4017.77 3843.2 4143.5 4474.87 4806.24 5126.33 4747.67 3979.7 3500.05 3167.77 2833.54 2411.31 1673.34 875.888 235.146 50 -9999 -9999 -9999 45.8333 269.382 980.476 1342.47 1494.97 1828.7 2123.68 1757.66 959.646 252.83 348.411 1136.24 1723.75 1123.73 365.996 295.194 847.64 1458.29 2096.03 1577.82 854.702 485.551 196.515 325.574 1096.6 1896.6 2696.33 2795.1
-9999 -9999 -9999 -9999 -9999 -9999 -9999 -9999 -9999 -9999 -9999 -9999 -9999 -9999 -9999 -9999 -9999 -9999 -9999 -9999 -9999 -9999 -9999 -9999 -9999 -9999 -9999 -9999 -9999 3655.64 3223 3043.2 3343.5 3674.87 4015.4 4574.13 4416.3 3616.3 2848.33 2368.68 2036.4 1877.45 1484.65 776.485 230.447 98.1694 -9999 -9999 -9999 30.5556 378.293 1086.48 1575.1 1918.16 2420.92 2430.92 1650 850 142.835 363.99 1052.11 1491.68 865.533 190.958 647.395 1395.45 1978.52 2454.13 1986.07 1577.28 1120.96 390.95 281.242 1032.84 1832.84 2632.84 3048.13
