public/models/data/input/map/ntb/800/mapdriver.asc
NCOLS 484
NROWS 342
XLLCORNER 370313.940441
YLLCORNER 9266624.452423
CELLSIZE 800.000000
NODATA_VALUE       -9999
[rows 238 to 271 of 342, columns 154 to 230 of 484]
-9999 -9999 -9999 -9999 -9999 -9999 -9999 -9999 -9999 -9999 -9999 -9999 -9999 -9999 -9999 -9999 -9999 -9999 -9999 -9999 -9999 -9999 -9999 -9999 -9999 -9999 -9999 -9999 -9999 1742.27 -9999 -9999 -9999 -9999 -9999 -9999 -9999 -9999 -9999 -9999 -9999 -9999 -9999 -9999 -9999 -9999 -9999 -9999 -9999 -9999 -9999 -9999 -9999 -9999 -9999 -9999 -9999 -9999 -9999 -9999 -9999 -9999 -9999 -9999 -9999 -9999 -9999 -9999 -9999 -9999 -9999 -9999 -9999 -9999 -9999 -9999 -9999
-9999 -9999 -9999 -9999 -9999 -9999 -9999 -9999 -9999 -9999 -9999 -9999 -9999 -9999 -9999 -9999 -9999 -9999 -9999 -9999 -9999 -9999 -9999 -9999 -9999 700 624.264 -9999 -9999 1287.88 1773.76 1513.76 -9999 -9999 -9999 -9999 -9999 -9999 -9999 -9999 -9999 -9999 -9999 -9999 -9999 -9999 -9999 -9999 -9999 -9999 -9999 -9999 -9999 -9999 -9999 -9999 -9999 -9999 -9999 -9999 -9999 -9999 -9999 -9999 -9999 -9999 -9999 -9999 -9999 -9999 -9999 -9999 -9999 -9999 -9999 -9999 -9999
-9999 -9999 -9999 -9999 -9999 -9999 -9999 -9999 -9999 -9999 -9999 -9999 -9999 -9999 -9999 -9999 -9999 -9999 -9999 -9999 -9999 -9999 525 219.952 13.5417 471.117 347.494 91.6667 196.024 705.885 1225.02 1033.38 1161.64 -9999 -9999 -9999 -9999 -9999 -9999 -9999 -9999 -9999 -9999 -9999 -9999 -9999 -9999 -9999 -9999 -9999 -9999 -9999 -9999 -9999 -9999 -9999 -9999 -9999 -9999 -9999 -9999 -9999 -9999 -9999 -9999 -9999 -9999 -9999 -9999 -9999 -9999 -9999 -9999 -9999 -9999 -9999 -9999
-9999 -9999 -9999 -9999 -9999 -9999 -9999 -9999 -9999 -9999 -9999 -9999 -9999 -9999 -9999 -9999 -9999 -9999 -9999 -9999 -9999 -9999 243.803 168.011 124.15 120.51 206.395 47.6486 37.7528 272.671 644.983 313.743 691.896 1229.98 -9999 -9999 -9999 -9999 -9999 -9999 -9999 -9999 -9999 -9999 -9999 -9999 -9999 -9999 -9999 -9999 -9999 -9999 -9999 -9999 -9999 -9999 -9999 -9999 -9999 -9999 -9999 -9999 -9999 -9999 -9999 -9999 -9999 -9999 -9999 -9999 -9999 -9999 -9999 -9999 -9999 -9999 -9999
-9999 -9999 -9999 -9999 -9999 -9999 -9999 -9999 -9999 -9999 -9999 -9999 -9999 -9999 -9999 -9999 -9999 -9999 -9999 -9999 -9999 298.917 172.927 220.776 119.083 70.8027 57.9235 52.5888 106.047 41.0041 212.584 222.569 511.527 1262.01 -9999 -9999 -9999 -9999 -9999 -9999 -9999 -9999 -9999 -9999 -9999 -9999 -9999 -9999 -9999 -9999 -9999 -9999 -9999 -9999 -9999 -9999 -9999 -9999 -9999 -9999 -9999 -9999 -9999 -9999 -9999 -9999 -9999 -9999 -9999 -9999 -9999 -9999 -9999 -9999 -9999 -9999 -9999
-9999 -9999 -9999 -9999 -9999 -9999 -9999 -9999 -9999 -9999 -9999 -9999 -9999 -9999 -9999 -9999 -9999 -9999 -9999 -9999 117.259 141.27 82.0083 77.0527 108.257 79.7985 54.7985 54.4194 195.868 118.972 98.9277 206.445 706.586 1445.03 2096.55 2538.48 -9999 -9999 571.404 461.713 0 -9999 -9999 -9999 -9999 -9999 -9999 -9999 -9999 -9999 -9999 -9999 -9999 -9999 -9999 -9999 -9999 -9999 -9999 -9999 -9999 -9999 -9999 -9999 -9999 -9999 5129.04 4669.66 4157.83 3669.85 -9999 -9999 -9999 -9999 -9999 -9999 -9999
-9999 -9999 -9999 -9999 -9999 -9999 -9999 -9999 -9999 -9999 -9999 -9999 -9999 -9999 -9999 -9999 -9999 -9999 -9999 -9999 113.807 184.411 100.869 130.89 83.3027 67.5666 42.5666 82.3874 234.126 49.4638 103.458 179.484 484.221 1157.2 1902.08 2412.64 1567.97 737.673 353.595 80.2887 217.495 664.472 -9999 -9999 -9999 -9999 -9999 -9999 -9999 -9999 -9999 -9999 -9999 -9999 -9999 -9999 -9999 -9999 -9999 -9999 -9999 -9999 -9999 -9999 -9999 -9999 -9999 4128.73 3528.96 3009.38 -9999 -9999 -9999 -9999 -9999 -9999 -9999
-9999 -9999 -9999 -9999 -9999 -9999 -9999 -9999 -9999 -9999 -9999 -9999 -9999 -9999 -9999 -9999 -9999 -9999 -9999 -9999 -9999 212.5 180.123 87.1859 69.8874 69.8874 356.64 307.786 506.854 104.327 178.745 415.525 167.965 801.777 1590.51 2177.68 1694.97 905.333 347.625 134.015 58.5708 324.591 410.968 100 100 -9999 -9999 -9999 -9999 -9999 -9999 -9999 -9999 -9999 -9999 -9999 -9999 -9999 -9999 -9999 -9999 -9999 -9999 -9999 -9999 -9999 -9999 3524.15 3030.28 2402.39 1853.12 1115.69 566.176 115.952 86.2183 320.256 730.292
-9999 -9999 -9999 -9999 -9999 -9999 -9999 -9999 -9999 -9999 -9999 -9999 -9999 -9999 -9999 -9999 -9999 -9999 -9999 -9999 62.5 150.854 84.44 72.7443 77.3207 55.7138 454.91 1030.91 1081.85 566.072 85.2443 515.598 190.376 569.734 1215.9 1735.3 1972.13 1441.55 863.963 172.541 50.7583 287.067 177.953 234.444 222.711 457.965 1293.35 -9999 -9999 -9999 -9999 -9999 -9999 -9999 -9999 -9999 -9999 -9999 -9999 -9999 -9999 -9999 -9999 -9999 -9999 -9999 3985.03 3404.77 2668.66 -9999 -9999 -9999 -9999 0 -9999 100 320.915
-9999 -9999 -9999 -9999 -9999 -9999 -9999 -9999 -9999 -9999 -9999 -9999 -9999 -9999 -9999 -9999 -9999 -9999 324.928 287.218 273.103 615.785 214.461 394.278 287.806 57.2763 618.834 1417.65 1539.2 773.476 114.932 497.985 495.27 175.731 603.925 1280.56 2045.53 1954.92 1167.9 426.815 49.0847 440.487 832.498 979.81 959.267 1045.55 1244.12 593.642 247.705 526.409 -9999 -9999 -9999 -9999 -9999 -9999 -9999 -9999 -9999 -9999 -9999 -9999 -9999 -9999 -9999 -9999 3845.27 3077.82 2266.09 1489.21 757.843 -9999 -9999 47.3958 170.711 -9999 420.711
-9999 -9999 -9999 -9999 -9999 -9999 -9999 -9999 -9999 -9999 -9999 -9999 -9999 -9999 -9999 -9999 -9999 241.421 591.593 933.425 1023.55 1105.71 406.575 281.399 644.048 114.396 613.656 1413.39 1598.12 812.132 134.015 394.768 862.154 487.503 447.154 1163.91 1963.91 2185.61 1453.13 707.927 104.642 321.293 1109.28 1708.78 1758.73 1775.84 1288.52 543.309 140.012 490.608 895.841 1048.53 -9999 -9999 -9999 -9999 -9999 -9999 -9999 -9999 -9999 -9999 -9999 -9999 -9999 3678.86 3618.36 2886.24 2086.24 1286.24 536.009 -9999 475.357 204.489 102.811 79.9683 487.323
-9999 -9999 -9999 -9999 -9999 -9999 -9999 -9999 -9999 -9999 -9999 -9999 -9999 -9999 -9999 93.7193 131.374 266.869 234.616 523.246 1008.24 1381.77 691.413 186.428 724.169 251.425 453.569 1253.03 1735.75 1047.51 293.991 209.616 921.461 1218.21 1158.73 1561.81 2224.88 1891.22 1168.93 436.458 66.4943 409.183 1158.73 1958.73 2394.23 1839.28 1138.84 498.384 214.036 304.017 497.476 1255.29 1363.83 622.969 0 -9999 -9999 -9999 -9999 -9999 -9999 -9999 -9999 -9999 2258.29 2831.21 3162.52 3097.73 2313.91 1554.46 775 125 453.08 150.444 104.484 310.098 893.887
-9999 -9999 -9999 -9999 -9999 -9999 -9999 -9999 -9999 -9999 -9999 -9999 -9999 121.341 168.991 381.205 271.174 260.125 397.403 166.494 751.424 1369.47 813.281 469.741 716.099 172.384 495.186 1263.91 1891.57 1328.39 767.884 759.298 1209.24 1847.33 1958.73 2283.68 2286.5 1558.73 765.138 155.955 337.419 965.781 1533.17 2280.37 2289.48 1494.97 711.921 127.386 373.985 804.228 985.5 1428.09 1056.8 319.592 306.775 1027.67 -9999 -9999 -9999 -9999 -9999 -9999 -9999 -9999 1679.81 2035.5 2566.27 2993.69 2427.67 1628.71 826.891 183.812 246.848 265.441 98.9277 641.088 1364.65
-9999 -9999 -9999 -9999 -9999 -9999 -9999 -9999 -9999 -9999 -9999 100 160.791 267.919 123.123 578.718 692.248 215.663 281.556 258.073 613.315 1389.49 1422.9 1120.87 602.121 165.755 798.135 1576.47 2222.48 1894.08 1558.73 1568.03 1886.53 2335.84 2755.91 2974.85 2373.74 1573.74 773.744 146.515 508.149 1216.42 1949.5 2513.71 2027.67 1227.67 440.303 104.262 689.12 1401.65 1596.75 1376.43 660.451 136.65 603.423 1074.09 389.147 435.346 1267.95 -9999 -9999 -9999 -9999 853.206 904.128 1434.89 2017.76 2730.51 2717.65 1920.86 1125.73 368.03 231.066 157.517 184.126 562.519 1239.99
-9999 -9999 -9999 -9999 -9999 -9999 -9999 -9999 -9999 -9999 301.777 161.198 285.865 107.498 189.729 249.188 819.561 867.359 736.504 856.475 1009.85 1544.96 1328.12 947.736 280.04 392.938 1134.54 1902.08 2666.87 2684.92 2358.73 2358.73 2684.92 3017.9 3442.99 3414.71 2632.84 1832.84 1032.84 289.48 319.056 1106.95 1900.58 2486.89 1881.22 1084.71 304.707 324.927 953.565 1525.33 1152.67 700.938 306.085 223.947 890.149 1330.16 813.281 868.431 1412.64 1191.13 512.316 -9999 -9999 0 326.807 886.388 1603.69 2402.08 2852.71 2158.73 1358.73 574.069 172.985 240.173 64.4416 243.122 641.026
-9999 -9999 -9999 -9999 -9999 -9999 -9999 -9999 -9999 -9999 178.643 93.6146 222.338 77.8109 294.546 242.291 361.485 834.547 1177.64 1533.87 1745.46 1461.88 725.551 262.251 129.818 677.998 1473.38 2255.08 3033.45 3456.84 3158.73 3158.73 3484.92 3816.3 4115.68 3673.38 2873.38 2073.38 1263.56 463.864 224.104 951.03 1704.16 2254.66 1612.13 812.132 170.6 642.597 1384.56 1274.26 581.789 159.394 264.415 131.694 693.225 1453.02 1587.74 1489.26 1079.5 439.648 132.717 267.938 199.331 58.8388 37.8791 482.87 1279.81 2079.81 2822.18 2484.92 1699.15 966.628 247.162 238.277 71.718 97.7443 236.78
-9999 -9999 -9999 -9999 -9999 -9999 385.702 -9999 -9999 1248.53 445.877 122.698 119.194 157.295 133.257 497.414 228.856 204.235 682.215 1463.91 1944.17 1255.18 455.178 204.059 535.367 1045.64 1802.35 2602.08 3385.78 4069.89 3958.73 3958.73 4284.92 4616.3 4626 3881.07 3081.07 2281.07 1481.07 681.066 128.079 605.438 1401.78 2011.52 1492.83 723.587 154.91 760.355 1404.77 895.576 227.719 410.014 734.102 201.647 476.693 1275.89 1806 1274.9 595.89 160.106 492.31 198.882 147.652 152.275 125.666 433.536 1120.12 1839.39 2638.38 2792.98 2022.92 1225.52 441.663 127.654 115.154 230.373 112.343
-9999 -9999 -9999 -9999 -9999 408.211 181.932 92.2589 -9999 1384.41 788.714 160.041 452.96 165.755 256.131 406.954 813.817 587.159 854.702 1577.82 2053.33 1361.24 561.512 148.725 812.354 1514.59 2174.3 2933.72 3733.45 4514.59 4753.85 4758.73 5084.92 5257.6 4676.93 3876.93 3076.93 2276.93 1485.77 700.336 126.739 543.558 1333.73 1733.52 1074.64 437.733 212.649 900.735 1215.57 523.514 156.602 715.111 1056.16 335.911 398.077 1195.71 1534.96 807.632 203.209 442.865 840.509 225.953 76.8956 118.926 61.6958 149.104 736.504 1528.78 2298.63 2906.65 2343.5 1546.47 777.822 111.918 140.69 437.27 182.897
-9999 -9999 -9999 325.112 376.777 16.6667 179.081 454.94 -9999 841.768 840.157 218.88 577.627 461.967 180.465 307.157 1025.03 1376.71 1577.82 1984.56 2003.74 1284.38 556.835 179.327 868.566 1668.57 2462.93 3234.87 4031.52 4831.52 5441.31 5558.73 5818.41 5306.95 4506.95 3706.95 2906.95 2106.95 1306.42 511.888 61.6958 452.11 1232.84 1489.07 718.225 147.116 574.976 1217.09 844.228 218.298 460.458 1163.55 969.822 229.811 584.903 1332.68 1144.97 465.923 248.142 872.805 843.144 213.323 301.555 76.5165 70.4235 80.9359 594.761 1206.8 1960.66 2749.94 2644.76 1845.73 1052.24 284.949 121.293 128.791 225.62
-9999 -9999 -9999 88.2583 293.049 231.38 216.67 239.359 350 198.631 646.599 194.795 462.817 553.071 197.92 828.48 1395.77 2041.77 2376.41 2383.59 1677.82 890.547 229.661 385.282 1124.81 1917.46 2717.46 3517.46 4317.46 5117.46 5905.86 6353.4 6246.36 5475.52 4675.52 3875.52 3075.52 2275.52 1475.52 680.411 108.368 507 1299.63 1656.96 926.087 227.987 565.533 1148.3 531.334 198.3 841.582 1361.81 821.545 172.199 655.178 1182.67 656.291 150.888 567.57 981.303 411.014 187.898 652.565 404.346 187.584 145.063 193.076 885.589 1682.84 2482.84 2477.82 1677.82 900.172 264.637 66.7624 155.132 134.061
-9999 -9999 320.465 384.321 140.265 151.582 204.55 529.274 385.447 498.552 989.375 592.34 173.365 399.318 153.68 746.599 1545.21 2330.93 2852.3 2227.67 1427.67 634.432 166.605 690.693 1436.4 2236.4 3036.4 3836.4 4636.4 5436.4 6236.4 6817.41 6203.92 5403.92 4603.92 3803.92 3003.92 2203.92 1403.92 604.837 79.3734 581.981 1381.07 1748.63 1006.07 260.42 581.981 1012.64 330.419 302.516 1039.07 923.847 408.157 212.427 786.45 611.293 208.276 359.608 902.595 616.026 152.654 600.447 1139.59 624.494 142.364 176.091 132.23 696.599 1496.6 2296.6 2360.45 1563.91 773.062 300.509 103.994 280.465 100.065
250 -9999 209.222 193.233 139.775 138.813 87.7221 343.076 627.129 842.432 1295.72 1188.85 583.991 164.147 190.265 615.533 1415.53 2215.53 2754.99 2106.95 1306.95 508.563 221.672 969.481 1729.22 2522.27 3322.27 4122.27 4922.27 5722.27 6506.06 6861.19 6277.12 5478.03 4678.03 3878.03 3078.03 2278.03 1478.03 678.033 161.65 800.168 1599.63 1963.85 1237.54 746.859 960.592 759.045 171.959 650.513 1104.42 556.234 146.247 561.117 460.451 160.8 123.234 676.417 720.124 196.913 397.506 1046 1492.45 1042.34 412.029 61.9638 203.856 828.58 1627.67 2365.72 2427.76 1892.94 1318.53 760.033 125.019 141.938 71.986
325.907 240.265 119.083 130.384 232.878 260.819 227.137 88.6374 136.003 277.692 896.667 1277.7 1043.53 344.121 193.88 490.257 1282.84 2082.84 2681.95 2081.07 1281.07 483.812 240.173 974.632 1774.63 2574.63 3374.63 4174.63 4974.63 5733.52 6055.39 6188.39 6091.04 5451.41 4651.41 3851.41 3051.41 2251.41 1451.73 654.523 148.614 770.711 1570.71 2177.25 1847.16 1543.2 1501.73 813.281 477.286 880.165 552.86 176.804 446.212 518.485 168.612 337.132 204.818 667.505 252.313 351.593 951.228 1350.36 1042.8 878.144 563.445 89.3956 539.905 1205.25 1887.32 1955.37 1732.84 1947.53 1634.71 844.113 263.342 91.8734 244.592
465.839 162.519 195.332 107.008 231.583 111.003 394.788 174.816 190.062 101.896 258.119 646.231 1213.18 903.821 306.981 396.553 1172.43 1844.43 2537.57 2140.53 1340.53 541.448 192.854 916.421 1716.42 2516.42 3316.42 4116.42 4912.94 5291.94 5256.95 5388.39 5360.36 5125.31 4360.66 3560.66 2760.66 1960.66 1170.31 457.333 169.037 876.777 1676.78 2455.4 2632.28 2242.6 1754.75 1150.67 853.802 418.558 157.675 393.983 354.653 165.062 280.993 173.254 347.598 194.37 279.856 836.212 1322.42 1031.39 431.326 189.017 208.387 144.259 670.63 1458.73 1830.89 1211.92 932.843 1272.09 1692.43 1292.7 940.092 462.438 102.432
342.088 166.356 69.5083 60.1333 141.023 114.886 122.698 129.105 76.1374 101.739 248.346 645.695 1370.12 1305.49 518.225 208.701 755.127 1477.82 2275.01 2327.87 1536.4 787.652 586.791 1184.22 1977.82 2777.82 3577.82 4374.33 4796.8 4536.4 4456.95 4588.39 4560.35 4498.59 4041.01 3281.07 2481.07 1681.07 881.066 166.069 315.793 1002.47 1716.04 2390.49 2728.58 2085.84 1361.97 671.453 228.902 188.499 605.024 452.332 98.1234 112.565 215.632 304.921 165.977 535.738 901.42 1093.3 875.283 446.821 88.1012 285.708 129.864 542.337 1145.47 1693.01 1551.19 806.954 263.944 705.487 1378.73 1734.9 1360.47 819.799 173.346
126.471 148.882 121.672 42.5666 237.427 554.756 421.469 389.415 419.899 86.9638 172.449 566.988 1032.83 1393.2 884.225 360.746 551.149 1332.84 2132.84 2578.6 1919.02 1477.82 1363.91 1707.81 2315.6 3109.19 3905.7 4328.17 4067.77 3736.4 3656.95 3788.39 3760.36 3703.92 3440.33 3059.74 2385.14 1652.18 882.445 169.998 179.864 690.352 1290.77 1792.67 2072.27 1756.1 959.646 269.343 355.189 814.445 1089.54 551.149 331.353 224.881 586.468 272.292 631.41 799.061 618.834 411.179 258.433 92.4096 331.575 306.51 147.855 729.182 1379.99 1265.19 916.768 714.555 337.243 465.414 1068.49 1058.1 760.294 343.761 141.827
152.543 208.701 131.805 88.7484 110.466 611.653 999.662 1053.76 886.247 301.083 132.23 149.483 427.684 1045.28 1384.48 1074.31 1117.85 1627.59 2384.04 2925.69 2609.19 2277.82 2163.91 2484.92 2839.18 3446.97 3930.59 3599.14 3267.77 2936.4 2856.95 2988.39 2960.36 2903.92 2642.52 2323.99 1934.14 1299.27 638.595 136.114 244.546 215.127 672.694 1105.56 1278.92 1418 805.801 411.707 791.75 1079.76 1289.73 1130.26 969.549 823.533 811.84 502.646 299.101 199.797 105.557 109.865 189.997 234.394 427.822 132.878 391.375 1098.67 1240.23 842.462 250 190.136 325.417 495.186 426.175 378.45 131.962 87.343 489.878
82.3874 135.734 67.4096 103.458 116.605 150.287 544.799 546.174 307.517 118.815 515.433 542.976 165.847 797.135 956.456 840.533 862.392 1378.97 2160.66 2955.23 3347.93 3077.82 2963.91 3284.92 3616.3 3938.84 3656.53 2908.97 2467.77 2136.4 2056.95 2188.39 2160.36 2103.92 1846.6 1582.13 1192.62 804.396 217.226 211.983 713.549 381.862 160.8 335.911 483.119 918.948 639.25 158.701 413.668 379.097 698.785 1111.71 1120.42 669.047 293.317 127.007 172.92 393.363 615.387 590.95 137.297 414.407 178.144 509.646 1031 1482.28 1300.61 871.455 771.929 376.302 180.622 125.601 114.128 122.319 311.78 613.445 952.113
151.313 134.172 62.8791 80.8249 112.454 122.587 160.106 83.0346 281.916 595.925 921.613 801.62 175.509 481.234 287.603 183.146 375.704 1132.84 1932.84 2732.84 3527.42 3857.58 3763.91 4084.92 4385.51 4109.46 3326.35 2526.35 1777.6 1336.4 1256.95 1388.39 1360.36 1303.92 1046.6 877.018 467.662 162.741 142.586 577.259 1191.17 835.616 185.244 341.624 385.911 903.48 1062.9 608.149 172.495 309.589 169.37 406.437 497.173 126.202 168.279 613.779 859.765 946.185 885.267 382.046 233.812 188.813 313.871 937.035 1637.72 1773.75 1032.84 338.444 235.285 309.302 125.176 574.624 673.652 702.313 998.525 1377.95 1579.71
163.971 251.915 183.054 201.313 139.35 177.543 180.178 99.1498 494.703 1197.94 1573.33 1131.87 535.914 149.058 224.927 659.118 901.382 1424.96 2202.08 3002.08 3802.08 4488.75 4563.91 4854.13 4578.09 3794.97 2994.97 2194.97 1394.97 646.231 460.55 588.388 560.355 506.066 277.562 193.279 166.245 193.991 350.704 1052.27 1591.88 1083.18 361.328 169.795 326.777 880.016 730.411 690.146 351.731 152.543 139.997 80.1777 169.37 328.274 654.894 922.073 628.841 390.284 265.284 157.832 236.382 161.114 802.148 1428.3 2068.41 1977.82 1186.97 636.818 432.786 326.712 159.616 221.599 674.21 1214.29 1743.25 2107.34 1726.78
293.428 829.783 590.498 329.883 157.452 139.35 246.737 198.568 476.685 1243.2 1948.5 1667.28 1180 488.204 189.729 620.186 1070.12 1761.58 2490.26 3287.96 3994.89 4471.91 4797.25 5063.65 4608.88 3808.88 3008.88 2211.79 1435.86 691.536 250.842 189.997 230.622 263.166 438.25 612.159 620.462 164.932 453.266 1101.92 1758.94 1477.43 972.732 605.438 610.347 714.307 172.92 159.505 200.444 117.142 137.14 330.189 668.282 552.286 301.693 274.418 139.84 281.602 457.786 559.516 128.569 368.585 1108.7 1894.69 2550.36 2318.34 1752.66 1422.06 1059.05 439.204 164.729 178.412 204.726 918.198 1718.2 2422.3 1994.97
322.273 1104.37 1339.14 982.976 539.87 387.446 509.451 893.16 1095.89 1575.54 2326.53 2306.43 1577.82 853.093 392.643 264.84 844.113 1643.2 2443.2 3132.4 3358.73 3684.92 4016.3 4348.58 4345.43 3643.5 2843.5 2043.5 1343.11 947.008 900.651 898.744 981.066 1031.07 1190.9 1006.95 613.629 158.368 156.805 689.353 1246.33 1723.09 1702.62 1374.4 1006.57 393.466 229.883 465.368 202.987 202.627 441.256 333.452 233.1 175.13 398.273 447.162 482.51 861.312 857.253 449.605 187.63 745.909 1421.98 2219.24 2981.36 2864.81 2520.62 2018.09 1237.31 590.766 673.552 388.61 177.386 847.598 1639.8 2430.11 2262.28
235.152 991.421 1736.29 1669.46 1237.31 1132.84 1194.97 1579.15 1894.97 2227.26 2613.89 2590.29 1984.46 1514.57 1137.2 981.066 1292.7 1942.9 2599.46 2594.33 2558.73 2884.92 3217.21 3603.98 3609.19 3216.32 2539.69 1743.2 943.198 311.734 721.009 1434.18 1769.93 1766.8 1328.83 566.183 146.515 251.424 342.689 195.776 658.187 1398.96 1940.57 1458.69 662.327 152.608 411.014 146.404 198.254 202.386 163.545 328.848 484.302 666.191 906.081 795.207 500.328 405.281 231.981 134.773 229.346 926.214 1680.15 2464.06 3186.74 2793.18 2271.43 1921.35 1522.95 1242.09 1058.59 431.973 123.882 709.692 1494.97 2294.22 2419.99
477.979 1095.89 1894.97 2335.93 2036.4 1932.84 1994.97 2326.35 2577.28 2439.29 2136.4 2058.69 2289.56 2228.66 1936.4 1781.07 1975.41 1974.13 1965.69 1794.97 1758.73 2085.84 2517.41 2836.4 2809.19 2477.82 2272.47 1848.45 1051.78 284.884 445.933 1226.85 1947.78 1879.95 1093.57 314.84 470.703 962.825 933.42 374.835 292.67 900.673 1384.33 1100.23 469.278 285.152 738.825 302.137 210.976 505.059 568.428 558.371 271.155 256.87 287.869 174.594 153.569 244.481 442.107 260.263 250.528 978.553 1778.55 2578.55 2988.07 2438.9 1661.81 1140.06 901.777 750 692.689 161.336 157.878 418.696 1202.67 1990.79 2172.86
