public/models/data/input/map/ntb/800/mapdagr.asc
NCOLS 484
NROWS 342
XLLCORNER 370313.940441
YLLCORNER 9266624.452423
CELLSIZE 800.000000
NODATA_VALUE       -9999
[rows 272 to 305 of 342, columns 385 to 461 of 484]
1243.22 762.032 347.92 193.88 12.2319 0 0 0 16.9194 17.8347 0 0 0 8.45971 0 0 5.33471 26.9416 408.915 1163.91 1963.91 2763.91 3563.91 4363.91 4705.41 4381.18 3906.19 3178.09 2694.78 2360.66 2132.84 2402.08 2734.42 2677.82 2455.18 2590.56 2503.93 2160.66 1932.84 2202.08 2565.49 3215.64 3812.6 3226.35 2426.35 1684.01 1212.33 796.12 389.591 32.2763 0 0 0 0 0 0 0 0 -9999 -9999 -9999 -9999 -9999 -9999 -9999 -9999 -9999 -9999 -9999 -9999 -9999 -9999 -9999 -9999 -9999 -9999 -9999
958.715 436.401 30.0666 20.0444 20.3125 0 87.343 267.984 147.92 189.572 23.5485 0 4.6875 19.3972 0 0 0 334.903 910.14 1525.89 2284.92 3053.35 3735.42 4519.85 5172.95 4832.7 4225.58 3759.73 3425.61 3094.24 2913.02 3192.61 3522.43 3477.82 3255.18 3387.65 3292.03 2960.66 2732.84 3002.08 3333.45 3696.86 4153.61 3557.72 2776.67 2079.21 1317.31 527.378 141.605 250.731 155.021 10.9375 0 0 0 0 0 0 -9999 -9999 -9999 -9999 -9999 -9999 -9999 -9999 -9999 -9999 -9999 -9999 -9999 -9999 -9999 -9999 -9999 -9999 -9999
350.168 82.2303 20.9597 8.45971 214.526 127.497 296.331 822.905 610.255 381.418 17.5666 0 0 8.45971 20.6916 0 17.8347 365.701 1041.51 1768.12 2255.61 2693.18 3416.3 4216.3 4896.53 4421.59 3782.18 3358.63 3026.35 2694.97 2694.97 3026.35 3358.63 3786.44 3982.88 4168.81 4092.03 3760.66 3532.84 3802.08 4128.64 4460.01 4589.01 3902.28 3119.24 2319.24 1520.15 868.431 665.533 906.422 487.641 29.5305 0 0 4.6875 0 0 0 -9999 -9999 -9999 -9999 -9999 -9999 -9999 -9999 -9999 -9999 -9999 -9999 -9999 -9999 -9999 -9999 -9999 -9999 -9999
351.98 69.4623 5.33471 279.189 816.842 827.933 928.833 781.215 155.086 26.2944 0 0 77.4318 4.6875 21.3388 3.125 0 90.468 758.322 1156.9 1561.81 2284.92 3084.92 3884.92 4564.89 4065.09 3290.22 2650.81 2227.26 1894.97 1894.97 2227.26 2692.8 3237.21 3588.39 4110.92 4365.03 4176.39 4114.56 3973.32 3994.97 4326.35 4597.02 4125.61 3325.61 2530.88 1893.74 1534.21 1422.99 1503.57 926.309 230.086 0 0 136.382 0 0 -9999 -9999 -9999 -9999 -9999 -9999 -9999 -9999 -9999 -9999 -9999 -9999 -9999 -9999 -9999 -9999 -9999 -9999 -9999 -9999
727.01 605.189 154.864 546.664 1329 1588.29 1161.02 521.166 181.334 11.5847 0 24.843 391.904 308.295 37.611 337.695 215.82 44.7763 396.618 447.154 1163.91 1963.91 2763.91 3563.91 4239.94 3733.45 2933.72 2158.85 1519.44 1095.89 1095.89 1561.43 2105.83 2457.02 2980.6 3680.8 3594.97 3455.18 3502.08 3194.97 3194.97 3526.35 3857.72 3814.82 3043.5 2243.5 1494.76 1063.91 1095.34 1200.47 869.06 256.74 0 22.9013 107.23 122.698 20.0814 -9999 -9999 -9999 -9999 -9999 -9999 -9999 -9999 322.487 256.066 0 0 0 0 -9999 1936.55 -9999 -9999 -9999 -9999
1494.82 1076.54 465.793 727.01 1494.97 1816.46 1056.95 281.334 24.7319 1.5625 22.2541 387.641 933.014 815.341 224.816 690.858 746.261 186.512 85.2443 559.045 1280.56 2077.82 2877.82 3677.82 4105.84 3402.08 2602.08 1802.35 1027.48 392.218 439.25 1024.07 1325.65 1849.23 2626.35 3088.02 2794.97 2655.18 2702.08 2394.97 2394.97 2726.35 3076.02 3401.49 2727.67 1927.67 1127.67 390.728 332.759 432.87 375.436 75.8693 69.9984 118.279 432.778 595.316 512.067 897.344 -9999 -9999 -9999 -9999 -9999 -9999 503.553 623.324 291.245 60.5124 0 0 4.6875 73.5702 1477.1 1997.62 -9999 -9999 -9999
2179.3 1575.54 1232.84 1378.73 1858.38 2073.9 1294.97 571.859 238.925 98.5485 135.846 824.337 1465.55 1259.74 917.31 1151.27 1261.55 798.571 665.533 996.123 1682.99 2411.93 3209.19 3990.96 3899.41 3101.78 2301.78 1501.78 702.045 66.4943 337.427 346.867 717.857 1494.97 2274 2326.35 1994.97 1855.18 1903.85 1594.97 1594.97 1944.65 2554.27 3180.17 2700.48 1901.78 1101.78 314.526 38.9055 70.1555 103.079 49.1958 62.454 602.34 1080.26 1345.84 1132.68 851.133 569.199 -9999 -9999 -9999 -9999 0 97.0511 571.656 882.456 447.552 94.7303 39.5527 229.392 421.605 1065.72 1840.74 2729.59 3462.63 -9999
2706.91 2343.5 2032.84 2174.38 2378.24 2233.99 1695.49 1294.97 927.389 352.489 173.234 780.005 1504.73 1887.21 1717.31 1919.24 1929.29 1594.97 1465.53 1719.24 2127.49 2813.71 3503.31 3804.69 3677.93 3188.25 2417.46 1619.45 858.363 359.589 461.282 314.055 636.818 1427.67 1986.27 1623.24 1194.97 1055.18 1194.29 813.281 813.281 1422.9 2219.24 2638.93 2560.31 2159.46 1406.91 689.234 488.177 658.942 613.445 338.277 436.458 926.125 1643.44 1486.47 727.01 277.765 100.823 186.388 0 0 0 3.125 31.6291 459.294 1168.03 1096.49 624.023 375.168 830.728 1196.68 1520.39 2126.88 2752.49 3356.37 -9999
3281.31 2825.64 2500.58 2236.26 1886.53 1558.73 1591.31 1554.67 898.054 315.728 51.0263 416.532 1045.55 1836.02 2396.42 2486.35 2075.4 1731.22 1678.46 2001.18 2344.52 2699.63 3055.62 3036.4 2935.51 2734.33 2276.9 1477.82 748.295 328.477 133.257 189.35 717.153 1511.14 1473.79 990.842 508.536 271.071 492.93 255.105 375.287 1170.71 1895.92 1863.91 1778.55 1826.62 1762.11 1378.73 1263.91 1456.95 1394.97 1131.07 1194.97 1566.53 1974.35 1492.31 693.225 116.069 1.5625 0 0 0 3.125 205.484 511.596 923.869 1586.56 1742.34 1368.7 1132.84 1424.7 1926.35 2302.08 2637.74 -9999 -9999 -9999
3010.93 2282.65 1803 1486.85 1124.39 760.34 806.874 1013.21 455.005 48.8166 39.1735 237.002 958.999 1717.22 2140.79 2218.52 1505.24 949.21 896.583 1263.09 1577.82 1925.12 2349.59 2236.4 2135.51 1943.2 1936.32 1299.79 501.156 70.1555 350.168 312.446 925.662 1420.43 1080.5 352.286 365.035 275.463 218.455 177.987 656.245 1360.32 1485.68 1063.91 978.553 1045.28 1536.6 1817.37 1966.34 2253.8 2194.97 1931.07 1994.97 2326.35 2326.86 1584.1 784.635 147.43 7.8125 4.6875 24.7319 37.611 34.7541 210.42 882.805 1530.56 2055.24 2456.21 2160.66 1932.84 2202.08 2556.07 3054.07 3431.12 3609.49 -9999 -9999
2425.8 1909.56 1151.27 702.535 455.051 98.9927 232.694 488.779 70.7567 144.684 599.494 861.477 1291.24 1384.53 1358.73 1647.94 1158.73 383.203 215.774 518.991 794.125 1292.7 1763.33 1436.4 1335.78 1143.2 1318.42 1137.02 454.339 31.8972 403.894 759.037 700.704 712.132 703.339 339.147 328.496 525.88 468.076 427.451 581.521 1162.22 1099 396.174 230.53 467.264 881.085 1142.12 1738.08 2295.75 2645.29 2702.63 2794.97 3075.45 2577.82 1777.82 1008.24 547.709 459.681 321.358 510.098 604.542 590.533 702.692 1151.27 1919.24 2646.16 3101.52 2960.66 2732.84 3002.08 3333.45 3687.44 4184.75 4630.2 -9999 -9999
1655.18 1502.24 785.868 145.109 62.7221 0 22.2541 27.2097 187.316 645.909 1205.95 1533.72 1112.03 630.606 576.057 983.152 871.729 370.795 47.0971 20.781 323.593 1020.9 1254.43 712.633 566.321 365.146 618.569 497.644 248.254 18.4819 57.4984 520.343 205.641 71.2928 112.676 234.413 197.033 49.7906 39.2259 8.33333 323.479 671.128 550.222 246.136 4.6875 86.6958 173.457 617.708 1164.38 1602.47 2129.39 2775.08 3407.02 3619.02 2909.19 2139.62 1647.1 1343.2 1251.78 1106.07 1263.91 1402.67 1374.61 1386.47 1611.06 2044.63 2545.02 3112.87 3572.57 3532.84 3802.08 4133.45 4464.82 4818.81 5198.08 -9999 -9999
855.178 886.921 423.495 6.89721 0 0 20.6916 59.486 641.275 1191.53 1732.85 1499.63 702.692 116.716 60.5124 473.893 282.74 77.5428 228.161 302.719 848.154 1061.68 550.114 252.7 43.0568 6.89721 116.18 54.5305 16.2722 7.8125 10.0222 410.819 481.437 51.4055 4.6875 7.11295 372.487 -9999 -9999 -9999 -9999 126.887 35.0962 113.323 27.8569 3.125 90.579 178.634 472.395 998.019 1648.71 2396.08 3018.82 3362.15 3235.09 2778.47 2443.5 2143.2 2051.78 1906.07 2048.54 1834.16 1277.25 901.777 1018.2 1416.73 1981.5 2628.2 3399.94 4096.72 4582.27 4933.45 5264.82 5596.19 5949.84 6569.01 7432.02
148.549 362.113 142.789 0 3.125 47.4762 66.8734 54.5305 330.078 930.904 1436.23 1257.94 687.078 358.387 29.4194 52.8109 119.573 8.67544 0 2094.97 1628.06 886.244 160.057 0 12.5 0 16.2722 66.6053 15.625 21.6069 56.6291 405.373 899.172 522.932 141.991 694.975 -9999 -9999 -9999 -9999 -9999 -9999 195.508 43.3249 0 0 0 0 55.4458 527.24 1266.45 1891.89 2243.5 2623.45 3282.53 3546.3 3243.5 2943.2 2851.78 2670.57 2262.82 1477.82 759.638 227.34 313.675 850.125 1496.83 2268.57 3067.77 3867.77 4667.77 5420.87 5999.39 6395.75 6727.57 7071.69 7582.83
82.3874 558.23 186.382 227.673 273.392 540.942 402.692 52.3208 98.7706 362.714 843.182 527.37 261.872 62.2319 1.5625 0 8.45971 -9999 -9999 -9999 1596.93 1116.55 382.843 0 0 0 0 0 0 0 12.5 538.388 1282.12 1144.87 1030.11 1615.46 2512.78 -9999 -9999 -9999 -9999 -9999 -9999 0 0 0 0 0 0 235.263 802.757 1123.38 1492.08 2169.38 2967.77 3749.55 4014.93 3743.2 3596.64 2932.2 2132.84 1332.84 551.149 82.4984 19.3972 374.854 1137.2 1936.4 2736.4 3536.4 4336.4 5136.4 5935.79 6714.61 7463.08 7866.07 7836.75
325.685 870.419 652.351 822.25 833.636 925.696 528.94 79.3734 171.423 138.813 550.593 113.055 3.125 34.7541 0 0 0 -9999 -9999 -9999 -9999 -9999 -9999 -9999 -9999 -9999 -9999 0 0 0 194.435 750.911 1536.4 1902.41 1805.33 1986.44 -9999 -9999 -9999 -9999 -9999 -9999 -9999 -9999 0 0 50.111 3.125 0 96.5609 145.443 380.124 1038 1836.4 2636.4 3436.4 4218.18 4502.39 4042.74 3243.5 2443.5 1661.81 1056.52 371.599 12.5 214.35 922.016 1713.91 2513.91 3313.91 4113.91 4913.91 5686.32 6236.4 -9999 -9999 -9999
752.389 1294.13 1164.98 629.978 234.172 293.03 245.332 354.051 582.632 392.827 158.858 238.721 299.724 464.97 80.1777 0 -9999 -9999 -9999 -9999 -9999 -9999 -9999 -9999 -9999 -9999 -9999 -9999 -9999 -9999 724.722 1286.61 1864.42 2542.11 2456.29 -9999 -9999 -9999 -9999 -9999 -9999 -9999 -9999 -9999 0 12.5 245.351 62.9902 0 0 21.6069 242.448 958.999 1758.73 2558.73 3358.73 4158.73 4852.28 4374.87 3574.87 2793.18 2187.25 1465.01 713.863 136.179 78.079 681.066 1481.07 2281.07 3081.07 3881.07 4681.07 5481.07 6276.65 6981.94 7775 -9999
1329.21 1535.84 819.113 188.879 0 7.8125 75.6012 43.3249 365.257 319.251 12.5 262.5 942.31 986.138 492.79 850.449 -9999 -9999 -9999 -9999 -9999 -9999 -9999 -9999 -9999 -9999 -9999 -9999 -9999 -9999 1974.32 1828.99 1959.19 -9999 -9999 -9999 -9999 -9999 -9999 -9999 -9999 -9999 -9999 -9999 -9999 -9999 736.379 237.741 131.204 232.832 493.133 851.734 1342.28 2085.19 2884.92 3684.92 4484.92 5180.42 4706.24 3924.55 3318.62 2596.39 1838.21 1182.49 635.933 350.951 850.045 1636.4 2436.4 3236.4 4036.4 4836.4 5633.63 6408.72 7224.79 7924.74 -9999
1820.56 1526.78 727.313 79.9096 0 1.5625 226.915 409.681 571.126 228.721 97.1864 397.607 1192.31 1625.39 -9999 -9999 -9999 -9999 -9999 -9999 -9999 -9999 -9999 -9999 -9999 -9999 -9999 -9999 -9999 -9999 -9999 -9999 -9999 -9999 -9999 -9999 -9999 -9999 -9999 -9999 -9999 -9999 -9999 -9999 -9999 -9999 921.472 832.464 850.888 1001.78 1237.31 1611.52 1983.1 2473.65 3216.56 4013.71 4791.43 5523.4 5035.12 4443.29 3727.76 2969.58 2313.86 1767.3 1281.48 1125.54 1558.88 1869.74 2785.46 3567.77 4366.29 5034.52 5519.93 -9999 -9999 -9999 -9999
2138.39 1713.96 927.665 219.906 0 0 293.769 897.745 -9999 -9999 -9999 -9999 1467.85 1827.82 -9999 -9999 -9999 -9999 -9999 -9999 -9999 -9999 -9999 -9999 -9999 -9999 -9999 -9999 -9999 -9999 -9999 -9999 -9999 -9999 -9999 -9999 -9999 -9999 -9999 -9999 -9999 -9999 -9999 -9999 -9999 -9999 -9999 1595.58 1650.89 1795.53 2026.28 2285.16 2655.51 3086.18 3532.73 3998.4 -9999 -9999 -9999 4484.8 3951.9 3437.78 2895.37 2407.82 2077.82 1932.84 2141.02 -9999 3401.6 3917.44 4667.89 5267.34 -9999 -9999 -9999 -9999 -9999
1460.36 1497.51 1187.78 483.536 32.0083 55.5568 425.861 1210.76 1786.89 -9999 -9999 -9999 -9999 -9999 -9999 -9999 -9999 -9999 -9999 -9999 -9999 -9999 -9999 -9999 -9999 -9999 -9999 -9999 -9999 -9999 -9999 -9999 -9999 -9999 -9999 -9999 -9999 -9999 -9999 -9999 -9999 -9999 -9999 -9999 -9999 -9999 -9999 2104.04 2298.96 2141.42 2507.11 -9999 -9999 -9999 -9999 -9999 -9999 -9999 -9999 -9999 -9999 -9999 3252.69 -9999 2755.96 2729.18 2889.95 -9999 3800.61 4523.72 5038.32 5406.24 -9999 -9999 -9999 -9999 -9999
660.355 723.671 732.575 716.164 179.17 569.971 909.853 1513.98 1797.43 1030.08 290.663 80.9997 2.77778 0 0 -9999 -9999 -9999 -9999 -9999 -9999 -9999 -9999 -9999 -9999 -9999 -9999 -9999 -9999 -9999 -9999 -9999 -9999 -9999 -9999 -9999 -9999 -9999 -9999 -9999 -9999 -9999 -9999 -9999 -9999 -9999 -9999 -9999 -9999 -9999 -9999 -9999 -9999 -9999 -9999 -9999 -9999 -9999 -9999 -9999 -9999 -9999 -9999 -9999 -9999 -9999 -9999 -9999 -9999 5108.02 5298.71 -9999 -9999 -9999 -9999 -9999 -9999
43.2138 103.412 174.973 686.236 615.766 1009.21 1640.15 2041.22 2086.49 1353.34 897.932 375.704 20.9597 0 0 -9999 0 0 -9999 0 0 0 4.16667 0 0 0 0 50 0 -9999 -9999 -9999 492.606 799.504 991.978 306.38 0 0 0 0 -9999 -9999 -9999 -9999 -9999 -9999 -9999 -9999 -9999 -9999 -9999 -9999 -9999 -9999 -9999 -9999 -9999 -9999 -9999 -9999 -9999 -9999 -9999 -9999 -9999 -9999 -9999 -9999 -9999 -9999 -9999 -9999 -9999 -9999 -9999 -9999 -9999
1.5625 0 161.872 370.86 648.533 1379.68 2024.61 2466.09 2435.79 1928.11 1247.12 484.432 51.9416 0 0 158.821 0 0 0 0 0 10.0222 125.444 86.0485 26.9416 0 100.712 239.591 4.6875 0 0 9.375 46.718 331.962 707.502 659.129 85.1983 0 0 0 -9999 -9999 -9999 -9999 -9999 -9999 -9999 -9999 -9999 -9999 -9999 -9999 -9999 -9999 -9999 -9999 -9999 -9999 -9999 -9999 -9999 -9999 -9999 -9999 -9999 -9999 -9999 -9999 -9999 -9999 -9999 -9999 -9999 -9999 -9999 -9999 -9999
20.9597 0 32.5444 98.5025 388.158 1151.83 1506.1 1760.66 2162.96 1794.97 995.779 260.884 1.5625 22.5222 362.527 581.003 405.752 121.469 83.6818 34.1069 0 10.0222 269.278 462.086 468.983 298.947 616.969 747.472 411.198 252.294 196.959 316.375 19.3972 42.9458 391.885 916.149 493.439 149.64 0 0 0 -9999 -9999 -9999 -9999 -9999 -9999 -9999 -9999 -9999 -9999 -9999 -9999 -9999 -9999 -9999 -9999 -9999 -9999 -9999 -9999 -9999 -9999 -9999 -9999 -9999 -9999 -9999 -9999 -9999 -9999 -9999 -9999 -9999 -9999 -9999 -9999
102.164 210.263 202.895 177.118 416.754 762.741 712.132 1070.5 1808.64 1647.86 847.855 124.464 0 128.791 734.268 1267.16 1120.14 733.731 506.261 253.431 209.034 117.743 463.15 1093.52 1243.2 1086.24 1364.15 1495.21 1199.63 1012.13 917.31 783.593 157.341 111.382 324.659 1021.17 1174.13 537.863 43.2138 0 0 0 0 0 -9999 -9999 -9999 -9999 -9999 -9999 -9999 -9999 -9999 -9999 -9999 -9999 -9999 -9999 -9999 -9999 -9999 -9999 -9999 -9999 -9999 -9999 -9999 -9999 -9999 -9999 -9999 -9999 -9999 -9999 -9999 -9999 -9999
123.614 715.1 730.162 408.046 167.41 114.128 134.662 719.519 1427.86 1617.2 866.655 201.379 16.2722 417.219 1167.78 1831.23 1846.25 1518.01 1257.97 992.31 880.966 801.777 1142.27 1593.87 2001.21 1886.24 2160.66 2287.44 1999.63 1812.13 1669.15 1139.12 545.971 680.912 1024.78 1420.39 1630.83 896.112 176.11 0 0 0 0 0 0 0 -9999 -9999 -9999 -9999 -9999 -9999 -9999 -9999 -9999 -9999 -9999 -9999 -9999 -9999 -9999 -9999 -9999 -9999 -9999 -9999 -9999 -9999 -9999 -9999 -9999 -9999 -9999 -9999 -9999 -9999 -9999
634.072 928.166 379.477 59.329 0 0 10.6694 329.431 977.078 1648.83 1258.73 548.062 37.5 448.57 1770 2254.49 2599.5 2412.83 1654.25 1785.3 1680.7 1601.78 1902.08 2273.64 2675.41 2686.24 2960.66 3087.44 2799.63 2611.08 2242.25 1661.81 1327.67 1436.4 1787.4 2143.23 2015.85 1257.24 628.48 236.041 29.7985 0 0 0 0 -9999 -9999 -9999 -9999 -9999 -9999 -9999 -9999 -9999 -9999 -9999 -9999 -9999 -9999 -9999 -9999 -9999 -9999 -9999 -9999 -9999 -9999 -9999 -9999 -9999 -9999 -9999 -9999 -9999 -9999 -9999 -9999
1408.31 1026.86 299.345 77.5888 6.89721 0 0 109.431 687.533 1529.63 1554.8 1204.59 -9999 -9999 -9999 -9999 -9999 -9999 -9999 2223.74 2370.8 2398.65 2702.08 3033.45 3398.16 3486.24 3760.66 3887.44 3599.63 3309.52 2793.18 2443.5 2127.67 2236.4 2567.77 2863.21 2388.61 1759.85 1337.64 854.813 330.641 98.6136 10.0222 0 0 0 -9999 -9999 -9999 -9999 -9999 -9999 -9999 -9999 -9999 -9999 -9999 -9999 -9999 -9999 -9999 -9999 -9999 -9999 -9999 -9999 -9999 -9999 -9999 -9999 -9999 -9999 -9999 -9999 -9999 -9999 -9999
2042.59 1371.69 736.511 508.119 37.5 -9999 -9999 -9999 -9999 -9999 -9999 -9999 -9999 -9999 -9999 -9999 -9999 -9999 -9999 -9999 -9999 3120.64 3502.08 3833.45 4164.82 4286.24 4560.66 4687.44 4364.04 3924.55 3574.87 3243.5 2927.67 3036.4 3367.77 3453.39 2891.22 2469.01 1986.18 1424.96 964.824 753.469 489.055 203.68 86.8068 122.794 -9999 -9999 -9999 -9999 -9999 -9999 -9999 -9999 -9999 -9999 -9999 -9999 -9999 -9999 -9999 -9999 -9999 -9999 -9999 -9999 -9999 -9999 -9999 -9999 -9999 -9999 -9999 -9999 -9999 -9999 -9999
2617.84 -9999 -9999 -9999 -9999 -9999 -9999 -9999 -9999 -9999 -9999 -9999 -9999 -9999 -9999 -9999 -9999 -9999 -9999 -9999 -9999 -9999 4215.17 4587.75 4772.1 5005.95 5360.66 5469.06 5053.01 4706.24 4374.87 4043.5 3727.67 3836.4 4162.85 4021.72 3600.38 3117.55 2556.33 2085.84 1763.91 1550.11 1225.12 955.595 705.005 564.869 870.519 -9999 -9999 -9999 -9999 -9999 -9999 -9999 -9999 -9999 -9999 -9999 -9999 -9999 -9999 -9999 -9999 -9999 -9999 -9999 -9999 -9999 -9999 -9999 -9999 -9999 -9999 -9999 -9999 -9999 -9999
3128.43 -9999 -9999 -9999 -9999 -9999 -9999 -9999 -9999 -9999 -9999 -9999 -9999 -9999 -9999 -9999 -9999 -9999 -9999 -9999 -9999 -9999 -9999 -9999 -9999 5644.97 6105.47 6179.25 5837.62 5506.24 5174.87 4843.5 4527.67 4636.4 4941.04 4731.75 4248.93 3687.71 3217.21 2884.92 2563.91 2339.95 2019.24 1752.94 1434.57 -9999 -9999 -9999 -9999 -9999 -9999 -9999 -9999 -9999 -9999 -9999 -9999 -9999 -9999 -9999 -9999 -9999 -9999 -9999 -9999 -9999 -9999 -9999 -9999 -9999 -9999 -9999 -9999 -9999 -9999 -9999 -9999
-9999 -9999 -9999 -9999 -9999 -9999 -9999 -9999 -9999 -9999 -9999 -9999 -9999 -9999 -9999 -9999 -9999 -9999 -9999 -9999 -9999 -9999 -9999 -9999 -9999 -9999 6904.21 6916.04 6623.54 6306.24 5932.57 5378.86 5180.51 5434.57 5711.58 5380.3 4819.08 4336.41 4014.82 3684.92 3363.91 3130.9 2727.75 2225.59 -9999 -9999 -9999 -9999 -9999 -9999 -9999 -9999 -9999 -9999 -9999 -9999 -9999 -9999 -9999 -9999 -9999 -9999 -9999 -9999 -9999 -9999 -9999 -9999 -9999 -9999 -9999 -9999 -9999 -9999 -9999 -9999 -9999
-9999 -9999 -9999 -9999 -9999 -9999 -9999 -9999 -9999 -9999 -9999 -9999 -9999 -9999 -9999 -9999 -9999 -9999 -9999 -9999 -9999 -9999 -9999 -9999 -9999 -9999 -9999 -9999 6984.06 7029.04 6837.49 -9999 -9999 6225.08 6221.27 5770.35 5155.26 -9999 4651.36 4233.7 3863.91 3703.55 -9999 -9999 -9999 -9999 -9999 -9999 -9999 -9999 -9999 -9999 -9999 -9999 -9999 -9999 -9999 -9999 -9999 -9999 -9999 -9999 -9999 -9999 -9999 -9999 -9999 -9999 -9999 -9999 -9999 -9999 -9999 -9999 -9999 -9999 -9999
