public/models/data/input/map/ntb/800/mapdplant.asc
NCOLS 484
NROWS 342
XLLCORNER 370313.940441
YLLCORNER 9266624.452423
CELLSIZE 800.000000
NODATA_VALUE       -9999
[rows 238 to 271 of 342, columns 77 to 153 of 484]
19434.7 19766 20106.6 20672.2 21463.1 22263.1 23063.1 23863.1 24658.8 25689.4 26297.8 27961.6 29454.4 -9999 31549 31313.2 27619.8 27650.4 27976.8 28308.2 28648.7 29214.4 30011.1 30812.4 31641.6 35566.8 36326.2 36251.5 36506.9 36911.5 37283.9 37615.3 37965 38574.6 39370.9 40095 40651.5 41419.5 42219.5 43019.5 43819.5 44619.5 45419.5 46219.5 47019.5 47818 48486.4 48924.5 -9999 -9999 -9999 -9999 -9999 -9999 -9999 -9999 -9999 -9999 -9999 -9999 -9999 -9999 -9999 -9999 -9999 -9999 -9999 -9999 -9999 -9999 -9999 -9999 -9999 -9999 -9999 -9999 -9999
18634.7 18975.2 19540.9 20343.4 21379.5 22361.9 23104.5 23895.4 24311.3 -9999 -9999 -9999 -9999 -9999 -9999 26209.8 26500.8 26845.4 27176.8 27530.1 28114.7 28904.9 29711.8 30366.2 31326.7 35669.3 37202 36616.9 36276.8 36162.9 36483.9 36833.6 37443.2 38239.6 38963.6 39520.1 40288.1 41088.1 41888.1 42688.1 43488.1 44288.1 45088.1 45888.1 46688.1 47488.1 48288.1 48785.7 -9999 -9999 -9999 -9999 -9999 -9999 -9999 -9999 -9999 -9999 -9999 -9999 -9999 -9999 -9999 -9999 -9999 -9999 -9999 -9999 -9999 -9999 -9999 -9999 -9999 -9999 -9999 -9999 -9999
17840.4 18445 19295.2 19941 -9999 23299.8 23397 -9999 -9999 -9999 -9999 -9999 -9999 -9999 -9999 25484.9 25714.1 26045.4 26386 26937.9 28122.3 29090.1 29881 30665.3 31332.7 36002.6 37484 36584.5 35528.1 35362.9 35702.2 36311.8 37108.2 37832.2 38388.8 39156.7 39956.7 40756.7 41556.7 42356.7 43156.7 43956.7 44756.7 45556.7 46356.7 47156.7 47956.7 48406.7 -9999 -9999 -9999 -9999 -9999 -9999 -9999 -9999 -9999 -9999 -9999 -9999 -9999 -9999 -9999 -9999 -9999 -9999 -9999 -9999 -9999 -9999 -9999 -9999 -9999 -9999 -9999 -9999 -9999
17300.5 -9999 -9999 -9999 -9999 24228.1 24044.7 -9999 -9999 -9999 -9999 -9999 -9999 23980.9 24140.5 24574.5 24914.1 25251.1 25939.9 26751.9 28086 29660.3 30221.5 31005.3 31734 38344.6 -9999 -9999 34634.2 34576.6 35180.5 35976.8 36700.8 37257.4 38025.3 38825.3 39625.3 40425.3 41225.3 42025.3 42825.3 43625.3 44425.3 45225.3 46025.3 46825.3 47625.3 48085.4 -9999 -9999 -9999 -9999 -9999 -9999 -9999 -9999 -9999 -9999 -9999 -9999 -9999 -9999 -9999 -9999 -9999 -9999 -9999 -9999 -9999 -9999 -9999 -9999 -9999 -9999 -9999 -9999 -9999
-9999 -9999 -9999 -9999 -9999 -9999 -9999 -9999 -9999 -9999 -9999 -9999 -9999 23668.5 23462.3 23782.7 24114.1 24417 -9999 30732.1 30429.2 30304.1 30459.8 30873.7 31215 31364.6 -9999 33916.1 33487.4 34049.1 34845.4 35569.5 36126 36894 37694 38494 39294 40094 40894 41694 42494 43294 44094 44894 45694 46494 47294 -9999 -9999 -9999 -9999 -9999 -9999 -9999 -9999 -9999 -9999 -9999 -9999 -9999 -9999 -9999 -9999 -9999 -9999 -9999 -9999 -9999 -9999 -9999 -9999 -9999 -9999 -9999 -9999 -9999 -9999
-9999 -9999 -9999 -9999 -9999 -9999 -9999 -9999 -9999 -9999 -9999 -9999 -9999 22459.2 22658.9 22982.7 23315 23717.5 -9999 -9999 29987.5 29624.4 29754.3 30085.6 30417 30710.2 31322.7 32083 32915.9 33714.1 34438.1 34994.6 35762.6 36562.6 37362.6 38162.6 38962.6 39762.6 40562.6 41362.6 42162.6 42962.6 43762.6 44562.6 45362.6 46162.6 46932.5 -9999 -9999 -9999 -9999 -9999 -9999 -9999 -9999 -9999 -9999 -9999 -9999 -9999 -9999 -9999 -9999 -9999 -9999 -9999 -9999 -9999 -9999 -9999 -9999 -9999 -9999 -9999 -9999 -9999 -9999
-9999 -9999 -9999 -9999 -9999 -9999 -9999 -9999 -9999 -9999 -9999 -9999 -9999 22059.4 21862.3 22183.6 22663.3 23184.2 -9999 -9999 29264 28788.6 28954.3 29285.6 29626.2 30191.8 30982.7 31782.7 32582.7 33306.7 33863.3 34631.2 35431.2 36231.2 37031.2 37831.2 38631.2 39431.2 40231.2 41031.2 41831.2 42631.2 43431.2 44231.2 45031.2 45828.8 46475 -9999 -9999 -9999 -9999 -9999 -9999 -9999 -9999 -9999 -9999 -9999 -9999 -9999 -9999 -9999 -9999 -9999 -9999 -9999 -9999 -9999 -9999 -9999 -9999 -9999 -9999 -9999 -9999 -9999 -9999
-9999 -9999 -9999 -9999 -9999 -9999 -9999 -9999 -9999 -9999 -9999 -9999 -9999 20747.3 21053.5 21531.9 22287.1 -9999 -9999 27382.2 27516.6 27927.3 28154.3 28494.8 29084.3 29827.5 30873.7 31626.7 32198.5 32731.9 33499.8 34299.8 35099.8 35899.8 36699.8 37499.8 38299.8 39099.8 39899.8 40699.8 41499.8 42299.8 43099.8 43899.8 44699.8 45390.5 -9999 -9999 -9999 -9999 -9999 -9999 -9999 -9999 -9999 -9999 -9999 -9999 -9999 -9999 -9999 -9999 -9999 -9999 -9999 -9999 -9999 -9999 -9999 -9999 -9999 -9999 -9999 -9999 -9999 -9999 -9999
-9999 -9999 -9999 -9999 -9999 -9999 -9999 -9999 -9999 17162.5 -9999 -9999 -9999 19995.6 20400.5 21168.5 21949.9 22664.9 23575.7 26135.9 26701.9 27022.9 27354.3 27964.1 29098.6 29931.6 -9999 31168.7 31600.5 32368.5 33168.5 33968.5 34768.5 35568.5 36368.5 37168.5 37968.5 38768.5 39568.5 40368.5 41168.5 41974.3 42778.8 43578.8 44378.8 44942.9 -9999 -9999 -9999 -9999 -9999 -9999 -9999 -9999 -9999 -9999 -9999 -9999 -9999 -9999 -9999 -9999 -9999 -9999 -9999 -9999 -9999 -9999 -9999 -9999 -9999 -9999 -9999 -9999 -9999 -9999 -9999
12267.3 12369.2 -9999 -9999 -9999 -9999 -9999 -9999 16959.1 16712.5 16978.1 -9999 18495.9 19264.5 20037.1 20837.1 21637.1 22437.1 23244.4 25188.4 25901.9 26222.9 26586.3 27206.7 27664 29536.6 29877.2 30462.1 31237.1 32037.1 32837.1 33637.1 34437.1 35237.1 36037.1 36837.1 37637.1 38437.1 39237.1 40037.1 40837.1 41639.3 42928.6 43613.4 44227.8 44709.7 -9999 -9999 -9999 -9999 -9999 -9999 -9999 -9999 -9999 -9999 -9999 -9999 -9999 -9999 -9999 -9999 -9999 -9999 -9999 -9999 -9999 -9999 -9999 -9999 -9999 -9999 -9999 -9999 -9999 -9999 -9999
11466 11971.1 -9999 -9999 13449.5 13794 13807.3 -9999 -9999 15912.9 16480.2 17351.9 18105.7 18905.7 19705.7 20505.7 21305.7 22102.6 22645.5 25148 25101.9 25454.9 26106.6 27029.7 28058.3 28803.6 29324 30105.7 30905.7 31705.7 32505.7 33305.7 34105.7 34905.7 35705.7 36505.7 37305.7 38105.7 38858.9 40086.8 40762.3 41546 -9999 43011.2 43764.6 -9999 -9999 -9999 -9999 -9999 -9999 -9999 -9999 -9999 -9999 -9999 -9999 -9999 -9999 -9999 -9999 -9999 -9999 -9999 -9999 -9999 -9999 -9999 -9999 -9999 -9999 -9999 -9999 -9999 -9999 -9999 -9999
10666.7 10995.2 -9999 -9999 12965 13053 13360.8 13300.1 14711 15377.4 16174.3 16974.3 17774.3 18574.3 19374.3 20174.3 20974.3 21767.8 22626 23939 24332.6 24975.3 25774.3 26724.9 27527.6 28192.7 28974.3 29774.3 30574.3 31374.3 32174.3 32974.3 33774.3 34574.3 35374.3 36174.3 36974.3 37772.3 38442.7 39877.5 40897 41075.8 41870.4 42575.3 43346.4 43942.6 -9999 -9999 -9999 -9999 -9999 -9999 -9999 -9999 -9999 -9999 -9999 -9999 -9999 -9999 -9999 -9999 -9999 -9999 -9999 -9999 -9999 -9999 -9999 -9999 -9999 -9999 -9999 -9999 -9999 -9999 -9999
9915.68 9826.64 -9999 -9999 12074.7 12253 12694.2 13439.1 14241.7 15043 15843 16643 17443 18243 19043 19843 20643 21443 22243 23038.6 23843.6 24643 25443 26247.2 27043 27843 28643 29443 30243 31043 31843 32643 33443 34243 35043 35843 36643 37439.8 38391.4 39211.2 40077.4 40652.1 41443 42213 43091.2 -9999 -9999 -9999 -9999 -9999 -9999 -9999 -9999 -9999 -9999 -9999 -9999 -9999 -9999 -9999 -9999 -9999 -9999 -9999 -9999 -9999 -9999 -9999 -9999 -9999 -9999 -9999 -9999 -9999 -9999 -9999 -9999
9034.67 9366.04 9678.71 9876.32 11078 11562.9 12311.6 13111.6 13911.6 14711.6 15511.6 16311.6 17111.6 17911.6 18711.6 19511.6 20311.6 21111.6 21911.6 22711.6 23511.6 24311.6 25111.6 25911.6 26711.6 27511.6 28311.6 29111.6 29911.6 30711.6 31511.6 32311.6 33111.6 33911.6 34711.6 35511.6 36311.6 37084.5 38293.8 38832.6 39520.8 40311.6 41123.9 41664.6 -9999 -9999 -9999 -9999 -9999 -9999 -9999 -9999 -9999 -9999 -9999 -9999 -9999 -9999 -9999 -9999 -9999 -9999 -9999 -9999 -9999 -9999 -9999 -9999 -9999 -9999 -9999 -9999 -9999 -9999 -9999 -9999 -9999
8234.67 8566.04 8929.45 9567.42 10443.4 11180.2 11980.2 12780.2 13580.2 14380.2 15180.2 15980.2 16780.2 17580.2 18380.2 19180.2 19980.2 20780.2 21580.2 22380.2 23180.2 23980.2 24780.2 25580.2 26380.2 27180.2 27980.2 28780.2 29580.2 30380.2 31180.2 31980.2 32780.2 33580.2 34380.2 35180.2 35980.2 36801.4 37603.1 38377.8 39185.6 39976.3 40624 -9999 -9999 -9999 -9999 -9999 -9999 -9999 -9999 -9999 -9999 -9999 -9999 -9999 -9999 -9999 -9999 -9999 -9999 -9999 -9999 -9999 -9999 -9999 -9999 -9999 -9999 -9999 -9999 -9999 -9999 -9999 -9999 -9999 -9999
7434.67 7798.08 8449.8 9248.88 10048.9 10848.9 11648.9 12448.9 13248.9 14048.9 14848.9 15648.9 16448.9 17248.9 18048.9 18848.9 19648.9 20448.9 21248.9 22048.9 22848.9 23648.9 24448.9 25248.9 26048.9 26848.9 27648.9 28448.9 29248.9 30048.9 30848.9 31648.9 32448.9 33248.9 34048.9 34848.9 35648.9 36399.9 37329.5 38047.6 38843.3 39492.7 -9999 -9999 -9999 -9999 -9999 -9999 -9999 -9999 -9999 -9999 -9999 -9999 -9999 -9999 -9999 -9999 -9999 -9999 -9999 -9999 -9999 -9999 -9999 -9999 -9999 -9999 -9999 -9999 -9999 -9999 -9999 -9999 -9999 -9999 -9999
6666.71 7318.43 8117.52 8917.51 9717.51 10517.5 11317.5 12117.5 12917.5 13717.5 14517.5 15317.5 16117.5 16917.5 17717.5 18517.5 19317.5 20117.5 20917.5 21717.5 22517.5 23317.5 24117.5 24917.5 25717.5 26517.5 27317.5 28117.5 28917.5 29717.5 30517.5 31317.5 32117.5 32917.5 33717.5 34517.5 35317.5 36117.5 36917.5 37688.5 38422.2 -9999 -9999 -9999 -9999 -9999 -9999 -9999 -9999 -9999 -9999 -9999 -9999 -9999 -9999 -9999 -9999 -9999 -9999 -9999 -9999 -9999 -9999 -9999 -9999 -9999 -9999 -9999 -9999 -9999 -9999 -9999 -9999 -9999 -9999 -9999 -9999
6187.06 6986.14 7786.14 8586.14 9386.14 10186.1 10986.1 11786.1 12586.1 13386.1 14186.1 14986.1 15786.1 16586.1 17386.1 18186.1 18986.1 19786.1 20586.1 21386.1 22186.1 22986.1 23786.1 24586.1 25386.1 26186.1 26986.1 27786.1 28586.1 29386.1 30186.1 30986.1 31786.1 32586.1 33386.1 34186.1 34986.1 35786.1 36550.5 37290.9 -9999 -9999 -9999 -9999 -9999 -9999 -9999 -9999 -9999 -9999 -9999 -9999 -9999 -9999 -9999 -9999 -9999 -9999 -9999 -9999 -9999 -9999 -9999 -9999 -9999 -9999 -9999 -9999 -9999 -9999 -9999 -9999 -9999 -9999 -9999 -9999 -9999
5854.77 6654.77 7454.77 8254.77 9054.77 9854.77 10654.8 11454.8 12254.8 13054.8 13854.8 14654.8 15454.8 16254.8 17054.8 17854.8 18654.8 19454.8 20254.8 21054.8 21854.8 22654.8 23454.8 24254.8 25054.8 25854.8 26654.8 27454.8 28254.8 29054.8 29854.8 30654.8 31454.8 32254.8 33054.8 33854.8 34654.8 35454.8 36194.5 -9999 -9999 -9999 -9999 -9999 -9999 -9999 -9999 -9999 -9999 -9999 -9999 -9999 -9999 -9999 -9999 -9999 -9999 -9999 -9999 -9999 -9999 -9999 -9999 -9999 -9999 -9999 -9999 -9999 -9999 -9999 -9999 -9999 -9999 -9999 -9999 -9999 -9999
5523.4 6323.4 7123.4 7923.4 8723.4 9523.4 10323.4 11123.4 11923.4 12723.4 13523.4 14323.4 15123.4 15923.4 16723.4 17533.1 18374.4 19133.7 19923.4 20723.4 21523.4 22323.4 23123.4 23923.4 24723.4 25523.4 26323.4 27123.4 27923.4 28723.4 29523.4 30323.4 31123.4 31923.4 32723.4 33523.4 34323.4 35123.4 35922.1 36512.9 -9999 -9999 -9999 -9999 -9999 -9999 -9999 -9999 -9999 -9999 -9999 -9999 -9999 -9999 -9999 -9999 -9999 -9999 -9999 -9999 -9999 -9999 -9999 -9999 -9999 -9999 -9999 -9999 -9999 -9999 -9999 -9999 -9999 -9999 -9999 -9999 -9999
5192.03 5992.03 6792.03 7592.03 8392.03 9192.03 9992.03 10792 11592 12392 13192 13992 14792 15592 16392 17101.5 18136.4 18795.7 19592 20392 21192 21992 22792 23592 24375.7 25441 26063 26792 27592 28392 29192 29992 30792 31592 32392 33192 33992 34792 35592 36351.6 36924.9 -9999 -9999 -9999 -9999 -9999 -9999 -9999 -9999 -9999 -9999 -9999 -9999 -9999 -9999 -9999 -9999 -9999 -9999 -9999 -9999 -9999 -9999 -9999 -9999 -9999 -9999 -9999 -9999 -9999 -9999 -9999 -9999 -9999 -9999 -9999 -9999
4860.66 5660.66 6460.66 7260.66 8060.66 8860.66 9660.66 10460.7 11260.7 12060.7 12860.7 13660.7 14460.7 15260.7 16060.7 16859.8 17660.7 18460.7 19260.7 20060.7 20860.7 21660.7 22460.7 23260.7 24056.1 24966 25664.3 26460.7 27260.7 28060.7 28860.7 29660.7 30460.7 31260.7 32060.7 32860.7 33660.7 34460.7 35260.1 35783.1 -9999 -9999 -9999 -9999 -9999 -9999 -9999 -9999 -9999 -9999 -9999 -9999 -9999 -9999 -9999 -9999 -9999 -9999 -9999 -9999 -9999 -9999 -9999 -9999 -9999 -9999 -9999 -9999 -9999 -9999 -9999 -9999 -9999 -9999 -9999 64259.6 63736
4632.84 5432.84 6232.84 7032.84 7832.84 8632.84 9432.84 10232.8 11032.8 11832.8 12632.8 13432.8 14232.8 15032.8 15832.8 16632.8 17432.8 18232.8 19032.8 19832.8 20632.8 21432.8 22232.8 23032.8 23832.8 24632.8 25432.8 26232.8 27032.8 27832.8 28632.8 29432.8 30232.8 31032.8 31832.8 32632.8 33432.8 34232.8 34983 -9999 -9999 -9999 -9999 -9999 -9999 -9999 -9999 -9999 -9999 -9999 -9999 -9999 -9999 -9999 -9999 -9999 -9999 -9999 -9999 -9999 -9999 -9999 -9999 -9999 -9999 -9999 -9999 -9999 -9999 -9999 -9999 -9999 -9999 -9999 65222.6 64423.4 63618.3
4902.08 5702.08 6502.08 7302.08 8102.08 8902.08 9702.08 10502.1 11302.1 12102.1 12902.1 13702.1 14502.1 15302.1 16102.1 16902.1 17702.1 18502.1 19302.1 20102.1 20902.1 21702.1 22502.1 23302.1 24102.1 24902.1 25702.1 26502.1 27302.1 28102.1 28902.1 29702.1 30502.1 31302.1 32102.1 32902.1 33702.1 34459.4 34879 -9999 -9999 -9999 -9999 -9999 -9999 -9999 -9999 -9999 -9999 -9999 -9999 -9999 -9999 -9999 -9999 -9999 -9999 -9999 -9999 -9999 -9999 -9999 -9999 -9999 -9999 -9999 -9999 71254.3 70509.5 69735.6 68976.2 68043.1 67099.1 66324.3 65519.3 64719.9 63919.9
5448.3 6033.45 6833.45 7633.45 8433.45 9233.45 10033.4 10833.4 11633.4 12433.4 13233.4 14033.4 14833.4 15633.4 16433.4 17233.4 18033.4 18833.4 19633.4 20433.4 21233.4 22033.4 22833.4 23633.4 24433.4 25233.4 26033.4 26833.4 27633.4 28433.4 29233.4 30033.4 30833.4 31633.4 32433.4 33233.4 34033.4 34827.6 -9999 -9999 -9999 -9999 -9999 -9999 -9999 -9999 -9999 -9999 -9999 -9999 -9999 -9999 -9999 -9999 -9999 -9999 -9999 -9999 -9999 -9999 -9999 -9999 -9999 74741.9 74552.1 -9999 71970.1 71451.3 70651.3 69851.3 69051.3 68251.3 67451.3 66651.3 65851.3 65051.3 64251.3
6222.18 6441.71 7164.82 7964.82 8764.82 9564.82 10364.8 11164.8 11964.8 12764.8 13564.8 14364.8 15164.8 15964.8 16764.8 17564.8 18364.8 19164.8 19964.8 20764.8 21564.8 22364.8 23164.8 23964.8 24764.8 25564.8 26364.8 27164.8 27964.8 28764.8 29564.8 30364.8 31164.8 31964.8 32764.8 33564.8 34364.8 35164.8 35658.4 -9999 -9999 -9999 -9999 -9999 -9999 -9999 -9999 -9999 -9999 -9999 -9999 -9999 -9999 -9999 -9999 -9999 -9999 -9999 -9999 -9999 -9999 -9999 75535.3 75011 74221.2 73417.6 72577 71782.7 70982.7 70182.7 69382.7 68582.7 67782.7 66982.7 66182.7 65382.7 64582.7
6937.01 7164.82 7573.08 8296.19 9096.19 9896.19 10696.2 11496.2 12296.2 13096.2 13896.2 14696.2 15496.2 16296.2 17096.2 17896.2 18696.2 19496.2 20296.2 21096.2 21896.2 22696.2 23496.2 24296.2 25096.2 25896.2 26696.2 27496.2 28296.2 29096.2 29896.2 30696.2 31496.2 32296.2 33096.2 33896.2 34696.2 35496.2 36245.2 -9999 -9999 -9999 -9999 -9999 -9999 -9999 -9999 -9999 -9999 -9999 -9999 -9999 -9999 -9999 -9999 -9999 -9999 -9999 -9999 -9999 -9999 -9999 75755.8 75314 74514 73714 72914 72114 71314 70514 69714 68914 68114 67314 66514 65714 64914
7737.01 7964.82 8296.19 8704.45 9427.56 10227.6 11027.6 11827.6 12627.6 13427.5 14227.5 15027.5 15827.5 16627.5 17427.5 18227.5 19027.5 19827.5 20627.5 21427.5 22227.5 23027.5 23827.5 24627.5 25427.5 26227.5 27027.5 27827.5 28627.5 29427.5 30227.5 31027.5 31827.5 32627.5 33427.5 34227.5 35027.5 35827.5 36627.5 37151.9 -9999 -9999 -9999 -9999 -9999 -9999 -9999 -9999 -9999 -9999 -9999 -9999 -9999 -9999 -9999 -9999 -9999 -9999 -9999 -9999 -9999 77131.8 76409.7 75645.4 74845.4 74045.4 73245.4 72445.4 71645.4 70845.4 70045.4 69245.4 68445.4 67645.4 66845.4 66045.4 65245.4
8537 8764.82 9096.19 9427.56 9835.82 10558.9 11358.9 12158.9 12958.9 13758.9 14558.9 15358.9 16158.9 16958.9 17758.9 18558.9 19358.9 20158.9 20958.9 21758.9 22558.9 23358.9 24158.9 24958.9 25758.9 26558.9 27358.9 28158.9 28958.9 29758.9 30558.9 31358.9 32158.9 32958.9 33758.9 34558.9 35358.9 36158.9 36921.9 37263.9 -9999 -9999 -9999 -9999 -9999 -9999 -9999 -9999 -9999 -9999 -9999 -9999 -9999 -9999 -9999 -9999 -9999 -9999 -9999 -9999 -9999 77195.7 76775.5 75976.8 75176.8 74376.8 73576.8 72776.8 71976.8 71176.8 70376.8 69576.8 68776.8 67976.8 67176.8 66376.8 65576.8
9337 9564.82 9896.19 10227.6 10558.9 10967.2 11690.3 12490.3 13290.3 14090.3 14890.3 15690.3 16490.3 17290.3 18090.3 18890.3 19690.3 20490.3 21290.3 22090.3 22890.3 23690.3 24490.3 25290.3 26090.3 26890.3 27690.3 28490.3 29290.3 30090.3 30890.3 31690.3 32490.3 33290.3 34090.3 34890.3 35690.3 36474.6 36935.8 -9999 -9999 -9999 -9999 -9999 -9999 -9999 -9999 -9999 -9999 -9999 -9999 -9999 -9999 -9999 -9999 -9999 -9999 -9999 -9999 -9999 78983.8 78858 76844.8 76308.2 75508.2 74708.2 73908.2 73108.2 72308.2 71508.2 70708.2 69908.2 69108.2 68308.2 67508.2 66708.2 65908.2
10134.9 10364.8 10696.2 11027.6 11358.9 11690.3 12098.5 12821.7 13621.7 14421.7 15221.7 16021.7 16821.7 17621.7 18421.7 19221.7 20021.7 20821.7 21621.7 22421.7 23221.7 24021.7 24821.7 25621.7 26421.7 27221.7 28021.7 28821.7 29621.7 30421.7 31221.7 32021.7 32821.6 33621.7 34421.6 35221.7 35977.5 36461.2 -9999 -9999 -9999 -9999 -9999 -9999 -9999 -9999 -9999 -9999 -9999 -9999 -9999 -9999 -9999 -9999 -9999 -9999 -9999 81344.3 80763.8 79773.8 79086 78301.7 77473.7 76639.5 75839.5 75039.5 74239.5 73439.5 72639.5 71839.5 71039.5 70239.5 69439.5 68639.5 67839.5 67039.5 66239.5
10847.7 11164.8 11496.2 11827.6 12158.9 12490.3 12821.7 13229.9 13953 14753 15553 16353 17153 17953 18753 19553 20353 21153 21953 22753 23553 24353 25153 25953 26753 27553 28353 29153 29953 30753 31553 32353 33153 33953 34753 35508.8 35905.2 -9999 -9999 -9999 -9999 -9999 -9999 -9999 -9999 -9999 -9999 -9999 -9999 -9999 -9999 -9999 -9999 -9999 -9999 -9999 82498.2 81772.2 80970.9 80170.9 79370.9 78570.9 77770.9 76970.9 76170.9 75370.9 74570.9 73770.9 72970.9 72170.9 71370.9 70570.9 69770.9 68970.9 68170.9 67370.9 66570.9
11336.9 11946.5 12296.2 12627.6 12958.9 13290.3 13621.7 13953 14361.3 15084.4 15884.4 16684.4 17484.4 18284.4 19084.4 19884.4 20684.4 21484.4 22284.4 23084.4 23884.4 24684.4 25484.4 26284.4 27084.4 27884.4 28684.4 29484.4 30284.4 31084.4 31884.4 32684.4 33484.4 34284.4 35025.5 35436.6 -9999 -9999 -9999 -9999 -9999 -9999 -9999 -9999 -9999 -9999 -9999 -9999 -9999 -9999 -9999 -9999 -9999 -9999 -9999 83437.4 82902.3 82102.3 81302.3 80502.3 79702.3 78902.3 78102.3 77302.3 76502.3 75702.3 74902.3 74102.3 73302.3 72502.3 71702.3 70902.3 70102.3 69302.3 68502.3 67702.3 66902.3
11671.9 12468.3 13077.9 13427.6 13758.9 14090.3 14421.7 14753 15084.4 15492.7 16215.8 17015.8 17815.8 18615.8 19415.8 20215.8 21015.8 21815.8 22615.8 23415.8 24215.8 25015.8 25815.8 26615.8 27415.8 28215.8 29015.8 29815.8 30615.8 31415.8 32215.8 33015.8 33815.8 34563.5 34920.8 -9999 -9999 -9999 -9999 -9999 -9999 -9999 -9999 -9999 -9999 -9999 -9999 -9999 -9999 -9999 -9999 -9999 -9999 -9999 -9999 83769 83233.7 82433.7 81633.7 80833.7 80033.7 79233.7 78433.7 77633.7 76833.7 76033.7 75233.7 74433.7 73633.7 72833.7 72033.7 71233.7 70433.7 69633.7 68833.7 68033.7 67233.7
