public/models/data/input/map/ntb/800/mapdroad.asc
NCOLS 484
NROWS 342
XLLCORNER 370313.940441
YLLCORNER 9266624.452423
CELLSIZE 800.000000
NODATA_VALUE       -9999
[rows 272 to 305 of 342, columns 231 to 307 of 484]
145.535 170.017 260.106 306.066 334.302 175.934 123.234 283.655 573.395 343.742 115.579 179.281 147.208 75.4902 260.531 150.176 174.529 55.0666 141.18 268.076 121.025 255.66 631.123 929.074 1330 1250 1417.69 1415.95 1325.92 1012.76 513.899 155.89 417.957 162.473 498.386 1131.19 -9999 -9999 -9999 -9999 -9999 -9999 -9999 -9999 -9999 -9999 -9999 -9999 -9999 -9999 -9999 -9999 -9999 -9999 -9999 -9999 -9999 -9999 -9999 -9999 -9999 -9999 -9999 -9999 -9999 -9999 -9999 -9999 -9999 -9999 -9999 -9999 -9999 -9999 -9999 -9999 -9999
128.837 223.234 497.958 77.6999 72.3652 166.18 303.699 228.098 99.6859 356.732 421.507 84.44 199.215 143.658 130.354 175.888 77.8109 132.406 428.894 135.734 344.788 312.622 95.6456 556.602 625.984 450 549.382 537.5 542.711 257.687 171.469 499.911 953.335 529.293 204.386 1012.13 -9999 -9999 -9999 -9999 -9999 -9999 -9999 -9999 -9999 -9999 -9999 -9999 -9999 -9999 -9999 -9999 -9999 -9999 -9999 -9999 -9999 -9999 -9999 -9999 -9999 3017.77 2515 1775.7 1289.03 1213.27 1139.95 -9999 -9999 -9999 -9999 -9999 -9999 -9999 -9999 -9999 -9999
124.908 123.392 177.432 169.841 433.119 288.342 126.091 229.438 161.918 461.282 326.064 177.183 233.1 141.938 161.068 173.254 75.4902 238.925 200.934 95.8027 104.484 218.409 92.4096 194.083 129.059 294.37 209.348 221.386 201.294 349.391 528.848 694.715 701.777 665.98 365.309 -9999 -9999 -9999 -9999 -9999 -9999 -9999 -9999 -9999 -9999 -9999 -9999 -9999 -9999 -9999 -9999 -9999 -9999 -9999 -9999 -9999 -9999 -9999 -9999 -9999 -9999 -9999 2046.75 1378.69 646.231 512.348 1128.36 -9999 -9999 -9999 -9999 -9999 -9999 -9999 -9999 -9999 -9999
236.983 149.954 137.408 267.827 406.02 295.056 149.261 538.936 493.29 177.765 287.982 179.818 518.734 116.069 73.0124 110.087 53.236 220.063 66.6513 95.2665 176.693 171.672 405.844 156.38 85.2443 396.247 540.328 702.466 749.157 220.665 94.9984 163.12 169.684 180.53 308.265 1251.15 2357.11 3022 3577.82 -9999 -9999 -9999 -9999 -9999 -9999 -9999 -9999 -9999 -9999 -9999 -9999 -9999 -9999 -9999 -9999 -9999 -9999 -9999 -9999 -9999 -9999 -9999 2113.91 1489.6 563.761 138.798 218.773 419.75 903.716 1186.2 -9999 -9999 -9999 -9999 -9999 -9999 -9999
499.318 352.11 196.894 215.533 171.802 60.4013 98.5025 93.2789 348.273 127.118 244.795 174.169 150.176 161.225 147.051 223.901 305.706 68.861 102.164 164.461 108.257 102.654 366.145 116.716 195.175 125.444 233.054 583.018 891 363.898 130.622 158.479 254.615 139.185 638.654 1372.64 2270.67 2945.32 3412.83 -9999 -9999 -9999 -9999 -9999 -9999 -9999 -9999 -9999 -9999 -9999 -9999 -9999 -9999 -9999 -9999 -9999 -9999 -9999 -9999 -9999 -9999 -9999 -9999 -9999 1037.06 732.147 372.552 78.079 490.183 997.487 -9999 -9999 -9999 -9999 -9999 -9999 -9999
775.551 442.689 233.563 189.775 234.662 125.333 225.62 75.8693 92.0305 162.473 206.066 193.547 190.108 243.298 247.449 236.401 282.111 173.234 290.977 180.779 444.971 375.815 64.5527 227.137 323.162 218.39 105.668 167.521 839.905 632.502 196.737 296.017 351.574 66.2683 -9999 -9999 -9999 -9999 -9999 -9999 -9999 -9999 -9999 -9999 -9999 -9999 -9999 -9999 -9999 -9999 -9999 -9999 -9999 -9999 -9999 -9999 -9999 -9999 -9999 -9999 -9999 -9999 -9999 -9999 -9999 1425.4 731.823 162.205 301.463 -9999 -9999 -9999 -9999 -9999 -9999 -9999 -9999
538.499 95.4235 124.418 80.9359 101.896 150.777 208.322 262.584 550.214 141.337 329.791 250.176 170.914 296.136 177.922 573.422 299.659 186.983 566.701 636.883 747.943 212.741 192.965 107.073 255.373 568.631 154.975 139.507 756.066 921.61 231.935 169.481 164.951 71.875 -9999 -9999 -9999 -9999 -9999 -9999 -9999 -9999 -9999 -9999 -9999 -9999 -9999 -9999 -9999 -9999 -9999 -9999 -9999 -9999 -9999 -9999 -9999 -9999 -9999 -9999 -9999 -9999 -9999 3200.75 2676.4 1845.64 1192.85 184.723 191.23 -9999 -9999 -9999 -9999 -9999 -9999 -9999 -9999
177.876 142.854 97.3652 132.184 173.836 350.306 480.373 727.01 774.456 114.396 105.446 309.524 631.716 628.488 159.976 651.359 1038.36 896.599 1159.04 1013.56 420.5 77.3207 111.65 60.5124 139.84 441.034 150.444 82.0082 475.371 704.496 183.59 472.717 428.496 132.073 185.355 -9999 -9999 -9999 -9999 -9999 -9999 -9999 -9999 -9999 -9999 -9999 -9999 -9999 -9999 -9999 -9999 -9999 -9999 -9999 -9999 -9999 -9999 -9999 -9999 -9999 -9999 -9999 -9999 3704.44 2960.57 2291.66 1807.69 302.134 168.597 367.218 -9999 -9999 -9999 -9999 -9999 -9999 -9999
130.89 172.966 127.543 76.5165 168.88 260.819 849.413 1288.74 794.059 169.259 164.239 804.458 1073.22 403.829 353.339 859.278 1592.96 1669.14 1356.9 705.457 121.672 67.6777 92.5206 146.672 442.754 162.963 113.212 109.976 100.49 149.372 83.8388 542.911 307.537 241.147 309.637 -9999 1778.98 -9999 -9999 -9999 -9999 -9999 -9999 -9999 -9999 -9999 -9999 -9999 -9999 -9999 -9999 -9999 -9999 -9999 -9999 -9999 -9999 -9999 -9999 -9999 -9999 -9999 4837.37 4148.35 3599.14 -9999 -9999 890.747 225.019 303.329 -9999 -9999 -9999 -9999 -9999 216.236 105.699
69.7763 62.343 89.0165 331.843 172.541 120.6 486.891 956.513 608.942 80.5568 380.3 1088.25 1450.86 1058.73 1132.84 1467.07 1988.24 1908.25 1112.13 357.425 116.984 90.0428 159.015 260.642 388.898 262.446 72.0971 51.6735 83.1456 301.49 165.598 167.697 167.651 237.473 469.13 1089.75 -9999 -9999 -9999 -9999 -9999 -9999 -9999 -9999 -9999 -9999 -9999 -9999 -9999 -9999 -9999 -9999 -9999 -9999 -9999 -9999 -9999 -9999 -9999 -9999 -9999 -9999 4789.78 4553.44 -9999 -9999 1432.84 937.587 239.507 415.602 -9999 -9999 -9999 141.149 82.1193 166.069 82.2303
68.593 91.7624 286.485 829.499 540.739 329.818 242.743 746.859 858.509 206.066 273.947 886.894 1597.14 1836.63 1932.84 2260.66 2515.29 2021.23 1221.23 452.711 179.327 529.274 144.259 431.15 349.743 102.543 72.4762 209.681 54.1513 111.003 113.212 431.242 649.54 268.88 655.484 1082.01 -9999 -9999 -9999 -9999 -9999 -9999 -9999 -9999 -9999 -9999 -9999 -9999 -9999 -9999 -9999 -9999 -9999 -9999 -9999 -9999 -9999 -9999 -9999 -9999 -9999 -9999 -9999 -9999 -9999 2086.4 1482.23 746.859 214.513 172.319 500 -9999 -9999 294.15 120.489 82.0083 143.011
92.4096 149.418 176.628 893.991 1268.26 1121.6 970.711 1228.95 1080.74 337.067 76.7846 575.888 1375.89 2126.6 2686.29 3020.05 2890.5 2136.4 1336.4 646.231 581.613 661.699 377.378 678.128 131.805 250.241 108.414 149.215 290.395 128.791 202.627 774.367 1178.71 823.311 487.89 326.899 -9999 -9999 -9999 -9999 -9999 -9999 -9999 -9999 -9999 -9999 -9999 -9999 -9999 -9999 -9999 -9999 -9999 -9999 -9999 -9999 -9999 -9999 -9999 -9999 -9999 -9999 -9999 -9999 -9999 2411.28 1837.52 1216.88 886.959 1232.84 -9999 -9999 99.6489 328.37 630.855 466.578 529.875
129.373 89.9318 299.123 1027.67 1777.62 1921.6 1770.71 1755.67 1027.67 271.645 270.286 727.01 1494.97 2294.36 3118.48 3755.08 3264.03 2467.77 1777.6 1394.97 1300.53 1110.77 921.488 859.102 282.379 147.966 123.882 136.336 186.493 109.597 62.611 452.795 1020.27 1158.4 416.421 115.952 -9999 -9999 -9999 -9999 -9999 -9999 -9999 -9999 -9999 -9999 -9999 -9999 -9999 -9999 2240.85 2171.32 -9999 -9999 -9999 -9999 -9999 -9999 -9999 -9999 -9999 -9999 -9999 -9999 -9999 2630.49 2359.19 1565.69 1445.71 1507.84 -9999 28.2833 71.0708 142.142 200.777 180.4 387.446
374.234 63.2583 395.592 1085.18 1735.93 2195.19 2467.7 2143.12 1363.82 807.789 813.281 1323.63 1858.38 2626.35 3426.35 4103.64 3599.14 2908.97 2482.11 1933.35 1243.05 615.176 322.855 493.918 277.784 533.666 374.372 687.143 731.659 347.024 66.9194 80.9359 541.996 1104.82 588.564 58.8388 -9999 -9999 -9999 -9999 -9999 -9999 -9999 -9999 -9999 -9999 -9999 -9999 -9999 1152.27 1834.55 1655.35 1072.63 1056.83 1305.21 -9999 -9999 -9999 -9999 -9999 -9999 -9999 -9999 -9999 -9999 -9999 -9999 -9999 -9999 -9999 31.5666 99.0387 159.015 102.811 449.234 737.936 933.62
694.059 415.1 152.987 606.475 1093.06 1625.97 2158.76 2428.86 1940.45 1541.45 1590.09 1944.65 2455 2989.75 3757.72 4430.2 3948.33 3276.89 2501.78 1701.78 901.777 210.374 383.609 752.492 932.038 1204 1138.81 795.871 295.416 184.773 47.2541 114.886 205.595 504.588 396.672 76.7259 461.631 258.088 -9999 -9999 -9999 -9999 -9999 -9999 -9999 -9999 -9999 -9999 196.987 736.504 1512.06 1294.97 552.638 369.722 984.585 1488.89 -9999 -9999 -9999 -9999 -9999 -9999 -9999 -9999 -9999 -9999 -9999 1048.72 624.264 0 84.8652 118.214 95.8027 163.12 712.92 964.139 723.671
1378.73 1018.25 431.835 147.966 497.84 1027.38 1707.96 2447.94 2701.75 2468.18 2408.72 2726.35 3076.02 3586.37 4121.12 4506.87 3799.14 3012.12 2362.77 1733.75 959.646 327.424 734.294 1416.32 1717.45 1977.54 1624.86 868.431 461.891 154.17 117.142 247.966 158.701 174.64 140.625 131.408 136.65 25 -9999 -9999 -9999 -9999 -9999 -9999 1831.17 1745.67 -9999 -9999 105.4 708.896 1056.63 1094.99 521.147 164.202 652.853 1241.42 -9999 1310.66 -9999 -9999 -9999 -9999 -9999 -9999 -9999 -9999 1478.33 977.571 288.89 90.8905 72.0971 103.347 99.3068 133.1 284.237 246.58 179.818
1954.92 1517.21 790.008 165.958 150.019 576.585 1336.4 2136.4 2916.57 3175.24 3194.97 3526.35 3857.72 4207.39 4482.87 4088.27 3464.77 2667.77 1882.55 1328.12 1056.34 1000.6 1237.54 1700.9 1884.62 2192.04 1989.13 1518.77 1090.66 528.228 90.8471 326.555 122.698 488.491 814.886 795.489 316.245 238.534 63.7944 -9999 -9999 -9999 -9999 -9999 -9999 1327.82 -9999 -9999 80.8312 184.819 333.471 542.968 183.211 58.3333 -9999 -9999 -9999 1074.9 538.564 742.803 1049.26 -9999 -9999 -9999 -9999 -9999 -9999 682.843 403.223 110.623 189.036 142.096 131.112 121.783 148.568 357.851 392.264
1360.36 1435.73 821.867 156.851 83.4137 435.995 1227.67 2012.61 2678.04 3380.79 3929.94 4325.92 4657.72 4844.11 4281.98 3500.29 2956.9 2333.4 1536.4 751.179 406.954 1057.59 1471.53 1139.14 1095.89 1575.54 2101.88 1824.86 1289.05 525.076 90.1999 90.1999 194.684 330.465 1068.4 892.199 186.382 149.64 170.029 835.303 1297.49 -9999 -9999 67.6777 175.888 949.484 1075.77 373.346 240.207 403.071 126.313 174.104 425.965 200.09 595.833 718.566 1327.97 817.272 118.183 219.774 776.777 1145.71 -9999 -9999 -9999 -9999 251.184 320.801 239.434 149.326 161.447 148.503 133.257 243.991 109.283 134.551 98.2345
560.355 749.521 637.381 104.373 354.477 802.622 1270.64 1661.81 2271.43 3067.77 3867.77 4655.85 5225.56 4750.61 3950.61 3150.61 2368.92 1831.44 1269.55 496.626 225.287 814.369 759.627 398.958 465.793 1232.84 1638.43 1095.97 741.72 285.688 112.297 85.1333 178.994 400.758 690.85 374.854 131.916 203.856 271.599 597.644 932.587 -9999 -9999 346.434 191.762 825.481 902.072 233.257 181.491 162.676 424.291 820.289 973.693 470.454 140.385 422.928 965.536 763.833 162.661 432.483 786.757 1159.62 -9999 -9999 -9999 388.562 518.123 284.413 104.105 196.691 141.291 121.672 304.078 629.005 155.354 105.021 86.6498
138.48 156.694 328.561 110.892 131.472 465.479 562.419 1140.06 1936.4 2736.4 3536.4 4336.4 4977.82 4419.24 3619.24 2819.24 2019.24 1237.54 731.058 395.102 116.716 209.662 178.301 278.45 689.234 1377.11 1397.09 605.438 166.402 87.7221 133.682 94.8874 94.7303 154.216 142.05 301.287 155.243 104.373 173.031 185.374 811.266 -9999 1023.3 647.207 194.083 421.867 277.654 106.047 235.374 574.605 1049.63 1302.25 739.946 177.137 128.569 161.128 300.464 457.824 157.4 482.843 -9999 -9999 1974.26 -9999 924.264 270.317 150.176 147.365 273.077 441.82 573.2 277.627 304.013 556.104 167.808 102.21 88.5263
156.962 159.976 64.5527 52.968 82.4984 151.85 307.425 1014.54 1808.73 2608.73 3408.73 4208.73 4825.7 4243.2 3443.2 2643.2 1843.2 1043.2 349.345 241.938 576.363 565.533 756.066 997.721 1385.67 1766.23 1332.84 543.447 155.668 127.654 84.9762 64.5527 78.9943 179.281 515.471 611.033 168.187 500.214 617.088 539.323 798.532 362.132 547.424 457.073 148.771 145.914 161.872 115.154 168.455 354.032 919.393 830.82 344.749 76.1374 387.806 202.987 334.792 117.096 226.465 795.245 1214.32 1430.23 -9999 811.396 613.55 729.449 737.243 373.522 134.662 225.038 238.879 156.537 202.765 203.458 117.632 169.194 286.669
84.218 79.2624 74.5749 99.797 103.948 76.4055 231.242 861.477 1658.73 2458.73 3258.73 4058.73 4818.41 4543.5 3743.5 2943.5 2143.5 1420.39 1027.67 981.066 1269.27 1365.53 1556.07 1794.97 2129.09 2298.44 1611.23 1045.55 868.03 556.881 449.142 190.33 73.0124 102.922 322.07 230.04 184.283 246.312 280.955 194.083 200 181.842 230.622 152.811 146.783 461.217 142.854 245.109 204.281 106.74 290.33 185.8 101.137 53.5041 120.646 115.736 195.6 133.257 174.326 269.029 792.462 1004.79 364.91 588.917 248.162 471.415 964.878 320.24 132.943 152.072 100.758 176.85 272.855 454.921 394.075 159.394 323.227
111.65 139.729 80.2887 45.0444 105.289 74.1958 110.512 765.533 1565.53 2365.53 3165.53 3965.53 4765.53 4870.02 4074.87 3274.87 2551.76 2143.5 1827.67 1781.07 2058.88 2165.53 2356.07 2594.97 2924.36 2736.58 2176.92 1836.24 1518.46 1066.32 729.737 212.963 330.752 487.752 162.316 300.666 468.769 504.994 470.979 582.602 608.184 594.121 414.48 96.2928 105.668 246.377 115.958 193.214 208.414 167.05 138.591 180.53 120.535 180.021 131.269 112.186 204.346 228.81 311.382 198.836 251.823 470.221 255.243 437.325 401.85 259.191 781.958 447.284 190.154 43.861 168.658 199.104 198.3 123.28 153.255 337.695 771.399
126.202 90.1999 81.8512 99.954 55.0666 103.68 463.798 1051.27 1819.24 2619.24 3419.24 4219.24 5019.24 5195.37 4406.25 3683.13 3274.87 2943.5 2627.67 2581.07 2858.88 2965.53 3156.07 3394.97 3647.75 3299.98 2832.38 2181.18 1394.97 627.01 199.705 249.345 871.602 1059.62 476.815 183.257 504.764 962.235 1024.28 484.727 223.522 149.372 206.38 340.617 94.8414 201.536 190.801 195.868 236.29 278.477 112.454 159.015 191.984 106.694 106.315 126.582 187.27 623.422 569.853 126.582 85.2443 105.511 211.428 225 207.766 109.329 246.201 100.712 73.9277 111.16 61.0485 77.3208 55.4458 67.2985 195.933 665.544 1300.28
93.704 87.9902 87.1859 282.517 395.795 698.322 1105.69 1593.87 2182.65 2950.61 3750.61 4550.61 5350.61 5526.74 4814.5 4406.25 4074.87 3743.5 3427.67 3381.07 3658.88 3765.53 3956.07 4194.97 4375.19 3829.91 3036.4 2236.4 1436.4 713.281 572.709 896.112 1287.56 932.843 250.907 308.961 161.826 372.338 555.855 377.719 266.115 243.926 335.236 186.244 135.087 130.243 85.5124 371.664 121.182 156.916 106.962 319.833 95.3775 119.998 195.175 93.0568 269.01 180.511 123.771 283.479 154.373 254.346 574.326 662.262 384.719 163.925 259.237 94.5083 142.299 196.626 61.6958 67.6777 88.2583 125.444 398.449 853.093 1577.82
113.591 224.28 449.678 644.021 1158.4 1462.27 1828.56 2237.06 2725.25 3314.02 4081.98 4881.98 5681.98 5935 5537.62 5206.24 4874.87 4543.5 4227.67 4181.07 4458.88 4565.53 4756.07 4994.97 4941.56 4167.77 3367.77 2567.77 1844.65 1436.4 1358.73 1687.28 1842.46 1211.92 802.979 590.295 221.515 147.809 124.529 143.436 285.708 121.025 119.73 245.933 359.302 201.267 137.029 436.263 195.063 429.458 128.347 175.712 143.233 179.707 132.23 126.739 156.648 147.966 94.9984 231.935 111.539 110.401 130.132 160.754 113.748 194.462 82.6555 243.815 161.003 204.059 74.1958 65.468 60.4013 361.485 1035.44 1516.16 1984.46
235.171 495.37 1125.44 1336.4 1763.55 2254.45 2593.64 2959.93 3368.43 3856.62 4445.39 5213.35 6013.35 6583.44 6337.62 6006.24 5674.87 5343.5 5027.67 4981.07 5258.88 5365.53 5556.07 5757.56 5299.14 4499.14 3699.14 2976.02 2567.77 2236.4 2158.73 2482.94 2331.77 1825.38 1171.8 379.17 86.3166 74.5749 84.0609 147.208 113.48 117.678 334.061 152.922 173.123 92.6317 296.044 238.055 266.643 79.2624 120.757 303.339 149.64 159.348 511.818 276.693 109.708 280.105 177.497 100.222 144.684 156.916 157.295 100.869 124.418 137.029 180.419 264.526 126.313 125.712 138.212 56.361 50.111 350.214 1132.84 1927.7 2610.94
166.337 660.355 1454.11 2080 2467.77 2894.92 3385.82 3725.01 4091.3 4499.8 4987.99 5576.76 6344.72 7111.71 7137.62 6806.24 6474.87 6143.5 5827.67 5781.07 6058.88 6165.53 6356.07 6352.16 5630.51 4830.51 4107.39 3699.14 3367.77 3036.4 2958.73 3064.44 2424.36 1698.9 1184.32 632.613 395.619 203.588 243.252 108.904 316.892 187.362 450.593 172.449 369.094 258.165 102.543 108.793 110.198 118.926 111.271 104.753 380.679 508.184 930.831 620.603 338.721 132.721 226.647 131.629 168.658 301.574 190.82 70.6916 316.513 140.2 153.837 116.873 206.713 147.476 44.7763 106.583 106.74 467.873 1262.13 2062.13 2861.55
199.751 881.782 1677.82 2477.82 3195.28 3599.14 4026.29 4517.19 4856.38 5222.67 5631.17 6119.36 6708.13 7476.09 7907.49 7606.24 7274.87 6943.5 6627.67 6581.07 6858.88 6965.53 7143.06 6760.7 5961.88 5238.76 4783.61 4291.03 3924.87 3593.5 3341.1 2880 2094.97 1294.97 571.859 237.806 102.275 101.628 139.997 107.878 499.364 208.46 195.175 332.399 171.09 136.493 263.591 276.509 169.148 290.33 322.384 420.083 955.073 1301.08 1555.46 1320.12 864.973 650.011 389.304 391.264 375.999 185.439 175.084 97.4762 155.733 153.19 238.074 323.004 649.402 183.969 98.0124 48.1694 75.7583 362.186 1160.36 1960.36 2760.36
656.716 1231.9 2012.49 2809.19 3609.19 4326.65 4730.51 5157.66 5648.56 5987.75 6354.04 6762.54 7250.73 7839.5 8516.52 8406.25 8074.87 7743.5 7427.67 7381.07 7658.88 7765.53 7746.33 7042.43 6252.42 5545.01 4764.82 3967.57 3319.51 2950.61 2619.24 2395.21 2050 1253.55 487.909 138.212 134.597 281.732 178.412 149.64 131.694 141.494 300.417 157.832 106.962 219.037 323.901 584.359 100.98 148.234 402.6 1068.64 1520.39 2026.76 2333.15 1995.47 1636.4 1417.83 1146.19 595.297 275 352.692 144.259 201.221 193.566 175.823 300.038 920.362 901.25 343.862 406.602 197.717 401.601 571.859 1294.97 2094.97 2811.01
1436.4 1788.09 2363.27 3143.86 3940.56 4740.56 5458.02 5861.88 6289.03 6779.93 7119.12 7485.41 7893.91 8382.1 8968.62 9200.74 8874.87 8543.5 8227.67 8181.07 8453.57 8322.97 7633.45 6833.45 6033.45 5233.45 4433.45 3633.45 2836.2 2188.14 1819.24 1617.31 1795.23 1294.97 571.859 259.57 371.959 120.646 313.721 323.476 185.957 388.879 122.051 225.555 174.575 400.417 187.094 543.78 129.327 393.964 1004.9 1492.08 2192.25 2651.76 3020.85 2767.77 2436.4 2207.11 1708.75 1237.31 1050 905.82 737.4 854.737 686.707 221.09 749.161 1349.01 1424.96 1053.04 480.124 223.614 922.763 1293.21 1703.23 2341.04 2353.5
2234.01 2561.7 2913.39 3471.4 4192.08 4987.03 5643.32 6049.38 6418.28 7070.41 7747.37 8234.92 8616.78 9025.28 9513.47 9918.12 9674.87 9343.5 9027.66 8947.26 8834.12 8102.08 7302.08 6502.08 5702.08 4902.08 4102.08 3302.08 2502.08 1704.83 1056.77 817.31 1211.92 1615.92 1294.97 1017.31 859.294 173.836 164.775 173.882 238.323 542.31 123.077 266.218 232.878 466.467 136.003 201.379 108.414 383.268 1095.89 1851.57 2549.28 3291.06 3731.84 3567.77 3235.93 2820.65 2368.68 2036.4 1850 1677.82 1537.13 1594.66 1137.54 812.132 1137.54 1828.28 1905.13 1225.46 443.003 247.56 836.691 1517.08 2072.06 1884.7 1555.64
2170.71 2419.24 2750.61 3191.82 3938.51 4572.79 4930.51 5299.41 5947.47 6744.72 7544.72 8344.72 9090.86 9688.58 10155 10412.2 9860.53 9342.49 9007.46 8676.09 8334.27 7779.71 7001.78 6201.78 5401.78 4601.78 3801.78 3001.78 2201.78 1401.78 604.523 243.409 932.843 1728.22 2068.99 1690.36 1153.48 438.242 150.176 220.332 165.108 203.255 228.144 170.109 160.846 459.857 227.516 299.483 390.127 267.965 981.066 1781.07 2581.07 3381.07 4168.26 4363.55 3938.34 3500.05 3167.77 2836.4 2650 2477.82 2337.13 2225.82 1860.66 1593.33 1650.3 1806.93 1416.37 1029.53 760.045 185.42 490.774 1242.35 1508.58 1115.82 758.195
1370.71 1619.24 2060.44 2807.14 3441.42 3799.14 4168.04 4816.1 5613.35 6413.35 7213.35 8013.35 8813.35 9613.35 10345.7 10038 9446.38 8730.46 8211.13 7876.09 7544.72 7213.06 6802.36 6140.9 5343.57 4543.57 3743.57 2943.57 2143.57 1343.57 544.37 238.859 995.711 1792.24 2242.92 1536.4 781.579 222.024 269.102 120.489 173.411 148.457 505.032 238.545 393.585 281.288 125.444 532.529 988.92 844.113 1292.7 2060.66 2860.66 3660.66 4460.66 4983.59 4631.42 4299.14 3967.77 3636.4 3450 3277.82 3132.89 2867.86 2226.68 1494.76 1058.73 1095.13 970.714 336.263 653.626 305.013 276.777 735.635 769.734 398.154 101.344
