public/models/data/input/map/ntb/800/mapdroad.asc
NCOLS 484
NROWS 342
XLLCORNER 370313.940441
YLLCORNER 9266624.452423
CELLSIZE 800.000000
NODATA_VALUE       -9999
[rows 238 to 271 of 342, columns 0 to 76 of 484]
-9999 -9999 -9999 -9999 -9999 -9999 -9999 -9999 -9999 -9999 -9999 -9999 -9999 -9999 -9999 -9999 -9999 -9999 -9999 -9999 -9999 -9999 -9999 -9999 -9999 -9999 -9999 -9999 0 0 0 -9999 33.3333 -9999 -9999 -9999 -9999 -9999 66.1152 84.8498 -9999 11.9792 31.25 70.1555 41.9194 23.4375 42.5666 67.0305 61.4277 47.5222 67.0305 91.4943 561.42 984.148 1180.54 651.306 111.65 331.483 137.63 201.647 801.661 1405.51 1734.75 1812.13 1936.4 2271.43 2789.52 3384.49 3924.55 4701.92 5306.21 5635.23 5276.64 4476.78 3676.78 2876.78 2076.78
-9999 -9999 -9999 -9999 -9999 -9999 -9999 -9999 -9999 -9999 -9999 -9999 -9999 -9999 -9999 -9999 -9999 -9999 -9999 -9999 -9999 -9999 -9999 -9999 -9999 -9999 -9999 -9999 -9999 -9999 -9999 -9999 -9999 -9999 -9999 -9999 -9999 -9999 15.1042 31.25 48.4222 37.4847 67.0305 73.5485 60.6694 37.2319 53.5041 66.4943 48.1694 67.2985 65.736 84.7081 195.397 832.843 1020.34 302.581 172.541 131.001 311.531 68.593 350.371 1117.31 1913.32 2506.51 2736.4 3067.77 3402.8 3920.89 4515.86 5055.92 5833.29 6214.86 5518.2 4718.2 3918.2 3118.2 2318.2
-9999 -9999 -9999 -9999 -9999 -9999 -9999 -9999 -9999 -9999 -9999 -9999 -9999 -9999 -9999 -9999 -9999 -9999 -9999 -9999 -9999 -9999 -9999 -9999 -9999 -9999 -9999 -9999 -9999 -9999 -9999 -9999 -9999 -9999 -9999 -9999 -9999 -9999 62.5 55.7138 112.787 38.7944 60.6694 86.6957 73.9277 51.0263 89.2846 56.6291 43.4819 83.8388 83.6818 129.059 642.884 1193.07 1136.2 541.609 153.523 141.984 190.376 177.765 509.987 1258.73 2058.73 2857.17 3504.36 3867.77 4199.14 4534.17 5052.26 5647.24 6187.29 6557.23 5819.98 5019.98 4219.98 3419.97 2619.97
-9999 -9999 -9999 -9999 -9999 -9999 -9999 -9999 -9999 -9999 -9999 -9999 -9999 -9999 -9999 -9999 -9999 -9999 -9999 -9999 -9999 -9999 -9999 -9999 -9999 -9999 -9999 -9999 -9999 -9999 -9999 -9999 -9999 -9999 -9999 -9999 -9999 -9999 300 154.149 64.8207 115.579 39.0625 84.486 45.6916 57.5444 101.517 55.0666 56.361 65.1999 145.443 561.014 1093.77 1488.54 828.58 208.387 174.594 111.493 211.604 232.138 935.386 1462.15 2159.43 2900.19 3641.34 4382.61 4945.41 5330.51 5665.54 6183.63 6778.61 6896.85 6143.5 5343.5 4543.5 3743.5 2946.63
-9999 -9999 -9999 -9999 -9999 -9999 -9999 -9999 -9999 -9999 -9999 -9999 -9999 -9999 -9999 -9999 -9999 -9999 -9999 -9999 -9999 -9999 -9999 -9999 -9999 -9999 -9999 -9999 -9999 -9999 -9999 -9999 -9999 -9999 -9999 -9999 -9999 -9999 45.4759 95.3775 51.9416 115.043 62.8791 124.261 64.4416 89.2846 79.5305 64.8208 67.0305 108.257 70.5346 493.336 925.474 1090.98 621.629 121.404 81.204 80.9359 301.98 158.636 500.482 1045.08 1776.53 2510.1 3309.19 4109.19 4909.19 5692.88 6335.82 6790.23 7315 7274.09 6474.87 5674.87 4874.87 4074.87 3341.38
-9999 -9999 -9999 -9999 -9999 -9999 -9999 -9999 -9999 -9999 -9999 -9999 -9999 -9999 -9999 -9999 -9999 -9999 -9999 -9999 -9999 -9999 -9999 -9999 -9999 -9999 -9999 -9999 -9999 -9999 -9999 -9999 -9999 -9999 -9999 -9999 234.417 419.358 103.837 77.8109 66.7624 65.468 76.4055 113.258 75.6472 113.101 73.5485 78.3471 80.1777 71.4499 119.841 227.719 237.917 341.421 189.748 155.04 161.826 114.35 205.936 145.711 160.688 657.743 1378.73 2177.82 2977.82 3777.82 4577.82 5377.82 6177.82 6976.09 7696.38 7605.96 6806.25 6006.25 5206.25 4405.13 3726.75
-9999 -9999 -9999 -9999 -9999 -9999 -9999 -9999 -9999 -9999 -9999 -9999 -9999 -9999 -9999 -9999 -9999 -9999 -9999 -9999 -9999 -9999 -9999 -9999 -9999 -9999 -9999 -9999 -9999 -9999 -9999 -9999 64.0574 101.607 55.7036 64.8054 166.559 110.892 52.968 97.8553 104.105 156.112 64.7097 86.6958 108.414 71.986 179.438 87.7221 61.0485 70.1555 127.275 399.789 253.32 195.129 369.481 643.014 244.213 262.113 117.789 78.079 197.208 465.793 1232.84 2032.84 2832.84 3632.84 4432.84 5232.84 6032.84 6832.84 7632.84 7909.63 7137.62 6337.62 5537.62 4828.25 4056.25
-9999 -9999 -9999 -9999 -9999 -9999 -9999 -9999 -9999 -9999 -9999 -9999 -9999 -9999 -9999 -9999 -9999 -9999 -9999 -9999 -9999 -9999 -9999 -9999 -9999 -9999 -9999 -9999 -9999 -9999 -9999 16.6667 204.438 398.947 140.154 133.525 423.966 85.1333 174.039 154.105 78.7262 145.332 134.172 84.8652 185.8 87.611 125.176 100.869 143.815 86.3166 218.455 316.912 288.212 134.283 689.055 1165.83 838.085 470.278 257.36 437.928 856.069 1095.89 1575.54 2343.5 3143.5 3943.5 4743.5 5543.5 6343.5 7143.5 7943.5 8237.62 7468.99 6668.99 5945.87 5599.78 -9999
-9999 -9999 -9999 -9999 -9999 -9999 -9999 -9999 -9999 -9999 -9999 -9999 -9999 -9999 -9999 -9999 -9999 -9999 -9999 -9999 -9999 -9999 -9999 -9999 -9999 -9999 -9999 -9999 -9999 -9999 68.75 19.2708 185.485 551.593 207.027 352.026 291.912 87.8331 428.404 200.444 219.573 182.675 308.701 72.2541 75.3791 131.537 159.061 194.952 136.049 119.619 416.977 237.094 647.709 633.961 1057.32 1688.47 1527.58 1095.89 1001.78 1179.43 1564.68 1894.97 2227.26 2706.91 3474.87 4274.87 5074.87 5874.87 6674.87 7474.87 8274.87 8568.99 7800.36 7077.24 6661.41 6303.57 6451.22
-9999 -9999 -9999 -9999 -9999 -9999 -9999 -9999 -9999 -9999 -9999 -9999 -9999 -9999 -9999 -9999 -9999 -9999 -9999 -9999 -9999 -9999 -9999 -9999 -9999 -9999 -9999 -9999 -9999 -9999 120.833 84.0609 302.267 463.426 728.802 756.613 167.364 311.91 674.919 177.007 319.01 253.052 582.927 180.53 222.828 245.462 145.914 314.729 94.8874 235.708 290.885 768.447 1188.66 1427.67 1749.8 2182.28 2226.72 1894.97 1801.78 1977.82 2310.8 2675.99 3026.35 3358.63 3838.28 4606.24 5406.24 6206.24 7006.24 7799.34 8478.85 8761.68 8208.61 7800.36 7468.99 7139.09 6998.83
-9999 -9999 -9999 -9999 -9999 -9999 -9999 -9999 -9999 -9999 -9999 -9999 -9999 -9999 -9999 -9999 -9999 -9999 -9999 -9999 -9999 -9999 -9999 -9999 -9999 -9999 -9999 -9999 -9999 118.75 61.9536 104.753 381.039 990.425 1047.93 552.297 86.9178 341.107 555.725 187.316 522.192 406.954 961.063 765.138 853.676 818.615 454.81 544.742 105.557 552.11 746.859 1236.63 1870.05 2219.01 2543.5 2881.17 3015.78 2694.97 2601.78 2777.82 3109.19 3442.17 3807.36 4157.72 4490 4969.65 5737.62 6537.62 7164.35 7517.6 7850.61 8181.98 8457.77 8493.6 8267.69 7937.62 7589.99
-9999 -9999 -9999 -9999 -9999 -9999 -9999 -9999 -9999 -9999 -9999 -9999 -9999 -9999 -9999 -9999 -9999 -9999 -9999 -9999 -9999 -9999 -9999 -9999 -9999 -9999 -9999 -9999 -9999 87.6481 101.896 378.653 622.932 1045.57 716.774 112.787 238.833 147.587 505.901 826.815 1106.65 1143.2 1486.84 1557.5 1624.14 1469.81 1216.9 807.789 380.013 920.614 1496.95 1847.16 2368 2987.43 3343.5 3674.87 3809.19 3494.97 3401.78 3577.82 3909.19 4240.56 4573.54 4938.74 5289.09 5621.37 6101.02 6669.04 6543.2 6719.24 7050.61 7381.98 7713.35 8044.72 8363.56 8512.09 8370.78
-9999 -9999 -9999 -9999 -9999 -9999 -9999 -9999 -9999 -9999 -9999 -9999 -9999 -9999 -9999 -9999 -9999 -9999 -9999 -9999 -9999 -9999 -9999 -9999 -9999 -9999 -9999 -9999 100 95.5193 273.587 235.152 170.822 445.278 879.128 503.017 150.823 268.252 932.28 1535.48 1892.98 1943.2 2243.5 2350.15 2413.17 2260.66 1870.54 1373.47 1132.84 1434.12 2049.22 2619.74 2978.54 3498.37 4116.46 4474.87 4609.19 4294.97 4201.78 4377.82 4709.19 5040.56 5371.93 5704.91 6069.46 6327.52 6309.39 6043.5 5743.2 5919.24 6250.61 6581.98 6913.35 7244.72 7576.09 7913.15 8067.17
-9999 -9999 -9999 -9999 -9999 -9999 -9999 -9999 -9999 -9999 -9999 -9999 -9999 -9999 -9999 -9999 -9999 -9999 -9999 -9999 -9999 -9999 -9999 -9999 -9999 -9999 -9999 -9999 -9999 209.283 205.465 645.814 665.165 677.037 1189.75 892.895 237.094 430.327 1194.84 1990.72 2634.88 2743.2 3043.5 3150.15 3213.17 2994.93 2504.85 2160.66 1932.84 2202.08 2565.49 3180.59 3751.11 4109.91 4629.74 5247.84 5409.19 5094.97 5001.78 5177.82 5509.19 5840.56 6132.76 6200.95 6149.82 5906.25 5574.87 5243.5 4943.2 5119.24 5450.61 5781.98 6113.35 6444.72 6808.13 7181.13 7269.85
-9999 -9999 -9999 -9999 -9999 -9999 -9999 -9999 -9999 -9999 -9999 -9999 -9999 -9999 -9999 -9999 -9999 -9999 -9999 -9999 -9999 -9999 -9999 -9999 -9999 -9999 -9999 -9999 -9999 86.6498 316.912 713.216 1297.93 1427.39 1202.5 489.759 144.527 501.436 1263.91 2063.91 2728.52 3073.93 3398.83 3650.07 3885.89 3634.57 3292.03 2960.66 2732.84 3002.08 3333.45 3696.86 4311.96 4882.48 5241.28 5761.11 6187.13 5894.97 5801.78 5975.8 6194.47 6148.69 5867.77 5536.4 5357.56 5106.25 4774.87 4443.5 4143.2 4319.24 4650.61 4981.98 5313.35 5676.76 6297.26 6412.13 6469.85
-9999 -9999 -9999 -9999 -9999 -9999 -9999 -9999 -9999 -9999 -9999 -9999 -9999 -9999 -9999 -9999 -9999 -9999 -9999 -9999 -9999 -9999 -9999 -9999 -9999 -9999 -9999 -9999 -9999 55.7138 210.531 755.457 932.843 1300.9 892.31 194.795 188.388 838.124 1554.97 2214.98 2143.2 2319.24 2651.53 3123.89 3512.36 3707.76 3854.36 3626.19 3372.49 3610.66 3942.03 4273.4 4639.55 5273.96 5798.08 6134.17 6531.76 6578.21 6311.02 6051.36 5730.51 5399.14 5067.77 4736.4 4564.68 4306.25 3974.87 3643.5 3343.2 3519.24 3850.61 4181.98 4545.39 5197.11 5771.8 5612.13 5669.85
-9999 -9999 -9999 -9999 -9999 -9999 -9999 -9999 -9999 -9999 -9999 -9999 -9999 -9999 -9999 -9999 -9999 -9999 -9999 -9999 -9999 -9999 -9999 -9999 -9999 -9999 -9999 -9999 -9999 59.375 162.297 281.621 319.121 1014.47 817.18 145.109 164.082 580.744 1348.56 1650.49 1343.2 1520.15 1999.8 2584.3 2722.49 2919.24 3234.19 3102.08 2817.31 3019.24 3350.61 3685.64 4207.39 4829.05 5160.66 5492.03 5823.4 6103.95 5825.02 5293.92 4930.51 4599.14 4267.77 3936.4 3819.19 3589.41 3174.87 2843.5 2543.2 2719.24 3050.61 3414.02 4065.74 4858.98 5058.58 4812.13 4869.85
-9999 -9999 -9999 -9999 -9999 -9999 -9999 -9999 -9999 -9999 -9999 -9999 -9999 -9999 -9999 -9999 -9999 -9999 -9999 -9999 -9999 -9999 -9999 -9999 -9999 -9999 -9999 -9999 -9999 70.9661 99.5289 192.651 464.093 1025.54 592.386 134.44 326.509 256.621 995.779 1134.88 562.419 868.431 1566.24 1820.71 1922.49 2119.24 2435.1 2302.08 2017.31 2219.24 2554.27 3076.02 3845.79 4096.13 4360.66 4692.03 5023.4 5303.95 5094.97 4736.89 4162.54 3799.14 3467.77 3136.4 3027.67 3097.96 2459.08 2043.5 1743.2 1919.24 2282.65 2934.37 3733.45 4412.5 4260.66 4012.13 4075.73
-9999 -9999 -9999 -9999 -9999 -9999 -9999 -9999 -9999 -9999 -9999 -9999 -9999 -9999 -9999 -9999 -9999 -9999 -9999 -9999 -9999 -9999 -9999 -9999 -9999 -9999 -9999 -9999 -9999 91.1739 136.225 158.165 356.093 680.265 188.185 128.144 275.777 177.386 719.297 851.221 188.591 615.016 858.758 1020.71 1122.49 1325.65 1716.86 1513.98 1217.31 1422.9 1944.65 2726.35 3324.39 3296.6 3560.66 3892.03 4223.4 4508.96 4294.97 4191.94 3634.5 3031.17 2667.77 2336.4 2227.67 2505.18 2043.5 1327.71 943.198 1151.27 1803 2602.08 3402.08 3774.2 3460.66 3212.13 3388.53
-9999 -9999 -9999 -9999 -9999 -9999 -9999 -9999 -9999 -9999 -9999 -9999 -9999 -9999 -9999 -9999 -9999 -9999 -9999 -9999 -9999 -9999 -9999 -9999 -9999 -9999 -9999 -9999 -9999 100 49.5166 37.5 221.423 245.24 119.305 207.092 140.69 186.983 451.731 714.48 175.444 291.866 237.584 256.694 352.313 715.647 1031.91 871.529 432.87 813.281 1594.97 2337.1 2566.42 2496.6 2760.66 3092.03 3473.39 3793.7 3494.97 3475.24 3193.38 2503.13 1899.8 1536.4 1427.67 1752.66 1715.89 928.285 274.613 702.692 1501.78 2301.78 3043.59 2992.03 2660.66 2412.13 2659.86
-9999 -9999 -9999 -9999 -9999 -9999 -9999 -9999 -9999 -9999 -9999 -9999 -9999 -9999 -9999 -9999 -9999 -9999 -9999 -9999 -9999 -9999 -9999 -9999 -9999 -9999 -9999 -9999 -9999 -9999 341.421 50 94.6359 224.705 317.069 208.054 196.626 263.388 223.882 601.712 152.386 97.0971 183.904 82.9235 62.0749 346.201 268.566 313.944 145.757 742.088 1281.41 1648.73 1766.42 1696.6 1960.66 2343.29 2941.87 3016.36 2694.97 2694.97 2658.56 2062.01 1371.75 768.431 636.818 1186.97 1431.09 659.803 172.874 763.844 1498.18 2253.34 2806.06 2267.31 1860.66 1612.13 1860.66
-9999 -9999 -9999 -9999 -9999 -9999 -9999 -9999 -9999 -9999 -9999 -9999 -9999 -9999 -9999 -9999 -9999 -9999 -9999 -9999 -9999 -9999 -9999 -9999 -9999 -9999 -9999 -9999 -9999 -9999 -9999 -9999 60.3758 69.5083 326.444 132.609 107.767 154.864 194.508 404.772 125.712 124.797 136.271 88.2583 87.9902 60.1333 98.1234 54.5305 287.492 376.306 664.131 851.777 966.421 896.599 1211.92 1902.08 2311.92 2216.36 1894.97 1894.97 2071.06 1538.79 931.238 280.641 355.771 1046.25 1028.28 384.903 303.856 639.694 1186.97 1977.82 2475.81 1824.2 1135.94 812.132 1106.57
-9999 -9999 -9999 -9999 -9999 -9999 -9999 -9999 -9999 -9999 -9999 -9999 -9999 -9999 -9999 -9999 -9999 -9999 -9999 -9999 -9999 -9999 -9999 -9999 -9999 -9999 -9999 -9999 -9999 -9999 -9999 -9999 -9999 64.4735 385.125 80.1777 97.7443 72.9013 78.236 182.406 112.297 124.797 91.1152 76.0263 86.0485 78.236 89.9318 48.8166 246.312 77.6999 275.953 173.346 229.596 231.066 832.843 1553.48 1532.84 1426.91 1095.24 1095.89 1370.5 999.562 411.948 136.336 756.318 1184.09 563.503 113.702 278.209 226.137 955.178 1661.35 2015.77 1461.8 693.209 209.727 548.717
-9999 -9999 -9999 -9999 -9999 -9999 -9999 -9999 -9999 -9999 -9999 -9999 -9999 -9999 -9999 -9999 -9999 -9999 -9999 -9999 -9999 -9999 -9999 -9999 -9999 -9999 -9999 -9999 -9999 -9999 -9999 -9999 -9999 61.7111 101.739 132.008 145.646 71.3388 84.218 82.7665 83.9499 97.3652 71.0708 92.2985 59.1069 55.7138 90.1999 80.5568 155.89 126.137 195.868 135.957 271.691 524.402 978.021 997.165 736.504 661.561 327.757 477.979 880.709 364.074 126.961 224.751 968.604 1021.61 262.362 268.122 124.464 225 840.349 1001.78 1334.74 1069.53 348.384 350.482 291.984
-9999 -9999 -9999 -9999 -9999 -9999 -9999 -9999 -9999 -9999 -9999 -9999 -9999 -9999 -9999 -9999 -9999 -9999 -9999 -9999 -9999 -9999 -9999 -9999 -9999 -9999 -9999 -9999 -9999 -9999 -9999 -9999 -9999 240.533 132.073 213.813 72.7443 53.5041 125.176 101.137 124.196 142.632 86.5387 105.825 93.3249 136.225 80.8249 98.6596 164.239 136.65 336.964 353.542 168.926 493.566 635.267 345.841 266.088 118.769 235.328 372.514 264.526 170.017 138.925 338.491 923.758 645.105 135.577 145.868 128.994 123.928 266.8 278.856 895.806 687.754 169.141 579.965 244.225
-9999 -9999 -9999 -9999 -9999 -9999 -9999 -9999 -9999 -9999 -9999 -9999 -9999 -9999 -9999 -9999 -9999 -9999 -9999 -9999 -9999 -9999 -9999 -9999 -9999 -9999 -9999 -9999 -9999 -9999 -9999 -9999 -9999 0 96.1818 66.7624 92.0305 87.9902 87.0749 68.75 63.2583 93.2138 59.1069 73.0124 85.2443 91.2262 112.029 118.325 174.261 131.204 437.362 243.436 264.415 252.313 253.006 215.598 154.596 113.591 99.6859 86.6958 125.601 197.338 58.5708 148.077 613.668 205.863 94.7303 71.1818 95.1555 100.333 98.0124 130.668 540.035 297.379 -9999 -9999 35.9375
-9999 -9999 -9999 -9999 -9999 -9999 -9999 -9999 -9999 -9999 -9999 -9999 -9999 -9999 -9999 -9999 -9999 -9999 -9999 -9999 -9999 -9999 -9999 -9999 -9999 -9999 -9999 -9999 -9999 -9999 -9999 -9999 -9999 -9999 77.031 92.1415 97.2081 128.079 84.8652 141.984 73.9277 134.597 95.1555 98.3915 45.0444 142.475 157.184 86.0485 210.623 188.434 478.339 235.957 152.229 128.726 197.763 211.983 109.329 70.6916 87.343 98.6596 64.5527 159.616 118.547 93.0568 247.671 94.4623 107.609 72.3652 99.6859 140.644 88.7484 85.5124 158.858 301.899 -9999 95.7107 41.6667
-9999 -9999 -9999 -9999 -9999 -9999 -9999 -9999 -9999 -9999 -9999 -9999 -9999 -9999 -9999 -9999 -9999 -9999 -9999 -9999 -9999 -9999 -9999 -9999 -9999 -9999 -9999 -9999 -9999 -9999 -9999 -9999 -9999 -9999 37.2319 246.469 124.418 153.504 137.611 50.3791 88.9055 151.739 100.222 83.8388 90.3109 92.7887 104.91 100.758 119.619 229.013 99.5749 124.575 110.087 116.069 154.216 122.208 112.408 67.0305 153.569 71.4499 103.301 129.059 97.8553 60.6694 51.0263 165.709 85.6234 91.2262 123.771 170.063 146.672 61.6958 80.3751 -9999 -9999 31.587 51.0263
-9999 -9999 -9999 -9999 -9999 -9999 -9999 -9999 -9999 -9999 -9999 -9999 -9999 -9999 -9999 -9999 -9999 -9999 -9999 -9999 -9999 -9999 -9999 -9999 -9999 -9999 -9999 -9999 -9999 -9999 -9999 -9999 -9999 -9999 2.08333 77.4318 62.611 84.8652 48.8166 75.3791 117.9 96.1818 52.8569 77.5888 64.8208 98.1234 82.0083 194.841 124.307 289.147 138.48 134.819 110.892 70.6916 261.937 156.537 126.582 157.295 198.411 75.2221 125.176 68.861 87.454 50.7583 93.547 128.948 89.3956 129.975 131.805 114.017 64.8207 105.699 103.22 -9999 105.893 44.2708 45.6916
-9999 -9999 -9999 -9999 -9999 -9999 -9999 -9999 -9999 -9999 -9999 -9999 -9999 -9999 -9999 -9999 -9999 -9999 -9999 -9999 -9999 -9999 -9999 -9999 -9999 -9999 -9999 -9999 -9999 -9999 -9999 -9999 -9999 -9999 33.3027 6.25 47.2541 49.4638 68.861 62.343 145.063 154.818 54.5305 201.804 69.8874 74.5749 102.968 84.5971 103.994 167.9 152.164 56.6291 126.896 96.0708 191.023 159.551 69.2402 92.8998 72.4762 75.2221 113.48 71.1818 101.896 93.4359 139.35 75.2221 81.315 116.984 69.8874 41.2722 164.304 84.8498 37.5 195.803 76.011 92.7887 42.8347
-9999 -9999 -9999 -9999 -9999 -9999 -9999 -9999 -9999 -9999 -9999 -9999 -9999 -9999 -9999 -9999 -9999 -9999 -9999 -9999 -9999 -9999 -9999 -9999 -9999 -9999 -9999 -9999 -9999 -9999 -9999 -9999 -9999 -9999 50.4161 14.0625 18.75 17.1875 14.7097 10.9375 39.4416 32.8125 24.7319 139.239 52.5888 260.485 289.859 122.365 103.347 93.704 278.477 120.267 102.053 41.9194 171.737 169.24 124.686 78.3471 109.708 37.2319 56.361 122.051 174.686 294.703 137.741 90.9581 124.908 141.069 62.611 127.432 140.154 72.2388 55.8721 69.3142 72.3652 62.8791 57.5444
-9999 -9999 -9999 -9999 -9999 -9999 -9999 -9999 -9999 -9999 -9999 -9999 -9999 -9999 -9999 -9999 -9999 -9999 -9999 -9999 -9999 -9999 -9999 -9999 -9999 -9999 -9999 -9999 -9999 -9999 -9999 -9999 -9999 -9999 71.3388 61.6958 12.5 14.0625 12.5 10.9375 3.125 13.1472 20.3125 76.8956 35.0222 88.7484 83.6818 128.68 99.0387 149.15 112.565 62.611 108.146 112.833 82.4984 61.6958 119.619 94.2402 74.843 61.3166 68.593 102.7 100.758 48.8166 74.1958 107.609 75.8693 96.5609 63.2583 177.765 83.1456 89.9318 67.6777 82.6555 65.0888 63.6374 153.726
-9999 -9999 -9999 -9999 -9999 -9999 -9999 -9999 -9999 -9999 -9999 -9999 -9999 -9999 -9999 -9999 -9999 -9999 -9999 -9999 -9999 -9999 -9999 -9999 -9999 -9999 -9999 -9999 -9999 -9999 -9999 -9999 -9999 -9999 238.48 75.7583 32.8125 36.9638 29.4194 16.2722 31.8972 3.125 7.8125 12.5 45.9597 132.609 72.2541 105.982 115.265 130.021 184.172 111.918 61.0485 71.718 58.1916 67.9458 99.3068 139.664 58.1916 65.468 124.261 161.003 93.0568 67.0305 65.736 64.4416 94.3512 105.557 74.4638 73.9277 75.7583 90.8471 63.2583 77.6999 82.1193 107.498 121.94
-9999 -9999 -9999 -9999 -9999 -9999 -9999 -9999 -9999 -9999 -9999 -9999 -9999 -9999 -9999 -9999 -9999 -9999 -9999 -9999 -9999 -9999 -9999 -9999 -9999 -9999 -9999 -9999 -9999 -9999 -9999 -9999 -9999 -9999 96.875 48.8166 41.2722 61.6958 34.375 95.6456 93.1678 145.757 20.3125 53.5041 40.0888 63.2583 92.6317 156.158 135.957 88.6374 136.271 99.843 139.35 101.785 81.4721 249.705 123.993 96.2928 85.1333 43.4819 72.3652 126.739 121.404 96.0248 122.633 107.989 87.0749 84.8652 64.1735 87.454 114.239 82.0083 91.8734 34.375 94.0831 79.9096 76.7846
