public/models/data/input/map/ntb/800/mapdriver.asc
NCOLS 484
NROWS 342
XLLCORNER 370313.940441
YLLCORNER 9266624.452423
CELLSIZE 800.000000
NODATA_VALUE       -9999
[rows 204 to 237 of 342, columns 231 to 307 of 484]
-9999 -9999 -9999 -9999 -9999 -9999 -9999 -9999 -9999 -9999 -9999 -9999 -9999 -9999 -9999 -9999 -9999 -9999 -9999 -9999 -9999 -9999 -9999 -9999 -9999 -9999 -9999 -9999 -9999 -9999 -9999 -9999 -9999 -9999 -9999 -9999 -9999 -9999 -9999 -9999 -9999 -9999 -9999 -9999 -9999 -9999 -9999 434.099 330.792 136.65 797.939 1499.8 2129.32 2909.19 3709.19 4509.19 5309.19 6109.19 6893.43 6767.01 5967.77 5167.77 4367.77 3567.77 2767.77 1982.22 1301.71 566.755 199.751 291.605 457.406 1256.07 2056.07 2856.07 3656.07 4456.07 5256.07
-9999 -9999 -9999 -9999 -9999 -9999 -9999 -9999 -9999 -9999 -9999 -9999 -9999 -9999 -9999 -9999 -9999 -9999 -9999 -9999 -9999 -9999 -9999 -9999 -9999 -9999 -9999 -9999 -9999 -9999 -9999 -9999 -9999 -9999 -9999 -9999 -9999 -9999 5272.1 4720.13 3941.02 3116.5 2598.53 -9999 -9999 844.975 352.528 315.127 517.421 88.2583 399.004 997.954 1777.82 2577.82 3377.82 4177.82 4977.82 5777.82 6577.82 6885.88 6132.84 5332.84 4532.84 3732.84 2932.84 2132.84 1332.84 551.149 416.885 368.853 327.386 1120.71 1920.71 2720.71 3520.71 4320.71 5114.74
-9999 -9999 -9999 -9999 -9999 -9999 -9999 -9999 -9999 -9999 -9999 -9999 -9999 -9999 -9999 -9999 -9999 -9999 -9999 -9999 -9999 -9999 -9999 -9999 -9999 -9999 -9999 -9999 -9999 -9999 -9999 -9999 -9999 -9999 -9999 -9999 -9999 5061.31 5184.01 4527.67 3727.67 2927.67 2115.33 1354.68 421.783 331.436 643.355 169.795 533.903 382.602 163.434 682.759 1481.95 2281.95 3081.95 3881.95 4681.95 5481.95 6281.95 6946.2 6443.5 5643.5 4843.5 4043.5 3243.5 2443.5 1661.81 1139.41 804.569 208.433 269.194 1036.82 1829.44 2629.44 3426.78 4108.86 4750.79
-9999 -9999 -9999 -9999 -9999 -9999 -9999 -9999 -9999 -9999 -9999 -9999 -9999 -9999 -9999 -9999 -9999 -9999 -9999 -9999 -9999 -9999 -9999 -9999 -9999 -9999 -9999 -9999 -9999 -9999 -9999 -9999 -9999 -9999 -9999 -9999 3679.9 4230.53 4544.75 4425.88 3655.18 2855.18 2055.18 1255.18 455.178 331.491 826.639 213.721 515.035 893.187 252.922 507.314 1291.94 2091.94 2891.94 3691.94 4491.94 5291.94 6091.94 6881.87 6774.16 5974.87 5174.87 4374.87 3574.87 2793.18 2231 1631.78 850 184.218 166.402 761.948 1558.73 2354.46 3012.56 3619.42 4348.58
-9999 -9999 -9999 -9999 -9999 -9999 -9999 -9999 -9999 -9999 -9999 -9999 -9999 -9999 -9999 -9999 -9999 -9999 -9999 -9999 -9999 -9999 -9999 -9999 -9999 -9999 -9999 -9999 -9999 -9999 -9999 1112.83 -9999 -9999 2034.33 2531.11 3044.32 3416.3 3753.35 4071.82 3852.58 3077.82 2277.82 1477.82 787.652 727.01 895.002 318.206 742.803 1163.28 458.341 282.563 1056.07 1856.07 2656.07 3456.07 4256.07 5056.07 5856.07 6656.07 7038.6 6306.25 5506.25 4706.25 3924.55 3342.22 2636.4 1836.4 1038 296.063 105.779 531.334 1308.57 1894.81 2488.05 3217.21 4016.3
-9999 -9999 -9999 -9999 -9999 -9999 -9999 -9999 -9999 -9999 -9999 -9999 -9999 -9999 -9999 -9999 -9999 -9999 -9999 -9999 -9999 -9999 -9999 -9999 -9999 -9999 -9999 -9999 -9999 -9999 1443.35 971.268 376.629 1018.61 1665 1958.73 2284.92 2626.64 2960.66 3292.03 3621.5 3405.75 2609.19 1919.02 1536.4 1490.46 1350.59 1032.84 1279.75 1211.5 436.734 271.645 1027.67 1827.67 2627.67 3427.67 4227.67 5027.67 5827.67 6627.67 7225.32 6622.97 5822.36 5035.07 4399.3 3672.12 2872.12 2073.51 1278.89 483.812 60.46 293.206 768.987 1331.81 2117.09 2884.92 3684.92
-9999 -9999 -9999 -9999 -9999 -9999 -9999 -9999 -9999 -9999 -9999 -9999 -9999 -9999 -9999 -9999 -9999 -9999 -9999 -9999 -9999 -9999 -9999 -9999 -9999 -9999 -9999 -9999 -9999 -9999 1646.16 829.108 175.934 570.99 1060.46 1158.73 1554.26 1881.1 2160.66 2510.34 3119.96 3608.7 3050.39 2667.77 2336.4 2267.46 2102.08 1832.84 1947.33 1336.4 646.231 703.768 1360.97 2143.5 2943.5 3743.5 4543.5 5343.5 6143.5 6943.5 7247.04 6496.19 5807.78 4890.74 4201.05 3534.09 2743.5 1944.42 1220.41 623.728 80.2887 259.801 258.295 955.227 1813.59 2558.73 3358.73
-9999 -9999 -9999 -9999 -9999 -9999 -9999 -9999 -9999 -9999 -9999 -9999 -9999 -9999 -9999 -9999 -9999 -9999 -9999 -9999 -9999 -9999 -9999 -9999 -9999 -9999 -9999 -9999 -9999 -9999 1895.62 1169.78 434.137 192.873 297.495 435.838 927.27 1086.24 1378.97 1988.59 2784.92 3560.92 3778.93 3467.77 3136.4 3067.46 2902.08 2632.84 2447.31 1777.6 1394.97 1436.4 1835.14 2492.34 3274.87 4074.87 4874.87 5674.87 6474.87 7234.56 6964.82 6164.47 5630.27 4484.1 3768.42 3069.68 2405.18 1626.61 828.58 235.197 25 259.247 343.29 1042.8 1844.64 2636.4 3436.4
-9999 -9999 -9999 -9999 -9999 -9999 -9999 -9999 -9999 -9999 -9999 -9999 -9999 -9999 -9999 -9999 -9999 -9999 -9999 -9999 -9999 -9999 -9999 -9999 -9999 -9999 -9999 -9999 -9999 2923.69 2266.25 1558.28 955.49 529.607 392.716 184.616 218.612 320.286 867.57 1663.91 2463.91 3263.91 4031.77 4171.95 3914.71 3867.35 3702.08 3387.05 2908.97 2526.35 2194.97 2236.4 2567.77 2966.51 3623.71 4406.24 5206.24 6006.24 6806.24 7300.39 6633.45 5810.04 5348.69 3985.86 3431.01 2637.05 1939.5 1316.83 563.377 208.211 0 107.989 663.066 1420.11 2047.42 2961.17 3774.72
-9999 -9999 -9999 -9999 -9999 -9999 -9999 -9999 -9999 -9999 -9999 -9999 -9999 -9999 -9999 -9999 -9999 -9999 -9999 -9999 -9999 -9999 -9999 -9999 -9999 -9999 -9999 -9999 -9999 3409.61 2689.65 2086.86 1653.46 1318.2 1128.17 801.539 520.979 547.782 1009.85 1777.82 2577.82 3324.08 3644.53 3713.39 3727.67 3850 3841.4 3738.27 3470.75 3293.12 2994.97 3036.4 3367.77 3699.14 4097.88 4755.08 5537.62 6337.19 7101.22 7098.55 6302.08 5514.07 4747.47 -9999 3066.14 2254.45 1684.97 1080.9 -9999 -9999 257.809 163.767 532.464 1332.1 1790.17 3007.11 4114.5
-9999 -9999 -9999 -9999 -9999 -9999 -9999 -9999 -9999 -9999 -9999 -9999 -9999 -9999 -9999 -9999 -9999 -9999 -9999 -9999 -9999 -9999 -9999 -9999 -9999 -9999 -9999 -9999 -9999 3774.08 3218.23 2784.83 2443.5 2118.2 1897.94 1577.82 1320.71 1346.6 1661.58 2139.53 2678.2 2874.63 2860.36 2913.39 2927.67 3050 3050 3045.71 2886.24 3044.45 3308.66 3558.67 3890.04 4314.95 4775.37 5174.29 5728.82 6230.53 6892.41 6813.91 6013.91 5213.91 4479.35 -9999 -9999 -9999 -9999 -9999 -9999 -9999 930.144 354.738 496.258 1185.93 2408.29 2979.12 3991.94
-9999 -9999 -9999 -9999 -9999 -9999 -9999 -9999 -9999 -9999 -9999 -9999 -9999 -9999 -9999 -9999 -9999 -9999 -9999 -9999 -9999 -9999 -9999 -9999 -9999 -9999 -9999 -9999 4550.18 4263.35 3850.52 3513.07 3226.7 2909.2 2672.37 2362.98 2120.06 2093.41 2122.73 2047.12 2003.92 2074.63 2060.36 2113.39 2127.67 2250 2250 2245.71 2086.24 2244.45 2560.66 2892.03 3333.24 4006.38 4416.3 4747.67 5111.07 5762.8 6560.1 6617.25 5819.24 5019.24 4291.75 -9999 -9999 -9999 -9999 -9999 -9999 -9999 -9999 -9999 848.773 1588.39 2391.17 3184.92 3978.51
-9999 -9999 -9999 -9999 -9999 -9999 -9999 -9999 -9999 -9999 -9999 -9999 -9999 -9999 -9999 -9999 -9999 -9999 -9999 -9999 -9999 -9999 -9999 -9999 -9999 -9999 -9999 -9999 3952.81 3774.87 3443.5 3127.67 3013.91 2746.23 2460.66 2159.1 2092.47 1790.29 1436.4 1250 1203.92 1274.63 1260.36 1313.39 1327.67 1450 1450 1445.71 1286.24 1444.45 1760.66 2201.87 2875.01 3284.92 3616.3 3979.7 4631.42 5429.95 6067.25 6235.7 5570.71 4770.71 4083.69 -9999 -9999 -9999 -9999 -9999 -9999 -9999 -9999 -9999 -9999 -9999 2783.9 3521.32 4316.3
-9999 -9999 -9999 -9999 -9999 -9999 -9999 -9999 -9999 -9999 -9999 -9999 -9999 -9999 -9999 -9999 -9999 -9999 -9999 -9999 -9999 -9999 -9999 -9999 -9999 -9999 -9999 -9999 3278.23 2975.68 2643.5 2327.67 2213.91 1946.32 1661.09 1359.1 1344.63 1049.22 662.013 450 410.596 480.817 460.355 513.924 534.164 650 650 647.319 488.99 644.722 1070.5 1798.75 2158.73 2484.92 2848.33 3500.05 4299.14 5022.45 5294.98 5624.45 5569.59 4814.28 4079.22 -9999 -9999 -9999 -9999 -9999 -9999 -9999 -9999 -9999 -9999 -9999 3348.43 3885.19 4647.67
-9999 -9999 -9999 -9999 -9999 -9999 -9999 -9999 -9999 -9999 -9999 -9999 -9999 -9999 -9999 -9999 -9999 -9999 -9999 -9999 -9999 -9999 -9999 -9999 -9999 -9999 -9999 -9999 2476.08 2224.9 1844.31 1527.67 1413.91 1146.6 894.531 560.282 578.285 374.207 146.626 280.909 290.533 271.875 281.962 277.321 221.848 212.722 225 225 246.737 266.513 817.042 1212.24 1358.73 1716.96 2368.68 3167.77 3967.77 4423.52 4494.97 4826.35 5110.63 4697.48 3930.2 -9999 -9999 -9999 -9999 -9999 -9999 -9999 -9999 -9999 -9999 -9999 4287.27 4507.65 4973.64
-9999 -9999 -9999 -9999 -9999 -9999 -9999 -9999 -9999 -9999 -9999 -9999 -9999 -9999 -9999 -9999 -9999 -9999 -9999 -9999 -9999 -9999 -9999 -9999 -9999 -9999 -9999 2886.62 2251.21 1557.25 1093.53 728.469 620.638 356.177 207.563 187.159 162.676 256.713 598.395 1007.76 1070.71 1050 1065.53 1055.18 946.599 928.033 950 924.345 709.332 464.729 457.674 429.143 590.766 1237.31 2036.4 2836.4 3608.31 3658.73 3694.97 4026.35 4357.72 4609.88 4337.48 3855.64 -9999 -9999 -9999 -9999 -9999 -9999 -9999 -9999 -9999 5012.59 4913.73 5447.98 5183.57
-9999 -9999 -9999 -9999 -9999 -9999 -9999 -9999 -9999 -9999 -9999 -9999 -9999 -9999 -9999 -9999 -9999 -9999 -9999 -9999 -9999 -9999 -9999 -9999 -9999 -9999 3314.99 2703.67 1936.4 1137.2 434.562 139.239 76.6735 334.034 568.834 814.345 818.566 995.557 1334.04 1715.18 1870.71 1850 1865.53 1855.18 1733.46 1585.28 1388.61 971.744 302.6 242.115 302.543 304.105 479.829 1165.44 1826.93 2593.5 3116.95 2858.73 2894.97 3226.35 3545.64 4122.31 -9999 3797.06 -9999 -9999 -9999 -9999 -9999 -9999 -9999 4326.98 4764.15 5443.67 5833.19 6037.61 5430.93
-9999 -9999 -9999 -9999 -9999 -9999 -9999 -9999 -9999 -9999 -9999 -9999 -9999 -9999 -9999 -9999 -9999 -9999 -9999 -9999 -9999 -9999 -9999 -9999 -9999 -9999 3255.39 2591.42 1786.24 981.066 225.287 139.396 437.695 854.055 1340.07 1607.11 1618.57 1794.97 2126.82 2465.41 2640.02 2533.5 2388.09 2266.31 1751.92 1157.91 714.464 358.203 139.997 361.401 417.965 598.736 618.474 787.652 1477.82 2256.84 2375.3 2058.73 2094.97 2426.35 2832.39 3255.76 -9999 -9999 -9999 -9999 -9999 -9999 -9999 -9999 3920.52 4311.93 5097.83 5918.82 6558.18 6563.38 5792.03
-9999 -9999 -9999 -9999 -9999 -9999 -9999 -9999 -9999 -9999 -9999 -9999 -9999 -9999 -9999 -9999 -9999 -9999 -9999 -9999 -9999 -9999 -9999 -9999 -9999 -9999 -9999 2674.26 -9999 936.964 218.035 205.89 849.329 1526.56 1968.87 2403.17 2418.57 2594.97 2894.77 2815.71 2404.55 2043.5 1725.52 1583.09 1349.19 627.148 154.281 90.9581 258.119 364.036 253.144 241.421 173.031 586.791 1360.89 1789.74 1576.43 1258.73 1294.97 1703.23 2421.08 3244.92 -9999 -9999 -9999 -9999 -9999 -9999 -9999 -9999 4040.27 4730.83 5423.36 6153.08 7013.27 6923.4 6123.4
-9999 -9999 -9999 -9999 -9999 -9999 -9999 -9999 -9999 -9999 -9999 -9999 -9999 -9999 -9999 -9999 -9999 -9999 -9999 -9999 -9999 -9999 -9999 -9999 -9999 -9999 -9999 -9999 -9999 -9999 168.27 382.386 1129.09 1924.26 2544.55 2544.64 2386.24 2660.66 2845.15 2305.62 1741.55 1273.18 925.52 786.244 825.754 259.321 129.17 522.1 870.465 469.742 168.233 346.553 733.003 1151.85 1343.67 1056.59 782.333 469.362 571.859 1294.97 2094.97 2857.45 -9999 -9999 -9999 -9999 -9999 -9999 -9999 -9999 -9999 5597.26 5809.16 6488.79 7409.6 7254.77 6454.77
-9999 -9999 -9999 -9999 -9999 -9999 -9999 -9999 -9999 -9999 -9999 -9999 -9999 -9999 -9999 -9999 -9999 -9999 -9999 -9999 -9999 -9999 -9999 -9999 -9999 -9999 -9999 -9999 -9999 -9999 -9999 786.641 1491.6 2213.46 2140.35 1777.82 1586.24 1860.66 2226.58 1845.83 1174.25 610.175 222.449 163.813 207.314 94.8414 493.282 1032.51 810.657 261.558 405.595 966.525 1079.47 1113.71 753.649 313.315 172.966 227.627 638.078 1336.4 2132.66 2918.48 3654.96 -9999 -9999 -9999 -9999 -9999 -9999 -9999 5917.56 6137.62 6469.9 6933.29 7684.81 7586.14 6786.14
-9999 -9999 -9999 -9999 -9999 -9999 -9999 -9999 -9999 -9999 -9999 -9999 -9999 -9999 -9999 -9999 -9999 -9999 -9999 -9999 -9999 -9999 -9999 -9999 -9999 -9999 -9999 -9999 -9999 -9999 -9999 -9999 2212.18 2333.39 1661.58 1009.85 786.244 1137.54 1814.12 1492.9 714.464 170.508 432.307 452.083 145.063 394.604 772.556 572.736 253.117 264.591 642.838 609.711 356.093 359.968 286.956 312.779 704.718 925.52 1298.62 1769.45 2467.77 3267.77 4064.03 4662.74 -9999 -9999 -9999 -9999 -9999 -9999 -9999 6940.29 7268.99 7601.27 8069.58 7917.52 7126.67
-9999 -9999 -9999 -9999 -9999 -9999 -9999 -9999 -9999 -9999 -9999 -9999 -9999 -9999 -9999 -9999 -9999 -9999 -9999 -9999 -9999 -9999 -9999 -9999 -9999 -9999 -9999 -9999 -9999 -9999 -9999 -9999 2702.39 2231.37 1432.84 637.419 189.507 781.066 1490.84 1114.95 438.269 236.401 668.282 183.276 432.307 604.886 338.296 184.662 383.674 644.55 253.542 139.239 264.323 131.426 240.395 765.214 1415.07 1725.52 2043.5 2429.99 2900.82 3599.14 4399.14 5197.99 5742.34 -9999 -9999 -9999 -9999 -9999 7830.51 7744.37 8068.99 8400.36 8697.58 8258.04 7692.35
-9999 -9999 -9999 -9999 -9999 -9999 -9999 -9999 -9999 -9999 -9999 -9999 -9999 -9999 -9999 -9999 -9999 -9999 -9999 -9999 -9999 -9999 -9999 -9999 -9999 -9999 -9999 -9999 -9999 -9999 -9999 -9999 -9999 2204.74 1386.03 596.609 176.961 828.201 1319.27 700.938 164.147 521.943 359.562 211.29 294.324 169.638 344.546 690.019 813.836 318.447 105.511 271.266 182.721 343.428 661.783 1289.66 1895.23 2490.51 2843.5 3174.87 3561.37 4032.19 4730.51 5530.51 5990.57 -9999 -9999 -9999 -9999 -9999 8354.53 8537.62 8868.99 9200.35 9306.48 8823.72 8483.2
-9999 -9999 -9999 -9999 -9999 -9999 -9999 -9999 -9999 -9999 -9999 -9999 -9999 -9999 -9999 -9999 -9999 -9999 -9999 -9999 -9999 -9999 -9999 -9999 -9999 -9999 -9999 -9999 -9999 -9999 -9999 -9999 -9999 -9999 -9999 146.303 444.547 1137.8 1054.76 324.096 286.263 223.365 108.904 177.229 367.846 693.225 1011.59 913.311 393.466 100.712 445.159 930.95 684.359 234.348 547.579 1342.31 2140.45 2928.81 3594.88 3974.87 4306.25 4692.74 5163.56 5860.41 6229.04 -9999 -9999 -9999 -9999 8765.04 9009.01 9337.61 9668.98 9999.54 9953.51 9614.57 9283.2
-9999 -9999 -9999 -9999 -9999 -9999 -9999 -9999 -9999 -9999 -9999 -9999 -9999 -9999 -9999 -9999 -9999 -9999 -9999 -9999 -9999 -9999 -9999 -9999 -9999 -9999 -9999 -9999 -9999 -9999 -9999 -9999 -9999 -9999 -9999 -9999 1007.11 1086.65 672.978 158.682 159.773 249.992 222.227 744.569 1087.21 1280.12 902.771 342.107 95.3775 379.764 974.11 986.296 379.764 236.42 807.789 1594.97 2394.97 3194.97 3994.97 4706.78 5106.24 5437.62 5824.11 6283.65 7170.29 7816.53 -9999 -9999 9475.82 -9999 9810.27 10137.6 10469 10798.7 10745.9 10414.6 10083.2
-9999 -9999 -9999 -9999 -9999 -9999 -9999 -9999 -9999 -9999 -9999 -9999 -9999 -9999 -9999 -9999 -9999 -9999 -9999 -9999 -9999 -9999 -9999 -9999 -9999 -9999 -9999 -9999 -9999 -9999 -9999 -9999 -9999 -9999 -9999 -9999 -9999 363.26 138.277 84.0609 479.894 316.18 434.662 1081.77 1012.13 749.134 369.316 133.479 206.778 794.339 804.851 335.838 175.195 665.046 1324.63 1939.16 2726.35 3526.35 4326.35 5126.35 5838.15 6237.62 6568.99 6944.63 7445.01 8164.72 9274.62 9666.99 9942.49 10529.9 10784.1 10937.6 11269 11598.7 11545.9 11214.6 10883.2
-9999 -9999 -9999 -9999 -9999 -9999 -9999 -9999 -9999 -9999 -9999 -9999 -9999 -9999 -9999 -9999 -9999 -9999 -9999 -9999 -9999 -9999 -9999 -9999 -9999 -9999 -9999 -9999 -9999 -9999 -9999 -9999 -9999 -9999 -9999 -9999 -9999 30.8926 231.131 480.993 543.439 165.755 528.404 506.613 256.916 172.541 241.199 152.562 592.497 797.686 285.301 270.148 721.621 1177.64 1794.41 2456 3070.53 3857.72 4657.72 5457.72 6257.72 6969.53 7368.99 7701.37 8093.17 8605.58 9419.79 10041.9 10727.7 11074.9 11406.8 11737.6 12069 12398.7 12345.9 12014.6 11683.2
-9999 -9999 -9999 -9999 -9999 -9999 -9999 -9999 -9999 -9999 -9999 -9999 -9999 -9999 -9999 -9999 -9999 -9999 -9999 -9999 -9999 -9999 -9999 -9999 -9999 -9999 -9999 -9999 -9999 -9999 -9999 -9999 -9999 -9999 -9999 -9999 -9999 -9999 660.804 553.132 158.479 429.293 395.408 194.167 508.674 650.187 316.82 340.95 781.69 312.04 267.088 804.851 1374.71 1852.99 2309.02 2925.78 3587.37 4201.9 4989.09 5789.09 6589.09 7389.09 8100.9 8500.36 8831.73 9218.22 9690.33 10387.4 11186.5 11841.3 12206.2 12537.6 12869 13198.7 13145.9 12814.6 12483.2
-9999 -9999 -9999 -9999 -9999 -9999 -9999 -9999 -9999 -9999 -9999 -9999 -9999 -9999 -9999 -9999 -9999 -9999 -9999 -9999 -9999 -9999 -9999 -9999 -9999 -9999 -9999 -9999 -9999 -9999 -9999 -9999 -9999 -9999 -9999 -9999 -9999 -9999 -9999 188.13 440.415 429.829 172.717 623.812 830.774 507.778 174.862 718.745 533.249 207.36 789.272 1365.58 1936.22 2506.09 2984.36 3440.39 4057.15 4718.74 5333.27 6120.46 6920.46 7720.46 8520.46 9232.26 9631.72 9963.09 10349.6 10820.4 11518.7 12317.9 12972.7 13337.6 13669 13998.7 13945.9 13614.6 13283.2
-9999 -9999 -9999 -9999 -9999 -9999 -9999 -9999 -9999 -9999 -9999 -9999 -9999 -9999 -9999 -9999 -9999 -9999 -9999 -9999 -9999 -9999 -9999 -9999 -9999 -9999 -9999 -9999 -9999 -9999 -9999 -9999 -9999 -9999 -9999 -9999 -9999 -9999 -9999 -9999 126.603 219.854 628.074 841.72 258.341 213.879 538.66 920.771 349.927 403.412 1192.58 1897.79 2496.89 3067.59 3637.46 4115.73 4571.76 5188.52 5850.11 6464.64 7251.83 8051.83 8851.83 9651.83 10363.6 10763.1 11094.5 11481 11951.8 12650.1 13449.2 14104 14469 14798.7 14745.9 14414.6 14083.2
-9999 -9999 -9999 -9999 -9999 -9999 -9999 -9999 -9999 -9999 -9999 -9999 -9999 -9999 -9999 -9999 -9999 -9999 -9999 -9999 -9999 -9999 -9999 -9999 -9999 -9999 -9999 -9999 -9999 -9999 -9999 -9999 -9999 -9999 -9999 -9999 -9999 -9999 -9999 -9999 -9999 788.616 1235.63 770.711 165.69 701.934 1166.38 727.286 168.187 626.095 1394.97 2194.97 2978.81 3627.61 4198.96 4768.83 5247.1 5703.13 6319.89 6981.49 7596.01 8383.2 9182.5 9942.76 10731.7 11447.4 11890.6 12225.8 12612.3 13083.1 13781.5 14580.6 15235.4 15598.7 15545.9 15214.5 14883.2
-9999 -9999 -9999 -9999 -9999 -9999 -9999 -9999 -9999 -9999 -9999 -9999 -9999 -9999 -9999 -9999 -9999 -9999 -9999 -9999 -9999 -9999 -9999 -9999 -9999 -9999 -9999 -9999 -9999 -9999 -9999 -9999 -9999 -9999 -9999 -9999 -9999 -9999 -9999 -9999 -9999 -9999 1308.09 678.629 122.208 665.533 1198.3 543.834 242.632 985.144 1736.95 2526.35 3326.35 4110.18 4758.98 5330.34 5900.2 6378.48 6834.5 7449.15 8045.38 8563.41 9060.67 9722.59 10521.7 11321.7 12118.5 12820.3 13332 13743.7 14214.5 14912.8 15712 16365.1 16345.9 16014.5 15683.2
-9999 -9999 -9999 -9999 -9999 -9999 -9999 -9999 -9999 -9999 -9999 -9999 -9999 -9999 -9999 -9999 -9999 -9999 -9999 -9999 -9999 -9999 -9999 -9999 -9999 -9999 -9999 -9999 -9999 -9999 -9999 -9999 -9999 -9999 -9999 -9999 -9999 -9999 -9999 -9999 -9999 -9999 -9999 162.587 324.188 972.131 1153.67 388.009 348.66 1147.86 1947.54 2745.34 3545.34 4345.34 5130.46 5734.03 6165.03 6560.21 6906.82 7244.72 7576.09 7939.5 8591.22 9390.3 10190.3 10990.3 11790.3 12590.3 13390.3 14151.6 14796.1 15340.3 16044.2 16842.6 17076.3 16746.7 16415.3
