public/models/data/input/map/ntb/800/mapdem.asc
NCOLS 484
NROWS 342
XLLCORNER 370313.940441
YLLCORNER 9266624.452423
CELLSIZE 800.000000
NODATA_VALUE       -9999
[rows 306 to 339 of 342, columns 154 to 230 of 484]
495.953 349.266 307.328 463.469 613.875 442.547 364.234 489.047 626.516 814.578 746.781 547.391 559.172 560.266 504.563 425.875 530.203 521.906 525.391 452.516 429.531 487.031 459.5 394.031 289.469 185.469 200.328 324.234 359.734 223.063 151.969 225.587 306.031 259.547 210.587 297.734 306.031 328.656 351.938 345.766 290.406 172.688 202.828 107.141 216.984 229.969 198.141 286.516 272.563 220.438 270.492 301.75 328.688 468.359 588.594 528.078 422.219 377.734 345.172 431.641 483.797 506.063 668.844 800.25 708.703 574.188 498.344 647.594 726.297 811.297 860.5 921.344 812.281 769.953 794.125 877.344 929.375
653.563 579.469 442.125 471.141 607.984 551.516 452.578 448.453 577.359 764.219 784.578 749.422 800.172 729.719 654.469 584.578 706.547 656.094 584.453 519.109 475.984 423.219 328.922 312.672 323.188 289.891 193.359 189.578 189.75 149.25 168.5 219.734 206.953 168.703 178.719 255.016 285.516 267.524 339.969 388.922 353.969 253.531 124.141 195.891 306.349 275.391 286.422 271.127 301.813 243.5 312.063 457.625 475.781 541.172 624.781 604.781 585.875 520.297 391.469 454.469 479.828 563.781 704.188 823.516 738.016 682.172 598.672 580.859 641.078 722.469 834.609 893.156 768.578 728.563 807.813 900.094 794.578
634.922 657.5 572.156 573.172 584.922 545.125 413.938 403.313 554.344 658.656 713.438 752.797 841.797 615.891 520.594 509.891 638.703 527.375 436 395 354.906 344.734 291.969 236.533 219.875 236.873 282.111 214.453 192.794 217.031 304.921 298.25 236.078 196.063 139.484 152.094 177.656 215.484 272.094 231.203 168.109 111.891 236.969 353.531 333.5 396.578 394.813 325.578 332.406 278.651 357.844 605.781 694.328 600.797 613.125 564.391 573.703 510.609 458.719 521.391 574.938 691.172 822.75 806.938 762.953 729.969 735.375 695.719 760.063 768.141 823.094 856.969 739.234 726.109 747.313 786.672 808.906
438.672 490.563 521.688 599.125 610.047 601.5 515.719 365.906 453.609 539.547 669.797 620.625 671 593.859 424.859 437.5 563.656 542.063 383.938 319.844 291.222 246.246 233.698 218.125 214.25 324.531 376.547 341.484 207.238 235.143 398.156 501.609 386.344 260.127 191.175 178.922 148.344 126.5 111.422 111.188 98.375 211.344 337.328 290.286 241.762 320.344 363.703 429.344 325.578 324.328 462.359 597.719 672.125 551.594 489.328 507.359 606.891 562.375 505.719 614.406 726.453 729.953 782.859 786.891 738.547 691.719 699.375 688.172 807.531 848.719 922.078 873.047 748.266 756.625 721.5 774.813 762.422
391.969 409.781 542.531 683.594 600.469 527.766 531.297 342.922 390.328 458.172 537.531 498.375 465.141 428.766 353.234 358.5 408.156 538.984 517.266 339.297 271.762 239.984 209 258.969 332.281 272.905 287.109 308.032 234.75 205.333 293.516 427.641 443.656 373.516 262.825 269.619 167.859 150.406 90.5469 115.359 132.219 229.563 261.794 229.969 282.365 355.703 438.375 370.406 288.238 376.922 465.891 393.703 482.516 422.672 481.531 581.313 625.828 610.594 564.609 638.484 748.313 674.188 678.734 713.172 728.328 652.688 641.375 599.813 656.547 799.75 968.734 897.938 775.813 792.281 736 791.453 766.656
379.141 391.125 551.109 593.375 522.813 471.891 376.656 316.75 397.406 378.938 464.969 513.594 397.297 373.453 384.672 328.141 343.469 435.5 431.359 344.875 318.156 301.921 221.762 275.281 390.25 338.234 434.422 412.25 315.297 258.578 343.609 371.109 582.328 462.422 306.438 230.328 129.766 86.7656 83.9219 90.3906 153.406 171.938 213.891 295.823 322.188 367.047 382.656 307.238 248.109 311.629 310.844 324.047 373.422 523.781 500.344 516.5 560.25 626.688 704.391 681.438 752.938 678.719 657.094 611.141 626.563 665.75 588.578 536.297 629.453 751.625 934.969 850.094 811.078 782.594 754.594 720.313 726.875
337.406 414.594 386.375 417.234 451.563 511.75 329.969 302.508 376.156 335.594 440.609 576.953 459.25 496.047 523.094 397.922 304.344 300.127 312.813 276.381 255.813 288.172 237.429 298.516 406.563 409.625 547.719 544.313 392.5 319.125 398.203 360.406 530.453 468.359 278.873 183.688 120.031 60.2031 122.188 123.125 123.953 133.234 206.048 322.953 388.031 318.734 364.578 283.453 236.891 355.984 392.391 474.734 495.984 607.859 625.813 646.203 666.672 746.047 774.391 781.656 843.922 748.563 861.516 731.375 633.391 705.641 577.469 640.453 861.984 967.797 861.125 776.547 740.141 722.391 735.375 725.047 774.703
309.953 313.703 369.188 424.016 475.719 463.406 407.844 268.403 273.563 303.141 426.953 618.156 585.922 526.391 539.875 505.313 427.875 385.313 291.172 283.952 263.524 237.921 258.661 333.781 503.875 478.609 569.859 663.219 531.969 440.563 306.75 297.095 533.375 508.703 266.828 196.703 150.156 113.094 54.75 76.5313 136.375 232.852 304.594 329.984 322.813 261.828 266.391 250.254 280.797 490.266 578.266 584.953 594.594 587.969 581.516 608.641 655.547 703.047 822.078 877.844 842.594 827.297 906.906 783.625 578.25 568.422 534.578 671.031 765.031 1048.61 1003.89 894.125 845.406 802.672 762.406 764.203 923.563
382.25 271.484 262.844 319.359 341.078 346.078 283.688 223.172 319.889 365.906 402.391 550.266 630.063 511.891 429.031 480.031 405.016 367 327.484 269.267 253.547 270.194 274.516 368.922 434.984 543.766 472.766 570.453 532 385.391 243.492 268.762 489.469 534.094 288.484 203.672 156.938 141.969 66.5469 72.2813 141.406 252.281 328.422 324.969 281.206 217.594 253.375 332.922 326.844 452.484 465.344 464.531 540.297 514.563 565.375 571.625 620.906 764.359 875.703 762.859 650.875 642.734 776.766 827.375 685.75 498.5 420.609 513.547 709.219 916.438 1079.02 1001.78 937.516 852.484 776.672 836.063 967.375
298.286 250.71 231.609 225.651 231.694 227.651 217.906 271.875 347.891 446.047 459.281 615.641 701.891 562.328 410.156 368.781 342.188 342.172 309.844 294.672 295.25 288.172 325.141 437.594 452.531 441.5 311.234 301.453 267.031 284.516 229.141 240.922 412.781 484.719 261.841 168.328 160.094 145.531 97.3438 26 73.0625 219.855 231.953 196.953 191.906 230.031 288.064 375.266 383.891 363.766 361.828 366.094 403.969 439.25 459.875 498.891 603.484 802.906 874.156 772.141 603.516 523.984 645.672 787 737 654.922 504.109 423.469 720.125 867.891 914.688 770.781 737.313 856.766 768.297 698.344 853.109
336.625 278.065 324.891 333.156 241.206 212.125 198.406 310.175 450.391 485.703 431.375 609.875 602.234 635.25 597.844 471.844 389.203 332.688 308.078 309.672 361.906 287.984 296.344 371.406 423.406 356.031 324.953 249.032 184.344 168.578 182.734 212.359 386.063 373.127 280.531 178.828 120.531 138.875 51.0469 54.4219 109.453 199.391 191.563 237.594 293.286 302.484 345.938 357.594 319.781 316.094 354.344 479.219 522.047 487.625 503.766 537.063 601.281 750.406 840.203 847.281 729.578 503.281 555.859 758.797 732.297 555.875 519.719 410.813 544.094 699.203 660.281 549.375 634.703 904.594 873.375 651.609 728.422
517.625 341.609 343.828 399.453 284.172 184.688 239.578 370.563 383.203 399.344 413.797 599.953 586.391 665.359 574.906 564.906 378.922 346.234 334.625 355.375 363.547 289.438 246.794 298.359 279.73 272.032 227.219 247.397 234.571 164.938 129.766 167.172 290.641 314.969 293.938 225.969 105.344 81.5156 21.625 125.641 142.859 172.5 168.094 267.609 278.46 281.145 303.719 325.5 292.762 317.952 418.313 505.531 479.828 427.188 503.797 560.734 657.344 776.719 717.484 779.156 593.625 448.375 588.344 733.328 826.906 620.375 456.516 343.266 345.922 397.547 453.766 419.391 586.703 798.953 811.281 598.031 667.141
517.547 388.063 391.766 285.578 218.063 167.453 255.453 280.242 290.844 334.906 368.813 510.469 600.844 625.141 526.672 415.906 387.328 410.734 416.141 464.922 374.313 289.921 228.968 214.031 216.984 200.281 185.938 196.359 177.672 171.391 124.688 105.188 203.781 227.125 211.469 153.547 60.5156 52.1719 35.5781 83.9531 110.094 202.306 164.078 214.859 245.406 319.656 326.125 308.516 324.609 358.984 375 417.641 361.922 352.563 414.813 455.594 552.188 748.719 655.219 708.313 544.047 388.156 550.031 696.672 844.922 741.188 565.063 469.969 402.375 260.635 304.531 320.609 441.219 696.078 689.328 522.656 709.203
521.828 499.625 442.109 315.125 257.683 180.375 205.825 217.922 282.27 262.887 417.719 595.672 614.531 641.625 506.219 550.797 547.266 532.813 364.797 326.672 287.754 250.54 242.188 214.563 184.063 167.047 157.266 150.109 128.469 115.578 96.5781 81.5313 187 201.797 163.078 128.641 27.3125 12.7344 16.3594 34.5469 153.391 170.906 111.875 184.469 273.016 310.859 264.603 262.286 361.297 366.422 314.719 308.5 290.406 289.75 342.859 387.766 543.078 698.375 606.188 569.563 525.094 363.656 474.297 655.703 730.953 711.984 633.219 402.422 289.109 215.719 347.719 394.641 429.078 560.875 475.969 535.859 751.156
586.875 680.172 576.25 504.703 401.625 216.734 152.594 203.875 226.306 325.844 419.109 558 676.688 691.938 622.563 667.906 594.719 419.328 435.969 410.891 395.328 441.313 372.969 267.547 194.031 163.719 136.047 110.313 87.6875 110.141 79.9531 50.6719 114.828 145.438 141.984 82.5469 14.7344 11.3281 26.0156 68.2031 84.8438 101.641 213.328 280.29 298.048 278.746 220.889 278.344 328.281 288.705 257.844 241.422 239.317 323.453 401.609 403.016 520.938 626.875 503.063 407.297 438.672 354.344 406.547 540.266 642.172 504.781 428.484 352.719 190.5 259.078 487.438 615.688 602.438 512.531 441.172 668.313 744.188
493.172 600.984 506.141 420.484 389.078 318.156 278.238 191.719 306.438 526.156 610.859 690.141 732.516 748.766 701.828 577.938 529.578 432.922 578.984 556.578 581.391 626.609 523.922 360.952 204.594 144.25 122.047 109.109 71.0156 61.2969 78.2813 50.75 55.8281 102.203 127 50.5313 12.2969 12.4375 21.3438 20.9688 47.5 153.609 200.203 185.297 204.375 223.984 284.359 315.797 245.391 220.328 206.047 235.317 280.219 310.656 412.891 510.438 632.375 643.25 549.578 505.172 344.344 328.109 486.469 575.969 665.25 530.266 374.556 210.594 224.141 372.141 513.547 548.672 540.094 417.859 426.453 653.359 653.719
497.688 491.375 481.688 338.172 327 366.938 242.651 194.891 432.797 576.469 593.406 679.703 704.047 821.813 704.25 614.672 561.563 465.75 518.422 664.031 755.172 627.828 510.469 394.422 236.016 238.219 239.609 215.677 134.047 54.8125 33.4063 61.9063 60.875 69.7188 83.6875 16.4375 9.5625 11.8906 22.875 68.7031 124.813 173.047 169.094 222.25 337.422 351.266 359.172 283.609 239.313 215.547 240.563 271.603 355.297 416.797 493.406 618.609 640.266 530.688 454.875 494.359 348.688 428.953 542.813 520.672 655.234 503.031 327.031 204.094 333.762 486.281 578.469 451.203 350.953 314.936 554.906 694.984 512.672
335.603 385.609 519.125 460.906 327 285.635 247.734 163.078 345.094 408.984 479.297 567.953 693.375 777 795.203 705.766 528.281 403.844 514.203 702.25 744.891 576.359 395.891 380.25 358.719 292.672 246.828 214.952 207.438 160.875 97.75 39.3438 63.6875 20.5 27.4844 7.75 6.92188 9.3125 25 70.5938 178.984 156.531 221.841 282.317 311.172 318.703 294.281 208.781 190.234 257.581 255.969 301.698 383.172 525.141 598.313 702.734 598.578 531.203 418.578 337.344 296.453 437.719 438.672 553.125 629.141 485.031 254 207.609 428.219 605.453 538.547 360.75 201.047 370.571 675.547 724.797 523.063
270.484 303.683 412.703 445.656 388.438 261.734 239.937 163.781 248.688 365.156 574.375 710.891 614.953 583.641 758.063 701.125 516.484 355.484 446.844 653.875 577.938 405.094 325.492 426.484 503.281 363.188 353.438 272.406 188.438 195.344 125.594 46.6563 47.1406 11.2188 9.125 7.54688 12.7031 10.8906 23.7188 52.7344 157.469 128.156 200.125 235.734 235.508 202.047 171.156 133.375 260.125 319.516 401.453 434.781 488.063 506.594 629.563 676.219 578.328 478.094 400.578 423.547 320.905 331.063 369.453 524.375 571.313 384.719 202.016 237.794 472 704.266 411.453 213.016 236.25 520.703 687.031 598.156 520.766
237.797 232.422 317.203 469.75 443.891 244.016 132.516 248.21 374.484 488.219 696.609 701.344 470.641 478.813 678.859 664.031 494.953 323.219 436.641 688.484 499.531 336.047 258.313 385.719 446.531 487.422 433.344 429.578 245.844 165.797 93.7031 28.7656 35.4219 9.03125 7.0625 7.75 10.875 13.0313 11.8438 38.1094 94.1094 107.016 173.547 181.203 179.969 120.938 66.1875 143.766 220.094 357.286 510.672 424.156 460.094 561.922 629.484 639.813 584.5 501.391 492.484 503.984 456.797 398.734 269.25 420.047 392.984 350.641 148.359 270.476 555.578 684.453 312.813 147.094 432.828 610.672 526.594 512.281 410.188
244.203 197.859 238.984 301.766 302.313 285.422 150.438 253.234 388.125 553.359 755.031 655.047 397.672 353.952 573.234 565.859 395.672 266.906 440.531 696.891 576.813 330 219.641 341.603 326.703 418.781 439.906 418.859 266.27 123.922 93.3438 71.6563 33.1406 8.34375 8.65625 7.4375 8.23438 8.46875 7.92188 24.4531 91.4375 82.5781 147.109 177.438 121.328 74.2344 64.7813 160.234 266.469 425.547 406.203 315.397 412.469 539.672 553.25 520.641 561.172 583.203 599.359 560.891 486.031 420.547 337.688 245.469 225.859 166.797 123.516 289.031 529.984 600.375 221.266 283.953 599.953 434.594 412.906 389.094 387.656
199.203 196.063 255.359 199.413 167.578 236.952 123.75 217.125 310.078 469.141 672.281 525.734 322.565 309.875 420.625 506.438 319.281 271.203 340.781 564.844 496.281 349.359 199.484 308.281 283.484 349.625 321.563 278.531 208.375 126.109 80.3125 68.9375 33.9375 7.17188 5.67188 3.67188 4.95313 5.23438 7.85938 56.2031 114.984 58.7656 106.984 152.5 67.5156 37.125 98.25 201.906 337.778 432.406 271.047 323.531 436.047 390.031 459.75 481.531 483.734 680.844 814.234 574.016 419.484 407.781 418.516 372.875 481.063 415.406 232.516 227.969 439.594 407.563 294.094 230.781 408.625 328.75 289.391 300.969 261.781
199.127 175.953 224.683 178.469 109.844 188.969 119.516 196.641 276.141 450.953 582.547 483.875 296.078 247.859 334.422 483.859 256.917 284.016 289.688 512.641 449.313 382 215.891 222.328 246.098 307.254 224.825 245.766 162.937 93.2656 71.2344 47.5156 35.4531 5.29688 3.875 3.71875 3.79688 4.26563 8.29688 29.5469 54.1719 45.6094 96.0469 94 28.4375 83.9375 77.1563 199.531 236.688 311.286 193.365 181.016 243.906 292.719 463.766 340.688 404.313 636.266 643.266 599.484 539.172 566.547 529.797 581.188 528.75 461.609 494.109 207.156 306.453 330.203 275.734 167.703 275.661 262.938 149.297 134.719 138.516
241.938 176.141 231.937 236.935 111.813 93.2656 94.7031 186.828 309.238 440.25 375.766 361.344 328.429 210.672 336.5 360.531 238.797 182.172 276.188 448.469 374.234 340.141 220.778 140.359 239.508 187.143 321.683 137 79.7969 67.8281 54.1406 27.7031 8.01724 2.36842 2.33333 4 1.0625 1.47059 4.5 4.52273 5.80952 22.2813 48.2188 53.4844 37.9219 72.7031 96.7969 178.109 180.953 216.672 165.238 146.109 335.813 407.734 411.438 263.172 449.516 621.469 498.656 460.641 629.094 686.984 541.188 583.281 524.219 308.016 352.563 255.587 208.406 232.797 154.406 76.6032 84.7193 89.8431 50.125 31.12 39.9583
321.609 186.844 254.476 172.172 58.8438 56.0781 56.8438 164.109 274.188 394.109 329.29 292.609 334.047 169.719 215.953 269 178.031 153.344 220.266 270.922 355.422 389.922 260.825 228.063 191.746 147 260.719 128.438 64.6406 44.25 42.9531 14.5714 4 -9999 -9999 -9999 -9999 -9999 -9999 -9999 3.5 5.31034 11.5 7.26563 28.8281 46.6406 103.922 122.984 130.875 165.563 97.75 184.469 304.143 326.688 305.175 230.391 419.328 413.047 313.172 331.641 541.219 470 431.516 384.359 394.859 249.297 197.73 183.547 105.766 80.4355 41.8889 3.5 -9999 -9999 -9999 -9999 -9999
202.047 300.73 252.419 120.438 33.375 59.6875 76.1406 195.969 290.672 288.938 303.109 222.778 260.734 228.891 160.891 200.516 166.422 126.688 187.375 231.698 267.25 416.281 340.766 207.578 134.297 114.156 118.234 91.3594 64.9531 39.9219 27.625 12.5333 -9999 -9999 -9999 -9999 -9999 -9999 -9999 -9999 -9999 -9999 9 4.95455 7.12727 24.8906 57.9063 69.2031 77.2969 100.453 74.9531 159.625 188.333 203.234 208.719 178.594 213.813 280.328 211.781 225.286 252.444 258.344 211.254 202.594 163.938 128.75 78.5 93.6047 47.8064 16.7778 -9999 -9999 -9999 -9999 -9999 -9999 -9999
165.406 347.766 156.75 93.3906 84.7969 178.328 169.234 255.344 224.219 240.547 277.094 190.109 142.672 191.797 148.031 184.875 111.625 129.125 189.766 244.476 185.406 295.516 373.438 200.492 181.422 90.3281 67.8906 65.9531 48.8438 41.7188 23.3443 3 -9999 -9999 -9999 -9999 -9999 -9999 -9999 -9999 -9999 -9999 -9999 -9999 -9999 24.9091 21.3103 37.8235 30.0313 38.3415 37.2449 79.8594 117.281 133.813 114.469 73.2955 96.4694 167.406 172.266 163.891 149.781 160.875 137.453 133 76.9219 41.1143 18.0556 -9999 -9999 -9999 -9999 -9999 -9999 -9999 -9999 -9999 -9999
74.8254 84.5469 67.7344 177.766 236.571 267 291.688 209.719 198.397 279.797 248.381 183.313 108.688 111.328 125.781 159.078 130.734 212.453 254.109 161.651 157.641 320.365 340.406 314.333 244.844 95.4375 61.4375 45.2344 41.875 33.45 20.05 -9999 -9999 -9999 -9999 -9999 -9999 -9999 -9999 -9999 -9999 -9999 -9999 -9999 -9999 -9999 -9999 -9999 -9999 -9999 -9999 24.6667 56.0345 81.875 46.3929 -9999 18 70.1818 104.305 50.5882 47.9459 61.5455 62.0909 53.2857 40.16 -9999 -9999 -9999 -9999 -9999 -9999 -9999 -9999 -9999 -9999 -9999 -9999
24.7857 26.1282 71.1094 81.3438 109.234 192.5 262.063 146.969 267.859 226.047 178.297 237.828 122.141 125.844 189.547 114.422 148.766 255.758 257.188 194.906 157.688 274.667 210.629 254.953 118.203 71.25 51.3594 42.3438 29.371 10 -9999 -9999 -9999 -9999 -9999 -9999 -9999 -9999 -9999 -9999 -9999 -9999 -9999 -9999 -9999 -9999 -9999 -9999 -9999 -9999 -9999 -9999 21.1 33.2222 -9999 -9999 -9999 40.8333 33.1111 -9999 -9999 -9999 -9999 -9999 -9999 -9999 -9999 -9999 -9999 -9999 -9999 -9999 -9999 -9999 -9999 -9999 -9999
-9999 -9999 27.5641 42.8281 65.7656 106.469 170.609 103.859 156.047 192.703 154.25 159.813 78.3281 209.703 228.844 61.6719 183.359 239.444 194.25 135.953 101.422 120.563 149.297 158.094 72.0156 47.625 49.4219 26.0727 22.3333 -9999 -9999 -9999 -9999 -9999 -9999 -9999 -9999 -9999 -9999 -9999 -9999 -9999 -9999 -9999 -9999 -9999 -9999 -9999 -9999 -9999 -9999 -9999 -9999 -9999 -9999 -9999 -9999 -9999 -9999 -9999 -9999 -9999 -9999 -9999 -9999 -9999 -9999 -9999 -9999 -9999 -9999 -9999 -9999 -9999 -9999 -9999 -9999
-9999 -9999 -9999 22.9302 56.4063 76.25 82.9844 60.5469 80.4219 117.813 103.344 61.6406 98.9688 181.766 77.2031 129.781 180.797 127.859 93.1563 90.7344 83.6875 55.0313 81.2344 78 55.8281 39.6406 22.6977 1 -9999 -9999 -9999 -9999 -9999 -9999 -9999 -9999 -9999 -9999 -9999 -9999 -9999 -9999 -9999 -9999 -9999 -9999 -9999 -9999 -9999 -9999 -9999 -9999 -9999 -9999 -9999 -9999 -9999 -9999 -9999 -9999 -9999 -9999 -9999 -9999 -9999 -9999 -9999 -9999 -9999 -9999 -9999 -9999 -9999 -9999 -9999 -9999 -9999
-9999 -9999 -9999 14.6 28.102 47.3125 61.7031 44.5781 66.8906 70.7969 60.7344 46.9375 95.4688 98.3906 67.3281 114.844 89.8438 81.3281 72.9063 63.2813 47.4375 39.8281 57.8125 56.1563 50.3438 46.0781 34.9808 -9999 -9999 -9999 -9999 -9999 -9999 -9999 -9999 -9999 -9999 -9999 -9999 -9999 -9999 -9999 -9999 -9999 -9999 -9999 -9999 -9999 -9999 -9999 -9999 -9999 -9999 -9999 -9999 -9999 -9999 -9999 -9999 -9999 -9999 -9999 -9999 -9999 -9999 -9999 -9999 -9999 -9999 -9999 -9999 -9999 -9999 -9999 -9999 -9999 -9999
-9999 -9999 -9999 -9999 -9999 20.0625 26.2708 29.8704 48.7656 58.2344 36.6563 49.6719 79.8125 70.5 57.2344 79.75 71.625 66.2969 54.3594 38.1875 25.4375 33.1406 41.0156 41.0938 33.7797 31.3125 17.4444 -9999 -9999 -9999 -9999 -9999 -9999 -9999 -9999 -9999 -9999 -9999 -9999 -9999 -9999 -9999 -9999 -9999 -9999 -9999 -9999 -9999 -9999 -9999 -9999 -9999 -9999 -9999 -9999 -9999 -9999 -9999 -9999 -9999 -9999 -9999 -9999 -9999 -9999 -9999 -9999 -9999 -9999 -9999 -9999 -9999 -9999 -9999 -9999 -9999 -9999
-9999 -9999 -9999 -9999 -9999 -9999 -9999 17.7273 19.3235 33.8095 28.0313 30.9844 59.75 39.9531 40.5625 64.5781 55.4063 50.0313 37.5806 28.7857 18.2059 11.5455 -9999 9.16667 -9999 -9999 -9999 -9999 -9999 -9999 -9999 -9999 -9999 -9999 -9999 -9999 -9999 -9999 -9999 -9999 -9999 -9999 -9999 -9999 -9999 -9999 -9999 -9999 -9999 -9999 -9999 -9999 -9999 -9999 -9999 -9999 -9999 -9999 -9999 -9999 -9999 -9999 -9999 -9999 -9999 -9999 -9999 -9999 -9999 -9999 -9999 -9999 -9999 -9999 -9999 -9999 -9999
