public/models/data/input/map/ntb/800/mapdcenter.asc
NCOLS 484
NROWS 342
XLLCORNER 370313.940441
YLLCORNER 9266624.452423
CELLSIZE 800.000000
NODATA_VALUE       -9999
[rows 272 to 305 of 342, columns 77 to 153 of 484]
16388.6 17140.8 16797.4 15997.4 15197.4 14397.4 13597.4 12797.4 11997.4 11197.4 10397.4 9597.41 8848.67 8407.46 8076.09 7744.72 7413.35 7081.98 6750.61 6419.24 6243.2 6326.96 6006.25 5674.87 5343.5 5043.2 5185.51 5294.97 5626.35 5957.72 6289.09 6620.46 6951.83 7182.77 -9999 -9999 -9999 -9999 -9999 -9999 -9999 -9999 -9999 -9999 -9999 -9999 -9999 -9999 -9999 -9999 -9999 -9999 -9999 -9999 -9999 21212.7 20667.4 20187.8 19855.5 19524.1 19192.7 18861.3 18530 18198.6 17867.2 17535.9 17204.5 16873.1 16541.8 16210.4 15879 15547.7 15216.3 14884.9 14563.9 14677.8 15009.2
16057.2 16809.4 16466 15666 14866 14066 13266 12466 11666 10866 10066 9266.04 8466.04 7717.3 7276.09 6944.72 6613.35 6281.98 5950.61 5619.24 5443.2 5526.96 5206.24 4874.87 4543.5 4243.2 4385.51 4494.97 4826.35 5157.72 5489.09 5820.46 6228.71 6682.3 -9999 -9999 -9999 -9999 -9999 -9999 -9999 -9999 -9999 -9999 -9999 -9999 -9999 -9999 -9999 -9999 -9999 -9999 -9999 -9999 21582.5 21082 20304 19536 19056.4 18724.1 18392.7 18061.3 17730 17398.6 17067.2 16735.9 16404.5 16073.1 15741.8 15410.4 15079 14747.7 14416.3 14084.9 13763.9 13877.8 14209.2
15725.8 16478 16134.7 15334.7 14534.7 13734.7 12934.7 12134.7 11334.7 10534.7 9734.67 8934.67 8134.67 7334.67 6585.93 6144.72 5813.35 5481.98 5150.61 4819.24 4643.2 4750.01 4406.25 4074.87 3743.5 3443.2 3585.51 3694.97 4026.35 4357.72 4689.09 5097.34 5799.89 6394.72 -9999 -9999 -9999 -9999 -9999 -9999 -9999 -9999 -9999 -9999 -9999 -9999 -9999 -9999 -9999 -9999 -9999 -9999 -9999 21959.3 21545.3 20772.6 19972.6 19172.6 18404.7 17925 17592.7 17261.3 16930 16598.6 16267.2 15935.9 15604.5 15273.1 14941.8 14610.4 14279 13947.7 13616.3 13284.9 12963.9 13077.8 13409.2
15394.4 16146.7 15803.3 15003.3 14203.3 13403.3 12603.3 11803.3 11003.3 10203.3 9403.3 8603.3 7803.3 7003.3 6203.3 5454.56 5013.35 4681.98 4350.61 4019.24 3843.2 4095.77 3683.13 3274.87 2943.5 2643.2 2785.51 2894.97 3226.35 3557.72 3965.97 4689.09 5399.59 -9999 -9999 -9999 -9999 -9999 -9999 -9999 -9999 -9999 -9999 -9999 -9999 -9999 -9999 -9999 -9999 -9999 -9999 -9999 -9999 21823 21241.3 20441.3 19641.3 18841.3 18041.3 17273.3 16793.6 16461.3 16130 15798.6 15467.2 15135.9 14804.5 14473.1 14141.8 13810.4 13479 13147.7 12816.3 12484.9 12163.9 12277.8 12609.2
15063.1 15815.3 15471.9 14671.9 13871.9 13071.9 12271.9 11471.9 10671.9 9871.92 9071.93 8271.93 7471.93 6671.93 5871.93 5071.93 4323.19 3881.98 3550.61 3219.24 3043.2 3343.5 3255.52 2551.76 2143.5 1843.2 1985.51 2094.97 2426.35 2834.6 3557.72 4331.09 4972.22 -9999 -9999 -9999 -9999 -9999 -9999 -9999 -9999 -9999 -9999 -9999 -9999 -9999 -9999 -9999 -9999 -9999 -9999 -9999 -9999 21475.3 20909.9 20109.9 19309.9 18509.9 17709.9 16909.9 16141.9 15662.3 15330 14998.6 14667.2 14335.9 14004.5 13673.1 13341.8 13010.4 12679 12347.7 12016.3 11684.9 11363.9 11477.8 11809.2
14731.7 15483.9 15140.5 14340.5 13540.5 12740.5 11940.5 11140.5 10340.6 9540.56 8740.56 7940.56 7140.56 6340.56 5540.56 4740.56 3940.56 3191.82 2750.61 2419.24 2243.2 2543.5 2759.35 2143.5 1420.39 1043.2 1186.42 1294.97 1703.23 2426.35 3223.09 3877.81 -9999 -9999 -9999 -9999 -9999 -9999 -9999 -9999 -9999 -9999 -9999 -9999 -9999 -9999 -9999 -9999 -9999 -9999 -9999 -9999 21725 21337.1 20578.5 19778.5 18978.5 18178.5 17378.5 16578.5 15778.5 15010.5 14530.9 14198.6 13867.2 13535.9 13204.5 12873.1 12541.8 12210.4 11879 11547.7 11216.3 10884.9 10563.9 10677.8 11009.2
14400.3 15152.5 14809.2 14009.2 13209.2 12409.2 11609.2 10809.2 10009.2 9209.19 8409.19 7609.19 6809.19 6009.19 5209.19 4409.19 3609.19 2809.19 2060.44 1619.24 1443.2 1752.66 2251.84 1843.2 1043.2 369.454 514.851 571.859 1294.97 2094.97 2753.64 -9999 -9999 -9999 -9999 -9999 -9999 -9999 -9999 -9999 -9999 -9999 -9999 -9999 -9999 -9999 -9999 -9999 -9999 -9999 -9999 -9999 21584.2 21047.1 20247.1 19447.1 18647.1 17847.1 17047.1 16247.1 15447.1 14647.1 13879.2 13399.5 13067.2 12735.9 12404.5 12073.1 11741.8 11410.4 11079 10747.7 10416.3 10084.9 9763.91 9877.81 10209.2
14069 14821.2 14477.8 13677.8 12877.8 12077.8 11277.8 10477.8 9677.81 8877.82 8077.82 7277.82 6477.82 5677.82 4877.82 4077.82 3277.82 2477.82 1677.82 929.074 652.351 1186.97 1974.47 2011.79 1237.54 746.859 674.486 646.231 1336.4 2029.12 2441.42 -9999 -9999 -9999 -9999 -9999 -9999 -9999 -9999 -9999 -9999 -9999 -9999 -9999 -9999 -9999 -9999 -9999 -9999 -9999 -9999 22046 21486.5 20715.8 19915.8 19115.8 18315.8 17515.8 16715.8 15915.8 15115.8 14315.8 13515.8 12747.8 12268.2 11935.9 11604.5 11273.1 10941.8 10610.4 10279 9947.66 9616.29 9284.92 8963.91 9077.82 9409.18
13737.6 14519.6 14363.8 13563.9 12763.9 11963.9 11163.9 10363.9 9563.91 8763.91 7963.91 7163.91 6363.91 5563.91 4763.91 3963.91 3163.91 2363.91 1563.91 773.062 413.963 1063.91 1863.91 2297.24 1847.16 1543.2 1435.51 1394.97 1599.31 -9999 -9999 -9999 -9999 -9999 -9999 -9999 -9999 -9999 -9999 -9999 -9999 -9999 -9999 -9999 -9999 -9999 -9999 -9999 -9999 -9999 22715.7 21966.9 21184.4 20384.4 19584.4 18784.4 17984.4 17184.4 16384.4 15584.4 14784.4 13984.4 13184.4 12384.4 11616.4 11136.8 10804.5 10473.1 10141.8 9810.4 9479.03 9147.66 8816.29 8484.92 8163.91 8277.82 8609.19
13406.2 14206.2 14603 13884.9 13084.9 12284.9 11484.9 10684.9 9884.92 9084.92 8284.92 7484.92 6684.92 5884.92 5084.92 4284.92 3484.92 2684.92 1894.08 1328.39 1143.2 1494.76 2184.92 2831.33 2643.5 2343.2 2235.51 2141.38 2031.37 -9999 -9999 -9999 -9999 -9999 -9999 -9999 -9999 -9999 -9999 -9999 -9999 -9999 -9999 -9999 -9999 -9999 -9999 -9999 -9999 -9999 -9999 21558.8 20973.6 20171.1 19253 18453 17653 16853 16053 15253 14453 13653 12853 12053 11253 10485.1 10005.4 9673.15 9341.78 9010.41 8679.04 8347.67 8016.29 7684.92 7363.91 7477.82 7809.19
13074.9 13874.9 14598.8 14215.9 13415.9 12615.9 11815.9 11015.9 10215.9 9415.92 8615.93 7815.93 7015.93 6215.93 5415.93 4616.11 3816.3 3025.45 2459.76 2119.24 1943.2 2243.5 2626.13 3304.38 3443.08 3143.2 3035.51 2865.45 -9999 -9999 -9999 -9999 -9999 -9999 -9999 -9999 -9999 -9999 -9999 -9999 -9999 -9999 -9999 -9999 -9999 -9999 -9999 -9999 -9999 -9999 -9999 -9999 -9999 19226.7 18909 18121.7 17321.7 16521.7 15721.7 14921.7 14121.7 13321.7 12521.7 11721.7 10921.7 10121.7 9353.71 8874.06 8541.78 8210.41 7879.04 7547.67 7216.29 6884.92 6563.91 6677.82 7009.19
12743.5 13543.5 14334.6 14171.9 13371.9 12571.9 11771.9 10971.9 10171.9 9371.93 8571.93 7771.93 6971.93 6171.93 5371.93 4579.19 3928.75 3437.58 3097.06 2777.56 2711.54 3019.39 3350.76 3753.95 4178.47 3943.2 3835.51 3604.85 -9999 -9999 -9999 -9999 -9999 -9999 -9999 -9999 -9999 -9999 -9999 -9999 -9999 -9999 -9999 -9999 -9999 -9999 -9999 -9999 -9999 -9999 -9999 -9999 -9999 19157.1 18557.2 17790.3 16990.3 16190.3 15390.3 14590.3 13790.3 12990.3 12190.3 11390.3 10590.3 9790.3 8990.3 8222.34 7742.69 7410.41 7079.04 6747.67 6416.3 6084.92 5763.91 5877.82 6209.19
12443.2 13243.2 14029.8 13840.5 13040.5 12240.5 11440.5 10640.6 9840.55 9040.56 8240.56 7440.56 6640.56 5840.56 5040.56 4240.56 3449.71 2884.03 2543.5 2243.2 2419.24 2750.61 3191.82 3937.01 4643.29 4740.05 4734.47 -9999 -9999 -9999 -9999 -9999 -9999 -9999 -9999 -9999 -9999 -9999 -9999 -9999 -9999 -9999 -9999 -9999 -9999 -9999 -9999 -9999 -9999 -9999 -9999 -9999 -9999 -9999 18113.2 17458.9 16658.9 15858.9 15058.9 14258.9 13458.9 12658.9 11858.9 11058.9 10258.9 9458.93 8658.94 7858.94 7090.97 6611.32 6279.04 5947.67 5616.29 5284.92 4963.91 5077.82 5409.19
12619.2 13419.2 14051.4 13509.2 12709.2 11909.2 11109.2 10309.2 9509.18 8709.19 7909.19 7109.19 6309.19 5509.19 4709.19 3909.19 3109.19 2318.34 1752.66 1443.2 1619.24 2060.44 2809.19 3609.19 4409.19 5149.86 5371.87 -9999 -9999 -9999 -9999 -9999 -9999 -9999 -9999 -9999 -9999 -9999 -9999 -9999 -9999 -9999 -9999 -9999 -9999 -9999 -9999 -9999 -9999 -9999 -9999 -9999 -9999 -9999 17693.5 17127.5 16327.5 15527.5 14727.5 13927.5 13127.5 12327.6 11527.6 10727.6 9927.56 9127.56 8327.57 7527.57 6727.57 5959.6 5479.95 5147.67 4816.29 4484.92 4163.91 4277.82 4609.19
12950.6 13750.6 13951.6 13177.8 12377.8 11577.8 10777.8 9977.82 9177.82 8377.82 7577.82 6777.82 5977.82 5177.82 4377.82 3577.82 2777.82 1977.82 1186.97 652.351 929.074 1677.82 2477.82 3277.82 4077.82 4770.42 -9999 -9999 -9999 -9999 -9999 -9999 -9999 -9999 -9999 -9999 -9999 -9999 -9999 -9999 -9999 -9999 -9999 -9999 -9999 -9999 -9999 -9999 -9999 -9999 -9999 -9999 -9999 -9999 -9999 16749.1 15996.2 15196.2 14396.2 13596.2 12796.2 11996.2 11196.2 10396.2 9596.19 8796.19 7996.19 7196.19 6396.19 5596.19 4828.23 4348.58 4016.3 3684.92 3363.91 3477.82 3809.19
13282 14067.2 13863.9 13063.9 12263.9 11463.9 10663.9 9863.91 9063.91 8263.91 7463.91 6663.91 5863.91 5063.91 4263.91 3463.91 2663.91 1863.91 1063.91 413.963 773.062 1563.91 2363.91 3163.91 3779.9 -9999 -9999 -9999 -9999 -9999 -9999 -9999 -9999 -9999 -9999 -9999 -9999 -9999 -9999 -9999 -9999 -9999 -9999 -9999 -9999 -9999 -9999 -9999 -9999 -9999 -9999 -9999 -9999 -9999 -9999 16170.3 15664.8 14864.8 14064.8 13264.8 12464.8 11664.8 10864.8 10064.8 9264.82 8464.82 7664.82 6864.82 6064.82 5264.82 4464.82 3696.86 3217.21 2884.92 2563.91 2677.82 3009.19
13598.4 14384.2 14184.9 13384.9 12584.9 11784.9 10984.9 10184.9 9384.92 8584.92 7784.92 6984.92 6184.92 5384.92 4584.92 3784.92 2984.92 2184.92 1494.76 1143.2 1328.39 1894.08 2684.92 3410.57 3789.95 -9999 -9999 -9999 -9999 -9999 -9999 -9999 -9999 -9999 -9999 -9999 -9999 -9999 -9999 -9999 -9999 -9999 -9999 -9999 -9999 -9999 -9999 -9999 -9999 -9999 -9999 -9999 -9999 17448.8 -9999 15957.9 15333.4 14533.4 13733.4 12933.4 12133.4 11333.4 10533.4 9733.45 8933.45 8133.45 7333.45 6533.45 5733.45 4933.45 4133.45 3333.45 2565.49 2085.84 1763.91 1877.82 2227.49
13532.8 14332.8 14502.6 13716.3 12916.3 12116.3 11316.3 10516.3 9716.29 8916.29 8116.29 7316.3 6516.3 5716.3 4916.29 4116.3 3316.3 2626.13 2243.5 1943.2 2119.24 2459.76 3025.45 3628.85 -9999 -9999 -9999 -9999 -9999 -9999 -9999 -9999 -9999 -9999 -9999 -9999 -9999 -9999 -9999 -9999 -9999 -9999 -9999 -9999 -9999 -9999 -9999 -9999 -9999 -9999 -9999 -9999 17955.6 17335.6 16605.3 15802.1 15002.1 14202.1 13402.1 12602.1 11802.1 11002.1 10202.1 9402.08 8602.08 7802.08 7002.08 6202.08 5402.08 4602.08 3802.08 3002.08 2202.08 1434.12 964.824 1096.12 1705.74
13760.7 14560.7 14824.3 14047.7 13247.7 12447.7 11647.7 10847.7 10047.7 9247.66 8447.67 7647.67 6847.67 6047.67 5247.67 4447.67 3757.5 3374.87 3043.5 2743.2 2919.24 3250.61 3591.13 4012.11 -9999 -9999 -9999 -9999 -9999 -9999 -9999 -9999 -9999 -9999 -9999 -9999 -9999 -9999 -9999 -9999 -9999 -9999 -9999 -9999 -9999 -9999 -9999 -9999 -9999 -9999 -9999 -9999 17677.1 17154 16326.6 15532.8 14732.8 13932.8 13132.8 12332.8 11532.8 10732.8 9932.84 9132.84 8332.84 7532.84 6732.84 5932.84 5132.84 4332.84 3532.84 2732.84 1932.84 1132.84 393.539 637.419 1432.84
14092 14892 15155.6 14379 13579 12779 11979 11179 10379 9579.03 8779.04 7979.04 7179.04 6379.04 5579.04 4888.87 4506.25 4174.87 3843.5 3543.2 3719.24 4050.61 4374.12 4429.32 -9999 -9999 -9999 -9999 -9999 -9999 -9999 -9999 -9999 -9999 -9999 -9999 -9999 -9999 -9999 -9999 -9999 -9999 -9999 -9999 -9999 -9999 -9999 -9999 -9999 -9999 -9999 -9999 -9999 17465.7 16235.2 15757.3 15113.5 14160.7 13360.7 12560.7 11760.7 10960.7 10160.7 9360.66 8560.66 7760.66 6960.66 6160.66 5360.66 4560.66 3760.66 2960.66 2160.66 1378.97 867.57 1009.85 1661.58
14423.4 15223.4 15487 14710.4 13910.4 13110.4 12310.4 11510.4 10710.4 9910.4 9110.41 8310.41 7510.41 6710.41 6020.24 5637.62 5306.24 4974.87 4643.5 4343.2 4519.24 4842.75 4893.96 -9999 -9999 -9999 -9999 -9999 -9999 -9999 -9999 -9999 -9999 -9999 -9999 -9999 -9999 -9999 -9999 -9999 -9999 -9999 -9999 -9999 -9999 -9999 -9999 -9999 -9999 -9999 -9999 -9999 -9999 -9999 -9999 16099.7 15299.2 14492 13692 12892 12092 11292 10492 9692.03 8892.03 8092.03 7292.03 6492.03 5692.03 4892.03 4092.03 3292.03 2510.34 1988.59 1663.91 1777.82 2141.22
14754.8 15554.8 15818.4 15041.8 14241.8 13441.8 12641.8 11841.8 11041.8 10241.8 9441.78 8641.78 7841.78 7151.61 6768.99 6437.62 6106.24 5774.87 5443.5 5143.2 5319.24 5504.65 -9999 -9999 -9999 -9999 -9999 -9999 -9999 -9999 -9999 -9999 -9999 -9999 -9999 -9999 -9999 -9999 -9999 -9999 -9999 -9999 -9999 -9999 -9999 -9999 -9999 -9999 -9999 -9999 -9999 -9999 -9999 -9999 16970.9 16423.4 15623.4 14823.4 14023.4 13223.4 12423.4 11623.4 10823.4 10023.4 9223.4 8423.4 7623.4 6823.4 6023.4 5223.4 4423.4 3641.71 3119.96 2784.92 2463.91 2577.82 2909.19
15086.1 15886.1 16149.7 15373.1 14573.1 13773.1 12973.1 12173.1 11373.1 10573.1 9773.15 8973.15 8282.99 7900.36 7568.99 7237.62 6906.24 6574.87 6205.95 5839.86 5881.07 -9999 -9999 -9999 -9999 -9999 -9999 -9999 -9999 -9999 -9999 -9999 -9999 -9999 -9999 -9999 -9999 -9999 -9999 -9999 -9999 -9999 -9999 -9999 -9999 -9999 -9999 -9999 -9999 -9999 -9999 -9999 -9999 -9999 17281.1 16830.9 15732.2 15141.8 14299.6 13554.8 12754.8 11954.8 11154.8 10354.8 9554.77 8754.77 7954.77 7154.77 6354.77 5554.77 4773.08 4251.33 3916.3 3584.92 3263.91 3377.82 3709.19
15417.5 16217.5 16481.1 15704.5 14904.5 14104.5 13304.5 12504.5 11704.5 10904.5 10104.5 9414.35 9031.73 8700.36 8368.99 8037.62 7706.24 7453.6 7375.64 6929.11 -9999 -9999 -9999 -9999 -9999 -9999 -9999 -9999 -9999 -9999 -9999 -9999 -9999 -9999 -9999 -9999 -9999 -9999 -9999 -9999 -9999 -9999 -9999 -9999 -9999 -9999 -9999 -9999 -9999 -9999 -9999 -9999 -9999 -9999 17441.2 17460.6 -9999 -9999 14388.7 13816.4 13086.1 12286.1 11486.1 10686.1 9886.14 9086.14 8286.14 7486.14 6686.14 5904.45 5382.7 5047.67 4716.29 4384.92 4063.91 4177.82 4509.19
15748.9 16548.9 16812.5 16035.9 15235.9 14435.9 13635.9 12835.9 12035.9 11235.9 10545.7 10163.1 9831.72 9500.35 9168.98 8837.61 8501.24 8085.67 -9999 -9999 -9999 -9999 -9999 -9999 -9999 -9999 -9999 -9999 -9999 -9999 -9999 -9999 -9999 -9999 -9999 -9999 -9999 -9999 -9999 -9999 -9999 -9999 -9999 -9999 -9999 -9999 -9999 -9999 -9999 -9999 -9999 -9999 -9999 -9999 -9999 -9999 -9999 -9999 14800.6 14407.4 13417.5 12617.5 11817.5 11017.5 10217.5 9417.51 8617.51 7817.52 7035.82 6514.07 6179.04 5847.67 5516.3 5184.92 4863.91 4977.82 5309.19
16080.2 16880.2 17143.9 16367.2 15567.2 14767.2 13967.2 13167.2 12367.3 11677.1 11294.5 10963.1 10631.7 10300.4 9968.98 9637.61 9457.69 -9999 -9999 -9999 -9999 -9999 -9999 -9999 -9999 -9999 -9999 -9999 -9999 -9999 -9999 -9999 -9999 -9999 -9999 -9999 -9999 -9999 -9999 -9999 -9999 -9999 -9999 -9999 -9999 -9999 -9999 -9999 -9999 -9999 -9999 -9999 -9999 -9999 -9999 -9999 -9999 -9999 14971 14545 13748.9 12948.9 12148.9 11348.9 10548.9 9748.88 8948.88 8167.19 7645.44 7310.41 6979.04 6647.67 6316.29 5984.92 5663.91 5777.82 6109.19
16411.6 17211.6 17475.2 16698.6 15898.6 15098.6 14298.6 13498.6 12808.5 12425.8 12094.5 11763.1 11431.7 11100.3 10769 10437.6 10246.6 -9999 -9999 -9999 -9999 -9999 -9999 -9999 -9999 -9999 -9999 -9999 -9999 -9999 -9999 -9999 -9999 -9999 -9999 -9999 -9999 -9999 -9999 -9999 -9999 -9999 -9999 -9999 -9999 -9999 -9999 -9999 -9999 -9999 -9999 -9999 -9999 -9999 -9999 -9999 -9999 -9999 -9999 14819.1 14080.2 13280.2 12480.2 11680.2 10880.2 10080.3 9298.56 8776.81 8441.78 8110.41 7779.04 7447.67 7116.29 6784.92 6463.91 6577.82 6909.19
16743 17543 17806.6 17030 16230 15430 14630 13939.8 13557.2 13225.8 12894.5 12563.1 12231.7 11829.9 11470.7 11237.6 11030.6 -9999 -9999 -9999 -9999 -9999 -9999 -9999 -9999 -9999 -9999 -9999 -9999 -9999 -9999 -9999 -9999 -9999 -9999 -9999 -9999 -9999 -9999 -9999 -9999 -9999 -9999 -9999 -9999 -9999 -9999 -9999 -9999 -9999 -9999 -9999 -9999 -9999 -9999 -9999 -9999 -9999 15640.9 15193.7 14411.6 13611.6 12811.6 12011.6 11211.6 10429.9 9908.18 9573.15 9241.78 8910.41 8579.04 8247.67 7916.29 7584.92 7263.91 7377.82 7709.19
17074.3 17874.3 18138 17361.3 16561.3 15761.4 15071.2 14688.6 14357.2 14025.8 13694.5 13363.1 13050.5 13345.5 -9999 12051.5 12973.3 -9999 -9999 -9999 -9999 -9999 -9999 -9999 -9999 -9999 -9999 -9999 -9999 -9999 -9999 -9999 -9999 -9999 -9999 -9999 -9999 -9999 -9999 -9999 -9999 -9999 -9999 -9999 -9999 -9999 -9999 -9999 -9999 -9999 -9999 -9999 -9999 -9999 -9999 20139.2 -9999 -9999 -9999 15283.9 14723.3 13943 13143 12343 11561.3 11039.5 10704.5 10373.1 10041.8 9710.4 9379.03 9047.66 8716.29 8384.92 8063.91 8177.82 8509.19
17405.7 18205.7 18469.3 17692.7 16892.7 16202.6 15819.9 15488.6 15157.2 14825.8 14494.4 14116.7 13862.8 13994.1 16164.9 16747.2 17240.6 -9999 -9999 -9999 -9999 -9999 -9999 -9999 -9999 -9999 -9999 -9999 -9999 -9999 -9999 -9999 -9999 -9999 -9999 -9999 -9999 -9999 -9999 -9999 -9999 -9999 -9999 -9999 -9999 -9999 -9999 -9999 -9999 -9999 -9999 -9999 -9999 -9999 -9999 19758.5 19330.4 -9999 -9999 17054.8 15051.9 14274.3 13474.4 12692.7 12170.9 11835.9 11504.5 11173.1 10841.8 10510.4 10179 9847.66 9516.29 9184.92 8863.91 8977.82 9309.18
17737.1 18537.1 18800.7 18024.1 17333.9 16924 16547.1 16241.3 15933.1 15593.1 15290.8 14633.8 14421.1 14790.6 15673.4 16403.2 16954.3 -9999 -9999 29077.1 28599.7 28380 -9999 -9999 -9999 -9999 -9999 -9999 -9999 -9999 -9999 -9999 -9999 -9999 -9999 -9999 -9999 -9999 -9999 -9999 -9999 -9999 -9999 -9999 -9999 -9999 -9999 -9999 -9999 -9999 -9999 -9999 -9999 -9999 -9999 19532.8 18905.4 18043.3 17184 16634.9 15380.1 14605.7 13824 13302.3 12967.2 12635.9 12304.5 11973.1 11641.8 11310.4 10979 10647.7 10316.3 9984.92 9663.91 9777.82 10109.2
18068.5 18868.5 19132.1 18465.3 18230.4 17504.9 17019.2 17266.5 16892.1 16130.7 15864.9 -9999 -9999 15713.2 16002.2 16611.1 17028.8 -9999 27765.7 28729.3 28110.5 27943.5 -9999 -9999 -9999 -9999 -9999 -9999 -9999 -9999 -9999 -9999 -9999 -9999 -9999 -9999 -9999 -9999 -9999 -9999 -9999 -9999 -9999 -9999 -9999 -9999 -9999 -9999 -9999 -9999 -9999 -9999 -9999 21364.1 20569.7 19729.8 18937.1 18137.1 17337.1 16537.1 15737.1 14955.4 14433.6 14098.6 13767.2 13435.9 13104.5 12773.1 12441.8 12110.4 11779 11447.7 11116.3 10784.9 10463.9 10577.8 10909.2
18399.8 19198.4 19570 19155.5 19024.1 -9999 -9999 18026.9 18263.1 -9999 -9999 -9999 -9999 17326.6 16848.5 17095.4 -9999 26775.8 27291.1 26661.8 26910.3 27265.7 27582.4 -9999 -9999 -9999 -9999 -9999 -9999 -9999 -9999 -9999 -9999 -9999 -9999 -9999 -9999 -9999 -9999 -9999 -9999 -9999 -9999 -9999 -9999 -9999 -9999 -9999 -9999 -9999 -9999 -9999 22035.6 21508 20868.5 20068.5 19268.5 18468.5 17668.5 16868.5 16086.8 15565 15230 14898.6 14567.2 14235.9 13904.5 13573.1 13241.8 12910.4 12579 12247.7 11916.3 11584.9 11263.9 11377.8 11709.2
18598.9 20463.7 20261.7 20329.7 -9999 -9999 -9999 -9999 -9999 -9999 -9999 19353.6 18387.7 17892.2 17630.2 17668.9 26786.9 26320.6 25830.4 25759.4 26123.9 26806.5 27634 -9999 -9999 -9999 -9999 -9999 -9999 -9999 -9999 -9999 -9999 -9999 -9999 -9999 -9999 -9999 -9999 -9999 -9999 -9999 -9999 -9999 -9999 -9999 -9999 -9999 -9999 -9999 -9999 -9999 -9999 21721.3 21185.5 20399.8 19599.8 18799.8 17999.8 17218.1 16696.4 16361.3 16030 15698.6 15367.2 15035.9 14704.5 14373.1 14041.8 13710.4 13379 13047.7 12716.3 12384.9 12063.9 12177.8 12509.2
