public/models/data/input/map/ntb/800/mapdplant.asc
NCOLS 484
NROWS 342
XLLCORNER 370313.940441
YLLCORNER 9266624.452423
CELLSIZE 800.000000
NODATA_VALUE       -9999
[rows 238 to 271 of 342, columns 0 to 76 of 484]
-9999 -9999 -9999 -9999 -9999 -9999 -9999 -9999 -9999 -9999 -9999 -9999 -9999 -9999 -9999 -9999 -9999 -9999 -9999 -9999 -9999 -9999 -9999 -9999 -9999 -9999 -9999 -9999 -9999 -9999 -9999 -9999 -9999 -9999 -9999 -9999 -9999 -9999 33757.1 33100 -9999 31431.3 30478.9 29790 29019.5 28219.5 27419.5 26619.5 25819.5 25051.5 24571.8 24239.5 23908.2 23576.8 23245.4 22914 22582.7 22251.3 21919.9 21588.6 21257.2 20925.8 20594.4 20263.1 19931.7 19600.3 19269 18937.6 18606.2 18274.9 17943.5 17632.8 17777.8 18109.2 18440.5 18771.9 19103.3
-9999 -9999 -9999 -9999 -9999 -9999 -9999 -9999 -9999 -9999 -9999 -9999 -9999 -9999 -9999 -9999 -9999 -9999 -9999 -9999 -9999 -9999 -9999 -9999 -9999 -9999 -9999 -9999 -9999 -9999 -9999 -9999 -9999 -9999 -9999 -9999 -9999 -9999 33439.3 32689 31916.4 31080.4 30288.1 29488.1 28688.1 27888.1 27088.1 26288.1 25488.1 24688.1 23920.1 23440.5 23108.2 22776.8 22445.4 22114 21782.7 21451.3 21119.9 20788.6 20457.2 20125.8 19794.4 19463.1 19131.7 18800.3 18469 18137.6 17806.2 17474.9 17143.5 16832.8 16977.8 17309.2 17640.5 17971.9 18303.3
-9999 -9999 -9999 -9999 -9999 -9999 -9999 -9999 -9999 -9999 -9999 -9999 -9999 -9999 -9999 -9999 -9999 -9999 -9999 -9999 -9999 -9999 -9999 -9999 -9999 -9999 -9999 -9999 -9999 -9999 -9999 -9999 -9999 -9999 -9999 -9999 -9999 -9999 32887.8 32356.7 31556.7 30756.7 29956.7 29156.7 28356.7 27556.7 26756.7 25956.7 25156.7 24356.7 23556.7 22788.7 22309.1 21976.8 21645.4 21314 20982.7 20651.3 20319.9 19988.6 19657.2 19325.8 18994.4 18663.1 18331.7 18000.3 17669 17337.6 17006.2 16674.9 16343.5 16032.8 16177.8 16509.2 16840.5 17171.9 17503.3
-9999 -9999 -9999 -9999 -9999 -9999 -9999 -9999 -9999 -9999 -9999 -9999 -9999 -9999 -9999 -9999 -9999 -9999 -9999 -9999 -9999 -9999 -9999 -9999 -9999 -9999 -9999 -9999 -9999 -9999 -9999 -9999 -9999 -9999 -9999 -9999 -9999 -9999 32330.4 32024.7 31225.3 30425.3 29625.3 28825.3 28025.3 27225.3 26425.3 25625.3 24825.3 24025.3 23225.3 22425.3 21657.4 21177.7 20845.4 20514 20182.7 19851.3 19519.9 19188.6 18857.2 18525.8 18194.4 17863.1 17531.7 17200.3 16869 16537.6 16206.2 15874.9 15543.5 15232.8 15377.8 15709.2 16040.5 16371.9 16709.3
-9999 -9999 -9999 -9999 -9999 -9999 -9999 -9999 -9999 -9999 -9999 -9999 -9999 -9999 -9999 -9999 -9999 -9999 -9999 -9999 -9999 -9999 -9999 -9999 -9999 -9999 -9999 -9999 -9999 -9999 -9999 -9999 -9999 -9999 -9999 -9999 -9999 -9999 32297.1 31694 30894 30094 29294 28494 27694 26894 26094 25294 24494 23694 22894 22094 21294 20526 20046.3 19714 19382.7 19051.3 18719.9 18388.6 18057.2 17725.8 17394.4 17063.1 16731.7 16400.3 16069 15737.6 15406.2 15074.9 14743.5 14432.8 14577.8 14909.2 15240.5 15571.9 15944.2
-9999 -9999 -9999 -9999 -9999 -9999 -9999 -9999 -9999 -9999 -9999 -9999 -9999 -9999 -9999 -9999 -9999 -9999 -9999 -9999 -9999 -9999 -9999 -9999 -9999 -9999 -9999 -9999 -9999 -9999 -9999 -9999 -9999 -9999 -9999 -9999 33634.9 32934.7 32162.6 31362.6 30562.6 29762.6 28962.6 28162.6 27362.6 26562.6 25762.6 24962.6 24162.6 23362.6 22562.6 21762.6 20962.6 20162.6 19394.6 18915 18582.7 18251.3 17919.9 17588.6 17257.2 16925.8 16594.4 16263.1 15931.7 15600.3 15269 14937.6 14606.2 14274.9 13943.5 13632.8 13777.8 14109.2 14440.5 14780.4 15470.6
-9999 -9999 -9999 -9999 -9999 -9999 -9999 -9999 -9999 -9999 -9999 -9999 -9999 -9999 -9999 -9999 -9999 -9999 -9999 -9999 -9999 -9999 -9999 -9999 -9999 -9999 -9999 -9999 -9999 -9999 -9999 -9999 36645.6 35800.2 35084.9 34172.9 33431.2 32631.2 31831.2 31031.2 30231.2 29431.2 28631.2 27831.2 27031.2 26231.2 25431.2 24631.2 23831.2 23031.2 22231.2 21431.2 20631.2 19831.2 19031.2 18263.2 17783.6 17451.3 17119.9 16788.6 16457.2 16125.8 15794.4 15463.1 15131.7 14800.3 14469 14137.6 13806.2 13474.9 13143.5 12832.8 12977.8 13309.2 13640.5 13960 15258.3
-9999 -9999 -9999 -9999 -9999 -9999 -9999 -9999 -9999 -9999 -9999 -9999 -9999 -9999 -9999 -9999 -9999 -9999 -9999 -9999 -9999 -9999 -9999 -9999 -9999 -9999 -9999 -9999 -9999 -9999 -9999 36773.1 36299.8 35499.8 34699.8 33899.8 33099.8 32299.8 31499.8 30699.8 29899.8 29099.8 28299.8 27499.8 26699.8 25899.8 25099.8 24299.8 23499.8 22699.8 21899.8 21099.8 20299.8 19499.8 18699.8 17899.8 17131.9 16652.2 16319.9 15988.6 15657.2 15325.8 14994.4 14663.1 14331.7 14000.3 13669 13337.6 13006.2 12674.9 12343.5 12032.8 12177.8 12509.2 12840.5 13237.6 -9999
-9999 -9999 -9999 -9999 -9999 -9999 -9999 -9999 -9999 -9999 -9999 -9999 -9999 -9999 -9999 -9999 -9999 -9999 -9999 -9999 -9999 -9999 -9999 -9999 -9999 -9999 -9999 -9999 -9999 -9999 37343.5 36776.7 35968.5 35168.5 34368.5 33568.5 32768.5 31968.5 31168.5 30368.5 29568.5 28768.5 27968.5 27168.5 26368.5 25568.5 24768.5 23968.5 23168.5 22368.5 21568.5 20768.5 19968.5 19168.5 18368.5 17568.5 16768.5 16000.5 15520.8 15188.6 14857.2 14525.8 14194.5 13863.1 13531.7 13200.3 12869 12537.6 12206.2 11874.9 11543.5 11232.8 11377.8 11709.2 12050.6 12567.1 12287.6
-9999 -9999 -9999 -9999 -9999 -9999 -9999 -9999 -9999 -9999 -9999 -9999 -9999 -9999 -9999 -9999 -9999 -9999 -9999 -9999 -9999 -9999 -9999 -9999 -9999 -9999 -9999 -9999 -9999 -9999 36919.8 36437.1 35637.1 34837.1 34037.1 33237.1 32437.1 31637.1 30837.1 30037.1 29237.1 28437.1 27637.1 26837.1 26037.1 25237.1 24437.1 23637.1 22837.1 22037.1 21237.1 20437.1 19637.1 18837.1 18037.1 17237.1 16437.1 15637.1 14869.1 14389.5 14057.2 13725.8 13394.5 13063.1 12731.7 12400.3 12069 11737.6 11406.2 11074.9 10743.5 10432.8 10577.8 10909.2 11240.5 11572.3 11723.7
-9999 -9999 -9999 -9999 -9999 -9999 -9999 -9999 -9999 -9999 -9999 -9999 -9999 -9999 -9999 -9999 -9999 -9999 -9999 -9999 -9999 -9999 -9999 -9999 -9999 -9999 -9999 -9999 -9999 37522 36740.3 36105.7 35305.7 34505.7 33705.7 32905.7 32105.7 31305.7 30505.7 29705.7 28905.7 28105.7 27305.7 26505.7 25705.7 24905.7 24105.7 23305.7 22505.7 21705.7 20905.7 20105.7 19305.7 18505.7 17705.7 16905.7 16105.7 15305.7 14505.7 13737.8 13258.1 12925.8 12594.5 12263.1 11931.7 11600.3 11269 10937.6 10606.2 10274.9 9943.5 9632.84 9777.82 10109.2 10440.6 10771.9 11119.5
-9999 -9999 -9999 -9999 -9999 -9999 -9999 -9999 -9999 -9999 -9999 -9999 -9999 -9999 -9999 -9999 -9999 -9999 -9999 -9999 -9999 -9999 -9999 -9999 -9999 -9999 -9999 -9999 -9999 37210.4 36574.3 35774.3 34974.3 34174.3 33374.3 32574.3 31774.3 30974.3 30174.3 29374.3 28574.3 27774.3 26974.3 26174.3 25374.3 24574.3 23774.3 22974.3 22174.3 21374.3 20574.3 19774.3 18974.3 18174.3 17374.3 16574.3 15774.3 14974.3 14174.4 13374.4 12606.4 12126.7 11794.5 11463.1 11131.7 10800.3 10469 10137.6 9806.24 9474.87 9143.5 8832.84 8977.82 9309.18 9640.55 9971.92 10303.3
-9999 -9999 -9999 -9999 -9999 -9999 -9999 -9999 -9999 -9999 -9999 -9999 -9999 -9999 -9999 -9999 -9999 -9999 -9999 -9999 -9999 -9999 -9999 -9999 -9999 -9999 -9999 -9999 37555.1 37039.7 36243 35443 34643 33843 33043 32243 31443 30643 29843 29043 28243 27443 26643 25843 25043 24243 23443 22643 21843 21043 20243 19443 18643 17843 17043 16243 15443 14643 13843 13043 12243 11475 10995.4 10663.1 10331.7 10000.4 9668.98 9337.61 9006.24 8674.87 8343.5 8032.84 8177.82 8509.19 8840.56 9171.93 9500.78
-9999 -9999 -9999 -9999 -9999 -9999 -9999 -9999 -9999 -9999 -9999 -9999 -9999 -9999 -9999 -9999 -9999 -9999 -9999 -9999 -9999 -9999 -9999 -9999 -9999 -9999 -9999 -9999 -9999 36630.9 35911.6 35111.6 34311.6 33511.6 32711.6 31911.6 31111.6 30311.6 29511.6 28711.6 27911.6 27111.6 26311.6 25511.6 24711.6 23911.6 23111.6 22311.6 21511.6 20711.6 19911.6 19111.6 18311.6 17511.6 16711.6 15911.6 15111.6 14311.6 13511.6 12711.6 11911.6 11111.6 10343.7 9864.01 9531.72 9200.35 8868.98 8537.61 8206.24 7874.87 7543.5 7232.84 7377.82 7709.19 8040.56 8371.93 8703.3
-9999 -9999 -9999 -9999 -9999 -9999 -9999 -9999 -9999 -9999 -9999 -9999 -9999 -9999 -9999 -9999 -9999 -9999 -9999 -9999 -9999 -9999 -9999 -9999 -9999 -9999 -9999 -9999 -9999 36180.2 35580.2 34780.2 33980.2 33180.2 32380.2 31580.2 30780.2 29980.2 29180.2 28380.2 27580.2 26780.2 25980.2 25180.2 24380.2 23580.2 22780.2 21980.2 21180.2 20380.2 19580.2 18780.2 17980.2 17180.2 16380.2 15580.2 14780.2 13980.2 13180.2 12380.2 11580.2 10780.2 9980.25 9212.29 8732.64 8400.36 8068.99 7737.62 7406.24 7074.87 6743.5 6432.84 6577.82 6909.19 7240.56 7571.93 7903.3
-9999 -9999 -9999 -9999 -9999 -9999 -9999 -9999 -9999 -9999 -9999 -9999 -9999 -9999 -9999 -9999 -9999 -9999 -9999 -9999 -9999 -9999 -9999 -9999 -9999 -9999 -9999 -9999 -9999 35830.1 35248.9 34448.9 33648.9 32848.9 32048.9 31248.9 30448.9 29648.9 28848.9 28048.9 27248.9 26448.9 25648.9 24848.9 24048.9 23248.9 22448.9 21648.9 20848.9 20048.9 19248.9 18448.9 17648.9 16848.9 16048.9 15248.9 14448.9 13648.9 12848.9 12048.9 11248.9 10448.9 9648.88 8848.88 8080.92 7601.27 7268.99 6937.62 6606.24 6274.87 5943.5 5632.84 5777.82 6109.19 6440.56 6771.93 7103.3
-9999 -9999 -9999 -9999 -9999 -9999 -9999 -9999 -9999 -9999 -9999 -9999 -9999 -9999 -9999 -9999 -9999 -9999 -9999 -9999 -9999 -9999 -9999 -9999 -9999 -9999 -9999 -9999 -9999 35492.5 34917.5 34117.5 33317.5 32517.5 31717.5 30917.5 30117.5 29317.5 28517.5 27717.5 26917.5 26117.5 25317.5 24517.5 23717.5 22917.5 22117.5 21317.5 20517.5 19717.5 18917.5 18117.5 17317.5 16517.5 15717.5 14917.5 14117.5 13317.5 12517.5 11717.5 10917.5 10117.5 9317.51 8517.51 7717.52 6949.55 6469.9 6137.62 5806.25 5474.87 5143.5 4832.84 4977.82 5309.19 5640.56 5971.93 6303.3
-9999 -9999 -9999 -9999 -9999 -9999 -9999 -9999 -9999 -9999 -9999 -9999 -9999 -9999 -9999 -9999 -9999 -9999 -9999 -9999 -9999 -9999 -9999 -9999 -9999 -9999 -9999 -9999 -9999 35314.2 34586.1 33786.1 32986.1 32186.1 31386.1 30586.1 29786.1 28986.1 28186.1 27386.1 26586.1 25786.1 24986.1 24186.1 23386.1 22586.1 21786.1 20986.1 20186.1 19386.1 18586.1 17786.1 16986.1 16186.1 15386.1 14586.1 13786.1 12986.1 12186.1 11386.1 10586.1 9786.14 8986.14 8186.14 7386.14 6586.14 5818.18 5338.53 5006.25 4674.87 4343.5 4032.84 4177.82 4509.19 4840.56 5171.93 5535.34
-9999 -9999 -9999 -9999 -9999 -9999 -9999 -9999 -9999 -9999 -9999 -9999 -9999 -9999 -9999 -9999 -9999 -9999 -9999 -9999 -9999 -9999 -9999 -9999 -9999 -9999 -9999 -9999 -9999 34784.9 34254.8 33454.8 32654.8 31854.8 31054.8 30254.8 29454.8 28654.8 27854.8 27054.8 26254.8 25454.8 24654.8 23854.8 23054.8 22254.8 21454.8 20654.8 19854.8 19054.8 18254.8 17454.8 16654.8 15854.8 15054.8 14254.8 13454.8 12654.8 11854.8 11054.8 10254.8 9454.77 8654.77 7854.77 7054.77 6254.77 5454.77 4686.81 4207.16 3874.87 3543.5 3232.84 3377.82 3709.19 4040.56 4403.97 5055.69
-9999 -9999 -9999 -9999 -9999 -9999 -9999 -9999 -9999 -9999 -9999 -9999 -9999 -9999 -9999 -9999 -9999 -9999 -9999 -9999 -9999 -9999 -9999 -9999 -9999 -9999 -9999 -9999 -9999 34601.2 33984 33122.9 32323.4 31523.4 30723.4 29923.4 29123.4 28323.4 27523.4 26723.4 25923.4 25123.4 24323.4 23523.4 22723.4 21923.4 21123.4 20323.4 19523.4 18723.4 17923.4 17123.4 16323.4 15523.4 14723.4 13923.4 13123.4 12323.4 11523.4 10723.4 9923.4 9123.4 8323.4 7523.4 6723.4 5923.4 5123.4 4323.4 3555.44 3075.79 2743.5 2432.84 2577.82 2909.19 3272.59 3924.32 4723.4
-9999 -9999 -9999 -9999 -9999 -9999 -9999 -9999 -9999 -9999 -9999 -9999 -9999 -9999 -9999 -9999 -9999 -9999 -9999 -9999 -9999 -9999 -9999 -9999 -9999 -9999 -9999 -9999 -9999 -9999 33894.1 32635.8 31983.9 31192 30392 29592 28792 27992 27192 26392 25592 24792 23992 23192 22392 21592 20792 19992 19192 18392 17592 16792 15992 15192 14392 13592 12792 11992 11192 10392 9592.03 8792.03 7992.03 7192.03 6392.03 5592.03 4792.03 3992.03 3192.03 2424.07 1944.42 1632.84 1777.82 2141.22 2792.95 3592.03 4392.03
-9999 -9999 -9999 -9999 -9999 -9999 -9999 -9999 -9999 -9999 -9999 -9999 -9999 -9999 -9999 -9999 -9999 -9999 -9999 -9999 -9999 -9999 -9999 -9999 -9999 -9999 -9999 -9999 -9999 -9999 -9999 -9999 31567.7 30860.7 30060.7 29260.7 28460.7 27660.7 26860.7 26060.7 25260.7 24460.7 23660.7 22860.7 22060.7 21260.7 20460.7 19660.7 18860.7 18060.7 17260.7 16460.7 15660.7 14860.7 14060.7 13260.7 12460.7 11660.7 10860.7 10060.7 9260.66 8460.66 7660.66 6860.66 6060.66 5260.66 4460.66 3660.66 2860.66 2060.66 1292.7 833.758 1009.85 1661.58 2460.66 3260.66 4060.66
-9999 -9999 -9999 -9999 -9999 -9999 -9999 -9999 -9999 -9999 -9999 -9999 -9999 -9999 -9999 -9999 -9999 -9999 -9999 -9999 -9999 -9999 -9999 -9999 -9999 -9999 -9999 -9999 -9999 -9999 -9999 -9999 -9999 30503.4 29746.6 28946.6 28146.6 27346.6 26546.6 25746.6 24946.6 24146.6 23346.6 22546.6 21746.6 20946.6 20146.6 19346.6 18546.6 17746.6 16946.6 16146.6 15346.6 14546.6 13746.6 12946.6 12146.6 11346.6 10546.6 9746.6 8946.6 8146.6 7346.6 6546.6 5746.6 4946.6 4146.6 3346.6 2546.6 1746.6 946.599 251.915 635.746 1432.84 2232.84 3032.84 3832.84
-9999 -9999 -9999 -9999 -9999 -9999 -9999 -9999 -9999 -9999 -9999 -9999 -9999 -9999 -9999 -9999 -9999 -9999 -9999 -9999 -9999 -9999 -9999 -9999 -9999 -9999 -9999 -9999 -9999 -9999 -9999 -9999 -9999 30377.2 29836.4 29036.4 28236.4 27436.4 26636.4 25836.4 25036.4 24236.4 23436.4 22636.4 21836.4 21036.4 20236.4 19436.4 18636.4 17836.4 17036.4 16236.4 15436.4 14636.4 13836.4 13036.4 12236.4 11436.4 10636.4 9836.39 9036.39 8236.4 7436.4 6636.4 5836.4 5036.4 4236.4 3436.4 2636.4 1836.4 1045.55 545.657 946.659 1703.69 2502.08 3302.08 4102.08
-9999 -9999 -9999 -9999 -9999 -9999 -9999 -9999 -9999 -9999 -9999 -9999 -9999 -9999 -9999 -9999 -9999 -9999 -9999 -9999 -9999 -9999 -9999 -9999 -9999 -9999 -9999 -9999 -9999 -9999 -9999 -9999 -9999 30617.8 30167.8 29367.8 28567.8 27767.8 26967.8 26167.8 25367.8 24567.8 23767.8 22967.8 22167.8 21367.8 20567.8 19767.8 18967.8 18167.8 17367.8 16567.8 15767.8 14967.8 14167.8 13367.8 12567.8 11767.8 10967.8 10167.8 9367.76 8567.77 7767.77 6967.77 6167.77 5367.77 4567.77 3767.77 2967.77 2176.92 1611.23 1332.84 1564.32 2061.9 2691.33 3743.16 4900.24
-9999 -9999 -9999 -9999 -9999 -9999 -9999 -9999 -9999 -9999 -9999 -9999 -9999 -9999 -9999 -9999 -9999 -9999 -9999 -9999 -9999 -9999 -9999 -9999 -9999 -9999 -9999 -9999 -9999 -9999 -9999 -9999 -9999 30804.2 30499.1 29699.1 28899.1 28099.1 27299.1 26499.1 25699.1 24899.1 24099.1 23299.1 22499.1 21699.1 20899.1 20099.1 19299.1 18499.1 17699.1 16899.1 16099.1 15299.1 14499.1 13699.1 12899.1 12099.1 11299.1 10499.1 9699.13 8899.14 8099.14 7299.14 6499.14 5699.14 4899.14 4099.14 3308.29 2742.61 2402.08 2132.84 2360.66 2742.82 -9999 -9999 6790.48
-9999 -9999 -9999 -9999 -9999 -9999 -9999 -9999 -9999 -9999 -9999 -9999 -9999 -9999 -9999 -9999 -9999 -9999 -9999 -9999 -9999 -9999 -9999 -9999 -9999 -9999 -9999 -9999 -9999 -9999 -9999 -9999 -9999 -9999 30829 30030.5 29230.5 28430.5 27630.5 26830.5 26030.5 25230.5 24430.5 23630.5 22830.5 22030.5 21230.5 20430.5 19630.5 18830.5 18030.5 17230.5 16430.5 15630.5 14830.5 14030.5 13230.5 12430.5 11630.5 10830.5 10030.5 9230.51 8430.51 7630.51 6830.51 6030.51 5230.51 4439.66 3873.98 3533.45 3202.08 2932.84 3160.66 3346.96 -9999 7690.86 7272.68
-9999 -9999 -9999 -9999 -9999 -9999 -9999 -9999 -9999 -9999 -9999 -9999 -9999 -9999 -9999 -9999 -9999 -9999 -9999 -9999 -9999 -9999 -9999 -9999 -9999 -9999 -9999 -9999 -9999 -9999 -9999 -9999 -9999 -9999 31124.4 30361.9 29561.9 28761.9 27961.9 27161.9 26361.9 25561.9 24761.9 23961.9 23161.9 22361.9 21561.9 20761.9 19961.9 19161.9 18361.9 17561.9 16761.9 15961.9 15161.9 14361.9 13561.9 12761.9 11961.9 11161.9 10361.9 9561.88 8761.88 7961.88 7161.88 6361.88 5571.03 5005.35 4664.82 4333.45 4002.08 3783.6 3703.28 -9999 -9999 8362.66 8006.24
-9999 -9999 -9999 -9999 -9999 -9999 -9999 -9999 -9999 -9999 -9999 -9999 -9999 -9999 -9999 -9999 -9999 -9999 -9999 -9999 -9999 -9999 -9999 -9999 -9999 -9999 -9999 -9999 -9999 -9999 -9999 -9999 -9999 -9999 31328.2 30693.2 29893.2 29093.2 28293.2 27493.2 26693.2 25893.2 25093.2 24293.2 23493.2 22693.2 21893.2 21093.2 20293.2 19493.2 18693.2 17893.2 17093.2 16293.2 15493.2 14693.2 13893.2 13093.2 12293.2 11493.2 10693.2 9893.25 9093.25 8293.25 7493.25 6702.4 6136.72 5796.19 5464.82 5133.45 4802.08 4577.31 4985.07 -9999 9382.14 9138.16 8806.24
-9999 -9999 -9999 -9999 -9999 -9999 -9999 -9999 -9999 -9999 -9999 -9999 -9999 -9999 -9999 -9999 -9999 -9999 -9999 -9999 -9999 -9999 -9999 -9999 -9999 -9999 -9999 -9999 -9999 -9999 -9999 -9999 -9999 -9999 31749.6 31024.6 30224.6 29424.6 28624.6 27824.6 27024.6 26224.6 25424.6 24624.6 23824.6 23024.6 22224.6 21424.6 20624.6 19824.6 19024.6 18224.6 17424.6 16624.6 15824.6 15024.6 14224.6 13424.6 12624.6 11824.6 11024.6 10224.6 9424.62 8624.62 7833.78 7268.09 6927.57 6596.19 6264.82 5933.45 5602.08 5283.44 5430.64 8179.82 9023.69 9551.63 9602.23
-9999 -9999 -9999 -9999 -9999 -9999 -9999 -9999 -9999 -9999 -9999 -9999 -9999 -9999 -9999 -9999 -9999 -9999 -9999 -9999 -9999 -9999 -9999 -9999 -9999 -9999 -9999 -9999 -9999 -9999 -9999 -9999 -9999 -9999 32103 31356 30556 29756 28956 28156 27356 26556 25756 24956 24156 23356 22556 21756 20956 20156 19356 18556 17756 16956 16156 15356 14556 13756 12956 12156 11356 10556 9755.99 8965.14 8399.46 8058.94 7727.57 7396.19 7064.82 6733.45 6402.08 6181.28 6672.89 7755.82 8493.98 9295.28 10027
-9999 -9999 -9999 -9999 -9999 -9999 -9999 -9999 -9999 -9999 -9999 -9999 -9999 -9999 -9999 -9999 -9999 -9999 -9999 -9999 -9999 -9999 -9999 -9999 -9999 -9999 -9999 -9999 -9999 -9999 -9999 -9999 -9999 -9999 32396.8 31687.3 30887.3 30087.3 29287.3 28487.3 27687.3 26887.3 26087.3 25287.3 24487.3 23687.3 22887.3 22087.3 21287.3 20487.3 19687.3 18887.3 18087.3 17287.3 16487.3 15687.3 14887.3 14087.3 13287.3 12487.3 11687.4 10887.4 10096.5 9530.83 9190.3 8858.93 8527.56 8196.19 7864.82 7533.45 7202.08 6974.26 7252.66 7818.34 8609.19 9409.19 10209.2
-9999 -9999 -9999 -9999 -9999 -9999 -9999 -9999 -9999 -9999 -9999 -9999 -9999 -9999 -9999 -9999 -9999 -9999 -9999 -9999 -9999 -9999 -9999 -9999 -9999 -9999 -9999 -9999 -9999 -9999 -9999 -9999 -9999 -9999 32606.2 32018.7 31218.7 30418.7 29618.7 28818.7 28018.7 27218.7 26418.7 25618.7 24818.7 24018.7 23218.7 22418.7 21618.7 20818.7 20018.7 19218.7 18418.7 17618.7 16818.7 16018.7 15218.7 14418.7 13618.7 12818.7 12018.7 11227.9 10662.2 10321.7 9990.3 9658.93 9327.56 8996.19 8664.82 8333.45 8002.08 7774.26 8043.5 8384.03 8949.71 9740.55 10540.6
-9999 -9999 -9999 -9999 -9999 -9999 -9999 -9999 -9999 -9999 -9999 -9999 -9999 -9999 -9999 -9999 -9999 -9999 -9999 -9999 -9999 -9999 -9999 -9999 -9999 -9999 -9999 -9999 -9999 -9999 -9999 -9999 -9999 -9999 32925.1 32350.1 31550.1 30750.1 29950.1 29150.1 28350.1 27550.1 26750.1 25950.1 25150.1 24350.1 23550.1 22750.1 21950.1 21150.1 20350.1 19550.1 18750.1 17950.1 17150.1 16350.1 15550.1 14750.1 13950.1 13150.1 12359.2 11793.6 11453 11121.7 10790.3 10458.9 10127.6 9796.19 9464.82 9133.45 8802.08 8574.26 8843.5 9174.87 9515.39 10081.1 10871.9
