public/models/data/input/map/ntb/800/mapdplant.asc
NCOLS 484
NROWS 342
XLLCORNER 370313.940441
YLLCORNER 9266624.452423
CELLSIZE 800.000000
NODATA_VALUE       -9999
[rows 272 to 305 of 342, columns 231 to 307 of 484]
20306.2 20637.6 20969 21300.3 21631.7 21963.1 22294.4 22625.8 22957.2 23288.6 23619.9 23951.3 24282.7 24614 24945.4 25276.8 25608.2 25939.5 26270.9 26602.3 26952 27561.6 28357.9 29157.9 29957.9 30757.9 31540.6 32648.9 33419 34149.7 34769.4 35557.9 36357.9 37157.9 37956.5 38742.9 -9999 -9999 -9999 -9999 -9999 -9999 -9999 -9999 -9999 -9999 -9999 -9999 -9999 -9999 -9999 -9999 -9999 -9999 -9999 -9999 -9999 -9999 -9999 -9999 -9999 -9999 -9999 -9999 -9999 -9999 -9999 -9999 -9999 -9999 -9999 -9999 -9999 -9999 -9999 -9999 -9999
21106.2 21437.6 21769 22100.3 22431.7 22763.1 23094.4 23425.8 23757.2 24088.6 24419.9 24751.3 25082.7 25414 25745.4 26076.8 26408.2 26739.5 27070.9 27402.3 27733.7 28083.4 28693 29489.3 30289.3 31089.3 31897.9 32911.8 34032.1 34998 35317.9 35898.5 36689.3 37489.3 38209.7 38972.4 -9999 -9999 -9999 -9999 -9999 -9999 -9999 -9999 -9999 -9999 -9999 -9999 -9999 -9999 -9999 -9999 -9999 -9999 -9999 -9999 -9999 -9999 -9999 -9999 -9999 -9999 -9999 -9999 -9999 -9999 -9999 -9999 -9999 -9999 -9999 -9999 -9999 -9999 -9999 -9999 -9999
21906.2 22237.6 22569 22900.3 23231.7 23563.1 23894.4 24225.8 24557.2 24888.6 25219.9 25551.3 25882.7 26214 26545.4 26876.8 27208.2 27539.5 27870.9 28202.3 28533.7 28865 29214.7 29824.4 30620.7 31420.7 32220.7 33011.5 33894.9 34682.8 35482.8 36247.7 37020.7 37820.7 38602.9 -9999 -9999 -9999 -9999 -9999 -9999 -9999 -9999 -9999 -9999 -9999 -9999 -9999 -9999 -9999 -9999 -9999 -9999 -9999 -9999 -9999 -9999 -9999 -9999 -9999 -9999 -9999 -9999 -9999 -9999 -9999 -9999 -9999 -9999 -9999 -9999 -9999 -9999 -9999 -9999 -9999 -9999
22706.2 23037.6 23369 23700.3 24031.7 24363.1 24694.4 25025.8 25357.2 25688.6 26019.9 26351.3 26682.7 27014 27345.4 27676.8 28008.2 28339.5 28670.9 29002.3 29333.7 29665 29996.4 30346.1 30955.7 31752.1 32518.5 33187.8 34715.2 35003 35752.1 36552.1 37352.1 38152.1 38910.4 39873.9 40979.9 41644.8 42200.6 -9999 -9999 -9999 -9999 -9999 -9999 -9999 -9999 -9999 -9999 -9999 -9999 -9999 -9999 -9999 -9999 -9999 -9999 -9999 -9999 -9999 -9999 -9999 -9999 -9999 -9999 -9999 -9999 -9999 -9999 -9999 -9999 -9999 -9999 -9999 -9999 -9999 -9999
23506.2 23837.6 24169 24500.3 24831.7 25163.1 25494.4 25825.8 26157.2 26488.6 26819.9 27151.3 27482.7 27814 28145.4 28476.8 28808.2 29139.5 29470.9 29802.3 30133.7 30465 30796.4 31127.8 31477.5 32087.1 32883.4 33684.6 34548 35332.9 36084.4 36883.4 37683.4 38381.3 39232.6 39999.1 40893.4 41568.1 42035.6 -9999 -9999 -9999 -9999 -9999 -9999 -9999 -9999 -9999 -9999 -9999 -9999 -9999 -9999 -9999 -9999 -9999 -9999 -9999 -9999 -9999 -9999 -9999 -9999 -9999 -9999 -9999 -9999 -9999 -9999 -9999 -9999 -9999 -9999 -9999 -9999 -9999 -9999
24306.2 24637.6 24969 25300.3 25631.7 25963.1 26294.4 26625.8 26957.2 27288.6 27619.9 27951.3 28282.7 28614 28945.4 29276.8 29608.2 29939.5 30270.9 30602.3 30933.7 31265 31596.4 31927.8 32259.2 32608.9 33218.5 34014.8 34814.8 35614.8 36414.8 37214.8 38014.8 38715.2 -9999 -9999 -9999 -9999 -9999 -9999 -9999 -9999 -9999 -9999 -9999 -9999 -9999 -9999 -9999 -9999 -9999 -9999 -9999 -9999 -9999 -9999 -9999 -9999 -9999 -9999 -9999 -9999 -9999 -9999 -9999 -9999 -9999 -9999 -9999 -9999 -9999 -9999 -9999 -9999 -9999 -9999 -9999
25106.2 25437.6 25769 26100.3 26431.7 26763.1 27094.4 27425.8 27757.2 28088.6 28419.9 28751.3 29082.7 29414 29745.4 30076.8 30408.2 30739.5 31070.9 31402.3 31733.7 32065 32396.4 32727.8 33059.2 33390.5 33740.2 34349.8 35146.2 35946.2 36746.2 37546.2 38346.2 39064.9 -9999 -9999 -9999 -9999 -9999 -9999 -9999 -9999 -9999 -9999 -9999 -9999 -9999 -9999 -9999 -9999 -9999 -9999 -9999 -9999 -9999 -9999 -9999 -9999 -9999 -9999 -9999 -9999 -9999 -9999 -9999 -9999 -9999 -9999 -9999 -9999 -9999 -9999 -9999 -9999 -9999 -9999 -9999
25906.2 26237.6 26569 26900.3 27231.7 27563.1 27894.4 28225.8 28557.2 28888.6 29219.9 29551.3 29882.7 30214 30545.4 30876.8 31208.2 31539.5 31870.9 32202.3 32533.7 32865 33196.4 33527.8 33859.2 34190.5 34521.9 34871.6 35481.2 36277.6 37077.6 37877.6 38677.6 39452.6 40010.4 -9999 -9999 -9999 -9999 -9999 -9999 -9999 -9999 -9999 -9999 -9999 -9999 -9999 -9999 -9999 -9999 -9999 -9999 -9999 -9999 -9999 -9999 -9999 -9999 -9999 -9999 -9999 -9999 -9999 -9999 -9999 -9999 -9999 -9999 -9999 -9999 -9999 -9999 -9999 -9999 -9999 -9999
26706.2 27037.6 27369 27700.3 28031.7 28363.1 28694.4 29025.8 29357.2 29688.6 30019.9 30351.3 30682.7 31014 31345.4 31676.8 32008.2 32339.5 32670.9 33002.3 33333.7 33665 33996.4 34327.8 34659.2 34990.5 35321.9 35653.3 36003 36612.6 37408.9 38208.9 39008.9 39815.4 41009.2 -9999 -9999 -9999 -9999 -9999 -9999 -9999 -9999 -9999 -9999 -9999 -9999 -9999 -9999 -9999 -9999 -9999 -9999 -9999 -9999 -9999 -9999 -9999 -9999 -9999 -9999 -9999 -9999 -9999 -9999 -9999 -9999 -9999 -9999 -9999 -9999 -9999 -9999 -9999 -9999 46736.4 46109.8
27506.2 27837.6 28169 28500.3 28831.7 29163.1 29494.4 29825.8 30157.2 30488.6 30819.9 31151.3 31482.7 31814 32145.4 32476.8 32808.2 33139.5 33470.9 33802.3 34133.7 34465 34796.4 35127.8 35459.2 35790.5 36121.9 36453.3 36784.7 37134.4 37744 38540.3 39340.3 40140.3 40937.2 41600.8 -9999 -9999 -9999 -9999 -9999 -9999 -9999 -9999 -9999 -9999 -9999 -9999 -9999 -9999 -9999 -9999 -9999 -9999 -9999 -9999 -9999 -9999 -9999 -9999 -9999 -9999 -9999 -9999 -9999 -9999 -9999 -9999 -9999 -9999 -9999 -9999 -9999 47971.8 47414.8 46629.6 45830.9
28306.2 28637.6 28969 29300.3 29631.7 29963.1 30294.4 30625.8 30957.2 31288.6 31619.9 31951.3 32282.7 32614 32945.4 33276.8 33608.2 33939.5 34270.9 34602.3 34933.7 35265 35596.4 35927.8 36259.2 36590.5 36921.9 37253.3 37584.7 37916 38265.7 38875.3 39671.7 40471.7 41271.7 41841.2 -9999 -9999 -9999 -9999 -9999 -9999 -9999 -9999 -9999 -9999 -9999 -9999 -9999 -9999 -9999 -9999 -9999 -9999 -9999 -9999 -9999 -9999 -9999 -9999 -9999 -9999 -9999 -9999 -9999 -9999 -9999 -9999 -9999 -9999 -9999 -9999 -9999 48229 47607 46807 46007
29106.2 29437.6 29769 30100.3 30431.7 30763.1 31094.4 31425.8 31757.2 32088.6 32419.9 32751.3 33082.7 33468.4 33698.9 34335.2 34433.4 34739.5 35070.9 35402.3 35733.7 36065 36396.4 36727.8 37059.2 37390.5 37721.9 38053.3 38384.7 38716 39047.4 39397.1 40006.7 40803.1 41603.1 42063.1 -9999 -9999 -9999 -9999 -9999 -9999 -9999 -9999 -9999 -9999 -9999 -9999 -9999 -9999 -9999 -9999 -9999 -9999 -9999 -9999 -9999 -9999 -9999 -9999 -9999 -9999 -9999 -9999 -9999 -9999 -9999 -9999 -9999 -9999 -9999 -9999 49511.8 48739 47938.3 47138.3 46338.3
29906.2 30237.6 30569 30900.3 31231.7 31563.1 31894.4 32225.8 32557.2 32888.6 33219.9 33551.3 33882.7 34222.6 34852.8 35615.7 35313.5 35539.5 35870.9 36202.3 36533.7 36865 37196.4 37527.8 37859.2 38190.5 38521.9 38853.3 39184.7 39516 39847.4 40178.8 40528.5 41138.1 41934.4 42439.3 -9999 -9999 -9999 -9999 -9999 -9999 -9999 -9999 -9999 -9999 -9999 -9999 -9999 -9999 62427 62520.8 -9999 -9999 -9999 -9999 -9999 -9999 -9999 -9999 -9999 -9999 -9999 -9999 -9999 -9999 -9999 -9999 -9999 -9999 -9999 50581.9 49869.7 49069.7 48269.7 47469.7 46669.7
30706.2 31037.6 31369 31700.3 32031.7 32363.1 32694.4 33025.8 33357.2 33688.6 34019.9 34351.3 34682.7 35014 35354.6 35909.5 36111.1 36339.5 36670.9 37002.3 37333.7 37665 37996.4 38327.8 38659.2 38990.5 39321.9 39653.3 39984.7 40316 40647.4 40978.8 41310.2 41659.9 42269.5 42838.2 -9999 -9999 -9999 -9999 -9999 -9999 -9999 -9999 -9999 -9999 -9999 -9999 -9999 61440.9 61857.9 62157.7 62713.1 63416.3 64067.1 -9999 -9999 -9999 -9999 -9999 -9999 -9999 -9999 -9999 -9999 -9999 -9999 -9999 -9999 -9999 51828.6 50998 50201.1 49401.1 48601.1 47801.1 47001.1
31506.2 31837.6 32169 32500.3 32831.7 33163.1 33494.4 33825.8 34157.7 34493.3 34815 35151.3 35482.7 35814 36145.4 36485.9 36852.1 37139.5 37470.9 37802.3 38133.7 38465 38796.4 39127.8 39459.2 39790.5 40121.9 40453.3 40784.7 41116 41447.4 41778.8 42110.2 42441.5 42791.2 43162.5 45510.3 45717.1 -9999 -9999 -9999 -9999 -9999 -9999 -9999 -9999 -9999 -9999 60445.9 60732.3 61064.6 61544.2 62312.2 63112.2 63912.2 64423.2 -9999 -9999 -9999 -9999 -9999 -9999 -9999 -9999 -9999 -9999 -9999 -9999 -9999 52706.7 52129.4 51332.5 50532.5 49732.5 48932.5 48132.5 47332.5
32306.2 32637.6 32969 33300.3 33631.7 33963.1 34294.4 34625.8 34957.7 35403.4 35658.4 35951.3 36282.7 36614 36945.4 37276.8 37608.2 37939.5 38270.9 38602.3 38933.7 39265 39596.4 39927.8 40259.2 40590.5 40921.9 41253.3 41584.7 41916 42247.4 42578.8 42910.2 43241.5 43572.9 43993.3 44846.3 45270.4 -9999 -9999 -9999 -9999 -9999 -9999 -9999 -9999 -9999 -9999 59673.4 59933.2 60412.8 61180.8 61980.8 62799.4 63508.4 64175.8 -9999 67178.1 -9999 -9999 -9999 -9999 -9999 -9999 -9999 -9999 -9999 -9999 54169.8 53215 52463.8 51663.8 50863.8 50063.8 49263.8 48463.8 47663.8
33106.2 33437.6 33769 34100.3 34431.7 34763.1 35094.4 35425.8 35757.2 36188.6 36450.2 36751.3 37082.7 37414 37745.4 38076.8 38408.2 38739.5 39070.9 39402.3 39733.7 40065 40396.4 40727.8 41059.2 41390.5 41721.9 42053.3 42384.7 42716 43047.4 43378.8 43710.2 44041.5 44372.9 44704.3 45112.6 45848.1 46416.7 -9999 -9999 -9999 -9999 -9999 -9999 -9999 -9999 -9999 58775.4 59281.5 60049.4 60849.4 61649.4 62107.2 -9999 -9999 -9999 66676.5 66883.7 67498.8 67734.3 -9999 -9999 -9999 -9999 -9999 -9999 55738.7 54345.8 53595.2 52795.2 51995.2 51195.2 50395.2 49595.2 48795.2 47995.2
33906.2 34237.6 34569 34900.3 35231.7 35563.1 35894.4 36225.8 36557.2 36888.6 37223.1 37551.3 37882.7 38214 38545.4 38876.8 39208.2 39539.5 39870.9 40202.3 40533.7 40865 41196.4 41527.8 41859.2 42190.5 42521.9 42853.3 43184.7 43516 43847.4 44178.8 44510.2 44841.5 45172.9 45504.3 45835.7 46243.9 46967.7 47765.5 48305 -9999 -9999 54871.7 55132.8 55729.1 56418.8 57274.5 58163.6 58918 59718 60518 61318 62047.6 -9999 -9999 65451.8 65842.1 66427.8 66936 67513 -9999 -9999 -9999 -9999 -9999 56231.3 55551.1 54726.6 53926.6 53126.6 52326.6 51526.6 50726.6 49926.6 49126.6 48326.6
34706.2 35037.6 35369 35700.3 36031.7 36363.1 36694.4 37025.8 37357.2 37688.6 38019.9 38351.3 38682.7 39014 39345.4 39676.8 40008.2 40339.5 40670.9 41002.3 41333.7 41665 41996.4 42327.8 42659.2 42990.5 43321.9 43653.3 43984.7 44316 44647.4 44978.8 45310.2 45641.5 45972.9 46304.3 46635.7 46967 47375.3 48098.4 48864.4 -9999 -9999 54363.7 54696.5 55392.2 56186.7 56986.7 57786.7 58586.7 59386.7 60186.7 60986.7 61783.5 62468.5 64051.3 64819 65096.5 65793.7 66586.8 67119.5 -9999 -9999 -9999 -9999 57272.5 56640.3 55858 55058 54258 53458 52658 51858 51058 50258 49458 48658
35506.2 35837.6 36169 36500.3 36831.7 37163.1 37494.4 37825.8 38157.2 38488.6 38819.9 39151.3 39482.7 39814 40145.4 40476.8 40808.2 41139.5 41470.9 41802.3 42133.7 42465 42796.4 43127.8 43459.2 43790.5 44121.9 44453.3 44784.7 45116 45447.4 45778.8 46110.2 46441.5 46772.9 47104.3 47435.7 47767 48098.4 48506.7 49208 -9999 53115.8 53560.3 54255.3 55055.3 55855.3 56655.3 57455.3 58255.3 59055.3 59855.3 60655.3 61455.3 62255.3 62929.8 64011.2 64655.3 65448.4 65760.3 -9999 -9999 -9999 -9999 -9999 57691.2 56989.3 56189.3 55389.3 54589.3 53789.3 52989.3 52189.3 51389.3 50589.3 49789.3 48989.3
36306.2 36637.6 36969 37300.3 37631.7 37963.1 38294.4 38625.8 38957.2 39288.6 39619.9 39951.3 40282.7 40614 40945.4 41276.8 41608.2 41939.5 42270.9 42602.3 42933.7 43265 43596.4 43927.8 44259.2 44590.5 44921.9 45253.3 45584.7 45916 46247.4 46578.8 46910.2 47241.5 47572.9 47904.3 48235.7 48567 48898.4 49229.8 49618.9 51742.5 52439.8 53123.9 53923.9 54723.9 55523.9 56323.9 57123.9 57923.9 58723.9 59523.9 60323.9 61123.9 61923.9 62723.9 63523.9 64323.9 65026.6 64399.1 63402.9 62997 -9999 59948.5 58941.1 58094.5 57320.7 56520.7 55720.7 54920.7 54120.7 53320.7 52520.7 51720.7 50920.7 50120.7 49320.7
37106.2 37437.6 37769 38100.3 38431.7 38763.1 39094.4 39425.8 39757.2 40088.6 40419.9 40751.3 41082.7 41414 41745.4 42076.8 42408.2 42739.5 43070.9 43402.3 43733.7 44065 44396.4 44727.8 45059.2 45390.5 45721.9 46053.3 46384.7 46716 47047.4 47378.8 47710.2 48041.5 48372.9 48704.3 49035.7 49367 49698.4 50029.8 50358.6 51325.1 52002.9 52802.9 53602.9 54402.9 55202.9 56002.9 56802.9 57602.9 58402.9 59202.9 60002.9 60802.9 61602.9 62402.9 63202.9 64002.9 64579.3 63956.3 63156.3 62383.4 61862.3 60019.5 59252.1 58452.1 57652.1 56852.1 56052.1 55252.1 54452.1 53652.1 52852.1 52052.1 51252.1 50452.1 49652.1
37906.2 38237.6 38569 38900.3 39231.7 39563.1 39894.4 40225.8 40557.2 40888.6 41219.9 41551.3 41882.7 42214 42545.4 42876.8 43208.2 43539.5 43870.9 44202.3 44533.7 44865 45196.4 45527.8 45859.2 46190.5 46521.9 46853.3 47184.7 47516 47847.4 48178.8 48510.2 48841.5 49172.9 49504.3 49835.7 50167 50498.4 50829.8 51161.2 51510.9 52120.5 52916.8 53716.8 54516.8 55316.8 56116.8 56916.8 57716.8 58516.8 59316.8 60116.8 60916.8 61716.8 62516.8 63316.8 64116.8 64440.6 63687 62887 62087 61329.4 60380.3 59583.5 58783.5 57983.5 57183.5 56383.5 55583.5 54783.5 53983.5 53183.5 52383.5 51583.5 50783.5 49983.5
38706.2 39037.6 39369 39700.3 40031.7 40363.1 40694.4 41025.8 41357.2 41688.6 42019.9 42351.3 42682.7 43014 43345.4 43676.8 44008.2 44339.5 44670.9 45002.3 45333.7 45665 45996.4 46327.8 46659.2 46990.5 47321.9 47653.3 47984.7 48316 48647.4 48978.8 49310.2 49641.5 49972.9 50304.3 50635.7 50967 51298.4 51629.8 51961.2 52292.5 52642.2 53251.8 54048.2 54848.2 55648.2 56448.2 57248.2 58048.2 58848.2 59648.2 60448.2 61248.2 62048.2 62848.2 63648.2 64448.2 64694 63914.8 63114.8 62314.8 61514.8 60714.8 59914.8 59114.8 58314.8 57514.8 56714.8 55914.8 55114.8 54314.8 53514.8 52714.8 51914.8 51114.8 50314.8
39506.2 39837.6 40169 40500.3 40831.7 41163.1 41494.4 41825.8 42157.2 42488.6 42819.9 43151.3 43482.7 43814 44145.4 44476.8 44808.2 45139.5 45470.9 45802.3 46133.7 46465 46796.4 47127.8 47459.2 47790.5 48121.9 48453.3 48784.7 49116 49447.4 49778.8 50110.2 50441.5 50772.9 51104.3 51435.7 51767 52098.4 52429.8 52761.2 53092.5 53423.9 53773.6 54383.2 55179.6 55979.6 56779.6 57579.6 58379.6 59179.6 59979.6 60779.6 61579.6 62379.6 63179.6 63979.6 64779.6 65025.4 64246.2 63446.2 62646.2 61846.2 61046.2 60246.2 59446.2 58646.2 57846.2 57046.2 56246.2 55446.2 54646.2 53846.2 53046.2 52246.2 51446.2 50646.2
40306.2 40637.6 40969 41300.3 41631.7 41963.1 42294.4 42625.8 42957.2 43288.6 43619.9 43951.3 44282.7 44614 44945.4 45276.8 45608.2 45939.5 46270.9 46602.3 46933.7 47265 47596.4 47927.8 48259.2 48590.5 48921.9 49253.3 49584.7 49916 50247.4 50578.8 50910.2 51241.5 51572.9 51904.3 52235.7 52567 52898.4 53229.8 53561.2 53892.5 54223.9 54555.3 54905 55514.6 56310.9 57110.9 57910.9 58710.9 59510.9 60310.9 61110.9 61910.9 62710.9 63510.9 64310.9 65110.9 65356.8 64577.6 63777.6 62977.6 62177.6 61377.6 60577.6 59777.6 58977.6 58177.6 57377.6 56577.6 55777.6 54977.6 54177.6 53377.6 52577.6 51777.6 50977.6
41106.2 41437.6 41769 42100.3 42431.7 42763.1 43094.4 43425.8 43757.2 44088.6 44419.9 44751.3 45082.7 45414 45745.4 46076.8 46408.2 46739.5 47070.9 47402.3 47733.7 48065 48396.4 48727.8 49059.2 49390.5 49721.9 50053.3 50384.7 50716 51047.4 51378.8 51710.2 52041.5 52372.9 52704.3 53035.7 53367 53698.4 54029.8 54361.2 54692.5 55023.9 55355.3 55686.7 56036.4 56646 57442.3 58242.3 59042.3 59842.3 60642.3 61442.3 62242.3 63042.3 63842.3 64642.3 65442.3 65688.1 64909 64109 63309 62509 61709 60909 60109 59309 58509 57709 56909 56109 55309 54509 53709 52909 52109 51309
41906.2 42237.6 42569 42900.3 43231.7 43563.1 43894.4 44225.8 44557.2 44888.6 45219.9 45551.3 45882.7 46214 46545.4 46876.8 47208.2 47539.5 47870.9 48202.3 48533.7 48865 49196.4 49527.8 49859.2 50190.5 50521.9 50853.3 51184.7 51516 51847.4 52178.8 52510.2 52841.5 53172.9 53504.3 53835.7 54167 54498.4 54829.8 55161.2 55492.5 55823.9 56155.3 56486.7 56818 57167.7 57777.3 58573.7 59373.7 60173.7 60973.7 61773.7 62573.7 63373.7 64173.7 64973.7 65773.7 66019.5 65240.3 64440.3 63640.3 62840.3 62040.3 61240.3 60440.3 59640.3 58840.3 58040.3 57240.3 56440.3 55640.3 54840.3 54040.3 53240.3 52440.3 51640.3
42706.2 43037.6 43369 43700.3 44031.7 44363.1 44694.4 45025.8 45357.2 45688.6 46019.9 46351.3 46682.7 47014 47345.4 47676.8 48008.2 48339.5 48670.9 49002.3 49333.7 49665 49996.4 50327.8 50659.2 50990.5 51321.9 51653.3 51984.7 52316 52647.4 52978.8 53310.2 53641.5 53972.9 54304.3 54635.7 54967 55298.4 55629.8 55961.2 56292.5 56623.9 56955.3 57286.7 57618 57949.4 58299.1 58908.7 59705.1 60505.1 61305.1 62105.1 62905.1 63705.1 64505.1 65305.1 66105.1 66350.9 65571.7 64771.7 63971.7 63171.7 62371.7 61571.7 60771.7 59971.7 59171.7 58371.7 57571.7 56771.7 55971.7 55171.7 54371.7 53571.7 52771.7 51971.7
43506.2 43837.6 44169 44500.3 44831.7 45163.1 45494.4 45825.8 46157.2 46488.6 46819.9 47151.3 47482.7 47814 48145.4 48476.8 48808.2 49139.5 49470.9 49802.3 50133.7 50465 50796.4 51127.8 51459.2 51790.5 52121.9 52453.3 52784.7 53116 53447.4 53778.8 54110.2 54441.5 54772.9 55104.3 55435.7 55767 56098.4 56429.8 56761.2 57092.5 57423.9 57755.3 58086.7 58418 58749.4 59080.8 59430.5 60040.1 60836.4 61636.4 62436.4 63236.4 64036.4 64836.4 65636.4 66436.4 66682.3 65903.1 65103.1 64303.1 63503.1 62703.1 61903.1 61103.1 60303.1 59503.1 58770 57856.6 57103.1 56303.1 55503.1 54703.1 53903.1 53103.1 52303.1
44306.2 44637.6 44969 45300.3 45631.7 45963.1 46294.4 46625.8 46957.2 47288.6 47619.9 47951.3 48282.7 48614 48945.4 49276.8 49608.2 49939.5 50270.9 50602.3 50933.7 51265 51596.4 51927.8 52259.2 52590.5 52921.9 53253.3 53584.7 53916 54247.4 54578.8 54910.2 55241.5 55572.9 55904.3 56235.7 56567 56898.4 57229.8 57561.2 57892.5 58223.9 58555.3 58886.7 59218 59549.4 59880.8 60212.2 60561.9 61171.5 61967.8 62767.8 63567.8 64367.8 65167.8 65967.8 66767.8 67013.6 66234.5 65434.5 64634.5 63834.5 63034.5 62234.5 61434.5 60634.5 59834.5 59034.5 58234.5 57434.5 56634.5 55834.5 55034.5 54234.5 53434.5 52634.5
45106.2 45437.6 45769 46100.3 46431.7 46763.1 47094.4 47425.8 47757.2 48088.6 48419.9 48751.3 49082.7 49414 49745.4 50076.8 50408.2 50739.5 51070.9 51402.3 51733.7 52065 52396.4 52727.8 53059.2 53390.5 53721.9 54053.3 54384.7 54716 55047.4 55378.8 55710.2 56041.5 56372.9 56704.3 57035.7 57367 57698.4 58029.8 58361.2 58692.5 59023.9 59355.3 59686.7 60018 60349.4 60680.8 61012.2 61343.5 61693.2 62302.8 63099.2 63899.2 64699.2 65499.2 66299.2 67099.2 67345 66565.8 65765.8 64965.8 64165.8 63365.8 62565.8 61765.8 60965.8 60165.8 59365.8 58565.8 57765.8 56965.8 56165.8 55365.8 54565.8 53765.8 52965.8
45906.2 46237.6 46569 46900.3 47231.7 47563.1 47894.4 48225.8 48557.2 48888.6 49219.9 49551.3 49882.7 50214 50545.4 50876.8 51208.2 51539.5 51870.9 52202.3 52533.7 52865 53196.4 53527.8 53859.2 54190.5 54521.9 54853.3 55184.7 55516 55847.4 56178.8 56510.2 56841.5 57172.9 57504.3 57835.7 58167 58498.4 58829.8 59161.2 59492.5 59823.9 60155.3 60486.7 60818 61149.4 61480.8 61812.2 62143.5 62474.9 62824.6 63434.2 64230.6 65030.6 65830.6 66630.6 67430.6 67676.4 66897.2 66097.2 65297.2 64497.2 63697.2 62897.2 62097.2 61297.2 60497.2 59697.2 58897.2 58097.2 57297.2 56497.2 55697.2 54897.2 54097.2 53297.2
46706.2 47037.6 47369 47700.3 48031.7 48363.1 48694.4 49025.8 49357.2 49688.6 50019.9 50351.3 50682.7 51014 51345.4 51676.8 52008.2 52339.5 52670.9 53002.3 53333.7 53665 53996.4 54327.8 54659.2 54990.5 55321.9 55653.3 55984.7 56316 56647.4 56978.8 57310.2 57641.5 57972.9 58304.3 58635.7 58967 59298.4 59629.8 59961.2 60292.5 60623.9 60955.3 61286.7 61618 61949.4 62280.8 62612.2 62943.5 63274.9 63606.3 63956 64565.6 65361.9 66161.9 66961.9 67761.9 68007.8 67228.6 66428.6 65628.6 64828.6 64028.6 63228.6 62428.6 61628.6 60828.6 60028.6 59228.6 58428.6 57628.6 56828.6 56028.6 55228.6 54428.6 53655.1
