public/models/data/input/map/ntb/800/mapdagr.asc
NCOLS 484
NROWS 342
XLLCORNER 370313.940441
YLLCORNER 9266624.452423
CELLSIZE 800.000000
NODATA_VALUE       -9999
[rows 238 to 271 of 342, columns 308 to 384 of 484]
8300.36 7968.99 7637.62 7306.24 6974.87 6643.5 6343.2 6519.24 6850.61 7181.98 7507.36 7406.78 6658.73 5858.73 5058.73 4258.73 3458.73 2658.73 1858.73 1058.73 385.93 241.448 4.6875 0 0 0 0 210.754 126.425 27.7778 0 0 -9999 -9999 -9999 -9999 559.913 600.52 743.975 454.458 82.3874 678.921 1442.02 1954.72 2329.56 2755.3 2560.66 2332.84 2602.08 2934.37 3381.07 4123.4 4923.4 5723.4 6523.4 7320.88 7947.94 8303.3 8460.23 8158.73 7988.91 7752.67 7836.4 8167.77 8445.13 8487.72 8044.2 7268.99 6469.9 5809.42 5278.69 4816.1 4465.15 3974.97 3286.13 2577.8 1894.16
7501.16 7168.99 6837.62 6506.24 6174.87 5843.5 5543.2 5719.24 6050.61 6381.98 6713.35 7037.44 6932.97 6184.92 5384.92 4584.92 3784.92 2984.92 2184.92 1494.76 1087.22 495.083 20.3125 0 0 0 6.25 87.565 0 20.3125 0 0 0 0 0 0 71.4499 21.7333 375.038 297.652 336.022 992.194 1760.66 2546.15 3086.1 3437.78 3360.66 3132.84 3402.08 3733.45 4065.74 4512.44 5254.77 6054.77 6854.77 7654.77 8452.25 9079.31 9260.23 8958.73 8788.91 8552.67 8636.39 8967.76 9112.95 8537.11 7737.62 6937.62 6137.62 5338.53 4678.05 4147.32 3684.73 3350.61 2995.25 2399.74 1617.31
6766.39 6369.79 6037.62 5706.25 5374.87 5043.5 4743.2 4919.24 5250.61 5581.98 5913.35 6244.72 6593.55 6502.93 5716.3 4916.29 4116.3 3316.3 2626.13 2209.14 1553.53 765.203 232.675 111.336 119.998 0 0 0 0 0 14.4416 90.8011 40.0888 18.4819 31.6291 0 5.33471 74.5749 169.102 580.281 813.281 1415.33 2123.45 2892.03 3677.52 4214.8 4160.66 3932.84 4202.08 4533.45 4864.82 5197.11 5643.81 6386.14 7186.14 7986.14 8786.14 9544.32 9921.87 9753.29 9588.91 9352.66 9378.23 9371.19 8974.49 8206.25 7406.25 6606.25 5806.25 5006.25 4207.16 3546.68 3015.95 2553.36 2219.24 1970.15 1614.18
6089.35 5635.01 5238.42 4906.24 4574.87 4243.5 3943.2 4119.24 4450.61 4781.98 5113.35 5469.73 6065.97 6551.62 6047.35 5247.67 4447.67 3757.5 3340.51 2684.12 1894.08 1314.79 862.495 674.992 236.715 35.9375 0 0 0 46.829 126.471 19.1291 0 14.7097 382.694 140.376 0 31.361 210.152 548.081 1054.56 1624.2 2398.43 3153.98 3950.61 4734.76 4949.55 4732.84 5002.08 5333.45 5664.82 5996.19 6328.48 6775.18 7514.18 8215.12 8725.84 9081.98 9413.35 9740.76 9992.66 9980.54 9394.75 8707.25 8323.65 7843.13 7074.87 6274.87 5474.87 4674.87 3874.87 3075.79 2415.31 1884.58 1421.98 1176.78 1023.31
5568.29 4957.97 4503.64 4107.05 3774.87 3443.5 3143.2 3319.24 3650.61 3981.98 4338.36 4934.6 5534.11 5904.45 6232.66 5579.04 4888.87 4471.88 3815.49 3025.45 2446.16 1993.87 1636.4 1253.31 798.571 606.399 420.443 196.09 273.392 313.139 67.1415 0 0 118.88 308.452 29.5305 0 0 0 75.6012 540.479 1327.67 2127.67 2927.67 3727.67 4527.67 5287.26 5525.72 5802.08 6133.45 6464.82 6796.19 7126.23 7352.68 7385.65 7619.24 7950.61 8281.98 8613.35 8944.72 9276.09 9514.36 9051.8 8266.04 7575.88 7192.28 6711.75 5943.5 5143.5 4343.5 3543.5 2743.5 1944.42 1283.94 753.205 385.263 277.47
5230.51 4436.92 3826.6 3372.27 2975.68 2643.5 2343.2 2519.24 2850.61 3206.99 3803.23 4402.74 4773.08 5382.7 6146.15 6020.24 5603.25 4946.86 4156.82 3577.53 3125.24 2767.77 2364.98 1929.94 1594.97 1401.78 1125.77 924.475 788.974 284.968 1.5625 10.9375 63.7484 229.726 89.2846 25.3791 0 0 0 204.484 685.11 1436.4 2236.4 3036.4 3836.4 4636.4 5436.4 6176.58 6602.08 6933.45 7209.65 7250.6 7198.71 6902.08 6617.31 6819.24 7150.61 7481.98 7813.35 8144.72 8476.09 8720.46 8461.67 7920.43 7134.67 6444.51 6060.91 5585.15 4832.84 4032.84 3232.84 2432.84 1632.84 833.758 206.981 3.125 141.291
4886.79 4099.14 3305.55 2695.23 2240.9 1844.31 1543.2 1719.24 2075.62 2671.86 3271.37 3641.71 4251.33 5047.67 5847.67 6498.48 6078.23 5288.19 4680.2 4256.61 3906.44 3480.28 3061.31 2726.35 2394.97 2201.13 1833.77 1233.22 466.617 53.6152 172.985 501.241 281.648 142.697 242.984 10.0222 0 0 0 65.3109 634.451 1432.84 2232.84 3032.84 3832.84 4632.84 5432.84 6232.84 7001.88 7180.97 6884.92 6558.73 6406 6102.08 5817.31 6019.24 6350.61 6681.98 7013.35 7344.72 7676.09 7920.46 7667.77 7330.3 6793.3 6003.3 5313.14 4930.51 4576.39 4070.1 3346.75 2546.75 1746.75 956.82 334.497 44.5083 30.0666
4324.2 3759.56 2967.77 2174.17 1563.86 1109.53 744.002 944.247 1540.49 2140 2510.34 3119.96 3916.3 4716.3 5516.3 6314.59 6408.24 5853.88 5415.23 5010.56 4680.1 4202.92 3857.72 3526.35 3194.97 2873.26 2136.4 1336.4 646.231 596.664 861.477 1134.77 749.938 378.986 32.0083 7.8125 41.1152 0 0 30.3347 613.388 1413.39 2213.39 3013.39 3813.39 4613.39 5413.39 6213.39 6691.69 6416.3 6084.92 5758.73 5606 5302.08 5017.31 5219.24 5550.61 5881.98 6213.35 6544.72 6887.99 7154.71 6867.77 6536.4 6319.2 5671.93 4871.93 4181.77 3799.14 3467.77 3076.58 2406.44 1629.27 832.843 150.777 21.6069 38.7944
3534.92 3204.41 2630.18 1836.4 1042.8 442.8 105.89 415.544 1029.78 1378.97 1988.59 2784.92 3584.92 4384.92 5184.92 5984.92 6622.69 6626.48 6516.5 5638.25 5337.9 4989.09 4657.72 4326.35 3948.38 3267.77 2467.77 1777.6 1394.97 1392.31 1658.73 1780.36 1153.54 362.362 95.6456 14.7097 41.6513 6.25 12.2319 12.5 550 1350 2150 2950 3750 4550 5350 6043.37 5947.67 5616.3 5284.92 4958.73 4806 4502.08 4217.31 4419.24 4750.61 5081.98 5413.35 5756.62 6253.02 6396.74 6067.77 5736.4 5649.59 5336.51 4540.56 3740.56 3050.39 2667.77 2336.4 2049.67 1390.88 824.792 258.942 0 0
2740.13 2417.46 2093.49 1647.71 995.557 240.284 0 207.36 311.715 867.57 1663.91 2463.91 3263.91 4063.91 4863.66 5583.19 6147.94 6873.61 7154.77 6497.16 6118.69 5744.13 5402.69 5050.28 4398.92 3599.14 2908.97 2526.35 2194.97 2192.31 2431.98 2194.77 1422.14 694.427 113.101 136.447 423.108 238.925 155.511 208.433 766.379 1536.4 2336.4 3136.4 3936.4 4712.83 5386.93 5477.88 5147.67 4816.3 4484.92 4158.73 4006 3702.08 3417.31 3619.24 3950.61 4281.98 4625.25 5126.87 5745.44 5599.14 5267.77 4936.4 4858.73 4839.09 4209.19 3409.19 2609.19 1919.02 1536.4 1432.53 1032.04 292.938 32.9235 0 0
1944.42 1639.13 1344.05 1017.31 907.134 256.066 0 9.375 139.239 866.421 1666.42 2466.42 3256.32 3990.06 4518.25 5016.56 5769.23 6331.8 6668.81 6829.03 6380.44 5616.12 5050.43 4706.24 4348.12 3863.56 3492.11 3202.26 2859.4 2663.41 2394.94 1880.58 1442.61 987.051 674.659 818.466 1084.32 994.454 881.066 906.954 1269.88 1897.75 2664.69 3367.56 3896 4373.29 4872.95 4818.04 4348.58 4016.3 3684.92 3358.73 3206 2902.08 2617.31 2819.24 3150.61 3493.88 3995.49 4730.51 5111.16 4799.14 4467.77 4136.4 4058.73 4111.33 3868.29 3077.82 2277.82 1477.82 787.652 662.327 734.321 203.19 0 0 0
1259.74 844.113 734.47 289.859 361.504 34.218 0 0 92.1415 708.111 1457.06 2217.76 2917.62 3394.31 3885.19 4637.86 5200.43 5540.56 5871.93 6073.1 5851.31 5271.93 4484.74 3919.06 3574.87 3243.5 2927.67 2771.08 2352.86 1999.53 1647.6 1266.94 749.21 514.277 535.255 822.307 1339.34 1318.88 1262.98 1264.72 1561.23 2039.03 2439.44 2790.32 3241.92 3741.58 4447.67 4432.12 3686.67 3217.21 2884.92 2558.73 2411.81 2102.08 1817.31 2019.24 2362.51 2864.12 3599.14 4374.46 4342.41 3999.14 3667.77 3336.4 3258.73 3312.13 3441.69 2855.18 2055.18 1255.18 455.178 91.4483 128.68 191.023 0 0 0
915.257 211.937 126.85 39.4416 154.55 67.6777 0 0 14.7097 371.599 1089.29 1786.25 2262.94 2753.82 3507.6 4069.05 4409.19 4740.56 5071.93 5273.73 5116.84 4928.96 4140.56 3353.37 2787.69 2443.5 2127.67 2014.95 1704.09 1221.49 890.425 541.367 193.409 107.498 26.0263 358.766 727.971 560.355 528.45 527.378 1031.75 1332.69 1658.95 2110.55 2610.21 3316.3 4116.02 4076.48 3300.75 2555.3 2085.84 1758.73 1690.22 1338.8 1017.31 1231.14 1732.75 2467.77 3267.77 4000.84 3698.92 3211.04 2867.77 2536.4 2458.73 2512.13 2760.66 2875.12 2236.4 1436.4 677.362 103.791 4.6875 60.1333 0 0 0
-9999 -9999 -9999 0 0 0 0 0 0 108.257 660.987 1131.57 1622.45 2384.92 3030.47 3277.82 3609.19 3940.56 4287.45 4489.21 4317.31 4457.11 3809.19 3009.19 2222 1656.32 1327.67 1215.53 1086.68 572.943 182.249 57.3874 0 0 0 269.684 202.784 16.9194 25.6472 103.569 561.412 548.292 979.177 1478.84 2184.92 2984.92 3770.99 3672.67 2945.11 2169.38 1423.93 959.646 915.533 770.882 271.756 601.382 1336.4 2136.4 2936.4 3666.73 3260.46 2567.55 2079.67 1736.4 1658.73 1712.13 1960.66 2321.21 2336.41 1775.4 1141.64 515.758 69.8414 47.6333 0 0 0
-9999 -9999 -9999 -9999 0 0 0 0 0 7.8125 136.271 499.716 1254.44 2016.11 2333.97 2477.82 2809.19 3158.62 3518.5 3689.95 3517.31 3791.88 3477.12 2677.82 1877.82 1090.63 540.479 416.984 444.056 142.743 0 0 0 0 0 7.8125 62.9902 0 0 1.5625 59.0609 57.6555 360.949 1058.73 1858.73 2657.17 3243.36 3087.82 2548.36 1813.74 1038 310.458 167.41 212.002 5.33471 293.991 1076.78 1876.78 2676.78 3369.56 2925.89 2129.09 1436.18 948.295 860.183 912.132 1189.84 1657.16 1626.41 1358.73 1193.57 744.32 284.08 9.375 0 0 0
-9999 -9999 -9999 -9999 0 0 0 0 0 0 32.2763 261.891 971.507 1357.28 1534.62 1677.82 2036.45 2415.39 2719.24 2889.95 2717.31 3002.08 3144.28 2506.95 1706.95 906.954 175.777 1.5625 4.6875 3.125 0 0 0 0 0 0 0 0 0 0 0 12.5 385.412 1118.07 1846.67 2380.9 2465.69 2294.97 2082.7 1422.41 732.881 194.416 36.6958 14.0625 0 304.707 1093.57 1865.17 2396.94 2766.32 2584.94 1794.51 997.721 314.028 167.808 179.392 557.41 1063.46 827.619 563.557 470.979 251.804 14.7097 0 0 0 0
-9999 -9999 -9999 -9999 0 0 0 0 0 0 0 120.489 524.391 581.345 755.07 905.081 1315.23 1637.33 1919.24 2089.95 1917.31 2202.08 2561.02 2697.86 2002.08 1227.09 666.065 123.3 0 0 0 0 0 0 0 0 0 0 0 0 0 3.125 260.485 844.745 1555.79 1659.1 1665.69 1494.97 1418.11 1128.97 351.425 6.89721 0 12.5 1.5625 397.162 1101.11 1461.24 1636.4 1974.14 2141.65 1462.27 708.168 89.9318 0 0 229.707 448.154 127.497 28.236 4.6875 6.25 0 0 0 0 0
-9999 -9999 -9999 -9999 -9999 0 0 0 0 0 0 7.8125 26.6735 137.251 123.3 250.685 556.575 840.008 1142.12 1316 1117.31 1429.65 1962.18 2187.58 2007.97 1599.42 1036.11 261.964 0 0 0 0 0 0 0 0 0 0 13.7944 60.8915 0 39.9318 184.015 676.723 1119.54 859.099 881.717 702.657 629.274 667.448 204.484 0 0 0 4.6875 423.319 544.362 668.03 848.793 1193.7 1593.58 1232.84 439.342 6.89721 0 0 19.3972 34.8652 0 0 0 0 0 0 0 0 0
-9999 -9999 -9999 -9999 -9999 0 0 0 0 0 0 0 0 13.1472 0 13.7944 30.0666 182.027 634.072 762.549 357.268 831.95 1486.97 1394.97 1255.33 973.192 743.122 346.312 0 0 0 13.1472 13.1472 0 0 0 0 0 36.0485 191.402 7.8125 321.507 671.507 964.735 603.546 151.582 315.414 147.227 58.4137 147.809 132.563 35.6694 0 0 0 143.168 41.0041 47.6333 168.769 509.987 1211.92 1453.43 732.215 116.873 222.763 28.236 0 0 0 0 0 0 0 0 0 0 0
-9999 -9999 -9999 -9999 -9999 -9999 0 0 -9999 -9999 0 0 0 0 0 0 0 12.5 488.879 368.566 74.5749 465.774 984.6 646.231 513.733 288.721 95.5346 124.843 6.89721 0 0 0 0 0 0 0 0 0 116.069 348.365 55.5568 63.9055 266.467 531.234 114.729 0 70.2665 3.125 0 1.5625 118.658 1.5625 0 0 6.25 107.767 0 0 0 179.661 844.113 1478.85 927.665 314.97 576.214 108.414 0 0 0 0 0 0 0 0 0 0 0
-9999 -9999 -9999 -9999 -9999 -9999 -9999 -9999 -9999 -9999 0 0 0 21.6069 136.336 190.487 3.125 1.5625 236.179 54.1513 6.89721 129.975 277.229 224.012 160.734 37.7221 40.468 0 0 0 0 0 0 0 0 0 0 0 222.763 627.906 589.028 593.566 432.046 78.19 0 0 0 0 0 6.25 88.1012 0 0 0 6.25 31.8972 0 0 0 159.126 888.02 1621.18 1304.48 883.13 405.235 17.5666 0 0 0 0 0 0 0 0 0 20.6916 39.1735
-9999 -9999 -9999 -9999 -9999 -9999 -9999 -9999 -9999 -9999 -9999 0 3.125 126.739 430.235 641.471 214.48 116.226 74.843 0 0 0 1.5625 60.1333 10.9375 0 0 0 16.9194 25.3791 0 0 0 0 0 0 0 0 118.011 253.255 483.295 837.947 582.536 51.4055 0 0 0 28.5041 21.875 7.8125 224.058 7.8125 0 0 0 0 0 6.89721 14.7097 84.218 765.533 1519.32 1194.97 507.732 117.586 0 0 0 0 17.1875 0 0 16.2722 0 6.25 43.861 0
-9999 -9999 -9999 -9999 -9999 -9999 -9999 -9999 -9999 -9999 -9999 -9999 0 6.25 215.33 867.459 852.879 475.547 25.3791 0 0 0 3.125 0 0 0 0 16.0041 273.476 81.047 0 0 0 0 0 0 0 0 0 20.9597 43.861 434.792 656.529 144.462 38.2583 76.8956 84.7541 381.483 417.004 353.182 374.946 14.4416 0 0 0 0 1.5625 14.0625 5.33471 280.66 1013.91 1694.31 1194.97 424.494 19.1291 0 0 0 0 0 50.4902 162.14 30.3347 0 0 0 0
-9999 -9999 -9999 -9999 -9999 -9999 -9999 -9999 -9999 -9999 -9999 -9999 -9999 -9999 89.0165 472.388 504.967 142.965 0 0 21.3388 202.137 394.991 87.9442 0 0 0 78.9943 179.753 14.7097 0 0 0 0 0 0 13.1472 12.8791 0 81.204 127.543 133.525 746.637 632.15 502.562 571.396 464.813 526.103 147.855 356.954 152.118 82.8775 0 0 0 1.5625 64.5527 40.3569 99.1498 659.83 1376 1831.13 1158.73 392.042 6.89721 0 0 0 0 3.125 46.0708 63.2583 10.0222 0 0 0 0
-9999 -9999 -9999 -9999 -9999 -9999 -9999 -9999 -9999 -9999 -9999 -9999 -9999 -9999 -9999 -9999 46.4375 5.33471 0 0 180.354 729.94 943.041 237.852 0 0 0 149.529 111.382 0 0 9.375 0 0 0 0 37.5 77.5888 0 28.236 343.095 460.125 546.832 179.124 113.369 166.402 143.926 62.9902 3.125 14.0625 21.875 0 0 0 12.8791 200.241 26.6735 21.875 175.999 752.037 1547.1 1921.7 1192.31 412.446 34.8652 0 0 0 11.5847 0 0 0 0 0 0 0 0
-9999 -9999 -9999 -9999 -9999 -9999 -9999 -9999 -9999 -9999 -9999 -9999 -9999 -9999 -9999 -9999 -9999 16.0041 20.6916 0 95.9137 781.066 1107.39 350 3.125 19.3972 0 231.491 44.1291 3.125 66.2262 290.173 58.0346 3.125 7.8125 12.5 17.8347 302.34 41.1152 11.5847 181.759 233.276 101.628 0 0 0 0 118.815 260.152 0 0 1.5625 62.454 68.861 91.9845 220.332 8.45971 0 43.2138 660.355 1460.36 2079.26 1511.8 857.624 218.834 0 0 0 14.0625 75.065 84.218 131.093 26.2944 3.125 11.5847 179.504 61.8068
-9999 -9999 -9999 -9999 -9999 -9999 -9999 -9999 -9999 -9999 -9999 -9999 -9999 -9999 -9999 -9999 -9999 499.549 512.798 295.508 505.671 1081.61 1052.45 282.406 75.111 10.9375 36.4277 341.44 358.008 460.355 544.991 279.3 31.093 20.9597 147.162 120.109 78.079 484.294 136.179 41.6513 99.954 56.7402 5.33471 0 0 0 0 36.6958 211.179 45.6916 24.7319 38.5263 34.486 0 1.5625 46.3388 34.8652 0 56.7402 678.071 1474.63 2137.13 1617.31 817.31 142.429 0 0 10.9375 23.8166 524.521 765.533 803.423 529.189 414.101 507.203 737.43 424.586
-9999 -9999 -9999 -9999 -9999 -9999 -9999 -9999 -9999 -9999 -9999 -9999 -9999 -9999 -9999 -9999 -9999 1442.53 1294.97 1056.95 1032.13 1546.9 1340.54 61.9825 30.8555 0 183.165 810.654 1095.13 1179.22 666.525 83.7928 1.5625 14.7097 322.422 632.188 426.175 922.445 670.373 466.421 649.659 608.471 295.554 35.7805 0 0 0 0 0 0 0 0 0 0 14.4416 298.606 350.233 4.6875 5.33471 439.526 1236.24 2024.79 1902.08 1171.11 615.333 345.109 161.382 0 298.541 891.574 1158.41 1292.51 1298 1209.1 1301.18 1069.39 305.308
-9999 -9999 -9999 -9999 -9999 -9999 -9999 -9999 -9999 -9999 -9999 -9999 -9999 -9999 -9999 -9999 -9999 2134.83 2094.97 1859.12 -9999 -9999 -9999 -9999 147.14 24.937 424.992 1130.99 1756.71 1296.6 500.528 40.0888 208.165 541.199 832.957 1279.4 1206.95 1500.88 1378.73 1256.95 1427.13 1230.98 657.445 64.0165 0 0 0 0 0 0 14.7097 0 0 0 94.7303 741.885 631.066 81.8512 6.89721 292.429 1078.92 1878.92 2252.73 1715.51 1127.88 638.281 241.226 121.515 598.487 668.845 438.564 693.875 1280.57 1837.85 1730.07 1127.92 414.269
-9999 -9999 -9999 -9999 -9999 -9999 -9999 -9999 -9999 -9999 -9999 -9999 -9999 -9999 -9999 -9999 -9999 -9999 2808.9 2562.84 -9999 -9999 -9999 -9999 -9999 0 649.504 1394.97 2069.61 1564.32 927.975 548.43 694.06 1254.53 1577.82 1933.19 2006.95 2291.73 2174.27 1815.1 1259.74 895.527 487.048 10.9375 0 -9999 0 0 0 0 0 0 0 0 214.951 954.81 992.443 485.152 20.9597 197.43 956.066 1756.07 2263.52 1666.27 879.81 172.606 31.361 42.0305 286.355 171.58 4.6875 222.541 963.334 1600.75 1237.54 705.365 231.759
-9999 -9999 -9999 -9999 -9999 -9999 -9999 -9999 -9999 -9999 -9999 -9999 -9999 -9999 -9999 -9999 -9999 -9999 -9999 -9999 -9999 -9999 -9999 -9999 -9999 -9999 1341.4 1777.6 2404.64 2059.35 1661.58 1346.6 1436.4 1823.85 2350.03 2706.52 2806.95 2967.44 2414.65 1618.2 819.113 196.201 64.9318 0 0 -9999 -9999 0 0 0 0 0 12.5 0 203.948 919.335 1311.84 689.288 86.7608 129.151 855.178 1642.4 1697.02 1224.47 571.009 58.9499 5.33471 284.727 340.016 39.5527 0 85.0873 530.893 1216.16 991.421 240.866 19.1291
-9999 -9999 -9999 -9999 -9999 -9999 -9999 -9999 -9999 -9999 -9999 -9999 -9999 -9999 -9999 -9999 -9999 -9999 -9999 -9999 -9999 -9999 -9999 -9999 -9999 -9999 2107.27 2399.02 2847.71 2779.2 2460.66 2146.6 2236.4 2567.77 2955.22 3478.73 3577.53 3127.67 2327.67 1527.67 729.273 84.0609 0 0 0 -9999 -9999 0 0 0 14.7097 302.895 524.77 175.98 69.0831 644.807 959.397 387.243 66.6053 105.622 735.589 1463.25 1121.8 567.543 148.142 0 182.452 446.101 62.454 0 0 0 236.669 995.232 1029.72 284.524 13.1472
-9999 -9999 -9999 -9999 -9999 -9999 -9999 -9999 -9999 -9999 -9999 -9999 -9999 -9999 -9999 -9999 -9999 -9999 -9999 -9999 -9999 -9999 -9999 -9999 -9999 -9999 -9999 -9999 -9999 3279.01 3261.27 2946.6 3036.4 3367.77 3699.14 4085.92 4163.25 3419.97 2619.97 1819.97 1022.21 287.067 12.8791 0 0 0 -9999 -9999 -9999 0 87.9442 699.678 1054.34 390.728 467.643 886.84 836.377 246.063 0 57.3874 669.297 1299.32 745.944 125.019 12.5 1.5625 283.276 553.312 156.694 10.6694 3.125 0 124.104 795.186 1249.81 626.574 84.7081
-9999 -9999 -9999 -9999 -9999 -9999 -9999 -9999 -9999 -9999 -9999 -9999 -9999 -9999 -9999 -9999 -9999 -9999 -9999 -9999 -9999 -9999 -9999 -9999 -9999 -9999 -9999 -9999 -9999 3997.06 4045.68 3746.6 3836.4 4167.77 4499.14 4780.63 4393.58 3646.74 2925.63 2143.5 1356.88 608.379 110.577 1.5625 0 0 -9999 -9999 -9999 313.759 384.478 947.889 891.885 802.6 1049.76 1029.71 390.257 27.3208 6.25 128.68 764.759 1431.42 996.123 643.566 528.588 374.372 685.887 1098.97 671.545 493.945 227.987 0 76.2484 544.002 1244.89 859.278 424.299
