public/models/data/input/map/ntb/800/mapdcenter.asc
NCOLS 484
NROWS 342
XLLCORNER 370313.940441
YLLCORNER 9266624.452423
CELLSIZE 800.000000
NODATA_VALUE       -9999
[rows 306 to 339 of 342, columns 154 to 230 of 484]
13640.5 13971.9 14303.3 14634.7 14966 15297.4 15628.8 15960.1 16291.5 16622.9 16954.2 17285.6 17617 17980.4 18632.1 19431.2 20231.2 21031.2 21831.2 22631.2 23431.2 24231.2 25023.9 25654 26969.6 27449.5 28231.2 29031.2 29831.2 30631.2 31431.2 32231.2 33031.2 33831.2 34631.2 35126.8 34444.2 33644.2 32844.2 32044.2 31244.2 30444.2 29644.2 28844.2 28044.2 27244.2 26444.2 25644.2 24844.2 24044.2 23244.2 22444.2 21644.2 20844.2 20044.2 19244.2 18444.2 17644.2 16844.2 16044.2 15354 14971.4 14640 14308.7 13977.3 13645.9 13314.6 12983.2 12651.8 12320.4 11989.1 11657.7 11326.3 10995 11036.4 11367.8 11699.1
14440.5 14771.9 15103.3 15434.7 15766 16097.4 16428.8 16760.1 17091.5 17422.9 17754.2 18085.6 18417 18748.4 19111.8 19763.5 20562.6 21362.6 22162.6 22962.6 23762.6 24562.6 25362.6 26207.1 27067 27818.9 28562.6 29362.6 30162.6 30962.6 31762.6 32562.6 33362.6 34162.6 34962.6 35458.2 34775.6 33975.6 33175.6 32375.6 31575.6 30775.6 29975.6 29175.6 28375.6 27575.6 26775.6 25975.6 25175.6 24375.6 23575.6 22775.6 21975.6 21175.6 20375.6 19575.6 18775.6 17975.6 17175.6 16485.4 16102.8 15771.4 15440 15108.7 14777.3 14445.9 14114.6 13783.2 13451.8 13120.4 12789.1 12457.7 12126.3 11795 11836.4 12167.8 12499.1
15240.5 15571.9 15903.3 16234.7 16566 16897.4 17228.8 17560.1 17891.5 18222.9 18554.2 18885.6 19217 19548.4 19879.7 20243.1 20894.9 21694 22494 23294 24094 24894 25694 26494 27294 28094 28894 29694 30494 31294 32094 32894 33694 34494 35294 35789.6 35106.9 34306.9 33506.9 32706.9 31906.9 31106.9 30306.9 29506.9 28706.9 27906.9 27106.9 26306.9 25506.9 24706.9 23906.9 23106.9 22306.9 21506.9 20706.9 19906.9 19106.9 18306.9 17616.8 17234.1 16902.8 16571.4 16240 15908.7 15577.3 15245.9 14914.5 14583.2 14251.8 13920.4 13589.1 13257.7 12926.3 12595 12636.4 12967.8 13299.1
16040.5 16371.9 16703.3 17034.7 17366 17697.4 18028.8 18360.1 18691.5 19022.9 19354.2 19685.6 20017 20348.4 20679.7 21011.1 21374.5 22026.2 22825.3 23625.3 24425.3 25225.3 26025.3 26825.3 27625.3 28425.3 29225.3 30025.3 30825.3 31625.3 32425.3 33225.3 34025.3 34825.3 35625.3 36120.9 35438.3 34638.3 33838.3 33038.3 32238.3 31438.3 30638.3 29838.3 29038.3 28238.3 27438.3 26638.3 25838.3 25038.3 24238.3 23438.3 22638.3 21838.3 21038.3 20238.3 19438.3 18748.1 18365.5 18034.1 17702.8 17371.4 17040 16708.7 16377.3 16045.9 15714.5 15383.2 15051.8 14720.4 14389.1 14057.7 13726.3 13395 13436.4 13767.8 14099.1
16840.5 17171.9 17503.3 17834.7 18166 18497.4 18828.8 19160.1 19491.5 19822.9 20154.2 20485.6 20817 21148.4 21479.7 21811.1 22142.5 22505.9 23157.6 23956.7 24756.7 25556.7 26356.7 27156.7 27956.7 28756.7 29556.7 30356.7 31156.7 31956.7 32756.7 33556.7 34356.7 35156.7 35956.7 36452.3 35769.7 34969.7 34169.7 33369.7 32569.7 31769.7 30969.7 30169.7 29369.7 28569.7 27769.7 26969.7 26169.7 25369.7 24569.7 23769.7 22969.7 22169.7 21369.7 20569.7 19879.5 19496.9 19165.5 18834.1 18502.8 18171.4 17840 17508.7 17177.3 16845.9 16514.5 16183.2 15851.8 15520.4 15189.1 14857.7 14526.3 14195 14236.4 14567.8 14899.1
17640.5 17971.9 18303.3 18634.7 18966 19297.4 19628.8 19960.1 20291.5 20622.9 20954.2 21285.6 21617 21948.4 22279.7 22611.1 22942.5 23273.9 23637.3 24289 25088.1 25888.1 26688.1 27488.1 28288.1 29088.1 29888.1 30688.1 31488.1 32288.1 33088.1 33888.1 34688.1 35488.1 36288.1 36783.7 36101.1 35301.1 34501.1 33701.1 32901.1 32101.1 31301.1 30501.1 29701.1 28901.1 28101.1 27301.1 26501.1 25701.1 24901.1 24101.1 23301.1 22501.1 21701.1 21010.9 20628.3 20296.9 19965.5 19634.1 19302.8 18971.4 18640 18308.7 17977.3 17645.9 17314.5 16983.2 16651.8 16320.4 15989.1 15657.7 15326.3 14995 15036.4 15367.8 15699.1
18440.5 18771.9 19103.3 19434.7 19766 20097.4 20428.8 20760.1 21091.5 21422.9 21754.2 22085.6 22417 22748.4 23079.7 23411.1 23742.5 24073.9 24405.2 24768.6 25420.4 26219.5 27019.5 27819.5 28619.5 29419.5 30219.5 31019.5 31819.5 32619.5 33419.5 34219.5 35019.5 35819.5 36619.5 37115.1 36432.4 35632.4 34832.4 34032.4 33232.4 32432.4 31632.4 30832.4 30032.4 29232.4 28432.4 27632.4 26832.4 26032.4 25232.4 24432.4 23632.4 22832.4 22142.3 21759.6 21428.3 21096.9 20765.5 20434.1 20102.8 19771.4 19440 19108.7 18777.3 18445.9 18114.5 17783.2 17451.8 17120.4 16789.1 16457.7 16126.3 15795 15836.4 16167.8 16499.1
19240.5 19571.9 19903.3 20234.7 20566 20897.4 21228.8 21560.1 21891.5 22222.9 22554.2 22885.6 23217 23548.4 23879.7 24211.1 24542.5 24873.9 25205.2 25536.6 25900 26551.7 27350.8 28150.8 28950.8 29750.8 30550.8 31350.8 32150.8 32950.8 33750.8 34550.8 35350.8 36150.8 36950.8 37446.4 36763.8 35963.8 35163.8 34363.8 33563.8 32763.8 31963.8 31163.8 30363.8 29563.8 28763.8 27963.8 27163.8 26363.8 25563.8 24763.8 23963.8 23273.6 22891 22559.6 22228.3 21896.9 21565.5 21234.1 20902.8 20571.4 20240 19908.7 19577.3 19245.9 18914.5 18583.2 18251.8 17920.4 17589.1 17257.7 16926.3 16595 16636.4 16967.8 17299.1
20040.5 20371.9 20703.3 21034.7 21366 21697.4 22028.8 22360.1 22691.5 23022.9 23354.2 23685.6 24017 24348.4 24679.7 25011.1 25342.5 25673.9 26005.2 26336.6 26668 27031.4 27683.1 28482.2 29282.2 30082.2 30882.2 31682.2 32482.2 33282.2 34082.2 34882.2 35682.2 36482.2 37282.2 37777.8 37095.2 36295.2 35495.2 34695.2 33895.2 33095.2 32295.2 31495.2 30695.2 29895.2 29095.2 28295.2 27495.2 26695.2 25895.2 25095.2 24405 24022.4 23691 23359.6 23028.3 22696.9 22365.5 22034.1 21702.8 21371.4 21040 20708.7 20377.3 20045.9 19714.5 19383.2 19051.8 18720.4 18389.1 18057.7 17726.3 17395 17436.4 17767.8 18099.1
20840.5 21171.9 21503.3 21834.7 22166 22497.4 22828.8 23160.1 23491.5 23822.9 24154.2 24485.6 24817 25148.4 25479.7 25811.1 26142.5 26473.9 26805.2 27136.6 27468 27799.4 28162.8 28814.5 29613.6 30413.6 31213.6 32013.6 32813.6 33613.6 34413.6 35213.6 36013.6 36813.6 37613.6 38109.2 37426.6 36626.6 35826.6 35026.6 34226.6 33426.6 32626.6 31826.6 31026.6 30226.6 29426.6 28626.6 27826.6 27026.6 26226.6 25536.4 25153.8 24822.4 24491 24159.6 23828.3 23496.9 23165.5 22834.1 22502.8 22171.4 21840 21508.7 21177.3 20845.9 20514.5 20183.2 19851.8 19520.4 19189.1 18857.7 18526.3 18195 18236.4 18567.8 18899.1
21640.5 21971.9 22303.3 22634.7 22966 23297.4 23628.8 23960.1 24291.5 24622.9 24954.2 25285.6 25617 25948.4 26279.7 26611.1 26942.5 27273.9 27605.2 27936.6 28268 28599.4 28930.7 29294.1 29945.9 30745 31545 32345 33145 33945 34745 35545 36345 37145 37945 38440.6 37757.9 36957.9 36157.9 35357.9 34557.9 33757.9 32957.9 32157.9 31357.9 30557.9 29757.9 28957.9 28157.9 27357.9 26667.8 26285.1 25953.8 25622.4 25291 24959.6 24628.3 24296.9 23965.5 23634.1 23302.8 22971.4 22640 22308.7 21977.3 21645.9 21314.5 20983.2 20651.8 20320.4 19989.1 19657.7 19326.3 18995 19036.4 19367.8 19699.1
22440.5 22771.9 23103.3 23434.7 23766 24097.4 24428.8 24760.1 25091.5 25422.9 25754.2 26085.6 26417 26748.4 27079.7 27411.1 27742.5 28073.9 28405.2 28736.6 29068 29399.4 29730.7 30062.1 30425.5 31077.2 31876.3 32676.3 33476.3 34276.3 35076.3 35876.3 36676.3 37476.3 38276.3 38771.9 38089.3 37289.3 36489.3 35689.3 34889.3 34089.3 33289.3 32489.3 31689.3 30889.3 30089.3 29289.3 28489.3 27799.1 27416.5 27085.1 26753.8 26422.4 26091 25759.6 25428.3 25096.9 24765.5 24434.1 24102.8 23771.4 23440 23108.7 22777.3 22445.9 22114.5 21783.2 21451.8 21120.4 20789.1 20457.7 20126.3 19795 19836.4 20167.8 20499.1
23240.5 23571.9 23903.3 24234.7 24566 24897.4 25228.8 25560.1 25891.5 26222.9 26554.2 26885.6 27217 27548.4 27879.7 28211.1 28542.5 28873.9 29205.2 29536.6 29868 30199.4 30530.7 30862.1 31193.5 31556.9 32208.6 33007.7 33807.7 34607.7 35407.7 36207.7 37007.7 37807.7 38607.7 39103.3 38420.7 37620.7 36820.7 36020.7 35220.7 34420.7 33620.7 32820.7 32020.7 31220.7 30420.7 29620.7 28930.5 28547.9 28216.5 27885.1 27553.8 27222.4 26891 26559.6 26228.3 25896.9 25565.5 25234.1 24902.8 24571.4 24240 23908.7 23577.3 23245.9 22914.5 22583.2 22251.8 21920.4 21589.1 21257.7 20926.3 20595 20636.4 20967.8 21299.1
24040.5 24371.9 24703.3 25034.7 25366 25697.4 26028.8 26360.1 26691.5 27022.9 27354.2 27685.6 28017 28348.4 28679.7 29011.1 29342.5 29673.9 30005.2 30336.6 30668 30999.4 31330.7 31662.1 31993.5 32324.9 32688.3 33340 34139.1 34939.1 35739.1 36539.1 37339.1 38139.1 38939.1 39434.7 38752.1 37952.1 37152.1 36352.1 35552.1 34752.1 33952.1 33152.1 32352.1 31552.1 30752.1 30061.9 29679.3 29347.9 29016.5 28685.1 28353.8 28022.4 27691 27359.6 27028.3 26696.9 26365.5 26034.1 25702.8 25371.4 25040 24708.7 24377.3 24045.9 23714.5 23383.2 23051.8 22720.4 22389.1 22057.7 21726.3 21395 21436.4 21767.8 22099.1
24840.5 25171.9 25503.3 25834.7 26166 26497.4 26828.8 27160.1 27491.5 27822.9 28154.2 28485.6 28817 29148.4 29479.7 29811.1 30142.5 30473.9 30805.2 31136.6 31468 31799.4 32130.7 32462.1 32793.5 33124.9 33456.2 33819.6 34471.4 35270.5 36070.5 36870.5 37670.5 38470.5 39270.5 39766.1 39083.4 38283.4 37483.4 36683.4 35883.4 35083.4 34283.4 33483.4 32683.4 31883.4 31193.3 30810.6 30479.3 30147.9 29816.5 29485.1 29153.8 28822.4 28491 28159.6 27828.3 27496.9 27165.5 26834.1 26502.8 26171.4 25840 25508.7 25177.3 24845.9 24514.5 24183.2 23851.8 23520.4 23189.1 22857.7 22526.3 22195 22236.4 22567.8 22899.1
25640.5 25971.9 26303.3 26634.7 26966 27297.4 27628.8 27960.1 28291.5 28622.9 28954.2 29285.6 29617 29948.4 30279.7 30611.1 30942.5 31273.9 31605.2 31936.6 32268 32599.4 32930.7 33262.1 33593.5 33924.9 34256.2 34587.6 34951 35602.7 36401.8 37201.8 38001.8 38801.8 39601.8 40097.4 39414.8 38614.8 37814.8 37014.8 36214.8 35414.8 34614.8 33814.8 33014.8 32324.6 31942 31610.6 31279.3 30947.9 30616.5 30285.1 29953.8 29622.4 29291 28959.6 28628.3 28296.9 27965.5 27634.1 27302.8 26971.4 26640 26308.7 25977.3 25645.9 25314.5 24983.2 24651.8 24320.4 23989.1 23657.7 23326.3 22995 23036.4 23367.8 23699.1
26440.5 26771.9 27103.3 27434.7 27766 28097.4 28428.8 28760.1 29091.5 29422.9 29754.2 30085.6 30417 30748.4 31079.7 31411.1 31742.5 32073.9 32405.2 32736.6 33068 33399.4 33730.7 34062.1 34393.5 34724.9 35056.2 35387.6 35719 36082.4 36734.1 37533.2 38333.2 39133.2 39933.2 40428.8 39746.2 38946.2 38146.2 37346.2 36546.2 35746.2 34946.2 34146.2 33456 33073.4 32742 32410.6 32079.3 31747.9 31416.5 31085.1 30753.8 30422.4 30091 29759.6 29428.3 29096.9 28765.5 28434.1 28102.8 27771.4 27440 27108.7 26777.3 26445.9 26114.5 25783.2 25451.8 25120.4 24789.1 24457.7 24126.3 23795 23836.4 24167.8 24499.1
27240.5 27571.9 27903.3 28234.7 28566 28897.4 29228.8 29560.1 29891.5 30222.9 30554.2 30885.6 31217 31548.4 31879.7 32211.1 32542.5 32873.9 33205.2 33536.6 33868 34199.4 34530.7 34862.1 35193.5 35524.9 35856.2 36187.6 36519 36850.4 37213.8 37865.5 38664.6 39464.6 40264.6 40760.2 40077.6 39277.6 38477.6 37677.6 36877.6 36077.6 35277.6 34587.4 34204.8 33873.4 33542 33210.6 32879.3 32547.9 32216.5 31885.1 31553.8 31222.4 30891 30559.6 30228.3 29896.9 29565.5 29234.1 28902.8 28571.4 28240 27908.7 27577.3 27245.9 26914.5 26583.2 26251.8 25920.4 25589.1 25257.7 24926.3 24595 24636.4 24967.8 25299.1
28040.5 28371.9 28703.3 29034.7 29366 29697.4 30028.8 30360.1 30691.5 31022.9 31354.2 31685.6 32017 32348.4 32679.7 33011.1 33342.5 33673.9 34005.2 34336.6 34668 34999.4 35330.7 35662.1 35993.5 36324.9 36656.2 36987.6 37319 37650.4 37981.7 38345.1 38996.9 39796 40596 41091.6 40408.9 39608.9 38808.9 38008.9 37208.9 36408.9 35718.8 35336.1 35010.2 34661.6 34342 34010.6 33679.3 33347.9 33016.5 32685.1 32353.8 32022.4 31691 31359.6 31028.3 30696.9 30365.5 30034.1 29702.8 29371.4 29040 28708.7 28377.3 28045.9 27714.5 27383.2 27051.8 26720.4 26389.1 26057.7 25726.3 25395 25436.4 25767.8 26099.1
28840.5 29171.9 29503.3 29834.7 30166 30497.4 30828.8 31160.1 31491.5 31822.9 32154.2 32485.6 32817 33148.4 33479.7 33811.1 34142.5 34473.9 34805.2 35136.6 35468 35799.4 36130.7 36462.1 36793.5 37124.9 37456.2 37787.6 38119 38450.4 38781.7 39113.1 39476.5 40128.2 40927.3 41422.9 40740.3 39940.3 39140.3 38340.3 37540.3 36850.1 36467.5 36136.1 35805.7 35473.4 35142 34810.6 34479.3 34147.9 33816.5 33485.1 33153.8 32822.4 32491 32159.6 31828.3 31496.9 31165.5 30834.1 30502.8 30171.4 29840 29508.7 29177.3 28845.9 28514.5 28183.2 27851.8 27520.4 27189.1 26857.7 26526.3 26195 26236.4 26567.8 26899.1
29640.5 29971.9 30303.3 30634.7 30966 31297.4 31628.8 31960.1 32291.5 32622.9 32954.2 33285.6 33617 33948.4 34279.7 34611.1 34942.5 35273.9 35605.2 35936.6 36268 36599.4 36930.7 37262.1 37593.5 37924.9 38256.2 38587.6 38919 39250.4 39581.7 39913.1 40244.5 40607.9 41259.6 41754.3 41071.7 40271.7 39471.7 38671.7 37981.5 37598.9 37267.5 36936.1 36604.8 36273.4 35942 35610.6 35279.3 34947.9 34616.5 34285.1 33953.8 33622.4 33291 32959.6 32628.3 32296.9 31965.5 31634.1 31302.8 30971.4 30640 30308.7 29977.3 29645.9 29314.5 28983.2 28651.8 28320.4 27989.1 27657.7 27326.3 26995 27036.4 27367.8 27699.1
30440.5 30771.9 31103.3 31434.7 31766 32097.4 32428.8 32760.1 33091.5 33422.9 33754.2 34085.6 34417 34748.4 35079.7 35411.1 35742.5 36073.9 36405.2 36736.6 37068 37399.4 37730.7 38062.1 38393.5 38724.9 39056.2 39387.6 39719 40050.4 40381.7 40713.1 41044.5 41375.9 41739.3 42086.6 41403.1 40603.1 39803.1 39112.9 38730.3 38398.9 38067.5 37736.1 37404.8 37073.4 36742 36410.6 36079.3 35747.9 35416.5 35085.1 34753.8 34422.4 34091 33759.6 33428.3 33096.9 32765.5 32434.1 32102.8 31771.4 31440 31108.7 30777.3 30445.9 30114.5 29783.2 29451.8 29120.4 28789.1 28457.7 28126.3 27795 27836.4 28167.8 28499.1
31240.5 31571.9 31903.3 32234.7 32566 32897.4 33228.8 33560.1 33891.5 34222.9 34554.2 34885.6 35217 35548.4 35879.7 36211.1 36542.5 36873.9 37205.2 37536.6 37868 38199.4 38530.7 38862.1 39193.5 39524.9 39856.2 40187.6 40519 40850.4 41181.7 41513.1 41844.5 42175.9 42507.2 42434 41734.4 40934.4 40244.3 39861.6 39530.3 39198.9 38867.5 38536.1 38204.8 37873.4 37542 37210.6 36879.3 36547.9 36216.5 35885.1 35553.8 35222.4 34891 34559.6 34228.3 33896.9 33565.5 33234.1 32902.8 32571.4 32240 31908.7 31577.3 31245.9 30914.5 30583.2 30251.8 29920.4 29589.1 29257.7 28926.3 28595 28636.4 28967.8 29299.1
32040.5 32371.9 32703.3 33034.7 33366 33697.4 34028.8 34360.1 34691.5 35022.9 35354.2 35685.6 36017 36348.4 36679.7 37011.1 37342.5 37673.9 38005.2 38336.6 38668 38999.4 39330.7 39662.1 39993.5 40324.9 40656.2 40987.6 41319 41650.4 41981.7 42313.1 42517.4 42640 43033.7 42753.2 42001.3 41097.1 40730.6 40517.5 40315 39998.9 39667.5 39336.1 39004.8 38663.4 38342 38010.6 37679.3 37347.9 37016.5 36685.1 36353.8 36022.4 35691 35359.6 35028.3 34696.9 34365.5 34034.1 33702.8 33371.4 33040 32708.7 32377.3 32045.9 31714.5 31383.2 31051.8 30720.4 30389.1 30039.9 29666.8 29287.7 29234.4 29490.5 29802.8
32840.6 33171.9 33503.3 33834.7 34166 34497.4 34828.8 35160.1 35491.5 35822.9 36154.2 36485.6 36817 37148.4 37479.7 37811.1 38142.5 38473.9 38805.2 39136.6 39468 39799.4 40130.7 40462.1 40793.5 41124.9 41456.2 41787.6 42119 42450.4 42781.7 43085.8 43020.2 -9999 -9999 -9999 -9999 -9999 -9999 -9999 40676.7 40556 40405.4 40136.1 39804.8 39499.1 39142 38810.6 38479.3 38147.9 37816.5 37485.1 37153.8 36822.4 36491 36159.6 35828.3 35496.9 35165.5 34834.1 34502.8 34171.4 33840 33508.7 33177.3 32845.9 32514.5 32183.2 31851.8 31497.7 31020.1 30652.7 -9999 -9999 -9999 -9999 -9999
33640.6 33971.9 34303.3 34634.7 34966 35297.4 35628.8 35960.1 36291.5 36622.9 36954.2 37285.6 37617 37948.4 38279.7 38611.1 38942.5 39273.9 39605.2 39936.6 40268 40599.4 40930.7 41262.1 41593.5 41924.9 42256.2 42587.6 42919 43250.4 43581.7 43702.1 -9999 -9999 -9999 -9999 -9999 -9999 -9999 -9999 -9999 -9999 40772.5 40644.7 40536.2 40273.4 39942 39610.6 39279.3 38947.9 38616.5 38285.1 37953.8 37622.4 37291 36959.6 36628.3 36296.9 35965.5 35634.1 35302.8 34971.4 34640 34308.7 33977.3 33645.9 33311.3 32847.5 32450.1 32122.3 -9999 -9999 -9999 -9999 -9999 -9999 -9999
34440.6 34771.9 35103.3 35434.7 35766 36097.4 36428.8 36760.1 37091.5 37422.9 37754.2 38085.6 38417 38748.4 39079.7 39411.1 39742.5 40073.9 40405.2 40736.6 41068 41399.4 41730.7 42062.1 42393.5 42724.9 43056.2 43387.6 43719 44050.4 44340.3 -9999 -9999 -9999 -9999 -9999 -9999 -9999 -9999 -9999 -9999 -9999 -9999 -9999 -9999 40785.6 40494.2 40317 40052.1 39614.3 39306.7 39085.1 38753.8 38422.4 38091 37658.7 37329 37096.9 36765.5 36434.1 36102.8 35771.4 35440 35108.7 34774 34284.6 33865.6 -9999 -9999 -9999 -9999 -9999 -9999 -9999 -9999 -9999 -9999
35237.3 35571.9 35903.3 36234.7 36566 36897.4 37228.8 37560.1 37891.5 38222.9 38554.2 38885.6 39217 39548.4 39879.7 40211.1 40542.5 40873.9 41205.2 41536.6 41868 42199.4 42530.7 42862.1 43193.5 43524.9 43856.2 44187.6 44519 44794.6 44885.9 -9999 -9999 -9999 -9999 -9999 -9999 -9999 -9999 -9999 -9999 -9999 -9999 -9999 -9999 -9999 -9999 -9999 -9999 -9999 -9999 39605.1 39520 39215.1 38734.6 -9999 37733.3 37863.1 37537.2 37006.6 36717.5 36496.7 36050.7 35658.7 35376.6 -9999 -9999 -9999 -9999 -9999 -9999 -9999 -9999 -9999 -9999 -9999 -9999
35807.6 36266.9 36703.3 37034.7 37366 37697.4 38028.8 38360.1 38691.5 39022.9 39354.2 39685.6 40017 40348.4 40679.7 41011.1 41342.5 41673.9 42005.2 42336.6 42668 42999.4 43330.7 43662.1 43993.5 44324.9 44656.2 44987.6 45284.2 -9999 -9999 -9999 -9999 -9999 -9999 -9999 -9999 -9999 -9999 -9999 -9999 -9999 -9999 -9999 -9999 -9999 -9999 -9999 -9999 -9999 -9999 -9999 39976.9 39807 -9999 -9999 -9999 38334.8 38169.1 -9999 -9999 -9999 -9999 -9999 -9999 -9999 -9999 -9999 -9999 -9999 -9999 -9999 -9999 -9999 -9999 -9999 -9999
-9999 -9999 37411.2 37834.7 38166 38497.4 38828.8 39160.1 39491.5 39822.9 40154.2 40485.6 40817 41148.4 41479.7 41811.1 42142.5 42473.9 42805.2 43136.6 43468 43799.4 44130.7 44462.1 44793.5 45124.9 45456.2 45694.6 45767.6 -9999 -9999 -9999 -9999 -9999 -9999 -9999 -9999 -9999 -9999 -9999 -9999 -9999 -9999 -9999 -9999 -9999 -9999 -9999 -9999 -9999 -9999 -9999 -9999 -9999 -9999 -9999 -9999 -9999 -9999 -9999 -9999 -9999 -9999 -9999 -9999 -9999 -9999 -9999 -9999 -9999 -9999 -9999 -9999 -9999 -9999 -9999 -9999
-9999 -9999 -9999 38632.8 38966 39297.4 39628.8 39960.1 40291.5 40622.9 40954.2 41285.6 41617 41948.4 42279.7 42611.1 42942.5 43273.9 43605.2 43936.6 44268 44599.4 44930.7 45262.1 45593.5 45924.9 46149.4 -9999 -9999 -9999 -9999 -9999 -9999 -9999 -9999 -9999 -9999 -9999 -9999 -9999 -9999 -9999 -9999 -9999 -9999 -9999 -9999 -9999 -9999 -9999 -9999 -9999 -9999 -9999 -9999 -9999 -9999 -9999 -9999 -9999 -9999 -9999 -9999 -9999 -9999 -9999 -9999 -9999 -9999 -9999 -9999 -9999 -9999 -9999 -9999 -9999 -9999
-9999 -9999 -9999 39293.1 39718.5 40097.4 40428.8 40760.1 41091.5 41422.9 41754.2 42085.6 42417 42748.4 43079.7 43411.1 43742.5 44073.9 44405.2 44736.6 45068 45399.4 45730.7 46062.1 46393.5 46724.9 47035.5 -9999 -9999 -9999 -9999 -9999 -9999 -9999 -9999 -9999 -9999 -9999 -9999 -9999 -9999 -9999 -9999 -9999 -9999 -9999 -9999 -9999 -9999 -9999 -9999 -9999 -9999 -9999 -9999 -9999 -9999 -9999 -9999 -9999 -9999 -9999 -9999 -9999 -9999 -9999 -9999 -9999 -9999 -9999 -9999 -9999 -9999 -9999 -9999 -9999 -9999
-9999 -9999 -9999 -9999 -9999 40788 41098.7 41564.9 41891.5 42222.9 42554.2 42885.6 43217 43548.4 43879.7 44211.1 44542.5 44873.9 45205.2 45536.6 45868 46199.4 46530.7 46862.1 47138.1 47307.1 47532.4 -9999 -9999 -9999 -9999 -9999 -9999 -9999 -9999 -9999 -9999 -9999 -9999 -9999 -9999 -9999 -9999 -9999 -9999 -9999 -9999 -9999 -9999 -9999 -9999 -9999 -9999 -9999 -9999 -9999 -9999 -9999 -9999 -9999 -9999 -9999 -9999 -9999 -9999 -9999 -9999 -9999 -9999 -9999 -9999 -9999 -9999 -9999 -9999 -9999 -9999
-9999 -9999 -9999 -9999 -9999 -9999 -9999 42166.4 42524.7 43019.6 43354.2 43685.6 44017 44348.4 44679.7 45011.1 45342.5 45673.9 45976 46190.4 46457.9 46609.2 -9999 47353.5 -9999 -9999 -9999 -9999 -9999 -9999 -9999 -9999 -9999 -9999 -9999 -9999 -9999 -9999 -9999 -9999 -9999 -9999 -9999 -9999 -9999 -9999 -9999 -9999 -9999 -9999 -9999 -9999 -9999 -9999 -9999 -9999 -9999 -9999 -9999 -9999 -9999 -9999 -9999 -9999 -9999 -9999 -9999 -9999 -9999 -9999 -9999 -9999 -9999 -9999 -9999 -9999 -9999
