public/models/data/input/map/ntb/800/mapdagr.asc
NCOLS 484
NROWS 342
XLLCORNER 370313.940441
YLLCORNER 9266624.452423
CELLSIZE 800.000000
NODATA_VALUE       -9999
[rows 272 to 305 of 342, columns 308 to 384 of 484]
-9999 -9999 -9999 -9999 -9999 -9999 -9999 -9999 -9999 -9999 -9999 -9999 -9999 -9999 -9999 -9999 -9999 -9999 -9999 -9999 -9999 -9999 -9999 -9999 -9999 -9999 -9999 -9999 -9999 -9999 4743.23 4546.6 4636.4 4967.77 5177.71 4853.67 4099.14 3305.55 2653.78 2141.16 1612.77 1057.29 622.533 67.2985 0 -9999 -9999 -9999 -9999 1012.48 991.099 622.943 174.215 226.424 808.444 629.986 68.704 142.475 68.704 154.929 827.508 1590 1712.75 1443.57 1321.6 1170.71 1378.73 1683.28 1458.73 1109.12 435.006 16.2722 103.615 465.793 1231.77 1462.74 1211.06
-9999 -9999 -9999 -9999 -9999 -9999 -9999 -9999 -9999 -9999 -9999 -9999 -9999 -9999 -9999 -9999 -9999 -9999 -9999 -9999 -9999 -9999 -9999 -9999 -9999 -9999 -9999 -9999 -9999 -9999 5464.97 5346.6 5436.4 5565.19 4957.75 4333.49 3729.68 2967.77 2174.17 1522.41 1045.28 727.045 658.292 220.884 -9999 -9999 -9999 -9999 -9999 -9999 1125.3 360.103 0 56.7402 593.206 273.096 6.25 136.271 3.125 111.271 770.711 1570.71 2271.04 2243.57 2121.6 1970.71 2177.82 2459.92 2181.58 1519 758.942 86.6498 148.3 763.373 1486.37 1987.43 1454.05
-9999 -9999 -9999 -9999 -9999 -9999 -9999 -9999 -9999 -9999 -9999 -9999 -9999 -9999 -9999 -9999 -9999 -9999 -9999 -9999 -9999 -9999 -9999 -9999 -9999 -9999 -9999 -9999 -9999 -9999 -9999 6122.73 6033.82 5406.25 4606.25 3826.38 3202.12 2598.31 1836.4 1042.8 394.27 74.3068 173.965 -9999 -9999 -9999 -9999 -9999 -9999 -9999 -9999 -9999 0 66.3833 268.409 215.284 60.6234 255.955 1.5625 192.919 825.669 1622.12 2422.12 2961.11 2921.6 2770.71 2977.82 3113.53 2427.67 1627.67 828.58 175.352 49.954 631.64 1429.81 1801.01 1058.73
-9999 -9999 -9999 -9999 -9999 -9999 -9999 -9999 -9999 -9999 -9999 -9999 -9999 -9999 -9999 -9999 -9999 -9999 -9999 -9999 -9999 -9999 -9999 -9999 -9999 -9999 -9999 -9999 -9999 -9999 -9999 6624.74 5874.87 5074.87 4274.87 3474.87 2695.01 2070.75 1512.09 847.526 156.537 0 -9999 -9999 -9999 -9999 -9999 -9999 -9999 -9999 -9999 0 0 58.8388 30.0666 24.0847 487.917 538.484 105.936 132.295 770.205 1563.91 2363.91 3163.26 3686.73 3570.71 3774.27 3539.95 2743.5 1944.42 1235.75 577.259 277.405 896.066 1661.46 1889.44 1107.84
-9999 -9999 -9999 -9999 -9999 -9999 -9999 -9999 -9999 -9999 -9999 -9999 -9999 -9999 -9999 -9999 -9999 -9999 -9999 -9999 -9999 -9999 -9999 -9999 -9999 -9999 -9999 -9999 8637.28 -9999 6815.89 6343.5 5543.5 4743.5 3943.5 3143.5 2343.5 1563.64 939.375 414.832 25.3791 0 0 -9999 -9999 -9999 -9999 -9999 -9999 -9999 0 0 51.9416 46.986 42.2985 299.391 566.394 713.465 580.097 668.791 1184.21 1890.68 2665.94 3461.7 4194.43 4365.81 4473.48 3874.87 3075.79 2367.12 1705.28 1184.22 1006.95 1353.34 2026.61 2167.9 1378.73
-9999 -9999 -9999 -9999 -9999 -9999 -9999 -9999 -9999 -9999 -9999 -9999 -9999 -9999 -9999 -9999 -9999 -9999 -9999 -9999 -9999 -9999 -9999 -9999 -9999 -9999 -9999 -9999 8395.68 7746.32 6790.12 6032.84 5232.84 4432.84 3632.84 2832.84 2032.84 1232.84 453.894 27.3208 0 0 1352.47 2089.15 2404.21 2955.64 -9999 -9999 -9999 -9999 0 0 32.2763 14.7097 44.7763 376.018 188.166 165.219 569.466 1009.76 1332.44 1802.39 2510.1 3270.28 3911.82 4580.47 4919.83 4207.16 3498.49 2836.65 2315.6 1977.82 1806.95 2102.08 2484.71 2505.81 1858.38
-9999 -9999 -9999 7495.69 7813.96 8663.96 -9999 9873.79 10476.4 10526.5 9593.55 9357.29 8361.99 7286.86 6563.19 -9999 -9999 -9999 -9999 -9999 -9999 -9999 -9999 -9999 3727.75 3804.16 5355.64 5573.83 8059.19 7577.26 6924.78 6124.78 5324.78 4524.78 3724.78 2924.78 2124.78 1325.7 633.658 275.463 20.0444 19.1291 590.609 1434.94 2185.85 2746.02 -9999 -9999 -9999 -9999 0 0 0 0 139.664 394.14 292.161 44.5083 347.579 331.399 673.23 1378.73 2138.91 2780.45 3457.96 4223.4 4940.26 4629.87 3968.02 3446.97 3109.19 2777.82 2606.95 2902.08 3216.13 2989.75 2626.19
-9999 5609.25 6223.35 7055.63 7814.05 8583.26 8984.3 9383.6 9747.76 9950.16 9374.87 8562.04 7834.95 6972.79 6206.37 5382.84 5070.28 -9999 -9999 -9999 -9999 -9999 -9999 2851.82 3051.14 3515.68 4951.64 5183.65 5863.12 6932.23 6727.67 5927.67 5127.67 4327.67 3527.67 2727.67 1927.67 1127.67 368.16 68.0568 83.9499 275.057 801.872 1200.65 -9999 -9999 -9999 -9999 -9999 0 0 0 0 0 11.5847 78.4581 100.222 0 48.0124 9.375 406.334 1035.37 1649.08 2326.59 3092.03 3892.03 4692.03 5042.54 4578.34 4240.56 3909.19 3577.82 3406.95 3702.08 3976.65 3757.56 3310.67
4482.51 5094.9 5929.79 6696.19 7453.87 7912.93 8244.72 8576.09 8907.46 9245.92 9043.5 8243.5 7443.5 6643.5 5843.5 5044.42 4343.95 3648.53 -9999 -9999 -9999 120.711 -9999 2010.44 2469.81 3148.12 4062.13 4860.66 5660.66 6460.66 6782.2 6036.4 5236.4 4436.4 3636.4 2836.4 2036.4 1237.31 552.638 480.901 717.513 518.447 660.32 764.91 -9999 2108.26 2949.94 3551.65 -9999 0 0 0 0 59.9762 190.2 285.014 123.392 0 0 0 100.712 522.035 1195.22 1960.66 2760.66 3560.66 4360.66 5128.8 5302.43 5040.56 4709.19 4377.82 4206.95 4482.21 4580.99 4286.29 3775.1
3968.48 4764.82 5564.82 6322.49 6781.56 7113.35 7444.72 7776.09 8116.62 8682.3 8741.22 7943.2 7143.2 6343.2 5543.2 4743.2 3943.2 3144.34 2355.88 1602.35 712.477 81.5461 571.526 1352.87 2153.55 2953.55 3753.55 4553.55 5353.55 6153.55 6838.39 6367.77 5567.77 4767.77 3967.77 3167.77 2368.68 1684.01 1294.97 1157.34 746.158 138.323 86.0025 296.411 1014.36 1845.03 2643.2 3344.19 -9999 -9999 0 24.7319 160.263 453.81 811.385 983.122 521.434 324.28 273.392 234.394 5.33471 163.702 883.831 1679.81 2479.81 3279.81 4072.58 4649.41 4936.4 5241.51 5341.36 5095.61 4618.01 4323.23 3992.03 3660.66 3371.51
3633.45 4433.45 5191.12 5650.18 5981.98 6313.35 6644.72 6985.25 7550.93 8341.78 8786.68 8088.02 7288.02 6488.02 5688.02 4888.02 4088.02 3288.02 2488.02 1688.02 888.289 174.058 346.266 1126.78 1926.78 2726.78 3526.78 4326.78 5126.78 5926.78 6723.78 6699.14 5899.14 5099.14 4299.14 3500.05 2815.38 2380.23 1828.57 1095.78 343.474 3.125 235.217 665.295 1232.05 2014.64 2733.45 3144.97 -9999 -9999 750.694 421.867 805.671 1172.27 1210.98 861.477 766.061 949.44 954.281 513.12 10.9375 111.382 670.898 1458.73 2258.73 3058.73 3643.16 3876.78 4136.4 4467.77 4799.14 4913 4207.16 3555.44 3192.03 2860.66 2571.6
3302.08 4064.03 4518.81 4850.61 5181.98 5513.35 5853.88 6419.56 7210.41 8010.41 8748.28 8402.08 7602.08 6802.08 6002.08 5202.08 4402.08 3602.08 2802.08 2002.08 1235.39 676.233 773.008 1375.3 2160.66 2960.66 3760.66 4560.66 5360.66 6160.66 6960.66 7030.51 6230.51 5430.51 4631.42 3946.69 3445.08 2694.97 1894.97 1099.93 368.222 0 227.728 1000.91 1539.54 2230.64 -9999 -9999 -9999 986.2 1016.62 936.891 1085.04 1059.94 707.353 224.992 134.394 594.473 515.95 584.914 235.911 222.541 715.111 1494.97 2283.53 2805.91 2878.03 3076.78 3336.4 3667.77 3999.14 4311.58 3874.87 3075.79 2424.07 2060.66 1771.6
2961.8 3453.16 3719.24 4050.61 4381.98 4722.5 5288.19 6079.04 6879.04 7679.04 8479.04 8702.94 7933.45 7133.45 6333.45 5533.45 4733.45 3933.45 3133.45 2366.76 1802.43 1458.73 1536.4 1904.38 2506.68 3292.03 4092.03 4892.03 5692.03 6492.03 7292.03 7361.88 6561.88 5762.8 5078.06 4576.46 3826.35 3026.35 2230.01 1623.25 -9999 -9999 831.551 1157.72 -9999 -9999 -9999 -9999 -9999 316.541 302.451 288.434 352.692 503.358 92.5206 10.0222 22.2541 111.761 30.9819 558.257 967.919 981.066 1280.8 1833.09 2122.12 2093.57 2078.03 2276.78 2536.4 2867.77 3217.44 3723.97 3487.85 2743.5 1944.42 1292.7 971.599
2442.85 2686.24 2919.24 3250.61 3591.13 4156.82 4947.67 5747.67 6547.67 7347.67 8147.67 8791.63 8264.82 7464.82 6664.82 5864.82 5064.82 4264.82 3498.13 2933.8 2584.92 2258.73 2336.4 2667.77 3035.75 3638.05 4423.4 5223.4 6023.4 6823.4 7623.4 7693.25 6894.17 6209.43 5707.83 4957.72 4157.72 3367.86 2551.31 2290.99 -9999 -9999 -9999 -9999 -9999 -9999 -9999 -9999 -9999 0 0 0 6.89721 79.6415 75.9803 4.6875 0 0 138.055 781.9 1527.26 1781.07 1989.01 1706.29 1358.73 1293.57 1278.03 1476.78 1736.4 2086.07 2677.39 3099.32 2792.95 2358.53 1632.57 833.758 239.304
1726.97 1886.24 2119.24 2459.76 3025.45 3816.3 4616.3 5416.3 6216.3 7016.3 7816.3 8610.17 8592.12 7796.19 6996.19 6196.19 5396.19 4629.51 4065.17 3716.3 3384.92 3058.73 3136.4 3467.77 3799.14 4167.12 4769.42 5554.77 6354.77 7154.77 7954.77 8025.54 7340.8 6839.2 6089.09 5289.09 4498.24 3935.9 -9999 -9999 -9999 -9999 -9999 -9999 -9999 -9999 -9999 -9999 -9999 -9999 0 0 0 0 70.2665 1.5625 43.593 73.7706 458.999 1090.63 1877.82 2454.11 2033.05 1237.31 590.766 494.102 478.301 678.764 954.702 1546.02 2067.7 2466.14 2141.22 1661.58 1324.85 750.409 171.469
927.665 1086.24 1328.39 1894.08 2684.92 3484.92 4284.92 5084.92 5884.92 6684.92 7484.92 8284.92 8788.24 8127.57 7327.57 6527.57 5760.88 5196.54 4847.67 4516.29 4184.92 3858.73 3936.4 4267.77 4599.14 4930.51 5298.49 5900.79 6686.14 7486.14 8286.14 8471.28 7970.57 7220.46 6420.46 5629.61 5063.93 4801.79 -9999 -9999 -9999 -9999 -9999 -9999 -9999 -9999 -9999 -9999 -9999 -9999 0 0 0 0 0 29.1513 422.487 706.418 1054.64 1587.51 2222 2665.15 1958.73 1158.73 401.287 15.625 4.6875 59.486 449.927 936.331 1356.34 1823.82 1777.82 1009.85 547.782 338.879 28.7722
192.586 304.929 767.884 1558.73 2358.73 3158.73 3958.73 4758.73 5558.73 6358.73 7158.73 7958.73 8721.35 8458.94 7658.94 6892.25 6327.91 5979.04 5647.67 5316.3 4984.92 4658.73 4736.4 5067.77 5399.14 5730.51 6061.88 6429.86 7032.16 7817.52 8617.51 9047.6 8351.83 7551.83 6760.98 6195.3 5845.01 5534.8 -9999 -9999 -9999 -9999 -9999 -9999 -9999 -9999 -9999 -9999 -9999 -9999 0 0 0 0 26.2944 246.266 707.835 1363.13 1796.95 2186.01 2718.88 2964.12 2226.41 1426.41 634.072 153.301 228.255 64.6637 58.1916 252.96 692.451 1377.06 1476.31 682.759 68.3249 11.5847 259.681
37.611 230.576 857.226 1636.4 2436.4 3236.4 4036.4 4836.4 5636.4 6436.4 7236.4 8036.4 8836.39 8790.31 8023.62 7459.28 7110.41 6779.04 6447.67 6116.3 5784.92 5458.73 5536.4 5867.77 6199.14 6530.51 6861.88 7193.25 7561.23 8163.53 8948.88 9395.33 8683.2 7888.19 7272.23 6855.97 6679.68 -9999 -9999 -9999 -9999 -9999 -9999 -9999 -9999 -9999 -9999 -9999 -9999 0 0 0 0 0 0 20.0444 570.711 1370.71 2168.36 2841.47 3316.11 3332.48 2543.5 1749.91 1142.12 881.066 917.57 557.713 80.9359 0 389.794 952.941 1163.99 750.532 368.918 380.465 707.429
238.231 738.53 1308.45 1988.6 2767.77 3567.77 4367.77 5167.77 5967.77 6767.77 7567.77 8367.77 9167.76 9154.99 8590.65 8241.78 7910.41 7579.04 7247.67 6916.29 6584.92 6258.73 6336.4 6667.77 6999.14 7330.51 7661.88 7993.25 8324.62 8692.6 9294.9 9712.46 9094.57 8419.6 -9999 -9999 -9999 -9999 -9999 -9999 -9999 -9999 -9999 -9999 -9999 -9999 -9999 -9999 0 0 0 0 66.6053 227.608 331.334 211.382 636.818 1427.67 2227.67 3027.67 3810.96 3674.87 2881.28 2273.49 1919.24 1672.56 1426.72 780.682 338.852 24.0847 295.841 242.586 578.193 1116.63 1143.2 1175.89 1378.73
524.042 1218.76 1863.39 2439.82 3119.97 3899.14 4699.14 5499.14 6299.14 7099.14 7899.14 8699.14 9499.13 9719.64 9373.15 9041.78 8710.41 8379.04 8047.67 7716.3 7384.92 7058.73 7136.4 7467.77 7799.14 8130.51 8461.88 8793.25 9124.62 9455.99 9803.12 9916.65 -9999 -9999 -9999 -9999 -9999 -9999 -9999 -9999 -9999 -9999 -9999 -9999 -9999 -9999 -9999 -9999 0 0 0 44.7763 229.013 423.077 445.535 494.611 885.944 1614.06 2414.06 3214.06 4012.31 4009.71 3403.19 2966.63 2419.1 1858.32 1194.16 406.02 23.8166 0 36.4277 0 196.534 896.583 1636.48 1857.76 2010.95
549.697 1332.84 2132.84 2889.27 3570.48 4251.34 5030.51 5830.51 6630.51 7430.51 8230.51 9030.51 9830.5 10411.9 10173.1 9841.77 9510.4 9179.03 8847.66 8516.29 8184.92 7858.73 7936.4 8267.77 8599.14 8930.51 9261.88 9593.25 9924.62 10256 10556.3 -9999 -9999 -9999 -9999 -9999 -9999 -9999 -9999 -9999 -9999 -9999 -9999 -9999 -9999 -9999 -9999 0 0 0 0 0 0 0 0 55.9359 634.562 1432.84 2232.84 3032.84 3832.84 4285.89 3660.95 2867.77 2071.36 1355.07 763.338 262.205 0 0 0 0 75 750 1449.15 1363.91 1444.09
1012.07 1660.36 2443.5 3243.5 4016.36 4701.85 5382.71 6161.88 6961.88 7761.88 8561.88 9361.88 10161.9 10932.6 10973.1 10641.8 10310.4 9979.03 9647.66 9316.29 8984.92 8658.73 8736.39 9067.76 9399.13 9730.5 10061.9 10393.2 10724.6 11056 11380.9 -9999 -9999 -9999 -9999 -9999 -9999 -9999 -9999 -9999 -9999 -9999 -9999 -9999 -9999 -9999 -9999 15.2778 0 0 0 20.0444 20.6916 55.1777 89.2386 374.586 947.613 1702.89 2502.08 3302.08 4098.51 4129.39 3336.4 2536.4 1736.4 939.992 245.638 3.125 0 0 0 0 99.6859 793.566 1175.09 595.944 650.095
1546.29 2143.44 2791.73 3574.87 4374.87 5147.73 5833.22 6514.08 7293.25 8093.25 8893.25 9693.25 10493.2 11293.2 11739.2 11441.8 11110.4 10779 10447.7 10116.3 9784.92 9458.73 9536.39 9867.76 10199.1 10530.5 10861.9 11193.2 11524.6 11856 12172 -9999 -9999 -9999 -9999 -9999 -9999 -9999 -9999 -9999 -9999 -9999 -9999 -9999 0 0 79.2164 436.623 429.484 346.534 174.372 510.025 489.905 636.347 699.8 1078.46 1480.23 2078.98 2834.26 3633.45 4323.98 3864.8 3064.8 2264.8 1464.8 679.718 62.611 0 0 0 0 0 124.843 840.533 1074.44 305.086 52.6999
2152.62 2677.66 3274.82 3923.1 4706.24 5506.24 6279.1 6964.59 7645.45 8424.62 9224.62 10024.6 10824.6 11624.6 12340.6 12241.8 11910.4 11579 11247.7 10916.3 10584.9 10258.7 10336.4 10667.8 10999.1 11330.5 11661.9 11923.3 12215 12291.9 -9999 -9999 -9999 -9999 -9999 -9999 -9999 -9999 -9999 -9999 -9999 -9999 -9999 0 0 0 84.329 253.366 635.7 1008.86 886.244 1187.86 1286.24 1421.23 1494.97 1831.17 2209.72 2611.6 3210.35 3965.63 4451.75 3763.91 2963.91 2163.91 1363.91 586.791 179.438 10.0222 0 0 21.986 270.749 438.361 998.636 1202.02 424.724 33.4597
2661.28 3284 3809.03 4406.19 5054.47 5837.62 6637.62 7410.47 8095.96 8776.82 9555.99 10356 11156 11956 12754.3 13035 12710.4 12379 12047.7 11716.3 11384.9 11058.7 11136.4 11467.8 11799.1 12130.5 12440.8 12298.3 -9999 -9999 -9999 -9999 -9999 -9999 -9999 -9999 -9999 -9999 -9999 -9999 -9999 -9999 0 0 0 86.5387 270.822 339.702 662.208 1422.6 1686.09 1960.66 2086.24 2221.23 2294.97 2626.35 2962.54 3341.1 3742.97 4341.73 4777.45 4084.92 3284.92 2484.92 1707.81 1130.5 617.505 266.846 74.4178 23.1694 57.0083 685.282 1191.82 1520.39 1501.78 807.337 343.187
3152.19 3792.65 4415.37 4940.4 5537.56 6185.84 6968.99 7768.99 8541.84 9227.33 9908.19 10687.4 11487.4 12287.4 13087.3 13714.9 13510.4 13179 12847.7 12516.3 12184.9 11858.7 11936.4 12267.8 12599.1 12929.2 13102.9 -9999 -9999 -9999 -9999 -9999 -9999 -9999 -9999 -9999 -9999 -9999 -9999 -9999 -9999 -9999 -9999 0 0 337.048 979.477 1122.49 1281.48 1793.58 2420.5 2760.66 2886.24 3021.23 3094.97 3426.35 3757.72 4093.91 4472.47 4874.34 5075.42 4335.51 3535.51 2735.51 1954.72 1165.53 368.279 69.7303 88.2123 491.08 484.727 954.702 1727.24 2073.34 1425.52 634.673 101.091
3703.8 4280.76 4924.02 5546.74 6071.77 6668.93 7317.21 8100.36 8900.36 9673.21 10358.7 11039.6 11818.7 12618.7 13418.7 14202.6 14310.4 13979 13647.7 13316.3 12984.9 12658.7 12736.4 13067.8 13396 13600.4 -9999 -9999 -9999 -9999 -9999 -9999 -9999 -9999 -9999 -9999 -9999 -9999 -9999 -9999 -9999 -9999 -9999 0 51.6735 639.426 1431.56 1896.15 2077.82 2412.85 2923.04 3533.62 3686.24 3821.23 3894.97 4226.35 4557.72 4889.09 5225.28 5594.06 5294.57 4494.98 3694.97 2894.97 2094.97 1294.97 551.03 145.933 193.88 884.987 1274.12 1564.32 2086.07 2131.77 1332.84 536.439 42.6777
3766.42 4563.95 5325.26 6031.04 6678.11 7203.14 7800.3 8448.58 9231.73 10031.7 10804.6 11490.1 12170.9 12950.1 13750.1 14550.1 15056.2 14779 14447.7 14116.3 13784.9 13458.7 13534.9 13736.5 13769.1 -9999 -9999 -9999 -9999 -9999 -9999 -9999 -9999 -9999 -9999 -9999 -9999 -9999 -9999 -9999 -9999 -9999 -9999 0 109.218 751.685 1413.48 2179.93 2784.58 3206.76 3544.22 4054.41 4476.83 4621.23 4694.97 5026.35 5357.72 5689.09 6020.46 6239.17 5626.35 4826.35 4026.35 3226.35 2426.35 1682.4 1208.36 841.222 779.81 1211.92 1914.75 2360.5 2691.36 2443.5 1647.1 987.009 604.523
3606.95 4406.95 5206.95 6006.95 6806.95 7578.52 8265.67 8931.25 9579.95 10363.1 11163.1 11935.9 12621.4 13302.3 14081.5 14881.5 15624 15579 15247.7 14916.3 14584.9 14248 13841.4 -9999 -9999 -9999 -9999 -9999 -9999 -9999 -9999 -9999 -9999 -9999 -9999 -9999 -9999 -9999 -9999 -9999 -9999 -9999 -9999 0 39.8208 359.635 1117.31 1917.31 2717.31 3512.17 4201.4 4673.01 5141.41 5421.09 5494.97 5826.35 6157.72 6489.09 6820.46 6737.45 5957.72 5157.72 4357.72 3557.72 2813.77 2339.73 1972.59 1636.4 1579.81 1882.22 2316.2 2895.43 3269.29 2778.47 2118.38 1704.83 1401.78
3777.82 4577.82 5377.82 6177.82 6977.82 7777.82 8577.82 9364.83 10062.6 10711.3 11494.5 12294.5 13067.3 13752.8 14433.7 15212.8 16012.8 16364.3 16047.7 15716.3 15384.9 15017.3 -9999 -9999 -9999 -9999 -9999 -9999 -9999 -9999 -9999 -9999 -9999 -9999 -9999 -9999 -9999 -9999 -9999 -9999 -9999 -9999 -9999 0 16.9194 479.764 1179.99 1979.07 2779.07 3579.07 4349.68 4933.71 5565.42 6092.73 6294.98 6626.35 6957.72 7289.09 7574.34 7089.09 6289.09 5489.09 4689.09 3945.14 3470.23 3029.49 2470.43 2065.84 1788.09 1643.2 1944.42 2391.12 3126.89 3240.07 2836.2 2502.08 2201.78
3864.55 4644.11 5444.11 6244.11 7044.11 7844.11 8644.11 9444.11 10239.4 11000.1 11753.9 12553.9 13353.9 14127.5 14852 15556.5 16344.2 17012.4 16847.7 16516.3 16164.7 -9999 -9999 -9999 -9999 -9999 -9999 -9999 -9999 -9999 -9999 -9999 -9999 -9999 -9999 -9999 -9999 -9999 -9999 -9999 -9999 -9999 -9999 0 4.6875 286.577 1043.2 1843.2 2632.72 3296.76 3821.5 4515.43 5237.03 5902.66 6587.5 7161.23 7699.26 8089 8154.06 7420.46 6620.46 5820.46 5055.48 4429.91 3736.71 2943.5 2143.5 1420.39 1013.91 844.113 1259.74 2002.08 2802.08 3543.47 3627.5 3302.08 2989.06
3516.3 4316.3 5116.3 5916.3 6716.3 7516.3 8316.29 9116.29 9916.29 10716.3 11516.3 12316.3 13116.3 13916.3 14716.3 15516.3 16316.3 17114.3 17565.7 17316.3 17056.4 -9999 -9999 -9999 -9999 -9999 -9999 -9999 -9999 -9999 -9999 -9999 -9999 -9999 -9999 -9999 -9999 -9999 -9999 -9999 -9999 -9999 -9999 0 4.6875 362.002 1124.34 1819.13 2282.73 2691.57 3384.06 4105.65 4771.29 5465.5 6117.98 6851.83 7651.83 8426.07 8227.67 7427.67 6627.67 5827.67 5027.67 4227.67 3427.67 2627.67 1827.67 1027.67 323.208 215.062 901.777 1701.78 2501.78 3301.78 4043.16 4077.99 3448.68
3184.92 3988.2 4813.25 5615.99 6415.99 7215.99 8015.99 8815.99 9615.99 10416 11216 12016 12816 13616 14416 15216 16016 16816 17612.7 17968.5 -9999 -9999 -9999 -9999 -9999 -9999 -9999 -9999 -9999 -9999 -9999 -9999 -9999 -9999 -9999 -9999 -9999 -9999 -9999 -9999 -9999 -9999 -9999 -9999 0 167.697 725.892 1153.64 1560.2 2252.69 2974.28 3639.92 4334.13 4986.61 5720.46 6520.46 7320.46 8120.22 8148.32 7350 6550 5750 4950 4150 3350 2550 1750 950 187.5 156.158 878.921 1676.78 2476.78 3276.78 4054.24 4576.33 -9999
2955.97 -9999 -9999 5845.75 6592.64 7392.03 8192.03 8992.03 9792.03 10592 11392 12192 12992 13792 14592 15392 16192 16877.5 17563.8 -9999 -9999 -9999 -9999 -9999 -9999 -9999 -9999 -9999 -9999 -9999 -9999 -9999 -9999 -9999 -9999 -9999 -9999 -9999 -9999 -9999 -9999 -9999 -9999 -9999 0 1.5625 135.577 437.465 1121.32 1842.91 2508.54 3202.76 3855.24 4589.09 5389.09 6189.09 6989.09 7789.09 7987.6 7201.78 6401.78 5601.78 4801.78 4001.78 3201.78 2401.78 1601.78 801.777 107.609 164.951 755.227 1557.03 2443.77 -9999 -9999 -9999 -9999
