public/models/data/input/map/ntb/800/mapdcenter.asc
NCOLS 484
NROWS 342
XLLCORNER 370313.940441
YLLCORNER 9266624.452423
CELLSIZE 800.000000
NODATA_VALUE       -9999
[rows 238 to 271 of 342, columns 77 to 153 of 484]
25536.4 26336.4 27136.4 27936.4 28736.4 29536.4 30336.4 31136.4 31918.9 32846 33523.8 35234.6 37181.5 -9999 38722.4 38653.9 35126.9 34995.1 34770.9 34209.5 33869 33537.6 33679.6 34387.6 35128.9 36380.5 34256.7 33613.4 33282 33168.1 33489.1 33820.4 34151.8 34483.2 34814.5 35145.9 35477.3 35808.7 36140 36471.4 36802.8 37134.2 37465.5 37796.9 38128.3 38451.8 38582.3 38627.4 -9999 -9999 -9999 -9999 -9999 -9999 -9999 -9999 -9999 -9999 -9999 -9999 -9999 -9999 -9999 -9999 -9999 -9999 -9999 -9999 -9999 -9999 -9999 -9999 -9999 -9999 -9999 -9999 -9999
25495 26295 27095 27828.4 28754.4 29641.6 30377.8 31124.4 31574.3 -9999 -9999 -9999 -9999 -9999 -9999 33855.4 33888.4 34186.1 34334.9 33682.5 33084.5 32737.6 32384.2 32252.4 32765 34130.1 33557.8 32863.1 32482 32368.1 32689.1 33020.4 33351.8 33683.2 34014.5 34345.9 34677.3 35008.7 35340 35671.4 36002.8 36334.2 36665.5 36996.9 37328.3 37659.7 37991 38220.1 -9999 -9999 -9999 -9999 -9999 -9999 -9999 -9999 -9999 -9999 -9999 -9999 -9999 -9999 -9999 -9999 -9999 -9999 -9999 -9999 -9999 -9999 -9999 -9999 -9999 -9999 -9999 -9999 -9999
25804 26569.5 27236.7 27852.1 -9999 30681.3 30627.2 -9999 -9999 -9999 -9999 -9999 -9999 -9999 -9999 33281.3 33116.9 33386.1 33725.6 34031.1 32308.2 31937.6 31606.2 31740.3 32506.8 33742.8 33732.7 32758.6 31733.2 31568.1 31889.1 32220.4 32551.8 32883.2 33214.5 33545.9 33877.3 34208.7 34540 34871.4 35202.8 35534.2 35865.5 36196.9 36528.3 36859.7 37191 37377.4 -9999 -9999 -9999 -9999 -9999 -9999 -9999 -9999 -9999 -9999 -9999 -9999 -9999 -9999 -9999 -9999 -9999 -9999 -9999 -9999 -9999 -9999 -9999 -9999 -9999 -9999 -9999 -9999 -9999
25903.1 -9999 -9999 -9999 -9999 31436.1 31250.2 -9999 -9999 -9999 -9999 -9999 -9999 32808.6 32618.5 32489.6 32316.9 32598.1 33328 34062.7 33918.3 31141.1 30806.2 30780 31006 34549.8 -9999 -9999 30551.8 30763.2 31089.1 31420.4 31751.8 32083.2 32414.5 32745.9 33077.3 33408.7 33740 34071.4 34402.8 34734.2 35065.5 35396.9 35728.3 36059.7 36391 36598.7 -9999 -9999 -9999 -9999 -9999 -9999 -9999 -9999 -9999 -9999 -9999 -9999 -9999 -9999 -9999 -9999 -9999 -9999 -9999 -9999 -9999 -9999 -9999 -9999 -9999 -9999 -9999 -9999 -9999
-9999 -9999 -9999 -9999 -9999 -9999 -9999 -9999 -9999 -9999 -9999 -9999 -9999 32490 32079.3 31744.7 31516.9 31744.2 -9999 30722.5 30524.6 30497.8 30006.2 30047.7 30197.7 29858.5 -9999 30121.3 29723.7 29957.7 30289.1 30620.4 30951.8 31283.2 31614.5 31945.9 32277.3 32608.7 32940 33271.4 33602.8 33934.2 34265.5 34596.9 34935.4 35259.7 35591 -9999 -9999 -9999 -9999 -9999 -9999 -9999 -9999 -9999 -9999 -9999 -9999 -9999 -9999 -9999 -9999 -9999 -9999 -9999 -9999 -9999 -9999 -9999 -9999 -9999 -9999 -9999 -9999 -9999 -9999
-9999 -9999 -9999 -9999 -9999 -9999 -9999 -9999 -9999 -9999 -9999 -9999 -9999 31251.4 31256.6 30944.7 30716.9 30964.5 -9999 -9999 29988.5 29534.6 29206.2 29247.7 29503.3 29157.3 28553.4 28395.5 28817.2 29157.7 29489.1 29820.4 30151.8 30483.2 30814.5 31145.9 31477.3 31808.7 32140 32471.4 32802.8 33134.2 33465.5 33873.8 34216.3 34459.7 34813.7 -9999 -9999 -9999 -9999 -9999 -9999 -9999 -9999 -9999 -9999 -9999 -9999 -9999 -9999 -9999 -9999 -9999 -9999 -9999 -9999 -9999 -9999 -9999 -9999 -9999 -9999 -9999 -9999 -9999 -9999
-9999 -9999 -9999 -9999 -9999 -9999 -9999 -9999 -9999 -9999 -9999 -9999 -9999 30903.1 30479.3 30144.7 29916.9 30279.4 -9999 -9999 29254.5 28737.6 28406.2 28447.7 28786.9 28612.9 28003.2 27757.1 28026.3 28357.7 28689.1 29020.4 29351.8 29683.2 30014.5 30345.9 30677.3 31008.7 31340 31671.4 32002.8 32334.2 32742.4 33410.1 33431.8 33669 34157 -9999 -9999 -9999 -9999 -9999 -9999 -9999 -9999 -9999 -9999 -9999 -9999 -9999 -9999 -9999 -9999 -9999 -9999 -9999 -9999 -9999 -9999 -9999 -9999 -9999 -9999 -9999 -9999 -9999 -9999
-9999 -9999 -9999 -9999 -9999 -9999 -9999 -9999 -9999 -9999 -9999 -9999 -9999 29736.7 29661.7 29344.7 29122.1 -9999 -9999 27788.9 27745.3 27933 27606.2 27656.8 28250 28493.5 27579 26985 27226.3 27557.7 27889.1 28220.4 28551.8 28883.2 29214.5 29545.9 29877.3 30208.7 30540 30871.4 31202.8 31611 32334.2 32844.9 32631.8 32855.4 -9999 -9999 -9999 -9999 -9999 -9999 -9999 -9999 -9999 -9999 -9999 -9999 -9999 -9999 -9999 -9999 -9999 -9999 -9999 -9999 -9999 -9999 -9999 -9999 -9999 -9999 -9999 -9999 -9999 -9999 -9999
-9999 -9999 -9999 -9999 -9999 -9999 -9999 -9999 -9999 30182.9 -9999 -9999 -9999 29164.4 28876.1 28544.7 28203.3 27649.3 28010.9 27296.2 27043.2 27126.9 26806.2 27216.6 28584.1 29007.9 -9999 26184.5 26426.3 26757.7 27089.1 27420.4 27751.8 28083.2 28414.5 28745.9 29077.3 29408.7 29740 30071.4 30479.7 31208.2 32013.1 32237.1 31832.8 31973.9 -9999 -9999 -9999 -9999 -9999 -9999 -9999 -9999 -9999 -9999 -9999 -9999 -9999 -9999 -9999 -9999 -9999 -9999 -9999 -9999 -9999 -9999 -9999 -9999 -9999 -9999 -9999 -9999 -9999 -9999 -9999
29345.2 29515.9 -9999 -9999 -9999 -9999 -9999 -9999 30147.4 29732.9 29446.4 -9999 28463.5 28343.5 28076.1 27744.7 27413.3 27113 27337.4 26457.9 26243.2 26326.9 26006.2 26005.5 26151.2 24997.6 25080.9 25283.4 25626.3 25957.7 26289.1 26620.4 26951.8 27283.2 27614.5 27945.9 28277.3 28608.7 28940 29348.3 30071.4 30808.9 32067.9 32051.3 31096.4 31442.8 -9999 -9999 -9999 -9999 -9999 -9999 -9999 -9999 -9999 -9999 -9999 -9999 -9999 -9999 -9999 -9999 -9999 -9999 -9999 -9999 -9999 -9999 -9999 -9999 -9999 -9999 -9999 -9999 -9999 -9999 -9999
28695.5 29279.4 -9999 -9999 30144.8 30080.5 29761.1 -9999 -9999 28904.9 28580.3 28146.8 27938.8 27607.4 27276.1 26944.7 26613.3 26323 26572.7 25494.3 25443.2 25526.9 25206.2 25402.5 24625.4 24363.5 24385.5 24495 24826.3 25157.7 25489.1 25820.4 26151.8 26483.2 26814.5 27145.9 27477.3 27808.7 28189.8 29322.2 29923.5 30817.9 -9999 29732.9 30082.6 -9999 -9999 -9999 -9999 -9999 -9999 -9999 -9999 -9999 -9999 -9999 -9999 -9999 -9999 -9999 -9999 -9999 -9999 -9999 -9999 -9999 -9999 -9999 -9999 -9999 -9999 -9999 -9999 -9999 -9999 -9999 -9999
28808.7 29254.7 -9999 -9999 29619.7 29458.4 29101.5 28640.6 28272.8 28125.1 27801.6 27470.2 27138.8 26807.4 26476.1 26144.7 25813.3 25469.3 24958 24832 24653.2 24726.9 24406.2 24021.9 23775.8 23577.8 23585.5 23695 24026.3 24357.7 24689.1 25020.4 25351.8 25683.2 26014.5 26345.9 26677.3 26997.5 27165.9 28387.3 28927.4 28139 28535.9 29000.6 29472.4 30081 -9999 -9999 -9999 -9999 -9999 -9999 -9999 -9999 -9999 -9999 -9999 -9999 -9999 -9999 -9999 -9999 -9999 -9999 -9999 -9999 -9999 -9999 -9999 -9999 -9999 -9999 -9999 -9999 -9999 -9999 -9999
29124.8 29692.3 -9999 -9999 28910 28658.4 28327 27953.7 27649 27332.9 27001.6 26670.2 26338.8 26007.4 25676.1 25344.7 25013.3 24682 24350.6 24010.1 23837.8 23926.9 23606.2 23246.4 23036.7 22777.8 22785.5 22895 23226.3 23557.7 23889.1 24220.4 24551.8 24883.2 25214.5 25545.9 25877.3 26213.7 26719 27701.9 27191.4 27534.2 27865.5 28336.2 29128.6 -9999 -9999 -9999 -9999 -9999 -9999 -9999 -9999 -9999 -9999 -9999 -9999 -9999 -9999 -9999 -9999 -9999 -9999 -9999 -9999 -9999 -9999 -9999 -9999 -9999 -9999 -9999 -9999 -9999 -9999 -9999 -9999
29305 29183.9 28794.8 28415.4 28069.9 27858.4 27527 27195.7 26864.3 26532.9 26201.6 25870.2 25538.8 25207.4 24876.1 24544.7 24213.3 23882 23550.6 23219.2 23043.2 23126.9 22806.2 22474.9 22236.7 21977.8 21985.5 22095 22426.3 22757.7 23089.1 23420.4 23751.8 24083.2 24414.5 24745.9 25077.3 25362.7 25919.1 25942.6 26403.7 26734.2 27122.9 27572.2 -9999 -9999 -9999 -9999 -9999 -9999 -9999 -9999 -9999 -9999 -9999 -9999 -9999 -9999 -9999 -9999 -9999 -9999 -9999 -9999 -9999 -9999 -9999 -9999 -9999 -9999 -9999 -9999 -9999 -9999 -9999 -9999 -9999
28715.3 28383.9 28052.5 27709.2 27319.7 27058.4 26727 26395.7 26064.3 25732.9 25401.6 25070.2 24738.8 24407.4 24076.1 23744.7 23413.3 23082 22750.6 22419.2 22243.2 22326.9 22006.2 21674.9 21436.7 21177.8 21185.5 21295 21626.3 21957.7 22289.1 22620.4 22951.8 23283.2 23614.5 23945.9 24277.3 24692.9 25044.7 25280.8 25646.5 25983.1 26509.6 -9999 -9999 -9999 -9999 -9999 -9999 -9999 -9999 -9999 -9999 -9999 -9999 -9999 -9999 -9999 -9999 -9999 -9999 -9999 -9999 -9999 -9999 -9999 -9999 -9999 -9999 -9999 -9999 -9999 -9999 -9999 -9999 -9999 -9999
27915.3 27583.9 27252.5 26921.2 26589.8 26258.4 25927 25595.7 25264.3 24932.9 24601.6 24270.2 23938.8 23607.4 23276.1 22944.7 22613.3 22282 21950.6 21619.2 21443.2 21526.9 21206.2 20874.9 20636.7 20377.8 20385.5 20495 20826.3 21157.7 21489.1 21820.4 22151.8 22483.2 22814.5 23145.9 23477.3 23697.5 24142.5 24456.1 24846.2 25378.2 -9999 -9999 -9999 -9999 -9999 -9999 -9999 -9999 -9999 -9999 -9999 -9999 -9999 -9999 -9999 -9999 -9999 -9999 -9999 -9999 -9999 -9999 -9999 -9999 -9999 -9999 -9999 -9999 -9999 -9999 -9999 -9999 -9999 -9999 -9999
27115.3 26783.9 26452.5 26121.2 25789.8 25458.4 25127 24795.7 24464.3 24132.9 23801.6 23470.2 23138.8 22807.4 22476.1 22144.7 21813.3 21482 21150.6 20819.2 20643.2 20726.9 20406.2 20074.9 19836.7 19577.8 19585.5 19695 20026.3 20357.7 20689.1 21020.4 21351.8 21683.2 22014.5 22345.9 22677.3 23008.7 23340 23695.5 24272.4 -9999 -9999 -9999 -9999 -9999 -9999 -9999 -9999 -9999 -9999 -9999 -9999 -9999 -9999 -9999 -9999 -9999 -9999 -9999 -9999 -9999 -9999 -9999 -9999 -9999 -9999 -9999 -9999 -9999 -9999 -9999 -9999 -9999 -9999 -9999 -9999
26315.3 25983.9 25652.5 25321.2 24989.8 24658.4 24327 23995.7 23664.3 23332.9 23001.6 22670.2 22338.8 22007.4 21676.1 21344.7 21013.3 20682 20350.6 20019.2 19843.2 19926.9 19606.2 19274.9 19036.7 18777.8 18785.5 18895 19226.3 19557.7 19889.1 20220.4 20551.8 20883.2 21214.5 21545.9 21877.3 22208.7 22563.6 23097.1 -9999 -9999 -9999 -9999 -9999 -9999 -9999 -9999 -9999 -9999 -9999 -9999 -9999 -9999 -9999 -9999 -9999 -9999 -9999 -9999 -9999 -9999 -9999 -9999 -9999 -9999 -9999 -9999 -9999 -9999 -9999 -9999 -9999 -9999 -9999 -9999 -9999
25515.3 25183.9 24852.5 24521.2 24189.8 23858.4 23527 23195.7 22864.3 22532.9 22201.6 21870.2 21538.8 21207.4 20876.1 20580 20214.3 19882 19550.6 19219.2 19043.2 19126.9 18806.2 18474.9 18236.7 17977.8 17985.5 18095 18426.3 18757.7 19089.1 19420.4 19751.8 20083.2 20414.5 20745.9 21077.3 21408.7 21678.9 -9999 -9999 -9999 -9999 -9999 -9999 -9999 -9999 -9999 -9999 -9999 -9999 -9999 -9999 -9999 -9999 -9999 -9999 -9999 -9999 -9999 -9999 -9999 -9999 -9999 -9999 -9999 -9999 -9999 -9999 -9999 -9999 -9999 -9999 -9999 -9999 -9999 -9999
24715.3 24383.9 24052.5 23721.2 23389.8 23058.4 22727 22395.7 22064.3 21732.9 21401.6 21070.2 20738.8 20407.4 20076.1 19935.2 19600.4 19082 18750.6 18419.2 18243.2 18326.9 18006.2 17674.9 17443.9 17177.8 17185.5 17295 17626.3 17957.7 18289.1 18620.4 18951.8 19283.2 19614.5 19945.9 20277.3 20608.7 20924.7 21018.6 -9999 -9999 -9999 -9999 -9999 -9999 -9999 -9999 -9999 -9999 -9999 -9999 -9999 -9999 -9999 -9999 -9999 -9999 -9999 -9999 -9999 -9999 -9999 -9999 -9999 -9999 -9999 -9999 -9999 -9999 -9999 -9999 -9999 -9999 -9999 -9999 -9999
23915.3 23583.9 23252.5 22921.2 22589.8 22258.4 21927 21595.7 21264.3 20932.9 20601.6 20270.2 19938.8 19607.4 19276.1 18993.3 18428.3 18282 17950.6 17619.2 17443.2 17526.9 17206.2 16874.9 16651.5 16480.2 16385.5 16495 16826.3 17157.7 17489.1 17820.4 18151.8 18483.2 18814.5 19145.9 19477.3 19808.7 20140 20581.2 21062.8 -9999 -9999 -9999 -9999 -9999 -9999 -9999 -9999 -9999 -9999 -9999 -9999 -9999 -9999 -9999 -9999 -9999 -9999 -9999 -9999 -9999 -9999 -9999 -9999 -9999 -9999 -9999 -9999 -9999 -9999 -9999 -9999 -9999 -9999 -9999 -9999
23115.3 22783.9 22452.5 22121.2 21789.8 21458.4 21127 20795.7 20464.3 20132.9 19801.6 19470.2 19138.8 18807.4 18476.1 18136.1 17813.3 17482 17150.6 16819.2 16643.2 16726.9 16406.2 16074.9 15738.3 15288.5 15585.5 15695 16026.3 16357.7 16689.1 17020.4 17351.8 17683.2 18014.5 18345.9 18677.3 19008.7 19343.3 19676.4 -9999 -9999 -9999 -9999 -9999 -9999 -9999 -9999 -9999 -9999 -9999 -9999 -9999 -9999 -9999 -9999 -9999 -9999 -9999 -9999 -9999 -9999 -9999 -9999 -9999 -9999 -9999 -9999 -9999 -9999 -9999 -9999 -9999 -9999 -9999 24862.4 25032.3
22425.1 21983.9 21652.5 21321.2 20989.8 20658.4 20327 19995.7 19664.3 19332.9 19001.6 18670.2 18338.8 18007.4 17676.1 17344.7 17013.3 16682 16350.6 16019.2 15843.2 15926.9 15606.2 15274.9 14943.5 14643.2 14785.5 14895 15226.3 15557.7 15889.1 16220.4 16551.8 16883.2 17214.5 17545.9 17877.3 18208.7 18557.6 -9999 -9999 -9999 -9999 -9999 -9999 -9999 -9999 -9999 -9999 -9999 -9999 -9999 -9999 -9999 -9999 -9999 -9999 -9999 -9999 -9999 -9999 -9999 -9999 -9999 -9999 -9999 -9999 -9999 -9999 -9999 -9999 -9999 -9999 -9999 23844.6 24241.6 24593.9
22042.5 21293.7 20852.5 20521.2 20189.8 19858.4 19527 19195.7 18864.3 18532.9 18201.6 17870.2 17538.8 17207.4 16876.1 16544.7 16213.3 15882 15550.6 15219.2 15043.2 15126.9 14806.2 14474.9 14143.5 13843.2 13985.5 14095 14426.3 14757.7 15089.1 15420.4 15751.8 16083.2 16414.5 16745.9 17077.3 17439.3 17884.7 -9999 -9999 -9999 -9999 -9999 -9999 -9999 -9999 -9999 -9999 -9999 -9999 -9999 -9999 -9999 -9999 -9999 -9999 -9999 -9999 -9999 -9999 -9999 -9999 -9999 -9999 -9999 -9999 25437.6 25228.6 24918.5 24558.5 24055 23814 23566.3 23356.2 23477.8 23809.2
21641.8 20911.1 20162.4 19721.2 19389.8 19058.4 18727 18395.7 18064.3 17732.9 17401.6 17070.2 16738.8 16407.4 16076.1 15744.7 15413.3 15082 14750.6 14419.2 14243.2 14326.9 14006.2 13674.9 13343.5 13043.2 13185.5 13295 13626.3 13957.7 14289.1 14620.4 14951.8 15283.2 15614.5 15945.9 16277.3 16535.9 -9999 -9999 -9999 -9999 -9999 -9999 -9999 -9999 -9999 -9999 -9999 -9999 -9999 -9999 -9999 -9999 -9999 -9999 -9999 -9999 -9999 -9999 -9999 -9999 -9999 25750.8 25670.8 -9999 24942.1 24873.1 24541.8 24210.4 23879 23547.7 23216.3 22884.9 22563.9 22677.8 23009.2
21355.3 20579.7 19779.7 19031 18589.8 18258.4 17927 17595.7 17264.3 16932.9 16601.6 16270.2 15938.8 15607.4 15276.1 14944.7 14613.3 14282 13950.6 13619.2 13443.2 13526.9 13206.2 12874.9 12543.5 12243.2 12385.5 12495 12826.3 13157.7 13489.1 13820.4 14151.8 14483.2 14814.5 15145.9 15477.3 15808.7 15814 -9999 -9999 -9999 -9999 -9999 -9999 -9999 -9999 -9999 -9999 -9999 -9999 -9999 -9999 -9999 -9999 -9999 -9999 -9999 -9999 -9999 -9999 -9999 25566.5 25376.3 25050.4 24642.6 24368.7 24073.1 23741.8 23410.4 23079 22747.7 22416.3 22084.9 21763.9 21877.8 22209.2
20987.4 20248.4 19448.4 18648.4 17899.6 17458.4 17127 16795.7 16464.3 16132.9 15801.6 15470.2 15138.8 14807.4 14476.1 14144.7 13813.3 13482 13150.6 12819.2 12643.2 12726.9 12406.2 12074.9 11743.5 11443.2 11585.5 11695 12026.3 12357.7 12689.1 13020.4 13351.8 13683.2 14014.6 14345.9 14677.3 15008.7 15195.2 -9999 -9999 -9999 -9999 -9999 -9999 -9999 -9999 -9999 -9999 -9999 -9999 -9999 -9999 -9999 -9999 -9999 -9999 -9999 -9999 -9999 -9999 -9999 24945.4 24598.6 24267.2 23935.9 23604.5 23273.1 22941.8 22610.4 22279 21947.7 21616.3 21284.9 20963.9 21077.8 21409.2
20414.6 19917 19117 18317 17517 16768.2 16327 15995.7 15664.3 15332.9 15001.6 14670.2 14338.8 14007.4 13676.1 13344.7 13013.3 12682 12350.6 12019.2 11843.2 11926.9 11606.2 11274.9 10943.5 10643.2 10785.5 10895 11226.3 11557.7 11889.1 12220.4 12551.8 12883.2 13214.6 13545.9 13877.3 14208.7 14540 14764.8 -9999 -9999 -9999 -9999 -9999 -9999 -9999 -9999 -9999 -9999 -9999 -9999 -9999 -9999 -9999 -9999 -9999 -9999 -9999 -9999 -9999 24116.4 23860.8 23798.6 23467.2 23135.9 22804.5 22473.1 22141.8 21810.4 21479 21147.7 20816.3 20484.9 20163.9 20277.8 20609.2
19665.5 19568 18785.6 17985.6 17185.6 16385.6 15636.9 15195.7 14864.3 14532.9 14201.6 13870.2 13538.8 13207.4 12876.1 12544.7 12213.3 11882 11550.6 11219.2 11043.2 11126.9 10806.2 10474.9 10143.5 9843.2 9985.51 10095 10426.3 10757.7 11089.1 11420.4 11751.8 12083.2 12414.6 12745.9 13077.3 13408.7 13770.7 14276.4 -9999 -9999 -9999 -9999 -9999 -9999 -9999 -9999 -9999 -9999 -9999 -9999 -9999 -9999 -9999 -9999 -9999 -9999 -9999 -9999 -9999 23701.5 23349.5 22998.6 22667.2 22335.9 22004.5 21673.1 21341.8 21010.4 20679 20347.7 20016.3 19684.9 19363.9 19477.8 19809.2
18865.5 19075.4 18454.2 17654.2 16854.2 16054.2 15254.2 14505.5 14064.3 13732.9 13401.6 13070.2 12738.8 12407.5 12076.1 11744.7 11413.3 11082 10750.6 10419.2 10243.2 10326.9 10006.2 9674.87 9343.5 9043.2 9185.51 9294.97 9626.34 9957.71 10289.1 10620.5 10951.8 11283.2 11614.6 11945.9 12277.3 12654.1 13176.8 -9999 -9999 -9999 -9999 -9999 -9999 -9999 -9999 -9999 -9999 -9999 -9999 -9999 -9999 -9999 -9999 -9999 -9999 -9999 -9999 -9999 22839.2 22745.9 22388.5 22198.6 21867.2 21535.9 21204.5 20873.1 20541.8 20210.4 19879 19547.7 19216.3 18884.9 18563.9 18677.8 19009.2
18066.4 18498.3 18122.9 17322.9 16522.9 15722.9 14922.9 14122.9 13374.1 12932.9 12601.6 12270.2 11938.8 11607.5 11276.1 10944.7 10613.3 10282 9950.6 9619.24 9443.2 9526.95 9206.24 8874.87 8543.5 8243.2 8385.51 8494.97 8826.34 9157.71 9489.08 9820.45 10151.8 10483.2 10814.6 11145.9 11523.3 12090 -9999 -9999 -9999 -9999 -9999 -9999 -9999 -9999 -9999 -9999 -9999 -9999 -9999 -9999 -9999 -9999 -9999 -9999 -9999 22947.9 22755.5 22490 22351.3 22051.7 21678.6 21398.6 21067.2 20735.9 20404.5 20073.1 19741.8 19410.4 19079 18747.7 18416.3 18084.9 17763.9 17877.8 18209.2
17414.7 18134.9 17791.5 16991.5 16191.5 15391.5 14591.5 13791.5 12991.5 12242.8 11801.6 11470.2 11138.8 10807.5 10476.1 10144.7 9813.35 9481.98 9150.61 8819.24 8643.2 8726.95 8406.24 8074.87 7743.5 7443.2 7585.51 7694.97 8026.35 8357.72 8689.09 9020.46 9351.83 9683.2 10014.6 10392 10901.9 -9999 -9999 -9999 -9999 -9999 -9999 -9999 -9999 -9999 -9999 -9999 -9999 -9999 -9999 -9999 -9999 -9999 -9999 -9999 22680.1 22571.5 22255.5 21924.1 21592.7 21261.3 20930 20598.6 20267.2 19935.9 19604.5 19273.1 18941.8 18610.4 18279 17947.7 17616.3 17284.9 16963.9 17077.8 17409.2
17051.3 17803.5 17460.1 16660.1 15860.1 15060.1 14260.1 13460.1 12660.1 11860.1 11111.4 10670.2 10338.8 10007.5 9676.09 9344.72 9013.35 8681.98 8350.61 8019.24 7843.2 7926.96 7606.24 7274.87 6943.5 6643.2 6785.51 6894.97 7226.35 7557.72 7889.09 8220.46 8551.83 8883.2 9277.26 9770.49 -9999 -9999 -9999 -9999 -9999 -9999 -9999 -9999 -9999 -9999 -9999 -9999 -9999 -9999 -9999 -9999 -9999 -9999 -9999 22276.8 22118.2 21786.8 21455.5 21124.1 20792.7 20461.3 20130 19798.6 19467.2 19135.9 18804.5 18473.1 18141.8 17810.4 17479 17147.7 16816.3 16484.9 16163.9 16277.8 16609.2
16719.9 17472.1 17128.8 16328.8 15528.8 14728.8 13928.8 13128.8 12328.8 11528.8 10728.8 9980.04 9538.83 9207.46 8876.09 8544.72 8213.35 7881.98 7550.61 7219.24 7043.2 7126.96 6806.24 6474.87 6143.5 5843.2 5985.51 6094.97 6426.35 6757.72 7089.09 7420.46 7751.83 8106.02 8619.6 -9999 -9999 -9999 -9999 -9999 -9999 -9999 -9999 -9999 -9999 -9999 -9999 -9999 -9999 -9999 -9999 -9999 -9999 -9999 -9999 21553.2 21319.1 20986.8 20655.5 20324.1 19992.7 19661.3 19330 18998.6 18667.2 18335.9 18004.5 17673.1 17341.8 17010.4 16679 16347.7 16016.3 15684.9 15363.9 15477.8 15809.2
