public/models/data/input/map/ntb/800/mapdset.asc
NCOLS 484
NROWS 342
XLLCORNER 370313.940441
YLLCORNER 9266624.452423
CELLSIZE 800.000000
NODATA_VALUE       -9999
[rows 272 to 305 of 342, columns 154 to 230 of 484]
5432.84 5577.82 5909.19 6240.56 6571.93 6903.3 7234.67 7642.93 8366.04 8894.47 9202.08 9533.45 9864.82 10196.2 10527.6 10858.9 11190.3 11521.7 11853 12184.4 12592.7 13315.8 14115.8 14915.8 15679.1 16149.4 16481.5 16812.8 17144.2 17475.6 17829.8 18437.6 19193 19200.3 18869 18537.6 18206.2 17874.9 17543.5 17168.2 16481.4 15681.5 14881.5 14081.5 13304.3 12780.8 12443 12111.6 11744.9 11086.6 10288.3 9636.55 9273.15 8941.78 8623.08 8164.13 7562.15 7193.25 6861.88 6530.02 6068.23 5309.19 4509.19 3709.19 2909.19 2141.22 1661.58 1396.6 1619.24 2060.44 2196.69 1760.66 1496.6 1719.24 2127.49 2850.61 3650.61
6232.84 6377.82 6709.19 7040.56 7371.93 7703.3 8034.67 8366.04 8774.3 9478.53 9998.53 10333.4 10664.8 10996.2 11327.6 11658.9 11990.3 12321.7 12653 12984.4 13315.8 13724 14447.1 15247.1 16047.1 16810.4 17280.8 17612.8 17944.2 18275.6 18606.9 18961.2 19569 19974.8 19669 19337.6 19006.3 18674.9 18295.8 17612.7 16812.8 16012.8 15212.8 14435.7 13912.1 13574.4 13243 12876.3 12218 11419.6 10767.9 10404.5 10073.1 9741.57 9294.58 8693.52 8324.62 7993.25 7661.39 7199.6 6440.56 5640.56 4840.56 4040.56 3272.59 2792.95 2460.66 2196.6 2419.24 2750.61 2878.84 2560.66 2296.6 2519.24 2850.61 3258.87 3981.98
7032.84 7177.82 7509.19 7840.56 8171.93 8503.3 8834.67 9166.04 9497.41 9905.66 10609.9 11113 11453.8 11796.2 12127.6 12458.9 12790.3 13121.7 13453 13784.4 14115.8 14447.1 14855.4 15578.5 16378.5 17178.5 17941.8 18412.1 18744.2 19075.6 19406.9 19738.3 20092.6 20599.9 20469 20137.6 19806.3 19427.1 18744 17944.2 17144.2 16344.2 15567.1 15043.5 14705.7 14374.3 14007.6 13349.3 12551 11899.3 11535.9 11204.5 10872.9 10426 9824.89 9455.99 9124.62 8792.76 8330.97 7571.93 6771.93 5971.93 5171.93 4403.97 3924.32 3588.19 3239.24 2958.34 2955.85 2889.09 3127.77 3210.62 3091.3 3319.24 3650.61 3981.98 4390.24
7767.04 7723.92 7848.53 8179.9 8511.27 8842.64 9174.01 9505.38 9836.75 10168.1 10529.7 10900.2 11508 12262 12852.5 13258 13590.3 13921.7 14253 14584.4 14915.8 15247.1 15578.5 15986.8 16709.9 17509.9 18309.9 19073.2 19543.5 19875.6 20206.9 20538.3 20869.7 21220.8 21268.1 20937.6 20558.5 19875.4 19075.6 18275.6 17475.6 16698.4 16174.9 15837 15491.6 15132.7 14480.7 13682.4 13030.7 12667.2 12335.9 12004.3 11557.3 10956.3 10587.4 10256 9924.13 9462.33 8703.3 7903.3 7103.3 6303.3 5535.34 5023.27 4495.33 3781 3079 2651.53 2319.24 2096.6 2360.66 2695.69 3214.88 3821.41 4006.7 4334.19 4665.56
7426.35 7094.97 7094.97 7426.35 7757.72 8089.09 8420.46 8751.83 9083.2 9414.57 9768.82 10376.6 11170.2 11970.2 12770.2 13561.2 14231.5 14708.6 15053 15384.4 15715.8 16047.1 16378.5 16709.9 17118.1 17841.3 18641.3 19441.3 20204.6 20674.9 21006.9 21338.3 21669.7 22001.1 22065.7 21689.9 21006.8 20206.9 19406.9 18606.9 17829.8 17298.5 16836.4 16188.1 15434.8 14954.5 14553.2 14035.1 13671.7 13340.3 13008.9 12632 12073.2 11704.3 11372.9 11029.9 10520.1 9759.79 8959.8 8159.8 7359.8 6560.69 5820.8 5050.61 4250.61 3450.61 2651.53 1947.63 1520.15 1296.6 1564.32 2086.07 2867.77 3271.22 3258.73 3584.92 3916.3
6626.35 6294.97 6294.97 6626.35 6957.72 7289.09 7620.46 7951.83 8283.2 8637.45 9245.24 10038.8 10838.8 11638.8 12438.8 13238.8 14038.8 14838.5 15577 16134.3 16515.8 16847.1 17178.5 17509.9 17841.3 18249.5 18972.6 19772.6 20572.6 21335.9 21806.2 22138.3 22469.7 22801.1 22793.1 22109.3 21309.5 20509.5 19709.5 18912.6 18197.9 17470.1 16671.4 15871.4 15071.4 14303.4 13823.8 13491.5 13160.1 12828.8 12497.4 12166 11834.7 11503.3 11178 10852.6 10303.2 9519.24 8719.24 7919.24 7119.24 6319.24 5519.24 4719.24 3919.24 3119.24 2319.24 1520.15 816.26 501.175 954.702 1736.4 2495.72 2494.97 2458.73 2784.92 3119.96
5826.35 5494.97 5494.97 5826.35 6157.72 6489.09 6820.46 7151.83 7506.08 8113.87 8907.46 9707.46 10507.5 11307.5 12107.5 12907.4 13707.4 14507.4 15307.4 16107.4 16889.4 17527 17972.8 18309.9 18641.3 18972.6 19380.9 20104 20904 21704 22467.3 22937.6 23269.7 23381.1 22740 21940 21140 20340 19540 18740 17940 17140 16340 15540 14740 13940 13172.1 12692.4 12360.1 12028.8 11697.4 11366 11034.7 10703.3 10383.7 10052.9 9704.19 9225.46 8538.45 7743.2 6943.2 6143.2 5343.2 4543.2 3743.2 2943.2 2143.2 1343.2 556.927 228.098 828.58 1627.51 1990.61 1694.97 1658.73 1988.59 2510.34
5026.35 4694.97 4694.97 5026.35 5357.72 5689.09 6020.46 6374.71 6982.5 7776.09 8576.09 9376.09 10176.1 10976.1 11776.1 12576.1 13376.1 14176.1 14976.1 15776.1 16576.1 17376.1 18173.9 18886.6 19410.4 19772.6 20104 20512.3 21235.4 22035.4 22835.4 23598.7 23849.7 23208.7 22408.7 21608.7 20808.7 20008.7 19208.7 18408.7 17608.7 16808.7 16008.7 15208.7 14408.7 13608.7 12808.7 12040.7 11561.1 11228.8 10897.4 10566 10234.7 9903.3 9595.29 9269.52 8909.19 8577.82 8356.1 8026.23 7243.5 6443.5 5643.5 4843.5 4043.5 3243.5 2443.5 1656.32 1090.63 951.777 1292.7 1861.23 1469.81 904.128 862.392 1378.97 2160.66
4226.35 3894.97 3894.97 4226.35 4557.72 4889.09 5243.34 5851.13 6644.72 7444.72 8244.72 9044.72 9844.72 10644.7 11444.7 12244.7 13044.7 13844.7 14644.7 15444.7 16244.7 17044.7 17844.7 18644.7 19444.7 20212.4 20817.1 21233.5 21643.6 22366.8 23166.8 23930.3 23677.3 22877.3 22077.3 21277.3 20477.3 19677.3 18877.3 18077.3 17277.3 16477.3 15677.3 14877.3 14077.3 13277.3 12477.3 11677.3 10909.3 10429.7 10097.4 9766.04 9434.67 9103.3 8771.93 8440.56 8109.19 7777.82 7586.24 7830.52 7557.6 6774.87 5974.87 5174.87 4374.87 3574.87 2787.69 2222 1877.82 1751.78 2060.17 1974.82 1212.13 430.438 375.704 1132.84 1932.84
3426.35 3094.97 3094.97 3426.35 3757.72 4111.97 4719.76 5513.35 6313.35 7113.35 7913.35 8713.35 9513.35 10313.3 11113.3 11913.3 12713.3 13513.3 14313.3 15113.3 15913.3 16713.3 17513.3 18313.3 19113.3 19913.3 20713.3 21507.1 22190 22757.9 23498.1 24004.5 23345.9 22545.9 21745.9 20945.9 20145.9 19345.9 18545.9 17745.9 16945.9 16145.9 15345.9 14545.9 13745.9 12945.9 12145.9 11345.9 10545.9 9777.97 9298.33 8966.04 8634.67 8303.3 7971.93 7640.56 7309.19 6977.82 6786.24 7060.66 7361.89 7088.97 6306.24 5506.25 4706.24 3919.06 3353.37 3009.19 2677.82 2551.78 2794.26 2260.66 1469.81 904.128 901.382 1424.96 2202.08
2626.35 2294.97 2294.97 2626.35 2980.6 3588.39 4381.98 5181.98 5981.98 6781.98 7581.98 8381.98 9181.98 9981.97 10782 11582 12382 13182 13982 14782 15582 16382 17182 17982 18782 19582 20382 21182 21982 22782 23576.7 23797.3 23014.5 22214.5 21414.5 20614.5 19814.5 19014.5 18214.5 17414.5 16614.5 15814.5 15014.5 14214.6 13414.6 12614.6 11814.6 11014.6 10214.6 9414.57 8646.61 8166.96 7834.67 7503.3 7171.93 6840.56 6509.19 6177.82 5986.24 6260.66 6592.03 6893.26 6620.34 5837.62 5050.43 4484.74 4140.56 3809.19 3477.82 3351.78 3345.91 2601.18 2035.5 1694.97 1694.97 2032.75 2556.33
1858.38 1494.97 1494.97 1849.23 2457.02 3250.61 4050.61 4850.61 5650.61 6450.61 7250.61 8050.61 8850.61 9650.6 10450.6 11250.6 12050.6 12850.6 13650.6 14450.6 15250.6 16050.6 16850.6 17650.6 18450.6 19250.6 20050.6 20850.6 21650.6 22450.6 23250.6 23466.6 22683.2 21883.2 21083.2 20283.2 19483.2 18683.2 17883.2 17083.2 16283.2 15483.2 14683.2 13883.2 13083.2 12283.2 11483.2 10683.2 9883.2 9083.2 8283.2 7515.24 7035.59 6703.3 6371.93 6040.56 5709.19 5377.82 5186.24 5460.66 5792.03 6123.4 6424.63 6164.53 5616.12 5271.93 4940.56 4609.19 4277.82 4131.51 3732.56 3166.87 2826.35 2494.97 2494.97 2826.35 3164.12
1378.73 727.01 717.857 1325.65 2119.24 2919.24 3719.24 4519.24 5319.24 6119.24 6919.24 7719.24 8519.24 9319.24 10119.2 10919.2 11719.2 12519.2 13319.2 14119.2 14919.2 15719.2 16519.2 17319.2 18119.2 18919.2 19719.2 20519.2 21319.2 22119.2 22919.2 23135.2 22351.8 21551.8 20751.8 19951.8 19151.8 18351.8 17551.8 16751.8 15951.8 15151.8 14351.8 13551.8 12751.8 11951.8 11151.8 10351.8 9551.83 8751.83 7951.83 7151.83 6383.87 5904.22 5571.93 5240.56 4909.19 4577.82 4386.24 4660.66 4992.03 5323.4 5654.77 5987.22 6282.81 6071.93 5740.56 5409.19 5077.82 4770.27 4298.24 3957.72 3626.35 3294.97 3294.97 3626.35 3957.72
1263.91 496.859 363.787 1117.31 1917.31 2717.31 3517.31 4317.31 5117.31 5917.31 6717.31 7517.31 8317.31 9117.31 9917.31 10717.3 11517.3 12317.3 13117.3 13917.3 14717.3 15517.3 16317.3 17117.3 17917.3 18717.3 19517.3 20317.3 21117.3 21917.3 22716.7 22812.7 22020.4 21220.4 20420.4 19620.4 18820.4 18020.4 17220.4 16420.4 15620.4 14820.4 14020.4 13220.4 12420.4 11620.4 10820.4 10020.5 9220.46 8420.46 7620.46 6820.46 6020.46 5252.49 4772.85 4440.56 4109.19 3777.82 3586.24 3860.66 4192.03 4523.4 4863.93 5429.61 6220.35 6750.52 6540.56 6209.19 5852.04 5428.83 5089.09 4757.72 4426.35 4094.97 4094.97 4426.35 4757.72
1616.96 1089.72 964.824 1434.12 2202.08 3002.08 3802.08 4602.08 5402.08 6202.08 7002.08 7802.08 8602.08 9402.08 10202.1 11002.1 11802.1 12602.1 13402.1 14202.1 15002.1 15802.1 16602.1 17402.1 18202.1 19002.1 19802.1 20602.1 21402.1 22202.1 22909.5 22489.1 21689.1 20889.1 20089.1 19289.1 18489.1 17689.1 16889.1 16089.1 15289.1 14489.1 13689.1 12889.1 12089.1 11289.1 10489.1 9689.08 8889.08 8089.09 7289.09 6489.09 5689.09 4889.09 4121.12 3641.47 3309.19 2977.82 2786.24 3060.66 3392.03 3732.56 4298.24 5089.09 5889.09 6688.98 7219.15 6983.41 6560.21 6220.46 5889.09 5557.72 5226.35 4894.97 4894.97 5226.35 5557.72
2221.09 1877.82 1763.91 2085.84 2565.49 3333.45 4133.45 4933.45 5733.45 6533.45 7333.45 8133.45 8933.45 9733.45 10533.4 11333.4 12133.4 12933.4 13733.4 14533.4 15333.4 16133.4 16933.4 17733.4 18533.4 19333.4 20133.4 20933.4 21733.4 22533.4 22891.4 22157.7 21357.7 20557.7 19757.7 18957.7 18157.7 17357.7 16557.7 15757.7 14957.7 14157.7 13357.7 12557.7 11757.7 10957.7 10157.7 9357.71 8557.72 7757.72 6957.72 6157.72 5357.72 4557.72 3757.72 2989.75 2510.1 2177.82 1986.24 2260.66 2601.18 3166.87 3957.72 4757.72 5557.72 6357.72 7157.61 7610.59 7351.83 7020.46 6689.09 6357.72 6026.35 5694.97 5694.97 6026.35 6357.72
2982.99 2677.82 2563.91 2884.92 3217.21 3696.86 4464.82 5264.82 6064.82 6864.82 7664.82 8464.82 9264.82 10064.8 10864.8 11664.8 12464.8 13264.8 14064.8 14864.8 15664.8 16464.8 17264.8 18064.8 18864.8 19664.8 20464.8 21264.8 22064.8 22836.8 22626.3 21826.3 21026.3 20226.3 19426.3 18626.3 17826.3 17026.3 16226.3 15426.3 14626.3 13826.3 13026.3 12226.3 11426.3 10626.3 9826.34 9026.34 8226.34 7426.35 6626.35 5826.35 5026.35 4226.35 3426.35 2626.35 1858.38 1378.73 1186.24 1469.81 2035.5 2826.35 3626.35 4426.35 5226.35 6026.35 6826.35 7624.27 8071.76 7820.46 7489.09 7157.72 6826.35 6494.97 6494.97 6826.35 7157.72
3515.53 3477.71 3363.91 3684.92 4016.3 4348.58 4828.23 5596.19 6396.19 7196.19 7996.19 8796.19 9596.19 10396.2 11196.2 11996.2 12796.2 13596.2 14396.2 15196.2 15996.2 16796.2 17596.2 18396.2 19196.2 19996.2 20796.2 21596.2 22396.2 22932.1 22295 21495 20695 19895 19095 18295 17495 16695 15895 15095 14295 13495 12695 11895 11095 10295 9494.97 8694.97 7894.97 7094.97 6294.97 5494.97 4694.97 3894.97 3094.97 2294.97 1494.97 727.01 396.312 904.128 1694.97 2494.97 3294.97 4094.97 4894.97 5694.97 6494.97 7294.97 8092.9 8540.39 8289.09 7957.72 7626.35 7294.97 7294.97 7626.35 7957.72
3432.84 4093.49 4163.91 4484.92 4816.3 5147.67 5479.95 5959.6 6727.57 7527.57 8327.57 9127.56 9927.56 10727.6 11527.6 12327.6 13127.5 13927.5 14727.5 15527.5 16327.5 17127.5 17927.5 18727.5 19527.5 20327.5 21127.5 21927.5 22727.5 23025.9 22258.7 21458.7 20658.7 19858.7 19058.7 18258.7 17458.7 16658.7 15858.7 15058.7 14258.7 13458.7 12658.7 11858.7 11058.7 10258.7 9458.73 8658.73 7858.73 7058.73 6258.73 5458.73 4658.73 3858.73 3058.73 2258.73 1458.73 676.233 267.383 828.58 1627.67 2427.67 3227.67 4027.67 4827.67 5627.67 6427.67 7227.67 8027.67 8823.26 9082.96 8757.71 8426.34 8094.97 8094.97 8426.34 8757.71
3702.08 4499 4959.84 5284.92 5616.3 5947.67 6279.04 6611.32 7090.97 7858.94 8658.94 9458.93 10258.9 11058.9 11858.9 12658.9 13458.9 14258.9 15058.9 15858.9 16658.9 17458.9 18258.9 19058.9 19858.9 20658.9 21458.9 22258.9 23058.9 23353.4 22584.9 21784.9 20984.9 20184.9 19384.9 18584.9 17784.9 16984.9 16184.9 15384.9 14584.9 13784.9 12984.9 12184.9 11384.9 10584.9 9784.92 8984.92 8184.92 7384.92 6584.92 5784.92 4984.92 4184.92 3384.92 2584.92 1802.43 1268.34 1012.13 1292.7 1944.42 2743.5 3543.5 4343.5 5143.5 5943.5 6743.5 7543.5 8343.5 9143.5 9766.24 9557.71 9226.34 8894.97 8894.97 9226.34 9557.71
4033.45 4833.45 5602.11 6083.87 6416.3 6747.67 7079.04 7410.41 7742.69 8222.34 8990.31 9790.3 10590.3 11390.3 12190.3 12990.3 13790.3 14590.3 15390.3 16190.3 16990.3 17790.3 18590.3 19390.3 20190.3 20990.3 21790.3 22590.3 23390.3 23684.8 22916.3 22116.3 21316.3 20516.3 19716.3 18916.3 18116.3 17316.3 16516.3 15716.3 14916.3 14116.3 13316.3 12516.3 11716.3 10916.3 10116.3 9316.29 8516.29 7716.3 6916.3 6116.3 5316.29 4516.3 3716.3 2933.8 2399.71 2060.66 1812.13 2060.66 2424.07 3075.79 3874.87 4674.87 5474.87 6274.87 7074.87 7874.87 8674.87 9474.87 10257.6 10357.7 10026.3 9694.97 9694.97 10026.3 10357.7
4364.82 5164.82 5964.82 6733.48 7215.24 7547.67 7879.04 8210.41 8541.78 8874.06 9353.71 10121.7 10921.7 11721.7 12521.7 13321.7 14121.7 14921.7 15721.7 16521.7 17321.7 18121.7 18921.7 19721.7 20521.7 21321.7 22121.7 22921.7 23721.7 24016.2 23247.7 22447.7 21647.7 20847.7 20047.7 19247.7 18447.7 17647.7 16847.7 16047.7 15247.7 14447.7 13647.7 12847.7 12047.7 11247.7 10447.7 9647.66 8847.66 8047.67 7247.67 6447.67 5647.67 4847.67 4065.17 3531.08 3192.03 2860.66 2612.13 2860.66 3192.03 3555.44 4207.16 5006.24 5806.24 6606.24 7406.24 8206.24 9006.24 9806.24 10601.1 10898.4 10626.7 10473.3 10495 10826.3 11157.7
4733.72 5496.19 6296.19 7096.19 7864.85 8346.61 8679.04 9010.41 9341.78 9673.15 10005.4 10485.1 11253 12053 12853 13653 14453 15253 16053 16853 17653 18453 19253 20053 20853 21653 22453 23253 24053 24341.9 23579 22779 21979 21179 20379 19579 18779 17979 17179 16379 15579 14779 13979 13179 12379 11579 10779 9979.03 9179.03 8379.04 7579.04 6779.04 5979.04 5196.54 4662.46 4323.4 3992.03 3660.66 3412.13 3660.66 3992.03 4323.4 4686.81 5338.53 6137.62 6937.62 7737.62 8537.62 9337.61 10132.5 10529.4 10260.7 10032.8 10302.1 10628.6 10960 11291.4
5381.78 5865.09 6627.57 7427.57 8227.57 8996.22 9477.98 9810.4 10141.8 10473.1 10804.5 11136.8 11616.4 12384.4 13184.4 13984.4 14784.4 15584.4 16384.4 17184.4 17984.4 18784.4 19584.4 20384.4 21184.4 21984.4 22784.4 23584.4 24192.4 24041.3 23644 23064.3 22310.4 21510.4 20710.4 19910.4 19110.4 18310.4 17510.4 16710.4 15910.4 15110.4 14310.4 13510.4 12710.4 11910.4 11110.4 10310.4 9510.4 8710.41 7910.41 7110.41 6327.91 5793.83 5454.77 5123.4 4792.03 4460.66 4212.13 4460.66 4792.03 5123.4 5454.77 5818.18 6469.9 7268.99 8068.99 8868.98 9663.83 10060.8 9792.03 9460.66 9232.84 9502.08 9833.45 10164.8 10496.2
6179.04 6513.15 6996.46 7758.94 8558.94 9358.93 10127.6 10609.3 10941.8 11273.1 11604.5 11935.9 12268.2 12747.8 13515.8 14315.8 15115.8 15915.8 16715.8 17515.8 18315.8 19115.8 19915.8 20715.8 21515.8 22315.8 23115.8 23723.8 23573.1 23241.8 22910.4 22579 22227.4 21727.9 21036.9 20241.8 19441.8 18641.8 17841.8 17041.8 16241.8 15441.8 14641.8 13841.8 13041.8 12241.8 11441.8 10641.8 9841.77 9041.78 8241.78 7459.28 6925.2 6586.14 6254.77 5923.4 5592.03 5260.66 5012.13 5260.66 5592.03 5923.4 6254.77 6586.14 6949.55 7601.27 8400.36 9195.2 9592.13 9323.4 8992.03 8660.66 8432.84 8702.08 9033.45 9364.82 9696.19
6979.04 7310.41 7644.53 8127.83 8890.31 9690.3 10490.3 11259 11740.7 12073.1 12404.5 12735.9 13067.2 13399.5 13879.2 14647.1 15447.1 16247.1 17047.1 17847.1 18647.1 19447.1 20247.1 21047.1 21847.1 22647.1 23255.2 23104.5 22773.1 22441.8 22110.4 21779 21447.7 21116.3 20782.3 20362.3 19768.9 18973.1 18173.1 17373.1 16573.1 15773.1 14973.1 14173.1 13373.1 12573.1 11773.1 10973.1 10173.1 9373.15 8590.65 8056.57 7717.52 7386.14 7054.77 6723.4 6392.03 6060.66 5812.13 6060.66 6392.03 6723.4 7054.77 7386.14 7717.52 8080.92 8727.49 9123.51 8854.77 8523.4 8192.03 7860.66 7632.84 7902.08 8233.45 8564.82 8896.19
7779.04 8110.41 8441.78 8775.89 9259.2 10021.7 10821.7 11621.7 12390.3 12872.1 13204.5 13535.9 13867.2 14198.6 14530.9 15010.5 15778.5 16578.5 17378.5 18178.5 18978.5 19778.5 20578.5 21378.5 22178.5 22786.6 22635.9 22304.5 21973.1 21641.8 21310.4 20979 20647.7 20316.3 19984.9 19663.9 19710.8 19300.2 18504.5 17704.5 16904.5 16104.5 15304.5 14504.5 13704.5 12904.5 12104.5 11304.5 10504.5 9722.02 9187.94 8848.88 8517.51 8186.14 7854.77 7523.4 7192.03 6860.66 6612.13 6860.66 7192.03 7523.4 7854.77 8186.14 8514.83 8726.34 8676.65 8386.14 8054.77 7723.4 7392.03 7060.66 6832.84 7102.08 7433.45 7764.82 8096.19
8520.27 8910.41 9241.78 9573.15 9907.26 10390.6 11153 11953 12753 13521.7 14003.4 14335.9 14667.2 14998.6 15330 15662.3 16141.9 16909.9 17709.9 18509.9 19309.9 20109.9 20909.9 21709.9 22317.9 22167.2 21835.9 21504.5 21173.1 20841.8 20510.4 20179 19847.7 19516.3 19184.9 18863.9 18977.8 19242.1 18831.6 18035.9 17235.9 16435.9 15635.9 14835.9 14035.9 13235.9 12435.9 11635.9 10853.4 10319.3 9980.25 9648.88 9317.51 8986.14 8654.77 8323.4 7992.03 7660.66 7412.13 7660.66 7992.03 8323.4 8654.77 8964.44 8755.21 8255.29 7917.52 7586.14 7254.77 6923.4 6592.03 6260.66 6032.84 6302.08 6633.45 6964.82 7296.19
8951.83 9651.64 10041.8 10373.1 10704.5 11038.6 11521.9 12284.4 13084.4 13884.4 14653.1 15134.8 15467.2 15798.6 16130 16461.3 16793.6 17273.3 18041.3 18841.3 19641.3 20441.3 21241.3 21849.3 21698.6 21367.2 21035.9 20704.5 20373.1 20041.8 19710.4 19379 19047.7 18716.3 18384.9 18063.9 18177.8 18509.2 18773.5 18363 17567.2 16767.2 15967.2 15167.2 14367.2 13567.2 12767.2 11984.8 11450.7 11111.6 10780.2 10448.9 10117.5 9786.14 9454.77 9123.4 8792.03 8460.66 8212.13 8460.66 8792.03 9123.4 9433.06 9201.87 8424.62 7647.5 7123.92 6786.14 6454.77 6123.4 5792.03 5460.66 5232.84 5502.08 5833.45 6164.82 6496.19
9283.2 10083.2 10783 11173.1 11504.5 11835.9 12170 12653.3 13415.8 14215.8 15015.8 15784.4 16266.2 16598.6 16930 17261.3 17592.7 17925 18404.7 19172.6 19972.6 20772.6 21380.7 21230 20898.6 20567.2 20235.9 19904.5 19573.1 19241.8 18910.4 18579 18247.7 17916.3 17584.9 17263.9 17377.8 17709.2 18040.5 18304.9 17894.3 17098.6 16298.6 15498.6 14698.6 13898.6 13116.1 12582 12243 11911.6 11580.2 11248.9 10917.5 10586.1 10254.8 9923.4 9592.03 9260.66 9012.13 9260.66 9592.03 9901.69 9670.5 8893.25 8093.25 7293.25 6516.13 5992.55 5654.77 5323.4 4992.03 4660.66 4432.84 4702.08 5033.45 5364.82 5696.19
9614.57 10414.6 11214.6 11914.4 12304.5 12635.9 12967.2 13301.4 13784.7 14547.1 15347.1 16147.1 16915.8 17397.6 17730 18061.3 18392.7 18724.1 19056.4 19536 20304 20912 20761.4 20430 20098.6 19767.2 19435.9 19104.5 18773.1 18441.8 18110.4 17779 17447.7 17116.3 16784.9 16463.9 16577.8 16909.2 17240.5 17571.9 17836.2 17425.7 16630 15830 15030 14247.5 13713.4 13374.4 13043 12711.6 12380.2 12048.9 11717.5 11386.1 11054.8 10723.4 10392 10060.7 9812.13 10060.7 10370.3 10139.1 9361.88 8561.88 7761.88 6961.88 6161.88 5384.76 4861.18 4523.4 4192.03 3860.66 3632.84 3902.08 4233.45 4564.82 4909.01
9955.09 10745.9 11545.9 12345.9 13045.7 13435.9 13767.2 14098.6 14432.7 14916 15678.5 16478.5 17278.5 18047.2 18528.9 18861.3 19192.7 19524.1 19855.5 20180.9 20453.7 20292.7 19973.3 19630 19298.6 18967.2 18635.9 18304.5 17973.1 17641.8 17310.4 16979 16647.7 16316.3 15984.9 15663.9 15777.8 16109.2 16440.5 16771.9 17103.3 17367.6 16957.1 16161.3 15378.9 14844.8 14505.7 14174.3 13843 13511.6 13180.2 12848.9 12517.5 12186.1 11854.8 11523.4 11192 10860.7 10612.1 10839 10607.8 9830.5 9030.51 8230.51 7430.51 6630.51 5830.51 5030.51 4253.39 3729.81 3392.03 3060.66 2832.84 3102.08 3433.45 3777.64 4343.32
10520.8 11086.5 11877.3 12677.3 13477.3 14177.1 14567.2 14898.6 15230 15564.1 16047.4 16809.9 17609.9 18409.9 19178.5 19660.3 19992.7 20290.3 20352.1 20151.8 19824.1 19492.7 19339.4 18849.6 18498.6 18167.2 17835.9 17504.5 17173.1 16841.8 16510.4 16179 15847.7 15516.3 15184.9 14863.9 14977.8 15309.2 15640.5 15971.9 16303.3 16634.7 16899 16506 15976.1 15637.1 15305.7 14974.3 14643 14311.6 13980.2 13648.9 13317.5 12986.1 12654.8 12323.4 11992 11660.7 11390.4 11076.4 10299.1 9499.13 8699.14 7899.14 7099.14 6299.14 5499.14 4699.14 3899.14 3122.02 2598.44 2260.66 2032.84 2302.08 2646.27 3211.95 3999.14
11311.6 11652.1 12217.8 13008.7 13808.7 14608.7 15308.5 15698.6 16030 16361.3 16695.5 17178.8 17941.3 18741.3 19541.3 20309.9 20722.7 20319.1 19718.9 19355.5 19024.1 18692.7 18346.2 18356.9 17705.9 17367.2 17035.9 16704.5 16373.1 16041.8 15710.4 15379 15047.7 14716.3 14384.9 14063.9 14177.8 14509.2 14840.5 15171.9 15503.3 15834.7 16166 16475.7 16587.2 16427.1 16105.7 15774.3 15443 15111.6 14780.2 14448.9 14117.5 13786.1 13454.8 13123.4 12768.8 12261.7 11564 10767.8 9967.76 9167.76 8367.77 7567.77 6767.77 5967.77 5167.77 4367.77 3567.77 2767.77 1990.65 1467.07 1232.84 1514.9 2080.58 2867.77 3667.77
