public/models/data/input/map/ntb/800/mapdriver.asc
NCOLS 484
NROWS 342
XLLCORNER 370313.940441
YLLCORNER 9266624.452423
CELLSIZE 800.000000
NODATA_VALUE       -9999
[rows 238 to 271 of 342, columns 0 to 76 of 484]
-9999 -9999 -9999 -9999 -9999 -9999 -9999 -9999 -9999 -9999 -9999 -9999 -9999 -9999 -9999 -9999 -9999 -9999 -9999 -9999 -9999 -9999 -9999 -9999 -9999 -9999 -9999 -9999 -9999 -9999 -9999 -9999 -9999 -9999 -9999 -9999 -9999 -9999 2081.19 1424.06 -9999 806.756 173.953 282.629 41.0041 65.0888 101.628 134.015 60.7805 171.469 617.153 730.966 1239.66 1661.19 1167.1 439.897 77.5888 71.718 259.524 200.084 151.693 178.634 324.142 275.195 142.364 195.397 138.591 166.402 155.197 177.83 124.64 69.2402 101.091 285.152 210.152 103.726 584.83
-9999 -9999 -9999 -9999 -9999 -9999 -9999 -9999 -9999 -9999 -9999 -9999 -9999 -9999 -9999 -9999 -9999 -9999 -9999 -9999 -9999 -9999 -9999 -9999 -9999 -9999 -9999 -9999 -9999 -9999 -9999 -9999 -9999 -9999 -9999 -9999 -9999 -9999 1777.65 1044.11 309.506 283.574 148.771 200.444 392.965 358.23 72.0971 46.6069 78.8833 50.7583 171.025 312.335 920.416 965.533 845.289 239.545 98.1234 86.2706 57.3874 170.665 161.29 208.72 176.961 208.211 214.794 121.136 69.8874 61.0485 159.884 172.874 442.597 106.426 49.7319 189.775 336.493 382.195 284.367
-9999 -9999 -9999 -9999 -9999 -9999 -9999 -9999 -9999 -9999 -9999 -9999 -9999 -9999 -9999 -9999 -9999 -9999 -9999 -9999 -9999 -9999 -9999 -9999 -9999 -9999 -9999 -9999 -9999 -9999 -9999 -9999 -9999 -9999 -9999 -9999 -9999 -9999 1228.55 1010.69 666.276 422.338 130.557 318.298 694.4 204.837 162.519 84.7081 197.273 45.0444 467.069 581.456 341.134 227.811 299.012 233.766 127.275 126.471 122.855 101.137 179.281 194.749 190.598 520.879 671.664 304.68 184.126 205.53 168.834 274.881 537.151 488.576 257.897 346.174 447.154 885.462 746.859
-9999 -9999 -9999 -9999 -9999 -9999 -9999 -9999 -9999 -9999 -9999 -9999 -9999 -9999 -9999 -9999 -9999 -9999 -9999 -9999 -9999 -9999 -9999 -9999 -9999 -9999 -9999 -9999 -9999 -9999 -9999 -9999 -9999 -9999 -9999 -9999 -9999 -9999 0 384.996 811.599 713.974 317.383 222.495 377.692 293.964 329.412 120.757 153.255 99.797 157.675 147.43 143.279 255.132 414.009 700.187 186.068 91.3373 324.012 459.922 279.235 644.604 340.303 162.787 237.048 371.377 498.311 707.54 284.367 712.641 1139.52 1193.63 1001.78 1113.02 1163.91 1505.97 1541.9
-9999 -9999 -9999 -9999 -9999 -9999 -9999 -9999 -9999 -9999 -9999 -9999 -9999 -9999 -9999 -9999 -9999 -9999 -9999 -9999 -9999 -9999 -9999 -9999 -9999 -9999 -9999 -9999 -9999 -9999 -9999 -9999 -9999 -9999 -9999 -9999 -9999 -9999 28.4722 48.8166 466.448 1121.59 811.282 180.844 442.984 744.569 553.385 78.3471 115.311 272.782 130.132 496.737 478.301 450 713.281 1104.82 533.057 148.188 275.842 713.568 847.276 1157.56 982.708 691.421 525.861 226.018 613.963 1198.9 1017.31 1237.54 1807.17 1992.29 1801.78 1913.02 1963.91 2277.97 2353.48
-9999 -9999 -9999 -9999 -9999 -9999 -9999 -9999 -9999 -9999 -9999 -9999 -9999 -9999 -9999 -9999 -9999 -9999 -9999 -9999 -9999 -9999 -9999 -9999 -9999 -9999 -9999 -9999 -9999 -9999 -9999 -9999 -9999 -9999 -9999 -9999 95.6878 67.3356 33.4597 85.3553 534.96 1210.68 969.722 228.523 560.355 1189.92 660.355 103.994 92.0305 122.319 171.626 578.875 1023.92 1242.7 1430.46 1559.02 1143.52 702.806 286.198 191.513 547.008 1275.88 1691.36 1491.38 1265.36 866.655 1009.85 1647.78 1817.15 2019.24 2368.92 2725.59 2601.78 2713.02 2763.91 3072.91 3134.43
-9999 -9999 -9999 -9999 -9999 -9999 -9999 -9999 -9999 -9999 -9999 -9999 -9999 -9999 -9999 -9999 -9999 -9999 -9999 -9999 -9999 -9999 -9999 -9999 -9999 -9999 -9999 -9999 -9999 -9999 -9999 -9999 3009.37 2163.97 1448.7 415.146 150.379 65.736 78.3471 130.668 219.213 883.65 801.62 129.864 533.479 994.282 606.483 205.909 142.632 124.418 174.797 163.925 743.634 1484.96 1418.68 1243.2 1477.59 1388.49 903.86 524.088 396.174 1132.84 1929.02 2264.99 1987.67 1663.91 1777.82 2141.22 2558.53 2819.24 3150.61 3447.6 3401.78 3513.02 3563.91 3882.92 3562.13
-9999 -9999 -9999 -9999 -9999 -9999 -9999 -9999 -9999 -9999 -9999 -9999 -9999 -9999 -9999 -9999 -9999 -9999 -9999 -9999 -9999 -9999 -9999 -9999 -9999 -9999 -9999 -9999 -9999 -9999 -9999 3410.65 2933.21 2133.21 1333.21 533.479 263.97 220.573 86.5387 294.121 222.671 475.854 735.616 117.678 422.162 684.137 168.88 271.469 192.743 112.186 358.747 328.875 539.231 1230.2 813.124 469.741 1042.8 1729.49 1634.72 1184.22 1063.91 1494.76 2243.5 2922.1 2784.92 2463.91 2577.82 2909.19 3252.65 3617.02 3950.61 4246.69 4201.78 4313.02 4363.91 4616.29 -9999
-9999 -9999 -9999 -9999 -9999 -9999 -9999 -9999 -9999 -9999 -9999 -9999 -9999 -9999 -9999 -9999 -9999 -9999 -9999 -9999 -9999 -9999 -9999 -9999 -9999 -9999 -9999 -9999 -9999 -9999 2845.21 2950.02 3063.82 2377.82 1577.82 833.206 401.149 100.712 218.344 495.979 558.934 203.634 722.219 220.017 434.968 459.708 108.257 283.387 97.4762 227.451 258.119 763.262 1044.52 1127.22 447.775 214.84 927.665 1727.67 2248.17 1977.82 1863.91 2184.92 2626.13 3369.92 3582.4 3263.91 3377.82 3709.19 4040.56 4383.02 4748.39 5046.69 5001.78 5113.02 5099.98 4757.58 4183.45
-9999 -9999 -9999 -9999 -9999 -9999 -9999 -9999 -9999 -9999 -9999 -9999 -9999 -9999 -9999 -9999 -9999 -9999 -9999 -9999 -9999 -9999 -9999 -9999 -9999 -9999 -9999 -9999 -9999 -9999 2048.14 2227.49 2776.76 2400.31 1661.71 886.244 173.457 358.647 657.529 854.702 858.138 184.126 432.222 319.121 746.813 533.479 205.308 283.655 147.051 330.771 265.46 718.225 1419.19 963.388 216.069 503.764 1250.27 2038.69 2792.17 2777.82 2663.91 2983.19 3277.88 3712.55 4168.86 4051.48 4177.82 4509.19 4840.56 5171.93 5514.39 5844.47 5801.78 5800.27 5221.04 4426.96 3714.17
-9999 -9999 -9999 -9999 -9999 -9999 -9999 -9999 -9999 -9999 -9999 -9999 -9999 -9999 -9999 -9999 -9999 -9999 -9999 -9999 -9999 -9999 -9999 -9999 -9999 -9999 -9999 -9999 -9999 808.731 1068.23 1705.74 2441.73 2060.66 1283.27 661.025 150.666 230.354 932.399 1384.19 1169.81 457.203 289.997 893.179 1237.43 854.702 681.299 898.016 499.05 184.662 771.331 1151.27 1485.3 817.505 178.033 636.512 1436.24 2236.24 3036.24 3434.17 3226.95 3066.61 2963.91 3284.92 3616.3 3979.66 4603.07 5214.75 5638.04 5971.93 6303.3 6609.54 6375.61 5694.97 4894.97 4094.97 3352.96
-9999 -9999 -9999 -9999 -9999 -9999 -9999 -9999 -9999 -9999 -9999 -9999 -9999 -9999 -9999 -9999 -9999 -9999 -9999 -9999 -9999 -9999 -9999 -9999 -9999 -9999 -9999 -9999 -9999 349.127 637.419 1432.84 2170.81 1786.24 986.244 238.277 267.115 171.626 432.797 951.255 1219.63 622.062 168.39 792.846 1533.28 1574.14 1442.6 1171.44 389.415 332 1102.32 1753.13 1329.02 555.438 151.739 797.211 1594.97 2394.97 3136.51 3015.61 2609.19 2277.82 2163.91 2484.92 2848.33 3500.05 4299.14 5099.14 5891.52 6439.37 6792.1 7136.98 6494.98 5694.97 4894.97 4094.97 3294.97
-9999 -9999 -9999 -9999 -9999 -9999 -9999 -9999 -9999 -9999 -9999 -9999 -9999 -9999 -9999 -9999 -9999 -9999 -9999 -9999 -9999 -9999 -9999 -9999 -9999 -9999 -9999 -9999 948.528 863.761 1009.85 1661.58 2361.03 1894.97 1095.89 439.25 217.475 175.019 132.609 300.482 715.249 865.26 243.187 503.385 1301.08 1557.18 1311.48 1268.58 727.01 727.01 1378.73 1771.72 1078.63 312.159 355.706 1131.69 1924.62 2717.78 3007.62 2444.5 1884.24 1477.82 1363.91 1716.96 2368.68 3167.77 3967.77 4765.1 5390.05 5763.03 6372.65 7122.03 6826.35 6026.35 5226.35 4426.35 3628.25
-9999 -9999 -9999 -9999 -9999 -9999 -9999 -9999 -9999 -9999 -9999 -9999 -9999 -9999 -9999 -9999 -9999 -9999 -9999 -9999 -9999 -9999 -9999 -9999 -9999 -9999 -9999 -9999 -9999 1555.82 1777.82 2141.22 2693.31 2227.15 1518.23 1098.01 802.194 353.607 250.842 144.194 265.663 813.472 322.855 455.178 1206.48 925.83 519.454 953.139 1404.04 1494.97 1826.19 1536.13 770.067 183.1 568.179 1358.73 2158.73 2754.15 2368.11 1915.79 1313.13 752.871 595.944 1237.31 2036.4 2836.4 3633.73 4258.68 4631.66 5241.28 6037.62 6837.62 7106.75 6357.72 5557.72 4757.72 3957.72
-9999 -9999 -9999 -9999 -9999 -9999 -9999 -9999 -9999 -9999 -9999 -9999 -9999 -9999 -9999 -9999 -9999 -9999 -9999 -9999 -9999 -9999 -9999 -9999 -9999 -9999 -9999 -9999 -9999 2391.42 2577.82 2908.21 2938.13 2236.4 1436.4 713.281 587.327 953.277 589.545 288.879 835.386 984.259 562.419 646.231 1186.39 587.159 187.362 871.572 1384.52 1734.09 2022.31 1350 550 225.62 916.019 1653.86 2213.75 2423.49 1821.37 1236.74 786.802 236.198 363.074 1146.6 1942.72 2638.72 3135.02 3500.29 4109.91 4906.24 5706.24 6501.24 6708.07 6342.91 5801.08 5040.93 4240.93
-9999 -9999 -9999 -9999 -9999 -9999 -9999 -9999 -9999 -9999 -9999 -9999 -9999 -9999 -9999 -9999 -9999 -9999 -9999 -9999 -9999 -9999 -9999 -9999 -9999 -9999 -9999 -9999 -9999 3183.65 3377.82 3598.65 2992.31 2192.31 1392.31 593.918 183.054 705.495 349.345 664.878 1048.97 479.829 583.536 1059.42 1185.89 580.392 184.662 637.048 652.351 1186.97 1694.33 1338.27 727.01 465.793 981.659 1258.25 1477.82 1756.03 1362.01 691.896 204.438 285.681 857.264 1458.7 1802.8 2019.24 2368.92 2978.54 3774.87 4574.87 5374.87 6066.61 5916.06 5579.04 5247.33 4792.14 4036.4
-9999 -9999 -9999 -9999 -9999 -9999 -9999 -9999 -9999 -9999 -9999 -9999 -9999 -9999 -9999 -9999 -9999 -9999 -9999 -9999 -9999 -9999 -9999 -9999 -9999 -9999 -9999 -9999 -9999 3981.07 4177.82 4093.54 3313.91 2513.91 1713.91 914.824 213.074 506.196 245.489 561.447 892.689 222.162 432.824 494.899 599.383 553.867 168.03 195.286 329.078 837.622 996.391 712.132 825.486 731.992 509.987 470.527 748.295 1173.61 752.465 256.464 332.065 821.326 1383.46 1385.86 1043.2 1237.54 1847.16 2643.5 3443.5 4243.5 5043.5 5634.53 5168.77 4784.69 4447.67 4115.96 3704.1
-9999 -9999 -9999 -9999 -9999 -9999 -9999 -9999 -9999 -9999 -9999 -9999 -9999 -9999 -9999 -9999 -9999 -9999 -9999 -9999 -9999 -9999 -9999 -9999 -9999 -9999 -9999 -9999 -9999 4876.85 4930.92 4443.5 3643.5 2843.5 2043.5 1249.27 479.025 229.837 218.436 291.31 579.117 177.608 370.795 105.289 209.08 382.399 200.195 135.466 291.042 300.685 310.616 178.098 264.794 178.791 404.274 110.041 322.671 580.568 226.398 329.496 825.275 1447.64 1651.39 959.646 327.424 736.504 1532.84 2332.84 3132.84 3932.84 4732.84 5190.37 4657.67 4037.4 3653.32 3316.3 2984.92
-9999 -9999 -9999 -9999 -9999 -9999 -9999 -9999 -9999 -9999 -9999 -9999 -9999 -9999 -9999 -9999 -9999 -9999 -9999 -9999 -9999 -9999 -9999 -9999 -9999 -9999 -9999 -9999 -9999 5279.14 5014.5 4571.78 3947.51 3167.77 2371.06 1580.31 820.029 178.837 227.072 146.894 326.555 168.612 109.486 137.408 116.873 170.332 137.787 114.664 124.104 170.711 203.32 163.545 102.432 68.861 237.316 227.738 150.777 117.632 231.602 868.155 1442.46 1901.45 1616.19 889.304 194.73 597.905 1377.97 2177.82 2977.82 3777.82 4577.82 4750.46 4123.19 3526.3 2906.02 2521.95 2184.92
-9999 -9999 -9999 -9999 -9999 -9999 -9999 -9999 -9999 -9999 -9999 -9999 -9999 -9999 -9999 -9999 -9999 -9999 -9999 -9999 -9999 -9999 -9999 -9999 -9999 -9999 -9999 -9999 -9999 5176.96 4566.25 3892.64 3543.5 3173.11 2576.17 1776.93 1007.32 298.522 149.908 337.094 136.65 139.193 144.194 321.71 88.6374 168.011 74.3068 94.9984 93.3249 306.353 217.965 80.8249 118.057 88.6374 156.981 202.294 85.8915 109.551 149.372 771.794 1568.2 1847.29 1194.03 646.112 195.508 449.096 1232.84 2032.84 2832.84 3632.84 4396.23 4379.12 3626.57 2991.82 2394.93 1774.65 1390.58
-9999 -9999 -9999 -9999 -9999 -9999 -9999 -9999 -9999 -9999 -9999 -9999 -9999 -9999 -9999 -9999 -9999 -9999 -9999 -9999 -9999 -9999 -9999 -9999 -9999 -9999 -9999 -9999 -9999 -9999 4469.85 3231.08 2751.64 2427.67 2253.8 1543.2 746.859 254.726 193.122 352.941 126.628 346.58 164.017 305.53 153.412 77.6999 166.18 229.346 159.172 248.744 60.1333 58.8388 51.5625 70.4235 39.0625 170.175 53.5041 43.2138 47.9013 535.06 1278.32 1379.74 741.222 176.758 404.404 883.485 1558.84 2343.5 3143.5 3906.89 4071.54 3758.14 3272.76 2495.19 1860.44 1263.56 643.282
-9999 -9999 -9999 -9999 -9999 -9999 -9999 -9999 -9999 -9999 -9999 -9999 -9999 -9999 -9999 -9999 -9999 -9999 -9999 -9999 -9999 -9999 -9999 -9999 -9999 -9999 -9999 -9999 -9999 -9999 -9999 -9999 2018.1 1627.67 1691.63 1640.92 930.341 265.793 212.584 171.404 149.15 451.018 208.969 386.642 173.882 130.4 99.0387 161.983 94.6193 71.986 53.236 78.9943 53.7722 74.5749 69.2402 48.8166 53.8833 62.343 61.6958 287.649 940.674 954.017 277.96 312.89 963.506 1524.48 2014.86 2670.77 3273.48 3569.92 3284.92 2963.91 2847.52 2143.5 1363.82 729.074 200.528
-9999 -9999 -9999 -9999 -9999 -9999 -9999 -9999 -9999 -9999 -9999 -9999 -9999 -9999 -9999 -9999 -9999 -9999 -9999 -9999 -9999 -9999 -9999 -9999 -9999 -9999 -9999 -9999 -9999 -9999 -9999 -9999 -9999 824.077 901.382 1169.94 1135.67 465.801 113.48 204.281 169.148 319.814 198.679 105.779 143.861 159.44 155.354 338.277 94.3512 149.104 60.4013 76.0263 65.736 72.9013 70.0444 94.3512 170.175 78.6152 279.235 639.667 989.938 546.499 156.962 273.208 844.113 1643.2 2358.14 2423.51 2577.82 2775.99 2484.92 2163.91 2217.37 1811.21 1025.52 266.153 133.146
-9999 -9999 -9999 -9999 -9999 -9999 -9999 -9999 -9999 -9999 -9999 -9999 -9999 -9999 -9999 -9999 -9999 -9999 -9999 -9999 -9999 -9999 -9999 -9999 -9999 -9999 -9999 -9999 -9999 -9999 -9999 -9999 -9999 152.737 261.198 400.038 642.015 464.618 109.93 145.554 150.555 215.33 82.3874 215.265 141.115 121.404 107.23 255.465 121.025 76.0263 91.0041 78.8833 93.0568 58.1916 97.6333 146.894 158.747 85.1333 521.58 695.749 704.959 194.971 359.118 176.471 739.001 1532.47 1922.49 1632.84 1777.82 2059.15 1707.81 1363.91 1427.3 1253.78 853.477 162.186 83.8388
-9999 -9999 -9999 -9999 -9999 -9999 -9999 -9999 -9999 -9999 -9999 -9999 -9999 -9999 -9999 -9999 -9999 -9999 -9999 -9999 -9999 -9999 -9999 -9999 -9999 -9999 -9999 -9999 -9999 -9999 -9999 -9999 -9999 490.165 165.154 65.1999 184.662 258.184 116.873 203.967 157.609 165.866 127.543 287.251 184.237 119.194 74.3068 191.67 123.123 104.799 90.0888 103.079 58.5708 68.593 72.9013 96.829 73.9277 163.702 99.6859 100.065 132.989 313.537 359.072 185.06 715.111 1422.29 1232.29 833.758 1009.85 1556.23 1184.22 586.791 666.544 521.129 695.295 84.1775 104.604
-9999 -9999 -9999 -9999 -9999 -9999 -9999 -9999 -9999 -9999 -9999 -9999 -9999 -9999 -9999 -9999 -9999 -9999 -9999 -9999 -9999 -9999 -9999 -9999 -9999 -9999 -9999 -9999 -9999 -9999 -9999 -9999 -9999 600 171.626 124.843 73.8166 121.561 316.245 418.076 77.4318 211.068 160.041 162.14 169.37 67.6777 83.5248 126.739 188.813 156.112 116.651 188.12 88.2123 88.3693 125.176 77.6999 88.3693 85.5124 148.993 168.436 337.917 380.587 134.662 491.433 875.087 1064.65 710.665 200.953 474.919 1092.82 865.36 173.882 285.773 137.869 -9999 -9999 264.794
-9999 -9999 -9999 -9999 -9999 -9999 -9999 -9999 -9999 -9999 -9999 -9999 -9999 -9999 -9999 -9999 -9999 -9999 -9999 -9999 -9999 -9999 -9999 -9999 -9999 -9999 -9999 -9999 -9999 -9999 -9999 -9999 -9999 -9999 155.844 111.382 128.948 156.047 111.16 58.1916 48.8166 85.3553 49.4638 65.736 67.4096 97.2081 299.188 126.137 152.164 138.591 137.898 178.902 175.333 108.303 87.7221 223.096 209.08 102.275 242.808 485.171 486.06 115.265 85.5124 192.096 285.125 551.279 273.07 157.406 308.72 532.935 428.645 153.902 126.85 102.926 -9999 181.066 401.777
-9999 -9999 -9999 -9999 -9999 -9999 -9999 -9999 -9999 -9999 -9999 -9999 -9999 -9999 -9999 -9999 -9999 -9999 -9999 -9999 -9999 -9999 -9999 -9999 -9999 -9999 -9999 -9999 -9999 -9999 -9999 -9999 -9999 -9999 160.734 20.3125 26.5625 35.0222 26.5625 49.4638 41.2722 84.7081 84.5971 75.8693 56.361 84.7081 187.094 60.1333 171.626 97.2541 171.201 124.686 117.253 126.091 137.251 238.296 165.108 121.136 470.638 927.554 318.585 150.398 72.7443 124.15 222.985 217.161 156.491 149.908 244.324 139.239 114.35 165.801 291.067 -9999 -9999 82.7869 250.509
-9999 -9999 -9999 -9999 -9999 -9999 -9999 -9999 -9999 -9999 -9999 -9999 -9999 -9999 -9999 -9999 -9999 -9999 -9999 -9999 -9999 -9999 -9999 -9999 -9999 -9999 -9999 -9999 -9999 -9999 -9999 -9999 -9999 -9999 385.616 114.729 166.605 138.101 136.317 128.19 47.2541 71.4499 41.9194 60.4013 59.375 49.0847 52.5888 87.343 52.8569 40.0888 49.1958 154.975 439.767 386.91 248.208 138.545 504.45 262.205 414.989 789.223 185.957 130.511 297.338 565.674 307.943 95.2665 71.829 84.9762 126.248 75.8693 204.929 75.0957 376.196 -9999 29.1667 97.729 218.39
-9999 -9999 -9999 -9999 -9999 -9999 -9999 -9999 -9999 -9999 -9999 -9999 -9999 -9999 -9999 -9999 -9999 -9999 -9999 -9999 -9999 -9999 -9999 -9999 -9999 -9999 -9999 -9999 -9999 -9999 -9999 -9999 -9999 -9999 252.164 153.726 228.144 355.04 318.455 170.979 41.2722 79.1513 61.3166 42.5666 44.7763 49.0847 63.1472 94.5082 72.9013 60.5124 74.3068 120.489 88.9055 95.2665 169.148 226.333 229.615 206.223 137.029 464.139 172.587 72.7443 294.121 396.618 86.2706 60.7805 72.4762 71.1818 113.859 137.63 63.9055 187.168 557.843 21.875 55.1777 109.061 172.966
-9999 -9999 -9999 -9999 -9999 -9999 -9999 -9999 -9999 -9999 -9999 -9999 -9999 -9999 -9999 -9999 -9999 -9999 -9999 -9999 -9999 -9999 -9999 -9999 -9999 -9999 -9999 -9999 -9999 -9999 -9999 -9999 -9999 -9999 108.377 159.662 159.172 130.178 112.722 144.841 76.7846 73.2805 118.168 57.9235 115.265 70.4235 39.7097 95.4235 104.642 87.0749 103.079 50.6472 102.543 119.305 53.236 60.7805 92.1415 178.745 143.658 117.789 63.9055 86.6958 84.9762 109.172 77.8109 100.823 73.6596 55.7138 66.3833 37.2319 69.8874 114.491 177.191 94.7457 64.5527 138.369 172.051
-9999 -9999 -9999 -9999 -9999 -9999 -9999 -9999 -9999 -9999 -9999 -9999 -9999 -9999 -9999 -9999 -9999 -9999 -9999 -9999 -9999 -9999 -9999 -9999 -9999 -9999 -9999 -9999 -9999 -9999 -9999 -9999 -9999 -9999 93.9721 51.9416 205.936 318.704 239.285 162.833 293.501 161.964 217.475 158.59 108.95 97.6333 83.9499 57.0083 59.1069 85.1332 113.101 136.003 87.7221 58.5708 154.013 209.191 92.7887 87.9902 215.552 122.698 45.4235 73.9277 119.083 130.021 112.722 92.5206 80.8249 71.6069 83.0346 149.464 81.4721 89.0165 166.023 76.6735 62.9902 196.247 156.694
-9999 -9999 -9999 -9999 -9999 -9999 -9999 -9999 -9999 -9999 -9999 -9999 -9999 -9999 -9999 -9999 -9999 -9999 -9999 -9999 -9999 -9999 -9999 -9999 -9999 -9999 -9999 -9999 -9999 -9999 -9999 -9999 -9999 -9999 60.6694 71.718 96.4499 75.111 329.68 345.443 164.618 101.026 526.647 432.15 330.576 394.37 281.288 77.968 157.184 109.597 79.5305 79.2624 138.702 68.3249 129.864 140.801 110.355 46.3388 83.3027 45.9597 68.2138 149.575 197.966 77.5888 100.601 71.3388 95.9137 45.4235 55.9819 72.6333 108.904 213.342 256.556 92.4096 128.837 157.943 108.95
-9999 -9999 -9999 -9999 -9999 -9999 -9999 -9999 -9999 -9999 -9999 -9999 -9999 -9999 -9999 -9999 -9999 -9999 -9999 -9999 -9999 -9999 -9999 -9999 -9999 -9999 -9999 -9999 -9999 -9999 -9999 -9999 -9999 -9999 60.6694 66.3833 59.1069 49.7319 105.4 77.6999 53.5041 53.5041 226.693 139.082 338.675 686.967 233.073 73.0124 149.908 88.1012 77.5888 89.0165 95.2665 50.3791 47.2541 58.1916 69.5082 115.422 63.2583 80.5568 81.361 70.1555 160.198 331.732 229.772 169.73 115.847 242.272 173.457 181.916 222.514 459.007 227.34 380.771 166.291 115.69 110.623
