public/models/data/input/map/ntb/800/mapdem.asc
NCOLS 484
NROWS 342
XLLCORNER 370313.940441
YLLCORNER 9266624.452423
CELLSIZE 800.000000
NODATA_VALUE       -9999
[rows 272 to 305 of 342, columns 308 to 384 of 484]
-9999 -9999 -9999 -9999 -9999 -9999 -9999 -9999 -9999 -9999 -9999 -9999 -9999 -9999 -9999 -9999 -9999 -9999 -9999 -9999 -9999 -9999 -9999 -9999 -9999 -9999 -9999 -9999 -9999 -9999 14.0303 68.8438 233.328 373.656 354.656 422.234 400.859 258.188 322.667 328.302 255.359 187.603 193.438 91.5781 5.14063 4.5 6 7.90625 8.04688 8.15625 106.203 172.75 88.9063 106.406 175.984 172.531 67.3125 93.9219 74.2813 76.0313 226.656 458.531 459.734 394.375 339.281 205.281 187.766 303.938 491.063 463.859 324.873 198.375 155.031 351.328 519.016 338 163.875
-9999 -9999 -9999 -9999 -9999 -9999 -9999 -9999 -9999 -9999 -9999 -9999 -9999 -9999 -9999 -9999 -9999 -9999 -9999 -9999 -9999 -9999 -9999 -9999 -9999 -9999 -9999 -9999 -9999 -9999 25 156.667 275.594 233.29 355.984 425.469 341.703 261.266 339.484 304.953 223.306 165.048 75.8438 8.39063 4.52632 7 6.25862 8.17188 7.0625 6.98438 9.92188 9.625 8.10938 41.4688 109.219 85.7031 38.3438 86.3281 55.2656 74.3594 152.563 292.844 415.578 492.359 333.953 280.531 354.766 339.841 552.828 559.547 539.531 322.857 205.906 479.938 632.297 557.266 467.906
-9999 -9999 -9999 -9999 -9999 -9999 -9999 -9999 -9999 -9999 -9999 -9999 -9999 -9999 -9999 -9999 -9999 -9999 -9999 -9999 -9999 -9999 -9999 -9999 -9999 -9999 -9999 -9999 -9999 -9999 -9999 54.1556 75.0938 230.317 347.188 370.813 318.719 267.46 347.297 245.406 96.5313 32.0625 4.89063 2.09375 3.25 7.15385 5.85714 7.21212 6.64063 8.33333 6.42188 6.53125 4.6875 30.2969 87.4375 51.3125 39.1406 113.438 68.7188 73.5469 180.578 324.953 494.094 600.625 491.109 362.047 450.172 363.952 480.484 615.641 660.984 501.438 260.984 419.219 712.75 663.922 386.188
-9999 -9999 -9999 -9999 -9999 -9999 -9999 -9999 -9999 -9999 -9999 -9999 -9999 -9999 -9999 -9999 -9999 -9999 -9999 -9999 -9999 -9999 -9999 -9999 -9999 -9999 -9999 -9999 -9999 -9999 -9999 13.6863 29.8594 124.766 188.672 304.547 357.734 329.953 346.857 237.016 42.1563 7.17188 1.42188 3.46875 3.5 -9999 -9999 -9999 6.3 5.59091 5.67188 5.6875 5.625 24.8594 50.5625 24.8594 131.297 139.109 62.9063 70.5313 159.469 393.571 664.266 741.672 721.563 586.391 537.484 424.359 533.469 658.797 625.766 467.141 303.922 453.766 717.094 573.125 249.476
-9999 -9999 -9999 -9999 -9999 -9999 -9999 -9999 -9999 -9999 -9999 -9999 -9999 -9999 -9999 -9999 -9999 -9999 -9999 7.33333 1.5 -9999 5.27273 -9999 -9999 -9999 -9999 -9999 20.5 3.5 3.75 12.1875 24.0156 35.3281 152.905 209.953 360.609 255.031 172.031 57.5469 19.5469 8.42188 1.92188 3.40625 3.67308 -9999 -9999 -9999 -9999 6.95 5.46875 6.9375 60.4375 21.0156 20.6094 78.5156 129.156 62.0469 50.0625 89.875 117.703 270.469 391.359 524.094 759.984 835.891 654.672 507.375 562.734 697.969 655.219 658.031 486.703 479.281 684.906 566.563 342.531
-9999 -9999 -9999 -9999 -9999 -9999 -9999 -9999 -9999 -9999 -9999 -9999 -9999 -9999 -9999 -9999 -9999 -9999 2.25 12.9375 16 0 1.95455 0 1.8 -9999 -9999 -9999 52.04 42.3571 10.3125 15.2344 135.578 60.1406 185.688 337.422 438.766 184.095 49.9219 18.7344 14.9688 11.2813 4.28125 33.9219 10.9688 6.28571 -9999 -9999 -9999 8.66667 6.1129 5.60938 13.3281 16.4531 30.9219 95.1875 59.125 41.9219 61.8594 88.7188 133.969 172.703 346.953 491.797 689.156 904.969 761.156 680.109 732.234 893.375 815.016 638.891 507.563 573.672 759.156 771.953 524.719
-9999 -9999 -9999 14 7 -9999 -9999 8.875 11.7143 17.3333 14.52 23.1875 12.5 6.55556 5.33333 -9999 -9999 -9999 4.73333 13.9429 13.9318 4.85714 6.11765 -9999 12.5556 16.875 -9999 15.6667 27.3333 84.1636 59.5156 26.0156 107.609 122.531 166.031 339.609 458.047 208.688 45.5625 30.4375 22.3125 15.2031 8.5 33.3281 43.5833 33.8333 -9999 -9999 -9999 -9999 4.02 5.1875 7.625 10.4531 46.4688 53.9219 46.8594 52.2813 55.6094 97.2656 206.594 225.016 377.81 572.406 743.375 962.484 957.672 883.281 901.5 815.125 721.516 587.656 575.375 723.266 940.609 948.656 757.828
-9999 14.75 4.08333 48.6981 80.4828 18.8621 20.5814 13.871 13.9286 28.4531 21.9531 35.5439 26.9623 32.6552 59.2623 13.9167 22.6 -9999 -9999 -9999 2 -9999 4.05263 7.96667 17.449 34.9268 33.7368 40.8696 7 15.7966 54.875 53.0469 117.641 204.984 178.619 393.547 287.734 92.0625 59.5625 41.25 33.75 33.0938 36.2813 11.3125 6.75439 6.5 -9999 -9999 -9999 59.087 9.71875 5.28125 7.625 9.3125 21.7188 84.9844 71.9063 67.0781 65.6875 86.0781 190.438 285.875 413.188 570.594 737.047 784.563 837.484 802.688 727.578 725.125 590.734 647.688 676.938 729.922 894.469 865.484 746.797
29.9298 31.0508 17.0313 44.8125 79.9844 111.625 117.625 57.8438 48.4375 71.8125 70.1875 59.7188 38.2188 57.0938 66.375 28.7031 34.4848 -9999 -9999 -9999 2 5.72222 3 5.27451 35.5313 8.02174 44.1778 96.8438 24.3906 38.0156 61.2188 111 116.984 355.125 399.266 442.953 256.391 172.5 166.016 106.625 142.047 46.3281 50.375 6.14063 3.07813 7.54348 43.8529 54.8125 -9999 20.3333 6.25581 6.1875 6.34375 17.4219 29.4219 78.5156 82 77.9844 83.4688 97.0781 116.609 194.302 347.667 520.531 668.547 740.609 720.375 705.672 635.141 635.578 674.844 701.672 775.406 902.078 943.297 802.438 635.094
87.9844 81.2188 52.2188 107.203 159.063 184.797 208.746 92.7656 144.438 118.953 182.54 159.984 131.031 134.688 106.781 76.9375 97.2188 41.1579 31.4167 17.25 10.9756 8.67742 9.70313 22.5781 55.0938 26.4375 111.938 152.75 57.2188 87.7188 212.109 224.141 123.922 220.75 348.609 531.906 377.328 444.719 376.25 331.656 183.484 41.25 56.875 25.2813 10.5469 44.9688 147.656 110.794 -9999 10 5.42857 8.0678 22.8906 73.2813 53.8594 106.297 155.563 116.156 129.922 139.156 115.844 136.281 245.719 359.688 561.469 747.219 687.109 644.516 663.922 695.141 800.797 814.875 863.531 1022.97 984.234 818.578 730.328
121.734 163.797 119.641 91.875 168.297 215.048 250.891 181.651 215.109 267.828 265.413 284.453 303.906 288.238 232.281 167.813 195.344 182.719 156.429 81.0938 44.2031 16.6094 18.1563 66.0313 99.6719 116.563 163.156 230.242 184.625 110.609 116.656 227.094 266.5 267.563 271.406 521.172 504.156 549.297 512.984 210.578 53.3281 10.4375 26.25 77.2031 62.3438 87.9516 66.9714 36.6 -9999 -9999 8.5 25.8475 109.516 190.391 172.422 201.25 153.672 137.563 165.484 146.016 132.906 127.641 191.188 346.667 581.172 711.797 682.891 705.5 723.188 831.734 800.422 884.953 918.359 942.297 812.125 649.781 715.906
176.516 211.156 254.438 170.156 173.297 259.656 316.297 325.5 398.172 359.109 436.688 495.516 532.938 499.563 418.906 351.172 407.234 343.469 194.969 154.609 99.5156 78.3281 37.6719 60.2031 109.375 181.016 240.918 289.563 320.094 272.172 264.297 283.234 346.063 341.922 370.063 343.844 260.984 237.797 323.143 69.0469 17.2692 11.6087 24.3333 127.984 58.4643 13.4286 -9999 -9999 -9999 75.5217 67.1587 56.1719 158.484 255.391 156.781 113.313 90.9688 122.188 159.078 203.734 158.578 186.906 203.984 317.508 528.109 673.234 685.891 662.438 740.188 819.172 847.344 833.078 756.781 781.375 646.953 505.219 523.563
136.844 149.516 204.453 253.855 269.734 317.109 366.359 423.391 501.359 515.484 537.703 475.609 432.828 401.516 371.953 466.578 602.594 501.078 361.873 220.469 254.375 177.422 63.7656 111.656 190.391 200.813 276.281 390.047 388.063 410.172 407.078 471.453 348.571 155.875 200.365 142.891 90.2344 56.9375 162.891 85.5714 -9999 -9999 32.8571 58.6667 -9999 -9999 -9999 -9999 -9999 84.5957 70.25 40.0781 61.6094 127.016 107.234 45.6719 44.6406 63.9531 112.359 216.844 208.781 340.492 299.698 367.844 450.469 532.109 540.875 561.094 652.328 714.859 742.172 631.094 626.953 623.641 642.734 412.625 308.422
154.219 179.688 223.365 280.571 299.906 355.953 382.516 424.75 494.75 604.281 545.094 384.734 330.984 336.016 325.031 358.406 486.969 620.391 483.422 415.938 372.641 200.031 101.859 161.547 219.661 300.328 313.313 287.797 314.156 283.803 325.953 493.219 422.719 193.375 78.3906 149.781 151.016 76.2813 21.4 14.75 -9999 -9999 -9999 -9999 -9999 -9999 -9999 -9999 -9999 6.89474 6.1875 5.64063 15.1563 46.3125 78.0781 34.5 41.4844 79.375 197.672 318.603 403.79 415.469 381.125 359.906 353.766 448.094 398.844 491.594 513.906 564.75 679.547 537.406 478.125 428.906 544.531 358.547 176.234
171.188 215.109 240.403 258.516 297.078 347.016 335.281 365.234 432.219 563.813 643.234 403.359 311.469 308.109 340.906 399.609 521.5 685.969 556.109 418.891 337.063 184.891 98.9375 169.781 188.891 157.563 155.609 175.344 214.27 210.5 241.081 411.516 480.734 228.508 75.5938 81 142.453 67.6949 -9999 -9999 -9999 -9999 -9999 -9999 -9999 -9999 -9999 -9999 -9999 -9999 7.22 5.73438 8.42188 19.8438 45.6563 33.7344 70.6563 123.141 272.547 516.156 481.625 417.063 397.5 417.016 336.781 324.766 324.313 356.938 377.672 492.141 642.594 557.172 386.25 279.984 393.578 276.302 167.625
146.734 171.484 208.484 222.635 256.508 286.333 322.828 414.734 492.141 567.906 580.016 518.656 330.359 316.516 386.297 565.141 594.938 589.641 535.016 381.141 258.141 167.422 112.438 132.438 161.609 130.453 134.375 139.453 150.125 172.484 261.25 370.047 361.889 290.556 95.125 58.5938 92.1406 24.8966 -9999 -9999 -9999 -9999 -9999 -9999 -9999 -9999 -9999 -9999 -9999 -9999 8.58333 5.46875 6.8125 12.5313 35.1563 83.7813 210.047 336.172 390.813 500.563 485.391 487.313 479.422 428.484 364.781 319.906 285.266 284.847 353.016 428.094 533.109 617.266 485.109 281.813 218.175 211.403 118.594
123.609 140 167.172 225.857 273.127 353.984 403.297 468.156 474.438 466.344 516.313 568.766 337.375 435.313 601.844 580.359 468.797 500.328 412.109 387.484 280.063 184.766 127.016 124.5 151.703 141.516 161.75 158.906 171.031 197.906 129.609 147.938 141.844 124.969 41.6875 64.2188 85.6034 19.2 -9999 -9999 -9999 -9999 -9999 -9999 -9999 -9999 -9999 -9999 -9999 -9999 7.06452 5.96875 6.875 8.32813 49.5313 214.359 255.359 332.188 566.734 600.656 608.766 557.656 465.375 408.703 374.781 343.734 340.234 308.891 269.565 299.556 376.297 520.516 353.141 289.672 155.078 142.672 248.143
95.125 138.859 238.762 289.125 295.359 384.844 430.172 430.625 443.938 430.609 543.5 510.25 326.031 476.766 632.031 463.672 443.719 504.031 469.719 301.317 214.438 164.266 154.031 167.438 171.281 168.609 203.969 196.875 146.281 140.688 55.7031 34.9688 21.2813 18.2712 11.8537 20.3529 39.6552 -9999 -9999 -9999 -9999 -9999 -9999 -9999 -9999 -9999 -9999 -9999 -9999 7.54054 7.82813 8.45313 6.67188 10.4531 24.1719 49.8281 165.609 430.141 585.031 621.984 617.484 625.594 536.141 445.594 392.844 387.297 386.688 439.984 353.781 232.422 321.127 318.27 237.469 174.969 158.578 256.531 313.641
115.719 217.444 252.339 302.281 376.438 416.219 442.875 427.969 432.984 427 469.281 392.75 335.609 481.781 549.578 415.156 449.016 421.891 457.875 324.683 226.813 169.125 204.266 244.903 259.413 266.841 212.048 186.328 43.2344 66.1406 64.2344 16.3214 11 6.5 -9999 -9999 -9999 -9999 -9999 -9999 -9999 -9999 -9999 -9999 -9999 -9999 -9999 -9999 7 9.59677 15.8125 20.0625 34.0469 121.438 158.516 204.484 258.234 367.156 548.813 652.109 591.766 584.625 544.391 495.203 444.859 436.578 430.547 380.734 349.254 250.048 212.683 271.609 398.281 268.556 214.516 408.875 440.594
171.313 219.902 291.203 362.469 397.563 456.594 437.844 474.469 420.203 386.844 397.938 307.688 390.859 480.781 436.438 510.328 480.641 390.438 406.078 294.111 211.397 177.969 204.594 250.349 335.391 346.516 309.625 133.453 32.0781 22.6563 33.5536 12 -9999 -9999 -9999 -9999 -9999 -9999 -9999 -9999 -9999 -9999 -9999 -9999 -9999 -9999 -9999 -9999 8.1875 15.2969 27.4063 56.6719 152.922 247.918 256.422 257.719 237.641 243.016 402.516 608.422 679.609 604.906 540.781 586.359 500.172 463.109 433.344 392.828 309.906 246.719 207.719 259.714 337.234 363.578 293.563 348.266 324.984
192.688 281.609 364.344 384.063 411.359 436.5 461.078 466.281 383 355.688 318.563 350.625 379.906 404.766 476.516 467.234 462.328 412.656 294.984 254.492 191.172 175.641 207.359 268.226 335.531 282.313 163.094 74.7969 27 33.8125 16.4211 -9999 -9999 -9999 -9999 -9999 -9999 -9999 -9999 -9999 -9999 -9999 -9999 -9999 -9999 -9999 -9999 8.8 11.0159 24.8281 35.6094 52.4375 79.1094 94.8438 108.078 155.469 288.141 227.625 400.156 517.859 554.813 503.078 488.531 589.438 595.656 504.875 451.344 418.484 312.844 242.281 236.54 254.714 252.419 284.297 314.875 303.594 235.111
206.844 299.938 347.594 393.516 421.453 406.266 443.016 428.234 350.078 309.219 344.375 348.063 340.063 372.516 381.531 400.703 421.078 332.5 265.672 218.5 183.469 213.766 246.484 300.651 318.254 124.266 44.0469 15.8438 27.0156 132.734 78.661 -9999 -9999 -9999 -9999 -9999 -9999 -9999 -9999 -9999 -9999 -9999 -9999 -9999 -9999 -9999 -9999 15.4545 34.8594 57.4375 65.1406 129.688 158.734 237.359 235.813 272.094 449.656 309.016 280.81 363.381 371.484 507.719 543.453 541.734 620.719 509.672 455.25 335.063 276.297 219.641 223.016 231.156 249.968 264.918 270.266 206.746 121.484
246.032 288.719 356.813 422.984 476.891 449.969 400.969 358.594 345.984 304.297 356.516 317.266 341.031 341.266 343.125 335.953 369.672 300.141 227.778 215.641 218.219 234.656 298.172 384.531 375.656 132.891 27.4531 10.6406 46.5625 166.344 119.04 -9999 -9999 -9999 -9999 -9999 -9999 -9999 -9999 -9999 -9999 -9999 -9999 -9999 8.47619 5.6 16.7209 50.4219 121.688 187.703 137.328 243.349 324.625 400.125 382.234 389.656 476.297 380.891 405.328 364.125 413.672 595.953 585.516 519.422 543.375 501.875 418.844 260.703 220.484 208.766 232.161 247.159 251.016 269.094 202.397 107.844 59.7344
231.206 351.016 428.422 525.219 537.453 569.5 441.125 445.844 399.328 331.672 439.125 339.125 354.063 450.984 363.766 330.594 336.484 274.556 272.453 323.524 344.203 375.672 407.469 398.344 332.746 102.875 35.0781 11.7826 43.9118 45.0769 2.75 -9999 -9999 -9999 -9999 -9999 -9999 -9999 -9999 -9999 -9999 -9999 -9999 9.67742 8.09524 12.6094 31.2656 49.8906 144.609 217.5 281.828 243.828 351.391 454.875 492.609 533.672 474.141 560.109 527.328 534.75 576.125 590.391 589.125 500.984 386.453 501.969 458.938 298.81 219.641 225.5 254.613 295.635 305.625 242.188 193.825 156.594 96.2656
323.094 392.109 484.766 546.813 620.359 555.25 381.016 434.469 315.609 366.063 414 287.578 380.766 380.828 275.047 255.688 264.813 276.25 323.047 371.547 404.844 423.141 411.797 446.141 388.25 266.333 131.276 6.33333 -9999 -9999 -9999 -9999 -9999 -9999 -9999 -9999 -9999 -9999 -9999 -9999 -9999 -9999 10.2 7.3 11.2188 22.6719 67.0469 110.453 113.094 274.286 370.734 422.719 377.359 491.359 611.625 616.609 577.656 705.219 624.938 592.344 643.844 494.844 428.188 399.844 302.219 336.078 292.391 300.903 236 241.5 257.839 343.25 377.344 334.406 251.623 205.938 180.375
318.078 456.5 549.203 601.484 599.391 529.688 360.797 368.516 291.828 392.906 418.969 238.172 257.81 262.734 311.594 296.156 287.222 369.594 422.031 430.938 399.719 433.984 448.188 417.266 312.844 153.145 42.4 -9999 -9999 -9999 -9999 -9999 -9999 -9999 -9999 -9999 -9999 -9999 -9999 -9999 -9999 -9999 -9999 6.85714 14.4219 51.1406 154.234 283.683 202.625 236.813 387.203 462.594 475.609 433.125 490.078 607.531 712.297 780.375 738.125 730.547 680.297 608.047 487.609 423.328 313.406 222.453 192.484 167.969 218.5 290.078 322.797 358.109 401.719 349.531 264.953 307.563 216.609
445.266 542.594 623.672 614.406 458 446.078 306.953 308 288.063 361.047 303.391 262.594 363.734 355.922 385.906 361.453 335.125 350.438 364.234 406.594 454.938 425.172 379.516 251.047 137.556 51.3889 -9999 -9999 -9999 -9999 -9999 -9999 -9999 -9999 -9999 -9999 -9999 -9999 -9999 -9999 -9999 -9999 -9999 14.8889 12.0781 66.25 177.063 346.219 331.172 210.703 208.578 271.641 319.159 392.797 496.703 548.922 718.844 787.594 803.109 890.266 823.844 712.344 548.875 390.656 400.906 252.5 193.281 180.375 212.444 284.609 240.397 309.635 362.688 255.594 156.656 243.238 191.078
483.813 625.984 677.109 645.703 356.641 308.563 208.746 205.683 249.328 298.492 196.375 231.203 297.203 328.063 298.548 287.714 285.234 323.922 339.469 349.683 269.766 276.571 152.219 63.575 16.6667 -9999 -9999 -9999 -9999 -9999 -9999 -9999 -9999 -9999 -9999 -9999 -9999 -9999 -9999 -9999 -9999 -9999 -9999 5 11.569 90.4844 144.188 357.828 343.762 334.016 303 298.344 219.339 287.984 370.563 451.469 559.797 627.469 788.938 878.953 897.641 697.328 533.719 580.078 555.422 267.016 170.375 232.27 304.281 296.953 200.047 259.365 307.406 335.766 204.813 142.422 200.734
432.938 555.25 616.859 479.969 370.891 228.762 220.828 143.844 181.094 190.844 158.578 182.156 208.875 210.609 245.578 289.921 269.492 253.222 180.381 144.594 49.4688 38.1053 14 -9999 -9999 -9999 -9999 -9999 -9999 -9999 -9999 -9999 -9999 -9999 -9999 -9999 -9999 -9999 -9999 -9999 -9999 -9999 -9999 15 9.3 56.3281 161.797 324.438 314.377 295.46 337.047 341.375 329.703 283.172 368.672 420.797 478.406 651.578 788.219 888.203 767.047 690.281 703.75 749.531 504.219 285.531 142.547 286.953 308.344 299.156 195.672 327.578 365.797 364.188 259.531 104.156 98.5938
360.547 437.313 471.344 348.825 245.719 142.297 146.172 121.828 83.3438 110.234 122.141 280.266 313.719 306.73 311.297 301.609 304.188 259.172 223.906 216.313 77.8594 32 -9999 -9999 -9999 -9999 -9999 -9999 -9999 -9999 -9999 -9999 -9999 -9999 -9999 -9999 -9999 -9999 -9999 -9999 -9999 -9999 -9999 15.375 11.9063 120.234 141.266 203.714 229.703 242.922 264.952 320.906 387.656 362.672 474.188 568.031 560.781 650.813 792.75 855.984 686.906 566.375 666.422 649 381.048 193.109 103.953 173.219 207.242 191.524 135.984 210.594 372.891 368.547 224.698 115.297 44.7188
352.578 394.031 265.238 215.188 144 130.984 234.688 195.766 164.016 273.328 240.344 326.766 414.563 427.125 429.984 295.281 282.641 283.547 247.594 207.889 47.76 -9999 -9999 -9999 -9999 -9999 -9999 -9999 -9999 -9999 -9999 -9999 -9999 -9999 -9999 -9999 -9999 -9999 -9999 -9999 -9999 -9999 -9999 7 13.4063 83.6719 165.594 240.371 258.762 326.781 333.609 313.641 375.891 454.734 516.984 603.047 689.594 754.453 730.344 773.234 772.094 613.844 571.875 591.781 346.508 243.333 160.109 85.9375 104.25 86.3906 75.0781 185.484 308.75 329.5 136.984 58.125 37.0781
229.922 243.938 148.891 92.5313 58.3594 117.344 169.266 166.484 168.859 290.355 384.031 404.375 493.594 527.531 426.469 248.031 156.281 157.406 176.188 111.703 19.7879 -9999 -9999 -9999 -9999 -9999 -9999 -9999 -9999 -9999 -9999 -9999 -9999 -9999 -9999 -9999 -9999 -9999 -9999 -9999 -9999 -9999 -9999 5.16667 15.7778 102.438 180.922 271 317.75 329.109 400.625 409.547 383.203 465.422 593.141 666.125 724.563 658.797 577.797 652.281 690.438 569.047 520.859 564.813 479.953 400.688 365.906 184.594 43.75 29.1719 125.203 221.453 249.938 227.906 111.422 24.58 3.64706
100.984 61.6333 34.4808 22.4219 37.6406 68.0938 86.8438 106.547 243.594 340.438 397.844 489.891 438.172 401.422 335.844 200.703 130.641 55.2031 37.2903 23.9706 6.5 -9999 -9999 -9999 -9999 -9999 -9999 -9999 -9999 -9999 -9999 -9999 -9999 -9999 -9999 -9999 -9999 -9999 -9999 -9999 -9999 -9999 -9999 -9999 10.9118 79.0625 156.203 237.625 257.143 335.734 443.563 443.938 514.125 525.906 638.047 623.438 549.578 552.781 443.563 530.359 542.203 485.25 424.969 444.578 380.438 473.188 466.234 314.635 80.4063 29.8438 166.781 142.938 109.625 125.953 100.034 20.5833 -9999
39.2105 9 -9999 10.36 18.127 32.9688 50.375 104.672 177.438 313.391 373.734 262.578 223.844 166.297 150.703 88.7813 51.6875 34.8478 14.3077 -9999 -9999 -9999 -9999 -9999 -9999 -9999 -9999 -9999 -9999 -9999 -9999 -9999 -9999 -9999 -9999 -9999 -9999 -9999 -9999 -9999 -9999 -9999 -9999 -9999 2.33333 18.1509 77.8281 149.563 250.302 401.047 544.109 583.109 598.875 630.859 555.703 502.375 431.078 389.563 353.797 335.286 386.375 444.313 289.936 348.281 262.891 268 308.891 362.797 48.6406 32.6452 100.458 21.1087 15.9444 9 -9999 -9999 -9999
