public/models/data/input/map/ntb/800/mapdagr.asc
NCOLS 484
NROWS 342
XLLCORNER 370313.940441
YLLCORNER 9266624.452423
CELLSIZE 800.000000
NODATA_VALUE       -9999
[rows 272 to 305 of 342, columns 231 to 307 of 484]
544.048 141.735 0 0 0 0 25.6472 0 0 0 0 0 0 0 0 0 0 0 0 0 1.5625 125.065 499.789 1016.49 1553.02 1681.88 1742.84 2037.51 1854.2 937.261 233.35 13.1472 155.465 137.519 176.076 639.223 -9999 -9999 -9999 -9999 -9999 -9999 -9999 -9999 -9999 -9999 -9999 -9999 -9999 -9999 -9999 -9999 -9999 -9999 -9999 -9999 -9999 -9999 -9999 -9999 -9999 -9999 -9999 -9999 -9999 -9999 -9999 -9999 -9999 -9999 -9999 -9999 -9999 -9999 -9999 -9999 -9999
919.718 508.249 10.9375 0 0 0 0 0 40.736 0 0 0 0 0 0 0 0 0 0 0 0 0 49.954 563.798 1060.38 1364.26 1789.09 2075.75 1501.38 594.476 149.594 89.5067 316.977 290.755 0 660.876 -9999 -9999 -9999 -9999 -9999 -9999 -9999 -9999 -9999 -9999 -9999 -9999 -9999 -9999 -9999 -9999 -9999 -9999 -9999 -9999 -9999 -9999 -9999 -9999 -9999 -9999 -9999 -9999 -9999 -9999 -9999 -9999 -9999 -9999 -9999 -9999 -9999 -9999 -9999 -9999 -9999
968.523 289.055 3.125 0 0 0 0 0 0 0 0 0 0 0 0 0 0 0 0 0 0 0 0 101.471 308.831 702.492 1122.53 1474.26 1282.04 794.78 623.939 530.254 595.389 546.989 141.242 -9999 -9999 -9999 -9999 -9999 -9999 -9999 -9999 -9999 -9999 -9999 -9999 -9999 -9999 -9999 -9999 -9999 -9999 -9999 -9999 -9999 -9999 -9999 -9999 -9999 -9999 -9999 -9999 -9999 -9999 -9999 -9999 -9999 -9999 -9999 -9999 -9999 -9999 -9999 -9999 -9999 -9999
498.089 166.402 3.125 0 0 0 0 0 0 0 0 0 0 0 43.861 18.2138 0 0 0 0 0 0 0 0 1.5625 224.816 350.914 1134.36 824.928 226.267 133.59 131.759 73.6596 212.094 559.93 1409.73 2515.69 3180.58 3736.4 -9999 -9999 -9999 -9999 -9999 -9999 -9999 -9999 -9999 -9999 -9999 -9999 -9999 -9999 -9999 -9999 -9999 -9999 -9999 -9999 -9999 -9999 -9999 -9999 -9999 -9999 -9999 -9999 -9999 -9999 -9999 -9999 -9999 -9999 -9999 -9999 -9999 -9999
357 20.6916 0 0 0 0 0 0 0 13.1472 6.25 0 0 0 4.6875 0 0 0 35.4013 34.486 0 0 0 0 12.2319 1.5625 139.017 637.968 879.379 296.599 0 0 0 78.4313 747.61 1534.88 2429.25 3103.9 3571.4 -9999 -9999 -9999 -9999 -9999 -9999 -9999 -9999 -9999 -9999 -9999 -9999 -9999 -9999 -9999 -9999 -9999 -9999 -9999 -9999 -9999 -9999 -9999 -9999 -9999 -9999 -9999 -9999 -9999 -9999 -9999 -9999 -9999 -9999 -9999 -9999 -9999 -9999
459.137 209.505 141.559 0 0 8.45971 102.007 0 0 0 4.6875 0 0 4.6875 0 0 82.7665 24.7319 84.9762 127.922 273.3 93.4359 13.1472 101.405 390.433 167.743 118.057 117.586 663.465 670.159 129.864 0 0 0 -9999 -9999 -9999 -9999 -9999 -9999 -9999 -9999 -9999 -9999 -9999 -9999 -9999 -9999 -9999 -9999 -9999 -9999 -9999 -9999 -9999 -9999 -9999 -9999 -9999 -9999 -9999 -9999 -9999 -9999 -9999 -9999 -9999 -9999 -9999 -9999 -9999 -9999 -9999 -9999 -9999 -9999 -9999
341.088 20.0444 27.2097 0 0 157.027 299.613 3.125 0 0 0 0 82.4984 212.381 143.88 7.8125 6.25 101.359 466.8 612.779 765.739 218.076 0 97.4762 205.419 190.912 140.376 44.7763 560.355 938.744 381.954 163.166 9.375 51.3595 -9999 -9999 -9999 -9999 -9999 -9999 -9999 -9999 -9999 -9999 -9999 -9999 -9999 -9999 -9999 -9999 -9999 -9999 -9999 -9999 -9999 -9999 -9999 -9999 -9999 -9999 -9999 -9999 -9999 -9999 -9999 -9999 -9999 -9999 -9999 -9999 -9999 -9999 -9999 -9999 -9999 -9999 -9999
154.818 52.1637 0 0 9.375 123.614 213.009 204.661 32.0083 9.375 0 110.466 126.739 118.122 81.047 200.98 1.5625 182.119 868.06 937.219 372.69 105.511 15.625 3.125 1.5625 38.1472 3.125 7.8125 359.497 623.793 132.452 260.171 109.93 34.7541 0 -9999 -9999 -9999 -9999 -9999 -9999 -9999 -9999 -9999 -9999 -9999 -9999 -9999 -9999 -9999 -9999 -9999 -9999 -9999 -9999 -9999 -9999 -9999 -9999 -9999 -9999 -9999 -9999 -9999 -9999 -9999 -9999 -9999 -9999 -9999 -9999 -9999 -9999 -9999 -9999 -9999 -9999
58.5708 186.604 0 0 0 18.4819 274.881 688.269 145.443 0 36.0485 50.2221 292.938 130.89 37.611 185.642 288.767 496.258 965.659 542.681 39.1735 1.5625 13.1472 68.9721 9.10692 0 0 6.25 36.4277 121.404 40.736 405.974 73.3915 0 0 -9999 -9999 -9999 -9999 -9999 -9999 -9999 -9999 -9999 -9999 -9999 -9999 -9999 -9999 -9999 -9999 -9999 -9999 -9999 -9999 -9999 -9999 -9999 -9999 -9999 -9999 -9999 -9999 -9999 -9999 -9999 -9999 -9999 -9999 -9999 -9999 -9999 -9999 -9999 -9999 3710.07 4100.62
15.3569 20.0444 45.1555 206.778 10.0222 103.301 596.702 1036.85 410.014 6.89721 136.068 448.403 728.618 351.444 206.537 430.79 996.269 1241.9 926.279 210.06 16.0041 40.3569 3.125 160.577 6.89721 0 0 4.6875 16.2722 0 1.5625 95.4886 54.6415 0 0 0 -9999 -9999 -9999 -9999 -9999 -9999 -9999 -9999 -9999 -9999 -9999 -9999 -9999 -9999 -9999 -9999 -9999 -9999 -9999 -9999 -9999 -9999 -9999 -9999 -9999 -9999 -9999 -9999 -9999 -9999 -9999 -9999 -9999 -9999 -9999 -9999 -9999 2540.63 2647.86 3006.06 3358.87
0 0 179.392 596.618 90.3109 220.037 818.784 1349.91 787.488 159.126 0 116.337 288.139 748.625 959.57 1095.89 1556.65 1873.49 1234.48 631.697 508.563 517.383 36.0485 271.534 64.9318 6.25 0 0 0 0 0 0 0 0 0 0 -9999 -9999 -9999 -9999 -9999 -9999 -9999 -9999 -9999 -9999 -9999 -9999 -9999 -9999 -9999 -9999 -9999 -9999 -9999 -9999 -9999 -9999 -9999 -9999 -9999 -9999 -9999 -9999 -9999 -9999 -9999 -9999 -9999 -9999 -9999 -9999 -9999 1965.44 1877.82 2227.49 2837.11
0 0 82.4984 656.751 651.777 824.275 1318.69 1754.32 1174.11 395.887 7.8125 68.815 311.845 856.987 1574.45 2051.18 2252.47 2322.63 1763.07 1394.97 1273.94 813.281 359.302 489.093 451.712 279.392 0 0 0 0 0 0 0 0 0 0 -9999 -9999 -9999 -9999 -9999 -9999 -9999 -9999 -9999 -9999 -9999 -9999 -9999 -9999 -9999 -9999 -9999 -9999 -9999 -9999 -9999 -9999 -9999 -9999 -9999 -9999 -9999 -9999 -9999 -9999 -9999 -9999 -9999 -9999 -9999 -9999 676.838 846.424 1096.12 1705.74 2502.08
0 5.33471 208.073 896.583 1404.87 1577.82 1955.65 2183.21 1477.82 754.702 385.662 241.532 816.747 1370.81 2052.5 2870.75 3120.78 2893.3 2526.35 2194.97 1890.48 1422.9 1146.6 1194.97 1223.66 681.245 113.48 21.6069 17.8347 0 0 0 0 0 0 0 -9999 -9999 -9999 -9999 -9999 -9999 -9999 -9999 -9999 -9999 -9999 -9999 -9999 -9999 2961.76 2766.3 -9999 -9999 -9999 -9999 -9999 -9999 -9999 -9999 -9999 -9999 -9999 -9999 -9999 -9999 -9999 -9999 -9999 -9999 -9999 87.4182 102.811 169.684 620.971 1417.31 2217.26
71.0708 26.2944 558.896 1263.42 1980.05 2377.82 2709.19 2595.05 1886.07 1422.9 1136.58 932.843 1259.74 1932.58 2502.79 3119.96 3782.52 3657.72 3326.35 2963.39 2554.27 2219.24 1946.6 1991.49 1806.15 1132.49 545.971 403.81 332 20.6916 0 0 0 0 0 0 -9999 -9999 -9999 -9999 -9999 -9999 -9999 -9999 -9999 -9999 -9999 -9999 -9999 2376.5 2576.38 2222.8 1695.67 1540.44 1674.42 -9999 -9999 -9999 -9999 -9999 -9999 -9999 -9999 -9999 -9999 -9999 -9999 -9999 -9999 -9999 16.6667 40.468 480.576 581.066 900.256 1488.48 1973.9
125 137.852 762.993 1556.59 2355.19 3087.35 3452.48 3017.44 2572.93 2304.21 1923.09 1732.84 2002.08 2391.12 3063.96 3634.16 4246.37 4455.19 4094.76 3685.58 3350.61 3019.24 2746.6 2733.99 2263.86 1659.06 1223.32 649.356 173.614 16.9194 0 0 0 0 0 0 380.171 422.733 -9999 -9999 -9999 -9999 -9999 -9999 -9999 -9999 -9999 -9999 1574.3 1735.88 1812.12 1626.33 1121.92 812.132 1137.54 1571.73 -9999 -9999 -9999 -9999 -9999 -9999 -9999 -9999 -9999 -9999 -9999 -9999 -9999 191.421 451.546 412.048 766.111 1082.16 882.889 862.392 1361.2
372.736 624.459 1206.1 1891.33 2684.92 3347.46 3567.12 3578.89 3380.92 3313.53 2740.57 2532.84 2802.08 3133.45 3522.49 4195.33 4765.53 5139.03 4816.95 4481.98 4150.61 3819.24 3546.6 3293.92 2601.7 1890.46 1095.13 344.167 152.118 79.4845 0 0 1.5625 55.0666 0 0 20.0444 0 -9999 -9999 -9999 -9999 -9999 -9999 -9999 -9999 -9999 -9999 801.777 937.863 1017.31 1085.41 500.095 192.786 675.289 1324.26 -9999 3352.08 -9999 -9999 -9999 -9999 -9999 -9999 -9999 -9999 -9999 -9999 0 18.75 314.166 232.138 573.552 539.575 173.077 358.341 812.408
1132.84 1363.61 1755.83 2311.87 2789.77 2794.97 2794.97 3126.35 3450.8 3692.74 3531.71 3332.84 3602.08 3933.45 4264.82 4653.86 5326.7 5823.17 5613.35 5281.98 4950.61 4611.69 4090.86 3329.81 2529.81 1729.81 929.81 194.749 148.188 52.0527 0 0 7.8125 160.041 245.73 55.8249 45.6916 0 0 -9999 -9999 -9999 -9999 -9999 -9999 -9999 -9999 -9999 82.5571 200.62 256.602 478.775 101.359 0 -9999 -9999 -9999 2850.45 3017.42 3430.15 3644.85 -9999 -9999 -9999 -9999 -9999 -9999 0 0 68.3249 42.6777 4.6875 117.9 127.229 3.125 112.075 125
1891.68 1883.36 1809.99 1951.78 2090.53 1994.97 1994.97 2326.35 2687.5 3260.7 3971.4 4128.89 4402.08 4733.45 5064.82 5396.19 5785.23 6425.4 6413.35 6081.98 5743.07 5190.25 4402.08 3602.08 2802.08 2002.08 1235.39 671.499 389.721 21.875 0 0 0 0 202.248 320.037 201.739 4.6875 10.0222 9.375 0 -9999 -9999 0 0 0 0 0 0 0 1.5625 27.8569 42.9458 1.5625 -9999 -9999 1656.52 2016.11 2399.73 2731.54 3269.85 -9999 -9999 -9999 -9999 -9999 0 0 0 0 0 0 0 0 0 0 0
1680.82 1237.31 1018.57 1151.78 1290.53 1194.97 1194.97 1556.13 2129.32 2909.19 3709.19 4484.2 5101.87 5530.37 5864.82 6196.19 6527.57 6916.6 7192.89 6874.44 6321.62 5533.45 4733.45 3933.45 3133.45 2364.65 1696.34 988.76 248.744 0 0 0 0 0 28.5041 30.1777 212.695 356.851 389.951 387.473 547.823 -9999 -9999 0 0 0 0 0 0 0 0 3.125 170.822 35.4013 0 606.586 1044.78 1227.28 1606.6 2177.07 2700.61 -9999 -9999 -9999 -9999 0 0 0 0 0 0 0 0 0 0 0 11.5847
1128.33 552.638 241.827 361.401 490.801 429.634 427.351 997.954 1777.82 2577.82 3377.82 4177.82 4977.82 5773.75 6469.24 6973.95 7327.57 7658.94 7876.4 7308.02 6515.69 5715.69 4915.69 4115.69 3315.69 2517.31 1717.31 917.31 220.508 12.5 0 0 0 0 0 3.125 230.641 893.447 1181.07 1181.07 1298.79 -9999 0 0 0 0 0 0 0 0 16.2722 108.904 121.025 20.9597 49.4638 18.75 261.422 488.871 1038.69 1341.42 -9999 -9999 -9999 -9999 -9999 46.7456 16.9194 0 0 0 0 0 0 0 0 10.6694 207.073
383.387 195.914 62.9902 0 6.25 7.8125 105.779 786.244 1586.24 2386.24 3186.24 3986.24 4786.24 5586.24 6386.24 7186.24 7939.88 8453.16 8380.89 7602.08 6802.08 6002.08 5202.08 4402.08 3602.08 2802.08 2002.08 1274.94 759.167 181.177 60.2443 28.125 0 0 0 4.6875 288.971 1004.99 1201.78 1455.64 1443.01 962.132 53.7569 0 0 0 0 0 0 96.2928 393.631 284.21 39.8208 116.226 481.908 115.422 110.087 200.888 659.133 209.024 0 0 -9999 0 0 0 0 0 0 0 0 0 0 0 0 35.5124 73.1234
31.361 0 0 0 0 0 148.679 713.17 1494.97 2294.97 3094.97 3894.97 4694.97 5494.97 6294.97 7094.97 7894.97 8690.03 8726.18 7933.45 7133.45 6333.45 5533.45 4733.45 3933.45 3133.45 2406.32 1890.54 1261.39 770.316 531.15 108.636 39.4416 34.8652 0 83.7928 597.146 593.615 406.02 742.413 636.244 608.499 90.8471 0 0 0 0 0 1.5625 98.5025 393.566 76.4055 0 23.1694 428.404 327.137 176.045 105.178 78.19 1.5625 0 0 0 0 0 0 0 0 0 0 0 0 0 0 3.125 127.654 417.505
0 0 0 0 0 0 86.9178 707.019 1502.67 2302.67 3102.67 3902.67 4702.66 5502.67 6302.67 7102.67 7902.67 8702.66 9024.28 8264.82 7464.82 6664.82 5864.82 5064.82 4264.82 3537.69 3021.91 2392.76 1891.33 1521.19 976.902 686.244 514.748 89.1275 0 10.0222 186.336 142.161 19.3972 132.073 37.611 146.94 77.1637 0 0 0 0 0 0 0 16.2722 11.5847 37.8791 158.969 503.488 204.392 22.9013 0 0 0 0 0 0 0 0 0 0 0 16.9194 49.843 3.125 0 0 0 20.6916 409.543 1021.25
0 0 0 0 0 3.125 216.912 900.735 1694.97 2494.97 3294.97 4094.97 4894.97 5694.97 6494.97 7294.97 8094.97 8894.97 9320.73 8596.19 7796.19 6996.19 6196.19 5396.19 4669.06 4153.28 3524.13 3022.7 2650.51 2107.51 1719.24 1462.5 972.862 446.905 126.628 0 4.6875 10.0222 0 0 0 0 0 0 0 0 0 0 0 14.0625 65.8471 23.1694 265.774 548.292 278.006 3.125 0 0 0 0 0 0 0 0 0 0 0 0 0 16.2722 3.125 0 0 147.051 425.658 889.448 1529.91
0 0 0 56.6291 231.066 405.373 760.278 1318.42 2032.11 2826.35 3626.35 4426.35 5226.35 6026.35 6826.35 7626.35 8426.34 9226.34 9652.1 8927.56 8127.57 7327.57 6527.57 5800.43 5284.65 4655.5 4154.07 3781.88 3238.89 2850.61 2517.38 2079.78 1564.84 1057.11 476.168 143.88 13.1472 0 0 0 0 0 0 0 0 0 0 0 0 0 20.0444 1.5625 25.3791 493.344 478.247 56.6291 0 0 0 0 0 0 0 0 0 0 0 13.1472 0 0 0 0 116.984 606.161 1168.63 1548.39 2020.82
0 10.6694 31.361 470.5 942.026 1200.5 1505.03 1891.65 2449.79 3163.48 3957.72 4757.72 5557.72 6357.72 7157.72 7957.72 8757.71 9557.71 9983.47 9258.93 8458.94 7658.94 6931.8 6416.02 5786.88 5285.44 4913.25 4370.26 3981.98 3648.75 3179.16 2493.08 1732.15 932.843 217.337 45.1555 0 0 0 0 0 0 0 0 0 0 0 0 0 0 0 4.6875 97.9664 188.545 96.4499 67.1415 3.125 0 8.45971 0 0 0 0 11.5847 0 0 0 0 0 0 0 0 76.4055 742.069 1531.93 2213.3 2676.02
57.1193 223.633 160.42 798.135 1553.14 1995.41 2302.08 2636.4 3023.02 3581.16 4294.85 5089.09 5889.09 6689.09 7489.09 8289.09 9089.08 9889.08 10314.8 9590.3 8790.31 8063.17 7547.39 6918.25 6416.82 6044.62 5501.63 5113.35 4728.71 4095.55 3312.13 2512.13 1712.13 912.132 187.316 0 0 1.5625 5.33471 0 0 0 0 0 0 0 0 0 0 0 0 72.6333 235.106 381.131 206.87 64.9318 9.375 0 73.6596 51.4055 0 0 0 3.125 0 0 0 0 0 0 0 0 28.5041 596.599 1396.6 2196.6 2993.24
65.0888 574.973 812.511 1186.29 1902.08 2654.77 3101.92 3433.45 3767.77 4154.39 4712.53 5426.22 6220.46 7020.46 7820.46 8620.46 9420.46 10220.5 10631.4 9921.67 9194.54 8678.76 8049.62 7548.19 7175.99 6633 6244.72 5849.62 5151.93 4351.93 3551.93 2751.93 1951.93 1159.28 411.669 3.125 0 1.5625 3.125 0 0 0 0 0 0 0 0 0 0 0 0 0 210.152 835.359 950.834 626.704 131.583 7.8125 1.5625 6.25 0 0 0 0 0 0 0 0 70.4235 54.4194 3.125 0 22.2541 571.802 1366.42 2166.42 2966.42
81.5831 652.692 1408.2 1897.75 2317.66 3033.45 3785.49 4233.3 4564.82 4899.14 5285.76 5843.9 6557.59 7351.83 8151.83 8951.83 9751.82 10379.9 10251.8 9891.77 9510.02 9052.02 8587 8240.86 7758.53 7368.65 6880.45 6140.53 5340.53 4540.53 3740.53 2940.53 2140.53 1340.53 540.801 12.5 0 0 0 0 0 0 0 0 0 0 0 0 0 0 11.5847 285.865 606.816 885.876 1082.43 1033.85 490.766 446.239 298.411 90.0428 0 0 0 1.5625 0 0 71.986 230.484 640.785 629.274 131.916 36.4277 42.0305 419.768 1206.95 2006.95 2806.95
256.51 809.987 1609.99 2397.21 3006.13 3449.03 4164.82 4916.87 5364.67 5696.19 6030.51 6417.13 6975.27 7688.96 8483.2 9283.2 9911.3 9783.2 9451.83 9120.46 8789.09 8457.72 8126.35 7794.97 7578.92 7451.51 6846.6 6046.6 5246.6 4446.6 3646.6 2846.6 2046.6 1246.6 451.98 10.0222 0 0 0 0 0 0 0 0 0 0 0 0 0 1.5625 231.648 753.749 459.589 200.084 346.84 932.467 1204.89 1221.23 946.242 383.601 81.9623 4.6875 9.375 148.771 129.707 155.668 477.665 939.234 1315.55 1119.94 641.728 594.611 447.801 640.601 1378.09 2177.82 2977.82
932.843 1211.92 1902.08 2702.08 3500.22 4137.5 4580.4 5296.19 6048.24 6496.04 6827.57 7161.89 7548.5 8106.65 8820.33 9454.35 9314.57 8983.2 8651.83 8320.46 7989.09 7657.72 7326.35 6994.97 6778.92 6753.55 6595.57 5944.45 5144.45 4344.45 3544.45 2744.45 1944.45 1144.45 362.917 11.5847 0 0 0 0 0 0 0 0 0 46.1818 115.487 0 0 80.3998 650.762 902.056 233.008 0 73.1234 521.499 1234.77 1830.14 1511.47 1053.71 643.244 263.879 157.897 677.592 806.954 888.388 1139.14 1598.46 2023.35 1741.52 1349.97 1194.45 1126.84 1303.73 1769.23 2507.78 3225.2
1732.84 1960.66 2343.29 3033.45 3833.45 4631.59 5268.87 5711.77 6427.57 7179.61 7627.41 7958.94 8293.26 8679.87 9222.79 9108.79 8545.69 8183.2 7851.83 7520.46 7189.09 6857.72 6526.35 6194.97 5978.92 5953.55 5886.24 5848.96 5236.4 4436.4 3636.4 2836.4 2036.4 1237.31 516.72 39.5527 25.111 6.89721 0 0 0 0 0 0 0 105.89 525.788 357.962 82.0733 83.1456 728.921 971.296 303.293 43.3249 0 205.511 968.566 1767.34 2137.8 1751.74 1323.91 844.079 765.138 1236.82 1577.19 1688.39 1899.34 1986.5 2153.26 1874.54 1096.12 605.438 680.725 1151.27 1869.1 2320.34 2767.55
2532.84 2760.66 3092.03 3474.66 4164.82 4964.82 5762.97 6400.24 6843.14 7558.94 8310.98 8758.78 9090.3 9423.64 9461.07 8748.88 7980.01 7414.32 7051.83 6720.46 6389.09 6057.72 5726.35 5394.97 5178.92 5153.55 5086.24 5225.52 5329.91 4755.07 3967.77 3167.77 2368.68 1648.09 985.021 447.801 510.681 249.881 0 0 0 0 0 0 0 71.5609 609.7 1000.07 380.124 250.528 899.987 1342.67 859.278 490.655 72.0971 274.835 959.646 1758.73 2523.13 2455.17 1975.45 1636.4 1558.73 1891.33 2276.81 2090.87 1647.1 1327.67 1371.6 1524.37 956.954 207.295 220.129 841.8 1194.71 1636.18 2384.92
3332.84 3560.66 3892.03 4223.4 4606.03 5296.19 6096.19 6894.34 7531.61 7974.51 8690.31 9442.34 9869.2 9840.28 9217.04 8417.51 7617.52 6848.64 6282.95 5920.46 5589.09 5257.72 4926.35 4594.97 4378.92 4353.55 4286.24 4425.52 4636.4 4418.92 4093.12 3500.05 2779.46 2116.39 1563.64 1227.67 1130.04 552.638 163.499 0 0 0 0 0 0 351.62 1002.89 1403.38 1038 927.665 1345.18 1863.2 1587.53 994.515 681.066 935.167 1381.95 2085.84 2884.92 3104.17 2767.77 2436.4 2358.73 2650.99 2435.01 1775.63 1008.24 531.261 572.135 923.444 1129.96 390.349 108.525 282.721 509.987 1258.73 2027.01
