public/models/data/input/map/ntb/800/mapdem.asc
NCOLS 484
NROWS 342
XLLCORNER 370313.940441
YLLCORNER 9266624.452423
CELLSIZE 800.000000
NODATA_VALUE       -9999
[rows 238 to 271 of 342, columns 77 to 153 of 484]
1894.39 1867.19 1903.22 1906.78 1867.33 2077.39 2086.17 1691.84 1296.06 1574.42 1531.36 1461.47 1441.61 1391.98 1326.84 1276.77 1226.22 1182.11 1169.33 1162.5 1165.22 1158.97 1175.48 1265.44 1636.5 1483.78 1114.78 924.422 995.547 1325.41 1265.77 957.844 851.859 792.563 688.516 552.141 468.078 358.781 281.889 228.609 141.438 73.7344 62.125 45.3281 26.5313 9.84375 5.48148 11 -9999 -9999 -9999 -9999 -9999 -9999 -9999 -9999 -9999 -9999 -9999 -9999 -9999 -9999 -9999 -9999 -9999 -9999 -9999 -9999 -9999 -9999 -9999 -9999 -9999 -9999 -9999 -9999 -9999
1979.34 2036.89 2106.25 2179.41 2290.75 2314.41 2168.25 1584.64 1616.11 1849.34 1692 1626.63 1597.45 1539.56 1454.53 1375.48 1308.98 1260.97 1250.5 1244.09 1199.33 1174.02 1231.53 1354.39 1579.19 1315.61 1117.5 1066.41 1173.98 1287.05 1181.11 1196.8 1055.34 920 766.422 668.984 575.641 449.016 350.5 263.984 150.984 105.391 92.9531 72.6563 48.2188 21.5 5.53125 5.55556 -9999 -9999 -9999 -9999 -9999 -9999 -9999 -9999 -9999 -9999 -9999 -9999 -9999 -9999 -9999 -9999 -9999 -9999 -9999 -9999 -9999 -9999 -9999 -9999 -9999 -9999 -9999 -9999 -9999
2225.02 2232.14 2312.92 2435.88 2660.92 2372.3 1784.75 1632.17 2090.11 2049.02 1860.72 1833.2 1778.17 1682.81 1594.09 1493.3 1420.7 1385.17 1398.06 1397.25 1255.84 1171.73 1176.55 1226.53 1365.7 1399.94 1375.36 1376.11 1115.64 986.359 943.094 1189.64 1171.73 982.891 852.297 730 592.797 467.703 369.25 276.323 188.797 140.609 119.375 85.9063 54.4219 24.3281 6.07813 3.9 -9999 -9999 -9999 -9999 -9999 -9999 -9999 -9999 -9999 -9999 -9999 -9999 -9999 -9999 -9999 -9999 -9999 -9999 -9999 -9999 -9999 -9999 -9999 -9999 -9999 -9999 -9999 -9999 -9999
2349.09 2433.45 2508.55 2488.14 2451.88 2169.11 1746.14 1866.38 2405.11 2192.19 2104.17 2083.88 1996.25 1877.56 1756.45 1627.06 1554.06 1516.09 1497.77 1504.72 1424.34 1205 1188.36 1268.56 1493.45 1692.66 1810.8 1575.86 1322.27 1057.66 955.328 837.766 866.734 907.672 807.5 666.297 600.156 554.766 445.766 329.875 241.797 171.328 123.469 83.9844 51.2031 23.7813 10.0938 5.6 -9999 -9999 0 -9999 -9999 -9999 -9999 -9999 -9999 -9999 -9999 -9999 -9999 -9999 -9999 -9999 -9999 -9999 -9999 -9999 -9999 -9999 -9999 -9999 -9999 -9999 -9999 -9999 -9999
2400.45 2391.8 2170.83 2109.47 2043.64 2012.64 1997.27 2191.19 2548.78 2458.36 2432.53 2385.28 2260.77 2115.72 1925.2 1779.03 1669.36 1637.81 1674.27 1793.02 1457.73 1295.28 1226.11 1245.59 1384.58 1643.58 1944.05 1685.31 1418.3 1181.09 1018.44 984.266 901.203 696.797 594.406 597.125 499.531 407.156 357.547 281.613 245.344 204.406 130.922 75.5781 44.7031 22.7344 11.8125 3.66667 -9999 -9999 -9999 -9999 -9999 -9999 -9999 -9999 -9999 -9999 -9999 -9999 -9999 -9999 -9999 -9999 -9999 -9999 -9999 -9999 -9999 -9999 -9999 -9999 -9999 -9999 -9999 -9999 -9999
2411.22 2098.63 2021.66 2020.52 2025.2 2012.3 2123.08 2562.95 2861.48 2888.88 2864.7 2757.44 2581.06 2340.59 2108.83 1885.84 1737.17 1708.55 1721.38 1887.92 1570.59 1393.25 1338.66 1284.14 1467.89 1649.33 2077.8 1813.89 1466.23 1329.02 1270.48 1120.66 1004.02 897.031 839.438 724.328 631.672 517.719 406.969 374.047 253.492 166.922 100.672 46.8438 22.1094 14.125 8.32 -9999 -9999 -9999 -9999 -9999 -9999 -9999 -9999 -9999 -9999 -9999 -9999 -9999 -9999 -9999 -9999 -9999 -9999 -9999 -9999 -9999 -9999 -9999 -9999 -9999 -9999 -9999 -9999 -9999 -9999
2275.77 2016.7 2020.45 2013.08 2049.52 2066.14 2054.83 2204.63 2530.75 3074.05 3293.05 3146.89 2886.89 2551.27 2225.44 1960.67 1824.14 1812.02 1817.08 1875.92 1794.38 1416.28 1466.66 1432.86 1409 1606.45 2079.2 1961.84 1758.78 1583.47 1406.23 1309.88 1118.42 1064.97 964.469 809.297 630.844 468.047 341.359 311.125 215.141 129.563 94.6563 65.7656 25.375 8.27869 3.1 -9999 -9999 -9999 -9999 -9999 -9999 -9999 -9999 -9999 -9999 -9999 -9999 -9999 -9999 -9999 -9999 -9999 -9999 -9999 -9999 -9999 -9999 -9999 -9999 -9999 -9999 -9999 -9999 -9999 -9999
2281.13 2021.55 2017.64 2016.23 2068.91 2220.36 2166.39 2068.63 2168.75 2676.44 3435.28 3391.56 3067.11 2649.44 2310.72 2063.23 1941.23 1956.17 2057.22 1917.72 1734.34 1550.64 1583.23 1570.08 1495.52 1646.81 1924.75 2080.89 1888.38 1748.42 1626.33 1443.2 1250.91 1215.23 1052.84 832.766 637.922 523.172 332.127 234.375 186.609 131.031 78.4688 62.1406 22.0156 3.1 -9999 -9999 -9999 -9999 -9999 -9999 -9999 -9999 -9999 -9999 -9999 -9999 -9999 -9999 -9999 -9999 -9999 -9999 -9999 -9999 -9999 -9999 -9999 -9999 -9999 -9999 -9999 -9999 -9999 -9999 -9999
2655.64 2308.64 2121.75 2002.77 2026.13 2048.19 2102.61 2288.39 2460.14 2862.58 3344.25 3217.95 2932.8 2612.17 2304.98 2110.7 2002.19 1851.42 1877.08 1795.05 1552.13 1599.95 1776.19 1739.06 1703 1866.72 2216.39 2118.5 1891.59 1699.14 1565.58 1400.13 1236.45 984.391 895.906 834.344 634.625 455.797 320.391 215.063 169.063 102.063 64.0625 22.5625 8.71875 3.94444 -9999 -9999 -9999 -9999 4.75 2.84211 -9999 -9999 -9999 -9999 -9999 -9999 -9999 -9999 -9999 -9999 -9999 -9999 -9999 -9999 -9999 -9999 -9999 -9999 -9999 -9999 -9999 -9999 -9999 -9999 7.2
2479.59 2490.86 2424.45 2063.72 2017.66 2205.27 2473.63 2673.36 2722.66 2901.13 2989.73 2896.39 2683.45 2430.13 2180.64 2034.19 1911.39 1787.58 1806.27 1685.03 1395.42 1454.25 1525.84 1913.47 2019.19 2080.34 2140.27 1956.11 1920.28 1608.69 1357.2 1202.77 1134.44 902.094 778.734 595.75 511.844 399.391 279.19 169.734 128.313 88.9219 57.5156 41.1563 13.7656 4.22727 -9999 -9999 -9999 -9999 0.2 0.333333 -9999 -9999 -9999 -9999 -9999 -9999 -9999 -9999 -9999 -9999 -9999 -9999 -9999 -9999 -9999 -9999 -9999 -9999 -9999 -9999 -9999 -9999 -9999 6.59091 5.59016
2146.88 2377.98 2363.3 2418.08 2531.31 2676.98 2513.19 2478.95 2503.88 2558.56 2585.48 2513.27 2369.41 2173.7 2011.73 1885.45 1800.61 1714.5 1713.39 1559.23 1340.2 1369.02 1614.73 1913.72 1712.47 1858.11 1918.64 1700.11 1615.56 1470.31 1332.63 1241.92 991.016 810.75 688.016 536.891 403.125 278.82 183.871 110.609 79.3281 59.1875 42.625 11.2656 2.71875 2.52632 -9999 -9999 -9999 -9999 -9999 -9999 -9999 -9999 -9999 -9999 -9999 -9999 -9999 -9999 -9999 -9999 -9999 -9999 -9999 -9999 7 5.36957 5.03636 5.45714 5.75 6.17647 4.91667 4.88889 4.31034 4.12903 3.73529
1989.64 2182.27 2433.25 2465.19 2372.08 2556.64 2422.16 2364.34 2329.14 2282.94 2261.48 2195.25 2078.73 1946.77 1814.88 1723.81 1689.7 1686.53 1764.66 1701.22 1278.39 1315.94 1569.14 1654.39 1499.06 1534.42 1616.28 1556.27 1410.31 1332.88 1211.89 1071.67 952.875 809.734 640.563 490.281 375.734 269.141 167.734 105.797 60.8594 27.6875 13.2344 7.70313 6.17188 2.36 -9999 -9999 4.625 1.8 -9999 -9999 -9999 -9999 -9999 -9999 -9999 -9999 -9999 -9999 -9999 -9999 -9999 3.26316 3.28889 5 4.52727 1.875 1.67241 2.49123 3.29688 2.29688 2.40625 3.69355 3.06667 1.33333 -9999
2165.72 2511.83 2664.09 2529.53 2162.92 2321.92 2359.81 2262.55 2213.94 2097.03 2002.11 1916.66 1836.72 1726.66 1634.08 1569 1555.97 1519.81 1540.5 1586.41 1258.84 1192.23 1418.45 1523.63 1290.97 1291.34 1351.33 1363.61 1316.67 1179.3 1088.63 997.813 851.438 728.047 610.016 474.922 350 255.016 166.344 105.734 49.625 18.6563 8.75 4.74074 2.31579 -9999 -9999 -9999 3.42857 -9999 -9999 -9999 -9999 -9999 -9999 -9999 -9999 -9999 -9999 -9999 -9999 -9999 -9999 3.12121 2.20455 2.7551 1.41304 0.466667 -9999 -9999 1.70833 2.53846 0.888889 0 -9999 -9999 -9999
2024.03 2261.75 2383.19 2227.59 2203.84 1987.91 2189.2 2069.8 1939.17 1842.69 1821.14 1705.5 1626.75 1546 1466.84 1416.39 1400.61 1367.47 1318.05 1318.89 1198.98 1097.5 1258.41 1293.38 1214.59 1095.69 1083.38 1178.98 1109.05 1093.77 923.172 882.953 823.5 680.875 528.844 419.031 307.328 194.641 146.594 99.2188 44.0469 15.6875 8.19643 2.22222 -9999 -9999 -9999 -9999 -9999 -9999 -9999 -9999 -9999 -9999 -9999 -9999 -9999 -9999 -9999 -9999 -9999 -9999 -9999 -9999 -9999 1.71429 -9999 -9999 -9999 -9999 -9999 -9999 -9999 -9999 -9999 -9999 -9999
1816.45 1951.75 2051.09 1979.78 2227.53 1872.67 1886.3 1871.83 1664.36 1635.3 1637.02 1560.69 1467.73 1403.86 1332.47 1278.3 1262.5 1223.19 1162.41 1142.81 1099.23 973.922 1083.78 1079.17 1070.45 976.797 928.047 980.578 944.453 886.672 855.203 731.641 725.922 611.906 474.5 330.391 278.656 178.875 101.781 57.2031 24.2969 9.51667 6.33333 -9999 -9999 -9999 -9999 -9999 -9999 -9999 -9999 -9999 -9999 -9999 -9999 -9999 -9999 -9999 -9999 -9999 -9999 -9999 -9999 -9999 -9999 -9999 -9999 -9999 -9999 -9999 -9999 -9999 -9999 -9999 -9999 -9999 -9999
1598.56 1701.28 1736.06 1810.17 1975.83 1827.09 1595.25 1685.83 1482.67 1457.2 1478.11 1425.73 1337.55 1290.08 1220.16 1170.69 1145.05 1112.03 1048.14 1018.91 996.313 908.047 922.063 924.297 907.438 868.109 846.375 821.813 827.797 720.859 672.594 639.625 575.172 502.438 412.297 296.875 189.281 104.5 43.5938 19.5156 11.6949 6.2 -9999 -9999 -9999 -9999 -9999 -9999 -9999 -9999 -9999 -9999 -9999 -9999 -9999 -9999 -9999 -9999 -9999 -9999 -9999 -9999 -9999 -9999 -9999 -9999 -9999 -9999 -9999 -9999 -9999 -9999 -9999 -9999 -9999 -9999 -9999
1434 1468.11 1565.06 1606.67 1592.02 1565.52 1497.44 1402.89 1333.47 1294.17 1299.22 1262.52 1225.94 1172.5 1124.84 1078.94 1050.08 1031.59 971.859 939.609 897.875 841.047 827.438 817.094 786.859 740.203 760.234 700.391 681.516 626 536.172 535.406 446.625 417.953 315.172 235.344 141.391 68.6094 19.875 6.07692 1.66667 -9999 -9999 -9999 -9999 -9999 -9999 -9999 -9999 -9999 -9999 -9999 -9999 -9999 -9999 -9999 -9999 -9999 -9999 -9999 -9999 -9999 -9999 -9999 -9999 -9999 -9999 -9999 -9999 -9999 -9999 -9999 -9999 -9999 -9999 -9999 -9999
1267.55 1323.95 1416.14 1398.55 1329.58 1300.75 1319.75 1290.81 1231.38 1159.5 1142.97 1101.09 1083.28 1052.19 1015.38 989.953 954.609 951.063 897.906 847.141 814.531 764.344 720.844 725.984 681.266 649.844 655.922 604.078 558.484 501.234 438.844 446.406 374.984 304.531 224.875 167.531 79.2188 21.8281 8.46296 2.53846 2.61111 -9999 -9999 -9999 -9999 -9999 -9999 -9999 -9999 -9999 -9999 -9999 -9999 -9999 -9999 -9999 -9999 -9999 -9999 -9999 -9999 -9999 -9999 -9999 -9999 -9999 -9999 -9999 -9999 -9999 -9999 -9999 -9999 -9999 -9999 -9999 -9999
1138.61 1203.95 1258.36 1241.06 1196.47 1167.39 1181.84 1158.27 1141.23 1072.55 1029.11 995.813 963.781 950.609 918.938 892.828 869.078 856.203 826.406 774.266 710.625 682.484 654.844 634.781 602 566.109 577.859 549.516 474.016 405.406 348 332.25 292.203 217.25 171.578 112.984 53.4688 13.4219 5.81818 -9999 1.82353 -9999 -9999 -9999 -9999 -9999 -9999 -9999 -9999 -9999 -9999 -9999 -9999 -9999 -9999 -9999 -9999 -9999 -9999 -9999 -9999 -9999 -9999 -9999 -9999 -9999 6.66667 12.6786 4.4 -9999 -9999 -9999 -9999 -9999 -9999 -9999 -9999
1049.61 1095.8 1119.48 1099.55 1072.69 1046.92 1070.3 1039.73 1023.2 994.781 934.734 908.281 879.203 865.906 839.703 816.219 797.938 777 751.609 703.125 640.297 613.25 608.078 581.563 536.484 514.484 515.234 492.156 432.406 372.922 304.578 246.984 207.703 154.422 134.484 89.75 41.0625 14.7969 8.86885 3.81818 13 -9999 -9999 -9999 -9999 -9999 -9999 -9999 -9999 -9999 -9999 -9999 -9999 -9999 -9999 -9999 -9999 -9999 -9999 -9999 3.5 7.66667 2.9 -9999 -9999 2.66667 7.29167 27.4688 8.97826 -9999 -9999 -9999 -9999 -9999 -9999 -9999 -9999
968.922 1001.92 1018.39 1007.53 962.375 954.578 955.234 945.422 932.969 901.297 856.797 829.578 812.5 796.563 779.297 748.609 730.359 703.234 685.078 640.703 599.422 554.219 534.891 539.578 509.594 467.359 454.922 443.547 409.734 347.516 281.516 225.359 172.313 128.625 89.2031 55.8906 24.7031 12.9531 9.34375 7.19672 6.14286 -9999 -9999 -9999 -9999 -9999 -9999 -9999 -9999 -9999 -9999 -9999 -9999 -9999 -9999 -9999 -9999 -9999 -9999 -9999 -9999 -9999 -9999 2.82353 3.49123 3.725 -9999 2.92857 1 -9999 -9999 -9999 -9999 -9999 -9999 -9999 -9999
884.359 907.172 919.344 906.516 871.219 872.219 856.625 859.313 865.719 844.203 806.453 773.234 739.813 730.078 710.203 684.094 664.844 642.797 623.516 594.734 554.109 510.422 477.016 496.719 476.703 436.75 401.938 386.219 360.5 308.328 237.048 190.969 154.594 112.906 73.4063 41.1563 19.3438 11.6563 8.04688 3.64286 -9999 -9999 -9999 -9999 -9999 -9999 -9999 -9999 -9999 -9999 -9999 -9999 -9999 -9999 -9999 6.75 5.64103 -9999 -9999 -9999 29.4375 4.85 -9999 4 10.0196 12.8889 -9999 -9999 -9999 -9999 -9999 -9999 -9999 -9999 -9999 0.741935 2.83871
806.422 831.078 825.578 842.5 797.969 793.578 786 773.688 779.984 774.281 768.703 729.188 692.641 670.516 653.484 636.016 606.641 589.078 573.453 543.547 515.891 480.719 442.219 452.563 431.219 408.859 368.234 339.125 312.297 275.778 218.125 174.844 129.734 90.2031 58.6094 24.4844 12.1563 10.5313 6.0566 -9999 -9999 -9999 -9999 -9999 -9999 -9999 -9999 -9999 -9999 -9999 -9999 -9999 -9999 -9999 -9999 -9999 2.4 -9999 -9999 -9999 13.5833 14.0323 5.2 -9999 7 -9999 -9999 -9999 -9999 -9999 -9999 -9999 -9999 -9999 5.57143 7.1746 9.53125
730.813 763.078 750.094 768.156 749.75 727.141 736.156 718.813 714.453 698.469 708.047 679.297 651.672 630.203 602.328 582.906 557.359 531.203 527.484 495.734 468.734 441 422.188 401.234 381.531 363.406 339.547 302.531 273.27 234.844 193.094 156.047 120.859 74.1719 37.2813 17.7188 12.5313 9.04688 3.86364 -9999 -9999 -9999 -9999 -9999 -9999 -9999 -9999 -9999 -9999 -9999 -9999 -9999 -9999 -9999 1.33333 2.07407 3.83333 -9999 -9999 -9999 -9999 9.30769 5.55556 -9999 -9999 -9999 6.66667 16.6452 70.5769 72.2453 5.4375 5.15217 6.35556 24.4706 43.5 14.0156 11.6563
671.031 693.563 674.656 698.406 696.469 671.469 683.75 680.141 665.906 639.172 656.922 638.109 608.734 589.469 570.063 541.531 523.016 485.078 473.078 451.25 430.031 402.938 387.016 366.5 342.172 307.844 298.797 274.254 252.238 209.719 166.547 127.813 95.3281 65.625 27.9219 15.1094 15.3125 8.65625 0.2 -9999 -9999 -9999 -9999 -9999 -9999 -9999 -9999 -9999 -9999 -9999 -9999 -9999 -9999 2.25 1.74074 2.79688 2.625 -9999 -9999 -9999 -9999 13.4211 21.5254 6.83333 4.11111 3.4 3.51667 117.079 224.953 34.4063 10.875 17.7656 15.0313 55.5625 99.8281 22.375 15.8438
633.219 637.5 630.797 644.375 644.109 639.75 625.891 643.719 628.469 599.219 606.906 587.328 565.813 539.125 535.641 509.375 487.328 436.781 423.828 394.266 383.203 365.766 348.875 335.25 305.641 269.141 248.19 235.937 214.719 193.891 154.828 115 73.6094 39.6094 22.5625 17.6094 7.76563 5.25 1.4 -9999 -9999 -9999 -9999 -9999 -9999 -9999 -9999 -9999 -9999 -9999 -9999 -9999 -9999 1.96667 2.75 1.91228 0 -9999 -9999 -9999 -9999 -9999 5.875 23.6094 35.3906 7.84375 6.5 95.8594 187.531 28.1719 19.5 42.2031 73.2656 107.656 131.313 42.3906 27.4531
603.547 595.781 594.875 594.641 592.625 587.875 582.766 602.672 589.859 563.422 559.922 534.234 512.5 488.906 480.516 472.188 449.609 410.063 382.297 351.453 335.766 327.781 313.25 312.172 280.828 242.113 207.5 193.125 171.813 155.375 134.641 103.422 67.8594 34.2813 21.5313 15.2813 7.5 5.65625 5.79487 -9999 -9999 -9999 -9999 -9999 -9999 -9999 -9999 -9999 -9999 -9999 -9999 -9999 -9999 1.52 2.70313 0.777778 -9999 -9999 -9999 -9999 -9999 -9999 6.39583 36.0469 92.3125 15.9844 10.4063 26.3906 46.4688 57.8438 46.2344 39.7344 60.3125 120.359 119.016 110.203 66.8906
573.359 552.969 549.984 546.156 549.063 543.078 541.484 551.375 546 528.469 495.422 484.453 463.047 453.094 441.141 431.656 410.016 386.313 356.297 325.391 300.781 291.109 279.922 272.758 250.806 230.109 190.016 159.688 143.109 115.078 98.9688 89.5469 61.4844 36.8906 21.0625 12.4219 6.26563 5.15625 5.48438 3.7 -9999 -9999 -9999 -9999 -9999 -9999 -9999 -9999 -9999 -9999 -9999 -9999 -9999 1.55263 1.14286 -9999 -9999 -9999 -9999 -9999 -9999 6 6.83019 19.625 49.4531 18.5938 19.0313 22.5625 38.5625 61.3438 102.516 100.984 78.7344 158.531 214.578 259.766 123.016
530.828 524.219 524.438 516.922 516.141 511.469 515.844 513.453 513.781 494.047 461.141 444.781 424.781 419.5 414.25 391.125 375.438 352.734 329.797 309.625 283.313 263.532 258.274 240.781 217.031 199.25 175.375 146.391 119.219 96.8438 73.0156 63.0781 45.3281 27.6875 16.9375 11.0313 7.21875 5.90625 5.41071 2.5 -9999 -9999 -9999 -9999 -9999 -9999 -9999 -9999 -9999 -9999 -9999 -9999 -9999 -9999 -9999 -9999 -9999 -9999 -9999 -9999 -9999 6.70833 42.4219 20.9063 64.5 51.8281 44.7813 39.7656 89.3906 103.547 94.3438 151.719 202.127 313.484 312.531 223.683 60.6094
497.656 488.719 498.891 490.922 479.781 481.156 485.406 480.609 480.625 456.094 447.781 410.047 390.094 387.578 385.953 368.672 347.031 331.594 306.938 285.859 265.889 246.177 231.094 214.359 195.875 176.859 160.641 140.109 114.5 91.5469 67.3125 48.8125 35.8594 25.4844 20.5313 11.2969 9.53125 5.29508 4.83333 -9999 -9999 -9999 -9999 -9999 -9999 -9999 -9999 -9999 -9999 -9999 -9999 -9999 -9999 -9999 -9999 -9999 -9999 -9999 -9999 -9999 6.33333 3.78947 6.9375 16.4688 52.5469 145.391 94.6719 100.406 242.281 217.906 167.188 195.203 293.565 325.531 187.313 101.266 97.2188
483.359 465.063 468.391 461.422 448.844 451.422 457.75 450.125 447.25 423.859 415.25 402.484 378.656 360.625 355.016 342.719 323.438 303.781 284.938 267.841 250.705 232 216.594 203.547 187.813 158.484 138.5 126.313 107.859 80.7188 64.6719 49.6094 39.2969 28.7188 22.5156 12.4063 6.09259 3.88889 -9999 -9999 -9999 -9999 -9999 -9999 -9999 -9999 -9999 -9999 -9999 -9999 -9999 -9999 -9999 -9999 -9999 -9999 -9999 5 2.83333 7.125 6.38182 10.4063 11.25 21.1094 53.1875 186.328 158.219 227.825 257.823 208.75 159.891 212.234 310.469 353.172 234.594 128.984 117.375
467.375 454.297 436.734 434.203 425.25 423.5 429.906 427.828 410.109 379.5 374.688 372.156 365.375 352.375 330.719 320.531 303.688 283.781 266.594 253.233 238.578 223.125 207.469 189.641 181.203 165.125 130.156 116.094 106.641 95.4063 83.6406 59.5625 34.0938 26.3281 16.375 10.8519 3.83333 -9999 -9999 -9999 -9999 -9999 -9999 -9999 -9999 -9999 -9999 -9999 -9999 -9999 -9999 -9999 -9999 -9999 -9999 -9999 5.90909 4.67241 5.875 12.875 19.7188 37.25 24.8594 31.4375 120.016 194.563 213.328 258.095 189.906 86.5156 86.375 109.313 224.508 390.031 343.609 321.703 174.578
442.406 420.469 409.703 412.344 407.922 409.313 414.141 412.188 386.313 361.203 338.891 340.672 346.172 339.094 323.719 297.984 290.703 272.719 257.281 243.391 231.75 219.453 205.891 187.813 164.188 160.391 131.203 115.031 100.781 96.7813 96.3438 74.875 31.625 19.2656 16.6531 4.4 -9999 -9999 -9999 -9999 -9999 -9999 -9999 -9999 -9999 -9999 -9999 -9999 -9999 -9999 -9999 -9999 -9999 -9999 -9999 6.23077 5.53125 8.84375 26.1406 56.7656 77.1563 94.4844 66.7031 63 201.75 126.375 112.297 212.594 134.781 66.0313 60.5313 105.672 239.078 279.587 418.031 396.469 302.828
425.25 414.078 392.328 388.078 394.344 392.109 396.438 388.328 370.766 344.484 327.594 318.219 316.344 324.313 308.813 288.547 274.266 265.344 252.23 237.281 226 208.766 187.672 172.375 153.672 131.594 124.953 101.531 78.4375 79.7031 76.7031 79.6719 36.0313 14.6471 5.33333 -9999 -9999 -9999 -9999 -9999 -9999 -9999 -9999 -9999 -9999 -9999 -9999 -9999 -9999 -9999 -9999 -9999 -9999 -9999 -9999 7.46154 9.85938 27.6875 86.4219 194.547 264.875 269.703 150.969 70.6563 125.406 80.2344 95.5625 202.094 152.969 52.6563 72.5 109.828 134.891 177.188 277.889 440.563 479
