public/models/data/input/map/ntb/800/mapdset.asc
NCOLS 484
NROWS 342
XLLCORNER 370313.940441
YLLCORNER 9266624.452423
CELLSIZE 800.000000
NODATA_VALUE       -9999
[rows 272 to 305 of 342, columns 77 to 153 of 484]
1443.2 652.351 248.031 721.453 1430.9 1432.84 1636.8 1455.09 786.182 545.657 1061.54 1319.11 727.01 646.055 489.905 595.316 285.106 162.898 784.83 767.432 284.524 438.779 442.042 969.68 1489.48 1417.31 1262.14 917.31 1062.56 632.502 287.094 429.523 1099.62 1680.42 -9999 -9999 -9999 -9999 -9999 -9999 -9999 -9999 -9999 -9999 -9999 -9999 -9999 -9999 -9999 -9999 -9999 -9999 -9999 -9999 -9999 2634.01 2227.26 1894.97 1832.84 1858.73 2184.92 2626.13 3173.3 2601.18 2035.5 1694.97 1646.6 1882.84 2160.66 2510.34 3119.96 3916.3 4716.3 5516.3 6170.03 6074.87 5743.5
1619.24 903.446 652.351 1173.37 1852.07 2192.23 1857.33 1096.12 610.616 836.201 1167.42 929.431 344.481 149.104 124.372 300.907 216.245 530.162 837.051 300.436 219.278 144.305 257.694 946.832 1091.91 620.971 717.256 256.824 662.327 885.129 296.063 230.53 942.31 1470.76 -9999 -9999 -9999 -9999 -9999 -9999 -9999 -9999 -9999 -9999 -9999 -9999 -9999 -9999 -9999 -9999 -9999 -9999 -9999 -9999 3653.84 3359.55 3026.35 2694.97 2632.84 2658.73 2984.92 3290.87 3046.1 2260.66 1469.81 904.128 846.599 1082.84 1378.97 1988.59 2784.92 3584.92 4384.92 5184.92 5984.92 6638.66 6543.5
2034.82 1618.01 1377.68 1429.32 1756.15 2132.99 1706.95 906.954 239.304 564.388 487.576 282.425 119.305 63.3693 285.596 168.612 362.446 424.05 737.132 203.856 641.655 482.908 278.477 746.063 862.105 239.48 446.572 582.372 771.675 544.742 105.936 335.485 1097 1500 -9999 -9999 -9999 -9999 -9999 -9999 -9999 -9999 -9999 -9999 -9999 -9999 -9999 -9999 -9999 -9999 -9999 -9999 -9999 4885.84 4496.1 4157.72 3826.35 3494.97 3432.84 3458.73 3764.44 3528.43 2748.53 1949.22 1205.67 452.868 157.832 320.462 867.57 1663.91 2463.91 3263.91 4063.91 4863.91 5663.91 6463.91 7117.65
2585.8 1911.32 1151.27 733.758 1070.5 1819.13 1981.68 1269.08 729.097 303.523 178.791 457.372 481.372 128.569 499.789 296.442 340.755 627.638 916.222 407.851 317.402 345.305 372.644 295.998 616.341 835.589 949.21 1292.74 1369.09 805.238 375.287 717.746 1279.28 -9999 -9999 -9999 -9999 -9999 -9999 -9999 -9999 -9999 -9999 -9999 -9999 -9999 -9999 -9999 -9999 -9999 -9999 -9999 -9999 5535.03 5289.09 4957.72 4626.35 4294.97 4232.84 4238.24 4011.62 3236.4 2436.4 1636.4 868.431 377.248 296.201 377.914 993.155 1777.82 2577.82 3377.82 4177.82 4977.82 5777.82 6577.82 7377.82
2517.31 1717.31 917.31 299.345 817.31 1565.58 2066.26 1730.18 949.21 414.591 618.864 1032.8 550.501 180.197 468.447 420.259 92.0305 601.083 459.589 356.085 572.303 469.807 419.205 496.859 694.059 1380.64 1736.4 2033.32 1897.13 1252.75 628.507 486.984 987.581 -9999 -9999 -9999 -9999 -9999 -9999 -9999 -9999 -9999 -9999 -9999 -9999 -9999 -9999 -9999 -9999 -9999 -9999 -9999 -9999 6330.71 6089.09 5757.72 5426.35 5094.97 5010.91 4604.7 3833.36 3033.36 2233.36 1446.32 665.533 199.058 822.755 1118.11 1489.33 2124.53 2909.19 3709.19 4509.19 5309.19 6109.19 6909.19 7544.8
2802.08 2002.08 1278.97 889.223 785.451 1056.5 1641.13 1993.11 1514.9 1201.78 1336.4 1535.02 975.386 454.254 379.274 637.587 513.361 804.951 476.777 100.333 241.375 148.836 552.508 1057.33 1298.21 1741.16 2131.23 2263.61 2042.48 1263.91 515.47 169.444 -9999 -9999 -9999 -9999 -9999 -9999 -9999 -9999 -9999 -9999 -9999 -9999 -9999 -9999 -9999 -9999 -9999 -9999 -9999 -9999 7656.85 7226.97 6889.09 6557.72 6222.02 5784.64 5169.45 4377.82 3577.82 2777.82 1977.82 1186.06 533.953 362.603 571.859 1293.3 2010.99 2586.78 3255.9 4040.56 4840.56 5640.56 6440.56 7076.17 6957.72
3133.45 2382.39 1741.23 986.244 258.701 510.405 1237.31 2017.24 2275.08 2001.78 2058.95 1614.01 828.266 288.99 298.188 661.799 949.364 560.93 185.911 277.248 206.556 32.9235 245.194 598.292 925.83 1303.5 1403.55 1494.97 1834.26 1635.15 1152.37 -9999 -9999 -9999 -9999 -9999 -9999 -9999 -9999 -9999 -9999 -9999 -9999 -9999 -9999 -9999 -9999 -9999 -9999 -9999 -9999 -9999 8409.32 8020.46 7689.09 7289.24 6609.25 5812.13 5012.13 4212.13 3412.13 2612.13 1812.13 1012.13 272.56 264.526 509.987 1258.73 2058.73 2858.73 3646.2 4387.27 5171.93 5963.69 6581.24 6489.09 6157.72
3508.31 2776.97 1977.82 1184.22 569.577 509.987 1194.97 1994.97 2756.8 2690.53 2092.43 1294.97 544.715 260.596 514.564 230.576 311.669 444.251 368.964 875.808 703.434 396.423 304.504 95.7567 394.833 569.113 619.113 727.01 1378.73 2046.68 1789.95 -9999 -9999 -9999 -9999 -9999 -9999 -9999 -9999 -9999 -9999 -9999 -9999 -9999 -9999 -9999 -9999 -9999 -9999 -9999 -9999 9780.83 9154.27 8820.46 8417.89 7702.08 6902.08 6102.08 5302.08 4502.08 3702.08 2902.08 2102.08 1339.61 866.655 950.52 1194.97 1636.18 2384.92 3184.92 3984.92 4776.92 5507.41 5823.7 5916.14 5689.09 5357.72
3908.34 3109.19 2315.6 1700.3 1336.4 1258.73 1636.18 2326.35 3026.81 2598.24 1936.48 1310.19 620.603 294.749 122.809 437.105 345.037 642.635 1110.29 1232.14 727.01 602.508 452.738 397.135 84.7081 257.517 331.242 502.351 1124.54 -9999 -9999 -9999 -9999 -9999 -9999 -9999 -9999 -9999 -9999 -9999 -9999 -9999 -9999 -9999 -9999 -9999 -9999 -9999 -9999 -9999 10652 10074.2 9368.51 8805.35 8440.35 7930.35 7230.04 6433.45 5633.45 4833.45 4033.45 3233.45 2470.98 1987.67 1663.91 1750.52 1994.97 2326.35 2767.55 3516.3 4316.3 5097.42 5357.1 5063.91 5116.14 4889.09 4557.72
4240.56 3446.97 2831.67 2467.77 2136.4 2058.73 2384.92 2767.55 2999.88 2260.66 1469.81 904.128 685.393 855.774 744.002 971.411 1041.03 842.922 949.21 962.422 398.633 188.656 302.183 570.879 217.004 261.623 656.28 1091.28 1089.95 -9999 -9999 -9999 -9999 -9999 -9999 -9999 -9999 -9999 -9999 -9999 -9999 -9999 -9999 -9999 -9999 -9999 -9999 -9999 -9999 -9999 -9999 9791.32 9161.17 8297.2 7664.82 7333.45 6998.39 6581.88 5964.27 5164.82 4364.82 3602.35 3119.04 2784.92 2463.91 2550.52 2794.97 3126.35 3457.72 3898.92 4628.79 4888.84 4584.92 4263.91 4358.46 4121.12 3757.72
4578.34 3963.04 3599.14 3267.77 2936.4 2858.73 3184.92 3385.68 2796.6 1996.6 1196.6 407.203 93.547 696.599 1366 1601.4 1032.84 294.768 432.87 688.695 249.548 518.872 684.646 624.605 276.175 411.956 727.01 1319.69 -9999 -9999 -9999 -9999 -9999 -9999 -9999 -9999 -9999 -9999 -9999 -9999 -9999 -9999 -9999 -9999 -9999 -9999 -9999 -9999 -9999 -9999 -9999 -9999 -9999 6701.22 6863.53 6533.45 6202.08 5917.31 6007.15 5495.64 4733.72 4250.41 3916.3 3584.92 3263.91 3350.52 3594.97 3926.35 4257.72 4499.19 4421.66 4116.3 3784.92 3463.91 3577.82 3595.35 2989.75
5093.81 4730.51 4399.14 4067.77 3736.4 3658.73 3983.79 3811.04 3019.24 2219.24 1420.04 705.238 452.979 944.247 1719.24 2024.39 1268.34 676.233 773.923 969.458 355.438 284.792 254.124 163.813 187.519 387.446 771.751 1169.54 -9999 -9999 -9999 -9999 -9999 -9999 -9999 -9999 -9999 -9999 -9999 -9999 -9999 -9999 -9999 -9999 -9999 -9999 -9999 -9999 -9999 -9999 -9999 -9999 -9999 6528.49 6052.79 5733.45 5402.08 5117.31 5319.24 5545.67 5359.61 5047.67 4716.3 4384.92 4063.91 4150.52 4394.98 4726.35 4944.27 4431.63 3729.19 3316.3 2984.92 2663.91 2777.82 3042.79 2510.1
5678.3 5369.85 5038.48 4780 4535.75 4458.73 4706.99 4150.61 3350.61 2551.41 1836.61 1420.04 1243.2 1551.19 2075.62 2364.36 1802.43 1458.73 1534.41 1414.36 1040.79 807.142 581.521 356.093 579.07 134.283 268.372 -9999 -9999 -9999 -9999 -9999 -9999 -9999 -9999 -9999 -9999 -9999 -9999 -9999 -9999 -9999 -9999 -9999 -9999 -9999 -9999 -9999 -9999 -9999 -9999 -9999 -9999 -9999 5294.95 4933.45 4602.08 4317.31 4519.24 4850.61 5181.98 5422.54 5220.8 4907.24 4737.75 4831.39 5084.04 5123.94 4808.49 4099.14 3300.75 2597.82 2184.92 1863.91 1977.82 2317.58 2177.05
5140.56 4809.19 4477.82 4363.91 4668.39 4919.71 5103.11 4481.98 3682.79 2967.98 2551.41 2219.24 2043.2 2343.28 2641.24 2867.81 2584.92 2250.11 2181.29 1951.12 1759.76 1593.14 1336.4 1155.18 1077.42 426.584 150 -9999 -9999 -9999 -9999 -9999 -9999 -9999 -9999 -9999 -9999 -9999 -9999 -9999 -9999 -9999 -9999 -9999 -9999 -9999 -9999 -9999 -9999 -9999 -9999 -9999 -9999 -9999 4498.84 4142.61 3802.08 3517.31 3719.24 4050.61 4381.98 4692.18 4543.5 4243.2 4240.17 4332.84 4602.99 4406.24 4074.87 3677.23 2967.77 2169.38 1466.45 1063.91 1186.7 1741.13 2019.79
4340.56 4009.19 3677.82 3563.91 3884.92 4216.3 4547.67 4679.78 4099.35 3682.79 3347.39 2935.5 2640.52 2499.73 2317.31 2602.08 2859.48 2368.46 1716.96 1358.73 1358.73 1703.46 2023.34 1939.09 1553.77 1052.04 -9999 -9999 -9999 -9999 -9999 -9999 -9999 -9999 -9999 -9999 -9999 -9999 -9999 -9999 -9999 -9999 -9999 -9999 -9999 -9999 -9999 -9999 -9999 -9999 -9999 -9999 -9999 -9999 -9999 3461.18 3002.08 2717.31 2919.24 3250.61 3591.13 3969.4 3743.5 3443.2 3440.17 3532.84 3839.81 3679.72 3274.87 2943.5 2547.27 1836.4 1038 354.542 609.757 1394.97 2068.66
3543.31 3209.19 2877.82 2763.91 3084.92 3416.3 3824.55 4531.7 4501.66 4129.95 3584.82 2792.95 2108.27 1719.24 1517.31 1803 2262.74 2036.4 1237.31 590.766 588.242 1183.48 1960.44 2509.64 2214.73 -9999 -9999 -9999 -9999 -9999 -9999 -9999 -9999 -9999 -9999 -9999 -9999 -9999 -9999 -9999 -9999 -9999 -9999 -9999 -9999 -9999 -9999 -9999 -9999 -9999 -9999 -9999 -9999 -9999 -9999 2401.27 2202.08 1917.31 2119.24 2459.76 3022.92 3269.92 2943.5 2643.2 2640.17 2732.84 3043.5 3171.78 2551.76 2143.5 1829.38 1484.09 813.675 214.526 658.547 1436.4 2219.62
2869.62 2411.93 2077.82 1963.91 2284.92 2693.18 3416.3 4172.06 4055.91 3460.93 3072.06 2457.33 1661.58 976.902 718.225 1143.77 1899.47 1922.17 1127.67 348.162 250.417 932.843 1732.84 2500.67 2862.74 -9999 -9999 -9999 -9999 -9999 -9999 -9999 -9999 -9999 -9999 -9999 -9999 -9999 -9999 -9999 -9999 -9999 -9999 -9999 -9999 -9999 -9999 -9999 -9999 -9999 -9999 -9999 -9999 3304.94 -9999 1897.53 1424.96 1117.31 1328.39 1894.08 2671.17 2551.76 2143.5 1843.2 1840.17 1932.84 2243.5 2577.71 2143.5 1420.39 1032.84 885.064 505.614 720.297 1170.51 1789.92 2567.77
2467.77 1738.24 1280.56 1163.91 1561.81 2284.92 3084.92 3623.3 3360.66 2927.01 2329.56 1940.8 1369.5 597.514 179.124 832.843 1632.84 2123.75 1458.29 903.86 892.31 1278.97 2002.08 2654.35 -9999 -9999 -9999 -9999 -9999 -9999 -9999 -9999 -9999 -9999 -9999 -9999 -9999 -9999 -9999 -9999 -9999 -9999 -9999 -9999 -9999 -9999 -9999 -9999 -9999 -9999 -9999 -9999 3848.53 3275.82 2495.58 1694.97 901.382 351.934 767.884 1558.73 2344.33 2143.5 1420.39 1043.2 1040.17 1132.84 1492.08 2134.57 1832.84 1032.84 339.591 291.689 313.453 678.841 1286.76 2031.5 2798
2136.4 1336.4 606.874 447.154 1158.73 1958.73 2749.9 2891.43 2560.66 2284.36 1845.87 1198.19 925.945 866.934 707.87 1118.32 1860.66 2431.75 2035.23 1694.97 1692.31 2002.08 2410.34 3062.11 -9999 -9999 -9999 -9999 -9999 -9999 -9999 -9999 -9999 -9999 -9999 -9999 -9999 -9999 -9999 -9999 -9999 -9999 -9999 -9999 -9999 -9999 -9999 -9999 -9999 -9999 -9999 -9999 3833.04 3329.17 2534.92 1736.4 939.992 381.797 844.079 1636.4 2312.52 1827.67 1027.67 340.617 268.252 386.106 1038 1835.64 1962.06 1186.97 641.996 613.963 412.733 301.398 1032.84 1832.84 2632.84
1893.57 1093.57 310.42 327.248 1101.78 1901.78 2600.23 2201.87 1760.66 1496.6 1455.67 730.411 262.427 897.625 1375.53 1620.15 2046.34 2653.21 2750.43 2419.97 2428.33 2743.5 3082.5 3290.98 -9999 -9999 -9999 -9999 -9999 -9999 -9999 -9999 -9999 -9999 -9999 -9999 -9999 -9999 -9999 -9999 -9999 -9999 -9999 -9999 -9999 -9999 -9999 -9999 -9999 -9999 -9999 -9999 -9999 3772.79 2613.73 2081.04 1480.08 1132.84 1378.16 1975.45 2552.08 1936.4 1137.2 381.437 162.944 271.423 927.665 1727.67 2212.59 1752.66 1432.84 1375.86 953.898 861.477 1339.61 2102.08 2902.08
2119.24 1328.39 767.884 856.533 1422.22 2202.08 2554.8 1819.24 1070.5 696.599 963.181 810.692 438.629 898.487 957.104 1042.8 1566.39 2329.68 2335.5 1994.97 2036.4 2376.31 2854.94 -9999 -9999 -9999 -9999 -9999 -9999 -9999 -9999 -9999 -9999 -9999 -9999 -9999 -9999 -9999 -9999 -9999 -9999 -9999 -9999 -9999 -9999 -9999 -9999 -9999 -9999 -9999 -9999 -9999 -9999 -9999 -9999 2713.36 2405.23 1932.84 2160.66 2509.53 2890.87 2268.57 1506.72 998.636 906.066 992.31 1353.34 1950.24 2081.58 2231.57 2190.69 2076.82 1736.4 1658.73 1987.67 2470.98 3233.45
2227.1 1747.85 1508.13 1635.14 1987.9 2543.82 2381.07 1581.07 781.066 145.221 622.514 1198.66 746.683 379.699 343.317 469.742 1243.2 2010.7 1769.81 1204.13 1237.31 1686.02 -9999 -9999 -9999 -9999 -9999 -9999 -9999 -9999 -9999 -9999 -9999 -9999 -9999 -9999 -9999 -9999 -9999 -9999 -9999 -9999 -9999 -9999 -9999 -9999 -9999 -9999 -9999 -9999 -9999 -9999 -9999 -9999 3718.66 3424.15 3003 2732.84 2960.66 3292.03 3341.12 2638.09 2130.01 1794.97 1706.07 1790.86 1807.61 1477.28 1286.24 1564.32 2086.07 2682.15 2536.4 2458.73 2784.92 3119.04 3602.35
1620.26 1194.97 1194.97 1636.18 2362.89 2979.35 2619.24 1819.24 1051.27 556.012 864.816 961.813 539.407 189.572 277.719 553.488 1048.04 1745 1586.48 662.269 529.281 -9999 -9999 -9999 -9999 -9999 -9999 -9999 -9999 -9999 -9999 -9999 -9999 -9999 -9999 -9999 -9999 -9999 -9999 -9999 -9999 -9999 -9999 -9999 -9999 -9999 -9999 -9999 -9999 -9999 -9999 -9999 -9999 -9999 4390.66 4108.81 3524.85 3499.45 3752.52 4078.67 3769.35 3261.38 2926.35 2594.97 2501.11 2256.48 1536.4 787.652 489.905 954.702 1736.4 2536.4 3150.78 3258.73 3584.92 3916.3 4250.41
1139.26 490.831 509.987 1258.73 2058.73 2857.12 2940.31 2182.65 1655.4 1322.46 983.049 491.015 118.658 156.472 111.382 177.072 733.758 1455.25 696.65 0 -9999 -9999 -9999 -9999 -9999 -9999 -9999 -9999 -9999 -9999 -9999 -9999 -9999 -9999 -9999 -9999 -9999 -9999 -9999 -9999 -9999 -9999 -9999 -9999 -9999 -9999 -9999 -9999 -9999 -9999 -9999 -9999 -9999 -9999 4819.85 4852.83 -9999 -9999 4258.39 4749.89 4392.75 4057.72 3726.35 3394.97 3056.65 2294.97 1494.97 727.01 396.312 904.128 1694.97 2494.97 3294.97 3995.44 4384.92 4716.3 5047.67
852.313 170.378 489.767 1279.81 2079.81 2879.81 3263.47 2786.77 2350.6 1632.31 833.758 191.088 466.617 510.55 661.948 807.648 1116.11 1490.12 -9999 -9999 -9999 -9999 -9999 -9999 -9999 -9999 -9999 -9999 -9999 -9999 -9999 -9999 -9999 -9999 -9999 -9999 -9999 -9999 -9999 -9999 -9999 -9999 -9999 -9999 -9999 -9999 -9999 -9999 -9999 -9999 -9999 -9999 -9999 -9999 -9999 -9999 -9999 -9999 5930.32 5549.41 5189.09 4857.72 4526.35 4131.81 3426.35 2626.35 1858.38 1378.73 1186.24 1469.81 2035.5 2826.35 3626.35 4426.35 5126.16 5516.3 5847.67
670.711 147.319 763.982 1549.78 2349.78 3149.78 3771.1 3480.34 2743.5 1944.42 1240.52 832.843 588.714 110.846 538.112 1289.18 1882.63 -9999 -9999 -9999 -9999 -9999 -9999 -9999 -9999 -9999 -9999 -9999 -9999 -9999 -9999 -9999 -9999 -9999 -9999 -9999 -9999 -9999 -9999 -9999 -9999 -9999 -9999 -9999 -9999 -9999 -9999 -9999 -9999 -9999 -9999 -9999 -9999 -9999 -9999 -9999 -9999 -9999 6156.85 6324.84 5979.1 5647.73 5261.11 4557.72 3757.72 2989.75 2510.1 2177.82 1986.24 2260.66 2601.18 3166.87 3957.72 4757.72 5557.72 6257.53 6647.67
756.066 154.059 624.494 1418.2 2218.2 3018.2 3816.81 3870.19 3075.79 2371.89 1944.42 1539.23 929.074 675.888 945.051 1564.32 2313.52 -9999 -9999 -9999 -9999 -9999 -9999 -9999 -9999 -9999 -9999 -9999 -9999 -9999 -9999 -9999 -9999 -9999 -9999 -9999 -9999 -9999 -9999 -9999 -9999 -9999 -9999 -9999 -9999 -9999 -9999 -9999 -9999 -9999 -9999 -9999 -9999 -9999 -9999 -9999 -9999 -9999 -9999 6120.29 5809.19 5477.82 5298.92 4884.41 4121.12 3641.47 3309.19 2977.82 2786.24 3060.66 3392.03 3732.56 4298.24 5089.09 5889.09 6689.09 7388.9
859.535 214.304 527.378 1317.31 2117.31 2917.31 3717.31 4132.15 3503.27 3075.79 2669.73 2060.44 1677.82 1438.39 1684.25 2076.42 2485.99 -9999 -9999 -9999 -9999 -9999 -9999 -9999 -9999 -9999 -9999 -9999 -9999 -9999 -9999 -9999 -9999 -9999 -9999 -9999 -9999 -9999 -9999 -9999 -9999 -9999 -9999 -9999 -9999 -9999 -9999 -9999 -9999 -9999 -9999 -9999 -9999 -9999 -9999 -9999 -9999 -9999 5635.53 5358.69 5009.19 4677.82 4563.91 4822.24 4723.05 4440.56 4109.19 3777.82 3586.24 3860.66 4192.03 4523.4 4863.93 5429.61 6220.46 7020.46 7820.46
1274.94 901.777 1045.55 1611.23 2402.08 3202.08 4002.08 4535.15 4207.16 3801.1 3191.82 2809.19 2497.7 2529.89 -9999 4021.51 4758.41 -9999 -9999 -9999 -9999 -9999 -9999 -9999 -9999 -9999 -9999 -9999 -9999 -9999 -9999 -9999 -9999 -9999 -9999 -9999 -9999 -9999 -9999 -9999 -9999 -9999 -9999 -9999 -9999 -9999 -9999 -9999 -9999 -9999 -9999 -9999 -9999 -9999 -9999 6484.06 -9999 -9999 -9999 4760.76 4241.51 3877.82 3763.91 4084.92 4416.3 4707.95 4786.91 4577.46 4386.24 4660.66 4992.03 5323.4 5654.77 5995.3 6560.98 7351.83 8151.83
2002.08 1701.78 1836.4 2176.92 2742.61 3533.45 4333.45 5068.42 4932.47 4323.19 3940.56 3614.9 3308.88 3509.52 5577.39 6209.74 6705.27 -9999 -9999 -9999 -9999 -9999 -9999 -9999 -9999 -9999 -9999 -9999 -9999 -9999 -9999 -9999 -9999 -9999 -9999 -9999 -9999 -9999 -9999 -9999 -9999 -9999 -9999 -9999 -9999 -9999 -9999 -9999 -9999 -9999 -9999 -9999 -9999 -9999 -9999 6079.72 5694.12 -9999 -9999 3890 3306.24 3077.82 2963.91 3284.92 3616.3 3967.16 4447.08 5057.81 5184.97 5460.66 5792.03 6123.4 6454.77 6786.14 7126.67 7692.35 8483.2
2802.08 2501.78 2636.4 2967.77 3308.29 3873.34 4644.3 5459.94 5485.3 5057.38 4743.15 4079.9 3912.05 4232.33 5073.09 5865.63 6401.08 -9999 -9999 18514.8 17996.1 17826.1 -9999 -9999 -9999 -9999 -9999 -9999 -9999 -9999 -9999 -9999 -9999 -9999 -9999 -9999 -9999 -9999 -9999 -9999 -9999 -9999 -9999 -9999 -9999 -9999 -9999 -9999 -9999 -9999 -9999 -9999 -9999 -9999 -9999 5877.47 5162.41 4439.99 3533.09 2997.27 2612.34 2277.82 2163.91 2484.92 2835.78 3315.71 4023.4 4823.4 5589.26 6181.72 6590.8 6923.4 7254.77 7586.14 7917.52 8258.04 8823.72
3602.08 3301.78 3436.4 3767.77 4086.42 3987.31 5250.04 5800.87 6257.15 5626.07 5270 -9999 -9999 5178.27 5448.33 6092.76 6474.87 -9999 17354.8 18261.7 17597.2 17447.3 -9999 -9999 -9999 -9999 -9999 -9999 -9999 -9999 -9999 -9999 -9999 -9999 -9999 -9999 -9999 -9999 -9999 -9999 -9999 -9999 -9999 -9999 -9999 -9999 -9999 -9999 -9999 -9999 -9999 -9999 -9999 7004.12 6363.2 5585.96 4789.09 4022.5 3305.25 2510.1 1850.87 1477.82 1363.91 1704.41 2184.34 2892.03 3692.03 4492.03 5292.03 6092.03 6884.11 7558.59 8040.46 8386.14 8717.51 9048.88 9389.41
4402.08 4098.65 4236.4 4547.85 4784.09 -9999 -9999 6578.23 6734.37 -9999 -9999 -9999 -9999 6721.1 6269.3 6614.69 -9999 16238.4 16781.5 16218.8 16659.8 16714.5 17055.9 -9999 -9999 -9999 -9999 -9999 -9999 -9999 -9999 -9999 -9999 -9999 -9999 -9999 -9999 -9999 -9999 -9999 -9999 -9999 -9999 -9999 -9999 -9999 -9999 -9999 -9999 -9999 -9999 -9999 7431.98 6800.57 6057.72 5257.72 4457.72 3657.72 2891.13 2173.88 1378.73 719.504 583.398 1052.97 1760.66 2560.66 3360.66 4160.66 4960.66 5760.66 6560.66 7360.66 8160.57 8902.2 9464.27 9848.88 10180.3
4981.55 5038.99 5036.4 5543.71 -9999 -9999 -9999 -9999 -9999 -9999 -9999 8799.75 7893.86 7338.28 7079.04 7224.34 16215.7 15767.4 15328 15394.9 15564.9 16256.4 17160.2 -9999 -9999 -9999 -9999 -9999 -9999 -9999 -9999 -9999 -9999 -9999 -9999 -9999 -9999 -9999 -9999 -9999 -9999 -9999 -9999 -9999 -9999 -9999 -9999 -9999 -9999 -9999 -9999 -9999 -9999 6338.01 5727.64 4926.35 4126.35 3326.35 2526.35 1762.79 1153.57 466.689 99.1498 686.244 1486.24 2286.24 3086.24 3886.24 4686.24 5486.24 6286.24 7086.24 7886.24 8686.24 9486.24 10269.7 10906.5
