public/models/data/input/map/ntb/800/mapdset.asc
NCOLS 484
NROWS 342
XLLCORNER 370313.940441
YLLCORNER 9266624.452423
CELLSIZE 800.000000
NODATA_VALUE       -9999
[rows 238 to 271 of 342, columns 77 to 153 of 484]
16051.8 15720.4 15389.1 15057.7 14721.9 14193.5 13410.4 12610.4 11817.1 10936.5 10769.9 9656.25 8885.84 -9999 6772.56 6376.96 3569.9 2923.07 2127.67 1327.67 545.971 268.566 826.023 1585 2414.14 6339.38 7098.74 7024.01 7303.09 7993.25 8793.25 9582.11 10261.6 10997.1 11797.1 12597.1 13397.1 14197.1 14997.1 15742.3 16193.9 16527.6 16858.9 17159.2 17045.3 17271.7 17452.8 17440.9 -9999 -9999 -9999 -9999 -9999 -9999 -9999 -9999 -9999 -9999 -9999 -9999 -9999 -9999 -9999 -9999 -9999 -9999 -9999 -9999 -9999 -9999 -9999 -9999 -9999 -9999 -9999 -9999 -9999
16850.6 16520.4 16189.1 15825.2 15156.5 14493 13741.8 12987.5 12451.1 -9999 -9999 -9999 -9999 -9999 -9999 4412.58 3857.59 3036.4 2236.4 1434.19 673.037 147.162 621.781 1292.75 1996.35 6417.6 8097.6 7822.54 8037.02 8329.73 8860.2 9276.7 9886.86 10683.2 11483.2 12283.2 13083.2 13883.2 14628.3 15064.8 15396.2 15727.6 16058.9 16359.2 16245.3 16473.1 16804.5 17014.1 -9999 -9999 -9999 -9999 -9999 -9999 -9999 -9999 -9999 -9999 -9999 -9999 -9999 -9999 -9999 -9999 -9999 -9999 -9999 -9999 -9999 -9999 -9999 -9999 -9999 -9999 -9999 -9999 -9999
17330.8 17268 16739.2 16450.9 -9999 14611.3 14153.1 -9999 -9999 -9999 -9999 -9999 -9999 -9999 -9999 4758.57 4167.77 3367.77 2576.92 2049.72 1282.28 591.421 710.432 1068.64 1726.14 6889.66 8863.31 8527.21 7970.8 7806.55 8145.87 8755.49 9551.83 10351.8 11151.8 11951.8 12751.8 13505.1 13933.5 14264.8 14596.2 14927.6 15258.9 15559.2 15445.3 15673.1 16004.5 16190.9 -9999 -9999 -9999 -9999 -9999 -9999 -9999 -9999 -9999 -9999 -9999 -9999 -9999 -9999 -9999 -9999 -9999 -9999 -9999 -9999 -9999 -9999 -9999 -9999 -9999 -9999 -9999 -9999 -9999
17120.9 -9999 -9999 -9999 -9999 15223.6 15020.1 -9999 -9999 -9999 -9999 -9999 -9999 6853.04 6070.81 5291 4499.14 3706.05 3123.09 2802.08 2173.31 178.024 134.662 582.552 1302.51 9529.64 -9999 -9999 7077.84 7020.29 7624.12 8420.46 9220.46 10020.5 10820.5 11620.4 12420.4 12911.3 13133.5 13464.8 13796.2 14127.6 14458.9 14759.2 14645.3 14873.1 15204.5 15398.5 -9999 -9999 -9999 -9999 -9999 -9999 -9999 -9999 -9999 -9999 -9999 -9999 -9999 -9999 -9999 -9999 -9999 -9999 -9999 -9999 -9999 -9999 -9999 -9999 -9999 -9999 -9999 -9999 -9999
-9999 -9999 -9999 -9999 -9999 -9999 -9999 -9999 -9999 -9999 -9999 -9999 -9999 7068.97 6429.04 5630.51 4839.66 4302.45 -9999 1672.79 1095.92 622.951 336.734 677.037 1439.48 2063.54 -9999 6359.8 5931.02 6492.75 7289.09 8089.09 8889.08 9689.08 10489.1 11289.1 12047.4 12136.7 12333.5 12664.8 12996.2 13327.6 13658.9 13959.2 13845.3 14073.1 14404.5 -9999 -9999 -9999 -9999 -9999 -9999 -9999 -9999 -9999 -9999 -9999 -9999 -9999 -9999 -9999 -9999 -9999 -9999 -9999 -9999 -9999 -9999 -9999 -9999 -9999 -9999 -9999 -9999 -9999 -9999
-9999 -9999 -9999 -9999 -9999 -9999 -9999 -9999 -9999 -9999 -9999 -9999 -9999 7575.79 6758.15 5971.03 5405.35 5044.04 -9999 -9999 1648.9 1491.59 1106.95 1281.48 1803.23 2543.86 3738.75 4526.65 5359.55 6157.72 6957.72 7757.72 8557.72 9357.71 10157.7 10957.7 11502.8 11336.7 11533.5 11864.8 12196.2 12527.6 12858.9 13173 13045.3 13273.1 13625.7 -9999 -9999 -9999 -9999 -9999 -9999 -9999 -9999 -9999 -9999 -9999 -9999 -9999 -9999 -9999 -9999 -9999 -9999 -9999 -9999 -9999 -9999 -9999 -9999 -9999 -9999 -9999 -9999 -9999 -9999
-9999 -9999 -9999 -9999 -9999 -9999 -9999 -9999 -9999 -9999 -9999 -9999 -9999 7719.45 7100.93 6536.72 6196.19 5794.56 -9999 -9999 2178.51 2209.56 1906.95 2077.82 2412.85 2934.6 3716.3 4516.29 5316.29 6116.29 6916.29 7716.29 8516.29 9316.29 10116.3 10806.2 10774.1 10536.7 10733.5 11064.8 11396.2 11727.6 12135.8 12485.6 12245.3 12475.6 12960.7 -9999 -9999 -9999 -9999 -9999 -9999 -9999 -9999 -9999 -9999 -9999 -9999 -9999 -9999 -9999 -9999 -9999 -9999 -9999 -9999 -9999 -9999 -9999 -9999 -9999 -9999 -9999 -9999 -9999 -9999
-9999 -9999 -9999 -9999 -9999 -9999 -9999 -9999 -9999 -9999 -9999 -9999 -9999 8022.77 7664.96 7327.57 6993.72 -9999 -9999 5025.43 4192.91 3056.88 2706.95 2877.82 3204.23 3432.33 4052.63 4861.69 5647.67 6447.67 7247.67 8047.67 8842.89 9534.33 10034.3 10258.5 9974.87 9736.7 9933.45 10264.8 10596.2 11004.4 11703.7 11715.5 11445.3 11711.8 -9999 -9999 -9999 -9999 -9999 -9999 -9999 -9999 -9999 -9999 -9999 -9999 -9999 -9999 -9999 -9999 -9999 -9999 -9999 -9999 -9999 -9999 -9999 -9999 -9999 -9999 -9999 -9999 -9999 -9999 -9999
-9999 -9999 -9999 -9999 -9999 -9999 -9999 -9999 -9999 14027.3 -9999 -9999 -9999 8765.64 8458.94 8127.57 7839.43 8754.98 9662.35 6228.22 4376.92 3811.23 3506.95 3660.35 4012.49 4134.84 -9999 5519.24 5997.34 6779.04 7553.46 8165.03 8589.41 8923.4 9254.77 9458.54 9174.87 8936.7 9133.45 9464.82 9873.07 10602 11362.8 11063.8 10646.2 10766.8 -9999 -9999 -9999 -9999 -9999 -9999 -9999 -9999 -9999 -9999 -9999 -9999 -9999 -9999 -9999 -9999 -9999 -9999 -9999 -9999 -9999 -9999 -9999 -9999 -9999 -9999 -9999 -9999 -9999 -9999 -9999
19698.6 19810.3 -9999 -9999 -9999 -9999 -9999 -9999 14219.4 13609.3 13367.8 -9999 10227.2 9602.51 9258.93 8927.56 8699.75 9045.87 9758.17 6903.35 4942.61 4602.08 4306.95 4659.84 5711.85 7940.99 7321.48 6341.38 6606.96 7075.84 7225.53 7460.66 7792.03 8123.4 8454.77 8658.54 8374.87 8136.7 8333.45 8741.71 9464.82 10267 11427.2 10926.2 9918.13 10238.6 -9999 -9999 -9999 -9999 -9999 -9999 -9999 -9999 -9999 -9999 -9999 -9999 -9999 -9999 -9999 -9999 -9999 -9999 -9999 -9999 -9999 -9999 -9999 -9999 -9999 -9999 -9999 -9999 -9999 -9999 -9999
18972.7 19519.6 -9999 -9999 17074.3 17181.8 16856.6 -9999 -9999 13142.7 12574.3 11369.3 10753.7 10390.3 10058.9 9727.56 9499.75 9719.63 9894.13 6116.71 5733.45 5402.08 5106.95 5686.76 7498.83 7884.34 7327.49 7029.21 6965.47 6702.08 6432.84 6660.66 6992.03 7323.4 7654.77 7858.54 7574.87 7336.7 7594.71 8714.55 9390.07 10173.8 -9999 8532.83 8947.11 -9999 -9999 -9999 -9999 -9999 -9999 -9999 -9999 -9999 -9999 -9999 -9999 -9999 -9999 -9999 -9999 -9999 -9999 -9999 -9999 -9999 -9999 -9999 -9999 -9999 -9999 -9999 -9999 -9999 -9999 -9999 -9999
18604.1 18943.8 -9999 -9999 16589.8 16458 16217.7 15726.4 14072.4 13335.3 12536.8 11885.1 11521.7 11190.3 10858.9 10527 10172.7 9598.94 8640.76 7239.79 6532.16 6202.08 5906.95 6834.39 7545.45 7227.57 6896.19 6564.82 6233.45 5902.08 5632.84 5860.66 6192.03 6523.4 6854.77 7058.54 6774.87 6535.84 6594.47 8153.77 8180.33 7003.86 7450.64 7814.07 8307.84 8885.71 -9999 -9999 -9999 -9999 -9999 -9999 -9999 -9999 -9999 -9999 -9999 -9999 -9999 -9999 -9999 -9999 -9999 -9999 -9999 -9999 -9999 -9999 -9999 -9999 -9999 -9999 -9999 -9999 -9999 -9999 -9999
17588.1 16636.1 -9999 -9999 15789.3 15658 15412.8 15023.8 14426.1 13668.2 12994.4 12458.2 11806.7 11366.4 11035.1 10686 10147 9412.57 8613.05 7846.91 7334.06 7002.08 6706.95 6925.5 6864.97 6427.57 6096.19 5764.82 5433.45 5102.08 4832.84 5060.66 5392.03 5723.4 6054.77 6258.54 5974.87 5735.41 6049.28 7135.97 6007.22 6347.67 6679.04 7124.46 8034.34 -9999 -9999 -9999 -9999 -9999 -9999 -9999 -9999 -9999 -9999 -9999 -9999 -9999 -9999 -9999 -9999 -9999 -9999 -9999 -9999 -9999 -9999 -9999 -9999 -9999 -9999 -9999 -9999 -9999 -9999 -9999 -9999
16444.7 16113.3 15768.7 15368.3 15005.4 14867.5 14619.2 14281.5 13950.1 13599.9 13028.3 12235.9 11435.9 10687.1 10245.9 9914.57 9583.2 9240.23 8772.04 8324.84 7992.55 7661.18 7349.07 7209.75 6486.14 5737.4 5296.19 4964.82 4633.45 4302.08 4032.84 4260.66 4592.03 4923.4 5254.77 5460.84 5174.87 4919.49 4707.63 4836.52 5217.21 5547.67 5942.63 6373.42 -9999 -9999 -9999 -9999 -9999 -9999 -9999 -9999 -9999 -9999 -9999 -9999 -9999 -9999 -9999 -9999 -9999 -9999 -9999 -9999 -9999 -9999 -9999 -9999 -9999 -9999 -9999 -9999 -9999 -9999 -9999 -9999 -9999
15644.7 15313.3 14982 14644.9 14303.7 14081.1 13947.6 13487.9 13150.1 12818.7 12475.5 11897 11104.5 10304.5 9555.77 9114.57 8783.2 8451.83 8120.46 7789.09 7457.72 7126.35 6794.97 6740.76 6154.77 5354.77 4606.03 4164.82 3833.45 3502.08 3232.84 3460.66 3792.03 4123.4 4511.52 4698.29 4374.87 4199.43 3879.91 4087.37 4402.7 4794.95 5332.88 -9999 -9999 -9999 -9999 -9999 -9999 -9999 -9999 -9999 -9999 -9999 -9999 -9999 -9999 -9999 -9999 -9999 -9999 -9999 -9999 -9999 -9999 -9999 -9999 -9999 -9999 -9999 -9999 -9999 -9999 -9999 -9999 -9999 -9999
14844.7 14513.3 14182 13850.6 13519.2 13281.1 13359.3 12824.2 12356.5 12018.7 11687.4 11344.1 10765.6 9973.14 9173.15 8424.41 7983.2 7651.83 7320.46 6989.09 6657.72 6326.35 5994.97 6033.78 5818.63 5023.4 4223.4 3474.66 3033.45 2702.08 2432.84 2660.66 2992.03 3380.8 3984.96 3924.55 3574.87 3249.12 3011.45 3281.8 3661.96 4201.51 -9999 -9999 -9999 -9999 -9999 -9999 -9999 -9999 -9999 -9999 -9999 -9999 -9999 -9999 -9999 -9999 -9999 -9999 -9999 -9999 -9999 -9999 -9999 -9999 -9999 -9999 -9999 -9999 -9999 -9999 -9999 -9999 -9999 -9999 -9999
14044.7 13713.3 13382 13050.6 12719.2 12481.1 12704.1 12358.3 11692.9 11225.1 10887.4 10556 10212.8 9634.23 8841.78 8041.78 7293.04 6851.83 6520.46 6189.09 5857.72 5526.35 5194.97 5236.4 5378.7 4692.03 3892.03 3092.03 2343.29 1902.08 1632.84 1860.66 2249.43 2864.26 3586.64 3402.8 2793.18 2443.5 2215.69 2497.14 3131.08 -9999 -9999 -9999 -9999 -9999 -9999 -9999 -9999 -9999 -9999 -9999 -9999 -9999 -9999 -9999 -9999 -9999 -9999 -9999 -9999 -9999 -9999 -9999 -9999 -9999 -9999 -9999 -9999 -9999 -9999 -9999 -9999 -9999 -9999 -9999 -9999
13244.7 12913.3 12582 12250.6 11919.2 11681.1 11919.2 11962.2 11227 10561.5 10093.8 9755.99 9424.62 9081.41 8502.86 7710.41 6910.41 6161.67 5720.46 5389.09 5057.72 4726.35 4394.97 4436.4 4730.76 4346.15 3560.66 2760.66 1960.66 1211.92 832.843 1118.06 1732.89 2467.77 3255.27 3067.77 2271.43 1661.81 1398.32 1950.9 -9999 -9999 -9999 -9999 -9999 -9999 -9999 -9999 -9999 -9999 -9999 -9999 -9999 -9999 -9999 -9999 -9999 -9999 -9999 -9999 -9999 -9999 -9999 -9999 -9999 -9999 -9999 -9999 -9999 -9999 -9999 -9999 -9999 -9999 -9999 -9999 -9999
12444.7 12113.3 11782 11450.6 11119.2 10881.1 11119.2 11395.5 10887.4 10095.6 9430.15 8962.4 8624.62 8293.25 7950.05 7371.49 6579.04 5779.04 5030.29 4589.09 4257.72 3926.35 3594.97 3636.4 3936.7 3754.72 3217.22 2432.84 1632.84 833.379 211.401 602.167 1336.4 2136.4 2923.9 2736.4 1936.4 1140.06 610.962 -9999 -9999 -9999 -9999 -9999 -9999 -9999 -9999 -9999 -9999 -9999 -9999 -9999 -9999 -9999 -9999 -9999 -9999 -9999 -9999 -9999 -9999 -9999 -9999 -9999 -9999 -9999 -9999 -9999 -9999 -9999 -9999 -9999 -9999 -9999 -9999 -9999 -9999
11644.7 11313.3 10982 10650.6 10319.2 10081.1 10319.2 10650.6 10540.3 9755.99 8964.23 8298.78 7831.03 7493.25 7161.88 6896.14 6247.25 5447.67 4647.67 3898.92 3457.72 3126.35 2794.97 2836.4 3140.36 2960.66 2690.03 2372.88 1594.97 813.281 340.487 509.987 1258.73 2058.73 2838.13 2595.71 1795.71 995.711 224.797 11.2796 -9999 -9999 -9999 -9999 -9999 -9999 -9999 -9999 -9999 -9999 -9999 -9999 -9999 -9999 -9999 -9999 -9999 -9999 -9999 -9999 -9999 -9999 -9999 -9999 -9999 -9999 -9999 -9999 -9999 -9999 -9999 -9999 -9999 -9999 -9999 -9999 -9999
10844.7 10513.3 10182 9850.6 9519.24 9281.07 9519.24 9850.61 10053.8 9424.62 8624.62 7832.86 7167.41 6699.66 6361.88 6024.08 5549.14 5108.75 4316.3 3516.3 2767.55 2326.35 1994.97 2036.4 2381.66 2241.16 1912.13 2132.88 1913.86 1422.9 1131.07 1194.97 1636.18 2384.92 3158.15 2877.82 2077.82 1278.62 566.229 215.451 191.421 -9999 -9999 -9999 -9999 -9999 -9999 -9999 -9999 -9999 -9999 -9999 -9999 -9999 -9999 -9999 -9999 -9999 -9999 -9999 -9999 -9999 -9999 -9999 -9999 -9999 -9999 -9999 -9999 -9999 -9999 -9999 -9999 -9999 -9999 -9999 -9999
10044.7 9713.35 9381.98 9050.61 8719.24 8481.07 8719.24 9050.61 9359.23 9061.62 8293.25 7493.25 6701.49 6036.04 5568.29 5228.43 4899.14 4555.93 3977.38 3184.92 2384.92 1636.18 1194.97 1236.66 1606.35 1246.56 1112.13 1353.69 1635.21 1892.1 1924.03 1994.97 2326.35 2767.55 3476.74 3209.19 2409.99 1697.6 1268.09 982.107 -9999 -9999 -9999 -9999 -9999 -9999 -9999 -9999 -9999 -9999 -9999 -9999 -9999 -9999 -9999 -9999 -9999 -9999 -9999 -9999 1768.35 1846.6 -9999 -9999 -9999 -9999 -9999 -9999 -9999 -9999 -9999 -9999 -9999 -9999 -9999 824.611 476.777
9244.72 8913.35 8581.98 8250.61 7919.24 7681.07 7919.24 8250.61 8560.23 8416.31 7936.22 7161.88 6361.88 5570.12 4904.67 4436.92 4099.14 3767.77 3424.56 2851.83 2058.73 1258.73 509.987 497.794 1129.43 811.128 344.389 621.35 866.823 1503.96 2124.27 2517.73 2883.71 2855.36 3119.24 3304.62 2828.97 2400.07 2068.51 -9999 -9999 -9999 -9999 -9999 -9999 -9999 -9999 -9999 -9999 -9999 -9999 -9999 -9999 -9999 -9999 -9999 -9999 -9999 -9999 -9999 1291.79 986.912 2048.53 -9999 -9999 -9999 -9999 -9999 -9999 -9999 -9999 -9999 -9999 -9999 1663.32 900.408 244.481
8444.72 8113.35 7781.98 7450.61 7119.24 6881.07 7119.24 7450.61 7760.23 7618.5 7304.05 6804.85 6030.51 5230.51 4438.75 3773.29 3305.55 2967.77 2636.4 2502.55 2112.44 1318.2 537.955 358.249 1006.14 641.996 246.737 237.316 431.575 1014.14 1479.98 2168.99 2277.82 2070.71 2319.24 2651.53 3061.69 3121.88 2795.87 -9999 -9999 -9999 -9999 -9999 -9999 -9999 -9999 -9999 -9999 -9999 -9999 -9999 -9999 -9999 -9999 -9999 -9999 -9999 -9999 -9999 -9999 349.391 151.184 -9999 -9999 -9999 -9999 7695.07 6950.27 6176.31 5416.94 4483.85 3539.88 2765.06 1960.05 1211.92 817.31
7651.64 7313.35 6981.98 6650.61 6319.24 6081.07 6319.24 6650.61 6960.23 6818.5 6506.24 6172.68 5673.48 4899.14 4099.14 3307.38 2641.92 2174.17 1836.4 1758.73 1920.06 1516.95 1136.17 1058.73 1414.27 1186.97 984.099 834.432 325.13 360.144 1056.74 1657.16 1477.82 1270.71 1520.15 1975.81 2457.24 2993.75 -9999 -9999 -9999 -9999 -9999 -9999 -9999 -9999 -9999 -9999 -9999 -9999 -9999 -9999 -9999 -9999 -9999 -9999 -9999 -9999 -9999 -9999 -9999 702.264 769.549 7913.64 8052.43 -9999 8392.34 7879.9 7079.9 6279.9 5479.9 4679.9 3879.9 3079.9 2293.25 1714.21 1373.73
6838.21 6513.35 6181.98 5850.61 5519.24 5281.07 5519.24 5850.61 6160.23 6018.5 5706.25 5374.87 5041.31 4542.11 3767.77 2967.77 2176 1510.55 1042.8 959.646 1156.14 912.132 1191.81 1701.26 2141.94 1977.82 1739.34 1194.97 479.829 411.014 623.357 922.897 700.735 471.626 845.844 1325.87 1894.08 2684.92 3116.36 -9999 -9999 -9999 -9999 -9999 -9999 -9999 -9999 -9999 -9999 -9999 -9999 -9999 -9999 -9999 -9999 -9999 -9999 -9999 -9999 -9999 -9999 -9999 4699.08 7295.4 7616.76 7919.2 8241.11 7760.66 6960.66 6160.66 5360.66 4560.66 3760.66 2960.66 2160.66 1372.56 768.431
6045.64 5713.35 5381.98 5050.61 4719.24 4481.07 4719.24 5050.61 5360.23 5218.5 4906.25 4574.87 4243.5 3921.28 3434.19 2636.4 1836.4 1044.63 386.458 359.635 742.31 247.181 745.944 1537.71 2096.69 1877.82 1665.28 1488.57 1182.43 668.263 187.695 297.449 110.087 184.459 288.166 767.884 1558.73 2311.81 2637.21 -9999 -9999 -9999 -9999 -9999 -9999 -9999 -9999 -9999 -9999 -9999 -9999 -9999 -9999 -9999 -9999 -9999 -9999 -9999 -9999 -9999 -9999 -9999 6450.76 6499.14 6830.51 7162.8 7636.75 7496.33 6696.6 5896.6 5096.6 4296.6 3496.6 2696.6 1896.6 1096.6 321.802
5391.2 4914.27 4581.98 4250.61 3919.24 3681.07 3919.24 4250.61 4560.23 4427.02 4109.91 3774.87 3443.5 3127.67 3118.28 2594.71 1794.97 995.779 301.62 433.138 699.494 209.459 619.742 1127.36 1380.94 1089.72 870.711 964.445 1147.97 1106.31 813.76 635.792 563.434 368.095 76.7846 681.066 1453.61 1705.01 1960.66 2159.97 -9999 -9999 -9999 -9999 -9999 -9999 -9999 -9999 -9999 -9999 -9999 -9999 -9999 -9999 -9999 -9999 -9999 -9999 -9999 -9999 -9999 5644.11 5474.21 5699.14 6031.42 6511.07 7178.36 7404.15 6916.7 6119.24 5319.24 4519.24 3719.24 2919.24 2119.24 1327.14 628.423
4851.86 4259.83 3782.9 3450.61 3119.24 2881.07 3119.24 3450.61 3760.23 3643.2 3454 2978.54 2643.5 2327.66 2436.4 2546.75 1959.63 1361.42 841.425 438.917 174.548 309.681 322.782 410.662 673.506 493.845 144.73 280.706 424.05 859.405 761.948 717.115 704.848 223.698 342.291 960.121 1175.2 912.132 1180.13 1697.06 -9999 -9999 -9999 -9999 -9999 -9999 -9999 -9999 -9999 -9999 -9999 -9999 -9999 -9999 -9999 -9999 -9999 -9999 -9999 -9999 -9999 5185.01 4877.32 4900.05 5379.7 6119.33 6446.6 6682.84 6884.99 6448.07 5650.61 4850.61 4050.61 3250.61 2458.51 1739.44 1055.71
4074.87 3720.49 3128.45 2651.53 2319.24 2081.07 2319.24 2651.53 3002.71 2843.2 2897.87 2340.04 1847.16 1527.67 1636.4 1945.19 1505.24 949.21 682.981 148.947 222.273 474.854 228.209 187.251 118.972 267.069 247.985 345.638 439.369 253.588 119.841 114.507 350.149 213.702 279.412 581.234 535.47 208.906 614.106 -9999 -9999 -9999 -9999 -9999 -9999 -9999 -9999 -9999 -9999 -9999 -9999 -9999 -9999 -9999 -9999 -9999 -9999 -9999 -9999 -9999 2141.73 2417.93 3918.44 4248.33 5016.3 5600.54 5646.6 5882.84 6160.66 6416.36 5979.44 5181.98 4381.98 3589.89 2870.81 2187.08 1749.26
3274.87 2943.5 2598.15 1999.8 1520.15 1281.07 1520.15 1992.3 2325.26 2043.2 2213.21 1942.43 1208.67 731.326 859.278 1441.05 1158.73 383.203 215.506 591.505 434.857 140.801 382.203 573.82 367.356 250.482 442.873 605.365 559.987 602.757 444.454 317.559 198.3 195.665 151.359 205.354 73.6136 0 -9999 -9999 -9999 -9999 -9999 -9999 -9999 -9999 -9999 -9999 -9999 -9999 -9999 -9999 -9999 -9999 -9999 -9999 -9999 851.185 909.619 1079.52 1555.3 2284.92 3068.98 3884.92 4679.97 4892.45 4846.6 5082.84 5360.66 5692.03 5947.73 5510.81 4721.26 4002.19 3318.45 2880.63 2543.5
2551.76 2143.5 1843.2 1614.36 868.431 482.897 860.925 1586.91 1550.27 1243.2 1421.98 1560.93 833.758 156.491 405.752 1195.3 1234.93 524.264 277.405 789.009 816.731 368.16 264.526 253.163 799.919 634.581 192.808 408.23 473.154 1069.83 587.159 170.175 423.985 545.592 565.766 455.633 0 -9999 -9999 -9999 -9999 -9999 -9999 -9999 -9999 -9999 -9999 -9999 -9999 -9999 -9999 -9999 -9999 -9999 -9999 -9999 960.929 499.226 461.347 441.708 1158.73 1958.73 2758.73 3558.73 4240.87 4094.97 4046.6 4282.84 4560.66 4892.03 5223.4 5479.1 5125.86 4449.83 4012 3674.87 3343.5
2131.99 1420.39 1043.2 1160.78 702.692 119.305 644.807 1315.56 888.912 453.358 773.923 1428.63 1000.43 477.508 705.774 1279.37 1089.01 893.328 748.024 281.131 477.148 869.021 511.837 429.32 954.702 1042.19 712.132 957.161 1126.22 1151.36 778.998 803.063 1130.93 1334.99 1286.6 929.002 -9999 -9999 -9999 -9999 -9999 -9999 -9999 -9999 -9999 -9999 -9999 -9999 -9999 -9999 -9999 -9999 -9999 -9999 -9999 1630.03 1095.89 402.554 327.091 396.821 1138.02 1938.02 2738.02 3497.16 3621.35 3294.97 3246.6 3482.84 3760.66 4092.03 4423.4 4773.08 5271.94 5143.38 4806.24 4474.87 4143.5
1749.47 1006.56 342.18 671.545 1013.25 637.419 999.666 1322.9 586.244 99.797 662.327 1401.47 1350.85 1133.4 1125.92 1114.53 424.05 299.345 765.222 387.89 510.654 840.425 286.42 545.657 1318.62 1702.95 1479.31 1521.25 1394.5 682.854 216.199 605.958 1332.07 1956.52 1700 -9999 -9999 -9999 -9999 -9999 -9999 -9999 -9999 -9999 -9999 -9999 -9999 -9999 -9999 -9999 -9999 -9999 -9999 -9999 -9999 1964.14 1530.69 1095.89 1032.84 1058.73 1494.76 2243.5 3029.75 3156.03 2826.35 2494.97 2446.6 2682.84 2960.66 3292.03 3641.71 4251.33 5047.67 5701.4 5606.24 5274.87 4943.5
