public/models/data/input/map/ntb/800/mapdem.asc
NCOLS 484
NROWS 342
XLLCORNER 370313.940441
YLLCORNER 9266624.452423
CELLSIZE 800.000000
NODATA_VALUE       -9999
[rows 272 to 305 of 342, columns 154 to 230 of 484]
772.188 738.234 707.344 633.953 546.938 724.875 860.828 821.344 807.094 803.438 774 755.094 791.375 839.328 889.766 863.297 946.5 998.094 1012.89 1027.39 1060.5 1072.81 1204.84 1243.94 1313.06 1261.27 1126.89 1086.58 1137.11 1071.48 984.422 991.813 905.75 823.438 719.25 675.125 761.875 808.391 778.469 1034.64 972.266 1071.5 1112.88 1150.17 1113.98 1073.78 955.031 871.484 853.906 785.578 719.672 589.016 577.766 489.328 462.953 452.047 470.547 448.109 317.302 209.125 248.078 326.859 433.766 331.921 212 132.219 89.8281 69.6719 61.375 54.6094 48.6719 43.6406 45.3594 43.125 58.4844 82.4375 95.3594
647.328 482.844 444.922 537.406 409.484 535.641 820.953 806.391 809.188 813.094 766.281 777.109 868.813 924.938 895.484 924.234 887.547 921.953 869.203 942.109 961.641 1090.8 1085.39 1192.23 1236.56 1182.98 1128.63 1005.67 996.891 1042.41 951 909.094 898.266 819.078 804.734 802.516 818.234 917.844 913.859 949.938 1158.17 1153.3 1235.13 1265.64 1244 1149.47 1017.89 906.531 820.797 744.563 696.266 674.375 594.25 535.016 578.063 533.016 464.219 320.391 268.453 250.641 326.328 357.031 319.206 166.766 150.453 113.813 108.766 71.1094 64.5781 65.2031 54.5 49.9688 60.3438 45.8125 49.5781 63.625 73.0625
587.516 341.476 270.719 384.344 374.844 574.406 819.234 806.609 812.719 806.25 788.063 682.594 786.234 912.828 847.016 852.375 846.313 810.875 856.672 858.406 1027.17 1061.33 1049.45 1092.56 1158.5 1118.23 1040.7 1039.3 931.547 899.547 947.547 903.219 821.75 793.188 798.219 883.922 920.844 938.484 1058.3 1153.34 1207.42 1363.27 1391.73 1409.36 1348.27 1195.58 1052.84 932.344 869.906 793.922 709.891 649.438 625.141 602.219 533.734 473.969 392.938 333.444 329.359 387.219 446.516 563.344 381.797 241.75 129.766 94.7656 75 73.6094 97.0781 120.094 68.7031 47.5938 50.9688 51.9063 53.8281 67.3125 74.3906
506.297 298.406 170.344 225.203 349.81 556.109 782.813 820.953 795.125 801.875 784.25 709.406 668.109 815.469 814.109 805.922 831.234 716.047 712.938 794.828 1032.25 1023.08 983.156 1042.14 1081.55 1091.31 988.188 962.984 983.313 926.531 854.922 806.438 797.25 814.516 701.172 866.25 954.453 943.344 1053.42 1167.41 1226.97 1387.91 1564.5 1553.36 1383.09 1178.28 1110.8 1012.48 893.375 811.859 752.328 664.875 601.906 561.5 470.078 465.563 469.922 420.688 341.141 439.813 532.656 698.422 555.266 281.141 156.391 99.5625 139.297 194.516 117.141 78.1875 59.6406 49.5156 64.6563 57.2031 53.6094 57.7969 65.4375
430.828 363.719 252.54 148.828 225.328 503.344 756.969 789.688 772.391 783.281 784.797 733.984 576.219 716.594 791.25 762.344 726.375 621.109 747.906 939.813 982.891 966.875 971.5 1002.89 1025.86 1046.5 993.859 903.344 912.859 880.563 877.063 841.094 780.859 684.5 661.297 783.438 817.047 927.922 1021.16 1003.42 1122.44 1347.58 1539.73 1563.08 1414.83 1299.5 1148.61 1007.48 930.031 821.703 744.766 707.906 637.531 575.031 556.813 569.297 511.266 394.547 512.703 688.734 761.656 651.016 368.453 263.032 269.688 190.349 198.953 127.922 91.25 72.9844 56.5938 62.625 76.4375 65.2031 68.1406 54.375 64.5
250.844 272.571 198.203 117.5 229.391 493.344 744.391 767.328 756.453 769.656 776.688 708.094 518.047 593.391 742.266 611.938 527.969 677.438 891.719 902.688 953.422 921.391 925.609 980.234 1004.66 967.344 944.25 925.266 855.266 834.609 831.578 807.438 775.281 616.016 626.656 643.531 835.141 898.266 912.031 992.297 1170.31 1313.83 1452.25 1399.59 1376.48 1290.44 1164.8 1073.91 979.016 887.125 816.719 720.047 670 653.469 590.203 517.813 497.078 435.891 504.953 587.125 678.125 624.797 440.656 255.429 160.234 130.297 112.906 102.922 83.3125 70.7656 68.2813 75.7344 77.0781 76.2031 84.5938 69.0625 88.1094
160.141 181.266 131.656 98.7031 328.065 526.984 701.406 746.219 748.328 756.984 763.5 767.688 551.813 467.016 644.344 493.688 522.906 767.266 850.125 847.359 915.953 889.672 885.063 950.516 960.953 969.75 928.797 937.156 898.281 855.359 787.313 780.734 732.5 645.797 539.375 582.266 763.078 785.688 929.234 1032.83 1120.41 1271.05 1263.89 1270.47 1179.34 1142.05 1076.16 1027.86 950.734 899.719 806.844 735.078 682.703 625.297 592.484 579.422 539.484 495.297 435.719 435.125 485 524.5 468.297 297.844 160.734 121.656 106.453 89.1719 80.1875 82.9531 79.1719 80.9375 82.3906 82.5469 86.9531 102.156 207.359
191.406 143.406 94.0938 120.813 325.297 434.469 610.406 726.375 737.578 743.5 755.016 747.531 669.563 352.734 464.672 441.984 650.25 761.766 792.422 825.891 877.875 815.875 903.156 910.5 918.594 923.734 928.953 872.203 862.641 876.656 836.953 703.328 627.516 541.484 484.609 568.125 654.922 728.297 837.563 935.328 1056.56 1156.14 1099.39 1093.61 1051.61 1020.77 985.328 933.109 885.016 863.109 801.75 752.125 682.813 655.297 615.906 578.891 520.625 460.516 414.172 450.422 620.281 636.453 393.625 204.219 150.359 113.109 101.859 100.375 98.8438 104.688 96.4531 88.2344 88.8906 88.1406 85.1563 81.3281 93.8281
132.156 107.219 59.1406 225.159 284.5 393.328 508.688 607.297 717.375 739.953 718.25 513.484 504.125 375.109 363.797 456.844 683.266 639.906 716.125 731.844 738.266 795.469 870.797 875.578 870.484 895.516 894.047 857.438 814.719 856.234 812.906 723.984 636.547 654.438 585.203 460.5 553.031 725.344 880.703 984.688 979.031 1033.36 1006.86 963.453 955.219 959.484 911.391 886.203 841.563 815.141 776.219 738.875 688.531 640.813 583.188 542.531 540.922 481.016 408.969 414.016 489.469 403.906 296.688 195.094 142.531 118.938 146.313 132.563 155.766 173.563 128.422 124.375 111 101.891 94.0469 95.875 90.7813
101.734 61.2031 124.188 212.5 215.719 346.141 416.031 443.703 581.344 699.016 701.953 415.5 260.54 298.429 362.25 442.266 566.656 601.219 655.063 721.391 791.953 823.563 858.469 852.766 836.641 861.922 856.672 852.438 784.594 819.922 830.344 766.547 825.094 735.266 619.406 446.656 485.031 694.391 947.156 921.875 913.563 895.797 914.922 866.656 864.719 892.719 875.422 842.188 785.781 726.422 716.875 706.172 690.25 626.594 582.641 545.078 483.313 421.75 413.281 358.422 357.609 295.203 225.25 188.656 142.609 147.953 217.203 200.531 238.391 323.302 195.641 202.172 167.578 122.234 110.953 125.078 112.031
57.2188 50.125 169.328 170.063 237.794 322.841 311.828 355.469 407.297 575.828 607.688 345.016 275.875 572.563 637.375 551.203 566.328 604.672 677.906 748.156 778.234 797.25 849.703 909.641 786.484 718.656 753.5 785.875 788.375 696.406 685.594 766.328 807.703 686.953 564.703 390.406 516.016 810.125 937.297 875.078 844.047 840.094 827.859 807.078 815.188 813.531 794.219 802.828 755.281 733.078 659.672 616.156 636.547 634.953 587.531 543.703 513.844 458.141 386.297 356.984 331.828 255.031 189.141 193.734 171.125 217.226 245.031 323.906 351.313 466.266 280.444 248.141 191.578 166.047 171.75 244.873 148.594
68.8594 53.5156 125.672 181.672 243.75 259.381 249.194 307.349 410.359 574.906 631.109 336.651 266.219 575.609 571.547 446.734 541.406 712.313 732.688 779.063 804.594 840.844 956.172 982.125 816.969 623.938 579.688 683.719 805.797 761.094 606.781 665.266 680.672 613.703 420 376.453 607.766 793.719 806.438 770.625 729.391 736.047 789.844 748.531 776.516 702.234 714.141 782.406 692.281 682.672 685.828 606.406 556.25 566.906 561.313 508.141 459.266 395.438 396.422 351.5 333.719 351.406 228.875 228.938 167.359 226.159 318.031 475.547 575.594 479.938 311.328 269.984 217.453 242.413 246.177 238.921 166.641
52.2031 41.3281 67.3281 151.688 142.922 262.921 254.359 345.109 465.25 584.906 489.219 285.969 272.444 456.922 387.781 401.141 460.203 561.672 730.797 888.172 919.891 927.859 1025.03 1023.33 846.594 601.813 510.625 687.359 826.172 737.406 589.422 486.719 468.844 537.391 392 376.625 502.031 711.484 710.875 668.25 724.938 670.484 739.891 699.219 758.375 667.094 615.656 735.75 687.516 635.641 628.203 618.156 554.703 537.969 475.703 485.344 482.828 474.438 460.141 383.781 385.125 435.875 331.391 248.969 178.766 237.016 342.635 550.766 608.672 441.391 359.594 334.938 304.484 320.547 326.75 311.635 263.25
36.7188 39.125 45.8281 91.5 189.828 193.5 223.484 373.078 404.5 425.25 308.19 189.484 318.719 337.656 468.859 542.766 528.625 571.391 673.578 881.953 1034.88 1088.89 918.469 761.328 670.297 508.203 560.547 757.422 924.219 876.172 704.516 659.359 603.656 413.203 395.313 346.141 378.891 543.484 675.828 638.281 648.859 580.156 643.781 651.5 708.703 704.047 558.641 682.406 665.016 605.453 583.297 585.938 585.141 577.453 566.625 549.656 541.594 512.844 554.641 354.969 295.063 394.563 383.5 307.19 193.203 254.29 358.078 500.828 586.625 498.516 400.906 382.438 406.094 425.203 543.594 482.766 322.781
170.937 169.844 71.3438 82.4063 201.297 163.891 156.688 231.156 270.75 336.234 245.906 201.297 295.359 466.625 610.969 674.141 633.781 691.938 750.766 854.938 989.156 1017.31 892.641 586.125 544.031 438.484 606.141 659.047 854.641 818.719 741.5 704.141 601.719 558.609 632.031 527.344 324.359 487 673.609 608.406 545.234 568.766 538.641 623.922 649.125 664.734 532.094 605.484 568.734 521.813 549.828 560.313 629.547 650.422 595.688 601.891 522.031 415.203 411.859 318.922 326.203 428.688 391.656 318.563 249.75 266.313 346.5 443.016 565.922 564.047 465.719 453.094 536.797 546.313 673.156 612.125 421.563
297.859 296.508 179.873 67.1563 74.9688 91.9531 107.281 98.625 133.031 180.188 217.453 395.064 507.656 587.828 577.125 689.344 801.344 802.375 890.047 988.656 1006.91 897.984 710.75 506.641 426.906 463.063 550.469 647.031 854.313 767.281 604.016 472.703 485.891 517.703 552.234 496.203 326.766 515.344 552.563 610.094 542.438 504.438 494.203 547.422 596.453 634.5 564.703 537.266 508.359 483.531 494.656 586.703 610.953 596.438 575.391 569.844 482.625 412.266 341.531 267.688 352.406 393.063 384.469 417.547 346.672 341.531 395.609 475.484 652.281 686.516 584.625 550.297 672.016 699.797 672.281 500.219 302.453
477.125 401.344 243.484 149.219 242.556 176.469 258.413 300.391 319.219 190.344 318.781 495.594 512.672 482.875 534.031 643.688 782.922 933.953 1002.11 1034.86 874.609 697.375 605.156 478.359 369 466.063 431.766 486.234 641.297 723.563 682.172 450.172 403.625 452.656 385.781 341.781 303.71 371.078 372.188 492.781 422.563 522.875 456.406 493.953 551.141 547.422 563.984 480.188 522.25 420.25 550.219 579.109 581.672 539.5 552.547 545.234 450 336.938 261.127 258.547 343.828 372.594 396.109 406.156 401.875 419.781 473.047 550.141 576.063 677.125 736.969 778.406 773.844 796.531 546.188 432.016 300.435
478.078 512.875 294.828 239.286 346.813 266.381 394.688 412.328 507.453 333.781 226.206 264.359 410.141 469.188 613.125 663.016 812 974.609 964.219 963.953 876.344 846.797 642.234 474.859 394.359 368.047 387.25 403.375 449.078 569.938 713.063 558.281 341.891 352.297 409.203 316.328 274.797 316.127 416.906 354.578 379.172 523.719 447.156 453.922 510.078 473.844 524.547 396.953 430.875 381.859 548.719 496.172 480.844 487.25 494.875 490.719 395 318.297 246.032 251.683 295.73 311.828 340.031 386.094 372.594 401.75 473.844 620.781 671.766 622.953 704.75 787.891 720.25 729.016 431.031 344.906 358.984
247.688 357.984 339.906 322.281 364.609 347.766 421.359 497.281 561.359 479.906 273.781 293.111 288.064 353.469 508.328 718.313 860.078 974.266 909.453 864.672 870.766 778.672 598.094 500.859 477.281 414.234 328.594 480.188 547.109 612.234 623.75 557.719 395.469 280.873 355.516 391.5 276.803 281.238 318.75 375.266 453.422 484.563 449.563 438.578 485.953 416.219 446.125 355.984 371.516 377.422 468.031 466.172 447.984 447.516 432.063 391.531 344.438 257.656 241.683 315.641 350.469 318.703 313.016 353.094 376.906 453.813 548.531 656.359 699.906 656.641 730.25 646.297 587.234 554.281 542.234 468.234 463.719
114.438 169.313 302.094 475 468.109 487.172 552.391 527.781 465.453 333.594 350.906 417.375 310.859 383.891 544.531 719.531 818.469 786.25 855.609 742.438 828.578 654.125 479.141 390.703 441.531 343.141 353.484 561.938 677.656 525.875 442.719 439.766 396.813 249.234 269.933 398.391 355.46 245.219 411.281 521.391 585.031 467.859 489.797 401.969 482.906 331.344 321.531 301.625 304.813 337.094 408.141 421.734 471.625 438.25 366.672 314 287.484 239.656 332.969 420.313 372.547 328.938 365.141 438.734 453.844 519.375 665.359 755.594 745.609 683.406 688.047 715.188 760.406 701.813 724.172 580.844 495.578
158.609 265.438 395.281 570.031 667.094 715.953 673.234 470.984 412.344 430.125 381.406 471.375 381.297 455.078 582.188 673.266 649.547 662.781 773.891 665.734 557.5 612.594 458.344 384.016 343.063 296.375 372.891 490.656 511.359 420.563 360.422 329.391 294.922 229.719 232.969 265.206 350.484 245.484 288.656 377.688 547.938 420.266 437.797 376.953 423.688 272.656 343.266 418.906 404.109 456.438 525.266 508.266 430.156 427.797 388.453 295.29 231 230.875 312.594 389.984 391.688 427.344 464.578 532.719 548.391 645.203 700.406 648.484 574.484 457.781 465.141 564.969 693.766 885.438 727.156 620.578 534.094
196.625 302.203 511.234 589.859 813.547 782.328 601.641 452.063 479.719 507.391 408.578 509.266 560.609 656.422 705.375 636.422 515.609 559.453 544.375 529.328 501.078 558.828 478.406 463.438 401.906 301.594 329.094 440.203 467.578 354.031 397.172 262.672 243.175 217.609 223.234 277.656 448.844 386.625 233.484 282.81 475.156 353.778 369.453 332.563 277.859 318.492 458.391 583.063 560.984 524.156 508.344 476.703 405.828 353.219 403.969 300.274 220.078 257.825 344.188 460.031 483.094 527.344 436.078 353.281 523.859 629.5 596.641 587.25 485.828 377.156 363.625 438.547 676.828 818.484 817.063 686.531 581.734
367.391 345.714 558.547 673.109 818.578 647.906 509 551.25 587.984 630.859 570.453 625.188 791.141 825.891 712.328 695.125 593.734 413.047 408.625 451.016 539.641 667.203 617.578 478.531 517.531 356.453 273.984 358.391 434.563 321.413 426.938 271.219 217.906 204.359 239.758 230.141 381.156 358.344 223.889 294.698 379.938 274.349 297.328 263.873 287.797 411.875 578.906 590.922 559.172 512.438 449.609 435.797 381.531 278.625 308.516 245.047 212.516 297.406 347.781 414.391 458.953 358.875 325.109 303.5 374.156 469.891 505.156 444.094 377.156 326.828 383.781 450.313 558.328 658.375 760.828 701.844 661.469
253.063 346.359 409.063 543.172 671.813 642.438 622.234 680.422 748.078 804.891 701.578 772.172 854.625 782.469 543.594 529.484 466.859 357.906 443.234 515.719 587.484 741.453 752.828 624.141 587.594 442.422 335.766 283.734 257.206 248.922 236.609 219.5 207.547 203.609 203.594 219.891 415.141 342.859 224.734 268.016 261.524 261.619 252.841 280.46 384.094 552.453 580.938 550.781 521.469 526.703 445.344 332.333 345.281 246.524 218.594 228.313 244.857 288.047 345.922 401.125 353.469 260.774 238.806 251.246 281.635 291.672 313.5 343.453 353.469 350.141 342.828 392.094 441.594 568.531 701.813 763.859 693.859
168.563 272.125 408.344 433.484 528.406 621.891 574.234 572.953 741.328 850.234 782.234 622.328 630.328 597.594 495.391 362.766 342.203 376.844 357.141 366.266 465 599.234 742.375 834.703 616.844 406.109 336.266 387.891 382.188 355.109 374.453 297.234 258.594 209.813 188.547 197 323.492 339.891 205.095 223 216.825 231.905 271.563 324.094 447.422 578.266 592.656 554.406 402 386.984 276.563 233.406 265.219 231.656 329.859 380.156 284.683 317.813 302.281 248.397 228.109 265.375 323.969 294.344 343.516 439.656 515.844 466.953 464.563 421.578 405.484 384.406 423.953 448.141 556.234 701.25 765.719
214.828 240.047 254.438 355.922 496.141 529.672 418.328 480.203 739.281 896.391 679.859 450.156 413.422 366.422 329.469 298.156 392.953 350.656 316.672 386.672 433.063 570.625 733.5 745.344 537.25 386.719 419.672 496.063 555.938 441.672 607.078 474.453 273.661 243.031 197.047 175.234 179.219 226.578 172.547 270.203 326.922 354.5 335.891 382.656 537.969 589.313 561.859 545.078 386.203 271.563 206.444 237.563 273.645 301.672 270.266 243.281 206.047 249.047 212.563 217.719 231.73 293.563 432.609 372.656 438.547 584.766 636.75 599.406 598.078 522.188 522.625 430.734 579.516 580.719 567.938 559.922 750.547
140.656 182.688 296.581 422.063 548.328 444.891 310.547 445.109 685.297 845.313 632.672 455.203 434 403.344 320.766 287.656 318.453 320.936 321.141 402.922 517.953 596.516 647.203 592.969 435.703 412.609 479.031 581.422 704.594 618.906 660.203 481.641 335.203 326.313 225.422 236.688 180.109 184.453 194.063 290.397 374.922 419.297 390.688 496.016 583.578 531.5 513.344 548.344 420.938 441.672 347.73 202.547 284.156 218.406 203.734 179.844 188.391 200.563 211.016 245.406 302.484 317.984 320.453 362.188 523.281 634.359 698.141 765.766 731.984 687.516 529.609 520.141 675.688 804.859 839.203 672.313 713.141
249.969 330.159 363.047 333.841 337.016 274.969 305.219 404.969 637.422 809.672 737.328 618.203 597.984 521.281 516.625 434.891 329.875 265.267 354.422 359.453 381.203 448.75 567.125 524.75 397.844 445.859 562 694.719 847.297 776.422 701.578 511.172 545.094 440.891 318.563 334.594 202.422 164.109 205.079 227.594 315.778 510.859 487.484 457.844 626.375 438.438 492.922 571.297 482.109 319.203 237.797 216.672 295.688 201.766 183.984 171.563 211.031 238.468 291.531 384.375 428.219 405.469 417.516 425.688 556.125 532.734 574 616.203 701 730.172 626.469 777.578 772.031 803.125 834.313 705.734 797.734
240.375 259.438 223.758 211.453 272.094 395.641 510.078 473.563 622.578 742.391 627.563 540.359 470.172 391.438 388.609 317.016 269.381 254.413 359.484 363 300.109 373.016 471.391 365.297 366.688 494.188 625.766 711.047 787.656 770.891 781.266 686 622.969 545.953 562.328 555.734 350.698 161.032 211.734 221.516 277.688 433.641 336 378.828 455.234 401.031 471.328 582.891 379.469 192.891 221.297 232.111 193.922 166.813 170.422 192.422 223.594 263.141 340.594 356.438 344.903 296.609 335.359 361.781 403.469 454.156 558.359 557.438 689.219 764.828 732.734 761.078 800.828 799.266 801.688 747.969 871.672
129.891 156.594 177.969 292.27 379.047 493.031 587.688 631.031 758 719.922 555.594 458.766 424.078 474.891 463.281 483.719 409.563 390.422 261.444 321.906 329.355 400.875 415.641 295.641 291.219 434.109 547.063 508.469 633.719 522.609 692.516 707.5 615.828 642.625 511.844 453.5 399.188 250.565 156.891 146.031 204.859 400.547 369.125 294.71 278.781 284.172 404.281 502.109 292.719 191.156 273.609 163.5 202.359 226.313 274.781 236.651 225.359 243.81 269.825 275.206 333.5 359.281 360.75 317.641 355.953 450.469 642.656 644.531 717.922 886.922 857.844 813.328 923.891 839.734 845.234 808.25 884.141
241.719 174.781 231.984 264.794 344.516 458.391 457.125 607.781 838.438 724.281 669.766 589.891 585.813 618.563 639.813 526.813 476.969 335.125 249.111 237.365 338.078 322.375 327.109 255.619 265.297 384.828 369.656 534.031 619.344 377.844 448.609 556.359 615.219 568.609 511.625 368.484 250.365 229.438 233.734 199.281 198.953 389.422 432.578 313.719 249.524 208.619 320.234 366.828 231.984 162.781 183.484 163.297 259.984 396.922 357.516 258.095 234.281 308.078 382.297 362.422 394.391 449.141 381.703 388.656 343.031 482.609 634.813 669.797 735.188 860.047 889.188 823.609 884.938 911.797 1011.34 907.172 980.813
290.476 223.813 188.984 213.016 272.75 327.266 374.547 639.859 888.563 909.266 815.516 723.25 637.828 557.188 528.563 401.406 307.82 332.516 379.516 255.531 238.766 253.438 218.048 199.484 219.188 275.328 437.125 631.375 544.484 307.688 362.063 461.547 516.609 542.578 462.422 437.766 414.688 474.531 485.078 334.048 178.047 397.766 370.484 270.563 227.46 252.234 288 269.938 156.375 145.156 163.828 182.281 217.938 339.25 427.984 377.859 283.873 389.828 572.891 480.984 441.031 533.938 423.188 454.281 468.328 414.625 571.391 663.891 634.109 696.391 765.609 776.813 803.063 901.828 1082.7 1132.61 1043.56
332.109 207.891 249.429 354.719 322.365 269.742 420.688 651.219 881.891 898.094 717.094 565.156 464.781 384.719 378.781 335.234 410.641 419.844 306.23 266.578 297.641 258.844 292.302 229.578 202.156 293.452 504.75 498.547 514.406 348.703 231.25 424.328 503.797 510.641 475.219 359.797 433.703 487.016 420.813 222.609 327.683 485.594 243.574 193.75 153.516 181.375 196.563 195.391 137.328 179.906 205.516 228.813 350.219 351.938 514.203 499.078 355 336.828 492.594 614.922 646.031 684.844 475.969 631.844 574.828 416.516 505.75 508.859 512.813 588.156 724.266 772.203 866.719 967.672 1094.81 1193.41 1126.41
421.609 253.902 287.333 470.375 506.297 336.547 358.438 575.672 709.063 815.328 702.266 465.609 407.906 384.5 336.234 356.031 425.797 399.547 362.344 379.313 346.906 416.016 459.094 333.734 242.438 197.656 294.25 332.844 415.344 336.75 202.984 412.406 491.031 366.859 361.453 282.625 331.234 453.422 410.875 220.328 185.703 320.547 327.125 154.422 118.969 127.859 153.281 154.781 163.156 163.297 188.172 290.587 460.375 538.609 521.375 472 393.734 329.688 424.344 577.313 633.109 615.938 565.375 661.469 571.188 522.781 452.656 552.969 650.938 718.766 782.688 902.75 967.047 945.688 928.203 999.109 1021.69
