public/models/data/input/map/ntb/800/mapdroad.asc
NCOLS 484
NROWS 342
XLLCORNER 370313.940441
YLLCORNER 9266624.452423
CELLSIZE 800.000000
NODATA_VALUE       -9999
[rows 272 to 305 of 342, columns 308 to 384 of 484]
-9999 -9999 -9999 -9999 -9999 -9999 -9999 -9999 -9999 -9999 -9999 -9999 -9999 -9999 -9999 -9999 -9999 -9999 -9999 -9999 -9999 -9999 -9999 -9999 -9999 -9999 -9999 -9999 -9999 -9999 330.683 341.827 1134.64 1827.91 2336.1 2867.94 3189.89 2736.4 1936.4 1139.14 422.997 180.641 532.678 264.473 109.344 -9999 -9999 -9999 -9999 52.0135 337.067 449.77 246.22 309.524 551.091 540.433 209.616 127.654 158.1 105.446 701.75 1400.87 1895.49 1536.21 813.281 426.953 308.322 773.062 924.226 269.278 356.889 604.07 155.668 708.942 1273.55 682.215 378.182
-9999 -9999 -9999 -9999 -9999 -9999 -9999 -9999 -9999 -9999 -9999 -9999 -9999 -9999 -9999 -9999 -9999 -9999 -9999 -9999 -9999 -9999 -9999 -9999 -9999 -9999 -9999 -9999 -9999 -9999 8.33333 375.861 860.884 1211.92 1824.22 2094.97 2423.68 2459.66 1765.53 965.533 223.771 443.198 343.792 34.5333 -9999 -9999 -9999 -9999 -9999 -9999 42.1722 63.0055 120.803 128.458 87.611 113.48 84.8652 121.829 281.269 48.1694 384.432 1132.84 1929.94 1944.65 1422.9 1205.7 1081.07 1328.12 1277.63 917.31 1088.14 680.53 208.433 879.81 1544.12 1281.48 1066.03
-9999 -9999 -9999 -9999 -9999 -9999 -9999 -9999 -9999 -9999 -9999 -9999 -9999 -9999 -9999 -9999 -9999 -9999 -9999 -9999 -9999 -9999 -9999 -9999 -9999 -9999 -9999 -9999 -9999 -9999 -9999 111.092 237.316 817.532 1206.56 1294.97 1631.75 1871.22 1819.4 1136.29 391.505 116.15 27.7778 -9999 -9999 -9999 -9999 -9999 -9999 1502.08 -9999 -9999 185.233 119.746 137.787 141.494 144.952 218.168 286.512 130.89 552.925 1231.22 2015.33 2459.54 2219.24 2005.7 1881.07 2109.77 2002.08 1717.31 1680.29 1044.87 733.758 1151.27 1902.59 1799.91 1058.62
-9999 -9999 -9999 -9999 -9999 -9999 -9999 -9999 -9999 -9999 -9999 -9999 -9999 -9999 -9999 -9999 -9999 -9999 -9999 -9999 -9999 -9999 -9999 -9999 -9999 -9999 -9999 -9999 -9999 -9999 -9999 105.788 291.82 507.981 422.162 515.942 900.789 1071.6 1202.24 873.739 256.575 302.933 -9999 -9999 -9999 -9999 -9999 -9999 -9999 -9999 -9999 292.851 134.937 128.19 144.416 62.9902 387.603 520.841 214.526 116.716 230.354 943.458 1654.74 2442.21 2922.68 2805.7 2681.07 2909.77 2802.08 2509.71 2174.88 1760.66 1532.84 1803 2254.09 1936.4 1140.06
-9999 -9999 -9999 -9999 -9999 -9999 -9999 -9999 -9999 -9999 -9999 -9999 -9999 -9999 -9999 -9999 -9999 -9999 -9999 1055.23 939.797 -9999 87.7654 -9999 -9999 -9999 -9999 -9999 2537.28 -9999 495.711 165.154 184.884 103.837 195.063 176.156 208.682 300.463 423.652 252.451 83.4137 267.943 320.711 -9999 -9999 -9999 -9999 -9999 -9999 -9999 600.058 183.701 142.965 139.886 178.791 282.648 189.082 104.753 83.5248 266.643 137.519 539.564 1327.67 2127.67 2926.37 3503.36 3481.07 3709.77 3602.08 3251.54 2892.03 2560.66 2332.84 2602.08 2844.14 2271.43 1661.81
-9999 -9999 -9999 -9999 -9999 -9999 -9999 -9999 -9999 -9999 -9999 -9999 -9999 -9999 -9999 -9999 -9999 -9999 340.237 556.079 482.39 237.132 162.273 -9999 -9999 -9999 -9999 -9999 2189.21 1629.12 668.461 145.535 309.367 179.327 124.15 305.928 494.527 297.717 87.343 92.1415 256.223 246.155 500.592 593.626 971.542 1565.69 -9999 -9999 -9999 -9999 298.891 195.554 115.801 140.154 116.605 304.189 222.051 85.6234 181.491 737.595 444.297 437.067 1217.31 2017.31 2817.31 3617.31 4212.22 4509.77 4381.38 4023.4 3692.03 3360.66 3132.84 3402.08 3371.83 2793.18 2443.5
-9999 -9999 -9999 41.6667 0 282.843 -9999 207.891 340.189 255.833 274.327 614.001 219.757 118.27 16.6667 -9999 -9999 -9999 79.1053 71.1499 161.486 112.221 172.835 -9999 1984.25 1824.26 665.685 697.487 1511.92 1128.92 555.178 38.1472 88.8595 164.304 380.262 203.431 187.186 186.918 117.364 248.495 586.477 146.136 145.005 170.467 851.991 1356.07 -9999 -9999 -9999 -9999 122.3 159.819 103.994 87.1859 226.11 122.809 115.579 111.539 404.745 879.553 952.714 998.636 1520.39 2283.84 2995.01 3785.97 4581.64 5210 5154.77 4823.4 4492.03 4160.66 3932.84 4173.57 3924.55 3574.87 3243.5
-9999 323.497 221.094 185.183 297.872 202.648 54.5458 161.052 143.233 85.7805 96.829 146.831 104.672 128.205 174.15 174.442 25 -9999 -9999 -9999 -9999 -9999 138.569 957.167 1406.23 1261.28 362.009 137.914 91.9628 407.949 393.187 91.4943 262.27 687.606 1069.66 828.58 700.084 229.615 153.255 708.528 941.433 234.616 298.031 108.558 -9999 -9999 -9999 -9999 -9999 904.149 247.227 103.569 270.397 490.146 140.533 102.922 104.262 199.104 99.1957 281.648 678.638 1135.16 1552.87 1986.07 2709.19 3509.19 4309.19 5109.19 5743.52 5623.4 5292.03 4960.66 4732.84 4937.01 4706.24 4374.87 4043.5
145.384 84.8652 111.255 205.105 567.145 645.075 266.31 242.115 212.14 320.887 326.555 266.846 278.81 282.157 476.287 151.942 89.5424 100 -9999 -9999 -9999 291.421 -9999 709.119 609.164 138.388 143.723 362.733 112.297 200.666 233.747 375.639 175.823 783.896 1464.16 1610.74 1169.28 652.083 800.336 1168.07 940.035 222.097 275.62 37.0234 -9999 1383.99 2225.67 2827.38 -9999 602.369 170.131 85.2443 123.882 228.837 358.582 187.362 157.832 101.359 124.372 71.986 144.194 459.497 854.702 1577.82 2377.82 3177.82 3977.82 4777.82 5501.47 5884.19 5957.78 5757.04 5527.14 5428.65 5061.58 4730.2 4398.83
165.487 276.064 148.771 312.113 191.088 708.98 912.143 739.851 733.758 916.877 1046.23 1012.13 945.641 860.562 723.035 508.758 447.801 262.868 66.4943 47.8962 91.1305 128.637 83.6818 166.655 160.42 118.926 594.113 532.38 88.4803 537.086 979.883 871.729 226.758 410.098 1139.65 1777.46 1747.46 1443.2 1449.2 1215.09 585.933 156.223 111.918 139.223 347.917 1167.36 1965.53 2653.29 -9999 -9999 283.68 137.707 90.0888 209.237 339.932 634.302 486.726 125.555 268.455 374.123 95.1095 116.827 626.168 1410.88 2210.88 3010.88 3796.28 4393.55 4790.34 5130.51 5474.69 5976.68 5877.94 5113.35 4390.24 3981.98 3650.61
117.364 174.058 250.26 817.93 817.31 1070.5 1589.91 1538.02 1532.84 1704.44 1846.23 1812.13 1736.4 1613.92 1378.73 1263.91 1226.39 948.544 684.746 383.184 262.982 459.359 191.18 686.42 769.649 696.599 996.123 903.446 620.056 988.617 1586.82 1268.45 559.543 173.411 682.161 1403.88 1682.41 1712.11 1237.31 589.315 196.201 144.952 127.007 164.258 581.383 1331.8 2050.61 2462.13 -9999 -9999 105.474 205.373 521.748 173.3 131.694 169.684 158.525 274.678 890.888 797.311 179.124 103.079 488.074 1286.24 2086.24 2814.85 3310.64 3658.97 3999.14 4343.32 4870.27 5408.83 5392.69 4778.04 3981.98 3258.87 2850.61
319.297 146.515 190.376 896.599 1504.57 1819.24 2186.3 2338.02 2332.84 2504.44 2646.23 2612.13 2536.4 2401.93 2177.82 2063.91 2024.26 1736.4 1410.79 998.636 993.994 817.911 177.608 601.742 1214.92 1485.68 1712.83 1619.24 1417.31 1704.83 2070.33 1657.89 975.294 352.803 377.922 843.926 883.211 955.178 935.274 255.955 68.8981 307.7 421.875 578.867 914.311 1547.79 -9999 -9999 -9999 817.453 293.658 189.036 808.639 714.196 434.746 435.144 205.132 525.704 1198.06 1070.12 638.112 391.984 646.231 1361.32 1830.23 2184.92 2527.6 2867.77 3211.95 3738.9 4277.46 4717.2 4651.08 4261.32 3646.67 2850.61 2127.49
863.032 665.533 702.692 1151.27 1918.59 2581.57 2950.61 3138.02 3132.84 3304.44 3446.23 3412.13 3336.4 3201.93 2977.82 2863.91 2824.26 2516.07 2129.41 1794.97 1708.33 1137.2 395.925 238.277 940.582 1563.5 1942.07 2089.01 2085.39 2340.95 2522.81 1879.98 1096.6 310.106 168.482 197.855 188.48 221.071 410.968 92.5206 -9999 -9999 1170.83 1268.99 -9999 -9999 -9999 -9999 -9999 296.306 333.693 253.856 995.213 1077.71 519.427 165.82 123.188 260.819 862.392 1519.97 1432.84 1190.53 1210.23 1052.39 1063.91 1421.98 1736.4 2080.58 2607.53 3146.09 3601.03 4158.46 3963.94 3519.71 3129.95 2515.3 1719.24
1125.36 1242.16 1480.65 1803 2282.65 3049.96 3712.95 3938.02 3932.84 4104.44 4246.23 4212.13 4136.4 4001.93 3777.82 3663.91 3611.52 3260.78 2902.59 2468.56 2149.78 1470.95 680.725 150.777 447.682 857.456 1188.26 1401.73 1565.53 1779.81 2098.4 2053.72 1320.85 578.703 164.036 549.234 655.178 567.449 75.9803 25 -9999 -9999 -9999 -9999 -9999 -9999 -9999 -9999 -9999 332.935 128.079 507.287 932.64 623.579 323.809 143.501 105.825 449.77 954.702 1736.4 2193.22 1812.85 1132.84 397.736 338.917 722.579 949.21 1476.16 2014.72 2469.66 3067.06 3463.35 3245.45 2832.57 2388.34 1999.23 1423.51
454.274 813.281 1594.6 2330.9 2886.3 3414.02 4181.33 4717.75 4732.84 4904.44 5046.23 5012.13 4936.4 4801.93 4577.82 4461.29 4316.71 3727.09 2967.77 2176.92 1611.23 1311.41 1083.35 613.679 175.13 227.026 559.256 602.581 765.533 979.81 1333.2 1838.66 1704.03 1026.78 289.082 470.286 1195.44 1319.34 -9999 -9999 -9999 -9999 -9999 -9999 -9999 -9999 -9999 -9999 -9999 -9999 150.777 164.396 224.483 191.134 76.5165 110.577 454.025 925.478 1532.29 2086.07 2672.52 2077.82 1281.48 641.766 194.148 161.539 352.018 884.704 1338.29 1935.69 2364.35 2741.18 2573.04 2114.08 1701.2 1256.97 879.499
257.74 805.2 1572.94 2209.25 2879.88 3654.87 4411.32 5193.98 5518.24 5704.44 5846.23 5810.78 5719.76 5540.88 5288.85 4939.46 4236.4 3436.4 2636.4 1836.4 1045.55 545.657 934.604 965.823 280.641 159.773 75.111 163.009 175.555 251.98 729.074 1359.02 1686.59 1147.98 379.17 350 1150 1721.11 -9999 -9999 -9999 -9999 -9999 -9999 -9999 -9999 -9999 -9999 -9999 -9999 71.3388 251.804 197.162 53.8833 156.851 652.611 1101.22 1580.53 2056.85 2663.66 3022.47 2412.85 1771.2 1211 859.099 653.795 212.048 255.059 809.075 1232.98 1616.82 2265.34 2129.09 1441.67 982.708 573.284 204.078
176.915 725.742 1186.43 1752.66 2543.5 3343.5 4143.5 4943.5 5737.66 6343.02 6404.62 6110.19 5535.34 5171.93 4840.56 4498.15 3961.24 3190.53 2390.53 1590.53 790.533 172.43 588.204 385.347 149.751 172.43 185.911 169.213 548.116 312.381 261.845 862.035 948.027 637.882 212.094 458.433 1235.08 1681.07 -9999 -9999 -9999 -9999 -9999 -9999 -9999 -9999 -9999 -9999 -9999 -9999 51.5574 165.958 327.497 190.912 186.382 881.981 1621.45 2216.58 2711.9 3188.22 3482.43 2902.57 2342.37 1960.66 1655.97 1266.6 821.223 271.396 218.769 486.745 1139.14 1931.22 1794.97 997.721 324.854 179.438 459.535
91.8734 229.55 652.351 1443.2 2243.2 3043.2 3843.2 4643.2 5443.2 6030.45 5779.04 5447.62 5005.4 4403.97 4040.56 3709.19 3377.82 3025.92 2342.75 1544.32 744.722 140.265 136.382 201.333 601.872 808.896 739.591 191.938 207.989 154.438 125.398 327.018 291.663 162.46 327.779 839.676 1329.36 -9999 -9999 -9999 -9999 -9999 -9999 -9999 -9999 -9999 -9999 -9999 -9999 452.702 143.436 80.1777 380.66 81.315 341.421 1084.34 1877.82 2675.16 3345.48 3843.27 4000.37 3473.74 3092.03 2760.08 2372.62 1951.12 1373.01 802.733 307.675 172.162 838.262 1632.47 1690.28 893.566 187.408 562.224 1116.55
96.1818 156.694 806.724 1591.94 2391.94 3191.94 3991.94 4791.94 5591.94 5708.47 5030.29 4647.67 4316.25 3874.03 3272.59 2909.19 2577.82 2327.45 1970.13 1283.68 650.244 226.221 211.466 772.353 1242.91 1572.76 1187.72 551.306 216.383 607.954 265.284 127.654 161.205 282.843 -9999 -9999 -9999 -9999 -9999 -9999 -9999 -9999 -9999 -9999 -9999 -9999 -9999 -9999 1353.04 798.571 192.873 73.6596 161.401 315.506 708.455 1433.85 2213.44 3009.19 3806.53 4476.86 4596.12 4223.4 3891.45 3486.47 3067.63 2504.39 1933.24 1320.12 622.617 149.464 575.88 1356.87 1506.43 910.413 202.275 575.888 1373.65
82.0083 232.138 959.099 1759.1 2559.1 3359.1 4159.1 4959.1 5709.08 5389.09 4589.09 3898.92 3516.3 3184.88 2742.66 2141.22 1777.82 1549.5 1237.31 883.731 240.062 111.761 433.433 1217.65 1756.17 1699.09 1419.26 711.891 192.678 633.831 725.05 300 -9999 -9999 -9999 -9999 -9999 -9999 -9999 -9999 -9999 -9999 -9999 -9999 -9999 -9999 -9999 -9999 1197.4 1038.74 556.751 116.291 439.897 684.256 881.893 1465.13 2260.19 3059.4 3859.4 4657.32 5210.59 4910.07 4278.68 3500.05 2837.88 2432.54 2016.81 1541.2 910.413 204.392 437.584 971.277 779.737 448.514 144.527 497.801 1053.12
552.876 819.113 1292.7 2060.66 2860.66 3660.66 4460.66 5260.66 5736.28 5057.72 4257.72 3457.72 2767.55 2384.92 2058.04 1643.81 1009.85 805.53 558.758 351.083 130.021 270.887 774.903 1389.09 1222.83 918.566 905.005 457.751 147.541 211.466 795.002 -9999 -9999 -9999 -9999 -9999 -9999 -9999 -9999 -9999 -9999 -9999 -9999 -9999 -9999 -9999 -9999 526.914 420.933 433.138 508.241 147.606 177.857 175.98 430.438 1212.13 2012.13 2812.13 3612.13 4412.13 5147.6 4767.77 3967.77 3167.77 2368.68 1706.5 1301.17 899.988 593.409 152.876 336.336 322.56 174.261 255.151 331.694 164.415 603.561
995.243 1597.81 1944.42 2424.07 3192.03 3992.03 4792.03 5582.95 5523.76 4726.35 3926.35 3126.35 2326.35 1636.18 1258.73 1112.41 590.774 147.319 228.856 75.7583 174.816 523.763 739.158 896.304 537.901 205.622 283.406 259.172 186.244 651.041 1214.83 -9999 -9999 -9999 -9999 -9999 -9999 -9999 -9999 -9999 -9999 -9999 -9999 -9999 -9999 -9999 -9999 86.2183 263.296 295.416 207.027 530.311 843.566 783.211 904.128 1469.81 2260.66 3060.66 3860.66 4660.66 5122.73 4436.4 3636.4 2836.4 2036.4 1237.31 575.781 213.944 80.1777 215.487 239.997 390.016 676.926 982.689 1007.03 322.319 345.221
1431.41 2124.76 2726.31 3075.79 3555.44 4323.4 5123.4 5747.24 5194.97 4394.97 3594.97 2794.97 1994.97 1194.97 509.987 350 354.549 192.965 75.111 121.515 91.4943 87.454 133.525 201.248 172.07 488.798 271.507 139.35 646.25 1225.77 1756.68 -9999 -9999 -9999 -9999 -9999 -9999 -9999 -9999 -9999 -9999 -9999 -9999 -9999 1012.81 516.282 45.4235 305.216 854.434 1048.62 921.599 1189.84 1590.96 1583.21 1694.97 2035.5 2601.18 3392.03 4192.03 4992.03 5182.11 4394.97 3594.97 2794.97 1994.97 1194.97 509.719 170.109 386.439 888.717 1006.07 1181.95 1469.97 1733.81 1258.73 507.038 185.42
1899.25 2562.78 3256.14 3857.68 4207.16 4686.81 5454.77 5930.79 5236.4 4436.4 3636.4 2836.4 2036.4 1237.31 577.416 391.291 177.183 75.8693 235.596 480.901 470.305 529.588 603.033 650 730.411 1058.13 564.258 220.067 1027.04 1534.58 -9999 -9999 -9999 -9999 -9999 -9999 -9999 -9999 -9999 -9999 -9999 -9999 -9999 831.16 481.548 201.693 149.529 501.482 1243.93 1778.98 1721.6 1960.66 2308.73 2383.21 2494.97 2826.35 3166.87 3732.56 4523.4 5319.32 5323.17 4527.08 3727.08 2927.08 2127.08 1359.12 877.389 233.433 369.879 1029.91 1579.92 1952.09 2267.09 2316.19 1633.23 1167.9 896.599
2361.57 3030.62 3694.15 4387.51 4989.05 5338.53 5818.18 6085.02 5328.55 4528.55 3728.55 2928.55 2128.55 1329.63 550.344 151.091 173.836 355.254 361.466 985.083 1239.13 1307.84 1403.03 1450 1527.67 1560.42 920.328 341.421 -9999 -9999 -9999 -9999 -9999 -9999 -9999 -9999 -9999 -9999 -9999 -9999 -9999 -9999 371.058 227.05 80.2887 76.6735 217.919 632.502 1394.97 2185.76 2518.92 2760.66 3092.03 3183.21 3294.97 3626.35 3957.72 4298.24 4863.93 5518.86 5018.2 4218.2 3418.2 2618.2 1818.2 1018.2 327.47 149.797 161.826 578.22 1267.02 1777.6 2520.55 2742.12 2299.27 1960.66 1696.6
2709.19 3492.94 4161.99 4825.52 5518.05 6074.2 6410.28 6273.31 5477.82 4677.82 3877.82 3077.82 2277.82 1477.82 754.702 336.558 599.551 1015.23 964.824 1434.12 1971.75 2107.84 2203.03 2250 2313.5 2061.63 1624.71 -9999 -9999 -9999 -9999 -9999 -9999 -9999 -9999 -9999 -9999 -9999 -9999 -9999 -9999 -9999 -9999 306.362 263.296 272.717 892.673 1279.62 1763.87 2526.35 3210.24 3560.66 3892.03 3983.21 4094.97 4426.35 4757.72 5089.09 5429.61 5665.66 4958.73 4158.73 3358.73 2558.73 1758.73 959.646 252.294 239.147 129.216 253.098 646.231 1394.97 2194.97 2951.97 3082.8 2760.66 2496.6
3115.84 3840.56 4546.66 4977.65 5363.42 5699.14 6030.51 6272.88 5807.53 5009.19 4209.19 3409.19 2609.19 1886.07 1422.9 1123.74 1281.48 1677.13 1763.91 2085.84 2535.89 2907.64 3003.03 3050 3057.23 2759.62 -9999 -9999 -9999 -9999 -9999 -9999 -9999 -9999 -9999 -9999 -9999 -9999 -9999 -9999 -9999 -9999 -9999 125 108.303 594.853 1351.88 2023.71 2410.99 2895.24 3657.12 4322.03 4692.03 4783.21 4894.97 5226.35 5557.72 5889.09 6219.9 6073.9 5284.92 4484.92 3684.92 2884.92 2085.84 1343.85 621.315 118.704 142.096 145.378 515.801 1315.53 2115.53 2915.53 3633.02 3560.66 3296.6
3602.66 4036.36 4055.18 4236.4 4567.77 4899.14 5230.51 5571.03 5932.57 5340.56 4540.56 3740.56 3017.44 2554.27 2219.24 1923.74 2077.82 2407.44 2563.91 2884.92 3217.21 3625.81 3801.99 3755.56 3516.67 -9999 -9999 -9999 -9999 -9999 -9999 -9999 -9999 -9999 -9999 -9999 -9999 -9999 -9999 -9999 -9999 -9999 -9999 0 96.829 768.566 1568.57 2367.93 3081.16 3538.76 4026.61 4788.49 5453.4 5583.21 5694.97 6026.35 6357.72 6689.09 6952.69 6416.3 5616.29 4816.29 4016.3 3217.21 2475.22 1752.31 1077.95 446.878 156.158 160.642 671.545 1458.73 2258.73 3058.73 3858.73 4320.67 4096.6
3431.73 3400.89 3255.18 3436.4 3767.77 4099.14 4439.66 5005.35 5782.05 5670.9 4871.93 4148.81 3685.64 3350.61 3019.24 2723.74 2877.82 3206.52 3363.91 3684.92 4016.3 4327.63 4200 -9999 -9999 -9999 -9999 -9999 -9999 -9999 -9999 -9999 -9999 -9999 -9999 -9999 -9999 -9999 -9999 -9999 -9999 -9999 -9999 281.239 146.783 781.066 1581.07 2381.07 3181.07 3975 4625.17 5157.99 5919.86 6364.62 6494.97 6826.35 7157.72 7489.09 7502.65 6747.67 5947.67 5147.67 4348.58 3606.59 2883.68 2209.32 1577.6 1116.81 508.934 208.812 883.601 1654.96 2454.96 3254.96 4054.96 4798.11 4895.15
2834.34 2600.89 2455.18 2636.4 2967.77 3308.29 3873.98 4664.82 5464.82 5902.4 5280.19 4817.01 4481.98 4150.61 3819.24 3523.74 3677.82 4006.52 4163.91 4484.92 4816.3 4996.37 -9999 -9999 -9999 -9999 -9999 -9999 -9999 -9999 -9999 -9999 -9999 -9999 -9999 -9999 -9999 -9999 -9999 -9999 -9999 -9999 -9999 135.355 283.387 1024.22 1817.83 2617.83 3417.83 4217.83 4953.01 5498.69 6092.03 6804.62 7183.34 7544.43 7876.74 8205.46 7860.1 7060.1 6260.1 5472.47 4737.96 4015.05 3340.69 2708.97 2222.39 1557.71 759.099 154.438 623.376 1394.97 2194.97 2994.97 3794.97 4594.97 5338.67
2036.4 1800.89 1655.18 1836.4 2176.92 2742.61 3533.45 4333.45 5133.45 5893 5943.37 5613.35 5281.98 4950.61 4619.24 4323.74 4477.82 4806.52 4963.91 5284.92 5561.54 -9999 -9999 -9999 -9999 -9999 -9999 -9999 -9999 -9999 -9999 -9999 -9999 -9999 -9999 -9999 -9999 -9999 -9999 -9999 -9999 -9999 -9999 308.803 205.622 918.566 1718.57 2518.57 3314.74 3973.33 4455.32 5011.07 5746.2 6312.47 6764.82 7110.41 7453.68 7903.42 7719.72 6920.46 6120.46 5338.76 4779.28 4318.12 3780 3196.04 2474.22 1674.26 875.716 194.749 507.537 1301.78 2101.78 2901.78 3701.78 4501.78 5301.78
1236.55 1000.89 855.178 1045.55 1611.23 2402.08 3202.08 4002.08 4802.08 5602.08 6338.76 6408.34 6081.98 5750.61 5419.24 5123.74 5277.82 5606.52 5763.91 6084.92 6305.95 -9999 -9999 -9999 -9999 -9999 -9999 -9999 -9999 -9999 -9999 -9999 -9999 -9999 -9999 -9999 -9999 -9999 -9999 -9999 -9999 -9999 -9999 236.366 220.76 905.579 1676.59 2370.88 2875.22 3323.95 3879.7 4614.83 5181.1 5633.45 5979.04 6322.31 6773.86 7234.16 7320.6 6589.09 5789.09 4989.09 4207.39 3685.64 3350.3 2920.26 2275.57 1530.93 731.066 139.239 697.598 1488.02 2288.02 3088.02 3888.02 4642.14 5451.63
451.038 234.172 150.148 544.742 1332.84 2132.84 2932.84 3732.84 4532.84 5332.84 6132.84 6869.16 6881.98 6550.61 6219.24 5923.74 6077.82 6406.52 6560.78 6717.71 -9999 -9999 -9999 -9999 -9999 -9999 -9999 -9999 -9999 -9999 -9999 -9999 -9999 -9999 -9999 -9999 -9999 -9999 -9999 -9999 -9999 -9999 -9999 -9999 75.1072 613.039 1275.17 1746.27 2192.58 2748.33 3483.46 4049.73 4502.07 4847.67 5190.94 5642.49 6102.79 6469.98 6870.57 6257.72 5457.72 4657.72 3857.72 3076.02 2554.27 2218.92 1797.97 1220.04 672.886 177.386 765.533 1565.53 2365.53 3165.53 3943.08 4511.11 -9999
41.3092 -9999 -9999 847.739 1563.71 2360.66 3160.66 3960.66 4760.66 5560.66 6360.66 7160.66 7638.48 7350.61 7019.24 6723.74 6877.82 7093.13 7028.91 -9999 -9999 -9999 -9999 -9999 -9999 -9999 -9999 -9999 -9999 -9999 -9999 -9999 -9999 -9999 -9999 -9999 -9999 -9999 -9999 -9999 -9999 -9999 -9999 -9999 0 184.777 621.924 1061.2 1616.96 2352.09 2918.36 3370.7 3716.3 4059.57 4511.12 4971.42 5338.61 5948.38 6535.53 5926.35 5126.35 4326.35 3526.35 2726.35 1944.65 1422.9 1142.73 687.468 188.127 202.497 901.394 1672.67 2412.5 -9999 -9999 -9999 -9999
