public/models/data/input/map/ntb/800/mapdplant.asc
NCOLS 484
NROWS 342
XLLCORNER 370313.940441
YLLCORNER 9266624.452423
CELLSIZE 800.000000
NODATA_VALUE       -9999
[rows 272 to 305 of 342, columns 77 to 153 of 484]
12003.3 12803.3 13599.6 14209.2 14558.9 14890.3 15221.7 15553 15884.4 16215.8 16624 17347.1 18147.1 18947.1 19747.1 20547.1 21347.1 22147.1 22947.1 23747.1 24547.1 25347.1 26147.1 26947.1 27747.1 28547.1 29347.1 30147.1 30947.1 31747.1 32547.1 33347.1 34147.1 34733.4 -9999 -9999 -9999 -9999 -9999 -9999 -9999 -9999 -9999 -9999 -9999 -9999 -9999 -9999 -9999 -9999 -9999 -9999 -9999 -9999 -9999 84281.5 83565 82765 81965 81165 80365 79565 78765 77965 77165 76365 75565 74765 73965 73165 72365 71565 70765 69965 69165 68365 67565
12343.8 13134.7 13934.7 14731 15340.6 15690.3 16021.7 16353 16684.4 17015.8 17347.1 17755.4 18478.5 19278.5 20078.5 20878.5 21678.5 22478.5 23278.5 24078.5 24878.5 25678.5 26478.5 27278.5 28078.5 28878.5 29678.5 30478.5 31278.5 32078.5 32878.5 33678.5 34478.5 34996.6 -9999 -9999 -9999 -9999 -9999 -9999 -9999 -9999 -9999 -9999 -9999 -9999 -9999 -9999 -9999 -9999 -9999 -9999 -9999 -9999 85248.8 84694.6 83896.4 83096.4 82296.4 81496.4 80696.4 79896.4 79096.4 78296.4 77496.4 76696.4 75896.4 75096.4 74296.4 73496.4 72696.4 71896.4 71096.4 70296.4 69496.4 68696.4 67896.4
12909.5 13475.2 14266 15066 15862.4 16472 16821.7 17153 17484.4 17815.8 18147.1 18478.5 18886.8 19609.9 20409.9 21209.9 22009.9 22809.9 23609.9 24409.9 25209.9 26009.9 26809.9 27609.9 28409.9 29209.9 30009.9 30809.9 31609.9 32409.9 33209.9 34009.9 34804.7 35135.6 -9999 -9999 -9999 -9999 -9999 -9999 -9999 -9999 -9999 -9999 -9999 -9999 -9999 -9999 -9999 -9999 -9999 -9999 -9999 86385.6 85825.4 85027.8 84227.8 83427.8 82627.8 81827.8 81027.8 80227.8 79427.8 78627.8 77827.8 77027.8 76227.8 75427.8 74627.8 73827.8 73027.8 72227.8 71427.8 70627.8 69827.8 69027.8 68227.8
13700.3 14040.9 14606.5 15397.4 16197.4 16993.7 17603.3 17953 18284.4 18615.8 18947.1 19278.5 19609.9 20018.1 20741.3 21541.3 22341.3 23141.3 23941.3 24741.3 25541.3 26341.3 27141.3 27941.3 28741.3 29541.3 30341.3 31141.3 31941.3 32741.3 33541.3 34341.3 35024.1 -9999 -9999 -9999 -9999 -9999 -9999 -9999 -9999 -9999 -9999 -9999 -9999 -9999 -9999 -9999 -9999 -9999 -9999 -9999 -9999 86752.9 86159.2 85359.2 84559.2 83759.2 82959.2 82159.2 81359.2 80559.2 79759.2 78959.2 78159.2 77359.2 76559.2 75759.2 74959.2 74159.2 73359.2 72559.2 71759.2 70959.2 70159.2 69359.2 68559.2
14500.3 14831.7 15172.2 15737.9 16528.8 17328.8 18125.1 18734.7 19084.4 19415.8 19747.1 20078.5 20409.9 20741.3 21149.5 21872.6 22672.6 23472.6 24272.6 25072.6 25872.6 26672.6 27472.6 28272.6 29072.6 29872.6 30672.6 31472.6 32272.6 33072.6 33872.6 34663.6 35024.8 -9999 -9999 -9999 -9999 -9999 -9999 -9999 -9999 -9999 -9999 -9999 -9999 -9999 -9999 -9999 -9999 -9999 -9999 -9999 -9999 87073.9 86490.5 85690.5 84890.5 84090.5 83290.5 82490.5 81690.5 80890.5 80090.5 79290.5 78490.5 77690.5 76890.5 76090.5 75290.5 74490.5 73690.5 72890.5 72090.5 71290.5 70490.5 69690.5 68890.5
15300.3 15631.7 15963.1 16303.6 16869.3 17660.1 18460.1 19256.5 19866.1 20215.8 20547.1 20878.5 21209.9 21541.3 21872.6 22280.9 23004 23804 24604 25404 26204 27004 27804 28604 29404 30204 31004 31804 32604 33404 34202.5 34759.5 -9999 -9999 -9999 -9999 -9999 -9999 -9999 -9999 -9999 -9999 -9999 -9999 -9999 -9999 -9999 -9999 -9999 -9999 -9999 -9999 88175.5 87615.4 86821.9 86021.9 85221.9 84421.9 83621.9 82821.9 82021.9 81221.9 80421.9 79621.9 78821.9 78021.9 77221.9 76421.9 75621.9 74821.9 74021.9 73221.9 72421.9 71621.9 70821.9 70021.9 69221.9
16100.3 16431.7 16763.1 17094.4 17435 18000.7 18791.5 19591.5 20387.8 20997.5 21347.1 21678.5 22009.9 22341.3 22672.6 23004 23412.3 24135.4 24935.4 25735.4 26535.4 27335.4 28135.4 28935.4 29735.4 30535.4 31335.4 32135.4 32935.4 33735.4 34365.9 -9999 -9999 -9999 -9999 -9999 -9999 -9999 -9999 -9999 -9999 -9999 -9999 -9999 -9999 -9999 -9999 -9999 -9999 -9999 -9999 -9999 88644 87953.3 87153.3 86353.3 85553.3 84753.3 83953.3 83153.3 82353.3 81553.3 80753.3 79953.3 79153.3 78353.3 77553.3 76753.3 75953.3 75153.3 74353.3 73553.3 72753.3 71953.3 71153.3 70353.3 69553.3
16900.3 17231.7 17563.1 17894.4 18225.8 18566.3 19132 19922.9 20722.9 21519.2 22128.8 22478.5 22809.9 23141.3 23472.6 23804 24135.4 24543.6 25266.8 26066.8 26866.8 27666.8 28466.8 29266.8 30066.8 30866.8 31666.8 32466.8 33266.8 34016.5 34371.8 -9999 -9999 -9999 -9999 -9999 -9999 -9999 -9999 -9999 -9999 -9999 -9999 -9999 -9999 -9999 -9999 -9999 -9999 -9999 -9999 89929.7 89082.2 88284.7 87484.7 86684.7 85884.7 85084.7 84284.7 83484.7 82684.7 81884.7 81084.7 80284.7 79484.7 78684.7 77884.7 77084.7 76284.7 75484.7 74684.7 73884.7 73084.7 72284.7 71484.7 70684.7 69884.7
17700.3 18031.7 18363.1 18694.4 19025.8 19357.2 19697.7 20263.4 21054.3 21854.3 22650.6 23260.2 23609.9 23941.3 24272.6 24604 24935.4 25266.8 25675 26398.1 27198.1 27998.1 28798.1 29598.1 30398.1 31198.1 31998.1 32798.1 33451.5 -9999 -9999 -9999 -9999 -9999 -9999 -9999 -9999 -9999 -9999 -9999 -9999 -9999 -9999 -9999 -9999 -9999 -9999 -9999 -9999 -9999 90819.2 90211 89416 88616 87816 87016 86216 85416 84616 83816 83016 82216 81416 80616 79816 79016 78216 77416 76616 75816 75016 74216 73416 72616 71816 71016 70216
18500.3 18831.7 19163.1 19494.4 19825.8 20157.2 20488.6 20829.1 21394.8 22185.6 22985.6 23782 24391.6 24741.3 25072.6 25404 25735.4 26066.8 26398.1 26806.4 27529.5 28329.5 29129.5 29929.5 30729.5 31529.5 32329.5 33108.4 33434.5 -9999 -9999 -9999 -9999 -9999 -9999 -9999 -9999 -9999 -9999 -9999 -9999 -9999 -9999 -9999 -9999 -9999 -9999 -9999 -9999 -9999 -9999 90308 89722.8 88907.1 88147.4 87347.4 86547.4 85747.4 84947.4 84147.4 83347.4 82547.4 81747.4 80947.4 80147.4 79347.4 78547.4 77747.4 76947.4 76147.4 75347.4 74547.4 73747.4 72947.4 72147.4 71347.4 70547.4
19300.3 19631.7 19963.1 20294.4 20625.8 20957.2 21288.6 21619.9 21960.5 22526.2 23317 24117 24913.3 25523 25872.6 26204 26535.4 26866.8 27198.1 27529.5 27937.8 28660.9 29460.9 30260.9 31060.9 31860.9 32660.9 33285.6 -9999 -9999 -9999 -9999 -9999 -9999 -9999 -9999 -9999 -9999 -9999 -9999 -9999 -9999 -9999 -9999 -9999 -9999 -9999 -9999 -9999 -9999 -9999 -9999 -9999 89073.8 88475.7 87678.8 86878.8 86078.8 85278.8 84478.8 83678.8 82878.8 82078.8 81278.8 80478.8 79678.8 78878.8 78078.8 77278.8 76478.8 75678.8 74878.8 74078.8 73278.8 72478.8 71678.8 70878.8
20100.3 20431.7 20763.1 21094.4 21425.8 21757.2 22088.6 22419.9 22751.3 23091.8 23657.5 24448.4 25248.4 26044.7 26654.3 27004 27335.4 27666.8 27998.1 28329.5 28660.9 29069.1 29792.3 30592.3 31392.3 32192.3 32992.3 33501.7 -9999 -9999 -9999 -9999 -9999 -9999 -9999 -9999 -9999 -9999 -9999 -9999 -9999 -9999 -9999 -9999 -9999 -9999 -9999 -9999 -9999 -9999 -9999 -9999 -9999 89222.4 88778.9 88010.2 87210.2 86410.2 85610.2 84810.2 84010.2 83210.2 82410.2 81610.2 80810.2 80010.2 79210.2 78410.2 77610.2 76810.2 76010.2 75210.2 74410.2 73610.2 72810.2 72010.2 71210.2
20900.3 21231.7 21563.1 21894.4 22225.8 22557.2 22888.6 23219.9 23551.3 23882.7 24223.2 24788.9 25579.8 26379.8 27176.1 27785.7 28135.4 28466.8 28798.1 29129.5 29460.9 29792.3 30200.5 30923.6 31723.6 32523.6 33256 -9999 -9999 -9999 -9999 -9999 -9999 -9999 -9999 -9999 -9999 -9999 -9999 -9999 -9999 -9999 -9999 -9999 -9999 -9999 -9999 -9999 -9999 -9999 -9999 -9999 -9999 -9999 89002.1 88341.5 87541.5 86741.5 85941.5 85141.5 84341.5 83541.5 82741.5 81941.5 81141.5 80341.5 79541.5 78741.5 77941.5 77141.5 76341.5 75541.5 74741.5 73941.5 73141.5 72341.5 71541.5
21700.3 22031.7 22363.1 22694.4 23025.8 23357.2 23688.6 24019.9 24351.3 24682.7 25014.1 25354.6 25920.3 26711.1 27511.1 28307.5 28917.1 29266.8 29598.1 29929.5 30260.9 30592.3 30923.6 31331.9 32055 32853.5 33315.6 -9999 -9999 -9999 -9999 -9999 -9999 -9999 -9999 -9999 -9999 -9999 -9999 -9999 -9999 -9999 -9999 -9999 -9999 -9999 -9999 -9999 -9999 -9999 -9999 -9999 -9999 -9999 89229.5 88672.9 87872.9 87072.9 86272.9 85472.9 84672.9 83872.9 83072.9 82272.9 81472.9 80672.9 79872.9 79072.9 78272.9 77472.9 76672.9 75872.9 75072.9 74272.9 73472.9 72672.9 71872.9
22500.3 22831.7 23163.1 23494.4 23825.8 24157.2 24488.6 24819.9 25151.3 25482.7 25814.1 26145.4 26486 27051.7 27842.5 28642.5 29438.8 30048.5 30398.1 30729.5 31060.9 31392.3 31723.6 32055 32463.3 32980.1 -9999 -9999 -9999 -9999 -9999 -9999 -9999 -9999 -9999 -9999 -9999 -9999 -9999 -9999 -9999 -9999 -9999 -9999 -9999 -9999 -9999 -9999 -9999 -9999 -9999 -9999 -9999 -9999 -9999 88823.9 88204.3 87404.3 86604.3 85804.3 85004.3 84204.3 83404.3 82604.3 81804.3 81004.3 80204.3 79404.3 78604.3 77804.3 77004.3 76204.3 75404.3 74604.3 73804.3 73004.3 72204.3
23300.3 23631.7 23963.1 24294.4 24625.8 24957.2 25288.6 25619.9 25951.3 26282.7 26614.1 26945.4 27276.8 27617.3 28183 28973.9 29773.9 30570.2 31179.8 31529.5 31860.9 32192.3 32523.6 32855 33047.9 -9999 -9999 -9999 -9999 -9999 -9999 -9999 -9999 -9999 -9999 -9999 -9999 -9999 -9999 -9999 -9999 -9999 -9999 -9999 -9999 -9999 -9999 -9999 -9999 -9999 -9999 -9999 -9999 -9999 -9999 89004.8 88535.7 87735.7 86935.7 86135.7 85335.7 84535.7 83735.7 82935.7 82135.7 81335.7 80535.7 79735.7 78935.7 78135.7 77335.7 76535.7 75735.7 74935.7 74135.7 73335.7 72535.7
24100.3 24431.7 24763.1 25094.4 25425.8 25757.2 26088.6 26419.9 26751.3 27082.7 27414.1 27745.4 28076.8 28408.2 28748.7 29314.4 30105.3 30905.3 31701.6 32311.2 32660.9 32992.3 33323.6 33640.6 33491.4 -9999 -9999 -9999 -9999 -9999 -9999 -9999 -9999 -9999 -9999 -9999 -9999 -9999 -9999 -9999 -9999 -9999 -9999 -9999 -9999 -9999 -9999 -9999 -9999 -9999 -9999 -9999 -9999 91401.3 -9999 89606.2 88867 88067 87267 86467 85667 84867 84067 83267 82467 81667 80867 80067 79267 78467 77667 76867 76067 75267 74467 73667 72867
24900.3 25231.7 25563.1 25894.4 26225.8 26557.2 26888.6 27219.9 27551.3 27882.7 28214.1 28545.4 28876.8 29208.2 29539.6 29880.1 30445.8 31236.6 32036.6 32833 33442.6 33792.3 34123.6 34331.7 -9999 -9999 -9999 -9999 -9999 -9999 -9999 -9999 -9999 -9999 -9999 -9999 -9999 -9999 -9999 -9999 -9999 -9999 -9999 -9999 -9999 -9999 -9999 -9999 -9999 -9999 -9999 -9999 91944.9 91597.4 90809.4 89998.4 89198.4 88398.4 87598.4 86798.4 85998.4 85198.4 84398.4 83598.4 82798.4 81998.4 81198.4 80398.4 79598.4 78798.4 77998.4 77198.4 76398.4 75598.4 74798.4 73998.4 73198.4
25700.3 26031.7 26363.1 26694.4 27025.8 27357.2 27688.6 28019.9 28351.3 28682.7 29014.1 29345.4 29676.8 30008.2 30339.6 30670.9 31011.5 31577.2 32368 33168 33964.3 34574 34923.6 35222.1 -9999 -9999 -9999 -9999 -9999 -9999 -9999 -9999 -9999 -9999 -9999 -9999 -9999 -9999 -9999 -9999 -9999 -9999 -9999 -9999 -9999 -9999 -9999 -9999 -9999 -9999 -9999 -9999 92426.4 91922.6 91128.3 90329.8 89529.8 88729.8 87929.8 87129.8 86329.8 85529.8 84729.8 83929.8 83129.8 82329.8 81529.8 80729.8 79929.8 79129.8 78329.8 77529.8 76729.8 75929.8 75129.8 74329.8 73529.8
26500.3 26831.7 27163.1 27494.4 27825.8 28157.2 28488.6 28819.9 29151.3 29482.7 29814.1 30145.4 30476.8 30808.2 31139.6 31470.9 31802.3 32142.8 32708.5 33499.4 34299.4 35095.7 35703.9 35864.1 -9999 -9999 -9999 -9999 -9999 -9999 -9999 -9999 -9999 -9999 -9999 -9999 -9999 -9999 -9999 -9999 -9999 -9999 -9999 -9999 -9999 -9999 -9999 -9999 -9999 -9999 -9999 -9999 -9999 92366.2 91207.1 90674.4 89912.4 89061.2 88261.2 87461.2 86661.2 85861.2 85061.2 84261.2 83461.2 82661.2 81861.2 81061.2 80261.2 79461.2 78661.2 77861.2 77061.2 76261.2 75461.2 74661.2 73861.2
27300.3 27631.7 27963.1 28294.4 28625.8 28957.2 29288.6 29619.9 29951.3 30282.7 30614.1 30945.4 31276.8 31608.2 31939.6 32270.9 32602.3 32933.7 33274.2 33839.9 34630.8 35429.3 36010.8 -9999 -9999 -9999 -9999 -9999 -9999 -9999 -9999 -9999 -9999 -9999 -9999 -9999 -9999 -9999 -9999 -9999 -9999 -9999 -9999 -9999 -9999 -9999 -9999 -9999 -9999 -9999 -9999 -9999 -9999 -9999 -9999 91045.9 90270.6 89392.5 88592.5 87792.5 86992.5 86192.5 85392.5 84592.5 83792.5 82992.5 82192.5 81392.5 80592.5 79792.5 78992.5 78192.5 77392.5 76592.5 75792.5 74992.5 74192.5
28100.3 28431.7 28763.1 29094.4 29425.8 29757.2 30088.6 30419.9 30751.3 31082.7 31414.1 31745.4 32076.8 32408.2 32739.6 33070.9 33402.3 33733.7 34065.1 34405.6 34971.3 35586 -9999 -9999 -9999 -9999 -9999 -9999 -9999 -9999 -9999 -9999 -9999 -9999 -9999 -9999 -9999 -9999 -9999 -9999 -9999 -9999 -9999 -9999 -9999 -9999 -9999 -9999 -9999 -9999 -9999 -9999 -9999 -9999 91804.4 91323.9 90523.9 89723.9 88923.9 88123.9 87323.9 86523.9 85723.9 84923.9 84123.9 83323.9 82523.9 81723.9 80923.9 80123.9 79323.9 78523.9 77723.9 76923.9 76123.9 75323.9 74523.9
28900.3 29231.7 29563.1 29894.4 30225.8 30557.2 30888.6 31219.9 31551.3 31882.7 32214.1 32545.4 32876.8 33208.2 33539.6 33870.9 34202.3 34533.7 34846 35170 35367 -9999 -9999 -9999 -9999 -9999 -9999 -9999 -9999 -9999 -9999 -9999 -9999 -9999 -9999 -9999 -9999 -9999 -9999 -9999 -9999 -9999 -9999 -9999 -9999 -9999 -9999 -9999 -9999 -9999 -9999 -9999 -9999 -9999 92211.8 91708.5 90731.8 90051.8 89235.7 88455.3 87655.3 86855.3 86055.3 85255.3 84455.3 83655.3 82855.3 82055.3 81255.3 80455.3 79655.3 78855.3 78055.3 77255.3 76455.3 75655.3 74855.3
29700.3 30031.7 30363.1 30694.4 31025.8 31357.2 31688.6 32019.9 32351.3 32682.7 33014.1 33345.4 33676.8 34008.2 34339.6 34670.9 35002.3 35308.9 36336.7 36231.3 -9999 -9999 -9999 -9999 -9999 -9999 -9999 -9999 -9999 -9999 -9999 -9999 -9999 -9999 -9999 -9999 -9999 -9999 -9999 -9999 -9999 -9999 -9999 -9999 -9999 -9999 -9999 -9999 -9999 -9999 -9999 -9999 -9999 -9999 92341.7 92374.7 -9999 -9999 89373.6 88762.4 87986.7 87186.7 86386.7 85586.7 84786.7 83986.7 83186.7 82386.7 81586.7 80786.7 79986.7 79186.7 78386.7 77586.7 76786.7 75986.7 75186.7
30500.3 30831.7 31163.1 31494.4 31825.8 32157.2 32488.6 32819.9 33151.3 33482.7 33814.1 34145.4 34476.8 34808.2 35139.6 35470.9 35801 35938.9 -9999 -9999 -9999 -9999 -9999 -9999 -9999 -9999 -9999 -9999 -9999 -9999 -9999 -9999 -9999 -9999 -9999 -9999 -9999 -9999 -9999 -9999 -9999 -9999 -9999 -9999 -9999 -9999 -9999 -9999 -9999 -9999 -9999 -9999 -9999 -9999 -9999 -9999 -9999 -9999 89779 89214.6 88318 87518 86718 85918 85118 84318 83518 82718 81918 81118 80318 79518 78718 77918 77118 76318 75518
31300.3 31631.7 31963.1 32294.4 32625.8 32957.2 33288.6 33619.9 33951.3 34282.7 34614.1 34945.4 35276.8 35608.2 35939.6 36270.9 36662 -9999 -9999 -9999 -9999 -9999 -9999 -9999 -9999 -9999 -9999 -9999 -9999 -9999 -9999 -9999 -9999 -9999 -9999 -9999 -9999 -9999 -9999 -9999 -9999 -9999 -9999 -9999 -9999 -9999 -9999 -9999 -9999 -9999 -9999 -9999 -9999 -9999 -9999 -9999 -9999 -9999 89871.6 89463.2 88649.4 87849.4 87049.4 86249.4 85449.4 84649.4 83849.4 83049.4 82249.4 81449.4 80649.4 79849.4 79049.4 78249.4 77449.4 76649.4 75849.4
32100.3 32431.7 32763.1 33094.4 33425.8 33757.2 34088.6 34419.9 34751.3 35082.7 35414.1 35745.4 36076.8 36408.2 36739.6 37070.9 37363.4 -9999 -9999 -9999 -9999 -9999 -9999 -9999 -9999 -9999 -9999 -9999 -9999 -9999 -9999 -9999 -9999 -9999 -9999 -9999 -9999 -9999 -9999 -9999 -9999 -9999 -9999 -9999 -9999 -9999 -9999 -9999 -9999 -9999 -9999 -9999 -9999 -9999 -9999 -9999 -9999 -9999 -9999 89767.2 88980.8 88180.8 87380.8 86580.8 85780.8 84980.8 84180.8 83380.8 82580.8 81780.8 80980.8 80180.8 79380.8 78580.8 77780.8 76980.8 76180.8
32900.3 33231.7 33563.1 33894.4 34225.8 34557.2 34888.6 35219.9 35551.3 35882.7 36214.1 36545.4 36876.8 37170.7 37504.6 37870.9 38112.2 -9999 -9999 -9999 -9999 -9999 -9999 -9999 -9999 -9999 -9999 -9999 -9999 -9999 -9999 -9999 -9999 -9999 -9999 -9999 -9999 -9999 -9999 -9999 -9999 -9999 -9999 -9999 -9999 -9999 -9999 -9999 -9999 -9999 -9999 -9999 -9999 -9999 -9999 -9999 -9999 -9999 90541.5 90110.3 89312.2 88512.2 87712.2 86912.2 86112.2 85312.2 84512.2 83712.2 82912.2 82112.2 81312.2 80512.2 79712.2 78912.2 78112.2 77312.2 76512.2
33700.3 34031.7 34363.1 34694.4 35025.8 35357.2 35688.6 36019.9 36351.3 36682.7 37014.1 37345.4 37680.3 37936 -9999 39676.2 40327.4 -9999 -9999 -9999 -9999 -9999 -9999 -9999 -9999 -9999 -9999 -9999 -9999 -9999 -9999 -9999 -9999 -9999 -9999 -9999 -9999 -9999 -9999 -9999 -9999 -9999 -9999 -9999 -9999 -9999 -9999 -9999 -9999 -9999 -9999 -9999 -9999 -9999 -9999 95039.8 -9999 -9999 -9999 90254.4 89647.2 88843.5 88043.5 87243.5 86443.5 85643.5 84843.5 84043.5 83243.5 82443.5 81643.5 80843.5 80043.5 79243.5 78443.5 77643.5 76843.5
34500.3 34831.7 35163.1 35494.4 35825.8 36157.2 36488.6 36819.9 37151.3 37482.7 37814.1 38156.3 38476.8 38832.8 40900.7 41533 42028.5 -9999 -9999 -9999 -9999 -9999 -9999 -9999 -9999 -9999 -9999 -9999 -9999 -9999 -9999 -9999 -9999 -9999 -9999 -9999 -9999 -9999 -9999 -9999 -9999 -9999 -9999 -9999 -9999 -9999 -9999 -9999 -9999 -9999 -9999 -9999 -9999 -9999 -9999 94698.5 94256.8 -9999 -9999 92332.1 89977.5 89174.9 88374.9 87574.9 86774.9 85974.9 85174.9 84374.9 83574.9 82774.9 81974.9 81174.9 80374.9 79574.9 78774.9 77974.9 77174.9
35300.3 35631.7 35963.1 36294.4 36625.8 36950.8 37264.4 37603.5 37955.2 38278.5 38611.5 38616.2 39174.3 39555.6 40396.4 41188.9 41724.3 -9999 -9999 53838.1 53319.4 53149.4 -9999 -9999 -9999 -9999 -9999 -9999 -9999 -9999 -9999 -9999 -9999 -9999 -9999 -9999 -9999 -9999 -9999 -9999 -9999 -9999 -9999 -9999 -9999 -9999 -9999 -9999 -9999 -9999 -9999 -9999 -9999 -9999 -9999 94553.3 93804.8 92999.6 92088.8 91479.2 90290.3 89506.3 88706.3 87906.3 87106.3 86306.3 85506.3 84706.3 83906.3 83106.3 82306.3 81506.3 80706.3 79906.3 79106.3 78306.3 77506.3
36100.3 36431.7 36763.1 37094.4 37413.1 37314 37932.4 38406.9 38657.9 38886.9 39079.1 -9999 -9999 40501.5 40771.6 41416 41798.1 -9999 52678.1 53585 52920.5 52770.6 -9999 -9999 -9999 -9999 -9999 -9999 -9999 -9999 -9999 -9999 -9999 -9999 -9999 -9999 -9999 -9999 -9999 -9999 -9999 -9999 -9999 -9999 -9999 -9999 -9999 -9999 -9999 -9999 -9999 -9999 -9999 96164.3 95463.6 94634.5 93837.7 93037.7 92237.7 91437.7 90637.7 89837.7 89037.7 88237.7 87437.7 86637.7 85837.7 85037.7 84237.7 83437.7 82637.7 81837.7 81037.7 80237.7 79437.7 78637.7 77837.7
36900.3 37228.6 37563.1 37874.5 38110.8 -9999 -9999 39260.6 39387.4 -9999 -9999 -9999 -9999 42044.4 41592.6 41938 -9999 51561.7 52104.8 51542.1 51983.1 52037.8 52379.2 -9999 -9999 -9999 -9999 -9999 -9999 -9999 -9999 -9999 -9999 -9999 -9999 -9999 -9999 -9999 -9999 -9999 -9999 -9999 -9999 -9999 -9999 -9999 -9999 -9999 -9999 -9999 -9999 -9999 96936.2 96442.9 95769 94969 94169 93369 92569 91769 90969 90169 89369 88569 87769 86969 86169 85369 84569 83769 82969 82169 81369 80569 79769 78969 78169
37587.7 38251.8 38363.1 38870.4 -9999 -9999 -9999 -9999 -9999 -9999 -9999 44123 43217.1 42661.6 42402.3 42547.6 51539 51090.7 50651.3 50718.2 50888.2 51579.7 52483.5 -9999 -9999 -9999 -9999 -9999 -9999 -9999 -9999 -9999 -9999 -9999 -9999 -9999 -9999 -9999 -9999 -9999 -9999 -9999 -9999 -9999 -9999 -9999 -9999 -9999 -9999 -9999 -9999 -9999 -9999 96677.6 96099.1 95300.4 94500.4 93700.4 92900.4 92100.4 91300.4 90500.4 89700.4 88900.4 88100.4 87300.4 86500.4 85700.4 84900.4 84100.4 83300.4 82500.4 81700.4 80900.4 80100.4 79300.4 78500.4
