public/models/data/input/map/ntb/800/mapslope.asc
NCOLS 484
NROWS 342
XLLCORNER 370313.940441
YLLCORNER 9266624.452423
CELLSIZE 800.000000
NODATA_VALUE       -9999
[rows 238 to 271 of 342, columns 0 to 76 of 484]
-9999 -9999 -9999 -9999 -9999 -9999 -9999 -9999 -9999 -9999 -9999 -9999 -9999 -9999 -9999 -9999 -9999 -9999 -9999 -9999 -9999 -9999 -9999 -9999 -9999 -9999 -9999 -9999 5.02585 9.72809 2.13226 -9999 1.38439 -9999 -9999 -9999 -9999 -9999 1.55942 2.80086 -9999 1.75938 2.36747 1.71564 1.48504 3.01551 1.4858 1.8161 2.19982 8.37264 22.7414 28.5493 34.6464 35.7824 42.9759 19.4331 10.8284 9.99724 8.29202 9.5993 7.72867 14.8734 17.9398 12.7229 15.4121 24.9838 19.0905 26.5582 40.559 25.6134 34.8363 27.9865 31.5039 36.0283 32.0174 58.6738 71.5655
-9999 -9999 -9999 -9999 -9999 -9999 -9999 -9999 -9999 -9999 -9999 -9999 -9999 -9999 -9999 -9999 -9999 -9999 -9999 -9999 -9999 -9999 -9999 -9999 -9999 -9999 -9999 -9999 -9999 -9999 -9999 -9999 -9999 -9999 -9999 -9999 -9999 -9999 2.05731 1.9191 2.14737 4.24508 5.46101 3.10703 3.93953 4.78183 2.66932 3.07156 6.14175 7.05998 14.9147 23.5827 33.002 34.1758 40.7942 13.2479 14.2553 9.05891 7.14241 7.71471 5.63197 10.1002 11.5713 15.5221 31.9683 27.6323 28.4848 25.1692 37.0947 40.6985 34.4499 43.3208 37.5297 41.0076 35.2736 56.0905 61.0515
-9999 -9999 -9999 -9999 -9999 -9999 -9999 -9999 -9999 -9999 -9999 -9999 -9999 -9999 -9999 -9999 -9999 -9999 -9999 -9999 -9999 -9999 -9999 -9999 -9999 -9999 -9999 -9999 -9999 -9999 -9999 -9999 -9999 -9999 -9999 -9999 -9999 -9999 1.30376 2.10413 2.92588 3.14484 3.03746 7.40185 8.19185 6.49294 7.15721 4.91885 14.5552 8.0822 23.1803 36.1176 36.0732 33.2582 32.0691 23.9307 17.7066 9.92927 9.07834 6.87964 7.44742 15.0731 16.7996 16.3386 23.2735 27.1494 28.2836 23.4773 35.0571 47.366 26.5238 67.1817 63.1696 46.2152 40.1856 38.937 45.5493
-9999 -9999 -9999 -9999 -9999 -9999 -9999 -9999 -9999 -9999 -9999 -9999 -9999 -9999 -9999 -9999 -9999 -9999 -9999 -9999 -9999 -9999 -9999 -9999 -9999 -9999 -9999 -9999 -9999 -9999 -9999 -9999 -9999 -9999 -9999 -9999 -9999 -9999 -9999 1.73096 2.60776 3.13194 4.79859 8.86838 11.4155 11.1073 11.6736 9.99998 16.9628 11.1823 19.8433 18.4289 26.0234 41.0623 34.0467 12.0347 8.5399 18.5937 26.2907 7.52571 9.78354 8.8459 7.23814 17.1474 19.629 24.1314 25.3518 27.1356 42.4184 63.0108 33.6061 38.2353 48.3184 44.2011 22.4446 25.249 19.1357
-9999 -9999 -9999 -9999 -9999 -9999 -9999 -9999 -9999 -9999 -9999 -9999 -9999 -9999 -9999 -9999 -9999 -9999 -9999 -9999 -9999 -9999 -9999 -9999 -9999 -9999 -9999 -9999 -9999 -9999 -9999 -9999 -9999 -9999 -9999 -9999 -9999 -9999 2.09499 1.86125 3.09259 5.17663 7.17791 9.7985 11.9219 13.7016 14.428 12.3594 18.293 17.3156 15.3731 26.6244 37.0067 35.7529 21.5133 10.6197 6.68069 7.33382 9.80842 8.57344 12.5956 20.4625 6.57884 13.5347 19.273 20.7605 22.3304 26.9753 45.4902 53.685 66.2922 34.2924 29.9251 31.2116 40.7913 33.7687 33.0007
-9999 -9999 -9999 -9999 -9999 -9999 -9999 -9999 -9999 -9999 -9999 -9999 -9999 -9999 -9999 -9999 -9999 -9999 -9999 -9999 -9999 -9999 -9999 -9999 -9999 -9999 -9999 -9999 -9999 -9999 -9999 -9999 -9999 -9999 -9999 -9999 0.588733 0.783124 1.64454 2.43405 5.94057 6.53528 7.86775 10.8652 11.169 13.4081 19.5289 18.3072 13.3302 19.5524 19.8475 25.9501 29.3488 13.848 12.2856 11.534 8.71491 8.22165 9.03293 7.47217 12.842 23.7806 23.2211 25.4983 18.1892 18.3291 24.1827 32.6212 39.4798 47.8322 72.676 32.2334 31.9054 28.7398 29.643 27.6905 38.257
-9999 -9999 -9999 -9999 -9999 -9999 -9999 -9999 -9999 -9999 -9999 -9999 -9999 -9999 -9999 -9999 -9999 -9999 -9999 -9999 -9999 -9999 -9999 -9999 -9999 -9999 -9999 -9999 -9999 -9999 -9999 -9999 7.23245 8.78268 11.5302 8.09925 11.7714 3.73064 1.57703 2.95049 10.1362 9.51163 11.5279 11.3516 9.50267 12.5927 21.0599 17.9904 15.5785 26.8313 27.152 28.8198 20.4527 17.2761 19.4622 19.2033 12.0302 7.63424 9.59953 10.3799 12.0869 9.65413 15.5133 16.0308 14.1468 22.5426 14.9792 25.6378 26.4683 37.9575 58.2625 44.269 44.6292 47.4993 50.8199 42.3171 45.2771
-9999 -9999 -9999 -9999 -9999 -9999 -9999 -9999 -9999 -9999 -9999 -9999 -9999 -9999 -9999 -9999 -9999 -9999 -9999 -9999 -9999 -9999 -9999 -9999 -9999 -9999 -9999 -9999 -9999 -9999 -9999 10.955 24.5091 26.9229 19.3412 31.2699 29.1947 7.22956 10.0591 8.82102 14.7288 15.7132 16.0463 13.7294 10.0744 15.0848 20.0046 18.155 24.1159 26.6038 26.7131 27.8167 23.8979 16.0111 17.5196 19.9422 19.2912 16.0039 15.409 12.3493 22.5316 13.3414 12.9066 15.3141 16.1834 24.7479 20.9372 27.9713 28.3347 39.2316 47.6687 28.1437 33.3956 53.2591 32.5242 42.0318 -9999
-9999 -9999 -9999 -9999 -9999 -9999 -9999 -9999 -9999 -9999 -9999 -9999 -9999 -9999 -9999 -9999 -9999 -9999 -9999 -9999 -9999 -9999 -9999 -9999 -9999 -9999 -9999 -9999 -9999 -9999 11.7438 11.6002 23.2849 36.2109 37.1036 33.3991 39.6879 13.8594 23.3264 21.8559 21.7688 25.3142 21.4939 18.4442 14.2613 21.9089 16.2014 19.7874 19.8983 24.2554 26.4783 23.2204 25.9053 26.62 16.7992 24.4298 14.347 18.1442 13.4311 14.851 17.5811 18.5869 23.6061 13.4415 18.4441 19.5926 22.5282 24.2958 27.2087 30.5138 25.2508 25.2159 40.4928 30.7769 27.0041 29.9663 33.3605
-9999 -9999 -9999 -9999 -9999 -9999 -9999 -9999 -9999 -9999 -9999 -9999 -9999 -9999 -9999 -9999 -9999 -9999 -9999 -9999 -9999 -9999 -9999 -9999 -9999 -9999 -9999 -9999 -9999 -9999 20.8409 22.697 34.4815 36.1546 34.2775 38.9708 28.0031 31.1645 27.8519 24.3923 23.2784 36.7276 35.2421 26.5628 25.6529 26.6333 21.8862 23.3151 17.3377 21.8656 21.6893 26.3257 21.4446 17.4514 20.2687 15.2869 7.62491 14.4987 12.0461 12.4752 19.2229 19.4004 20.9558 23.363 20.9453 22.2425 18.6701 26.5392 25.2482 20.1668 16.3526 34.55 30.4603 28.3201 33.9039 34.5165 44.3958
-9999 -9999 -9999 -9999 -9999 -9999 -9999 -9999 -9999 -9999 -9999 -9999 -9999 -9999 -9999 -9999 -9999 -9999 -9999 -9999 -9999 -9999 -9999 -9999 -9999 -9999 -9999 -9999 -9999 4.40294 8.54392 15.305 44.7114 41.0915 36.2831 34.4002 14.1862 27.202 35.5603 29.1556 34.9924 40.9972 38.4898 26.6277 26.4354 32.6465 29.2332 23.0154 22.8167 29.87 33.8672 21.654 26.0325 27.7935 25.1997 21.0111 9.86086 9.16703 11.3359 14.8242 16.5276 13.1141 16.7451 12.6391 22.1576 19.2083 16.6922 20.2818 18.6977 16.7357 18.4881 23.9815 30.0547 27.365 30.3319 34.5842 61.6346
-9999 -9999 -9999 -9999 -9999 -9999 -9999 -9999 -9999 -9999 -9999 -9999 -9999 -9999 -9999 -9999 -9999 -9999 -9999 -9999 -9999 -9999 -9999 -9999 -9999 -9999 -9999 -9999 -9999 9.58086 18.3853 45.9745 52.3293 43.1335 35.3207 8.23541 12.5538 18.2763 33.9701 50.1499 36.4229 36.977 43.6707 27.903 19.3044 30.187 22.3309 26.8292 30.7331 37.6821 30.3993 30.4812 25.6773 34.624 35.1502 27.2575 16.8578 17.5356 17.3996 17.4378 20.9694 20.4487 21.2166 20.2709 11.8521 14.1089 10.6652 17.0199 16.1777 20.2511 24.8926 26.1275 30.2726 27.3851 32.9526 54.4753 39.2293
-9999 -9999 -9999 -9999 -9999 -9999 -9999 -9999 -9999 -9999 -9999 -9999 -9999 -9999 -9999 -9999 -9999 -9999 -9999 -9999 -9999 -9999 -9999 -9999 -9999 -9999 -9999 -9999 -9999 24.8227 32.6665 31.5457 28.025 36.3165 23.9638 11.4355 12.3274 17.9944 27.464 35.2592 34.1193 37.6665 37.4975 34.7645 24.9331 33.4534 42.8832 27.1977 26.3143 35.2087 38.2386 44.0972 34.0363 40.4677 38.363 24.4135 24.5633 17.8556 6.25379 6.23045 13.7594 11.804 8.39348 10.4203 11.4194 13.9747 14.6022 13.1849 16.8335 14.9074 19.4854 22.4314 18.3536 26.5436 43.0637 33.81 49.2615
-9999 -9999 -9999 -9999 -9999 -9999 -9999 -9999 -9999 -9999 -9999 -9999 -9999 -9999 -9999 -9999 -9999 -9999 -9999 -9999 -9999 -9999 -9999 -9999 -9999 -9999 -9999 -9999 -9999 1.88058 24.088 34.2294 34.9049 35.7551 22.7444 27.9618 16.0822 23.4902 44.7874 27.6893 23.2293 36.2246 31.8763 26.2499 31.0448 41.7349 52.332 34.6581 22.2471 35.309 35.498 64.8987 44.7406 42.0009 56.9324 43.5983 26.1715 20.3699 10.8568 10.8378 9.57969 10.6752 8.47082 11.2762 15.3318 13.4476 11.2857 14.8959 14.2711 16.7295 20.5248 16.1731 26.2716 35.7613 39.4232 32.0532 35.9322
-9999 -9999 -9999 -9999 -9999 -9999 -9999 -9999 -9999 -9999 -9999 -9999 -9999 -9999 -9999 -9999 -9999 -9999 -9999 -9999 -9999 -9999 -9999 -9999 -9999 -9999 -9999 -9999 -9999 17.737 34.061 40.3727 45.3369 49.3969 36.9136 36.4497 30.5047 38.9735 59.934 43.0864 36.1504 35.7286 36.3776 16.0375 29.0735 38.5421 38.2957 40.6158 33.3964 53.6649 61.9119 53.6932 32.979 34.3893 56.9575 38.9774 26.5021 21.1954 8.06485 6.34692 6.91801 10.6289 12.0871 8.74148 14.1359 9.83227 8.89329 14.1309 15.3838 14.8018 16.8228 22.3158 26.4225 29.427 22.7842 24.5485 29.4021
-9999 -9999 -9999 -9999 -9999 -9999 -9999 -9999 -9999 -9999 -9999 -9999 -9999 -9999 -9999 -9999 -9999 -9999 -9999 -9999 -9999 -9999 -9999 -9999 -9999 -9999 -9999 -9999 -9999 9.99413 32.2468 43.3194 47.6389 46.047 40.6434 29.3364 21.2436 35.7851 48.0772 40.8112 47.8444 40.6265 37.4606 32.6785 22.9365 38.8547 29.956 36.6782 33.6906 56.8873 61.7975 45.0741 25.8068 25.9503 39.4417 46.5235 39.1437 27.3873 21.0276 7.67895 10.543 6.00031 7.12167 7.12186 11.1567 10.8614 11.4735 10.5523 17.4037 16.7323 16.616 20.9331 27.2178 22.1946 18.8093 23.6679 29.8247
-9999 -9999 -9999 -9999 -9999 -9999 -9999 -9999 -9999 -9999 -9999 -9999 -9999 -9999 -9999 -9999 -9999 -9999 -9999 -9999 -9999 -9999 -9999 -9999 -9999 -9999 -9999 -9999 -9999 1.9421 24.5246 40.3648 48.8249 44.4205 39.4463 36.5812 34.3149 39.3937 38.6384 36.1217 40.4606 38.8026 38.1116 35.6212 34.3195 22.4079 32.5383 22.8732 34.4385 51.5295 66.167 58.5404 50.4286 46.8303 54.0055 43.036 32.6807 23.7286 11.6467 11.6304 10.053 5.64812 5.35723 11.8784 7.34905 12.4216 11.3485 11.8864 14.7453 14.9933 18.4002 26.8163 15.2592 15.4818 14.641 21.461 24.4282
-9999 -9999 -9999 -9999 -9999 -9999 -9999 -9999 -9999 -9999 -9999 -9999 -9999 -9999 -9999 -9999 -9999 -9999 -9999 -9999 -9999 -9999 -9999 -9999 -9999 -9999 -9999 -9999 -9999 4.59917 17.7535 42.0059 43.3603 46.6283 44.0717 39.8236 32.3505 27.5143 36.0915 33.527 39.0704 39.5309 43.4197 34.9731 43.5063 34.8158 28.6194 27.4988 38.9084 41.5935 43.7236 54.4697 60.1586 54.1531 51.4192 37.6409 35.2908 23.1288 14.1711 5.95454 6.52108 10.8261 11.7392 9.92776 7.20567 7.49388 10.1741 11.7603 9.65539 12.4692 17.4917 18.1418 11.4274 12.6591 12.826 20.8326 21.7317
-9999 -9999 -9999 -9999 -9999 -9999 -9999 -9999 -9999 -9999 -9999 -9999 -9999 -9999 -9999 -9999 -9999 -9999 -9999 -9999 -9999 -9999 -9999 -9999 -9999 -9999 -9999 -9999 -9999 4.08506 17.4987 30.3202 36.6872 45.0867 39.3455 33.2887 42.6391 33.2657 38.9304 40.6035 33.8767 37.422 31.9103 33.0799 38.1093 35.0917 32.0988 31.7402 30.5955 27.6183 43.6118 34.1565 34.9414 30.6431 42.4269 36.3211 28.7138 20.9141 9.22586 10.4837 7.11386 8.55793 8.53414 8.14797 8.90976 12.8168 14.4174 7.28712 7.35837 9.9243 11.6808 12.395 14.1877 11.7241 14.5441 15.4313 14.6525
-9999 -9999 -9999 -9999 -9999 -9999 -9999 -9999 -9999 -9999 -9999 -9999 -9999 -9999 -9999 -9999 -9999 -9999 -9999 -9999 -9999 -9999 -9999 -9999 -9999 -9999 -9999 -9999 -9999 7.60265 7.80343 10.4997 25.4382 24.9491 39.2185 42.62 34.5776 39.7474 33.2819 33.6161 26.7708 31.3783 28.9552 23.3872 27.6558 30.8425 27.4273 24.1458 25.1991 28.678 34.6189 24.5184 28.9398 25.8388 35.1267 33.2191 21.2807 15.0451 11.6383 9.95264 14.3279 9.05471 10.6301 7.95643 11.7997 17.2093 12.7927 12.9136 8.49387 10.6916 13.2342 10.2739 10.7141 10.9212 12.5148 12.5583 12.4812
-9999 -9999 -9999 -9999 -9999 -9999 -9999 -9999 -9999 -9999 -9999 -9999 -9999 -9999 -9999 -9999 -9999 -9999 -9999 -9999 -9999 -9999 -9999 -9999 -9999 -9999 -9999 -9999 -9999 -9999 0.666667 5.96599 11.5567 26.4772 38.8814 31.0096 47.3988 37.5607 29.4583 23.8883 24.8467 23.9402 32.8809 19.246 25.5736 23.7688 29.5995 28.4907 20.5745 18.2447 30.7215 23.4141 21.6756 23.7267 20.392 28.6207 17.1233 13.3949 8.99507 10.5359 13.057 5.89565 11.4293 18.2687 9.01844 6.96812 8.874 8.50507 8.57647 9.52327 10.6564 9.75057 24.9472 9.86839 10.9101 11.1681 10.823
-9999 -9999 -9999 -9999 -9999 -9999 -9999 -9999 -9999 -9999 -9999 -9999 -9999 -9999 -9999 -9999 -9999 -9999 -9999 -9999 -9999 -9999 -9999 -9999 -9999 -9999 -9999 -9999 -9999 -9999 -9999 -9999 5.37042 18.1322 23.7207 26.8656 31.9042 31.865 24.6478 25.9345 29.3414 27.0178 29.358 22.7423 26.8651 24.7861 23.866 20.2716 22.726 18.1309 28.1357 14.9125 15.3253 22.8245 15.9124 15.2213 14.3022 9.583 6.16519 6.90972 9.25099 6.57302 9.99893 9.10485 6.68758 7.04759 6.98336 7.4894 6.53693 8.50474 7.41146 9.86849 9.93323 8.64125 9.27284 12.5437 9.99527
-9999 -9999 -9999 -9999 -9999 -9999 -9999 -9999 -9999 -9999 -9999 -9999 -9999 -9999 -9999 -9999 -9999 -9999 -9999 -9999 -9999 -9999 -9999 -9999 -9999 -9999 -9999 -9999 -9999 -9999 -9999 -9999 -9999 3.45594 16.4095 14.5795 24.5759 23.2388 13.7896 25.5518 27.5278 28.7909 24.3762 21.6561 26.33 20.078 19.0657 14.727 19.4705 15.6396 18.7245 15.5719 15.3857 17.7196 16.1385 11.8748 16.1274 8.15098 8.52259 6.47625 4.80252 8.85377 10.7436 4.20846 8.57662 7.0321 6.54901 6.56337 9.67074 7.04734 7.06035 6.53086 8.28237 9.7035 8.51805 11.4685 9.3308
-9999 -9999 -9999 -9999 -9999 -9999 -9999 -9999 -9999 -9999 -9999 -9999 -9999 -9999 -9999 -9999 -9999 -9999 -9999 -9999 -9999 -9999 -9999 -9999 -9999 -9999 -9999 -9999 -9999 -9999 -9999 -9999 -9999 2.65658 3.92059 7.46417 14.4568 14.2601 11.7312 18.2259 19.375 20.3406 22.7184 23.5868 21.2904 22.4946 16.8175 21.7798 22.1999 11.8662 20.5602 12.6179 10.2292 12.4635 13.3141 13.3778 10.0073 5.7679 5.17906 5.78394 6.84406 9.41717 8.06366 5.9497 6.13662 5.25083 6.99413 6.06039 6.62642 6.70308 9.02377 7.1145 8.28456 8.34142 9.39332 8.15077 10.0298
-9999 -9999 -9999 -9999 -9999 -9999 -9999 -9999 -9999 -9999 -9999 -9999 -9999 -9999 -9999 -9999 -9999 -9999 -9999 -9999 -9999 -9999 -9999 -9999 -9999 -9999 -9999 -9999 -9999 -9999 -9999 -9999 -9999 2.50339 1.73843 1.52104 5.34498 3.81581 5.13233 12.0168 16.0609 13.8784 13.5581 15.7214 16.6407 16.5501 15.9414 14.6061 13.6265 10.1491 14.5443 15.9276 10.0397 9.7119 8.68296 10.3677 9.43293 6.53981 8.16851 6.56524 7.88541 5.06166 7.75138 6.98747 14.1425 6.03096 4.53671 5.40808 6.60468 7.44626 8.53894 12.192 10.5885 11.9621 8.91784 7.88735 7.42788
-9999 -9999 -9999 -9999 -9999 -9999 -9999 -9999 -9999 -9999 -9999 -9999 -9999 -9999 -9999 -9999 -9999 -9999 -9999 -9999 -9999 -9999 -9999 -9999 -9999 -9999 -9999 -9999 -9999 -9999 -9999 -9999 -9999 -9999 1.62533 1.89439 2.66909 3.31667 3.51048 5.94371 5.15266 6.75618 8.71789 8.91737 9.84815 15.408 16.887 13.8888 12.9604 8.08941 13.5064 11.2594 8.76393 6.10581 10.2181 8.97225 7.48946 8.11285 9.0284 5.35249 6.87816 5.3669 8.42639 7.27974 11.0437 8.64038 4.80408 5.00856 6.75449 6.20409 9.61305 9.67983 8.22011 9.18641 -9999 -9999 6.38111
-9999 -9999 -9999 -9999 -9999 -9999 -9999 -9999 -9999 -9999 -9999 -9999 -9999 -9999 -9999 -9999 -9999 -9999 -9999 -9999 -9999 -9999 -9999 -9999 -9999 -9999 -9999 -9999 -9999 -9999 -9999 -9999 -9999 -9999 1.62034 1.69663 1.40826 1.73243 1.98465 2.22991 2.85662 2.87231 3.30216 8.71973 10.2805 13.3925 6.71401 11.7118 9.03792 8.79167 13.7836 7.99361 11.708 10.0857 9.74037 4.76725 7.81799 7.6876 8.26201 6.52364 7.85404 11.7843 6.99837 6.8099 7.20766 16.5136 6.10085 7.43349 7.80533 7.85567 9.00677 5.29284 6.46058 7.04719 -9999 10.0917 8.20897
-9999 -9999 -9999 -9999 -9999 -9999 -9999 -9999 -9999 -9999 -9999 -9999 -9999 -9999 -9999 -9999 -9999 -9999 -9999 -9999 -9999 -9999 -9999 -9999 -9999 -9999 -9999 -9999 -9999 -9999 -9999 -9999 -9999 -9999 1.25128 1.68556 1.83519 1.69615 1.97402 2.22759 2.21895 2.29828 3.68073 6.38069 3.18708 5.30056 4.70724 5.68943 7.19154 5.5448 6.5811 6.40696 10.8074 5.04501 6.28443 4.72685 7.74141 12.5968 7.95584 3.81891 7.01545 12.2284 10.1733 11.2314 9.34168 10.6091 5.92236 11.9304 8.18699 9.73385 5.51602 6.08169 6.49813 -9999 -9999 21.8851 8.3409
-9999 -9999 -9999 -9999 -9999 -9999 -9999 -9999 -9999 -9999 -9999 -9999 -9999 -9999 -9999 -9999 -9999 -9999 -9999 -9999 -9999 -9999 -9999 -9999 -9999 -9999 -9999 -9999 -9999 -9999 -9999 -9999 -9999 -9999 1.9222 1.26798 1.1196 1.67719 2.43605 3.24199 2.23761 2.29353 3.03789 3.20186 3.3679 2.75895 2.96275 1.88257 2.53339 3.39086 4.15858 4.32404 3.09258 6.63612 6.24022 6.34151 6.1933 17.8832 6.65182 4.31332 9.80029 11.9611 8.9579 6.88949 9.18314 10.5984 7.11528 8.90131 8.45474 6.02537 4.24959 6.01486 8.62475 -9999 4.54446 8.8089 5.84414
-9999 -9999 -9999 -9999 -9999 -9999 -9999 -9999 -9999 -9999 -9999 -9999 -9999 -9999 -9999 -9999 -9999 -9999 -9999 -9999 -9999 -9999 -9999 -9999 -9999 -9999 -9999 -9999 -9999 -9999 -9999 -9999 -9999 -9999 0.855277 1.07934 1.20838 1.41562 1.89299 1.76795 2.58712 2.79139 4.10157 4.4636 3.5427 3.32529 3.21027 4.16056 3.46524 4.0171 4.06009 3.52405 2.21781 5.54263 4.92554 5.55905 10.0469 12.0597 5.056 9.47009 14.0351 8.96043 5.13719 5.40211 6.67663 7.57976 7.10217 9.5581 7.86008 4.63911 7.20936 6.86542 10.8714 4.50839 6.21649 3.74798 4.27341
-9999 -9999 -9999 -9999 -9999 -9999 -9999 -9999 -9999 -9999 -9999 -9999 -9999 -9999 -9999 -9999 -9999 -9999 -9999 -9999 -9999 -9999 -9999 -9999 -9999 -9999 -9999 -9999 -9999 -9999 -9999 -9999 -9999 -9999 1.20861 1.35828 1.35176 2.3199 2.15748 2.34645 2.6962 2.95832 3.93339 3.36673 2.31783 3.16378 3.21292 2.93619 2.46419 4.52662 3.51373 2.65289 2.45919 3.30111 6.11245 4.52559 5.50314 5.82671 4.9315 5.47865 7.18711 6.38237 4.28709 6.97979 6.79552 5.6823 6.96518 6.18398 5.39192 5.21117 3.74547 5.50434 6.99904 3.48149 4.76407 5.45895 4.2598
-9999 -9999 -9999 -9999 -9999 -9999 -9999 -9999 -9999 -9999 -9999 -9999 -9999 -9999 -9999 -9999 -9999 -9999 -9999 -9999 -9999 -9999 -9999 -9999 -9999 -9999 -9999 -9999 -9999 -9999 -9999 -9999 -9999 -9999 1.55371 0.709954 1.09 1.67855 2.18051 1.78786 2.073 4.71171 2.06069 2.74559 2.30818 2.58326 3.08094 2.80372 4.0162 3.04898 3.11548 2.70221 3.53341 4.5907 9.73765 5.16095 4.51679 3.97834 5.26296 4.56299 4.25501 5.02906 5.05168 6.10921 9.36354 5.79628 6.57505 6.15383 4.28064 4.76422 3.7203 3.79215 4.83026 3.53098 5.18269 6.538 4.4639
-9999 -9999 -9999 -9999 -9999 -9999 -9999 -9999 -9999 -9999 -9999 -9999 -9999 -9999 -9999 -9999 -9999 -9999 -9999 -9999 -9999 -9999 -9999 -9999 -9999 -9999 -9999 -9999 -9999 -9999 -9999 -9999 -9999 -9999 1.18648 1.04373 1.07772 1.86395 2.11304 1.45627 2.13309 3.88845 2.32749 2.2584 2.92467 2.04615 1.78984 2.01693 3.09933 3.44141 3.07979 3.15598 4.22702 4.92426 3.54775 4.12581 3.20693 4.54921 3.90652 3.55256 4.35208 7.21855 9.33684 5.27198 5.0475 12.183 5.77285 5.89901 4.72479 5.96616 3.75718 4.57028 3.10699 4.53528 4.53951 5.91957 6.89633
-9999 -9999 -9999 -9999 -9999 -9999 -9999 -9999 -9999 -9999 -9999 -9999 -9999 -9999 -9999 -9999 -9999 -9999 -9999 -9999 -9999 -9999 -9999 -9999 -9999 -9999 -9999 -9999 -9999 -9999 -9999 -9999 -9999 -9999 2.57886 1.24243 1.26809 1.29685 2.06078 1.02206 1.49754 1.95265 2.86903 3.47031 3.7651 2.33185 2.54203 2.8936 2.52262 3.16145 4.2793 3.78748 4.15807 2.83563 2.4644 3.72597 4.05567 3.67692 5.73064 3.4144 7.40134 7.45236 7.42543 17.4173 6.32276 4.84859 5.50601 5.92035 4.12794 6.10562 6.4076 6.13906 5.42506 4.53109 5.86093 5.61267 5.70321
