public/models/data/input/map/ntb/800/mapslope.asc
NCOLS 484
NROWS 342
XLLCORNER 370313.940441
YLLCORNER 9266624.452423
CELLSIZE 800.000000
NODATA_VALUE       -9999
[rows 238 to 271 of 342, columns 77 to 153 of 484]
40.9542 27.4069 43.2486 41.7452 76.2374 56.9776 46.457 83.0708 58.9801 68.0211 26.8011 21.3824 15.7424 -9999 14.2243 20.7138 12.5831 9.79978 7.59507 7.78608 6.68921 5.22728 17.1705 31.0594 91.3101 54.3005 44.8477 33.8087 63.4973 40.4519 36.6354 71.0344 56.1892 42.524 29.5813 27.3583 34.9356 33.3658 24.5802 18.9563 21.112 5.81496 4.39306 4.30733 3.66852 2.30854 1.21894 0.89946 -9999 -9999 -9999 -9999 -9999 -9999 -9999 -9999 -9999 -9999 -9999 -9999 -9999 -9999 -9999 -9999 -9999 -9999 -9999 -9999 -9999 -9999 -9999 -9999 -9999 -9999 -9999 -9999 -9999
48.2365 26.3914 23.9281 46.0568 69.3311 86.6688 85.2923 75.3055 16.0447 -9999 -9999 -9999 -9999 -9999 -9999 17.6711 14.1133 14.1691 17.0987 12.8581 6.7754 5.25776 31.0613 39.378 38.518 45.5767 34.5611 38.4679 45.8572 57.6041 47.9898 65.3059 50.7787 38.6946 30.5284 26.9199 31.8115 26.0417 23.9417 24.2794 16.2917 4.9369 4.55637 4.47043 4.1945 3.25448 1.26629 1.55466 -9999 -9999 -9999 -9999 -9999 -9999 -9999 -9999 -9999 -9999 -9999 -9999 -9999 -9999 -9999 -9999 -9999 -9999 -9999 -9999 -9999 -9999 -9999 -9999 -9999 -9999 -9999 -9999 -9999
37.2138 34.8049 29.5933 36.459 -9999 111.082 87.5038 -9999 -9999 -9999 -9999 -9999 -9999 -9999 -9999 18.88 18.0541 16.5125 19.363 32.4266 19.2899 2.04839 4.37321 19.3594 32.986 41.1484 54.6032 53.8179 38.6419 24.9778 32.2163 67.4586 40.2521 37.1928 28.9955 30.557 26.1438 29.8901 33.6798 24.541 14.9812 5.25321 4.57489 4.77118 3.83332 3.85873 1.06459 1.09296 -9999 -9999 -9999 -9999 -9999 -9999 -9999 -9999 -9999 -9999 -9999 -9999 -9999 -9999 -9999 -9999 -9999 -9999 -9999 -9999 -9999 -9999 -9999 -9999 -9999 -9999 -9999 -9999 -9999
24.9114 -9999 -9999 -9999 -9999 90.0714 73.0914 -9999 -9999 -9999 -9999 -9999 -9999 31.1348 28.0614 21.6449 19.4663 19.832 16.7526 20.6909 44.8235 12.0895 4.65363 27.1002 36.9005 115.831 -9999 -9999 53.5304 47.7779 39.9534 44.5307 61.2884 60.2693 50.659 41.5755 47.7887 23.9263 23.6718 24.661 21.9234 7.45498 7.5479 4.34052 4.34937 2.80551 1.69312 0.750215 -9999 -9999 -9999 -9999 -9999 -9999 -9999 -9999 -9999 -9999 -9999 -9999 -9999 -9999 -9999 -9999 -9999 -9999 -9999 -9999 -9999 -9999 -9999 -9999 -9999 -9999 -9999 -9999 -9999
-9999 -9999 2.20256 2.73721 3.99276 8.54479 -9999 -9999 -9999 -9999 -9999 -9999 -9999 34.0161 31.9894 25.518 14.3517 18.4215 37.1067 51.0267 37.3233 24.0241 12.4049 14.0032 33.4291 37.3112 -9999 34.3316 51.9544 61.6677 58.1429 44.4495 42.4612 48.3561 44.6262 34.3613 31.9241 34.3037 23.6632 18.4108 13.4643 11.2254 11.7112 7.3024 4.45117 2.4379 1.733 -9999 -9999 -9999 -9999 -9999 -9999 -9999 -9999 -9999 -9999 -9999 -9999 -9999 -9999 -9999 -9999 -9999 -9999 -9999 -9999 -9999 -9999 -9999 -9999 -9999 -9999 -9999 -9999 -9999 -9999
-9999 1.82829 0.880652 4.78989 7.32368 7.71178 23.0817 -9999 -9999 -9999 -9999 -9999 -9999 44.466 36.0126 27.2524 14.1043 14.3348 48.3646 65.2477 51.3005 33.5735 33.378 19.3858 41.0849 46.9107 64.9077 51.0902 71.3986 63.0653 37.1347 24.8016 21.4478 31.9198 24.1489 22.4629 30.5429 34.8073 25.9527 21.4323 18.7879 12.8247 12.7624 9.28478 3.36274 1.75539 1.73001 -9999 -9999 -9999 -9999 -9999 -9999 -9999 -9999 -9999 -9999 -9999 -9999 -9999 -9999 -9999 -9999 -9999 -9999 -9999 -9999 -9999 -9999 -9999 -9999 -9999 -9999 -9999 -9999 -9999 -9999
4.60099 6.00538 1.80895 7.07575 4.73127 16.8469 21.7669 -9999 -9999 -9999 -9999 -9999 -9999 47.444 37.966 30.5917 19.375 20.2054 -9999 44.4928 63.3996 23.9461 34.077 37.6152 23.0951 45.8301 78.1981 45.2454 36.8381 43.524 50.1376 56.5006 41.4896 29.9263 30.6781 36.9368 38.5131 30.9709 20.9479 19.7512 15.7811 13.1706 8.40081 7.27177 8.00661 1.66372 1.00615 -9999 -9999 -9999 -9999 -9999 -9999 -9999 -9999 -9999 -9999 -9999 -9999 -9999 -9999 -9999 -9999 -9999 -9999 -9999 -9999 -9999 -9999 -9999 -9999 -9999 -9999 -9999 -9999 -9999 -9999
6.50068 4.75201 7.69837 6.83853 12.8052 11.8195 -9999 -9999 -9999 -9999 -9999 -9999 -9999 43.8497 39.0796 28.0813 18.0385 -9999 -9999 31.7554 52.2867 34.7753 42.4727 38.2817 26.8272 34.1296 77.9173 27.4417 25.9886 24.9081 31.7353 25.0349 44.4465 33.2868 31.6536 37.3785 27.088 34.071 24.7783 13.9367 10.3301 8.48757 11.0164 13.0347 8.80431 1.36786 -9999 -9999 -9999 -9999 -9999 -9999 -9999 -9999 -9999 -9999 -9999 -9999 -9999 -9999 -9999 -9999 -9999 -9999 -9999 -9999 -9999 -9999 -9999 -9999 -9999 -9999 -9999 -9999 -9999 -9999 -9999
-9999 21.6543 14.6839 15.0394 16.9466 13.9135 26.8406 -9999 -9999 37.8486 -9999 -9999 -9999 46.4834 32.5033 22.3068 19.5257 11.5145 36.6351 38.3754 28.7053 39.1509 54.3948 43.1864 48.8168 75.0975 -9999 26.2272 50.8524 36.8122 33.6373 24.5541 38.551 59.2206 50.6038 36.6365 33.9731 26.2959 16.0777 18.7491 11.3209 8.47373 7.59255 7.32155 2.65127 1.49102 -9999 -9999 -9999 -9999 0.870594 1.17712 -9999 -9999 -9999 -9999 -9999 -9999 -9999 -9999 -9999 -9999 -9999 -9999 -9999 -9999 -9999 -9999 -9999 -9999 -9999 -9999 -9999 -9999 -9999 -9999 -9999
76.2003 63.0853 -9999 14.6446 45.7627 60.5075 84.1227 -9999 37.7762 52.5683 58.252 -9999 48.3982 45.6559 35.2761 21.5779 27.9206 13.225 38.8302 59.4541 23.7298 36.7677 44.2125 52.9154 39.7126 58.1244 28.9633 73.1275 58.4619 51.1195 54.9132 59.9775 51.2912 48.8668 57.4106 51.4596 43.7506 25.0618 23.6868 14.5582 11.0706 6.03098 6.66255 6.54741 3.75851 0.988647 -9999 -9999 -9999 -9999 -9999 -9999 -9999 -9999 -9999 -9999 -9999 -9999 -9999 -9999 -9999 -9999 -9999 -9999 -9999 -9999 -9999 -9999 -9999 -9999 -9999 -9999 -9999 -9999 -9999 -9999 -9999
62.6428 67.7422 -9999 -9999 65.5145 32.9753 26.5539 -9999 -9999 40.7386 47.6339 46.6003 43.7621 40.5302 30.8718 23.6969 20.6133 8.46771 12.1526 73.3572 27.7325 34.3026 68.7023 72.1666 61.584 65.2288 45.2616 61.4252 61.21 42.2053 39.1187 30.5133 63.3621 63.3606 56.2081 33.5204 29.6385 23.1558 23.1202 6.94712 7.30276 5.40417 -9999 1.78766 1.07666 -9999 -9999 -9999 -9999 -9999 -9999 -9999 -9999 -9999 -9999 -9999 -9999 -9999 -9999 -9999 -9999 -9999 -9999 -9999 -9999 -9999 -9999 -9999 -9999 -9999 -9999 -9999 -9999 -9999 -9999 -9999 -9999
51.8873 45.9316 -9999 -9999 67.5185 43.2061 20.5644 11.4097 17.6439 29.2294 38.2086 42.2306 37.8455 34.0949 27.4025 22.337 18.2118 23.833 38.2394 75.8627 26.0017 46.8401 75.4187 66.919 87.1174 63.5325 38.3158 46.1467 44.198 31.7959 33.9526 37.1876 30.1674 34.5571 39.7504 35.616 20.2205 17.3931 10.0641 7.12809 5.74305 3.10257 2.02884 1.18004 1.56948 1.224 -9999 -9999 1.42715 0.802915 -9999 -9999 -9999 -9999 -9999 -9999 -9999 -9999 -9999 -9999 -9999 -9999 -9999 -9999 0.825045 0.559017 0.562077 0.566314 0.817265 0.903467 0.741114 0.600111 0.909603 1.8343 -9999 -9999 -9999
61.7013 54.1028 -9999 -9999 56.4938 56.576 25.0871 18.2264 26.3764 29.8582 29.9055 33.414 30.1456 29.3725 24.2804 20.4103 20.0537 24.8112 43.8512 47.139 47.49 34.3435 57.2965 54.7141 65.4281 52.8035 44.8612 33.006 30.5081 36.4962 26.1326 26.1948 25.9843 23.3035 29.1729 24.9917 26.2703 17.5836 10.1623 8.5226 6.20611 2.27624 1.29495 1.0125 2.32621 -9999 -9999 -9999 1.87271 -9999 -9999 -9999 -9999 -9999 -9999 -9999 -9999 -9999 -9999 -9999 -9999 -9999 -9999 0.934242 1.13852 0.750802 0.954796 0.440899 -9999 -9999 1.12262 1.21034 -9999 -9999 -9999 -9999 -9999
48.2481 50.7789 46.8974 74.1511 64.7749 55.8495 41.8666 37.5508 58.7843 35.8359 27.2474 25.6639 25.8202 23.2162 20.9342 20.875 20.4885 22.0538 24.1459 36.1246 44.6579 32.624 34.7189 34.7411 43.4119 39.4365 36.4727 35.6942 45.851 30.59 49.059 29.3807 19.4918 26.3589 38.6078 23.1289 18.3643 12.4301 7.8788 8.22721 6.37234 1.79507 1.15764 1.30945 -9999 -9999 -9999 -9999 -9999 -9999 -9999 -9999 -9999 -9999 -9999 -9999 -9999 -9999 -9999 -9999 -9999 -9999 -9999 -9999 -9999 0.396844 -9999 -9999 -9999 -9999 -9999 -9999 -9999 -9999 -9999 -9999 -9999
37.1075 37.64 43.2702 59.4531 53.5753 71.8733 57.0008 38.8633 36.0006 24.4306 23.991 21.3641 21.4492 18.1437 17.6048 16.4929 18.7858 20.9182 22.8744 23.3567 27.8638 19.5652 28.0588 27.7478 30.431 34.4069 28.2779 27.0211 40.0971 33.6709 26.3677 38.7557 22.9169 20.0956 22.8957 24.1294 17.7349 19.1735 13.4219 7.23532 3.86919 1.6854 2.02077 -9999 -9999 -9999 -9999 -9999 -9999 -9999 -9999 -9999 -9999 -9999 -9999 -9999 -9999 -9999 -9999 -9999 -9999 -9999 -9999 -9999 -9999 -9999 -9999 -9999 -9999 -9999 -9999 -9999 -9999 -9999 -9999 -9999 -9999
31.2534 36.3462 45.0955 45.5851 69.2377 56.4797 64.3073 46.0838 29.2279 26.2567 22.0891 21.6511 19.2758 18.0445 15.4813 12.8971 13.2893 12.7027 14.267 18.7054 18.4963 15.1553 22.4685 19.1555 28.1762 26.2917 25.0595 25.3037 23.8493 29.5736 26.4151 26.8027 31.9799 20.9667 20.5201 17.2248 16.7681 12.5275 7.24638 4.52105 2.22186 1.49392 -9999 -9999 -9999 -9999 -9999 -9999 -9999 -9999 -9999 -9999 -9999 -9999 -9999 -9999 -9999 -9999 -9999 -9999 -9999 -9999 -9999 -9999 -9999 -9999 -9999 -9999 -9999 -9999 -9999 -9999 -9999 -9999 -9999 -9999 -9999
26.1467 33.3123 29.6426 41.3284 61.5195 47.5373 34.8818 37.7185 24.6499 18.7999 25.7072 22.6614 19.0599 17.8485 14.4725 12.5596 12.4113 12.2293 12.6055 14.8257 17.5268 14.8799 15.3663 20.6305 20.9506 15.0748 16.5435 27.4442 18.1035 20.0708 23.598 12.0832 25.8403 17.8122 15.5538 14.1747 13.8467 9.93719 4.88307 1.47691 3.95132 -9999 -9999 -9999 -9999 -9999 -9999 -9999 -9999 -9999 -9999 -9999 -9999 -9999 -9999 -9999 -9999 -9999 -9999 -9999 -9999 -9999 -9999 -9999 -9999 -9999 -9999 -9999 -9999 -9999 -9999 -9999 -9999 -9999 -9999 -9999 -9999
20.5213 20.0268 21.8766 23.505 35.2916 29.804 24.9703 27.4703 17.6361 16.5041 21.8872 22.5173 18.7467 16.0207 13.4286 13.1152 13.9214 13.1663 12.8357 11.4836 20.4466 16.312 16.4774 17.3396 14.0191 15.2796 13.7652 19.1641 19.2049 16.0791 17.5708 14.4559 19.6327 17.3345 16.4932 19.0229 11.1642 6.04343 1.96915 2.84014 -9999 -9999 -9999 -9999 -9999 -9999 -9999 -9999 -9999 -9999 -9999 -9999 -9999 -9999 -9999 -9999 -9999 -9999 -9999 -9999 -9999 -9999 -9999 -9999 -9999 -9999 -9999 -9999 -9999 -9999 -9999 -9999 -9999 -9999 -9999 -9999 -9999
17.4597 17.4483 19.673 21.9971 24.0564 23.6626 22.0266 20.1831 17.5159 16.102 13.2248 14.153 16.9139 12.1417 13.1463 11.7471 10.1058 11.6589 11.0851 12.7368 15.4971 16.0525 12.2314 11.3913 11.1339 10.2641 9.83605 13.8722 15.3031 12.3684 11.6501 15.4081 19.9682 11.1994 8.67952 8.97086 7.53256 2.46284 1.60104 -9999 -9999 -9999 -9999 -9999 -9999 -9999 -9999 -9999 -9999 -9999 -9999 -9999 -9999 -9999 -9999 -9999 -9999 -9999 -9999 -9999 -9999 -9999 -9999 -9999 -9999 -9999 0.725549 5.98767 2.06795 -9999 -9999 -9999 -9999 -9999 -9999 -9999 -9999
13.551 14.6639 15.3083 15.4433 18.1176 17.6898 23.0222 18.8375 20.5655 16.5505 13.3052 13.4821 14.7579 11.0675 11.5647 9.5031 11.1166 10.6776 10.9754 12.1857 12.9307 13.1557 12.6684 9.25743 8.50626 7.58504 7.99151 8.15768 9.57398 10.661 8.30114 9.03443 10.7401 9.48773 8.02992 7.54427 5.76662 1.82622 2.01797 1.41831 -9999 -9999 -9999 -9999 -9999 -9999 -9999 -9999 -9999 -9999 -9999 -9999 -9999 -9999 -9999 -9999 -9999 -9999 -9999 -9999 1.125 0.761385 1.96187 -9999 -9999 0.810065 3.90687 12.7103 5.16365 -9999 -9999 -9999 -9999 -9999 -9999 -9999 -9999
12.0922 13.111 13.0849 15.021 13.5542 14.3344 21.2448 20.5134 13.1964 10.1315 11.5613 10.6891 12.4531 9.37275 9.08215 13.8155 11.4198 9.87187 8.69235 8.7068 8.52985 9.48096 10.8382 8.09793 6.11935 7.08655 7.89072 7.67799 9.36586 9.72749 11.0393 7.98814 6.58825 6.23131 5.98836 6.11527 2.89168 1.35861 1.22159 1.71159 0.900322 -9999 -9999 -9999 -9999 -9999 -9999 -9999 -9999 -9999 -9999 -9999 -9999 -9999 -9999 -9999 -9999 -9999 -9999 -9999 -9999 -9999 -9999 1.32764 1.855 3.60214 -9999 1.36384 -9999 -9999 -9999 -9999 -9999 -9999 -9999 -9999 -9999
11.759 11.1534 13.2706 13.8553 12.7029 12.7414 13.5564 21.4899 13.1342 8.6386 7.338 9.03124 10.3747 8.65794 8.63197 9.14379 8.86405 8.63438 8.30597 8.63841 8.10428 8.0321 9.5726 6.7746 6.72987 6.84998 6.24699 7.43639 7.68318 10.0261 8.60541 7.97733 6.25669 5.87982 5.18871 4.48332 1.77225 0.968717 1.07106 1.54991 -9999 -9999 -9999 -9999 -9999 -9999 -9999 -9999 -9999 -9999 -9999 -9999 -9999 -9999 -9999 1.79591 3.04322 -9999 -9999 -9999 15.8464 5.33396 -9999 0.395285 7.62109 15.1858 -9999 -9999 -9999 -9999 -9999 -9999 -9999 -9999 -9999 2.1127 2.74293
12.7019 12.4643 12.5671 11.7639 8.62023 11.3312 11.5303 10.7145 11.2156 10.8593 8.18665 9.18524 9.12637 7.2958 7.46549 7.73912 7.25296 8.16009 6.67429 7.22698 7.67035 6.6526 5.82835 7.11498 7.75321 6.50559 7.10697 6.46424 7.30692 9.87791 6.62553 7.33133 7.79854 6.03134 5.68862 3.66251 1.09367 0.911219 0.864905 -9999 -9999 -9999 -9999 -9999 -9999 -9999 -9999 -9999 -9999 -9999 -9999 -9999 -9999 -9999 -9999 -9999 1.12181 -9999 -9999 -9999 10.6929 7.21139 3.763 -9999 -9999 -9999 -9999 -9999 -9999 -9999 -9999 -9999 -9999 -9999 2.19265 1.97381 1.47846
10.6906 10.9983 10.3731 11.4907 8.9124 10.5246 8.97638 6.30177 10.4306 10.4922 10.4936 7.18925 7.00148 6.75414 6.88138 6.96898 8.23194 9.10896 7.49761 7.24532 6.28762 7.63722 4.96648 6.6687 6.95573 7.12258 7.06562 5.13426 6.02683 7.27973 6.46301 6.05163 6.40041 6.34559 4.55557 1.99231 1.12839 1.80098 0.854221 -9999 -9999 -9999 -9999 -9999 -9999 -9999 -9999 -9999 -9999 -9999 -9999 -9999 -9999 -9999 -9999 -9999 0.89946 -9999 -9999 -9999 -9999 5.28888 4.08739 -9999 -9999 -9999 -9999 14.207 27.8568 30.1826 1.2107 1.27303 2.62855 9.30353 16.6178 1.96276 1.86411
9.84921 9.34912 9.6666 11.054 12.3755 9.46546 8.11129 6.23242 8.08278 6.44837 10.3878 8.80027 8.28049 6.90541 5.55124 5.64895 6.76817 8.16048 7.73704 7.51598 5.87049 6.76001 5.25843 5.6054 6.3602 9.02112 6.77784 5.8619 5.74238 7.27558 6.64844 5.66664 5.58533 5.75775 3.80353 1.60195 1.60588 1.62016 -9999 -9999 -9999 -9999 -9999 -9999 -9999 -9999 -9999 -9999 -9999 -9999 -9999 -9999 -9999 -9999 -9999 -9999 -9999 -9999 -9999 -9999 -9999 8.62927 14.0032 1.03938 0.816851 -9999 1.86392 40.4658 40.0267 16.6259 1.37808 6.86245 2.48605 14.4965 20.7058 3.15697 2.193
7.65181 7.88057 6.3142 9.81924 8.95364 8.25151 7.90328 6.43042 6.76334 6.11534 8.00529 7.44966 8.56302 9.91052 6.93107 6.24744 7.5472 8.40563 7.42742 9.88386 6.3848 5.95988 5.66877 6.56512 6.33451 7.65103 8.8679 6.07582 6.16192 6.0074 6.80454 7.07322 5.99055 4.68131 2.30643 2.17211 1.61769 0.956713 1.51171 -9999 -9999 -9999 -9999 -9999 -9999 -9999 -9999 -9999 -9999 -9999 -9999 -9999 -9999 -9999 -9999 -9999 -9999 -9999 -9999 -9999 -9999 -9999 2.23205 9.40642 15.5768 4.00666 1.22215 30.2428 41.1262 10.2351 2.49394 12.4273 20.4105 24.586 26.2804 8.67494 6.56727
8.71745 5.09077 5.57807 7.38088 8.54735 7.59818 7.17 7.62067 6.85585 8.2099 8.03942 9.63396 8.91327 6.48459 7.1051 6.73182 6.39949 6.22968 5.99801 5.89112 6.09894 6.25703 4.83078 4.89204 7.97627 5.96824 9.97282 6.72706 6.40129 6.52403 5.55995 4.59247 4.93809 3.30037 1.62595 2.07289 1.12559 0.701759 1.53127 -9999 -9999 -9999 -9999 -9999 -9999 -9999 -9999 -9999 -9999 -9999 -9999 -9999 -9999 -9999 -9999 -9999 -9999 -9999 -9999 -9999 -9999 -9999 3.17264 11.6143 22.335 5.29989 1.20719 6.45981 11.7042 11.2353 9.55602 4.93185 11.5717 23.0822 22.5441 21.8325 16.4021
8.55796 12.4972 6.80299 6.48538 5.00908 5.12355 6.39521 6.02829 6.07707 6.58794 8.02981 6.42868 6.45796 4.85557 5.46176 5.48463 6.67891 5.8013 5.26665 4.41055 4.94528 4.27552 4.26426 6.01547 7.76961 6.52172 6.48132 6.52832 4.87846 6.50335 6.05443 4.75728 4.16871 3.5807 1.66566 1.85579 0.457634 0.431841 0.827227 1.36137 -9999 -9999 -9999 -9999 -9999 -9999 -9999 -9999 -9999 -9999 -9999 -9999 -9999 -9999 -9999 -9999 -9999 -9999 -9999 -9999 -9999 0.697316 5.22344 4.91871 11.519 2.72793 2.10762 2.1006 5.1668 8.17542 19.5596 16.9994 13.9279 27.0008 28.4129 30.4425 25.3953
5.91639 5.35799 5.83523 6.19254 5.94993 4.43658 6.73747 5.14097 4.34085 6.58331 5.71614 5.82053 5.36224 4.38948 5.384 5.2481 5.41788 6.15131 4.14806 4.49371 4.22492 4.37188 4.08459 3.84083 4.5331 4.73275 5.14208 3.90288 4.58478 3.72915 3.64169 3.46534 3.81876 1.63304 1.50026 0.881522 0.729247 0.84039 0.872595 0.89946 -9999 -9999 -9999 -9999 -9999 -9999 -9999 -9999 -9999 -9999 -9999 -9999 -9999 -9999 -9999 -9999 -9999 -9999 -9999 -9999 -9999 2.84113 19.5882 4.37227 14.5441 10.1461 9.04141 4.82954 20.3111 17.4736 12.1245 18.7039 25.1635 29.234 27.0021 31.9385 12.2743
5.50978 5.32818 9.08807 5.74489 9.28578 5.11299 5.7593 5.64668 4.74984 6.5302 5.80723 6.64233 4.90811 4.55981 4.60477 4.80735 4.54641 5.1686 3.75964 4.18208 2.8714 3.62824 4.5788 5.66111 4.74422 2.97325 3.08595 3.49235 3.55792 4.27028 3.1296 2.80948 2.21678 1.32581 2.03725 1.17758 1.2864 0.912428 0.82674 -9999 -9999 -9999 -9999 -9999 -9999 -9999 -9999 -9999 -9999 -9999 -9999 -9999 -9999 -9999 -9999 -9999 -9999 -9999 -9999 -9999 0.982343 1.15021 1.23182 2.44519 10.1003 22.5453 17.4616 21.4558 26.2638 20.3013 11.6715 15.8153 20.5035 23.9133 22.9811 20.6219 20.9133
3.63699 3.9447 7.9872 6.27222 6.55305 5.18207 4.95934 4.47861 5.05385 7.609 6.30863 4.64918 5.37876 3.79829 4.69806 4.23422 3.91316 4.10606 3.73893 3.12165 3.26455 3.52039 4.23905 3.7359 5.08313 7.13348 5.69622 4.49444 5.54488 3.97775 3.10759 2.22984 1.92556 1.78285 2.09381 1.47635 1.42015 0.555072 -9999 -9999 -9999 -9999 -9999 -9999 -9999 -9999 -9999 -9999 -9999 -9999 -9999 -9999 -9999 -9999 -9999 -9999 -9999 0.511407 1.53308 1.87864 2.07514 3.15005 1.9642 2.68739 9.45096 31.7014 28.5402 28.8296 23.7357 23.625 14.0627 22.219 16.3992 17.582 31.2356 23.7408 17.6852
4.24887 5.58098 3.74703 3.50577 4.57622 4.41149 4.19911 3.82244 6.86907 6.27559 5.96505 5.55976 3.15412 3.08721 3.57128 4.14056 3.47895 3.62582 2.68331 3.28661 2.43817 2.54427 3.24865 8.61105 6.61645 6.17789 5.08674 3.55526 2.20622 2.63844 3.42128 5.05986 2.1781 2.06235 1.78044 2.03052 2.46607 -9999 -9999 -9999 -9999 -9999 -9999 -9999 -9999 -9999 -9999 -9999 -9999 -9999 -9999 -9999 -9999 -9999 -9999 -9999 0.635839 0.874915 1.72294 2.54333 3.6989 6.96064 2.77581 4.57202 26.8813 24.6093 23.6718 25.3337 31.7013 14.9971 13.6092 20.0283 30.4888 20.6959 27.5595 27.9548 28.1128
5.97249 7.93269 3.35638 3.20393 3.18594 3.32719 3.4333 4.66082 5.04008 4.83134 4.12322 5.03019 3.63205 2.51551 3.85225 4.35684 3.52391 2.94043 2.31251 2.70905 2.43513 2.20763 3.15366 3.63463 6.10529 5.69809 3.88896 5.34066 2.50782 2.15487 1.99816 6.05281 4.68179 1.92255 3.17139 3.73587 -9999 -9999 -9999 -9999 -9999 -9999 -9999 -9999 -9999 -9999 -9999 -9999 -9999 -9999 -9999 -9999 -9999 -9999 -9999 1.31904 1.15947 1.87003 7.50666 14.0818 17.1681 18.5045 13.1442 14.1408 21.8593 19.0197 19.6988 23.3879 26.5772 6.45809 3.25083 17.2638 30.345 32.6433 25.5312 25.6096 29.7404
6.51938 5.58455 3.3048 3.98158 3.48021 3.87227 3.98266 3.32032 4.3543 3.77762 4.00237 3.80041 5.55757 4.00577 4.76639 3.91993 3.47646 2.52183 2.4828 2.52408 2.87057 3.39488 3.10613 2.77692 3.6562 6.00705 5.3689 5.26671 6.68269 4.17013 5.5688 6.68233 6.52792 2.91296 3.26811 -9999 -9999 -9999 -9999 -9999 -9999 -9999 -9999 -9999 -9999 -9999 -9999 -9999 -9999 -9999 -9999 -9999 -9999 -9999 -9999 2.11056 2.36487 5.0164 16.6343 28.6703 30.3261 33.8409 30.0839 8.24354 21.5588 14.1702 18.2289 23.0333 26.3089 6.1498 12.8586 14.4188 18.7477 20.8033 29.8388 30.2111 32.3762
