public/models/data/input/map/ntb/800/mapslope.asc
NCOLS 484
NROWS 342
XLLCORNER 370313.940441
YLLCORNER 9266624.452423
CELLSIZE 800.000000
NODATA_VALUE       -9999
[rows 204 to 237 of 342, columns 231 to 307 of 484]
-9999 -9999 -9999 -9999 -9999 -9999 -9999 -9999 -9999 -9999 -9999 -9999 -9999 -9999 -9999 -9999 -9999 -9999 -9999 -9999 -9999 -9999 -9999 -9999 -9999 -9999 -9999 -9999 -9999 -9999 -9999 -9999 35.5795 17.4086 14.1141 12.3735 -9999 -9999 -9999 -9999 -9999 -9999 -9999 -9999 -9999 -9999 -9999 4.09135 8.8496 14.4903 13.9125 13.8726 14.0834 15.6836 16.2126 13.2066 12.4051 16.9706 20.7442 19.7927 24.1817 28.7268 35.3858 33.7965 22.9046 22.7485 39.3065 23.5632 17.9312 12.3257 11.4131 14.0359 12.6045 17.1798 22.2601 21.4163 20.1212
-9999 -9999 -9999 -9999 -9999 -9999 -9999 -9999 -9999 -9999 -9999 -9999 -9999 -9999 -9999 -9999 -9999 -9999 -9999 -9999 -9999 -9999 -9999 -9999 -9999 -9999 -9999 -9999 -9999 -9999 -9999 -9999 -9999 -9999 12.2836 -9999 -9999 -9999 1.43754 2.62078 2.38783 1.32565 -9999 -9999 -9999 -9999 8.88494 13.6745 22.6113 22.4032 17.5027 14.312 16.6191 22.3761 17.8657 13.1811 12.841 16.1216 21.2731 23.7793 18.1154 29.7399 24.0495 24.0945 20.2647 35.7435 45.383 42.2422 37.949 22.4572 17.9855 32.1796 28.3611 30.5841 27.4843 25.0338 24.5405
-9999 -9999 -9999 -9999 -9999 -9999 -9999 -9999 -9999 -9999 -9999 -9999 -9999 -9999 -9999 -9999 -9999 -9999 -9999 -9999 -9999 -9999 -9999 -9999 -9999 -9999 -9999 -9999 -9999 -9999 -9999 -9999 -9999 -9999 -9999 -9999 -9999 0.672538 1.95963 3.77575 4.96571 4.21365 7.97261 13.362 2.99221 2.71733 20.2506 24.0805 21.1252 19.2972 23.2789 14.1979 19.6985 20.446 28.9779 21.6778 15.8724 18.3679 24.3555 28.1226 23.0551 32.0799 23.2113 30.4131 37.989 47.1082 57.8392 54.4441 22.8217 18.0533 23.3584 40.9047 40.6182 46.4557 29.3609 28.0721 32.519
-9999 -9999 -9999 -9999 -9999 -9999 -9999 -9999 -9999 -9999 -9999 -9999 -9999 -9999 -9999 -9999 -9999 -9999 -9999 -9999 -9999 -9999 -9999 -9999 -9999 -9999 -9999 -9999 -9999 -9999 -9999 -9999 -9999 -9999 -9999 -9999 -9999 1.95417 6.20198 8.64448 8.80644 13.0586 11.6893 19.5008 15.9542 27.3247 24.2285 20.5607 25.6061 17.6983 18.6636 15.0013 20.456 29.7227 28.3424 29.9424 15.587 19.2127 20.8726 29.1754 29.061 23.0975 26.7411 37.557 61.5778 63.623 50.0487 35.4147 19.409 22.5009 26.7217 53.687 54.9131 58.7425 41.6873 33.6174 41.4301
-9999 -9999 -9999 -9999 -9999 -9999 7.05778 4.06835 1.50494 0.921499 -9999 -9999 -9999 -9999 -9999 -9999 -9999 -9999 -9999 -9999 -9999 -9999 -9999 -9999 -9999 -9999 -9999 -9999 -9999 -9999 -9999 2.63283 -9999 -9999 5.82458 7.81226 5.57678 8.06899 13.6077 10.028 13.0623 13.4971 14.9316 12.487 26.3633 25.5454 19.6224 25.2947 31.6971 11.2282 12.4342 9.21971 15.4973 22.0958 20.2944 18.7873 15.8825 14.7108 15.6842 20.5784 32.9415 28.5071 25.3608 28.6063 73.2576 59.6726 39.1316 17.2114 22.829 42.0536 17.9852 62.843 67.8164 56.2592 49.2912 40.8423 37.5925
-9999 -9999 -9999 -9999 11.2405 9.4003 6.07296 5.26005 8.237 3.46611 6.13392 1.93543 1.80029 1.76842 1.53104 1.87601 1.85316 2.75101 2.23676 2.60845 2.65267 1.85601 1.41263 1.07083 -9999 -9999 -9999 -9999 -9999 -9999 5.01812 7.37121 2.72007 5.42137 9.4218 6.27605 7.25968 14.5083 9.62929 6.19687 6.57185 10.7921 11.1698 14.083 22.7952 25.4668 20.9166 18.9225 23.8671 10.3128 11.9366 9.68361 13.5722 13.4669 17.2196 11.5936 14.9789 12.1327 16.2594 20.396 19.9887 20.0192 22.9688 21.4841 21.724 22.5221 36.2819 24.5833 32.4383 49.4309 42.9694 29.3472 66.16 61.2756 62.8245 54.7253 31.5915
-9999 -9999 10.771 12.3326 11.63 11.0348 6.58221 7.08932 6.50833 5.76616 6.91052 2.23685 5.23606 8.2525 5.63494 1.93061 1.83557 1.40756 2.46384 2.0128 2.21174 2.04173 2.22985 2.46044 3.21292 -9999 -9999 -9999 -9999 -9999 9.73994 4.8821 4.62486 7.43805 8.87114 8.59164 7.87921 9.10117 7.5411 7.76692 7.66434 8.03268 9.8181 11.5563 14.7988 19.3091 9.06813 8.06057 6.87986 6.33866 13.1273 25.4646 17.5506 15.2844 13.4417 14.0172 15.9726 15.8015 25.2629 23.2758 16.1901 13.9474 14.6341 13.5627 16.4464 27.5273 30.7588 30.8895 32.1851 44.1857 34.864 30.7236 20.3278 76.0776 77.419 62.0439 66.1918
8.09214 10.776 12.612 17.7902 15.9597 15.8544 12.9074 13.6465 13.3655 10.8808 6.5852 7.77025 13.5619 16.069 14.3307 8.18136 12.3586 6.49822 7.89829 8.01767 3.56588 3.41861 2.99947 3.34705 5.14373 5.81894 -9999 -9999 -9999 -9999 8.44432 5.91625 7.52349 11.1405 10.8157 5.24535 6.80136 11.7471 7.29975 3.82147 5.7149 7.68921 10.2085 7.45732 7.92133 7.96985 7.23888 5.98807 7.57982 9.14981 21.273 20.9488 18.7379 16.6669 12.2572 14.7062 17.7199 16.7164 21.8893 20.3659 12.1999 15.5269 17.592 13.1136 13.4801 20.8756 36.981 45.907 32.8969 33.2051 25.1213 24.3761 25.067 53.4644 62.7807 47.7475 56.7468
10.7344 11.2439 10.1791 14.5318 22.4348 13.4269 8.75656 11.7621 15.5069 17.2814 12.36 17.1815 17.4741 17.3208 18.3419 14.0907 14.0588 7.49347 2.87749 2.35044 1.49299 1.6291 3.38614 2.49473 2.55793 7.33449 -9999 -9999 -9999 0.898756 8.93913 4.5531 4.60209 6.62065 9.08898 7.48768 7.29859 6.98642 6.00923 7.12985 8.96515 8.13036 7.79919 7.85421 7.78919 6.79657 7.28041 7.01243 8.712 9.72068 9.12779 9.89652 12.7316 11.9049 9.50744 10.5999 10.1562 9.26688 14.0524 15.7077 12.103 11.5758 11.9324 10.194 11.0152 15.5217 21.1684 30.4394 42.9462 17.6831 18.3044 27.5258 45.6466 62.7293 40.0562 26.3116 48.0329
6.99672 6.63931 14.4918 11.724 16.4984 23.1413 21.6444 21.0202 20.1444 23.779 22.2871 19.7163 19.8649 16.0293 11.3595 7.36232 7.63371 6.69036 3.40298 2.44451 1.9631 1.87527 1.72099 1.52391 1.60549 7.32494 5.31224 -9999 -9999 2.14453 4.34102 3.81392 3.10508 6.60381 4.92761 4.94007 4.59994 6.34363 5.28934 9.19446 9.17139 9.54582 8.91906 6.78842 9.13655 7.74461 8.53472 10.6506 10.6236 10.2086 12.7738 10.0544 10.7543 7.60058 10.8237 12.2812 11.3309 10.3785 12.7317 13.4986 11.3948 14.1374 15.897 -9999 12.386 21.0324 16.8638 21.571 -9999 -9999 31.6251 38.0961 42.404 55.8158 65.8025 23.4787 50.0019
6.93336 4.75176 10.9944 13.8895 13.3964 15.4853 14.2157 15.731 12.5739 8.51597 17.0271 13.8643 12.3414 13.7434 14.2045 12.0141 5.32853 4.79463 5.02741 3.34892 1.69772 1.28344 3.61065 5.49146 8.45302 6.63605 -9999 -9999 -9999 3.81374 8.34963 16.2478 7.31999 5.27394 5.54563 6.41672 4.47973 7.94883 5.72724 10.5216 10.4063 7.2102 6.21707 7.29097 8.22653 9.1936 10.7935 10.3495 8.95074 9.98494 17.8348 11.7685 12.8616 13.2795 17.3324 15.9217 12.8083 11.2873 11.9901 12.1447 12.1077 16.715 13.8588 -9999 -9999 -9999 -9999 -9999 -9999 -9999 26.7336 40.0775 44.4008 61.7749 22.4297 11.2243 43.2724
5.87623 4.50084 10.1483 12.0091 13.3167 14.9147 7.15921 13.2393 11.684 7.76164 10.8129 16.8514 15.0111 14.9239 11.6765 10.684 15.8985 9.56615 4.93733 3.28353 2.16436 6.04638 5.36314 6.65102 6.43001 -9999 -9999 -9999 5.54968 7.21784 13.3571 14.7484 13.1496 6.59 9.50604 9.02387 5.80126 8.0099 9.81727 11.9487 6.55706 8.26112 8.92926 6.55347 7.79862 11.8615 10.8 10.9895 12.0442 10.8595 14.3644 14.6113 14.6406 15.2147 15.4364 12.0562 8.64449 12.7075 11.9003 16.6269 18.6134 23.6937 25.5791 -9999 -9999 -9999 -9999 -9999 -9999 -9999 -9999 -9999 52.1235 59.3265 48.4775 13.18 11.3572
6.04684 4.889 7.17212 8.30202 9.82378 11.1644 13.2949 10.0111 11.9527 7.60629 13.138 19.1174 17.9927 8.34932 19.0225 20.914 14.4197 8.05015 4.50013 4.03741 5.81346 3.39771 -9999 -9999 -9999 -9999 -9999 -9999 4.91252 7.00326 7.89742 7.96702 5.75031 18.8523 27.4562 31.6714 13.2439 7.34036 8.43384 6.40722 6.96749 8.92965 7.76721 8.29128 8.42051 11.6366 12.585 8.69467 12.7748 9.67782 14.0624 15.5688 16.9242 14.7646 13.5934 15.1559 16.0327 15.1211 17.0699 17.3789 21.359 18.7709 22.4948 -9999 -9999 -9999 -9999 -9999 -9999 -9999 -9999 -9999 -9999 -9999 40.7659 36.9793 38.2639
9.82337 8.16957 9.74995 10.9213 8.17902 10.4839 13.2698 11.7719 11.7947 11.2382 16.2324 12.7879 23.4016 15.8584 13.9362 20.2955 12.8851 9.94817 2.55294 6.49575 3.51785 -9999 -9999 -9999 -9999 -9999 -9999 -9999 2.02555 9.15817 6.72281 6.13 5.00648 26.1598 15.3027 32.8421 10.4213 6.61888 5.97191 5.00564 6.57317 10.9008 5.81672 8.12346 8.76167 10.5338 11.3274 14.4097 16.3881 14.2229 9.94982 13.5725 14.3213 6.91089 11.6001 18.188 18.8024 18.3152 14.8811 16.6216 19.9142 21.9719 23.8304 -9999 -9999 -9999 -9999 -9999 -9999 -9999 -9999 -9999 -9999 -9999 40.2784 43.3563 29.8058
7.88286 8.07187 11.8102 11.2286 10.3505 7.28585 6.5205 4.73834 6.84768 10.6737 8.49448 12.8285 18.7407 11.5969 11.5154 14.5042 12.7944 7.73847 6.40561 6.58757 -9999 -9999 -9999 -9999 -9999 -9999 -9999 -9999 2.58123 9.66797 7.15579 5.17085 13.247 31.0452 26.4713 29.4449 8.56531 6.77101 5.41953 5.42227 6.28176 8.0867 8.30292 8.36997 9.71952 11.0486 16.5528 21.7685 23.2564 13.5346 11.7685 13.4211 13.5135 10.4318 11.3439 16.1948 11.996 20.901 18.9156 19.0121 21.9241 21.6744 29.1056 -9999 -9999 -9999 -9999 -9999 -9999 -9999 -9999 -9999 -9999 -9999 23.0182 24.6885 21.6746
7.14776 14.0017 6.06374 6.84474 8.21468 7.17809 5.99354 5.1357 5.95193 17.0702 16.9137 9.34574 10.5885 14.6318 9.88633 7.36146 7.37641 4.01501 1.2112 -9999 -9999 -9999 -9999 -9999 -9999 -9999 -9999 7.81468 9.11926 6.06687 5.51053 5.07696 5.70391 23.6403 17.8123 7.34089 7.93879 6.60112 5.22634 6.31054 7.27511 6.71352 7.85853 8.55696 8.95426 12.61 14.8448 16.0076 16.1406 11.6408 14.0652 13.6209 13.0894 12.1063 15.0224 19.2641 16.7149 16.9791 19.6832 26.1236 28.4279 28.4592 29.748 22.9524 -9999 -9999 -9999 -9999 -9999 -9999 -9999 -9999 -9999 17.6659 27.2828 25.6434 19.6456
9.11576 11.9182 5.28921 4.76073 3.73024 5.44927 3.9458 6.50922 12.3085 15.1541 23.3666 9.6382 8.58218 10.485 7.91466 5.50302 2.93887 -9999 -9999 -9999 -9999 -9999 -9999 -9999 -9999 -9999 9.00868 9.78252 3.53949 6.31787 3.40555 2.79301 7.31723 14.9351 4.06392 4.83941 9.96565 8.70826 3.07298 6.01857 8.37142 8.29795 9.62212 13.6299 9.42889 11.6464 18.3513 16.0803 10.9138 12.1694 20.53 14.6737 14.0163 17.7815 18.9728 18.7017 17.6991 23.1046 18.4716 25.4399 29.6054 33.9739 -9999 28.6842 -9999 -9999 -9999 -9999 -9999 -9999 -9999 35.3312 25.5467 17.2002 17.0811 24.5522 22.3075
11.5535 9.40485 5.18243 4.73788 5.82377 7.22473 5.47281 4.02859 9.84904 10.8954 26.4156 21.5682 13.3427 11.2232 5.5864 1.28153 -9999 -9999 -9999 -9999 -9999 -9999 -9999 -9999 -9999 -9999 7.45613 9.32586 9.54099 18.7287 7.65876 6.81668 8.16304 5.99795 4.65623 10.6842 6.58647 5.04057 4.77646 5.54412 6.04967 7.48589 11.5648 13.7541 12.0574 12.799 11.8373 14.6469 12.4712 20.2107 21.5441 14.5913 13.9965 14.3369 19.7665 17.6787 18.7677 19.6933 29.2343 26.5883 35.0936 34.4137 -9999 -9999 -9999 -9999 -9999 -9999 -9999 -9999 44.2658 88.9277 24.7089 23.3367 19.9099 22.938 20.7444
7.23985 8.68779 9.39936 6.84582 10.2276 7.65425 10.3891 12.2172 7.19773 3.24428 12.5873 14.7108 18.0358 9.32056 5.81651 2.75126 -9999 -9999 -9999 -9999 -9999 -9999 -9999 -9999 -9999 -9999 -9999 11.6056 -9999 7.39421 6.89116 9.26263 7.54656 6.73675 5.01029 11.8601 11.0375 11.1685 8.78718 8.09621 6.14719 5.89325 13.3359 17.5078 18.2834 11.3391 7.27679 14.4494 17.9533 14.3957 15.5776 12.1806 12.6172 21.2394 18.9439 16.9356 17.7343 25.9905 33.7384 34.481 41.6544 30.6381 -9999 -9999 -9999 -9999 -9999 -9999 -9999 -9999 28.3388 82.2021 41.7946 28.12 23.6688 23.8983 18.8909
12.5788 15.6527 14.4872 14.0134 13.7114 5.37897 7.35514 16.1207 13.7817 11.1742 7.99674 5.38401 11.1315 7.32912 3.85405 -9999 -9999 -9999 -9999 -9999 -9999 -9999 -9999 -9999 -9999 -9999 -9999 -9999 -9999 -9999 1.04047 2.14337 9.56161 4.47417 2.82342 4.4084 11.0519 6.76762 5.43803 7.11555 6.84125 6.7949 7.90889 13.9086 21.6735 15.6183 16.4439 19.4999 14.8316 11.5316 11.1687 14.227 14.1367 24.2649 24.5283 20.2112 22.2989 29.137 34.0375 44.543 46.8153 66.1602 -9999 -9999 -9999 -9999 -9999 -9999 -9999 -9999 -9999 90.3188 35.1166 32.4585 27.9307 21.531 16.8625
10.1191 9.04684 10.4227 10.6008 17.3906 15.5859 14.6052 14.7824 20.7669 20.5337 7.75276 10.1651 5.89221 7.75348 4.33012 -9999 -9999 -9999 -9999 -9999 -9999 -9999 -9999 -9999 -9999 -9999 -9999 -9999 -9999 -9999 -9999 0.782519 6.345 6.10451 8.96169 11.3493 15.0286 7.11212 6.34602 5.25011 4.93335 6.19731 9.93589 7.92572 11.3015 13.9066 16.2611 23.5984 22.9126 17.6963 12.9572 12.5695 19.3966 22.6519 19.9092 18.1957 18.3911 20.3685 31.0914 61.684 49.7 45.6753 32.939 -9999 -9999 -9999 -9999 -9999 -9999 -9999 83.9628 75.9516 35.0585 30.6426 19.7055 15.7369 12.6063
8.30355 9.03818 9.45592 9.63468 17.0697 22.2243 6.65652 5.30393 11.2595 38.4004 14.3924 9.08553 8.43417 9.89655 5.0487 -9999 -9999 -9999 -9999 -9999 -9999 -9999 -9999 -9999 -9999 -9999 -9999 -9999 -9999 -9999 -9999 -9999 5.7967 4.4581 5.07665 11.2623 15.4011 5.11133 5.38697 3.95047 4.4348 6.07815 4.9199 9.1379 10.1486 10.8577 11.3082 15.8696 22.1442 15.6939 13.9013 15.2748 25.1374 22.2424 17.2974 18.7644 22.0197 22.1544 41.1602 54.3815 52.637 34.0596 35.6767 44.2186 -9999 -9999 -9999 -9999 -9999 -9999 -9999 39.9536 30.4627 20.5362 15.7421 13.4229 14.3985
-9999 6.95682 8.34583 12.6775 26.5474 9.48693 4.92286 7.17409 6.52984 24.7351 29.7675 8.19607 4.26066 4.9893 -9999 -9999 -9999 -9999 -9999 -9999 -9999 -9999 -9999 -9999 -9999 -9999 -9999 -9999 -9999 -9999 -9999 -9999 8.70644 6.95134 3.80426 7.4614 11.7097 8.84002 4.39871 5.11251 5.0209 4.92334 4.92288 6.03211 7.54458 10.2463 11.5674 10.6793 13.5232 14.5315 14.8863 15.1706 20.4099 15.7581 14.6937 22.2917 28.2795 22.7297 25.982 31.4825 28.1607 35.7749 35.4077 47.0316 44.1761 -9999 -9999 -9999 -9999 -9999 22.7512 29.7082 25.6859 14.5179 19.6246 13.0019 18.0414
3.98858 7.27809 11.182 19.9231 18.2621 6.99078 6.37993 4.88279 6.00426 12.2174 36.7303 10.9117 -9999 -9999 -9999 -9999 -9999 -9999 -9999 -9999 -9999 -9999 -9999 -9999 -9999 -9999 -9999 -9999 -9999 -9999 -9999 -9999 -9999 10.5544 10.6837 7.61148 5.42321 12.6933 5.74671 5.22878 4.86442 5.40651 7.08529 8.23724 7.70779 9.64793 10.1172 12.0266 10.9942 13.3592 15.7158 17.6182 17.2334 18.6883 23.7103 24.1964 23.8812 21.9368 22.4677 27.6168 21.7701 34.5022 37.9017 43.8788 39.3552 -9999 -9999 -9999 -9999 -9999 25.0518 27.2465 20.6229 16.6843 18.9165 14.246 18.4335
5.91504 7.98496 18.7648 19.6649 7.96273 5.25263 6.53687 7.20829 5.21868 15.5786 32.8147 13.6718 -9999 -9999 -9999 -9999 -9999 -9999 -9999 -9999 -9999 -9999 -9999 -9999 -9999 -9999 -9999 -9999 -9999 -9999 -9999 -9999 -9999 -9999 -9999 0.635835 7.33912 7.62923 6.82406 5.25552 5.43313 6.27097 5.25928 6.08103 8.29369 9.21181 9.21408 10.9035 12.0608 14.5876 18.41 25.8981 40.3172 22.0354 14.9228 17.2344 22.2507 27.7731 20.7607 20.3423 20.8907 30.7365 34.999 29.7546 36.6858 -9999 -9999 -9999 -9999 29.0597 25.3679 19.7419 15.8571 14.9783 15.1371 15.365 15.9737
7.73246 10.1234 16.1349 14.1699 4.92675 4.9469 6.68032 9.2802 7.50908 24.7511 23.6084 11.417 -9999 -9999 -9999 -9999 -9999 -9999 -9999 -9999 -9999 -9999 -9999 -9999 -9999 -9999 -9999 -9999 -9999 -9999 -9999 -9999 -9999 -9999 -9999 -9999 4.78051 5.97868 7.40627 5.28374 5.10329 6.09247 5.6829 6.41369 7.72281 8.4518 11.4214 11.1411 10.5142 15.1459 19.5299 32.7507 19.5848 13.0484 13.997 15.7493 16.9578 18.2114 21.4195 21.2369 18.2113 25.4006 27.6507 23.8144 28.5641 23.0194 -9999 -9999 19.3459 -9999 21.3626 13.8127 12.0091 11.5752 12.9515 15.1539 16.6602
9.86955 14.6891 15.8954 6.82886 5.72644 5.14405 8.95365 7.61155 14.6479 27.8247 20.0938 8.45489 -9999 -9999 -9999 -9999 -9999 -9999 -9999 -9999 -9999 -9999 -9999 -9999 -9999 -9999 -9999 -9999 -9999 -9999 -9999 -9999 -9999 -9999 -9999 -9999 -9999 3.72614 4.81904 4.06027 3.86858 4.6919 5.45252 7.06959 6.3439 7.87542 8.33437 8.52602 10.692 14.5576 16.2973 15.1131 20.68 14.4785 15.3902 12.6091 17.2679 16.3916 18.444 16.0177 16.0923 16.5813 18.6052 19.7474 16.4655 17.1446 21.5537 22.7565 20.3952 17.1189 16.1674 18.0007 21.6872 19.2891 16.5428 16.3225 18.3862
17.1973 15.6038 7.26931 4.8352 4.56364 6.92977 8.00093 11.0999 23.7184 35.8023 24.1387 -9999 -9999 -9999 -9999 -9999 -9999 -9999 -9999 -9999 -9999 -9999 -9999 -9999 -9999 -9999 -9999 -9999 -9999 -9999 -9999 -9999 -9999 -9999 -9999 -9999 -9999 1.64247 1.90389 2.97223 3.26885 4.27891 3.64803 4.2513 5.22662 7.80393 8.12896 7.8421 10.5151 11.7214 11.104 11.6408 14.9186 10.2632 12.2452 10.368 15.1775 16.5084 18.4897 17.1302 15.5602 13.2332 15.6491 17.1507 16.6661 16.1882 15.4867 21.3725 20.741 14.6678 14.4534 13.6139 18.1312 19.0221 17.3866 17.2171 14.2471
16.6975 6.3772 3.91393 4.55362 6.57228 8.57418 10.6234 15.3218 26.0244 24.9124 -9999 -9999 -9999 -9999 -9999 -9999 -9999 -9999 -9999 -9999 -9999 -9999 -9999 -9999 -9999 -9999 -9999 -9999 -9999 -9999 -9999 -9999 -9999 -9999 -9999 -9999 -9999 -9999 1.22985 1.8481 3.30824 3.14448 3.60148 3.06069 4.87178 5.8867 7.09078 5.88604 11.7497 8.76746 10.8212 14.1519 15.8391 12.7903 11.7845 12.2032 14.7575 14.5869 19.8106 17.6376 13.606 11.806 15.3951 17.0787 20.4012 20.7231 17.6368 14.5024 19.5729 19.5399 15.0837 18.339 17.5433 18.4463 15.7982 15.9682 17.271
5.82439 3.86965 5.36485 5.70437 8.28446 15.9491 25.3402 23.1265 20.3715 13.2635 6.67488 -9999 -9999 -9999 -9999 -9999 -9999 -9999 -9999 -9999 -9999 -9999 -9999 -9999 -9999 -9999 -9999 -9999 -9999 -9999 -9999 -9999 -9999 -9999 -9999 -9999 -9999 -9999 -9999 1.31529 1.82805 3.19026 4.24057 3.37408 2.93193 5.67966 5.3359 5.36029 9.76179 9.96764 11.1774 14.2194 10.4182 13.1983 10.442 11.5334 14.2097 15.2346 17.2355 16.3758 14.224 11.3504 13.7619 17.2031 19.2659 17.5172 13.7083 7.70252 10.1326 13.6833 12.5252 19.0262 19.9067 15.9136 10.1132 10.0161 13.1181
5.55401 4.5584 7.80672 5.78834 14.8995 7.18786 15.9623 25.485 17.866 8.6163 -9999 -9999 -9999 -9999 -9999 -9999 -9999 -9999 -9999 -9999 -9999 -9999 -9999 -9999 -9999 -9999 -9999 -9999 -9999 -9999 -9999 -9999 -9999 -9999 -9999 -9999 -9999 -9999 -9999 -9999 1.3517 2.60046 3.72744 3.97003 3.74367 5.04238 5.30102 6.81268 7.76102 7.82028 10.5005 11.8207 10.953 9.46255 10.9342 10.646 13.4706 12.5003 16.7096 18.383 16.4891 17.4189 15.4849 17.5552 17.3117 12.1668 9.99039 12.3117 9.26696 10.5523 14.8819 14.4663 11.5981 8.94698 10.4929 8.72838 4.89426
6.13103 5.54445 9.59831 5.51423 10.6276 20.8428 8.48418 15.8552 15.9233 7.92514 -9999 -9999 -9999 -9999 -9999 -9999 -9999 -9999 -9999 -9999 -9999 -9999 -9999 -9999 -9999 -9999 -9999 -9999 -9999 -9999 -9999 -9999 -9999 -9999 -9999 -9999 -9999 -9999 -9999 -9999 -9999 0.668205 2.70093 3.9023 3.9016 5.28266 5.19257 6.06361 6.73418 9.01791 8.16607 8.4534 11.1316 12.3167 10.4902 11.7411 11.8855 12.3609 16.7773 19.0363 16.9507 15.8991 13.7365 13.906 13.1666 12.2703 15.8377 19.0085 14.3388 13.2249 12.8371 9.31367 9.14497 10.3763 6.73482 5.75329 6.50197
6.90978 7.26382 9.03713 9.7641 5.54588 13.2964 23.2389 17.9765 8.89894 -9999 -9999 -9999 -9999 -9999 -9999 -9999 -9999 -9999 -9999 -9999 -9999 -9999 -9999 -9999 -9999 -9999 -9999 -9999 -9999 -9999 -9999 -9999 -9999 -9999 -9999 -9999 -9999 -9999 -9999 -9999 -9999 -9999 1.99287 2.21973 3.2498 2.98669 2.88071 5.19103 5.58054 9.07108 7.32706 9.19776 8.13158 10.9805 9.05101 11.0818 11.4486 10.7802 15.7198 17.7008 16.6448 15.2507 12.3524 15.2134 14.4191 9.63951 12.6319 17.2141 17.9642 16.8852 16.8699 11.8188 9.60491 11.7473 9.74226 10.146 8.74813
7.83921 8.97375 6.16593 14.4331 6.92759 7.30103 18.4901 8.78542 -9999 -9999 -9999 -9999 -9999 -9999 -9999 -9999 -9999 -9999 -9999 -9999 -9999 -9999 -9999 -9999 -9999 -9999 -9999 -9999 -9999 -9999 -9999 -9999 -9999 -9999 -9999 -9999 -9999 -9999 -9999 -9999 -9999 -9999 -9999 3.91541 17.772 13.3254 2.83047 4.56631 5.36229 8.00596 6.36945 9.25338 10.8802 13.815 7.62316 8.76449 8.90222 6.98841 9.79204 11.4143 13.2605 11.178 11.7378 14.7736 16.4752 15.341 14.9031 17.5359 17.345 14.5541 13.9883 12.2256 12.1418 12.877 8.76837 12.4985 11.603
