public/models/data/input/map/ntb/800/mapslope.asc
NCOLS 484
NROWS 342
XLLCORNER 370313.940441
YLLCORNER 9266624.452423
CELLSIZE 800.000000
NODATA_VALUE       -9999
[rows 272 to 305 of 342, columns 385 to 461 of 484]
33.3255 25.7955 23.9034 18.8028 4.61261 1.16769 1.79916 6.56838 5.09201 3.39289 1.50965 1.80118 11.1887 22.9642 21.341 19.7011 25.9769 36.8363 28.6854 31.3725 31.577 40.2438 39.3658 30.5146 38.4916 35.8669 25.1777 20.3881 22.9641 40.8694 41.5917 27.4899 28.5694 35.1541 26.2302 29.9035 28.534 30.6873 34.469 31.3086 33.8163 32.107 25.8279 20.0571 27.4241 24.8568 32.3208 21.0968 25.4346 6.76176 1.6055 2.24241 2.45605 1.55602 11.5544 14.3475 10.4549 1.18067 -9999 -9999 -9999 -9999 -9999 -9999 -9999 -9999 -9999 6.73284 -9999 25.101 8.26652 -9999 -9999 -9999 15.9241 9.90773 13.0162
33.4728 33.247 10.2854 9.09324 2.04122 1.92097 8.59234 24.2504 22.5787 30.3242 14.8309 1.28117 2.98724 5.61751 39.7597 39.299 30.0257 38.4633 41.1053 31.1774 31.4098 27.1032 36.3362 38.0602 30.8539 28.9021 30.5505 25.9381 34.9993 34.1246 37.44 28.6094 35.0141 41.4093 25.6126 32.3481 31.2474 31.6365 29.5299 25.366 28.7501 29.0815 23.4093 21.2945 31.0715 27.9443 22.4224 22.4321 25.5172 24.184 14.1435 2.78936 1.82625 1.56359 16.8464 13.7823 9.37046 7.37429 -9999 -9999 -9999 -9999 -9999 -9999 -9999 -9999 -9999 0.89946 -9999 16.7081 12.8965 23.793 -9999 -9999 11.6353 3.9075 12.6292
34.5564 17.8815 6.67678 6.83978 9.11597 12.2895 12.7474 34.4148 31.5666 26.6025 22.6839 1.03217 1.0175 2.31034 17.4917 17.3439 11.1222 22.1284 26.1903 29.8416 26.2601 28.6919 27.1423 38.6717 22.7998 24.3815 23.3319 34.3479 34.5453 28.0759 25.5719 26.4187 36.3143 37.6237 20.433 28.7642 38.4101 28.7109 32.6398 18.6621 17.7813 17.1383 14.3689 11.2928 22.8986 22.8688 27.5228 25.1132 23.9153 28.7945 25.6102 5.16842 1.84208 1.67596 6.03819 16.3405 6.23827 3.69708 -9999 -9999 -9999 -9999 -9999 -9999 -9999 -9999 -9999 -9999 -9999 -9999 -9999 -9999 -9999 -9999 -9999 -9999 -9999
26.0775 24.041 6.03971 31.5721 40.8443 36.0621 26.6969 41.3778 22.9056 8.11673 4.46126 0.95646 11.7405 4.11243 2.27289 2.13709 1.78107 6.68244 37.3513 31.2709 31.0779 34.4144 21.2213 40.2578 37.4663 32.7371 26.8467 21.1768 35.3078 33.7931 35.2454 32.2506 23.1782 24.2669 23.0967 37.7457 28.2056 33.5999 31.3339 18.7466 23.983 25.1918 6.78913 14.3967 10.8975 27.2662 18.7355 30.8449 26.8892 22.9478 34.3842 12.3454 2.22771 5.85147 20.5976 16.2353 9.36064 -9999 -9999 -9999 -9999 -9999 -9999 -9999 -9999 -9999 -9999 -9999 -9999 -9999 -9999 -9999 -9999 -9999 -9999 -9999 -9999
42.7074 43.1422 21.1184 41.0278 46.0046 40.6988 41.0284 35.7258 27.4199 4.54868 1.3712 2.04209 24.8612 26.3372 6.37173 25.6696 21.9817 6.34741 29.7116 25.8828 26.706 20.7175 29.2267 37.9273 39.5651 47.7475 33.5951 23.0886 36.1585 23.0336 22.1938 21.5521 17.1282 20.3265 31.5218 30.5553 25.4011 30.3997 27.2752 31.2169 34.1791 27.1808 19.6078 23.5345 11.169 22.705 34.1941 28.7609 15.0293 27.1003 24.5631 15.4173 1.82666 6.59831 24.5021 24.4348 11.0466 -9999 -9999 -9999 -9999 -9999 -9999 -9999 -9999 2.98216 4.36372 0.972718 3.15048 1.25656 1.76216 -9999 3.48442 -9999 -9999 -9999 -9999
38.4439 44.9938 27.4891 36.9773 46.3263 46.0005 50.0973 24.8682 5.97457 3.16433 5.39206 36.1529 32.91 38.5721 23.3933 31.7716 24.5433 24.3788 13.9828 32.0173 32.8735 32.8208 27.5355 36.5095 31.5526 38.5423 26.6544 28.802 39.7572 32.439 19.1387 19.6714 18.9643 23.6813 32.301 34.6958 40.5312 42.3792 33.266 31.8784 31.5046 26.4987 23.4045 21.1642 15.0032 13.1308 25.6329 20.4703 19.6167 22.3814 22.1989 20.0203 12.9226 31.7366 33.2652 26.6794 11.4657 2.91162 -9999 -9999 -9999 -9999 -9999 -9999 0.951059 4.76299 9.48238 3.84342 8.05309 7.45154 8.01968 11.1357 8.65964 5.79478 -9999 -9999 -9999
31.0139 34.2997 34.7496 32.5016 36.8134 34.8001 45.801 46.492 29.9101 5.81975 10.7927 41.8308 34.7719 28.4374 41.6083 30.3546 12.4283 34.5524 33.6128 30.0199 25.6308 32.7708 37.6903 32.4688 30.1728 27.332 24.4132 30.2244 33.4721 23.2652 22.0685 20.7274 26.8558 23.3692 24.3717 31.5011 31.297 33.4277 30.4773 41.2668 31.7459 22.6562 21.8781 20.375 14.3381 18.7877 24.3705 23.8912 16.9032 17.9909 19.7328 11.8494 13.8313 36.4174 33.66 34.7224 12.0255 2.09397 1.89083 -9999 -9999 -9999 -9999 2.17298 4.03426 5.60585 12.1478 12.953 14.8888 18.6703 17.7708 12.9128 10.8866 5.66279 6.50352 6.13764 -9999
32.7099 40.6626 33.0099 28.4303 27.8332 28.6542 18.6579 32.2575 38.047 14.368 16.5439 44.4616 17.4465 13.0625 13.0361 16.1123 18.9034 20.9636 29.7205 26.4482 24.5023 31.2405 31.7665 32.8012 22.2436 27.5885 25.5915 24.2826 32.0105 27.2362 23.2966 14.1449 41.3668 34.0692 36.4964 37.2757 34.4294 26.0462 39.0479 24.2178 19.0099 13.8918 10.9871 16.0052 25.2795 32.6376 33.5842 35.889 29.0078 32.201 32.2039 36.7817 24.6596 31.4767 39.5604 43.5754 21.7988 3.0458 4.4662 4.35964 19.0905 14.847 2.70543 14.6889 4.22294 13.0386 18.0969 19.3848 17.3728 14.5908 17.9491 23.3981 15.2034 12.7207 12.0974 5.47069 -9999
32.4398 41.1081 39.1107 36.198 32.1424 21.5281 13.4467 28.4213 25.8434 18.8536 8.03569 23.8537 36.4291 12.9075 17.3363 24.2057 25.7854 28.4631 30.7712 32.4163 32.4294 31.9984 26.7022 30.4225 34.6605 38.4587 16.024 22.0017 38.4864 40.4048 19.6262 8.66537 37.6685 40.594 46.932 29.5417 37.5214 36.9324 37.8462 24.7687 27.7495 30.6052 29.3182 18.5301 23.4288 36.7383 30.3583 31.0236 44.1826 33.0667 32.7122 36.5477 29.6842 32.9484 30.9193 30.0737 20.6057 14.1153 21.9713 22.748 21.923 18.6649 6.64755 19.6958 15.8693 16.6659 16.803 15.6595 13.1766 17.3837 17.841 22.7233 12.6527 11.051 -9999 -9999 -9999
34.7093 28.2215 23.0472 38.0506 41.3961 45.606 31.9948 38.5824 32.8698 6.53107 6.87325 20.8669 39.4584 24.0819 18.2487 15.3859 27.7729 25.3916 41.0357 43.4419 44.1502 38.7351 33.8843 33.8312 32.445 30.1031 23.5577 30.1605 29.4705 20.9281 41.6582 26.1897 39.2312 33.8473 33.3228 31.1891 23.0066 25.5728 15.1233 20.7572 32.7953 38.0223 31.5391 24.4064 13.5485 24.9059 25.1012 31.6587 41.8285 29.2048 23.7068 21.4134 34.561 37.9567 27.4722 31.1002 17.434 15.5593 19.4904 19.5318 30.2325 26.6471 22.9793 26.1275 21.2214 24.8931 24.6814 20.229 32.5627 52.8875 40.8096 40.4826 33.0927 9.80076 4.136 -9999 -9999
38.9272 22.5453 22.5583 30.9358 37.8527 39.5353 39.7155 23.7474 17.5753 12.1587 35.4729 41.1601 23.4421 17.5852 15.1548 19.9725 29.3078 27.2117 36.3658 24.7894 19.9233 22.6157 29.764 30.2663 26.4056 25.3859 27.1757 33.7238 27.2287 12.4529 32.5757 40.0284 50.1401 45.1928 32.2095 22.709 33.7861 34.8719 30.6969 26.4329 29.1016 17.8046 21.0533 25.4723 15.8817 14.0459 32.2642 22.3218 23.5307 20.2804 23.5557 29.5865 27.6571 32.9355 32.3927 30.9813 33.5343 31.6672 38.3038 24.4687 27.026 28.6147 38.291 36.5486 29.0307 31.9836 55.1794 46.5435 43.2501 21.3631 29.5528 34.3703 50.2838 14.7074 14.804 -9999 -9999
36.0053 21.5561 19.61 30.9151 31.1864 31.4155 22.54 12.3924 6.78346 30.1209 45.917 28.8484 27.4153 23.6857 18.3698 34.3493 37.0856 33.2189 32.0426 7.56635 3.7485 8.10075 30.4433 30.9687 26.7778 21.5709 25.7616 30.7332 21.7442 13.7585 13.7906 38.3844 34.2502 33.3711 39.7047 38.0573 22.7194 5.31454 6.57267 3.93904 8.52258 3.97739 7.01432 14.2266 17.8071 9.4419 19.3364 24.5029 25.0572 23.1645 22.5224 25.5544 27.6038 16.6705 18.9577 29.7126 26.6203 32.5379 32.1062 33.4932 30.3903 26.9428 31.4437 34.311 28.548 30.1633 49.5171 47.5006 37.3279 19.6174 20.887 22.0051 38.9083 32.7839 15.4876 -9999 -9999
33.4451 38.6158 22.5825 29.3533 22.307 9.10525 4.81756 10.8562 26.2207 37.9383 38.41 37.3592 36.0492 25.6661 14.5142 36.4975 31.7866 8.99538 22.2544 16.5757 1.27455 8.20661 17.0294 14.9258 10.7641 14.5532 19.0179 15.4663 10.1536 4.29605 5.62721 38.2991 29.6958 26.2639 7.28234 5.98987 10.9208 -9999 -9999 -9999 -9999 1.59734 1.07629 1.49734 5.68827 9.26555 15.6943 18.3829 21.3687 20.5732 25.3371 22.2622 22.5334 25.4779 15.5534 23.1749 23.2002 33.9518 33.7194 29.0169 26.6777 17.7894 32.1853 32.3993 25.1378 33.7036 37.0392 41.7253 37.1084 20.0037 13.7922 18.6103 30.7024 41.2025 42.2008 10.9378 2.09908
24.781 28.1047 40.2144 26.9582 10.4754 6.58237 11.6941 6.49424 40.4319 39.5758 41.8892 36.8754 42.2652 30.2227 15.4628 13.2833 30.2901 9.22483 2.15803 4.51322 11.8398 31.6862 17.5865 2.21525 6.10787 24.8997 19.5064 29.6713 9.25801 2.32517 7.9143 14.9007 19.7513 17.405 4.03306 1.75605 -9999 -9999 -9999 -9999 -9999 -9999 1.47325 1.60783 1.73732 5.26549 14.1108 14.7072 17.1599 21.0561 20.6129 24.5867 17.1492 18.822 15.4538 22.8929 16.306 21.0535 30.5524 22.2315 22.9983 10.3036 14.7095 16.7754 21.4559 35.5932 36.4065 35.5474 43.9251 24.1585 21.8782 29.4349 36.3822 46.7387 45.8085 12.0682 6.5011
14.7647 7.09496 27.8821 38.5401 28.4226 22.9929 26.7302 13.8287 16.2242 29.0692 38.6326 43.5024 36.5872 18.7417 7.72669 1.87417 8.83293 -9999 -9999 -9999 12.0389 13.5563 3.11762 1.04644 4.25507 25.5545 12.0912 17.7459 2.45525 1.25733 3.59517 21.5356 15.7757 21.1303 11.6034 7.97156 1.70105 -9999 -9999 -9999 -9999 -9999 -9999 1.21254 2.13968 5.26615 10.6573 16.9121 13.1292 14.6293 20.0754 22.3326 20.1825 21.6364 16.098 13.9231 7.92415 17.8342 24.3611 23.0154 21.404 27.2958 12.7379 8.50841 8.25423 34.5974 23.5747 32.045 41.1927 34.4779 36.724 39.141 44.6063 39.3534 32.568 23.8645 6.08761
20.3102 15.8103 29.8968 17.0897 21.0527 24.5904 20.4243 18.1838 28.4641 27.0256 29.4429 31.653 11.0199 13.335 3.82562 1.05137 0.889545 0 -9999 -9999 -9999 1.68627 -9999 -9999 -9999 -9999 -9999 1.27486 1.43607 2.02431 9.82263 21.3517 12.9452 17.3811 20.3725 20.3462 -9999 -9999 -9999 -9999 -9999 -9999 -9999 -9999 1.85586 5.96823 9.13942 11.0627 14.4814 13.2231 18.7358 19.3278 22.9142 28.7652 13.1636 6.8596 17.9342 21.0027 22.8722 14.4131 22.3287 30.3241 30.8354 18.6001 7.71572 12.9031 21.7398 25.9658 34.5675 29.1274 36.2379 31.5051 13.343 15.1128 -9999 -9999 -9999
24.3906 24.1074 25.6745 23.385 27.2653 24.6275 14.2944 16.4157 24.9256 27.9341 32.5738 28.0274 24.6895 21.5647 17.1164 1.13192 -9999 -9999 -9999 -9999 -9999 1.91315 -9999 -9999 -9999 -9999 -9999 -9999 -9999 -9999 11.541 18.7317 20.9308 25.3886 15.8316 -9999 -9999 -9999 -9999 -9999 -9999 -9999 -9999 -9999 1.45437 7.95694 9.8942 9.12958 14.3908 16.0224 22.6451 19.4269 22.6885 24.945 24.2172 25.4527 10.1299 16.1513 15.7992 11.969 18.1657 27.9373 31.2918 27.8101 8.05271 18.3125 24.5615 30.7166 41.5293 42.3298 27.9542 50.5676 45.203 39.1337 37.9398 21.7716 -9999
22.6243 26.0464 18.2125 20.0216 18.2064 9.45384 3.93061 4.87967 20.5576 24.1148 12.6052 18.6323 25.2849 20.9787 24.2756 11.9652 1.7505 -9999 -9999 -9999 -9999 -9999 -9999 -9999 -9999 -9999 -9999 -9999 -9999 -9999 6.77345 12.4788 16.9448 -9999 -9999 -9999 -9999 -9999 -9999 -9999 -9999 -9999 -9999 -9999 -9999 -9999 10.1238 13.0139 23.0265 18.5402 17.2102 21.0091 19.7636 17.0343 24.0897 26.375 9.28066 11.8059 9.43314 15.644 17.1711 26.657 36.1871 30.0964 19.327 9.83192 12.9462 36.5973 37.4495 46.4012 37.1732 33.3471 42.549 45.4054 41.3813 20.8769 -9999
17.8673 19.7701 21.6777 14.7314 15.2633 12.2554 3.64499 1.26622 3.3224 8.75482 2.49805 8.24814 27.8149 20.1499 -9999 -9999 9.37803 10.0671 -9999 -9999 -9999 -9999 0.873831 -9999 -9999 -9999 -9999 4.37061 4.37258 -9999 -9999 -9999 -9999 -9999 -9999 -9999 -9999 -9999 -9999 -9999 -9999 -9999 -9999 -9999 -9999 -9999 19.4513 16.0159 20.1064 19.4705 16.9588 16.1029 23.9689 22.7733 32.0417 27.219 16.7593 11.9989 7.09661 9.39 17.1701 27.2069 24.5865 28.4102 34.6145 13.2494 11.2786 24.7034 47.6967 43.3006 38.9236 44.6231 37.8267 -9999 -9999 -9999 -9999
16.2612 25.1828 30.6309 23.5918 15.785 10.1283 4.52775 0.766143 -9999 -9999 0.294628 -9999 22.1841 11.4679 -9999 -9999 -9999 -9999 -9999 -9999 -9999 -9999 -9999 -9999 -9999 -9999 -9999 -9999 -9999 -9999 -9999 -9999 -9999 -9999 -9999 -9999 -9999 -9999 -9999 -9999 -9999 -9999 -9999 -9999 -9999 -9999 -9999 12.4294 19.4452 21.5814 18.4769 27.2251 24.5796 25.5546 22.0253 18.413 -9999 -9999 -9999 6.27188 16.2644 29.9748 26.3601 29.4089 32.0637 29.3146 26.9491 -9999 42.2241 18.9381 27.0784 26.3373 -9999 -9999 -9999 -9999 -9999
21.8778 20.2946 27.9755 19.9468 20.7285 1.89189 0.887752 0.635984 0.66075 -9999 -9999 -9999 -9999 -9999 -9999 -9999 -9999 -9999 -9999 -9999 -9999 -9999 -9999 -9999 -9999 -9999 -9999 -9999 -9999 -9999 -9999 -9999 -9999 -9999 -9999 -9999 -9999 -9999 -9999 -9999 -9999 -9999 -9999 -9999 -9999 -9999 -9999 15.1658 5.68797 7.76234 12.8585 -9999 -9999 -9999 -9999 -9999 -9999 -9999 -9999 -9999 -9999 -9999 -9999 -9999 27.7448 26.1256 15.6801 -9999 17.8053 29.3314 23.0448 33.4856 -9999 -9999 -9999 -9999 -9999
23.7578 13.9063 12.2597 11.6047 11.683 1.51193 1.26371 1.68918 1.88008 1.52816 1.94757 1.46761 7.53521 12.8285 19.0517 -9999 -9999 -9999 -9999 -9999 -9999 -9999 -9999 -9999 -9999 -9999 -9999 -9999 -9999 -9999 -9999 -9999 -9999 -9999 -9999 -9999 -9999 -9999 -9999 -9999 -9999 -9999 -9999 -9999 -9999 -9999 -9999 -9999 -9999 -9999 -9999 -9999 -9999 -9999 -9999 -9999 -9999 -9999 -9999 -9999 -9999 -9999 -9999 -9999 -9999 -9999 -9999 -9999 -9999 20.8248 24.7634 -9999 -9999 -9999 -9999 -9999 -9999
7.60502 4.74516 1.55593 1.53412 2.13131 1.63728 4.74581 7.37102 10.0933 8.63248 2.90435 3.27839 15.4034 18.3938 19.0253 -9999 4.27626 5.27618 -9999 3.39019 11.4143 9.91362 3.81526 2.83911 4.04256 2.19051 2.1347 10.5167 0.534 -9999 -9999 -9999 0.698771 11.7455 8.77282 1.75431 1.47102 2.3254 1.77365 0.675887 -9999 -9999 -9999 -9999 -9999 -9999 -9999 -9999 -9999 -9999 -9999 -9999 -9999 -9999 -9999 -9999 -9999 -9999 -9999 -9999 -9999 -9999 -9999 -9999 -9999 -9999 -9999 -9999 -9999 -9999 -9999 -9999 -9999 -9999 -9999 -9999 -9999
7.90887 5.66054 3.53681 5.99018 13.0223 12.4187 21.6363 17.9256 11.9676 7.79035 4.72977 3.61653 8.27248 21.5772 16.7004 1.87758 9.61021 12.1717 10.8366 9.05949 18.885 17.079 15.9662 17.8996 22.0549 18.5235 22.0251 24.8373 17.9053 8.58736 15.5091 26.2409 17.7315 21.9523 25.0658 3.24849 10.0584 7.36545 14.5772 7.8029 -9999 -9999 -9999 -9999 -9999 -9999 -9999 -9999 -9999 -9999 -9999 -9999 -9999 -9999 -9999 -9999 -9999 -9999 -9999 -9999 -9999 -9999 -9999 -9999 -9999 -9999 -9999 -9999 -9999 -9999 -9999 -9999 -9999 -9999 -9999 -9999 -9999
15.2627 9.57627 7.09135 10.3396 16.3245 24.6741 27.4367 28.7343 24.138 24.1815 25.6263 33.09 12.2352 27.3668 3.72676 12.4788 8.85279 7.86168 13.1998 15.408 11.4307 13.1725 28.8291 34.5089 34.9558 30.1976 28.8871 31.9248 36.1682 29.3563 31.2393 25.8238 23.9619 12.2788 20.0185 13.5941 25.2545 25.1237 21.1493 11.772 1.7869 -9999 -9999 -9999 -9999 -9999 -9999 -9999 -9999 -9999 -9999 -9999 -9999 -9999 -9999 -9999 -9999 -9999 -9999 -9999 -9999 -9999 -9999 -9999 -9999 -9999 -9999 -9999 -9999 -9999 -9999 -9999 -9999 -9999 -9999 -9999 -9999
20.1073 8.85381 11.0763 15.086 16.0041 20.8711 31.5771 35.406 27.0435 27.6018 29.1137 34.0633 17.5792 28.355 17.2112 16.297 11.1682 5.16193 9.96393 13.7555 10.8681 15.2347 30.431 28.2783 21.4419 26.1754 33.6283 33.5348 34.7987 46.1968 39.8248 36.25 27.83 24.4158 27.6324 25.7351 24.2684 18.6109 18.6306 10.2691 11.7658 1.70807 12.5813 3.46886 -9999 -9999 -9999 -9999 -9999 -9999 -9999 -9999 -9999 -9999 -9999 -9999 -9999 -9999 -9999 -9999 -9999 -9999 -9999 -9999 -9999 -9999 -9999 -9999 -9999 -9999 -9999 -9999 -9999 -9999 -9999 -9999 -9999
16.9725 16.8922 16.5855 19.0264 6.55498 9.33127 25.244 38.6769 39.8193 23.3174 31.0065 44.528 6.8654 23.3764 8.07303 16.1319 23.8524 1.93042 4.38689 16.425 13.0618 21.386 32.4394 37.6016 30.1484 39.1446 32.0823 23.2417 27.0963 24.4273 26.9032 28.5009 32.4531 41.0737 40.9609 33.0798 22.9449 20.5107 21.6019 22.7403 21.3609 10.8634 15.8857 5.0997 10.6892 17.71 -9999 -9999 -9999 -9999 -9999 -9999 -9999 -9999 -9999 -9999 -9999 -9999 -9999 -9999 -9999 -9999 -9999 -9999 -9999 -9999 -9999 -9999 -9999 -9999 -9999 -9999 -9999 -9999 -9999 -9999 -9999
22.0525 19.7195 20.8435 22.9606 4.93314 12.648 14.5794 42.537 28.4102 39.776 37.8626 36.7124 2.62291 5.84871 3.05823 5.23855 13.0363 11.6391 0.490732 17.9288 17.8604 27.7983 27.8954 30.837 16.4609 31.3043 35.536 28.2313 14.4287 18.7408 24.1476 31.6572 29.8753 27.2652 24.0179 39.778 39.0132 27.0883 28.3846 25.9609 26.8419 27.4448 17.3164 8.03523 7.09797 -9999 -9999 -9999 -9999 -9999 -9999 -9999 -9999 -9999 -9999 -9999 -9999 -9999 -9999 -9999 -9999 -9999 -9999 -9999 -9999 -9999 -9999 -9999 -9999 -9999 -9999 -9999 -9999 -9999 -9999 -9999 -9999
16.7458 17.6108 9.68348 6.41936 1.42545 9.87653 4.39485 34.5944 36.8979 33.0456 66.1229 39.2124 -9999 -9999 -9999 -9999 -9999 -9999 -9999 15.1808 11.0032 15.9915 24.894 22.4462 14.937 11.1911 15.439 34.1406 26.782 20.3749 31.5743 27.3281 23.9787 30.2615 34.3788 27.6381 34.5558 39.4739 33.1272 23.5337 19.1668 30.2673 26.7649 25.245 17.1693 11.6894 -9999 -9999 -9999 -9999 -9999 -9999 -9999 -9999 -9999 -9999 -9999 -9999 -9999 -9999 -9999 -9999 -9999 -9999 -9999 -9999 -9999 -9999 -9999 -9999 -9999 -9999 -9999 -9999 -9999 -9999 -9999
13.2876 17.0203 16.4816 16.2898 1.72039 -9999 -9999 -9999 -9999 -9999 -9999 -9999 -9999 -9999 -9999 -9999 -9999 -9999 -9999 -9999 -9999 12.0488 29.0012 29.8177 17.5369 6.27644 18.2918 29.561 30.6233 29.7124 34.6649 26.7566 26.2233 23.315 26.7426 22.9019 20.1689 25.3211 23.9236 26.9957 29.2708 26.6991 22.9322 27.1316 34.7631 19.5154 -9999 -9999 -9999 -9999 -9999 -9999 -9999 -9999 -9999 -9999 -9999 -9999 -9999 -9999 -9999 -9999 -9999 -9999 -9999 -9999 -9999 -9999 -9999 -9999 -9999 -9999 -9999 -9999 -9999 -9999 -9999
9.22437 -9999 -9999 -9999 -9999 -9999 -9999 -9999 -9999 -9999 -9999 -9999 -9999 -9999 -9999 -9999 -9999 -9999 -9999 -9999 -9999 -9999 29.9241 14.2132 12.5169 3.19156 20.0747 27.3872 30.6958 40.4533 31.6588 31.179 27.1834 26.1503 28.9593 14.0136 18.9954 37.8107 38.8172 27.6606 29.3167 22.013 23.3142 29.6799 34.8 24.864 0 -9999 -9999 -9999 -9999 -9999 -9999 -9999 -9999 -9999 -9999 -9999 -9999 -9999 -9999 -9999 -9999 -9999 -9999 -9999 -9999 -9999 -9999 -9999 -9999 -9999 -9999 -9999 -9999 -9999 -9999
4.30701 -9999 -9999 -9999 -9999 -9999 -9999 -9999 -9999 -9999 -9999 -9999 -9999 -9999 -9999 -9999 -9999 -9999 -9999 -9999 -9999 -9999 -9999 -9999 -9999 4.52132 11.6972 24.3496 23.8483 20.9309 23.4296 26.1226 25.4615 28.4669 33.8081 36.3425 38.1087 40.1176 37.9331 34.602 33.5733 18.6001 15.6669 27.561 34.6161 -9999 -9999 -9999 -9999 -9999 -9999 -9999 -9999 -9999 -9999 -9999 -9999 -9999 -9999 -9999 -9999 -9999 -9999 -9999 -9999 -9999 -9999 -9999 -9999 -9999 -9999 -9999 -9999 -9999 -9999 -9999 -9999
-9999 -9999 -9999 -9999 -9999 -9999 -9999 -9999 -9999 -9999 -9999 -9999 -9999 -9999 -9999 -9999 -9999 -9999 -9999 -9999 -9999 -9999 -9999 -9999 -9999 -9999 11.1026 16.9432 18.7266 15.667 7.89906 12.6917 4.21172 18.521 29.7404 20.2806 32.5165 22.7578 25.2642 25.2818 20.2646 25.0654 5.0671 16.9767 -9999 -9999 -9999 -9999 -9999 -9999 -9999 -9999 -9999 -9999 -9999 -9999 -9999 -9999 -9999 -9999 -9999 -9999 -9999 -9999 -9999 -9999 -9999 -9999 -9999 -9999 -9999 -9999 -9999 -9999 -9999 -9999 -9999
-9999 -9999 -9999 -9999 -9999 -9999 -9999 -9999 -9999 -9999 -9999 -9999 -9999 -9999 -9999 -9999 -9999 -9999 -9999 -9999 -9999 -9999 -9999 -9999 -9999 -9999 -9999 -9999 -9999 18.4647 11.4347 -9999 -9999 14.0986 20.7951 10.3463 29.1517 -9999 25.1085 21.4698 9.88558 18.1754 -9999 -9999 -9999 -9999 -9999 -9999 -9999 -9999 -9999 -9999 -9999 -9999 -9999 -9999 -9999 -9999 -9999 -9999 -9999 -9999 -9999 -9999 -9999 -9999 -9999 -9999 -9999 -9999 -9999 -9999 -9999 -9999 -9999 -9999 -9999
