public/models/data/input/map/ntb/2500/mapdem.asc
NCOLS 156
NROWS 110
XLLCORNER 370313.940441
YLLCORNER 9268024.452423
CELLSIZE 2500.000000
NODATA_VALUE       -9999
[rows 68 to 101 of 110, columns 76 to 151 of 156]
282.955 233.876 177.635 96.3498 52.5558 47.4251 19.239 37.8973 103.874 178.3 290.268 427.545 567.775 724.579 883.383 1026.3 1196.83 1387.88 1610.52 1582.58 1207.12 1419.48 1361.14 1072.92 691.82 308.813 53.5278 -9999 -9999 -9999 -9999 -9999 -9999 -9999 -9999 -9999 -9999 -9999 -9999 -9999 -9999 -9999 -9999 -9999 -9999 -9999 -9999 -9999 -9999 -9999 -9999 -9999 -9999 -9999 -9999 -9999 -9999 -9999 -9999 -9999 -9999 -9999 -9999 17.2582 125.079 576.637 1133.14 1021.55 401.606 72.6092 -9999 -9999 -9999 -9999 -9999 -9999
317.217 264.418 171.872 79.3475 25.4431 12.4823 9.57467 72.5485 236.295 301.007 343.807 447.364 599.008 824.717 1058.07 1236.89 1436.24 1700.44 2014.72 2000.68 1850.61 1820.57 1615.41 1233.16 752.538 341.26 65.4177 37.51 -9999 -9999 -9999 -9999 -9999 -9999 -9999 -9999 -9999 -9999 -9999 -9999 -9999 -9999 -9999 -9999 -9999 -9999 -9999 -9999 -9999 -9999 -9999 -9999 -9999 -9999 -9999 -9999 -9999 -9999 -9999 -9999 -9999 -9999 -9999 31.0953 194.767 595.183 1175.33 1246.14 397.139 76.0687 -9999 -9999 -9999 -9999 -9999 -9999
283.647 180.832 61.6015 17.3752 5.62222 -9999 27.8132 73.4017 144.215 221.683 306.904 416.06 601.99 826.683 1074.85 1318.74 1633.58 2041.71 2239.11 1645.26 2004.63 2084.37 1572.76 1148.75 729.435 381.158 134.687 34.1851 -9999 -9999 -9999 -9999 -9999 -9999 -9999 -9999 -9999 -9999 -9999 -9999 8.97273 19.6225 20.3571 -9999 -9999 -9999 -9999 -9999 -9999 -9999 -9999 -9999 -9999 -9999 -9999 -9999 -9999 -9999 -9999 -9999 -9999 -9999 -9999 14.0825 85.0288 283.89 662.607 839.658 162.827 23.4066 -9999 -9999 -9999 -9999 -9999 -9999
329.222 162.382 37.8635 2.24242 -9999 -9999 16.0107 18.1082 67.7153 149.446 228.367 323.863 538.194 766.955 1000.2 1246.12 1592.38 2129.38 2129.74 1452.82 1679.15 1986.47 1517.73 1198.65 843.243 539.977 237.159 61.0485 -9999 -9999 -9999 -9999 -9999 -9999 -9999 -9999 -9999 -9999 -9999 9.72245 24.9927 38.7278 15.5044 2.7 -9999 -9999 -9999 -9999 -9999 -9999 -9999 -9999 -9999 -9999 -9999 -9999 -9999 -9999 -9999 -9999 -9999 -9999 -9999 8.33333 20.1671 65.1283 156.845 149.987 24.599 -9999 -9999 -9999 -9999 -9999 -9999 -9999
443.6 136.426 24.0222 -9999 -9999 -9999 -9999 -9999 41.4237 66.8518 157.938 214.241 351.219 559.224 822.404 1084.76 1371.87 1769.98 2130.69 2048.51 1987.75 1801.5 1476.77 1180.84 907.633 635.022 350.273 170.426 56.3804 20.8788 -9999 -9999 -9999 -9999 -9999 -9999 -9999 5 10.355 29.5579 115.611 189.72 106.243 63.886 57.435 65.6135 26.7462 10.0379 3.4 -9999 -9999 -9999 -9999 -9999 7.66667 14.3023 17.5432 15.1524 8.0385 11.1327 -9999 -9999 -9999 -9999 -9999 3.67857 5.62521 -9999 -9999 -9999 -9999 -9999 -9999 -9999 -9999 -9999
364.505 104.008 5 -9999 -9999 -9999 -9999 -9999 13.7724 16.7891 63.6412 116.562 233.585 387.823 645.039 854.009 1106.62 1358.07 1558.1 1678.58 1650.59 1539.7 1305.22 1095.97 853.881 579.725 364.443 222.868 97.1224 29.9621 -9999 -9999 -9999 -9999 -9999 -9999 6.77137 11.0533 54.5471 121.349 249.245 356.035 267.983 215.368 158.328 244.343 179.773 81.1486 28.5614 7.075 -9999 -9999 -9999 11.4554 30.1 99.1597 110.44 81.8948 87.0436 73.0057 57.8681 32.0952 19.3996 5.8018 0 -9999 -9999 -9999 -9999 -9999 -9999 -9999 -9999 -9999 -9999 -9999
219.801 48.4879 -9999 -9999 -9999 -9999 -9999 -9999 -9999 2.125 9.49944 48.41 125.108 232.46 434.356 613.912 807.748 1012.73 1144.58 1207.18 1253.93 1189.24 1055.8 955.564 800.31 610.716 391.493 237.389 91.5632 28.7174 7.93916 6.5 6.5 -9999 -9999 -9999 9.69125 32.2375 152.927 279.698 491.45 567.948 488.367 342.701 268.333 537.76 437.537 257.696 99.3723 15.8205 4.5 -9999 8.823 25.6674 113.623 211.39 200.456 166.677 179.905 48.6296 38.121 39.6661 36.9461 8.73295 0.304899 -9999 -9999 -9999 -9999 -9999 -9999 -9999 -9999 -9999 -9999 -9999
98.4795 15.9971 -9999 -9999 -9999 -9999 -9999 -9999 -9999 -9999 4.76394 15.0167 53.5648 121.665 270.308 395.698 524.438 709.706 827.767 950.05 952.382 966.108 897.65 832.162 657.489 512.735 352.902 237.866 141.973 65.1543 25.0085 25.9462 18.795 -9999 22.9882 25.1851 89.6654 133.952 242.116 399.597 602.317 722.627 736.332 512.015 448.76 723.201 601.098 299.256 138.874 76.1421 13.8596 26 56.7085 82.3637 87.364 177.628 262.368 279.172 218.113 132.117 73.0548 115.637 48.2385 5.89585 0.956522 -9999 -9999 -9999 -9999 -9999 -9999 -9999 -9999 -9999 -9999 -9999
20.203 -9999 -9999 -9999 -9999 -9999 -9999 -9999 -9999 -9999 -9999 28.0877 33.9972 40.2654 113.525 199.513 301.843 443.301 540.752 608.496 655.351 715.234 651.625 636.92 554.838 438.652 329.058 256.16 270.837 183.411 105.786 50.5497 16.3152 11.3631 35.3453 95.7425 264.871 335.306 483.016 496.192 796.062 1024.55 1042.65 750.629 630.161 756.252 475.265 378.955 231.1 110.605 25.3892 18.0407 200.716 238.25 97.3741 150.072 246.245 382.277 276.832 265.187 145.932 304.925 167.705 23.2395 -9999 -9999 -9999 -9999 -9999 -9999 -9999 -9999 -9999 -9999 -9999 -9999
-9999 -9999 -9999 -9999 -9999 -9999 -9999 -9999 -9999 -9999 -9999 -9999 1.6 9.33132 30.2362 81.4229 147.276 238.509 291.645 370.852 408.25 423.761 403.28 394.834 441.424 357.036 300.782 395.207 475.826 381.669 224.121 131.437 66.4415 45.6636 90.0354 174.908 432.455 506.923 596.671 590.861 724.738 851.87 917.712 1115.84 886.334 665.769 712.447 465.523 257.971 119.524 26.9559 84.2017 250.692 382.783 152.585 157.894 221.23 402.454 423.49 354.092 178.938 439.585 294.72 54.9677 5.3311 -9999 -9999 -9999 -9999 -9999 -9999 -9999 -9999 -9999 -9999 -9999
9.04549 2.05324 3.67023 0 28.4414 34.3677 -9999 -9999 -9999 -9999 -9999 -9999 -9999 -9999 9.97465 19.0448 60.4046 76.7003 129.515 189.386 194.776 209.474 223.943 220.626 247.383 254.751 345.927 550.935 792.988 650.299 370.576 229.151 137.616 86.2193 141.425 248.101 426.404 652.339 741.669 529.61 582.713 660.334 775.705 1060.13 1049.44 951.458 697.833 408.659 223.898 97.0489 25.0397 151.952 364.908 323.864 219.941 180.481 295.525 424.793 584.377 393.891 308.082 532.158 376.284 161.795 33.7599 20.4573 -9999 -9999 -9999 -9999 -9999 -9999 -9999 -9999 -9999 40.5963
21.2392 5.91701 3.10904 2.84795 13.4846 15.8963 -9999 -9999 -9999 -9999 -9999 -9999 -9999 -9999 -9999 8.12222 11.7278 18.5003 38.4601 73.8531 90.3259 91.7584 116.154 117.364 141.307 171.366 327.836 547.712 793.663 647.653 438.02 270.226 134.945 103.165 162.813 178.051 322.655 461.278 497.671 394.235 481.57 511.945 627.39 774.401 967.493 778.24 580.271 365.191 188.639 73.262 13.7945 51.6572 139.601 123.036 206.039 276.383 355.652 496.066 676.472 376.554 395.849 638.641 356.292 197.119 80.4594 10.8584 6.57143 -9999 -9999 -9999 -9999 -9999 -9999 -9999 -9999 45.7567
13.0533 11.4381 22.865 17.2808 20.9495 16.8321 -9999 -9999 -9999 -9999 -9999 -9999 -9999 -9999 -9999 -9999 -9999 -9999 21.9339 25.7056 21.2 26.6808 19.7799 23.5197 50.6081 85.4452 289.389 570.072 685.606 564.991 430.831 270.236 142.639 123.766 120.45 184.661 327.819 276.65 247.476 292.039 335.074 367.996 447.995 537.978 695.192 459.834 371.47 258.135 140.269 50.7374 10.2206 5.57369 19.2933 73.7101 156.517 250.678 351.187 464.709 768.395 618.277 617.615 723.038 398.963 241.275 120.898 39.9732 17.5871 -9999 -9999 -9999 -9999 -9999 -9999 -9999 -9999 43.299
30.7328 9.35593 41.854 46.2294 29.7978 28.7707 19.974 43.381 15.4876 2 -9999 -9999 -9999 -9999 -9999 -9999 -9999 -9999 14.1887 8.93385 1.75789 -9999 -9999 22.6333 31.4539 45.1582 155.922 316.122 415.756 357.55 308.202 230.191 159.136 120.996 109.846 135.752 305.118 268.204 181.833 230.344 223.663 247.103 291.105 308.504 343.187 261.68 187.84 131.536 63.7424 16.3272 12.5711 72.1894 45.2582 40.086 106.299 211.18 335.947 406.349 688.668 965.065 965.512 755.873 503.225 290.338 168.528 71.6151 16.9316 -9999 -9999 -9999 -9999 -9999 -9999 -9999 -9999 0
50.8419 8.92887 59.7517 20.9821 56.2281 62.5836 14.2396 89.8504 20.2984 0.8 -9999 -9999 -9999 -9999 -9999 -9999 -9999 -9999 -9999 -9999 -9999 -9999 -9999 -9999 17.4256 12.4812 58.4481 125.666 191.024 181.117 175.47 140.173 138.596 109.609 114.545 224.675 268.187 156.876 114.066 144.914 121.552 138.869 271.751 187.596 114.217 83.685 53.2448 25.2124 9.69611 1.76082 17.2996 97.8487 203.746 155.742 99.8361 142.06 315.14 414.151 688.745 1009.79 1059.54 815.006 385.327 265.943 165.443 60.8193 15.286 -9999 -9999 -9999 -9999 -9999 -9999 -9999 -9999 -9999
24.9958 43.382 35.2876 18.7129 24.7853 38.903 2.35263 73.7806 20.4828 0 -9999 -9999 -9999 -9999 -9999 -9999 -9999 -9999 -9999 -9999 -9999 -9999 -9999 -9999 -9999 12.0714 15.0732 32.1855 65.7762 108.486 73.042 88.6257 117.699 105.514 112.929 217.019 247.381 105.685 65.0413 53.2329 56.0404 129.444 249.827 108.47 48.5014 36.2691 35.8522 16.6891 5.44125 7.17873 43.3617 129.134 184.399 142.77 163.528 215.87 326.376 433.386 576.265 700.608 731.532 493.927 267.252 130.633 62.8434 27.3233 4.50505 -9999 -9999 -9999 -9999 -9999 -9999 -9999 -9999 -9999
72.5652 139.515 75.7164 33.113 4.51289 1.33295 1.25272 23.346 57.0966 34.9601 15.1044 10.0163 8.26196 -9999 -9999 -9999 -9999 -9999 -9999 -9999 -9999 -9999 -9999 -9999 -9999 -9999 -9999 10.0417 60.0042 109.519 31.5396 157.967 189.869 139.37 194.633 167.065 83.1 28.8334 23.6516 18.9153 36.4738 124.944 242.843 92.8735 87.5911 144.631 110.081 48.2654 6.00762 3.50188 21.1334 40.7933 58.4468 128.185 316.232 520.683 395.755 388.594 475.492 442.849 407.688 272.054 159.831 79.5224 20.4665 5.39273 27.4514 -9999 -9999 -9999 9.2 6.65799 0 -9999 0 0
102.32 99.0746 53.8363 15.4853 4.6715 33.3166 9.14151 26.751 28.6144 54.2671 19.1708 14.6764 17.4485 49.1833 -9999 -9999 -9999 -9999 -9999 -9999 -9999 -9999 -9999 -9999 -9999 -9999 -9999 -9999 77.2759 26.9427 26.9074 276.801 229.641 307.664 246.435 255.852 95.1201 12.0993 8.1721 14.4955 133.418 101.776 313.54 131.843 142.427 274.813 225.664 41.9066 5.17786 4.19998 5.98045 25.4836 228.554 331.442 468.792 563.78 479.921 372.468 375.495 258.273 189.363 131.23 60.377 19.904 10.7633 9.92234 32.1535 -9999 -9999 -9999 22.1423 8.95344 7.24443 -9999 0 0
52.3845 64.0192 35.1026 5.90188 28.082 36.1565 94.5148 86.2966 19.0982 16.0099 -9999 -9999 27.9629 18.0707 0 -9999 -9999 -9999 -9999 -9999 -9999 -9999 -9999 -9999 -9999 -9999 -9999 -9999 -9999 -9999 104.844 103.532 193.392 361.426 294.615 209.472 34.5592 9.29765 29.7206 148.405 219.585 120.847 350.855 164.929 277.353 178.974 254.345 56.3475 18.5648 17.0595 20.7787 57.5764 198.327 481.469 779.856 755.461 435.29 488.288 332.549 301.124 358.004 270.407 63.3697 7.70755 8.74878 7.18429 12.1855 -9999 20.4702 10.4128 33.4723 40.4503 13.0884 -9999 -9999 -9999
31.2304 42.1908 19.2484 10.0519 23.0648 52.3864 133.577 108.014 63.4524 9.91834 -9999 -9999 1.7875 0.1925 0 -9999 -9999 4.95 16.3522 8.85725 -9999 -9999 -9999 -9999 -9999 -9999 -9999 -9999 -9999 -9999 -9999 -9999 86.3664 321.685 315.822 218.098 37.5364 6.9333 25.9585 79.4886 98.9662 102.289 399.417 339.857 456.685 344.018 481.513 214.067 47.4185 80.8384 54.514 57.4582 169.271 401.231 608.821 755.824 597.661 523.364 532.071 431.774 292.671 263.394 224.804 48.1164 29.4684 22.6323 -9999 -9999 13.7451 40.0658 104.761 40.4547 9.19935 -9999 -9999 -9999
46.7664 42.4603 34.6637 50.0874 57.1031 40.4454 86.1457 76.109 17.611 12.9699 20.459 -9999 -9999 -9999 -9999 -9999 -9999 8.41177 22.155 12.1708 0 -9999 -9999 12.6 7.81429 13.7315 14.3194 5.57778 6.03832 4.38756 4.76509 25.6527 25.7451 156.877 274.7 57.9691 9.04891 9.45985 6.48041 21.3494 73.9204 90.9877 427.452 715.31 646.85 568.861 614.395 357.113 278.29 201.229 45.4208 105.285 111.769 198.237 339.584 715.841 781.344 740.254 656.237 447.32 290.677 164.942 214.402 123.927 100.711 42.5874 9.85 4.85054 14.4108 25.2584 39.441 17.6125 8.39636 -9999 -9999 -9999
134.58 80.6617 98.349 155.645 123.054 43.973 40.0186 68.1913 28.3128 2.96243 2.36667 -9999 -9999 0 0 0 -9999 25.48 20.2922 14.9507 10.4915 11.3608 21.8494 34.7323 61.4763 41.421 43.2146 36.0628 14.8516 5.49626 21.5741 41.6622 80.9222 262.832 224.475 68.3529 21.5225 34.1878 20.6617 14.9418 68.8884 101.006 363.743 749.419 733.43 690.968 832.993 561.686 475.231 400.722 109.799 312.154 346.155 312.915 466.009 534.859 514.824 587.677 598.218 436.539 232.299 209.936 298.041 248.794 249.306 71.237 62.3764 38.2489 136.665 190.653 66.7336 15.5877 17.9556 15.9405 7.88751 -9999
280.797 159.09 314.368 303.77 120.941 81.3161 35.0883 12.6349 10.8257 4.36356 3.862 -9999 5 5.18182 7.4 -9999 -9999 30.3333 17.9014 22.1358 11.9113 37.9742 103.39 154.854 244.021 296.963 336.1 279.122 169.048 58.3768 114.617 220.374 247.67 312.667 344.919 117.497 52.5054 59.9564 42.4998 112.041 124.529 150.228 253.895 600.85 717.524 812.678 724.747 504.584 314.74 187.474 187.075 247.546 278.977 137.633 177.327 277.542 172.702 334.154 219.309 98.381 105.355 101.424 315.803 387.835 306.525 234.716 221.332 242.528 446.749 610.855 239.455 33.1322 14.8342 33.0329 13.2799 6.7
285.966 185.776 332.726 434.032 251.411 142.561 112.997 42.7301 10.7164 7.48179 5.90004 2.72 3.25399 19.3902 85.4979 34.7168 -9999 -9999 10.855 13.773 24.4355 76.2706 139.686 234.857 347.035 514.066 392.051 429.934 475.148 192.124 190.614 250.306 352.451 192.686 95.1016 36.9425 50.4099 19.4333 22.5022 39.0097 82.6246 308.846 391.869 392.567 503.172 550.551 367.521 183.648 173.773 104.763 269.832 146.103 45.1045 13.7361 29.4633 55.9277 35.4844 112.615 27.2772 7.98899 7.88571 21.1893 130.845 224.212 178.517 144.414 178.206 105.22 260.646 525.091 275.387 46.698 4.65679 16.0165 12.4 -9999
331.158 291.113 217.604 326.355 262.959 236.307 171.267 67.4649 44.0145 22.921 5.2146 4.83469 5.07997 18.3761 70.691 19.2862 22.833 7.34724 3.38649 6.80472 31.9004 36.5531 96.2083 231.388 384.457 472.311 442.69 504.224 418.109 192.435 177.279 157.855 120.039 69.0105 42.137 -9999 -9999 7.2375 9.17231 29.9104 205.6 542.459 513.581 384.35 330.907 358.104 230.955 256.367 220.765 74.9092 115.07 76.2227 5.91329 3.28737 4.28976 5.97115 10.5391 58.6286 34.439 -9999 -9999 19.9781 73.8624 156.758 194.914 61.9174 116.1 153.323 110.214 264.361 159.174 69.9832 0 -9999 -9999 -9999
439.463 527.62 453.088 220.481 199.208 179.997 279.398 158.147 73.3252 32.597 8.9 5.507 5.0376 25.4498 72.6044 33.4826 18.4678 6.69473 6.30606 10.181 20.0931 39.3464 144.169 333.678 434.228 388.471 379.685 452.017 323.259 210.935 268.387 89.5739 39.9843 7.7 -9999 -9999 -9999 11.1668 33.6309 134.45 258.711 455.915 543.338 496.382 306.189 264.04 291.382 232.595 105.11 9.36375 6.92912 20.6265 13.1576 13.3333 3.875 12.375 7.675 -9999 -9999 -9999 -9999 31.7 29.9348 65.2003 56.2881 18.3326 28.9262 76.5188 48.0412 97.3687 40.25 -9999 -9999 -9999 -9999 -9999
538.823 633.299 585.586 387.73 257.605 333.27 616.797 436.183 193.672 46.2494 14.5271 7.54628 13.7464 24.7559 54.282 66.9794 15.8155 11.1084 8.71775 17.788 35.2454 96.6109 235.454 442.165 459.343 366.28 346.391 336.309 292.629 339.755 259.63 45.5647 65.9556 -9999 -9999 -9999 9.95807 52.4572 211.521 375.263 499.115 511.151 529.528 430.122 247.119 281.284 202.327 68.4331 43.103 92.8727 60.7901 44.8954 21.2591 46.0748 84.8625 104.574 93.6394 95.4657 50.5517 34.9838 9.7378 9.11111 0 0 -9999 -9999 -9999 6 2.75 27.5 -9999 -9999 -9999 -9999 -9999 -9999
606.8 656.102 730.856 622.269 397.324 596.369 720.711 761.571 326.109 76.1648 16.2199 10.6471 19.7317 33.878 72.5751 113.582 41.2441 24.4735 20.913 38.8392 49.6762 177.962 401.761 568.244 371.05 313.365 298.484 312.541 363.698 352.955 153.4 51.3229 -9999 -9999 -9999 -9999 16.6487 181.713 290.639 370.078 601.983 779.163 563.555 301.865 243.716 310.616 236.19 141.463 70.3111 176.583 229.685 42.1137 30.993 56.6701 208.576 295.884 383.256 402.923 313.153 160.99 66.9913 24.4399 0 0 -9999 -9999 -9999 -9999 -9999 -9999 -9999 -9999 -9999 -9999 -9999 -9999
896.519 852.363 859.91 739.371 614.17 576.094 510.101 713.456 430.848 78.4436 28.1831 18.1095 37.6735 65.1142 141.573 98.4041 108.036 71.7607 71.5761 146.866 137.93 204.152 356.922 365.967 182.973 174.14 300.648 298.808 196.929 51.011 -9999 -9999 -9999 -9999 -9999 -9999 21.2129 174.322 302.341 377.013 573.064 757.508 625.967 315.326 183.494 256.416 179.427 52.7934 18.0801 56.2076 84.0439 67.8571 0 19.7426 76.8503 61.9543 229.863 216.846 430.507 424.827 187.544 102.711 0 -9999 -9999 -9999 -9999 -9999 -9999 -9999 -9999 -9999 -9999 -9999 -9999 -9999
708.995 568.435 439.112 538.485 389.792 286.798 239.62 233.74 305.167 157.67 47.6456 39.7608 77.6351 139.606 191.829 145.884 176.032 151.469 153.538 151.848 126.83 153.055 142.094 64.4449 87.9245 266.101 342.605 196.183 68.8972 24.6048 -9999 -9999 -9999 -9999 -9999 -9999 14.1157 138.813 386.496 526.384 552.091 490.754 444.685 355.322 130.095 109.539 72.4549 9.68549 -9999 -9999 -9999 -9999 -9999 -9999 46.3457 27.8011 66.649 54.0393 133.747 137.943 62.4164 42.4229 0 -9999 -9999 -9999 -9999 -9999 -9999 -9999 -9999 -9999 -9999 -9999 -9999 -9999
538.237 574.669 357.903 276.411 266.403 176.423 177.615 158.615 134.853 128.61 64.6621 86.2486 133.196 200.652 241.718 311.03 332.296 286.293 223.904 55.6492 22.3815 24.0699 22.4444 12.213 34.8716 131.593 42.5873 17.7884 7.57143 -9999 -9999 -9999 -9999 -9999 -9999 -9999 3.45455 24.5656 278.672 445.298 312.335 237.069 243.858 84.4102 47.678 21.1333 -9999 -9999 -9999 -9999 -9999 -9999 -9999 -9999 -9999 -9999 -9999 -9999 -9999 -9999 -9999 -9999 -9999 -9999 -9999 -9999 -9999 -9999 -9999 -9999 -9999 -9999 -9999 -9999 -9999 -9999
475.732 403.119 443.025 246.402 238.054 105.024 89.2245 60.7526 75.103 63.126 49.0226 52.0161 127.049 280.661 336.193 296.262 216.518 150.788 107.931 33.4009 -9999 -9999 -9999 -9999 18.7472 24.5761 16.3774 -9999 -9999 -9999 -9999 -9999 -9999 -9999 -9999 -9999 -9999 9.32593 65.3927 106.805 89.7481 70.1807 54.2181 19.3642 -9999 -9999 -9999 -9999 -9999 -9999 -9999 -9999 -9999 -9999 -9999 -9999 -9999 -9999 -9999 -9999 -9999 -9999 -9999 -9999 -9999 -9999 -9999 -9999 -9999 -9999 -9999 -9999 -9999 -9999 -9999 -9999
670.724 497.241 293.781 172.647 136.864 39.8597 23.3974 22.5687 24.1094 46.1021 29.5153 11.0635 64.1939 177.584 219.328 131.253 58.1301 29.984 22.8447 14.4519 -9999 -9999 -9999 -9999 -9999 -9999 -9999 -9999 -9999 -9999 -9999 -9999 -9999 -9999 -9999 -9999 -9999 -9999 -9999 -9999 -9999 -9999 -9999 -9999 -9999 -9999 -9999 -9999 -9999 -9999 -9999 -9999 -9999 -9999 -9999 -9999 -9999 -9999 -9999 -9999 -9999 -9999 -9999 -9999 -9999 -9999 -9999 -9999 -9999 -9999 -9999 -9999 -9999 -9999 -9999 -9999
634.988 469.191 197.434 123.316 31.2122 10.3206 2.68524 9.06359 9.31669 14.2693 9.76877 -9999 25.9724 46.3687 74.7017 38.9305 25.1024 -9999 -9999 -9999 -9999 -9999 -9999 -9999 -9999 -9999 -9999 -9999 -9999 -9999 -9999 -9999 -9999 -9999 -9999 -9999 -9999 -9999 -9999 -9999 -9999 -9999 -9999 -9999 -9999 -9999 -9999 -9999 -9999 -9999 -9999 -9999 -9999 -9999 -9999 -9999 -9999 -9999 -9999 -9999 -9999 -9999 -9999 -9999 -9999 -9999 -9999 -9999 -9999 -9999 -9999 -9999 -9999 -9999 -9999 -9999
