public/models/data/input/map/ntb/2500/mapdriver.asc
NCOLS 156
NROWS 110
XLLCORNER 370313.940441
YLLCORNER 9268024.452423
CELLSIZE 2500.000000
NODATA_VALUE       -9999
[rows 68 to 101 of 110, columns 76 to 151 of 156]
-9999 -9999 -9999 -9999 -9999 -9999 4430.71 3203.13 1933.98 1191.13 1857.39 2998.04 3193.53 2946.01 3206.45 4518.67 6379.36 5664.39 3468.59 1342.99 450.852 1517.45 4114.89 5092.28 4385.89 3922.82 3289.86 -9999 -9999 -9999 -9999 -9999 -9999 -9999 -9999 -9999 -9999 -9999 -9999 -9999 -9999 -9999 -9999 -9999 -9999 -9999 -9999 -9999 -9999 -9999 -9999 -9999 -9999 -9999 -9999 -9999 -9999 -9999 -9999 -9999 -9999 -9999 -9999 3013.56 2247.38 1636.18 2540.66 3666.35 1841.05 833.799 -9999 -9999 -9999 -9999 -9999 -9999
-9999 -9999 -9999 -9999 -9999 -9999 3478.11 3053.63 2220.94 1513.57 946.25 907.992 997.399 1024.51 2070.92 3472.98 5255.39 4979.06 4078.71 -9999 848.773 2882.4 4417.92 3327.88 1968.49 1720.99 796.671 534.771 -9999 -9999 -9999 -9999 -9999 -9999 -9999 -9999 -9999 -9999 -9999 -9999 -9999 -9999 -9999 -9999 -9999 -9999 -9999 -9999 -9999 -9999 -9999 -9999 -9999 -9999 -9999 -9999 -9999 -9999 -9999 -9999 -9999 -9999 -9999 5008.76 4529.01 4063.16 4750.79 4380.18 2209.89 1530.04 -9999 -9999 -9999 -9999 -9999 -9999
-9999 -9999 -9999 -9999 -9999 -9999 2835.41 1152.2 576.648 885.528 1474.09 1586.03 1085.37 484.617 592.197 2105.61 3073.52 3817.64 3874.01 -9999 4204.86 5416.42 5098.5 2804.85 1039.97 910.986 1602.27 2596.6 -9999 -9999 -9999 -9999 -9999 -9999 -9999 -9999 -9999 -9999 -9999 -9999 8270.11 5261.45 4876.02 -9999 -9999 -9999 -9999 -9999 -9999 -9999 -9999 -9999 -9999 -9999 -9999 -9999 -9999 -9999 -9999 -9999 -9999 -9999 -9999 7441.56 7093.24 6655.27 7105.12 6066.83 4474.92 3462.02 -9999 -9999 -9999 -9999 -9999 -9999
-9999 -9999 -9999 -9999 -9999 -9999 2745.34 693.82 1421.88 2147.07 2219.32 1202.21 550.315 475.843 595.138 1076.96 1043.62 2638.67 3654.96 -9999 5100.75 6587.42 6126.68 4179.05 3157.9 3113.78 3889.37 5092.87 -9999 -9999 -9999 -9999 -9999 -9999 -9999 -9999 -9999 -9999 -9999 7286.61 7799.11 5421.31 3358.27 1676.04 -9999 -9999 -9999 -9999 -9999 -9999 -9999 -9999 -9999 -9999 -9999 -9999 -9999 -9999 -9999 -9999 -9999 -9999 -9999 8187.21 8827.18 8975.27 9034.61 7994.17 6170.18 -9999 -9999 -9999 -9999 -9999 -9999 -9999
-9999 -9999 -9999 -9999 -9999 -9999 -9999 -9999 2143.17 781.449 1000.62 353.452 434.249 441.764 354.723 665.063 2033.09 3542.49 5450.88 -9999 8012.55 8487.74 7791.81 6684.66 5813.72 5769.78 6540.97 7306.8 7189.76 6370.42 -9999 -9999 -9999 -9999 -9999 -9999 -9999 1779.7 3113.54 5566.35 6606.4 5227.72 2690.41 968.469 450.549 2095.53 3236.36 1806.75 1600.77 -9999 -9999 -9999 -9999 -9999 1060.95 804.196 952.104 406.505 2004.21 609.961 -9999 -9999 -9999 -9999 -9999 10566.3 10524.7 -9999 -9999 -9999 -9999 -9999 -9999 -9999 -9999 -9999
-9999 -9999 -9999 -9999 -9999 -9999 -9999 -9999 1136.11 608.329 413.124 419.339 719.318 435.487 555.753 1342.84 3653.8 5392.34 7008.95 9328.84 10010.1 10733 10060.1 9052.54 8181.72 8137.78 8660.58 7701.74 5372.79 3966.45 -9999 -9999 -9999 -9999 -9999 -9999 583.812 679.004 2093.87 3634.47 4644.44 5332.41 3767.62 1863.74 681.297 2541.51 2196.59 721.288 1850.75 2041.12 -9999 -9999 -9999 461.438 818.466 669.102 582.12 556.718 1715.62 680.196 782.607 1357.99 3260.85 2445.47 2099.61 -9999 -9999 -9999 -9999 -9999 -9999 -9999 -9999 -9999 -9999 -9999
-9999 -9999 -9999 -9999 -9999 -9999 -9999 -9999 -9999 30.8926 406.635 405.294 425.737 491.365 1224.69 2828.56 4875.37 7179.01 9064.02 10557.2 12447.1 13319.8 12651.9 11644.5 10773.3 10524 9112.95 6794.7 4139.23 1943.52 779.524 6600.61 6600.61 -9999 -9999 -9999 714.918 254.653 770.573 1209.1 2317.09 3775.19 4146.57 1987.1 991.336 2861.04 1812.37 1358.78 1255.18 642.612 2117.77 -9999 1715.86 509.158 579.374 469.918 362.784 868.916 1393.69 922.175 575.271 2100.7 3119.93 1593.55 1495.25 -9999 -9999 -9999 -9999 -9999 -9999 -9999 -9999 -9999 -9999 -9999
-9999 -9999 -9999 -9999 -9999 -9999 -9999 -9999 -9999 -9999 434.645 846.28 602.853 666.367 2566.67 4582.94 6274.25 8077.84 10350.1 12199.2 14119.6 15628.7 15073 14065.7 13143.1 11927.8 9407.91 7039.91 4393.14 2393.02 2234.74 5034.31 5700.23 -9999 1647.9 714.572 825.091 1376.55 683.425 538.73 813.523 2506.99 4447.94 3358.7 2632.63 3411.12 1815.88 960.78 645.288 1283.77 1216.26 4759.47 3137.3 1030.02 463.613 537.79 381.959 1356.04 1913.04 1443.89 559.294 2370.85 3250.98 1596.7 1012.8 -9999 -9999 -9999 -9999 -9999 -9999 -9999 -9999 -9999 -9999 -9999
-9999 -9999 -9999 -9999 -9999 -9999 -9999 -9999 -9999 -9999 -9999 897.252 1122.69 698.438 2787.14 4417.02 5531.87 7084.22 9564.12 11932.1 14543.7 16051 15348.9 14341.5 13288.1 12329.9 10442.5 8095.26 5852.18 4705.23 4590.29 4301.14 2073.91 170.236 525.512 598.589 1507.46 2784.47 2535.09 2180.22 2377.39 3321.45 4719.28 3919.82 3875.35 4054.36 1917.63 902.017 995.893 483.049 778.079 5944.76 3990.56 1918.72 365.226 538.154 758.197 1479.71 2916.62 2195.98 658.776 2572.57 4476.83 4091.89 -9999 -9999 -9999 -9999 -9999 -9999 -9999 -9999 -9999 -9999 -9999 -9999
-9999 -9999 -9999 -9999 -9999 -9999 -9999 -9999 -9999 -9999 -9999 -9999 360.948 1362.22 2520.51 2243.54 3644.85 5964.77 8556.74 10924.7 13532 14083.9 12980.3 11973 10916.7 10484.7 10758.7 9424.02 8103.75 7134.08 6238.69 4176.01 1689.84 469.896 583.578 513.967 2204.28 2224.64 2781.38 4207.04 4650.44 4646.94 3784.5 1929.74 2144.97 3823.84 2327.08 944.992 545.527 300.549 2030.49 5195.61 3750.51 1931.08 583.079 518.186 293.563 586.609 1267.3 1680.56 761.403 2898.34 5332.82 5557.71 4443.95 -9999 -9999 -9999 -9999 -9999 -9999 -9999 -9999 -9999 -9999 -9999
1776.7 5587.51 -9999 -9999 -9999 -9999 -9999 -9999 -9999 -9999 -9999 -9999 -9999 -9999 2211.45 1055.51 3096.94 5522.37 8114.36 10482.4 12966.3 12543.9 10520.9 9382.29 8324.72 7895.6 8847.88 9697.27 8899.65 7516.87 6291.29 4545.61 2194.53 576.506 1014.55 769.242 1525.86 741.417 1881.87 3654.42 3887 3067.69 1780.86 756.535 1730 3591.02 2542.99 1399.19 808.592 821.855 2574.67 3358.87 1908.53 2502.49 1132.12 274.473 422.459 574.701 1596.61 1265.95 1143.01 3463.34 5300.09 3849.33 2466.52 1339 -9999 -9999 -9999 -9999 -9999 -9999 -9999 -9999 -9999 -9999
3779.85 7842.16 8214.94 8525.21 -9999 -9999 -9999 -9999 -9999 -9999 -9999 -9999 -9999 -9999 -9999 1628.74 4112.29 6461.96 9007.34 11373.7 13247.9 11597.5 9033.71 7130.39 5956.72 5527.6 6494.14 7829.06 7652.02 5598.4 4124.42 3051.03 1443.55 457.616 1207.86 486.575 645.013 1211.28 1788.23 1744.04 2098.99 1107.3 444.427 793.435 2817.98 3414.02 1271.62 417.425 292.611 249.292 1725.69 2103.9 586.638 1668.58 1505.54 531.581 567.399 1379.73 2650.71 1308.97 1257.01 3621.13 4928.07 2808.42 869.24 1193.18 2365.54 -9999 -9999 -9999 -9999 -9999 -9999 -9999 -9999 -9999
4000.72 5877.21 6462.46 7289.41 2266.22 1079.45 -9999 -9999 -9999 -9999 -9999 -9999 -9999 -9999 -9999 -9999 -9999 -9999 10560.2 12440.6 13472.2 10972.3 8725.57 5161.29 3428.33 2882.76 4297.15 6508.31 6523.15 4160.83 1902.81 782.137 672.589 889.25 495.627 1496.15 2680.16 2587.86 908.212 771.108 576.232 357.347 812.858 2051.64 3856.54 3254.1 983.649 407.701 450.381 348.477 339.616 266.866 238.679 507.875 476.783 556.062 699.744 2020.64 3133.25 2353.83 2246.74 4217.92 5602.64 3760.16 2420.75 1393.42 1100.66 -9999 -9999 -9999 -9999 -9999 -9999 -9999 -9999 -9999
1538.95 3416.52 4128.05 5452.33 2823.41 1917.78 -9999 -9999 -9999 -9999 -9999 -9999 -9999 -9999 -9999 -9999 -9999 -9999 11849.2 12762.8 14167.3 -9999 -9999 3226.51 2037.45 1201.27 3333.43 5697.52 6203.31 3998.33 1728.9 730.686 742.945 1253.39 639.112 2457.33 4065.67 2495.74 612.524 792.47 226.393 375.25 774.713 1684.08 2482.4 3057.95 1486.03 592.404 617.072 768.174 1078.13 1658.03 355.962 255.107 354.323 508.093 590.578 745.756 2365.73 3989.72 4438.33 5608 6780.01 5726.97 3982.99 2604.61 2662.56 -9999 -9999 -9999 -9999 -9999 -9999 -9999 -9999 -9999
374.721 563.311 1962.48 3829.68 4803.03 4295.14 -9999 -9999 -9999 -9999 -9999 -9999 -9999 -9999 -9999 -9999 -9999 -9999 -9999 -9999 -9999 -9999 -9999 -9999 2116.54 2445.66 4229.17 6161 5375.2 3704.33 2619.18 1566.95 810.635 476.823 499.54 1858 3378.85 2264.18 579.792 968.99 168.023 272.571 1519.32 613.357 640.926 1434.65 692.138 250.373 248.907 77.0363 553.437 1544.66 1853.35 1369.36 459.331 401.41 689.1 1787.89 3391.83 5341.77 6405.66 6918 6883.8 5693.92 4641.79 4683.51 5024.97 -9999 -9999 -9999 -9999 -9999 -9999 -9999 -9999 -9999
415.603 923.343 601.003 1867.21 7096.96 6360.94 -9999 -9999 -9999 -9999 -9999 -9999 -9999 -9999 -9999 -9999 -9999 -9999 -9999 -9999 -9999 -9999 -9999 -9999 -9999 3929.91 5928.49 6512.83 4352.49 2071.47 958.217 548.784 550.09 389.68 554.978 1218.17 1915.33 1192.94 420.393 462.851 185.458 539.135 2291.49 1140.24 412.928 270.753 392.307 206.908 140.156 216.21 424.027 601.533 1302.32 861.276 468.673 501.007 869.061 2354.45 4537.39 5269.45 4813.23 4906.42 4863.87 3584.85 2577.42 3923.83 5114.73 -9999 -9999 -9999 -9999 -9999 -9999 -9999 -9999 -9999
873.241 1336.83 697.541 1404.75 6092.07 1133.1 6176.86 7462.78 7530.52 -9999 -9999 -9999 -9999 -9999 -9999 -9999 -9999 -9999 -9999 -9999 -9999 -9999 -9999 -9999 -9999 -9999 -9999 5715.25 4369.15 1989.94 260.969 1256.79 2338.91 2260.56 2614.66 2887.2 1078.54 194.672 191.437 192.126 282.848 623.579 2602.2 1850.94 495.377 1101.58 1771.34 644.965 85.6199 16.6989 224.296 401.885 359 347.336 470.868 800.157 773.358 1372.29 3327.93 3024.86 2257.95 2348.93 2352.61 1678.54 1014.08 2548.75 -9999 -9999 -9999 -9999 -9999 -9999 -9999 -9999 -9999 -9999
2098.92 1501.36 985.658 413.653 573.023 1948.16 5463.57 6676.11 6960.62 -9999 -9999 -9999 -9999 -9999 -9999 -9999 -9999 -9999 -9999 -9999 -9999 -9999 -9999 -9999 -9999 -9999 -9999 -9999 5282.75 3542.53 438.977 2036.19 4203.6 4676.24 4663.27 3272.05 859.384 176.798 140.789 147.038 900.966 574.929 1963.78 830.765 519.485 1530.71 2754.92 1198.7 285.124 95.694 90.6858 623.724 1600.15 706.568 690.684 554.075 794.132 1238.08 1826.36 915.209 517.775 594.82 559.151 490.562 614.26 1713.56 -9999 -9999 -9999 -9999 -9999 -9999 -9999 -9999 -9999 -9999
1136.57 537.26 256.077 154.067 1030.12 2918.01 5011.58 4873.31 3434.51 2592.18 -9999 -9999 -9999 -9999 -9999 -9999 -9999 -9999 -9999 -9999 -9999 -9999 -9999 -9999 -9999 -9999 -9999 -9999 -9999 -9999 2478.36 3450.32 4019.91 4754.51 4274.55 2787.34 832.496 120.104 217.703 1088.91 1596.6 587.311 1154.89 874.506 1465.99 591.988 2152.97 1773.93 604.71 346.88 176.026 579.667 1285.45 1162.47 851.315 455.001 327.323 1116.64 625.145 1152.68 2149.24 2299.46 1424.13 389.54 180.831 716.79 -9999 -9999 13173.1 12193.2 13793.3 14856 16067.8 -9999 -9999 -9999
315.719 247.964 187.022 105.567 544.812 1904.11 4025.75 3760.76 1553.34 1380.65 -9999 -9999 -9999 -9999 -9999 -9999 -9999 2671.46 1159.8 856.578 -9999 -9999 -9999 -9999 -9999 -9999 -9999 -9999 -9999 -9999 -9999 3655.64 1853.53 2986.68 3187.23 1188.91 298.501 81.9906 114.065 778.389 1507.79 327.206 630.556 1624.76 2622.54 790.426 1836.14 2011.35 561.554 1077.34 358.757 427.425 530.227 1003.28 589.992 646.084 844.58 2176.01 2172.36 3070.61 3908.74 3496.73 2489.88 780.485 774.167 1994.07 -9999 -9999 13222.6 12048.5 12719.4 14544.5 16170.4 -9999 -9999 -9999
187.632 171.886 168.749 728.839 406.589 813.76 2506.32 2539.05 824.485 930.963 2273.46 -9999 -9999 -9999 -9999 -9999 -9999 2113.91 1769.8 1230.35 253.102 -9999 -9999 1682.05 1428.1 2128.02 4329.76 5773.27 -9999 1992.65 1809.02 2001.49 480.142 2374.38 3271.65 1128.34 275.944 705.036 155.793 506.3 901.197 850.119 1914.24 3076.76 2475.55 779.713 1550.05 1538.32 1270.26 1525.66 178.209 448.452 313.743 387.641 384.348 605.433 1740.68 3572.27 4275.92 3786.56 2418.76 1344.84 1155.59 911.493 1008.04 2960.25 4805.91 5585.06 7173.42 8402.28 10225.4 10909.7 -9999 -9999 -9999 -9999
458.076 393.024 382.28 1025.4 731.619 433.058 617.247 781.836 766.204 654.044 -9999 -9999 -9999 -9999 -9999 -9999 -9999 5785.93 3965.36 1234.68 406.256 2568.63 1562.93 970.948 1021.35 1693.84 4130.89 4815.68 1840.47 974.499 1340.79 2597.58 751.538 1701.72 3465.44 1967.38 304.242 781.294 405.632 530.367 1143.79 594.316 1956.57 3184.44 1236.53 875.908 2407.93 2898.19 2692.73 1642.25 279.207 652.906 826.798 710.772 1394.49 1937.96 2285.37 2156.62 3597.52 2607.79 764.26 842.421 1126.39 1091.93 2016.95 4002.18 4081.73 4061.71 5400.95 7183.4 9160.92 10662.6 -9999 -9999 -9999 -9999
664.731 706.356 986.615 918.88 671.151 858.771 236.691 125.281 168.76 156.812 -9999 -9999 -9999 2847.95 2930.79 -9999 -9999 5814.05 2697.94 980.219 502.208 1368.18 1136.04 1199.16 1753.31 2125.65 4381.5 4515.76 2077.26 612.993 1730.37 3298.87 1662.07 1065.94 3192.87 2992.82 1437.06 1292.46 2470.71 2214.7 2939.86 2166.3 1865.7 2391.07 1984.79 2397.88 1964.56 2086.73 1896.82 657.706 570.053 530.989 1254.68 2020.07 1053.87 1109.88 998.636 972.681 3226.94 2890.79 1156.12 2217.14 3127.69 3380.97 4142.74 4285.2 2247.68 1783.26 3697.69 5558.39 7752.63 9104.67 -9999 -9999 -9999 -9999
488.644 1094.07 760.665 1316.73 1501.7 870.217 1002.87 654.418 251.293 329.125 507.557 -9999 0 1358.62 1928.38 1408.22 886.396 -9999 1693.06 681.218 899.941 848.772 1408.33 2705.13 3916.24 4247.89 5609.84 5552.78 3404.67 1531.92 1759.77 2902.93 3132.91 2720.5 3957.97 4347.48 2368.15 1542.51 1636.11 1643.11 2987.77 2454.46 666.276 579.127 1581.76 2443.1 1203.67 514.4 525.049 284.046 828.782 1045.51 844.362 2287.23 809.58 868.627 388.56 1408.12 3822.07 3920.64 612.263 1135.72 1781.66 3125.79 5126.18 4399.49 1861.43 655.329 2171.3 4214.36 6735.13 9234.65 -9999 -9999 -9999 -9999
595.785 1124.17 606.943 1050.45 2106.32 839.47 1427.8 1082.3 838.805 1715.47 1010.73 597.748 254.237 1145.92 1277.43 655.265 489.063 200.13 567.878 849.972 587.742 1869.12 3641.97 4750.87 6054.59 6799.69 7663.63 6498.38 3877.88 1623.35 624.46 1642.71 3849.76 4901.06 5389.11 -9999 -9999 80.711 193.581 671.833 1867.15 1653.71 607.753 1009.54 578.678 662.919 549.267 1085.5 1706.09 609.559 1169.66 1621.2 1189.62 -9999 -9999 287.186 616.258 1814.54 3616.14 -9999 -9999 662.011 555.291 1990.44 4115.19 5049.97 3152.8 1278.07 1062.35 3368.84 5751.99 7530.74 -9999 -9999 -9999 -9999
784.35 1396.62 1154.32 389.394 1176.88 892.587 2142.07 1211.72 1371.41 2973.46 1649.62 361.896 366.224 892.763 1890.33 1459.5 553.498 106.827 106.369 197.681 551.087 1719.28 3415.42 5584.52 7236.74 8182.17 8912.64 7450.99 4905.92 3301.6 2253.72 1631.77 2644.74 5062.65 -9999 -9999 -9999 552.533 311.452 488.909 628.143 1002.17 1105.79 2511.52 1681.94 1458.17 1186.77 480.39 872.013 373.239 320.175 511.815 -9999 -9999 -9999 -9999 -9999 -9999 -9999 -9999 -9999 721.664 561.558 920.499 3443.84 4963.23 3947.97 2259.58 1754.61 4200.8 5202.97 -9999 -9999 -9999 -9999 -9999
852.135 1191.87 769.556 1077.27 691.529 2313.24 3600.45 2809.23 2737.71 2681.75 1055.23 537.229 569.673 1081.19 2068.91 1673.67 356.229 204.363 202.873 365.931 701.554 803.815 2467.59 4530.21 5223.57 6055.68 7494.5 8283.99 6812.21 5294.53 2930.45 916.961 1293.53 -9999 -9999 -9999 437.481 536.164 1411.76 1822.37 1586.46 738.956 2375.91 3703.55 3658.56 2286.27 816.147 252.543 452.005 765.047 575.892 577.414 3634.92 5943.16 6074.94 3673.65 1541.12 2203.5 4495.57 6845.05 9293.91 11597.3 -9999 -9999 -9999 -9999 -9999 -9999 -9999 5037.68 -9999 -9999 -9999 -9999 -9999 -9999
1102.57 1948.64 777.462 1265.5 775.99 2766.73 4722.52 4286.3 2814.1 1568.89 413.782 273.243 952.439 2459.18 3334.96 2060.21 936.524 567.606 455.502 993.81 1953.64 904.639 1574.44 2758.76 2870.43 3990.11 6323.91 8541.23 8590.25 6358.24 4027.48 2657.22 -9999 -9999 -9999 -9999 588.425 1617.2 3016.31 3623.32 1929.16 1447.36 3501.54 3783.75 3219.22 2257.33 1433.4 1329.39 1961.32 2612.17 1379.5 956.73 3453.65 5844.69 6599.53 4367.42 2759.98 3126.71 5171.1 7525.23 10229.2 12578.2 -9999 -9999 -9999 -9999 -9999 -9999 -9999 -9999 -9999 -9999 -9999 -9999 -9999 -9999
2122.48 2379.95 1325.25 2044.71 2506.17 3190.96 2973.29 2671.16 1741.65 709.534 1392.12 767.69 584.692 2197.9 3774.81 3899.24 2972.88 2320.22 1886.55 2422.99 963.24 486.085 680.19 831.376 953.583 2930.2 5346.76 7639.81 9345.19 7992.89 -9999 -9999 -9999 -9999 -9999 -9999 3004.73 3734.26 5304.79 5344.9 3915.68 3723.73 4044.79 2159.59 1077.28 2513.58 3815.7 3688.17 3729.05 3910.48 2128.64 1487.44 -9999 7372.89 7652.54 6324.34 5381.44 5666.42 6848.97 8662.63 11281.3 13531.8 15141.6 -9999 -9999 -9999 -9999 -9999 -9999 -9999 -9999 -9999 -9999 -9999 -9999 -9999
943.804 767.493 734.759 1813.42 3468.53 2349.36 856.126 701.233 1352.78 1415.47 2905.65 2255.96 1366.73 2153.11 1857.26 3410.55 4889.25 4584.36 4119.41 3345.52 980.973 504.089 1686.98 721.131 1298.23 2436.01 4392.94 6714.1 9099.01 9830.31 -9999 -9999 -9999 -9999 -9999 -9999 4913.9 5984.5 7171.63 7297.88 6269.81 5985.07 4775.02 2456.07 598.281 1964.27 4335.27 5020.63 -9999 -9999 -9999 -9999 -9999 -9999 7941.38 7620.89 7541.24 7801.74 8927.65 10068.3 11923.3 13739.1 15141.6 -9999 -9999 -9999 -9999 -9999 -9999 -9999 -9999 -9999 -9999 -9999 -9999 -9999
656.133 1254.14 906.328 791.037 2815 2395.46 1638.55 951.049 807.129 1852.89 2750.13 3611.69 3617.53 2729.59 1601.12 3287.9 5789.35 7051.96 6176.94 4288.44 1168.3 1160.69 1786.54 1523.38 1122.23 1232.42 3485.53 5817.63 7522.86 -9999 -9999 -9999 -9999 -9999 -9999 -9999 7153.86 8341.15 9631.47 9843.67 8856.4 7882.95 5598.31 3280.9 1138.79 1215.65 -9999 -9999 -9999 -9999 -9999 -9999 -9999 -9999 -9999 -9999 -9999 -9999 -9999 -9999 -9999 -9999 -9999 -9999 -9999 -9999 -9999 -9999 -9999 -9999 -9999 -9999 -9999 -9999 -9999 -9999
514.742 651.915 1180.57 821.126 2250.99 1054.07 1139.83 666.055 1304.8 2022.17 967.137 2420.09 4531.11 4513.53 3879.5 4832.58 6827.93 8818.82 7690.98 6327.52 -9999 -9999 -9999 -9999 845.467 1402.08 3070.57 -9999 -9999 -9999 -9999 -9999 -9999 -9999 -9999 -9999 -9999 9767.93 11072.1 11815.7 10916.7 9243.25 6559.73 4510.45 -9999 -9999 -9999 -9999 -9999 -9999 -9999 -9999 -9999 -9999 -9999 -9999 -9999 -9999 -9999 -9999 -9999 -9999 -9999 -9999 -9999 -9999 -9999 -9999 -9999 -9999 -9999 -9999 -9999 -9999 -9999 -9999
1314.58 1071.67 608.464 676.452 1734.98 622.168 393.759 772.015 766.97 2142.82 1155.66 1593.64 4893.92 6526.48 6439 7250.22 8219.2 9746.34 8785.17 7663.39 -9999 -9999 -9999 -9999 -9999 -9999 -9999 -9999 -9999 -9999 -9999 -9999 -9999 -9999 -9999 -9999 -9999 -9999 -9999 -9999 -9999 -9999 -9999 -9999 -9999 -9999 -9999 -9999 -9999 -9999 -9999 -9999 -9999 -9999 -9999 -9999 -9999 -9999 -9999 -9999 -9999 -9999 -9999 -9999 -9999 -9999 -9999 -9999 -9999 -9999 -9999 -9999 -9999 -9999 -9999 -9999
1270.47 1315.89 492.007 497.886 644.369 1005.66 305.777 1023.36 896.507 2590.49 3018.47 -9999 6533.42 8021.04 8835.74 8882.21 9005.79 -9999 -9999 -9999 -9999 -9999 -9999 -9999 -9999 -9999 -9999 -9999 -9999 -9999 -9999 -9999 -9999 -9999 -9999 -9999 -9999 -9999 -9999 -9999 -9999 -9999 -9999 -9999 -9999 -9999 -9999 -9999 -9999 -9999 -9999 -9999 -9999 -9999 -9999 -9999 -9999 -9999 -9999 -9999 -9999 -9999 -9999 -9999 -9999 -9999 -9999 -9999 -9999 -9999 -9999 -9999 -9999 -9999 -9999 -9999
