public/models/data/input/map/ntb/2500/mapdagr.asc
NCOLS 156
NROWS 110
XLLCORNER 370313.940441
YLLCORNER 9268024.452423
CELLSIZE 2500.000000
NODATA_VALUE       -9999
[rows 68 to 101 of 110, columns 0 to 76 of 156]
-9999 -9999 -9999 -9999 -9999 -9999 -9999 -9999 -9999 -9999 -9999 -9999 -9999 -9999 -9999 -9999 -9999 -9999 -9999 -9999 -9999 -9999 -9999 -9999 -9999 -9999 -9999 -9999 -9999 -9999 -9999 -9999 -9999 -9999 -9999 -9999 -9999 -9999 -9999 -9999 -9999 -9999 -9999 -9999 -9999 -9999 -9999 -9999 -9999 -9999 -9999 -9999 -9999 -9999 -9999 -9999 -9999 -9999 -9999 -9999 -9999 -9999 -9999 -9999 -9999 -9999 -9999 -9999 -9999 -9999 -9999 -9999 914.54 653.228 472.042 2058.18 3577.79
-9999 -9999 -9999 -9999 -9999 -9999 -9999 -9999 -9999 -9999 -9999 -9999 -9999 -9999 -9999 -9999 -9999 -9999 -9999 -9999 -9999 -9999 0 0 0 0 0 -9999 -9999 -9999 -9999 -9999 -9999 -9999 -9999 -9999 -9999 -9999 -9999 -9999 -9999 -9999 -9999 -9999 -9999 -9999 -9999 -9999 -9999 -9999 -9999 -9999 -9999 -9999 -9999 -9999 -9999 -9999 -9999 -9999 -9999 -9999 -9999 -9999 -9999 -9999 -9999 -9999 -9999 -9999 -9999 -9999 29.3039 248.416 1299.98 3106.44 4823.64
-9999 -9999 -9999 -9999 -9999 -9999 -9999 -9999 -9999 -9999 -9999 -9999 -9999 -9999 -9999 -9999 -9999 -9999 -9999 0 0 0 0 0 0 0 3.77254 23.2848 0 0 -9999 -9999 -9999 -9999 -9999 -9999 -9999 -9999 -9999 -9999 -9999 -9999 -9999 -9999 -9999 -9999 -9999 -9999 -9999 -9999 -9999 -9999 -9999 -9999 -9999 -9999 -9999 -9999 -9999 -9999 -9999 -9999 -9999 -9999 -9999 -9999 -9999 -9999 -9999 -9999 -9999 -9999 19.8837 198.076 1883.37 4078.62 4778.95
-9999 -9999 -9999 -9999 -9999 -9999 -9999 -9999 -9999 -9999 -9999 -9999 -9999 -9999 -9999 -9999 -9999 -9999 0 0 0 0 2.62225 8.66676 1.68426 20.2377 0.03 1.89426 0 0 0 0 7.22222 -9999 -9999 -9999 -9999 -9999 -9999 -9999 -9999 -9999 -9999 -9999 -9999 -9999 -9999 -9999 -9999 -9999 -9999 -9999 -9999 -9999 -9999 -9999 -9999 -9999 -9999 -9999 -9999 -9999 -9999 -9999 -9999 -9999 -9999 -9999 -9999 -9999 -9999 -9999 817.229 1080.93 2032.79 3756.45 4394.83
-9999 -9999 -9999 -9999 -9999 -9999 -9999 -9999 -9999 -9999 -9999 -9999 -9999 -9999 -9999 -9999 0 1.22816 0 0 0 0 148.853 215.509 131.611 84.9313 1.42669 12.6652 9.20631 80.4201 159.443 269.659 392.167 101.717 68.5629 1.00747 0 -9999 -9999 -9999 -9999 -9999 -9999 -9999 -9999 -9999 -9999 -9999 -9999 -9999 -9999 -9999 -9999 -9999 -9999 -9999 -9999 -9999 -9999 -9999 -9999 -9999 -9999 -9999 -9999 -9999 -9999 -9999 -9999 -9999 -9999 -9999 -9999 502.589 778.315 2937.09 3777.64
-9999 -9999 -9999 -9999 -9999 -9999 -9999 -9999 -9999 -9999 -9999 -9999 -9999 -9999 -9999 -9999 0 2.49756 11.0305 9.81001 3.34995 72.151 655.538 1687.47 1375.63 486.797 104.787 641.536 321.355 510.856 855.798 1755.84 2128.29 1221.59 403.468 51.4268 10.2989 0 -9999 -9999 -9999 -9999 -9999 -9999 -9999 -9999 -9999 -9999 -9999 -9999 -9999 -9999 -9999 -9999 -9999 -9999 -9999 -9999 -9999 -9999 -9999 -9999 -9999 -9999 -9999 -9999 -9999 -9999 -9999 -9999 -9999 -9999 -9999 1215.78 1735.17 3676.73 4623.61
-9999 -9999 -9999 -9999 -9999 -9999 -9999 -9999 -9999 -9999 -9999 -9999 -9999 -9999 -9999 0 5.78274 226.595 817.191 759.473 615.641 1120.32 2534.51 3812.18 3428.9 2119.98 1585.7 2562.88 2216.87 906.064 996.683 2893.7 3694.83 2571.56 642.525 1033.47 333.636 10.8339 0.291945 0 -9999 -9999 -9999 -9999 -9999 -9999 -9999 -9999 -9999 -9999 -9999 -9999 -9999 -9999 -9999 -9999 -9999 -9999 -9999 -9999 -9999 -9999 -9999 -9999 -9999 -9999 -9999 -9999 -9999 -9999 -9999 -9999 5830.3 4405.16 4078.55 5225.98 6412.93
-9999 -9999 -9999 -9999 -9999 -9999 -9999 -9999 0 48.5516 209.689 -9999 -9999 125 4.11983 13.0031 611.781 1434.97 2819.23 2963.21 2844.81 3122.94 4542.56 5914.51 5505.68 4326.33 3991.65 4777.7 3454.66 1168.45 561.628 1239.01 2615.95 3432.01 2281.92 2541.39 1439.05 449.895 7.75152 0 -9999 -9999 -9999 -9999 -9999 -9999 -9999 -9999 -9999 -9999 -9999 -9999 -9999 -9999 -9999 -9999 -9999 -9999 -9999 -9999 -9999 -9999 -9999 -9999 -9999 -9999 -9999 -9999 -9999 -9999 -9999 -9999 6772.19 5711.53 4812.33 5060.21 6188.77
-9999 -9999 -9999 -9999 -9999 -9999 -9999 -9999 0 46.8443 273.34 -9999 61.6846 518.254 309.758 184.247 1781.02 3532.4 4933.4 5464.96 5404.76 5659.95 6728.96 8005.36 7850.88 6807.42 6535.18 6558.28 4508.73 2714.14 1315.51 319.697 2574.62 5530.42 4811.04 4720.56 3224.74 1076.65 11.2289 0 -9999 -9999 -9999 -9999 -9999 -9999 -9999 -9999 -9999 -9999 -9999 -9999 -9999 -9999 -9999 -9999 0 1.4359 898.181 579.75 0 -9999 -9999 -9999 -9999 -9999 -9999 -9999 -9999 -9999 -9999 -9999 6461.82 4391.76 2566.54 2635.35 4048.36
-9999 -9999 -9999 -9999 -9999 -9999 -9999 -9999 -9999 -9999 -9999 0 5.90152 643.984 1235.45 785.283 1672.23 3949.68 6425.74 7765.87 7836.76 8091.95 9134.11 10129 10307.3 8292.17 8312.64 8238.34 5803.81 4872.76 2710.65 686.324 2212.06 5660.36 6669.28 6139.51 3785.49 1389.79 102.968 1.4614 -9999 -9999 -9999 -9999 -9999 -9999 -9999 -9999 -9999 -9999 -9999 -9999 -9999 -9999 -9999 0 0 0.746667 46.0077 76.6498 0 0 346.274 -9999 -9999 -9999 -9999 -9999 -9999 -9999 142.948 64.8621 -9999 2375.7 930.911 844.448 -9999
-9999 -9999 -9999 -9999 -9999 -9999 -9999 -9999 -9999 0 1.00042 0.515563 55.3187 1059.69 2674.35 2989.25 3510.33 5009.75 7461.66 9702.6 10422.4 10683.9 11690 12596.6 13074.5 13045.6 -9999 10142.7 8161.27 6799.18 5123.03 2047.02 2663.87 4489.57 5730.74 5122.78 3601.6 1567.57 217.64 0.424052 -9999 -9999 -9999 -9999 -9999 -9999 -9999 -9999 -9999 -9999 -9999 -9999 -9999 -9999 0 0.174825 11.2978 32.1005 0.366569 0.320711 89.6348 144.682 24.8054 0.294281 3.09523 0 -9999 -9999 -9999 -9999 119.506 55.1066 37.441 34.0127 223.83 120.402 163.109
-9999 -9999 -9999 -9999 -9999 -9999 -9999 -9999 -9999 2.44676 145.974 164.5 252.43 1298.1 3495.37 5208.27 5851.36 6859.19 8527.62 10871 12547.9 12559.5 12327.3 12467 12278.8 11467.4 9579.15 9248.02 8064.31 6615.18 4960.84 3504.6 3050.75 3165.18 3558.06 2895.04 2751.71 915.298 24.8062 0 -9999 -9999 -9999 -9999 -9999 -9999 -9999 -9999 -9999 -9999 -9999 -9999 -9999 -9999 1.10784 26.0419 547.853 379.286 85.1235 84.8915 527.06 1145.3 111.776 74.9617 428.116 119.046 0 0 -9999 0 26.9698 35.1858 39.0817 107.458 1040.77 1097.36 231.98
-9999 -9999 -9999 -9999 -9999 -9999 -9999 -9999 0 7.52346 476.157 1343.4 1897.09 3283.49 4878.57 6897.06 8439.48 9377.17 10462.6 11756.1 11905.2 10928.9 9899.17 9868.78 9353.84 8214.72 7540.17 7037.28 5758.52 4545.8 2936.44 1554.6 804.968 1096.6 1197.26 563.298 1326.1 633.232 0 0 -9999 -9999 -9999 -9999 -9999 -9999 -9999 -9999 -9999 -9999 -9999 -9999 0 2.38509 180.483 544.438 1799.34 2447.49 1677.57 1404.86 2088.17 2074.35 1366.26 1432.32 1787.06 356.907 8.55907 15.3646 41.4023 181.602 149.702 36.1035 5.45382 259.938 1115.21 837.61 55.1747
-9999 -9999 -9999 -9999 -9999 -9999 -9999 -9999 -9999 15.4218 935.066 2719.77 3947.16 4965.5 6238.12 7444.93 8501.54 9097.59 10126.2 10678.7 9593.86 8560.91 7531.17 7522.16 7005.89 5988.26 5195.3 4686.37 3875.65 2475.32 1356.69 364.409 74.1202 137.865 88.8581 17.7052 83.805 22.5199 0 -9999 -9999 -9999 -9999 -9999 -9999 -9999 -9999 -9999 -9999 -9999 590.418 1064.56 543.657 46.9251 431.73 1826.31 3586.73 4558.84 4018.39 3726.23 4361.74 4185.94 3675.5 3606.92 2149.36 344.131 92.9369 209.587 76.8788 163.831 63.6915 5.27876 1.77471 22.1002 72.5331 80.9066 97.9531
-9999 -9999 -9999 -9999 -9999 -9999 -9999 -9999 -9999 3.57965 233.386 1572.61 3085.49 3685.51 4462.56 5352.13 6013.94 6561.78 7586.37 8421.5 7392.88 6002.8 4939.18 4955.1 4501.05 3452.16 2636.93 2333.22 1538.36 931.345 55.2022 2.75007 0 0 2.68971 0.04 6.14063 66.6952 -9999 -9999 -9999 -9999 -9999 -9999 -9999 -9999 -9999 -9999 0 0 112.184 230.154 226.352 488.511 832.9 2705.68 5220.85 6906.89 6610.39 6318.2 6950.35 6771.38 6214.03 5267.51 2745.07 1001.03 1238.99 245.572 0 4.49522 105.828 3.84264 0 1.39314 3.13551 153.253 203.739
-9999 -9999 -9999 -9999 -9999 -9999 -9999 -9999 -9999 0 7.0888 309.173 915.314 1429.44 2106.28 3148.39 3581.94 4129.93 5257 6244.75 5388.66 3953.56 2533.01 2604.46 2446.76 1331.59 552.558 562.686 139.574 43.8748 0 0.4 16.494 6.01279 0.554558 0 0.0380474 0.793123 -9999 -9999 -9999 -9999 -9999 -9999 113.333 269.69 725.754 22.268 51.2602 5.4251 1.55534 50.0736 186.82 1355.87 2486.6 4005.47 6350.89 8523.77 9037.25 8750.2 9382.34 9202.89 8221.38 6284.45 3934.44 2652.12 1457.31 127.868 0.258995 17.6491 11.5802 0.337604 0 3.25823 1.68213 29.6069 42.7981
-9999 -9999 -9999 -9999 -9999 -9999 -9999 -9999 -9999 -9999 1.98301 9.25425 86.6336 157.856 396.454 1026.42 1181.82 1701.78 3133.49 3952.36 3021.14 1917.41 563.678 551.733 417.277 60.0968 7.42382 14.4277 0 0 2.0582 22.3037 345.427 85.6597 8.87588 12.2093 0 0 -9999 -9999 -9999 -9999 -9999 -9999 126.428 115.912 183.723 105.852 222.97 35.0041 74.6959 213.419 73.5276 979.881 3425.54 5422.67 7617.17 9772.89 11399.1 11310.2 11903.5 11392.4 9321.99 6991.05 4609.7 2403.83 436.878 5.82856 173.107 214.535 14.3141 0 0.045 0.015 0.42 112.348 738.509
-9999 -9999 -9999 -9999 -9999 -9999 -9999 -9999 -9999 -9999 247.902 211.573 115.406 24.7568 13.8948 19.4485 77.565 352.389 1336.86 1681.56 973.728 241.322 15.2614 0 0 0 0 0 0 0 10.8239 13.9529 35.9281 20.7225 13.1373 14.6854 36.2959 0 -9999 -9999 -9999 -9999 0 0 15.8474 275.936 376.686 413.007 394.936 205.603 964.29 1647.93 976.695 1121.13 3356.69 5723.34 8373.66 10723.4 13118 13697.3 13241.9 11157.2 8565.9 6197.9 3594.04 1546.8 151.936 42.7352 651.071 887.479 121.605 2.27397 8.97518 14.1656 0 115.06 246.366
-9999 -9999 -9999 -9999 -9999 -9999 -9999 -9999 -9999 -9999 7.44086 92.8554 273.664 341.921 78.7918 3.95926 7.00244 111.898 140.066 75.0463 12.5999 0 0 0 0 0.66 4.5851 3.34995 2.75823 3.5393 9.43742 6.627 2.26841 1.76071 4.14441 2.08451 89.7167 -9999 -9999 -9999 -9999 -9999 3.73687 155.693 110.915 319.371 479.292 430.736 1492.1 1444.17 2973.87 3885.47 3435.89 3309.79 4633.34 6735.44 9381.6 11612.4 13647.3 14603 13238.6 10844.8 8252.76 5884.76 3239.53 1315.01 1344.16 951.301 1685.53 1713.17 352.745 1.00971 14.2789 126.403 16.1666 13.8978 14.4922
-9999 -9999 -9999 -9999 -9999 -9999 -9999 -9999 -9999 -9999 0 4.5551 33.9879 26.7798 16.4523 0.4275 5.19397 3.48971 2.21799 0.728284 0 2.37255 0 0 0 0.78 0 3.51397 12.6042 13.7791 8.58747 9.40829 1.52912 1.70971 11.7142 0.656718 -9999 -9999 -9999 -9999 -9999 0 85.6077 336.163 198.006 46.7959 277.408 1203.24 3042.64 3189.54 3445.87 4540.36 5564.85 5675.03 6680.8 7967.62 10059.4 10729 11694.9 12675 13077.3 11670.1 9180.59 6812.76 4478.16 3358.37 3373.72 2691.23 2399.34 668.338 48.89 19.5318 148.198 294.83 271.399 1.16485 5.15622
-9999 -9999 -9999 -9999 -9999 -9999 -9999 -9999 -9999 -9999 0 11.7209 11.6027 8.56137 7.45652 1.95 1.58912 0.842132 5.46983 0.633137 0 0 0.546274 2.89137 0 0.455 0.465 3.89255 4.08188 9.5863 8.69226 15.8896 1.57255 0 3.36909 4.93922 -9999 -9999 -9999 -9999 -9999 0.314396 99.4964 512.592 514.794 59.1674 371.993 2008.17 3204.88 2138.83 1307.99 3197 5727.18 7711.82 9054.5 9267.96 8649.93 8149.23 9038.96 10020.7 10699.3 10872.1 10146.6 8218.29 6698.32 5411.85 3367 1431.15 1321.41 984.116 134.241 25.402 27.7273 168.017 148.666 17.8788 10.5878
-9999 -9999 -9999 -9999 -9999 -9999 -9999 -9999 -9999 -9999 0 107.077 64.0336 2.52456 1.13006 0.701066 0.529706 2.12355 3.47811 0 0 0 4.24069 1.41471 0 0.994706 1.095 0 1.89895 8.26296 5.56092 17.5518 13.2454 0.804142 2.71608 19.4444 -9999 -9999 -9999 -9999 0 11.126 112.156 396.464 244.212 22.6643 288.117 2110.43 1793.66 616.763 737.215 2967.65 5527.45 7954.8 8883.83 7496.26 6291.54 5781.23 6673.71 7700.61 8331.33 8593.3 9494.32 9036.77 6697.15 4751.9 2835.11 822.874 684.232 643.515 66.0874 15.8034 0.585 44.4867 81.8328 75.651 191.838
-9999 -9999 -9999 -9999 -9999 -9999 -9999 -9999 -9999 -9999 0.569697 59.8806 104.121 11.7062 59.7248 28.7235 0 4.54912 11.1734 18.676 0 0 1.83471 0.135 0 2.60912 0.735 0.105 8.45529 0 2.02255 4.21 12.4324 2.56389 -9999 -9999 -9999 -9999 -9999 -9999 0 13.2695 352.382 652.382 227.315 536.518 776.447 1778.67 1207.94 174.644 1065.55 3261.76 5817.15 8171.58 7636.36 5573.43 3792.2 3192.39 4375.5 5421.73 5739.34 6001.31 7078.03 7632.39 5607 3267.64 1319.48 1201.65 1215.39 358.958 233.9 191.294 234.162 293.668 128.457 595.275 1003.13
-9999 -9999 -9999 -9999 -9999 -9999 -9999 -9999 -9999 -9999 0 0.412426 258.355 123.463 112.516 128.316 0 3.25941 10.3625 196.523 72.7091 1.15314 0 0 0 0.02 0.105 0.015 0.02 0 0.01 0.25 6.15871 19.172 -9999 -9999 -9999 -9999 -9999 -9999 -9999 4.51984 128.174 670.462 425.22 802.299 586.265 692.646 208.89 428.297 468.93 2446.6 4996.24 7321.17 6616.76 4266.35 1964.69 1179.12 2940.66 3142.84 3308.22 3578.37 5101.94 6032.07 4340.34 2349.42 822.725 680.463 801.451 769.998 417.653 724.459 1254.09 1104.79 481.104 2195.39 2434.58
2326 2200.53 1349.87 1273.08 -9999 407.676 2730.97 3857.84 4553.47 5251 0 1.57255 398.215 667.377 36.716 0 3.77167 1.46799 2.0965 272.258 54.9117 0 0 0 0 0.673137 0 0 0.416569 1.93598 1.39799 1.93456 0 -9999 -9999 -9999 -9999 -9999 -9999 -9999 -9999 708.714 146.226 226.961 241.566 280.345 215.161 142.211 396.328 1737.6 1420.12 2702.65 5148.8 7315.77 6111.86 3744.09 1198.6 478.773 1677.48 1069.52 1009.81 1574.42 3831.94 4247.73 2603.04 1139.77 277.21 155.134 370.083 1851.75 2233.47 2739.72 3056.87 2242.82 1477.24 2166.8 2811.91
2227.67 654.211 193.877 1192.3 0 432.19 1784.91 2384.69 3266.18 3044.12 0 0 10.8187 385.974 160.119 9.33878 46.3369 3.07309 5.09948 69.0086 25.4331 0 0.132426 3.0664 0 3.27196 0 2.25941 1.48 0.66 0 0 0 -9999 -9999 -9999 -9999 -9999 -9999 -9999 -9999 1214.47 445.241 102.227 62.0522 55.0594 319.943 586.973 840.607 2380.45 3726.11 4549.49 6230.62 8168.02 6667.21 4299.21 1703.03 359.713 1123.49 268.992 221.928 1560.74 2565.45 2272.98 893.183 190.233 41.4433 51.0725 876.344 2748.21 4496.14 4689.38 3128.93 1572.73 420.457 327.741 1443.12
3402.37 1892.21 409.874 344.631 584.755 293.148 443.311 914.614 2033.07 657.457 13.3242 0 0.45435 221.855 718.691 260.093 88.3455 3.3748 0 0 0 0 0.405208 6.33871 0.930533 1.97089 0 0.753137 8.97446 12.2949 254.205 118.561 -9999 -9999 -9999 -9999 -9999 -9999 -9999 -9999 -9999 1992.51 1609.63 172.004 409.97 280.681 120.411 299.772 1322.01 2446.78 4285.97 6338.93 8020.16 8878.96 6876.35 4514.72 2055.33 624.03 445.272 95.8478 113.556 710.93 658.919 901.251 132.634 432.599 181.21 145.961 971.322 3195.19 5445.86 4533.95 1919.95 291.532 9.41229 164.888 1474.65
5122.16 3506.09 1886.99 1447.32 662.121 508.692 1220.37 849.366 880.21 489.736 61.2527 76.4862 55.1288 99.0457 208.765 146.168 9.88014 0.06 0 0 0 0 0.16864 5.50901 2.75858 4.65764 0 0 2.50368 2.25232 36.9106 -9999 -9999 -9999 -9999 -9999 -9999 -9999 -9999 -9999 -9999 -9999 -9999 754.291 1066.43 1270.83 921.686 707.105 415.171 1236.8 3590.67 6022.67 8491.74 8556.49 6036.19 3668.65 1168.67 454.097 1533.32 1011.97 395.16 136.06 851.093 885.892 713.201 1260.18 131.542 540.455 2291.28 4218.26 6257.99 4972.09 2407.21 573.456 302.021 1501.57 2870.59
6372.43 5407.41 4321.09 3505.35 1661.7 547.141 812.512 140.374 9.01955 298.634 1526.42 1458.99 509.594 40.474 66.3088 169.076 2.92722 1.75101 0 0.999411 0.8 1.025 4.85873 8.302 0.204853 0 0 0 0 0 2712.16 5277.55 -9999 -9999 -9999 -9999 -9999 -9999 -9999 -9999 -9999 3014.58 1574.07 213.736 311.721 1317.1 3035.5 3008.77 2326.42 2926.4 4520.62 6838.58 9265.65 8919.42 6341.05 3989.78 1867.66 1584.38 2477.43 1603.98 1324.42 594.761 1416.07 2867.49 2741.32 1878.73 391.434 398.277 2436.38 4852.01 7080.41 6132.82 3638.17 1553.7 1306.63 3254.75 5152.05
6470.64 6028.05 5322.79 4375.72 3118.39 2318.4 1403.65 147.136 26.7197 428.459 2443.41 2184.72 289.736 12.9884 74.4464 524.648 361.132 55.3667 98.081 55.1758 43.8887 82.4524 644.833 682.823 60.7634 0 0 262.926 96.3439 416.817 3961.14 4197.88 2963.91 4177.56 -9999 -9999 -9999 -9999 -9999 -9999 -9999 1959.56 1309.26 231.207 385.335 1760.01 4073.93 5188.91 4694.23 5281.22 6362.57 7931.21 10246.5 9900.27 7344.04 5384.17 4027.26 2865.41 1371.24 642.322 1507.72 2380.76 2677.72 4419.92 4743.08 3433.86 1770.63 1705.21 3388.63 5664.87 7980.71 7248.82 4869.99 3270.26 3041.17 4606.15 6756.57
-9999 -9999 -9999 -9999 -9999 2926.76 1119.78 105.841 101.387 1797.67 4930.64 3265.46 1457.15 682.89 345.846 343.69 1368.18 842.964 1348.23 1329.07 1292.46 956.142 1011.27 1039.09 39.6066 0.39 -9999 2095.09 1473.64 1809.5 2415.19 1376.31 1970.09 3681.6 5232.13 -9999 -9999 -9999 -9999 -9999 856.482 250.185 397.817 222.331 333.775 2065.57 4596.53 6715.69 7276.04 7873.22 8920.64 9945.64 11432.2 10990.8 8868.19 7222.67 4861.55 2480.15 658.621 1363.58 3220.99 4254.71 4700.61 5789.86 6727.27 5388.93 4207.81 4216.94 5294.62 6916.98 9099.35 8575.76 6799.85 5786.66 5592.81 6597.63 8237.18
-9999 -9999 -9999 -9999 -9999 -9999 1324.52 568.018 423.307 3017.74 6344.02 5246.04 2182.5 1070.24 934.061 820.799 1359.09 711.38 948.69 1215.5 808.599 567.85 439.891 403.429 12.5887 4.66266 -9999 4684.39 3836.94 3977.95 2565.62 264.362 559.327 1546.06 -9999 -9999 -9999 -9999 -9999 2687.01 2098.55 1714.5 1093.3 884.883 1402.75 2452.01 4839.49 7206.02 9410.81 10303.1 11352.6 12360 13265.5 12423.2 10551.4 8283.35 5644.16 3692.1 2677.32 3280.76 3983.69 3228.13 3425.95 4889.4 7149.71 7577.62 6639.72 6648.94 7666.93 8733.99 10342.9 10347.6 9194.54 8218.66 8024.81 9007.32 9885.28
-9999 -9999 -9999 -9999 -9999 -9999 -9999 0 0 0 -9999 6558.33 -9999 -9999 2932.21 2847.62 2370.11 1184.09 1657.54 1387.91 513.451 9.29952 125.885 516.017 321.217 178.681 8499.02 7403.12 6347.95 6233.33 4288.72 192.738 25.6066 -9999 -9999 -9999 -9999 -9999 -9999 2420.79 1030.02 1250.27 2764.57 3085.45 3879.14 4606.25 6084.99 8253.15 10882.6 12712.5 13912.4 14897.9 15439.6 13987.7 11495.3 9127.29 6715.7 5358.84 4306.65 4059.45 2912.55 1103.52 1459.71 3650.77 6295.66 8496.85 9106.8 9208.76 10226.5 11233.8 12348 12759.6 11754.5 10778.7 10584.3 11353.8 10335.2
-9999 -9999 -9999 -9999 -9999 -9999 -9999 -9999 -9999 -9999 -9999 -9999 -9999 -9999 -9999 -9999 3227.04 2265.69 2408.33 -9999 -9999 0 0 0 2234.75 2234.15 8872.07 8344.75 7403.37 7120.37 -9999 -9999 -9999 -9999 -9999 -9999 -9999 -9999 -9999 -9999 1915.96 1748.55 3265.78 4880.65 6235.69 7033.27 8120.85 9464.99 11913.2 14214.8 15817.9 15776.2 15347.7 13479.2 10887.2 8519.22 5907.84 4027 2510.32 1894.58 1142.53 197.248 758.653 2944.48 5597.8 7965.8 10349.9 11585.8 12658.5 13665.8 14737 15155.4 14186.5 13210.7 12835.1 11878.5 9424.8
