public/models/data/input/map/ntb/2500/mapdriver.asc
NCOLS 156
NROWS 110
XLLCORNER 370313.940441
YLLCORNER 9268024.452423
CELLSIZE 2500.000000
NODATA_VALUE       -9999
[rows 68 to 101 of 110, columns 0 to 75 of 156]
-9999 -9999 -9999 -9999 -9999 -9999 -9999 -9999 -9999 -9999 -9999 -9999 -9999 -9999 -9999 -9999 -9999 -9999 -9999 -9999 -9999 -9999 -9999 -9999 -9999 -9999 -9999 -9999 -9999 -9999 -9999 -9999 -9999 -9999 -9999 -9999 -9999 -9999 -9999 -9999 -9999 -9999 -9999 -9999 -9999 -9999 -9999 -9999 -9999 -9999 -9999 -9999 -9999 -9999 -9999 -9999 -9999 -9999 -9999 -9999 -9999 -9999 -9999 -9999 -9999 -9999 -9999 -9999 -9999 -9999 -9999 -9999 -9999 -9999 -9999 -9999
-9999 -9999 -9999 -9999 -9999 -9999 -9999 -9999 -9999 -9999 -9999 -9999 -9999 -9999 -9999 -9999 -9999 -9999 -9999 -9999 -9999 -9999 1402.19 2355.76 1036.79 313.512 692.273 -9999 -9999 -9999 -9999 -9999 -9999 -9999 -9999 -9999 -9999 -9999 -9999 -9999 -9999 -9999 -9999 -9999 -9999 -9999 -9999 -9999 -9999 -9999 -9999 -9999 -9999 -9999 -9999 -9999 -9999 -9999 -9999 -9999 -9999 -9999 -9999 -9999 -9999 -9999 -9999 -9999 -9999 -9999 -9999 -9999 -9999 -9999 -9999 -9999
-9999 -9999 -9999 -9999 -9999 -9999 -9999 -9999 -9999 -9999 -9999 -9999 -9999 -9999 -9999 -9999 -9999 -9999 -9999 749.865 456.669 363.862 555.044 1960.38 735.23 442.44 276.523 325.625 1478.41 689.24 -9999 -9999 -9999 -9999 -9999 -9999 -9999 -9999 -9999 -9999 -9999 -9999 -9999 -9999 -9999 -9999 -9999 -9999 -9999 -9999 -9999 -9999 -9999 -9999 -9999 -9999 -9999 -9999 -9999 -9999 -9999 -9999 -9999 -9999 -9999 -9999 -9999 -9999 -9999 -9999 -9999 -9999 -9999 -9999 -9999 -9999
-9999 -9999 -9999 -9999 -9999 -9999 -9999 -9999 -9999 -9999 -9999 -9999 -9999 -9999 -9999 -9999 -9999 -9999 159.058 234.587 239.819 312.488 284.891 1664.31 1469.37 1062.1 176.431 500.575 1112.32 690.867 543.087 590.786 447.753 -9999 -9999 -9999 -9999 -9999 -9999 -9999 -9999 -9999 -9999 -9999 -9999 -9999 -9999 -9999 -9999 -9999 -9999 -9999 -9999 -9999 -9999 -9999 -9999 -9999 -9999 -9999 -9999 -9999 -9999 -9999 -9999 -9999 -9999 -9999 -9999 -9999 -9999 -9999 -9999 -9999 -9999 -9999
-9999 -9999 -9999 -9999 -9999 -9999 -9999 -9999 -9999 -9999 -9999 -9999 -9999 -9999 -9999 -9999 508.252 692.478 319.212 80.3082 70.1563 127.017 152.436 1208.74 946.66 358.005 181.738 1164.85 656.695 1271.83 598.975 929.068 1680.38 3791.22 3748.49 1269.62 243.976 -9999 -9999 -9999 -9999 -9999 -9999 -9999 -9999 -9999 -9999 -9999 -9999 -9999 -9999 -9999 -9999 -9999 -9999 -9999 -9999 -9999 -9999 -9999 -9999 -9999 -9999 -9999 -9999 -9999 -9999 -9999 -9999 -9999 -9999 -9999 -9999 -9999 -9999 -9999
-9999 -9999 -9999 -9999 -9999 -9999 -9999 -9999 -9999 -9999 -9999 -9999 -9999 -9999 -9999 -9999 306.343 301.986 458.036 132.731 66.0628 116.382 160.583 853.977 1401.84 290.278 382.094 1582.56 665.024 995.8 1075.24 2793.18 3604.77 4495.5 2797.11 771.004 294.529 968.544 -9999 -9999 -9999 -9999 -9999 -9999 -9999 -9999 -9999 -9999 -9999 -9999 -9999 -9999 -9999 -9999 -9999 -9999 -9999 -9999 -9999 -9999 -9999 -9999 -9999 -9999 -9999 -9999 -9999 -9999 -9999 -9999 -9999 -9999 -9999 -9999 -9999 -9999
-9999 -9999 -9999 -9999 -9999 -9999 -9999 -9999 -9999 -9999 -9999 -9999 -9999 -9999 -9999 81.3981 162.991 160.65 175.197 179.247 84.7108 213.525 146.191 462.059 1909.45 765.621 589.215 1534.12 630.078 690.734 1291.68 3081.75 3781.08 4767.9 3462.8 2111.81 1678.74 1233.06 303.91 600 -9999 -9999 -9999 -9999 -9999 -9999 -9999 -9999 -9999 -9999 -9999 -9999 -9999 -9999 -9999 -9999 -9999 -9999 -9999 -9999 -9999 -9999 -9999 -9999 -9999 -9999 -9999 -9999 -9999 -9999 -9999 -9999 -9999 -9999 -9999 -9999
-9999 -9999 -9999 -9999 -9999 -9999 -9999 -9999 -9999 -9999 -9999 -9999 -9999 275 150.627 72.9406 270.433 342.756 136.023 116.423 197.595 212.646 137.643 140.481 1151.63 732.618 602.343 1117.58 1205.83 1090.82 570.593 1088.51 1809.64 3761.56 3036.59 1797.04 900.955 359.323 225.489 496.868 -9999 -9999 -9999 -9999 -9999 -9999 -9999 -9999 -9999 -9999 -9999 -9999 -9999 -9999 -9999 -9999 -9999 -9999 -9999 -9999 -9999 -9999 -9999 -9999 -9999 -9999 -9999 -9999 -9999 -9999 -9999 -9999 -9999 -9999 -9999 -9999
-9999 -9999 -9999 -9999 -9999 -9999 -9999 -9999 -9999 -9999 -9999 -9999 1346.13 371.335 198.747 93.0155 627.115 676.065 129.604 186.378 255.752 159.811 234.494 241.542 745.611 675.602 967.211 2005.84 2228.63 1183.43 289.758 211.671 1250.24 3131.98 1672.56 338.245 370.376 419.779 207.664 410.281 -9999 -9999 -9999 -9999 -9999 -9999 -9999 -9999 -9999 -9999 -9999 -9999 -9999 -9999 -9999 -9999 354.582 507.856 1261.45 1379.53 1229.98 -9999 -9999 -9999 -9999 -9999 -9999 -9999 -9999 -9999 -9999 -9999 -9999 -9999 -9999 -9999
-9999 -9999 -9999 -9999 -9999 -9999 -9999 -9999 -9999 -9999 -9999 90.0173 336.537 601.488 478.876 169.115 387.307 733.782 349.943 660.383 662.24 771.104 1388.42 1632.21 2123 2441.56 2103.36 2239.96 1417.69 793.401 698.344 457.288 855.443 2490.5 1974.37 1202.09 469.56 438.65 353.067 230.963 -9999 -9999 -9999 -9999 -9999 -9999 -9999 -9999 -9999 -9999 -9999 -9999 -9999 -9999 -9999 117.259 217.934 133.268 192.825 634.989 1720.85 538.497 92.3427 -9999 -9999 -9999 -9999 -9999 -9999 -9999 4846.42 3906.94 -9999 -9999 -9999 -9999
-9999 -9999 -9999 -9999 -9999 -9999 -9999 -9999 -9999 2923.21 2541.1 601.796 253.025 502.412 504.972 195.476 562.924 955.339 1395.16 1479.3 2576.55 2754.61 3772.46 4173.42 3886.48 3097.18 3053.04 1352.49 1873.73 2357.35 2490.75 1284.94 896.321 2152.21 2587.22 2679.94 2174.69 1565.87 508.63 382.06 -9999 -9999 -9999 -9999 -9999 -9999 -9999 -9999 -9999 -9999 -9999 -9999 -9999 -9999 324.928 150.503 152.276 173.289 382.63 390.24 1640.35 775.131 299.165 331.406 991.392 489.248 -9999 -9999 -9999 -9999 3902.33 2721.06 439.942 366.442 1665.72 892.428
-9999 -9999 -9999 -9999 -9999 -9999 -9999 -9999 -9999 1100.85 2053.72 593.941 741.385 544.012 926.045 465.523 1028.71 642.306 2319.8 2764.38 3335.38 4618.62 5980.46 5642.99 3379.69 1802.55 1687.15 907.559 1554.02 3493.6 4322.11 3295.68 3062.83 2791.73 989.868 1292.15 1905.02 1394.03 890.987 1002.33 -9999 -9999 -9999 -9999 -9999 -9999 -9999 -9999 -9999 -9999 -9999 -9999 -9999 -9999 212.547 538.394 562.627 447.134 1082.85 514.852 1215.38 1384.78 486.379 1434.04 676.613 747.058 526.67 0 -9999 2258.29 3245.48 1615.1 256.963 374.836 2212.04 2791.54
-9999 -9999 -9999 -9999 -9999 -9999 -9999 -9999 948.528 1781.17 2230.35 769.258 404.108 600.037 972.518 1073.43 1269.17 912.8 2231.4 1160.82 1833.12 3841.22 5859.82 6158.28 3817.2 1742.39 666.683 1230.64 709.688 2357.6 4220.53 3393.49 3123.72 3133.73 2083.48 1200.59 624.255 664.86 509.399 768.75 -9999 -9999 -9999 -9999 -9999 -9999 -9999 -9999 -9999 -9999 -9999 -9999 210.616 166.073 451.104 636.236 1061.01 660.224 1990.88 1955.09 2712.88 1207.06 1029.58 1831.13 544.723 1078.59 577.356 831.088 919.38 684.314 1901.63 1953.93 276.368 637.473 2266.51 3658.04
-9999 -9999 -9999 -9999 -9999 -9999 -9999 -9999 -9999 4126.55 3061.73 900.772 442.993 461.141 442.916 481.772 694.943 565.666 844.701 811.245 1188.03 2411.62 4765.86 4817.26 3337.69 1441.59 309.423 1116.97 1004.15 1258.81 2998.26 1804.38 932.978 1712.47 2462.61 2662.73 1200.8 420.079 1268.43 -9999 -9999 -9999 -9999 -9999 -9999 331.658 377.776 -9999 -9999 -9999 338.916 255.604 744.629 209.185 509.468 1371.53 759.928 1292.87 3504.78 4240.52 3931.28 1679.2 767.3 1283.27 725.807 619.687 607.14 1161.89 461.666 134.66 1010.43 2347.64 632.969 210.272 714.715 2250.29
-9999 -9999 -9999 -9999 -9999 -9999 -9999 -9999 -9999 4791.18 3015.55 1322.52 226.741 216.777 142.981 158.488 105.883 126.42 187.916 1214.5 634.301 1988.27 3867.08 2948.89 1254.05 1032.69 232.442 421.284 1066.16 651.308 1207 1219.42 108.815 855.989 736.111 1028.52 628.001 768.096 -9999 -9999 -9999 -9999 -9999 8921.04 8680.51 544.146 422.515 -9999 113.79 271.124 232.889 281.112 622.805 374.915 1242.29 2034.27 638.509 2145.09 4714.79 6036.51 4135.42 1704.1 666.646 968.187 698.848 762.261 558.571 564.642 576.178 506.885 457.584 2098.31 958.438 161.069 272.857 1084.84
-9999 -9999 -9999 -9999 -9999 -9999 -9999 -9999 -9999 4222.1 964.379 730.66 200.843 206.076 153.978 146.119 74.675 88.717 220.82 543.936 696.266 1944.13 2212.47 1471.82 200.874 166.386 100.029 302.036 420.156 430.244 201.085 593.355 120.777 414.238 1184.31 1051.82 413.432 855.51 -9999 -9999 -9999 -9999 -9999 8636.96 7479.44 3935.64 1182.57 1038.02 900.789 262.695 162.396 206.638 531.658 716.242 1142.6 1974.48 714.034 2663.65 4977.42 5612.61 3975.82 1569.43 872.556 1945.45 935.366 473.082 303.363 356.804 764.865 646.378 676.431 1533.21 1309.47 377.825 125.286 742.676
-9999 -9999 -9999 -9999 -9999 -9999 -9999 -9999 -9999 -9999 437.143 128.694 156.215 115.319 119.207 141.616 135.663 130.076 204.162 284.458 434.984 474.183 562.078 259.061 168.065 75.9178 101.671 274.572 481.184 240.899 83.8697 232.591 213.686 87.0138 259.62 394.681 198.306 235.045 -9999 -9999 -9999 -9999 -9999 -9999 6403.9 4426.76 2285.47 2244.94 1835.64 304.155 159.451 517.243 320.307 871.024 1007.96 2337.78 2082.32 3309.12 3478.71 3262.66 2637.06 953.188 597.615 1445.86 616.414 800.516 505.102 443.277 378.734 322.895 1034.23 562.273 645.933 500.586 321.269 1491.97
-9999 -9999 -9999 -9999 -9999 -9999 -9999 -9999 -9999 -9999 240.393 169.536 139.046 66.6675 67.1961 80.3409 134.501 177.317 290.662 220.743 213.614 98.1878 133.973 162.543 133.615 70.831 106.729 122.501 198.194 126.423 95.7073 91.5744 178.171 199.503 122.974 267.958 319.867 361.226 -9999 -9999 -9999 -9999 7776.67 7632.55 6785.13 4588.78 2781.5 2637.51 2031.6 420.833 174.261 233.663 954.484 541.239 913.417 2835.12 4221.52 3697.08 1563.23 952.903 719.942 446.918 937.163 547.595 454.524 312.237 443.311 517.645 339.292 1077.66 1384.9 396.831 599.275 1481.32 502.945 1685.94
-9999 -9999 -9999 -9999 -9999 -9999 -9999 -9999 -9999 -9999 72.4274 99.8733 186.228 207.758 239.58 116.003 95.5361 106.163 101.776 96.8756 169.585 108.016 154.579 169.392 142.23 92.0362 130.095 153.576 228.969 135.763 95.964 66.7962 139.887 134.374 262.597 214.666 176.199 -9999 -9999 -9999 -9999 -9999 5929.49 6700.52 5281.79 3421.57 1155.18 674.923 947.864 791.22 1393.31 1363.31 2050.56 1583.73 1359.82 2422.26 3350.59 2988.18 1082.2 1143.18 908.959 486.169 1143.43 808.124 337.39 329.716 428.92 482.006 441.367 2047.58 2179.86 958.224 494.973 1889.7 751.371 524.182
-9999 -9999 -9999 -9999 -9999 -9999 -9999 -9999 -9999 -9999 89.8367 49.0438 65.2099 66.8973 146.744 139.68 100.209 84.2329 162.552 133.342 321.866 212.681 244.895 197.516 121 90.8746 100.767 142.678 193.513 147.21 175.241 80.9427 86.1438 124.775 241.022 454.392 -9999 -9999 -9999 -9999 -9999 2505.37 3661.32 5179.01 4042.54 1884.45 618.548 1297.79 791.943 1360.41 2028.12 2729.57 1383.23 1614.39 1477.01 731.942 1264.67 1208.12 690.8 650.913 1044.21 1619.02 724.215 588.44 495.917 333.035 354.978 413.676 642.49 1937.91 986.591 394.163 254.857 911.787 435.805 179.784
-9999 -9999 -9999 -9999 -9999 -9999 -9999 -9999 -9999 -9999 123.502 93.3783 67.4493 83.5726 99.9732 56.8442 196.205 136.521 157.432 227.372 511.312 467.731 455.137 254.94 506.39 193.175 239.407 170.577 113.051 122.609 242.617 186.867 199.624 461.407 446.074 334.301 -9999 -9999 -9999 -9999 -9999 877.206 2080.56 4238.4 3198.06 926.621 1239.8 1717.19 1090.72 873.475 731.437 2579.92 1744.92 771.309 754.895 827.754 438.62 418.222 379.835 470.391 613.027 997.34 1380.34 499.344 373.998 464.597 315.963 396.883 836.264 674.637 506.318 271.932 413.984 420.566 773.279 203.114
-9999 -9999 -9999 -9999 -9999 -9999 -9999 -9999 -9999 -9999 69.8189 153.308 130.311 78.8299 67.0442 63.635 190.112 127.009 127.873 134.801 323.646 364.196 513.085 264.274 613.846 517.194 266.578 158.752 163.081 226.091 271.769 237.888 180.184 387.219 1180.19 291.19 -9999 -9999 -9999 -9999 3543.1 2490.7 2998.33 4276.18 2492.74 687.603 1630.49 870.466 966.492 494.434 780.413 2774.8 2268.07 546.236 615.351 881.629 427.041 352.08 555.557 641.205 348.755 831.08 940.047 436.493 310.258 488.395 694.938 455.744 598.772 1049.47 281.78 262.31 354.501 279.54 739.821 511.761
-9999 -9999 -9999 -9999 -9999 -9999 -9999 -9999 -9999 -9999 119.296 194.54 175.329 94.6634 170.864 198.242 144.018 111.386 117.039 352.84 274.426 213.238 229.266 221.18 463.803 592.483 659.576 204.334 218.72 427.981 492.342 392.979 160.873 80.2223 -9999 -9999 -9999 -9999 -9999 -9999 3991.62 3485.03 3110.54 3677.18 2086.03 721.295 1584.24 498.969 1034.63 331.619 1553.17 2905.25 1585.14 478.528 417.441 505.64 453.874 293.571 375.342 867.327 560.378 883.009 262.488 250.306 452.932 371.452 344.252 253.755 432.212 736.669 972.029 824.6 466.108 449.272 699.247 710.616
-9999 -9999 -9999 -9999 -9999 -9999 -9999 -9999 -9999 -9999 152.49 178.748 230.457 227.719 177.269 250.785 197.924 167.388 155.966 306.288 208.978 210.743 281.89 184.896 252.044 652.58 440.832 171.333 227.006 288.763 882.96 1267.92 284.978 318.83 -9999 -9999 -9999 -9999 -9999 -9999 -9999 1607.73 1041.7 2520.03 2509.28 1117.2 763.963 352.099 171.091 368.651 751.049 1068.61 696.101 462.487 1462.93 1877.1 1013.71 430.742 875.12 623.746 545.519 679.332 264.346 595.261 416.051 416.407 705.691 567.427 495.847 1026.85 1430.84 1548.08 371.197 711.019 591.961 735.437
1498.62 536.172 489.384 333.379 115.111 284.425 830.616 895.289 286.582 804.334 548.821 561.651 559.564 892.814 236.841 142.053 119.961 172.416 306.519 588.117 198.928 319.536 236.006 152.013 134.608 182.458 243.423 106.567 277.654 368.289 622.588 1072.67 228.013 -9999 -9999 -9999 -9999 -9999 -9999 -9999 -9999 2762 1063.3 842.518 859.464 454.396 236.626 127.479 423.57 1618.66 1547.91 1075.61 400.978 563.534 2278.09 1742.7 583.016 300.471 1157.85 629.758 758.705 563.628 411.717 604.265 350.876 433.871 394.612 710.851 407.038 1311.21 2737.36 2248.11 451.072 444.748 651.45 1579.6
2135.42 717.137 511.234 955.257 949.843 716.386 783.56 570.27 633.971 416.359 1329.35 716.397 652.258 887.77 295.214 225.113 262.39 192.931 218.55 404.232 175.368 208.866 164.65 162.349 149.717 114.621 138.265 119.042 145.058 320.982 766.763 520.246 754.349 -9999 -9999 -9999 -9999 -9999 -9999 -9999 -9999 1942.62 519.586 252.701 142.423 134.42 305.329 545.976 1278.94 2735.19 3063.43 1295.57 585.568 1398.33 2277.97 2293.84 1535.33 452.241 963.993 482.081 521.639 347.767 420.146 343.18 599.238 719.54 739.021 387.918 1359 1659.74 2439.86 1897.55 1491.99 1527.02 1480.5 2486.46
3397.54 1888.73 596.146 462.441 627.848 929.074 1291.76 466.805 1554.8 661.149 273.223 595.152 692.313 539.022 1398.29 906.654 816 280.702 476.196 229.002 359.835 758.192 186.249 147.568 122.936 116.189 143.744 186.611 116.539 183.949 312.364 393.83 -9999 -9999 -9999 -9999 -9999 -9999 -9999 -9999 -9999 1798.16 1554.54 249.11 634.413 442.324 218.424 415.201 797.234 1166.39 2178.16 984.459 1886.44 1823.88 927.222 1493.03 2704.86 1217.72 515.364 389.295 347.733 496.58 250.109 881.888 1999.22 1167.61 616.928 825.314 965.216 575.734 675.458 507.622 838.092 1548.32 2417.43 1835.03
5067.01 3564.98 2057.6 1030.29 456.571 986.237 725.803 292.179 1484.24 962.744 417.565 713.694 1050.31 462.549 1248.84 604.231 705.57 341.141 466.935 239.223 770.131 1225.66 173.852 127.326 180.191 77.3117 93.1314 138.203 77.8326 76.6815 141.535 -9999 -9999 -9999 -9999 -9999 -9999 -9999 -9999 -9999 -9999 -9999 -9999 638.621 1545.16 1464.32 1268.04 497.652 385.562 524.548 1038.83 742.222 1837.94 675.917 435.617 1746.34 3411.14 2581.74 1700.43 678.649 606.823 225.483 502.271 1742.23 1974.18 453.742 642.408 440.059 701.227 1166.75 1328.1 956.529 772.873 612.585 1297.77 655.348
5938.64 4011.62 1417.57 719.263 1027.49 349.264 493.853 636.685 1675.32 2270.53 1308.68 578.449 408.411 284.829 763.257 689.408 781.739 515.524 255.665 510.223 895.503 609.996 260.885 159.327 133.904 115.541 200.773 134.243 139.143 489.537 2266.37 3731.03 -9999 -9999 -9999 -9999 -9999 -9999 -9999 -9999 -9999 1904.32 1463.9 388.573 513.887 858.221 1811.46 1217.25 565.73 449.222 584.412 1585.6 1060.71 675.076 478.369 647.564 1488.65 1087.18 912.773 1707.17 1965.59 563.497 948.244 1058.81 946.439 263.349 712.681 367.094 626.242 468.941 450.439 860.971 1441.91 742.989 1023.21 1193.97
4859.42 4016.44 841.077 1707.18 1535.16 275.443 463.382 519.906 742.136 1717.21 1259.6 815.479 402.181 234.462 1323.88 1607.73 577.688 308.755 1076.87 1191.03 842.029 1436.03 1189.94 846.452 249.157 279.964 384.656 179.082 313.042 660.518 1673.48 2980.14 5479.29 7714.39 -9999 -9999 -9999 -9999 -9999 -9999 -9999 1227.61 936.833 422.234 589.006 1452.88 2116.09 1053.83 878.642 890.985 542.037 971.432 1556.04 791.566 759.127 1163.48 612.13 504.014 867.693 1190.07 2218.89 1267.94 605.785 501.143 405.994 1097.6 1874.15 614.392 1235.92 1301.01 451.236 1106.49 1189.98 1318.56 2300.26 1013.66
-9999 -9999 -9999 -9999 -9999 697.735 1442.02 616.641 604.14 1518.89 1212.55 677.296 709.94 1202.45 1682.26 1143.75 1461.29 1224.55 1716.05 2059.71 1935.3 2698.39 2737.62 1854.83 249.939 853.203 -9999 346.378 801.359 559.666 657.271 2394.31 5154.66 7387.95 8794.5 -9999 -9999 -9999 -9999 -9999 787.568 846.844 675.165 780.766 437.96 1053.57 2138.9 1612.17 842.567 1206.89 882.97 654.68 1728.44 1841.93 2081.51 2698.77 1352.65 517.674 581.806 533.489 659.958 904.985 446.131 964.305 1897.28 2199.38 1625.01 1032.35 639.669 833.115 940.16 1173.19 273.878 805.886 2759.02 1762.74
-9999 -9999 -9999 -9999 -9999 -9999 1402.79 1568.15 2732.13 3235.79 2317.57 2090.14 802.791 1640.17 774.504 396.63 996.81 848.099 479.648 731.803 1332.07 1466.56 1106.24 936.55 741.06 1949.66 -9999 1996.57 2024.92 1098.5 1649.18 3303.54 5478.88 6637.55 -9999 -9999 -9999 -9999 -9999 2631.37 848.106 362.715 990.359 804.886 449.729 522.218 1801.06 2072.15 1897.84 2234.01 1912.19 717.153 1423.96 761.992 850.259 1419.27 562.975 1562.13 1901.48 1224.95 1209.05 317.583 410.378 1103.09 1210.85 701.797 659.255 1329.48 1909.8 1300.73 1144.79 1472.85 298.793 526.476 2510.48 1819.57
-9999 -9999 -9999 -9999 -9999 -9999 -9999 3222.33 4318.34 4716.24 -9999 3281.07 -9999 -9999 1925.67 1911.15 1744.49 725.784 824.24 1167.07 1049.2 538.612 530.436 817.982 1524.03 2902.36 5819.12 4732.71 3563.49 1611.23 2234.27 4722.22 5517.88 -9999 -9999 -9999 -9999 -9999 -9999 2941.77 1253.79 639.481 684.037 969.708 1948.95 1477.59 745.882 2465.33 2783.88 1356.94 1058.95 513.523 1268.16 633.697 544.686 339.928 670.759 1654.02 1229.07 790.046 1902.87 506.824 546.135 755.072 551.11 758.556 405.404 651.039 810.579 1003.41 473.021 1568.1 932.932 621.504 2585.2 1814.66
-9999 -9999 -9999 -9999 -9999 -9999 -9999 -9999 -9999 -9999 -9999 -9999 -9999 -9999 -9999 -9999 2578.51 1714.21 1600.74 -9999 -9999 1122.09 1776.19 2195.67 4114.39 4427.38 6192.18 5672.54 4185.9 3165.28 -9999 -9999 -9999 -9999 -9999 -9999 -9999 -9999 -9999 -9999 1165.35 1375.97 905.256 782.46 1910.88 2139.06 968.035 2278.83 2764.74 1274.45 763.818 808.961 2486.59 2184.63 1422.57 1651.02 1993.23 1409.36 369.469 785.674 2188.82 640.095 310.003 363.265 640.012 677.915 770.235 1159.19 914.836 1251.51 894.542 806.737 1599.02 613.011 2066.06 1545.34
