public/models/data/input/map/ntb/2500/mapdset.asc
NCOLS 156
NROWS 110
XLLCORNER 370313.940441
YLLCORNER 9268024.452423
CELLSIZE 2500.000000
NODATA_VALUE       -9999
[rows 68 to 101 of 110, columns 0 to 76 of 156]
-9999 -9999 -9999 -9999 -9999 -9999 -9999 -9999 -9999 -9999 -9999 -9999 -9999 -9999 -9999 -9999 -9999 -9999 -9999 -9999 -9999 -9999 -9999 -9999 -9999 -9999 -9999 -9999 -9999 -9999 -9999 -9999 -9999 -9999 -9999 -9999 -9999 -9999 -9999 -9999 -9999 -9999 -9999 -9999 -9999 -9999 -9999 -9999 -9999 -9999 -9999 -9999 -9999 -9999 -9999 -9999 -9999 -9999 -9999 -9999 -9999 -9999 -9999 -9999 -9999 -9999 -9999 -9999 -9999 -9999 -9999 -9999 -9999 -9999 -9999 -9999 -9999
-9999 -9999 -9999 -9999 -9999 -9999 -9999 -9999 -9999 -9999 -9999 -9999 -9999 -9999 -9999 -9999 -9999 -9999 -9999 -9999 -9999 -9999 9305.51 8365.52 5919.07 3148.98 -9999 -9999 -9999 -9999 -9999 -9999 -9999 -9999 -9999 -9999 -9999 -9999 -9999 -9999 -9999 -9999 -9999 -9999 -9999 -9999 -9999 -9999 -9999 -9999 -9999 -9999 -9999 -9999 -9999 -9999 -9999 -9999 -9999 -9999 -9999 -9999 -9999 -9999 -9999 -9999 -9999 -9999 -9999 -9999 -9999 -9999 -9999 -9999 -9999 -9999 -9999
-9999 -9999 -9999 -9999 -9999 -9999 -9999 -9999 -9999 -9999 -9999 -9999 -9999 -9999 -9999 -9999 -9999 -9999 -9999 7741.32 9534.89 11895.2 10197.8 7852.38 5197.63 2838.5 855.083 2223.24 4596.57 6976.23 -9999 -9999 -9999 -9999 -9999 -9999 -9999 -9999 -9999 -9999 -9999 -9999 -9999 -9999 -9999 -9999 -9999 -9999 -9999 -9999 -9999 -9999 -9999 -9999 -9999 -9999 -9999 -9999 -9999 -9999 -9999 -9999 -9999 -9999 -9999 -9999 -9999 -9999 -9999 -9999 -9999 -9999 -9999 -9999 -9999 -9999 -9999
-9999 -9999 -9999 -9999 -9999 -9999 -9999 -9999 -9999 -9999 -9999 -9999 -9999 -9999 -9999 -9999 -9999 -9999 4665.25 6424.53 8920.91 11265.8 10897.8 8556.96 5901.1 3688.32 2381.71 3252.45 5642.08 7943.42 10688.8 11758 11907.3 -9999 -9999 -9999 -9999 -9999 -9999 -9999 -9999 -9999 -9999 -9999 -9999 -9999 -9999 -9999 -9999 -9999 -9999 -9999 -9999 -9999 -9999 -9999 -9999 -9999 -9999 -9999 -9999 -9999 -9999 -9999 -9999 -9999 -9999 -9999 -9999 -9999 -9999 -9999 -9999 -9999 -9999 -9999 -9999
-9999 -9999 -9999 -9999 -9999 -9999 -9999 -9999 -9999 -9999 -9999 -9999 -9999 -9999 -9999 -9999 823.311 1143.39 2925.13 5271.55 7831.44 10263.4 11616.5 9657.25 7220.24 5886.55 5023.42 5636.38 6941.48 9001.57 10250.3 9857.13 10681 11485 11924.5 13477 15043.4 -9999 -9999 -9999 -9999 -9999 -9999 -9999 -9999 -9999 -9999 -9999 -9999 -9999 -9999 -9999 -9999 -9999 -9999 -9999 -9999 -9999 -9999 -9999 -9999 -9999 -9999 -9999 -9999 -9999 -9999 -9999 -9999 -9999 -9999 -9999 -9999 -9999 -9999 -9999 -9999
-9999 -9999 -9999 -9999 -9999 -9999 -9999 -9999 -9999 -9999 -9999 -9999 -9999 -9999 -9999 -9999 2371.36 1340.96 2733.53 5124.02 7683.98 10116 12111.8 10793.3 9235.41 8245.32 7391.42 8004.07 8847.77 8911.1 8141.52 7490.1 8321.84 9307.02 10695.6 12843.9 15260.1 16803.1 -9999 -9999 -9999 -9999 -9999 -9999 -9999 -9999 -9999 -9999 -9999 -9999 -9999 -9999 -9999 -9999 -9999 -9999 -9999 -9999 -9999 -9999 -9999 -9999 -9999 -9999 -9999 -9999 -9999 -9999 -9999 -9999 -9999 -9999 -9999 -9999 -9999 -9999 -9999
-9999 -9999 -9999 -9999 -9999 -9999 -9999 -9999 -9999 -9999 -9999 -9999 -9999 -9999 -9999 984.596 2187.44 3161.09 4437.42 6197.94 8646.08 11033 13237.4 12922.4 11818.2 10837.3 9983.3 10311 9073.69 6931.8 5553.66 4898.1 5739.32 7034.28 9337.17 11766.7 14326.7 16585.6 18025.7 19208.3 -9999 -9999 -9999 -9999 -9999 -9999 -9999 -9999 -9999 -9999 -9999 -9999 -9999 -9999 -9999 -9999 -9999 -9999 -9999 -9999 -9999 -9999 -9999 -9999 -9999 -9999 -9999 -9999 -9999 -9999 -9999 -9999 -9999 -9999 -9999 -9999 -9999
-9999 -9999 -9999 -9999 -9999 -9999 -9999 -9999 -9999 262.85 778.96 -9999 -9999 695.343 927.842 945.687 1298.11 3306.16 5276.27 6525.62 8314.55 10663.5 13225.6 14786.4 14250.1 13269.3 12265.7 10861.3 8363.61 5780.62 3385.73 2472.51 3754.23 6024.5 8572.59 11004.6 13564.6 15989.5 18247.3 18950.8 -9999 -9999 -9999 -9999 -9999 -9999 -9999 -9999 -9999 -9999 -9999 -9999 -9999 -9999 -9999 -9999 -9999 -9999 -9999 -9999 -9999 -9999 -9999 -9999 -9999 -9999 -9999 -9999 -9999 -9999 -9999 -9999 -9999 -9999 -9999 -9999 -9999
-9999 -9999 -9999 -9999 -9999 -9999 -9999 -9999 -9999 14.9872 370.197 -9999 3645.93 1448.02 773.138 1149.01 2870.73 3007.22 3238.67 4748.92 7177.37 9609.37 12201.4 14564.3 16302.4 15749.3 14017.1 11762.2 8837.87 5418.23 2434.03 780.109 3578.63 7460.61 8854.56 11061.1 13573.3 15435.6 16515.6 16947.2 -9999 -9999 -9999 -9999 -9999 -9999 -9999 -9999 -9999 -9999 -9999 -9999 -9999 -9999 -9999 -9999 4132.88 3825.46 5094.05 5488.33 6239.89 -9999 -9999 -9999 -9999 -9999 -9999 -9999 -9999 -9999 -9999 -9999 -9999 -9999 -9999 -9999 -9999
-9999 -9999 -9999 -9999 -9999 -9999 -9999 -9999 -9999 -9999 -9999 1515.98 1900.79 2611.06 2614.49 2598.45 3334.84 1532.01 1507.36 3779.71 6339 8771 11363 13731 16155.4 16873 14940.9 14788.9 6946.56 5776.06 3018.66 1008.45 2664.67 6210.22 7745.66 10128.4 12207.5 13164.9 14088 14619.2 -9999 -9999 -9999 -9999 -9999 -9999 -9999 -9999 -9999 -9999 -9999 -9999 -9999 -9999 -9999 4449.14 3546.38 2461.51 3024.21 5001.64 6227.87 3995.61 3729.47 -9999 -9999 -9999 -9999 -9999 -9999 -9999 9701.74 9271.79 -9999 -9999 -9999 -9999 -9999
-9999 -9999 -9999 -9999 -9999 -9999 -9999 -9999 -9999 6320.5 4642.17 2299.39 1096.12 2964.6 4838.91 5129.69 4390.92 2682.06 2657.5 4457.47 6963.64 9395.63 11987.6 14354.7 16695.6 19795.4 -9999 13991.1 9727.54 7443.26 6591.93 3108.89 3338.72 5105.51 7424.8 9402.13 10018.9 10638.2 11742.2 12074.1 -9999 -9999 -9999 -9999 -9999 -9999 -9999 -9999 -9999 -9999 -9999 -9999 -9999 -9999 2812.54 3793.23 2541.31 693.896 1825.03 4228.37 5089.4 3112.57 2444.98 3439.66 5423.1 7011.58 -9999 -9999 -9999 -9999 7695.12 8377.17 7412.33 7196.94 7599.93 8987.51 8979.49
-9999 -9999 -9999 -9999 -9999 -9999 -9999 -9999 -9999 7776.37 5609.21 3695.92 3012.18 4133.61 6295.12 7217.44 6005.09 4956.8 4939.89 6036.56 7970.27 10376.5 12968.5 15335.9 18028.3 18521.6 16714.1 14033.1 11344.3 9732.15 8560.05 5435.46 6498.46 6692.52 6688.07 7563.02 7698.5 8759.91 9388.2 9618.61 -9999 -9999 -9999 -9999 -9999 -9999 -9999 -9999 -9999 -9999 -9999 -9999 -9999 -9999 1120.95 2850.95 3028.61 1678.36 2766 4845.11 4254.31 1909.7 1145.28 3169.08 5752.64 7884.94 6946.6 6418.38 -9999 3016.87 4698.24 5544.13 4101.6 4781.46 6064.37 7058.1 6933.12
-9999 -9999 -9999 -9999 -9999 -9999 -9999 -9999 9381.12 8633.78 7011.69 5916.72 5382.78 6253.5 7640.75 9144.03 8524.83 7611.54 7595.77 8598.16 9738.16 11525.8 14067.4 16211.9 16585.8 15473.3 14637.1 13511.2 11684.5 9957.57 8464.41 7227.51 6278.43 4841.7 4122.72 4929.69 4974.94 5154.12 6421.46 8034.34 -9999 -9999 -9999 -9999 -9999 -9999 -9999 -9999 -9999 -9999 -9999 -9999 2084.58 839.867 1121.19 2782.66 4658.47 4245.44 4922.03 5761.63 3891.74 1612.79 1646.86 3810.62 6438.17 7462.15 5909.98 3566.86 1578.51 1251.09 2473 3416.2 2066.37 2376.65 4476.02 4779.42 4134.8
-9999 -9999 -9999 -9999 -9999 -9999 -9999 -9999 -9999 6991.89 6024.65 4948.39 4471.04 5425.53 7247.43 8688.46 8790.43 9159.75 9661.28 10792.8 12011.5 13059.8 14776.7 15221.7 14227.1 13246 12482.5 11544.9 10140.4 8318.54 6514.46 5483.37 4881.06 3057.23 1820.64 3058.36 2665.54 2864.97 4464.02 -9999 -9999 -9999 -9999 -9999 -9999 -9999 -9999 -9999 -9999 -9999 2272.38 3189.54 2217.34 679.916 1542.94 3640.36 5995.93 6557.26 7266.61 7142.25 4920.36 3396.77 3449.05 4888.95 7096.74 6301.99 4253.12 2839.68 1224.18 339.797 807.369 2250.91 1205 1389.94 3514.59 3456.14 1636.42
-9999 -9999 -9999 -9999 -9999 -9999 -9999 -9999 -9999 5196.8 3548.89 2520.86 1972.79 3614.91 5680.39 6250.54 6358.82 7307.94 8630.33 10745.4 12794.1 12717.9 13321 12876.7 11635.1 10654.2 10005.9 9855.17 7924.61 6580.48 4649.99 2965.67 2658.73 2010.38 1047.53 2442.58 1587.86 283.008 -9999 -9999 -9999 -9999 -9999 1768.35 1830.95 -9999 -9999 -9999 755.044 1273.2 1317.59 1240.11 2160.66 1792.05 1784.66 3868.66 6520.33 8586.65 9686.85 8535.84 6972.59 5958.74 6011.28 6982.75 7289.08 5363.37 2698.95 1083.06 2146.64 1323.35 250.187 1796.45 2491.28 1293.45 1669.07 2692.31 2079.03
-9999 -9999 -9999 -9999 -9999 -9999 -9999 -9999 -9999 4612.05 1314.59 824.961 762.226 2689.01 3556.28 3819.09 3928.93 5091.65 7306.27 9587.98 10861.9 10299.8 10974.6 11187.5 9350.67 8222.3 7576.04 7998.36 6506.29 4483.73 3076.84 1536.93 933.76 778.658 1798.76 2508.39 2600.63 1442.01 -9999 -9999 -9999 -9999 -9999 1450.64 1677.46 8166.19 7010.3 4648.63 1672.75 986.984 940.969 571.92 1125.53 2928.55 3873.56 5133.55 7515.65 9875.3 11497.1 10480.3 9390.16 8390.25 8442.92 9006.37 7150.83 4786.77 2203.63 844.875 1998.18 1741.49 895.739 2378.28 2490.02 846.023 806.407 2254.64 3995.36
-9999 -9999 -9999 -9999 -9999 -9999 -9999 -9999 -9999 -9999 1152.24 486.287 344.972 1512.43 1203.62 1368.97 1683.47 3687.85 6082.35 7970.07 8501.24 7739.76 8429.07 9211.08 6872.98 5666.55 5016.04 5488.85 4650.91 3055.62 1114.53 846.449 1589.95 1078.54 654.405 667.305 2056.36 2527.24 -9999 -9999 -9999 -9999 -9999 -9999 4522.67 7317.24 6904.1 4628.2 2009.41 890.927 1638.85 2468.75 2490.39 3953.46 6127.84 7383.2 8823.2 10950.3 13202.5 13004.4 11950.2 10950.2 10957.1 10511 7969.96 5614.41 3453.42 2174.36 971.011 928.689 1836.18 3795.33 3425.26 2488.37 1678.72 2699.45 5076.91
-9999 -9999 -9999 -9999 -9999 -9999 -9999 -9999 -9999 -9999 162.77 111.484 138.061 488.646 871.721 1256.35 1534.06 2764.82 4579.28 5994.06 6082.14 5307.76 6020.52 6289.83 4651.59 3374.03 2589.64 3130.89 2404.49 1879.58 707.839 337.812 483.034 502.415 498.618 336.889 736.185 1464.52 -9999 -9999 -9999 -9999 851.185 1418.37 3958.97 5440.62 6160.82 5114.78 2683.02 1470.36 2915.62 4660.11 4889.23 5816 7518.44 9533.3 10928.3 12219.3 14507.8 15350.9 14382.1 13382.2 13119.9 11628.9 8988.14 7001.93 5489.29 3745.28 2427.16 1388.82 1965.48 3125.25 2807.01 3497.62 3822.99 3794.79 4521.51
-9999 -9999 -9999 -9999 -9999 -9999 -9999 -9999 -9999 -9999 586.481 251.899 40.4222 47.9391 310.881 1223.95 646.802 1174.24 2720.75 3471.56 3704.4 2724.04 3517.27 4396.79 2864.66 1366.44 894.571 1061.31 1092.6 882.648 585.05 515.385 785.082 871.626 676.261 1014.54 369.415 -9999 -9999 -9999 -9999 -9999 1367.1 823.311 2488.22 3445.7 3847.93 4785.14 4632.34 3934.87 4723.13 6380.57 7456.85 8380.9 9488.89 11006.6 13238.3 14488.7 15885 17501.5 16974.1 15972.8 14901.2 12716.7 10514.7 9147.92 7318.96 6013.73 4647.72 3301.92 1423.73 1503.33 1022.21 2625.67 3864.47 2151.03 2065.69
-9999 -9999 -9999 -9999 -9999 -9999 -9999 -9999 -9999 -9999 1735.83 1179.25 265.12 360.191 434.541 1215.69 640.645 732.136 1049.93 1683.23 2615.56 993.878 1936.06 2309.46 2219.35 1072.24 1612.91 747.264 645.435 374.609 507.758 374.316 933.002 788.258 509.581 1406.55 -9999 -9999 -9999 -9999 -9999 4203.39 3134.87 2596.73 2841.1 1454.89 1644.31 3534.21 5822.86 6251.33 7031.85 8105.19 9582.79 10746.9 11822.5 12830.2 14578.5 16587.1 17942.8 19182.8 19330 18185.7 16058 14051.6 12506 10801 9399.13 8109.23 6543.88 4307.56 2489.95 2433.23 2372.5 3441.29 3743.88 1558.44 720.481
-9999 -9999 -9999 -9999 -9999 -9999 -9999 -9999 -9999 -9999 2022.73 1131.91 373.669 373.084 498.577 787.499 1126.72 1299.78 571.294 1676.81 3263.48 2110.14 1543.3 953.678 2441.2 1254.79 1428.39 1092.29 732.796 398.98 513.625 353.494 947.561 1636.79 744.748 799.512 -9999 -9999 -9999 -9999 -9999 6951.87 5728.3 4578.7 2508.78 635.878 1513.59 3643.87 6172.53 7036.75 7402.78 8410.58 9647.75 11617.1 13812.2 15304.5 16581.5 18111.5 20303.9 21588.8 21664 19671.6 17249 15409.4 13608.5 12459.8 11196.5 9852.03 7491.14 5160.88 2794.25 1499.42 2687.41 3522.72 4356.92 3285.6 1362.94
-9999 -9999 -9999 -9999 -9999 -9999 -9999 -9999 -9999 -9999 1798.43 1168.01 1002.16 712.632 1108.71 1333.34 1841.07 1059.86 741.808 2345.1 3714.26 2075.42 705.398 1570.59 3336.28 2016.65 1268.31 2325.59 1024.04 431.183 638.235 458.014 539.038 1100.18 1380.37 169.444 -9999 -9999 -9999 -9999 10330.8 8947.39 7284.7 5064.51 2578.18 1264.93 2478.52 4557.47 5547.76 4915.93 5049.93 6190.58 8236.92 10648.3 13239.9 15579.7 17975.5 19693.6 21622.7 23270.6 21856.2 19444 16862 14497.7 12085.6 10771.7 9692.92 8634.76 7395.74 5220.34 2697.08 1408.38 1471.57 1731.67 4010.8 3826.06 1491.88
-9999 -9999 -9999 -9999 -9999 -9999 -9999 -9999 -9999 -9999 2051.66 958.112 702.574 628.763 869.534 1380.07 2529.35 980.688 585.661 1289.34 2355.57 2635.1 1413.47 2341.28 4440.36 3870.69 3306.23 2589.74 849.535 1385.47 818.387 500.194 387.911 909.266 -9999 -9999 -9999 -9999 -9999 -9999 9791.32 7823.99 6128.42 5400.59 4308.84 3687.32 4210.24 3842.35 3223.68 2424.84 2617.33 4599.93 7142.69 9574.68 12166.7 14534.7 17190.7 19558.6 22100.8 23070.2 20815.3 18383.3 15791.3 13423.3 10768.2 8587.14 7101.84 6111.01 6127.13 5966.9 4508.17 3660.81 2401.18 2509.81 4525.46 4749.5 3186.2
-9999 -9999 -9999 -9999 -9999 -9999 -9999 -9999 -9999 -9999 3937.95 2491.69 1489.76 834.005 2062.36 2611.13 1825.68 1317.66 1004.89 234.73 540.398 1992.88 3434.04 4172.87 4761.3 4129.15 4378.24 3639.24 2286.42 2348.04 1792.59 1396.29 1125.7 464.934 -9999 -9999 -9999 -9999 -9999 -9999 -9999 4975.02 3694.7 3584.1 4143.08 3927.66 3717.95 2161.54 1307.94 1449.14 1751.49 4080.88 6640.66 9072.66 11664.7 14032.7 16688.7 19056.7 21632.6 22180.5 19807.9 17375.9 14783.9 12415.9 9759.91 7393.86 5027.05 3688.59 3763.45 5147.53 6480.61 5834.27 4733.21 4813.42 6010.26 6539.81 5608.33
37313.7 36766 36131 32152.9 -9999 24837.6 22846.6 20898.2 17976.3 18106.3 5851.73 4524.52 2350.43 1606.46 3228.09 2580.28 808.883 994.795 1095.06 1249.01 842.568 2327.65 4029.02 3848.59 3260.91 1806.71 2787.68 3302.88 1738.55 1170.04 1533.2 1372.63 2706.52 -9999 -9999 -9999 -9999 -9999 -9999 -9999 -9999 3460.71 1670.36 1575.9 2041.47 1546.43 1927.44 785.026 1288.43 2907.76 3516.16 5097.02 7543.85 9975.64 12567.6 14935.6 17591.6 19959.6 22279.5 21373.4 18832.8 16400.8 13808.8 11440.8 8784.85 6416.85 3825.67 1628.24 1759.89 4018.46 6571.85 7957.93 7293.09 7372.62 8419.91 8986.59 8223.24
37094 34968.9 32676.9 31515.9 25851.5 25103.3 22300.6 19944.7 17280.5 15951.3 7719.51 5870.09 4317.27 3900.65 4094.62 2148.49 855.401 1418.76 723.386 1894.16 1299.31 2358.65 2575.05 1471.66 2055.7 1072.63 2076.3 1406.5 819.208 1117.52 2141.74 2286.95 3229.95 -9999 -9999 -9999 -9999 -9999 -9999 -9999 -9999 3599.46 2369.07 2182.4 1801.59 959.981 1766.49 1674.34 1998.68 4002.66 5859.69 6953.07 8634.79 10983 13575 15943 18599 20967 23085.9 21676.6 19117.8 16685.8 14093.8 11725.8 9069.83 6701.83 4122.79 2154.83 2214.56 4275.9 6862.07 9183.91 9688.59 9804.2 10851.7 11416.8 10652.3
36130.9 33861.4 31279.6 29026.1 26182.8 23906.9 21253.4 18885.4 16229.4 13897.5 10566 7965.77 6892.34 6426.76 5317.38 3464.9 2873.82 3386.92 2637.17 3419.41 3532.17 3731.12 2092.36 662.845 1438.22 1146.07 2627.97 1489.1 543.01 553.969 1108.77 985.512 -9999 -9999 -9999 -9999 -9999 -9999 -9999 -9999 -9999 4538.06 4255.54 4444.08 3772.12 2493.91 1111.69 2498.82 4272.2 5513.43 7643.96 9423.75 10607.9 12171.7 14648.8 17016.6 19672.6 22025.3 23667.7 22436.2 20152.6 17758.6 15166.6 12798.6 10142.6 7793.21 5704.65 4577.61 4578.69 5758.71 7920.3 9589.36 9507.74 10226.1 11297.6 12239 12869.2
35923.7 33748.8 31156.8 28724.8 26164.8 23732.8 21140.8 18772.8 16116.8 13752.7 11542.4 10318 9259.85 8393.34 6813.72 5700.63 5232.66 5648.41 4999.52 5654.85 5846.78 4937.49 2519.74 1028.22 1249.97 916.943 3123.5 2789.58 1234.18 1428.32 2131.12 -9999 -9999 -9999 -9999 -9999 -9999 -9999 -9999 -9999 -9999 -9999 -9999 5815.96 5048.22 3837.31 2868.95 3721.53 5908.07 7620.33 9000.25 11047.8 12890.3 13982.7 15702.8 17997.5 20646.1 22338.8 21976.6 20970.1 19846.9 18608.4 16147.5 13779.5 11136.4 9195.78 7939.07 6944.74 6944.74 7894.16 8335.38 7889.42 7170.43 7932.59 9020.68 10512.5 12860
36434.3 34727.7 32113.4 29773.5 27220.2 24787.9 22196.2 19828.2 17189.3 15232.8 13978.9 12971.5 11832.2 10499.5 9336.75 8355.89 7888.66 8304.39 7655.52 8309.23 8171.44 6206.98 4257.74 3356.06 2601.77 2162.74 3891.77 4671.54 3593.25 5161.49 11784.9 17875.8 -9999 -9999 -9999 -9999 -9999 -9999 -9999 -9999 -9999 6875.93 5809.91 4007.74 3019.74 3790.44 5050.63 6160.58 7477.68 9424.63 11342.8 12609.8 14720.5 16520.6 17709.5 19209.7 20874.6 20394.8 19325.8 18318.5 17379 17719.1 17082.4 14892.5 12762.1 11668.7 10594.8 9600.73 9482.18 8952.59 6697.51 5270 4514.43 5299.38 6929.7 9224.6 11596.4
35887.3 35044.3 32242.8 30066.6 28390.6 25505.6 23177 20813 18581.7 17423.4 16333.9 15270.5 13883.9 12779 11704.7 10723.9 10256.7 10672.4 10023.5 10596.7 9599.72 7758.12 6461.69 5381.11 4486.21 4471.17 4824.13 6708.65 6638.37 7409.75 15367.7 16740.5 19020.8 20756.6 -9999 -9999 -9999 -9999 -9999 -9999 -9999 6535.96 4916.98 2578.04 1000.34 2343.89 4880.6 7136.9 9275.38 10809.5 12957.1 14721.4 16095.2 18122.4 19804.6 19750.9 19052.3 18040.7 16957.8 15950.5 15011 15425.3 16333.1 16028.7 15007.8 14036.5 12957 11833.8 10365.5 8147.08 5558.02 3348.65 2175.13 3414.87 5814.4 8067.2 10565.1
-9999 -9999 -9999 -9999 -9999 25607 24156.3 22283.8 21050.9 20029.9 19486.4 17569.1 16291 15193 14168.1 13312.8 12848.7 13264.4 12615.5 12753.8 11160.7 9475.98 7244.6 4928.18 3341.76 5252.3 -9999 10479.1 9748.97 9668.75 13125 15040.3 18270.1 20386.9 21977.7 -9999 -9999 -9999 -9999 -9999 4244.74 4730 4392.1 2133.53 970.032 2718.74 5233.07 7600.48 10256.5 12550.3 14464.4 16492.7 18373 19420 19582.7 18082.2 16438 15438.2 14365.8 13358.5 12419 12833.3 13906.9 14887.6 15813 16070.7 14856.4 12570.4 10014.4 7582.39 4990.39 2628.01 993.197 2373.21 4554.23 6931.39 9491.21
-9999 -9999 -9999 -9999 -9999 -9999 24558.8 24248.1 24064.3 23709.4 20652.3 19810.9 17141.6 15770.1 16091.5 15740.1 15280.7 15696.4 15020.7 14230 11845.5 9446.12 6875.2 4484.89 1910.57 1629.25 -9999 13034.1 12109.9 11862 14043.9 15828.8 18164.8 19341.6 -9999 -9999 -9999 -9999 -9999 1107.11 2200.62 2725.38 4450.56 3560.99 2919.65 4110.36 6309.01 8608.74 11263.8 13631.6 16123.9 17906.1 19857.6 19417.8 17427 16261.1 14494.9 13039.3 11933.8 10926.5 9987.05 10401.3 11474.9 12455.8 13672.2 15281.8 15742.6 13435.9 10875.9 8443.95 5863.51 3716.36 1620.67 1393.98 3719.01 6150.84 8710.83
-9999 -9999 -9999 -9999 -9999 -9999 -9999 25351.6 25696.8 26028.2 -9999 21127.6 -9999 -9999 18297.3 17890.1 17597.9 17795.8 17264.2 15407 13054 10406 10015 6898.39 3459.13 2602.79 16848.7 15752.8 14635 14185.3 15305.5 17024.8 18176.3 -9999 -9999 -9999 -9999 -9999 -9999 1420.92 736.964 1846.54 4332.56 5695.46 5468.6 6359.35 7757.99 9748.91 12324.8 14692.2 17284.2 19628.3 20363.9 18350 15839.6 13923.9 12588.7 10999.7 9401.23 8366.54 7427.05 7841.27 8918.09 10000.1 11838.1 14123.2 16053.2 14492.9 11936.3 9513.88 7148.87 5008.56 2935.34 2728.81 4465.4 6835.4 9395.11
-9999 -9999 -9999 -9999 -9999 -9999 -9999 -9999 -9999 -9999 -9999 -9999 -9999 -9999 -9999 -9999 18485.2 18431.4 18317.9 -9999 -9999 11043.4 12824.8 13489.1 5823.44 5359.39 17221.8 16694.5 15699.3 15250.2 -9999 -9999 -9999 -9999 -9999 -9999 -9999 -9999 -9999 -9999 3404.2 3328.1 4926.12 6546.9 7672.47 8784.6 9871.46 11143.4 13396.6 15700.5 18291.6 20527.2 19753.6 17330.2 14753.5 12454.2 10338.5 9183.37 7453.4 5961.86 4995.05 5409.32 6596.89 8208.55 10747.6 13115.6 15608.6 15426.3 12953.2 10733.4 8391.49 6498.1 5263.44 5115.98 6187.01 7904.76 10402.5
