public/models/data/input/map/ntb/2500/mapdcenter.asc
NCOLS 156
NROWS 110
XLLCORNER 370313.940441
YLLCORNER 9268024.452423
CELLSIZE 2500.000000
NODATA_VALUE       -9999
[rows 68 to 101 of 110, columns 0 to 76 of 156]
-9999 -9999 -9999 -9999 -9999 -9999 -9999 -9999 -9999 -9999 -9999 -9999 -9999 -9999 -9999 -9999 -9999 -9999 -9999 -9999 -9999 -9999 -9999 -9999 -9999 -9999 -9999 -9999 -9999 -9999 -9999 -9999 -9999 -9999 -9999 -9999 -9999 -9999 -9999 -9999 -9999 -9999 -9999 -9999 -9999 -9999 -9999 -9999 -9999 -9999 -9999 -9999 -9999 -9999 -9999 -9999 -9999 -9999 -9999 -9999 -9999 -9999 -9999 -9999 -9999 -9999 -9999 -9999 -9999 -9999 -9999 -9999 -9999 -9999 -9999 -9999 -9999
-9999 -9999 -9999 -9999 -9999 -9999 -9999 -9999 -9999 -9999 -9999 -9999 -9999 -9999 -9999 -9999 -9999 -9999 -9999 -9999 -9999 -9999 28581.7 29231.7 31251.6 33749.4 -9999 -9999 -9999 -9999 -9999 -9999 -9999 -9999 -9999 -9999 -9999 -9999 -9999 -9999 -9999 -9999 -9999 -9999 -9999 -9999 -9999 -9999 -9999 -9999 -9999 -9999 -9999 -9999 -9999 -9999 -9999 -9999 -9999 -9999 -9999 -9999 -9999 -9999 -9999 -9999 -9999 -9999 -9999 -9999 -9999 -9999 -9999 -9999 -9999 -9999 -9999
-9999 -9999 -9999 -9999 -9999 -9999 -9999 -9999 -9999 -9999 -9999 -9999 -9999 -9999 -9999 -9999 -9999 -9999 -9999 18892.5 20416.2 23456.4 25841.2 28229.8 30865.7 33225.6 35790.2 38138.6 40361.1 42142.7 -9999 -9999 -9999 -9999 -9999 -9999 -9999 -9999 -9999 -9999 -9999 -9999 -9999 -9999 -9999 -9999 -9999 -9999 -9999 -9999 -9999 -9999 -9999 -9999 -9999 -9999 -9999 -9999 -9999 -9999 -9999 -9999 -9999 -9999 -9999 -9999 -9999 -9999 -9999 -9999 -9999 -9999 -9999 -9999 -9999 -9999 -9999
-9999 -9999 -9999 -9999 -9999 -9999 -9999 -9999 -9999 -9999 -9999 -9999 -9999 -9999 -9999 -9999 -9999 -9999 16149.2 17586.7 19835.3 22272.3 24864 27232 29888 32256 34848 37280 39867.6 42128.1 44307.8 45159.5 44966.7 -9999 -9999 -9999 -9999 -9999 -9999 -9999 -9999 -9999 -9999 -9999 -9999 -9999 -9999 -9999 -9999 -9999 -9999 -9999 -9999 -9999 -9999 -9999 -9999 -9999 -9999 -9999 -9999 -9999 -9999 -9999 -9999 -9999 -9999 -9999 -9999 -9999 -9999 -9999 -9999 -9999 -9999 -9999 -9999
-9999 -9999 -9999 -9999 -9999 -9999 -9999 -9999 -9999 -9999 -9999 -9999 -9999 -9999 -9999 -9999 10871.3 12501.9 14106.7 16188.3 18739.8 21171.8 23763.8 26131.8 28787.8 31155.8 33747.8 36179.1 38739.8 41171.8 43335.9 43179.2 43566.6 42883.8 42217 43086.3 43532.3 -9999 -9999 -9999 -9999 -9999 -9999 -9999 -9999 -9999 -9999 -9999 -9999 -9999 -9999 -9999 -9999 -9999 -9999 -9999 -9999 -9999 -9999 -9999 -9999 -9999 -9999 -9999 -9999 -9999 -9999 -9999 -9999 -9999 -9999 -9999 -9999 -9999 -9999 -9999 -9999
-9999 -9999 -9999 -9999 -9999 -9999 -9999 -9999 -9999 -9999 -9999 -9999 -9999 -9999 -9999 -9999 9084.87 10602.3 12778.6 15198.9 17758.9 20190.9 22782.9 25150.9 27806.9 30174.9 32766.9 35198.7 37760.7 40188.1 41526.1 40813.9 41212.3 40694.7 40704.5 41702.8 42592.6 42452.9 -9999 -9999 -9999 -9999 -9999 -9999 -9999 -9999 -9999 -9999 -9999 -9999 -9999 -9999 -9999 -9999 -9999 -9999 -9999 -9999 -9999 -9999 -9999 -9999 -9999 -9999 -9999 -9999 -9999 -9999 -9999 -9999 -9999 -9999 -9999 -9999 -9999 -9999 -9999
-9999 -9999 -9999 -9999 -9999 -9999 -9999 -9999 -9999 -9999 -9999 -9999 -9999 -9999 -9999 4813.06 7112.88 9112.97 11693.3 14125.3 16685.3 19117.3 21709.3 24077.3 26733.3 29101.3 31693.3 34125.3 36700.8 38946.9 39066.1 38221.9 38620.3 38103 38122.9 39127.7 40188 41056 40740.1 40833.3 -9999 -9999 -9999 -9999 -9999 -9999 -9999 -9999 -9999 -9999 -9999 -9999 -9999 -9999 -9999 -9999 -9999 -9999 -9999 -9999 -9999 -9999 -9999 -9999 -9999 -9999 -9999 -9999 -9999 -9999 -9999 -9999 -9999 -9999 -9999 -9999 -9999
-9999 -9999 -9999 -9999 -9999 -9999 -9999 -9999 -9999 -9999 -9999 -9999 -9999 2041.77 2065.16 3291.86 5734.62 8093.96 10686 13117.9 15677.9 18109.9 20701.9 23069.9 25725.9 28093.9 30685.9 33117.4 35840 37646.1 36641.7 35789.9 36316.9 35724.8 35690.9 36695.7 37756.1 38759.7 39722.7 40131.1 -9999 -9999 -9999 -9999 -9999 -9999 -9999 -9999 -9999 -9999 -9999 -9999 -9999 -9999 -9999 -9999 -9999 -9999 -9999 -9999 -9999 -9999 -9999 -9999 -9999 -9999 -9999 -9999 -9999 -9999 -9999 -9999 -9999 -9999 -9999 -9999 -9999
-9999 -9999 -9999 -9999 -9999 -9999 -9999 -9999 -9999 -9999 -9999 -9999 5046.09 2981.66 1226.93 2348.17 4975.41 7343.4 9935.4 12367.4 14927.4 17359.4 19951.4 22319.4 24967.3 27266 30087.2 32191.1 36019.4 35958.2 34337.4 33251.7 33974.8 33407.2 33130.8 34135.7 35196.1 36203.5 37277 38116.9 -9999 -9999 -9999 -9999 -9999 -9999 -9999 -9999 -9999 -9999 -9999 -9999 -9999 -9999 -9999 -9999 31535.2 29879.9 27368.5 26422.9 24061.4 -9999 -9999 -9999 -9999 -9999 -9999 -9999 -9999 -9999 -9999 -9999 -9999 -9999 -9999 -9999 -9999
-9999 -9999 -9999 -9999 -9999 -9999 -9999 -9999 -9999 -9999 -9999 4627.95 3300.2 2249.24 2459.08 3466.92 5700.25 8065.79 10657.8 13089.8 15649.8 18081.8 20673.8 23041.8 25354.6 26849.6 31168.5 31084.1 32290.2 32057 32104.6 30955.5 30854.5 30425.1 30697.1 31703.7 32764.1 33771.5 34855.7 35798.1 -9999 -9999 -9999 -9999 -9999 -9999 -9999 -9999 -9999 -9999 -9999 -9999 -9999 -9999 -9999 32525.6 31332.6 29191.2 26597.7 24537.6 22926.6 17970.9 17338.3 -9999 -9999 -9999 -9999 -9999 -9999 -9999 13889.5 13458.5 -9999 -9999 -9999 -9999 -9999
-9999 -9999 -9999 -9999 -9999 -9999 -9999 -9999 -9999 9373.17 7684.31 5343.87 2834.02 1269.24 2905.34 5139.15 7139.9 9158.8 11731.4 14163.4 16723.4 19155.4 21747.4 24113.4 26424 29493.1 -9999 30118.2 29511.9 29560.7 28447.1 27976.7 28114.6 27369.9 28104.4 29111.7 30172.4 31243.6 32654 33258.6 -9999 -9999 -9999 -9999 -9999 -9999 -9999 -9999 -9999 -9999 -9999 -9999 -9999 -9999 32818.5 31993 30456.6 28115.2 25523.2 23095.9 20639.8 18035.8 15680.4 13276.9 11603.6 10295.1 -9999 -9999 -9999 -9999 11926.6 12561.7 14678.7 14471.7 14918.1 17101.5 19404
-9999 -9999 -9999 -9999 -9999 -9999 -9999 -9999 -9999 10834.4 8672.03 6245.96 4119.48 3217.34 4177.17 6142.74 8702.14 10488.7 12714.7 15144.3 17704.3 20136.3 22728.3 25095.1 27835.7 29523.7 29664.1 29099.3 28053.3 27188.4 26230.6 25542 25069.4 24779.2 25736.4 26743.7 27817.4 29377.4 30414.1 30810.1 -9999 -9999 -9999 -9999 -9999 -9999 -9999 -9999 -9999 -9999 -9999 -9999 -9999 -9999 33727.6 32021.8 29497.2 27134.3 24542.3 22110.3 19550.3 17118.3 14527.1 12229.5 10383.9 9190.79 7377.06 7072.79 -9999 8394.54 9107.24 9824.19 10846.3 12076.4 13713 16030.9 18711.4
-9999 -9999 -9999 -9999 -9999 -9999 -9999 -9999 12463.9 11972.5 9790.51 7814.61 6601.11 5872.09 6636.14 7740.95 9898.88 12208.1 14193.3 16261.3 18804.4 21236.4 23828.4 26196.4 28485.9 28489.4 27589.6 26600 25543.4 24536 23474.1 22886.5 22089.7 22094.8 23080.4 24087.7 25177.5 26254.7 27599.7 29128.6 -9999 -9999 -9999 -9999 -9999 -9999 -9999 -9999 -9999 -9999 -9999 -9999 34901.8 35406.5 33422.1 31058.2 28402.2 26034.2 23442.3 21010.5 18450.2 16022.5 13425.6 11058.2 8480.93 6887.86 5779.83 5608.86 6030.87 7033.07 6726.83 7341.24 8478.2 10013.5 12498.1 14930.1 17632.5
-9999 -9999 -9999 -9999 -9999 -9999 -9999 -9999 -9999 12779.9 11145.7 9970.51 8942.66 8240.05 9003.9 9984.99 11282.2 13253 15747.3 17595 19792.3 22217.3 24779.8 26861.3 27248.7 26316 25241.8 24235.7 23175.4 22168.9 21106.8 20519.3 19724.6 19726.8 20712.4 21719.7 22781.5 24027.1 25641.3 -9999 -9999 -9999 -9999 -9999 -9999 -9999 -9999 -9999 -9999 -9999 29418.1 30991.5 32757.1 33717.8 32472 30116.3 27460.3 25092.3 22500.3 20068.3 17508.3 15080.1 12456.2 10089.3 7433.79 5158.99 3458.11 3570.84 5082.12 5161.37 4361.12 4987.5 6664.63 8926.2 11517.2 13949.2 16467
-9999 -9999 -9999 -9999 -9999 -9999 -9999 -9999 -9999 12332 10706.6 9678.58 9288.28 9824.43 10779.3 11871.7 13481 14789.3 16913.4 19243.5 20962.3 22680.2 24172.3 25166.9 24746.1 23724.8 22651.1 21643.7 20583.4 19604.1 18515.5 17927.3 17125.4 17133.4 18120.4 19127.7 20176.1 20815.1 -9999 -9999 -9999 -9999 -9999 -9999 -9999 -9999 -9999 -9999 24896.4 26604.9 28186.7 29066.6 30223 31241.1 31380.7 29301.8 26645.8 24277.8 21685.8 19253.8 16693.8 14259.5 11648.5 9280.64 6625.09 4328.96 1605.12 1818.77 4037.07 3393.67 1858.19 2947.33 5488.55 7856.55 10448.5 12880.5 15416.2
-9999 -9999 -9999 -9999 -9999 -9999 -9999 -9999 -9999 11773.8 8178.73 7245.04 6933.44 7881.16 9092.21 10956.6 13566.8 15792 17946.2 19115.1 19697.2 20711.8 21786.2 22785.8 22934.3 21350.5 20219.1 19211.7 18151.4 17142.4 16082.2 15495.3 14636 14690.8 15688.4 16695.7 17785.8 19368.1 -9999 -9999 -9999 -9999 -9999 -9999 25734.8 25392.1 25063.4 24082 23718.2 24649.6 25751.3 26740.3 27801.2 28809.1 29770 29324.8 26891 24523 21931 19499 16939 14507 11915 9547.02 6891.02 4552.66 2629.7 2790.62 4421.77 3213.7 1525.4 2737.22 5336.12 7704.12 10296.1 12728.1 15288.1
-9999 -9999 -9999 -9999 -9999 -9999 -9999 -9999 -9999 -9999 5858.61 4688.48 4374.76 5447.98 7513.61 9866.42 12522.4 14890.4 17110.3 16897.3 17145.2 18152.5 19235.8 20301.7 21150.8 19527.4 17711 16651.9 15591.4 14584 13522.8 12935.3 12078.5 12132 13128.4 14135.7 15115.5 15148.9 -9999 -9999 -9999 -9999 -9999 -9999 24832.2 24295.3 23297.2 22320.7 21467.4 22100.3 23173.9 24181.3 25241.7 26249.1 27322.7 28249.7 27761.6 25571.6 22979.8 20547.8 17987.8 15555.8 12963.8 10595.8 7989.13 6236.09 5108.63 5211.56 5940.12 4776.23 3894.33 4604.83 6386.03 8708.34 11300.2 13732.2 16292.2
-9999 -9999 -9999 -9999 -9999 -9999 -9999 -9999 -9999 -9999 3163.37 2494.09 2071.21 3922.4 6491.06 8859.06 11515.1 13877.8 15282.2 14469.6 14713.2 15720.5 16821.6 17773.8 18839.6 18362.5 15954 14271.6 13159.4 12152 11090.8 10503.3 9646.51 9699.99 10696.4 11703.7 12857.3 14045.1 -9999 -9999 -9999 -9999 22947.9 22724.3 22824.8 21943.2 20869.5 19888.7 19035.4 19668.3 20741.9 21749.3 22809.7 23817.1 24890.7 25897.6 27413.4 26552.7 23987.2 21555.2 18995.2 16563.2 13971.2 11623.5 9628.77 8576.76 7539.78 7650.54 8044.41 7096.14 6643.6 7240.32 8056.83 9770.95 12307.5 14739.5 17299.5
-9999 -9999 -9999 -9999 -9999 -9999 -9999 -9999 -9999 -9999 1041.76 1189.23 1722.18 3738.59 6320.4 8688.4 11331.6 13105.9 12836.8 11877.6 12121.2 13128.5 14200.5 15182.3 16638.3 17155.5 14811.9 12431.8 10626 9560.01 8498.8 7911.3 7054.51 7108 8104.38 9178.94 10700.8 -9999 -9999 -9999 -9999 -9999 22001.6 21392.4 20356.4 19351.2 18277.5 17296.7 16443.4 17076.3 18149.9 19157.3 20217.7 21225.1 22361.3 23985.8 26548.3 27337.4 25060.8 22628.8 20068.8 17636.8 15098.6 13336.6 12148.4 11167.5 10156.7 10268.4 10614.9 9688.11 9186.09 9752.73 10574.5 11605.6 13436.6 15813.3 18372
-9999 -9999 -9999 -9999 -9999 -9999 -9999 -9999 -9999 -9999 1789.36 2140.04 3597.91 5011.58 7273.41 9639.43 11754.4 11517.1 10470.6 9509.61 9753.16 10760.5 11838.1 13081.4 15433.7 16171 13831 11399.1 8916.76 7234.47 6130.8 5545.66 4686.51 4740 5770.15 6943.89 -9999 -9999 -9999 -9999 -9999 21722.5 20776.6 19126.5 17990.5 16983.2 15909.5 14928.7 14075.4 14708.3 15781.9 16789.3 17849.7 18883.1 20637 22929.1 25585 27485.7 26041.7 23609.7 21049.7 18638 16685.5 15616.7 14516.4 13535.5 12582.8 12699.2 12982.8 12056.1 11554.1 12120.7 12940.5 13912.6 15059.8 16786.4 18831.4
-9999 -9999 -9999 -9999 -9999 -9999 -9999 -9999 -9999 -9999 4517.84 4734.02 5775.42 7221.92 8727.81 10735.8 10956.9 9064.33 7814.69 6853.61 7097.17 8108.92 9539.07 11683.3 14332.3 15070.9 12730.9 10298.9 7738.91 5347.59 3530.19 3103.93 2142.17 2135.17 3773.18 4737.61 -9999 -9999 -9999 -9999 -9999 21494.4 19768.9 17359.8 15424.8 14327.2 13253.5 12272.7 11419.4 12052.3 13125.9 14133.3 15251.4 16930 19460.9 21828.9 24484.9 26818.9 27072.5 24709.8 22199.1 20399.4 19253.4 18272.5 17172.4 16191.5 15235.7 15348.6 15527.3 14580.7 13936.3 13936 13424.1 13602.6 14653.2 15660.5 16720.9
-9999 -9999 -9999 -9999 -9999 -9999 -9999 -9999 -9999 -9999 6894.89 7103.84 8084.26 9160.17 10693.7 11648.7 10001.2 7652.54 5573.98 4486.33 4734.94 6029.77 8336.81 10701.2 13353.1 14190.8 11889.2 9457.23 6897.23 4465.23 1984.66 1466.17 1558.1 1264.22 2647.1 3877.81 -9999 -9999 -9999 -9999 22412.9 21186.6 18788 16356 13846.9 12040.8 10885.5 9904.68 9051.4 9684.32 10758 11801.1 13535.5 15888 18480 20848 23504 25871.7 27522.6 25719.4 23794.3 22695.1 21621.4 20640.5 19540.4 18559.5 17600.5 17204.9 15617.6 14198.5 13135.2 12177.3 11122.1 11234.7 12285.2 13292.5 14379.4
-9999 -9999 -9999 -9999 -9999 -9999 -9999 -9999 -9999 -9999 9857.4 9715.02 10675.9 11683.3 12540 11545 8932.55 6564.55 3986.11 2063.73 2482.24 4673.78 7264.55 9632.55 12288.5 13969.7 12176.1 9744.1 7184.11 4763.7 2663.63 2402.5 3485.55 2973.43 -9999 -9999 -9999 -9999 -9999 -9999 21558.8 19982.1 17705.6 15282.4 12722.4 10315.6 8375.2 7312.7 6459.41 7092.32 8215.34 9893.91 12382.4 14814.4 17406.4 19774.4 22430.4 24798.4 27237.4 27365.8 26294.4 25287 24213.4 23232.5 22116 20932.8 19158.9 16963.3 14410.1 12121.6 10578 9585.47 8530.06 8642.73 9693.17 10724.6 12367.1
-9999 -9999 -9999 -9999 -9999 -9999 -9999 -9999 -9999 -9999 12652.7 12148 13107.9 14014.6 13239.5 10970.7 8314.71 5946.78 3458.1 1625.74 2217.16 4520.21 7112.12 9480.12 12135.8 13525.5 11523.4 9091.43 6531.43 4101.38 1850.06 2000.23 4215.6 4939.22 -9999 -9999 -9999 -9999 -9999 -9999 -9999 18004.5 16568.7 14275 11715 9283.01 6741.93 4970.97 4027.41 4696.13 6454.55 8815.37 11375 13807 16399 18767 21423 23791 26381.3 28491.9 28689.5 27719 26595.9 25282.1 23211.4 20971.5 18394 15962 13402 10970.8 8569.19 7168.38 6098.06 6210.73 7285.21 8830.8 11268.5
49138.3 48630.1 47996.4 44030 -9999 36652.2 34699.3 32780.5 29797.7 29976.4 15010 14784.1 15581.8 15014.3 12569.9 10201.9 7545.91 5177.92 2604.77 1241.55 2969.48 5288.02 7876.5 10244.5 12899.7 13929.5 11697.4 9265.4 6705.4 4284.09 2188.86 2328.22 3694.51 -9999 -9999 -9999 -9999 -9999 -9999 -9999 -9999 17498.3 15535.7 13249.7 10689.4 8257.42 5665.42 3320.39 1635.45 2845.45 5357.42 7789.42 10349.4 12781.4 15373.4 17741.4 20397.4 22765.4 25357.4 27789.4 29984.5 29531.1 27283.1 24949.6 22293.6 19925.6 17333.6 14901.6 12341.6 9909.63 7318.62 5088.3 3548.98 3677.25 5307.35 7641.96 10197.3
48948 46844.1 44552.4 43418.5 37644.2 36929.8 34143.7 31818.4 29117.9 27848.3 18105.6 17451.9 17568.6 15692.1 13100.1 10732.1 8076.11 5708.72 3345.58 2390.79 3714.43 6016.11 8608.11 10976.1 13632.1 14855.3 12703.1 10271.1 7721.8 5669.39 4445.21 4413.15 4318.07 -9999 -9999 -9999 -9999 -9999 -9999 -9999 -9999 17182.1 15635 13271.1 10709.3 8277.3 5685.31 3343.36 1683.27 2873.29 5377.31 7809.31 10369.3 12801.3 15393.3 17761.3 20417.3 22785.3 25377.3 27809.3 30025.2 28989.3 26399.7 24031.7 21375.7 19007.7 16415.7 13983.7 11423.7 8991.74 6399.74 4031.74 1633.1 1868.57 4291.74 6723.74 9283.74
47992.5 45735.9 43155.5 40894.7 37998.1 35716.6 33128 30759.9 28103.9 25767.7 22341.9 20010.8 19120.7 16765.7 14173.7 11805.7 9154.51 7022.63 5593.91 4958.03 5802.71 7257.29 9682.45 12049.7 14705.7 15928.9 13776.7 11357.8 9239.28 8064.23 6886.56 5846.96 -9999 -9999 -9999 -9999 -9999 -9999 -9999 -9999 -9999 17330.1 16815.3 14053.1 11766.4 9334.38 6804.95 5080.64 4151.41 4812.54 6522.31 8866.87 11426.4 13858.4 16450.4 18818.4 21474.4 23842.4 26434.4 28866.4 30907.6 29447.4 26855.4 24487.4 21831.4 19463.4 16871.4 14439.4 11879.4 9447.37 6855.37 4510.71 2509.26 2682.23 4762.03 7179.37 9739.37
47777.7 45623.3 43031.3 40599.3 38039.3 35607.3 33015.3 30647.3 27991.3 25627.2 23421.3 22159.7 20177.3 17746.6 15154.6 12786.6 10356.7 9044.76 7958.95 7326.03 8152.8 9176.9 10780.2 13030.6 15686.6 16909.7 14763.2 12709.2 11432.4 10445.4 9986.01 -9999 -9999 -9999 -9999 -9999 -9999 -9999 -9999 -9999 -9999 -9999 -9999 14808.7 12747.2 10341.3 8429.5 7372.74 6519.41 7152.32 8272.11 9922.79 12407.2 14839.2 17431.2 19799.2 22455.2 24823.2 27415.2 29847.2 31888.4 30428.2 27836.2 25468.2 22812.2 20444.2 17852.2 15420.2 12860.2 10428.2 7859.57 5982.41 4790.06 4903.47 6140.07 8171.15 10720.2
48309.5 46587 43969.4 41642.8 39094.1 36661.8 34070.7 31702.7 29063.9 27107.2 25728.5 23816.1 21278.7 18846.7 16259.5 14112.9 12669.5 11688.6 10614.9 9982.03 10808.8 11816.2 12904.9 14305.4 16786.7 18022.7 16289.7 15137.2 14147.8 15170.8 21932.3 28428.7 -9999 -9999 -9999 -9999 -9999 -9999 -9999 -9999 -9999 21205.2 19537.2 16694.3 13901.9 12144.3 11009.5 10028.7 9175.4 9808.32 10882 11912.3 13597.7 15939.4 18531.4 20899.4 23555.4 25923.4 28515.4 30947.4 32988.6 31528.4 28936.4 26568.4 23912.4 21544.4 18952.4 16520.4 13960.4 11554.1 9568.79 8501.48 7446.06 7558.73 8609.17 9755.2 11835.3
47671.4 46885.6 44058 41913.4 40273.6 37345 35051.4 32687.5 30456.1 29205.4 27216.9 24813.7 22259.6 19828.2 17476.5 16149.7 15037.4 14056.6 12982.9 12350 13176.8 14187.2 15259.7 16253.7 17918.8 19485.4 17698.2 17567.2 17192.7 17941.5 25865.2 27236.2 29549 31312.9 -9999 -9999 -9999 -9999 -9999 -9999 -9999 21921.4 19830 17443.2 15537.7 14451.2 13377.5 12396.7 11543.4 12176.3 13249.9 14257.3 15368.6 17001.9 19512.2 21880.2 24531.9 26912.8 29496.2 31928.2 33969.4 32509.2 29917.2 27549.2 24893.2 22525.2 19933.2 17501.2 14967.7 13054.9 11850.7 10869.5 9814.06 9926.72 10977.2 11985.5 13236.1
-9999 -9999 -9999 -9999 -9999 37402 36005.6 34157.5 32924.4 30829.2 28453.2 25903.6 23308.5 20969.4 19571.7 18726.6 17629.4 16648.6 15574.9 14942 15768.8 16776.3 17849.8 18830.6 20079.5 21665 -9999 20966.3 20288.9 20201.4 23683.3 25608.6 28804.9 30925.5 32517.5 -9999 -9999 -9999 -9999 -9999 25745.8 23499.4 20940.5 19182.4 18050.5 17043.2 15969.5 14988.7 14135.4 14768.3 15841.9 16849.3 17909.7 18942.3 20667.5 22953.9 25616.3 28005.7 30569.9 33001.9 35043.1 33582.9 30990.9 28622.9 25966.9 23598.9 21006.9 18598.9 16621 15516 14442.3 13461.5 12406.1 12518.7 13569.2 14576.5 15637.6
-9999 -9999 -9999 -9999 -9999 -9999 36400.6 36070.2 35933.3 34508.4 28952.7 27624.7 23725 21315.6 21473.7 21149.5 20061.4 19080.6 18006.9 17372.7 18182 19207.5 20256.7 21261.6 22414.7 23601.2 -9999 23555 22661.6 22403.6 24572.1 26380.1 28709.6 29864.8 -9999 -9999 -9999 -9999 -9999 29163 26869.7 24518.4 22621.8 21543.3 20482.5 19475.2 18401.5 17420.7 16567.4 17200.3 18273.9 19281.3 20341.7 21349.1 22473.6 24051.5 26617.3 28985.3 31577.3 34009.3 36050.4 34590.2 31998.2 29630.2 26974.2 24606.2 22038.3 20144.5 18955.6 17947.9 16874.3 15893.5 14838.1 14950.7 16001.2 17008.5 18068.9
-9999 -9999 -9999 -9999 -9999 -9999 -9999 37117.6 37549.8 37886.4 -9999 28884.5 -9999 -9999 23701.3 23273 22470.6 21186.4 20425.4 19455.7 19930.1 21515.1 23050.9 23881.4 24989.3 25426.1 27401.9 26294.7 25179.8 24720 25815.4 27563.2 28736.2 -9999 -9999 -9999 -9999 -9999 -9999 29395.8 27849.5 26260.7 25110.3 24102.9 23042.5 22035.2 20961.5 19980.7 19127.4 19760.3 20833.9 21841.3 22901.7 23909.1 24982.7 25986.6 27753.2 30046.1 32637.7 35069.7 37110.8 35650.6 33058.6 30690.6 28034.6 25693.2 23680.8 22576 21515.3 20507.9 19434.3 18453.5 17398.1 17510.7 18561.2 19568.5 20628.9
-9999 -9999 -9999 -9999 -9999 -9999 -9999 -9999 -9999 -9999 -9999 -9999 -9999 -9999 -9999 -9999 23512.3 21642.6 21538.9 -9999 -9999 23273 25208.8 25896.2 27789.4 28085.4 27748.9 27190.3 26201.6 25755.1 -9999 -9999 -9999 -9999 -9999 -9999 -9999 -9999 -9999 -9999 29675.6 28616.7 27542.3 26534.9 25474.5 24467.2 23393.5 22412.7 21559.4 22192.3 23265.9 24273.3 25333.7 26341.1 27414.7 28395.6 29541.9 31141 33645 36077 38118.2 36658 34066 31698 29067.7 27219.7 26015.1 25007.7 23947.3 22939.9 21866.3 20885.5 19830.1 19942.7 20993.2 22000.5 23060.9
