public/models/data/input/map/ntb/2500/mapdroad.asc
NCOLS 156
NROWS 110
XLLCORNER 370313.940441
YLLCORNER 9268024.452423
CELLSIZE 2500.000000
NODATA_VALUE       -9999
[rows 68 to 101 of 110, columns 76 to 151 of 156]
8505.18 6073.82 3906.65 2845.44 1719.98 792.365 76.7726 231.344 117.281 118.16 150.731 256.731 449.707 1146.09 3598.31 5888.57 7637.6 8750.55 9559.89 11313.8 14544.8 16550.4 19176.6 21554.4 24107 26047.4 26420.2 -9999 -9999 -9999 -9999 -9999 -9999 -9999 -9999 -9999 -9999 -9999 -9999 -9999 -9999 -9999 -9999 -9999 -9999 -9999 -9999 -9999 -9999 -9999 -9999 -9999 -9999 -9999 -9999 -9999 -9999 -9999 -9999 -9999 -9999 -9999 -9999 -9999 -9999 -9999 -9999 -9999 -9999 -9999 -9999 -9999 -9999 -9999 -9999 -9999
7948.48 5516.48 2998.79 1401.93 369.577 78.7217 160.924 158.356 371.155 676.836 221.739 592.829 1326.03 2340.21 4260 6107.69 7999.99 10034.4 10818 -9999 16266.2 18168.9 20162.1 22563.1 24622.8 24530.4 23439.4 22620.3 -9999 -9999 -9999 -9999 -9999 -9999 -9999 -9999 -9999 -9999 -9999 -9999 -9999 -9999 -9999 -9999 -9999 -9999 -9999 -9999 -9999 -9999 -9999 -9999 -9999 -9999 -9999 -9999 -9999 -9999 -9999 -9999 -9999 -9999 -9999 -9999 -9999 -9999 -9999 -9999 -9999 -9999 -9999 -9999 -9999 -9999 -9999 -9999
7636.99 5204.99 2666.94 849.629 25.337 -9999 265.011 167.571 193.801 324.389 363.904 838.038 1090.09 2337.61 2936.97 4427.88 6725.11 8801.93 10602.8 -9999 16743.4 18837 21167.4 23204.3 23060.3 21962.8 20902.3 19965.8 -9999 -9999 -9999 -9999 -9999 -9999 -9999 -9999 -9999 -9999 -9999 -9999 1631.64 1197.8 1562.91 -9999 -9999 -9999 -9999 -9999 -9999 -9999 -9999 -9999 -9999 -9999 -9999 -9999 -9999 -9999 -9999 -9999 -9999 -9999 -9999 -9999 -9999 -9999 -9999 -9999 -9999 -9999 -9999 -9999 -9999 -9999 -9999 -9999
8563.31 6157.23 4224.35 2924.6 -9999 -9999 261.516 249.14 231.977 344.336 301.242 480.729 1269.63 754.193 1129.99 3206.34 5546.42 7787.8 8514.15 -9999 16101.1 17930.9 20440.2 21809 21098.9 19686.7 18519.7 17389.1 -9999 -9999 -9999 -9999 -9999 -9999 -9999 -9999 -9999 -9999 -9999 987.804 1321.6 835.975 979.03 1010.36 -9999 -9999 -9999 -9999 -9999 -9999 -9999 -9999 -9999 -9999 -9999 -9999 -9999 -9999 -9999 -9999 -9999 -9999 -9999 -9999 -9999 -9999 -9999 -9999 -9999 -9999 -9999 -9999 -9999 -9999 -9999 -9999
9722.07 7954.14 6365.93 -9999 -9999 -9999 -9999 -9999 448.228 194.816 329.931 804.364 412.538 268.284 513.583 2119.09 4635.69 7067.34 8949.59 -9999 14893.7 16753.4 18613.5 19231.1 18593 17476.9 15975.6 14884.8 13680.1 12788.8 -9999 -9999 -9999 -9999 -9999 -9999 -9999 145.118 253.667 320.51 1055.37 646.929 353 310.654 143.454 271.74 129.73 70.2374 96.2377 -9999 -9999 -9999 -9999 -9999 16.6667 56.0396 92.5381 62.6184 50.5026 305.618 -9999 -9999 -9999 -9999 -9999 -9999 -9999 -9999 -9999 -9999 -9999 -9999 -9999 -9999 -9999 -9999
11353.8 10308.8 -9999 -9999 -9999 -9999 -9999 -9999 481.711 187.163 659.817 1382.99 376.659 342.639 1134.31 2929.81 5181.6 7382.35 9723.62 11531.7 13634.1 15149.1 16344.3 16864.2 16225.6 15297.1 14301.1 12629.8 11414.6 10371.1 -9999 -9999 -9999 -9999 -9999 -9999 61.5802 94.5379 230.988 345.207 402.475 412.032 693.467 741.99 700.106 1018.21 594.631 281.193 240.937 380.774 -9999 -9999 -9999 153.814 101.827 552.589 261.309 263.1 549.935 537.62 569.964 361.554 689.885 114.866 25 -9999 -9999 -9999 -9999 -9999 -9999 -9999 -9999 -9999 -9999 -9999
13874.2 13171 -9999 -9999 -9999 -9999 -9999 -9999 -9999 296.129 427.564 483.814 1248.63 869.306 2280.66 3381.53 4556.38 6462.2 8509.82 9888.16 11620.4 12725.2 13917.4 14279 13633.6 12715.7 12657.8 10908.5 8921.9 7842.26 6646.26 4686.4 4686.4 -9999 -9999 -9999 244.15 198.042 350.908 613.118 1241.63 1739.85 2770.14 2997.35 2807.24 1616.04 487.789 412.279 469.663 219.817 120.711 -9999 83.4181 179.521 210.937 309.135 231.707 608.586 762.783 387.516 262.555 264.519 442.492 334.795 572.504 -9999 -9999 -9999 -9999 -9999 -9999 -9999 -9999 -9999 -9999 -9999
16215.2 14605.4 -9999 -9999 -9999 -9999 -9999 -9999 -9999 -9999 477.304 415.292 639.183 837.631 1992.98 1425.32 3034.99 4972.25 6502.91 8050.63 9324.85 10638.8 11579 11847.6 11201.6 10283.7 10635.9 9822.38 7275.48 5528.81 4259.84 3564.08 3786.02 -9999 2983.74 2487.33 578.188 695.206 1113.06 2379.88 3109.51 3527.83 4280.96 3308.42 2378.65 2343.74 1426.97 776.285 555.809 613.698 78.7905 116.569 173.76 287.607 177.352 435.537 592.808 1455.99 547.729 492.115 270.462 535.41 443.616 368.828 976.701 -9999 -9999 -9999 -9999 -9999 -9999 -9999 -9999 -9999 -9999 -9999
18494.3 -9999 -9999 -9999 -9999 -9999 -9999 -9999 -9999 -9999 -9999 1491.17 638.205 564.479 596.883 422.065 1575.26 2863.11 4540.36 5655.92 7273.2 8492.9 9020.04 9287.62 8641.63 7723.74 8175.53 8426.97 6161.37 3832.43 1903.63 1280.78 1032.8 468.357 1139.75 1570.38 1111.9 2146.84 3175.91 4267.1 3835.55 2369.04 2849.24 2216.27 550.316 820.595 611.308 276.07 428.284 532.44 112.276 89.0782 433.605 293.321 162.243 306.398 854.819 1669.21 549.191 554.524 380.408 1919.54 1829.07 434.945 -9999 -9999 -9999 -9999 -9999 -9999 -9999 -9999 -9999 -9999 -9999 -9999
-9999 -9999 -9999 -9999 -9999 -9999 -9999 -9999 -9999 -9999 -9999 -9999 349.509 518.992 465.839 272.847 304.256 1145.42 2276.57 3682.14 5614.84 6273.3 6588.05 6867.48 6216.51 5291.74 5747.99 6755.04 5730.2 3364.12 982.484 512.63 473.359 167.213 144.751 418.501 1844.82 3566.53 5132.56 4694.35 2934.43 880.697 1964.56 2228.29 333.339 246.608 184.046 136.24 255.075 303.981 143.698 228.953 788.393 859.31 197.915 282.154 432.036 1846.82 1831.71 1003.01 383.409 1770.37 2569.52 585.732 98.2113 -9999 -9999 -9999 -9999 -9999 -9999 -9999 -9999 -9999 -9999 -9999
277.56 662.327 -9999 -9999 -9999 -9999 -9999 -9999 -9999 -9999 -9999 -9999 -9999 -9999 688.953 236.307 269.997 259.733 545.002 2012.86 3896.31 3730.14 3996.27 4318.57 3827.95 2715.58 3346.87 5220.69 6320.3 4298.01 2557.01 2344.5 1152.38 282.884 243.767 239.557 1406.42 3715.61 4722.35 3092.54 1366.92 600.743 1064.23 1473.92 637.646 543.321 207.598 191.791 218.055 265.58 185.629 258.819 692.939 621.137 176.619 126.318 370.663 1781.26 2603.44 886.245 1143.44 2568.99 3220.23 1518.97 343.95 122.192 -9999 -9999 -9999 -9999 -9999 -9999 -9999 -9999 -9999 -9999
383.423 628.307 171.291 330.088 -9999 -9999 -9999 -9999 -9999 -9999 -9999 -9999 -9999 -9999 -9999 275.89 606.173 902.537 265.394 1179.59 1892.61 1370.83 1663.36 1953.22 1895.19 797.127 1888.21 4107.81 5723.23 4728.54 3427.33 1990.17 761.81 208.384 250.909 312.035 1777.23 3865.42 3106.03 1487.12 309.707 261.381 162.313 331.3 455.646 337.951 154.258 262.576 485.299 340.641 208.39 102.691 231.338 209.712 285.589 191.792 223.787 764.417 1909.64 518.798 1018.61 3059.46 2673.79 1425.05 455.155 650.961 2127.4 -9999 -9999 -9999 -9999 -9999 -9999 -9999 -9999 -9999
308.15 321.737 330.593 280.024 -9999 -9999 -9999 -9999 -9999 -9999 -9999 -9999 -9999 -9999 -9999 -9999 -9999 -9999 607.211 474.887 497.006 593.552 325.333 432.959 597.405 463.768 1338.3 2313.19 3993.16 3506.82 1442.65 864.638 309.554 157.468 192.133 447.59 2357.35 3444.88 1587.19 225.849 174.467 181.248 145.225 522.68 760.124 154.962 200.568 323.349 709.966 474.47 243.274 37.8909 82.582 197.253 120.863 134.11 153.569 718.548 2122.4 1676.76 1761.48 3100.93 1866.24 942.021 407.609 656.162 1405.24 -9999 -9999 -9999 -9999 -9999 -9999 -9999 -9999 -9999
366.468 237.912 614.794 1436.88 -9999 -9999 -9999 -9999 -9999 -9999 -9999 -9999 -9999 -9999 -9999 -9999 -9999 -9999 1172.94 529.016 721.956 -9999 -9999 1958.64 1887.75 450.326 417.581 792.109 2783.13 3205.96 1554.26 388.57 87.6778 88.3807 117.688 228.06 1756.7 2619.34 807.568 139.163 181.345 129.803 164.384 266.526 431.435 246.828 268.646 258.238 699.95 413.543 53.6324 89.8201 105.641 124.041 113.156 148.076 241.327 454.175 1251.61 2308.23 3373.38 3438.55 1556.74 1568.72 1304.19 383.661 933.286 -9999 -9999 -9999 -9999 -9999 -9999 -9999 -9999 -9999
302.922 362.282 1142.73 2013.24 -9999 -9999 -9999 -9999 -9999 -9999 -9999 -9999 -9999 -9999 -9999 -9999 -9999 -9999 -9999 -9999 -9999 -9999 -9999 -9999 2616.54 731.968 168.905 297.781 1073.03 1634.2 1596.86 425.052 81.1304 125.704 254.269 934.065 2031.72 2250.49 440.286 175.693 121.053 180.855 796.594 277.494 208.308 199.766 294.264 210.71 286.139 108.927 89.9517 112.987 157.581 135.986 156.208 133.575 205.092 236.914 386.139 889.289 1693.6 2665.35 1112.47 462.707 1286.31 466.895 573.418 -9999 -9999 -9999 -9999 -9999 -9999 -9999 -9999 -9999
298.518 843.297 461.546 655.951 -9999 -9999 -9999 -9999 -9999 -9999 -9999 -9999 -9999 -9999 -9999 -9999 -9999 -9999 -9999 -9999 -9999 -9999 -9999 -9999 -9999 79.1667 119.067 136.938 291.911 445.478 540.724 131.33 176.299 126.462 180.607 837.232 1691.57 1178.49 240.779 170.534 157.267 316.525 804.797 235.081 363.722 304.991 241.785 483.584 342.161 214.225 238.078 290.612 150.782 197.238 341.088 406.627 260.085 128.164 112.018 451.388 483.204 1764.88 1723.97 425.143 218.537 334.981 836.071 -9999 -9999 -9999 -9999 -9999 -9999 -9999 -9999 -9999
499.985 905.626 487.564 751.359 319.232 531.106 1520.62 2182.99 2319.25 -9999 -9999 -9999 -9999 -9999 -9999 -9999 -9999 -9999 -9999 -9999 -9999 -9999 -9999 -9999 -9999 -9999 -9999 231.272 1082.33 570.837 195.983 325.346 362.08 787.725 613.411 336.443 309.723 245.937 150.11 157.337 181.071 598.165 1335.77 280.184 690.046 1353.63 624.317 336.294 251.233 388.14 312.532 459.312 338.532 282.331 252.815 269.275 275.053 164.023 457.203 623.451 356.136 461.397 632.524 358.067 595.918 629.498 -9999 -9999 -9999 -9999 -9999 -9999 -9999 -9999 -9999 -9999
337.258 196.52 489.894 328.696 203.165 438.98 976.484 1272.9 1849.13 -9999 -9999 -9999 -9999 -9999 -9999 -9999 -9999 -9999 -9999 -9999 -9999 -9999 -9999 -9999 -9999 -9999 -9999 -9999 2622.33 1313.55 124.146 451.315 513.626 2077.32 2086.81 524.859 334.265 700.386 611.145 383.753 186.198 309.238 1277.08 417.153 433.355 909.78 1128.43 300.241 192.938 197.952 388.287 431.173 360.091 177.679 84.9452 77.2616 101.588 85.4085 351.767 352.915 107.957 118.215 148.148 201.639 464.84 401.991 -9999 -9999 -9999 -9999 -9999 -9999 -9999 -9999 -9999 -9999
274.921 299.896 196.081 226.529 373.377 522.146 843.767 526.942 905.117 1635 -9999 -9999 -9999 -9999 -9999 -9999 -9999 -9999 -9999 -9999 -9999 -9999 -9999 -9999 -9999 -9999 -9999 -9999 -9999 -9999 1424.45 823.123 469.987 2215.71 2664.33 819.264 313.717 1173.44 421.387 450.169 394.934 306.17 1248.37 385.38 795.173 279.758 379.573 249.999 196.105 253.046 200.296 616.484 1185.82 250.458 144.098 123.281 177.991 341.208 339.692 366.949 326.88 253.358 228.828 699.787 373.816 675.008 -9999 -9999 3922.14 2931.55 2709.18 1508.93 1967.11 -9999 -9999 -9999
286.838 251.719 155.353 187.739 235.869 565.177 761.635 525.763 539.191 915.873 -9999 -9999 -9999 -9999 -9999 -9999 -9999 2748.82 1311.24 1094.83 -9999 -9999 -9999 -9999 -9999 -9999 -9999 -9999 -9999 -9999 -9999 200 304.483 1581.37 2208.3 719.201 194.2 689.102 510.359 239.065 230.311 256.024 1544.14 1279.55 1253.61 699.549 1161.02 606.978 287.943 409.441 297.151 430.566 733.277 269.676 336.835 438.836 1197.24 1762.14 1758.17 1327.33 703.055 516.605 551.298 442.031 324.693 519.19 -9999 -9999 3971.67 2784.47 2031.01 806.135 2069.69 -9999 -9999 -9999
255.313 225.192 193.204 191.803 240.134 209.286 424.151 371.508 266.312 1903.69 3378.26 -9999 -9999 -9999 -9999 -9999 -9999 2113.91 1314.1 466.753 1072.97 -9999 -9999 33.3333 227.889 276.22 313.736 36.9873 613.104 435.432 1728.48 2141.36 399.934 274.357 498.915 325.583 605.72 1446.94 396.605 158.058 214.342 300.921 1384.84 3163.88 3593.19 2746.35 2570.59 1638.99 1664.6 688.856 307.341 400.989 231.779 262.338 847.097 1887.13 1766.55 2385.93 3119.99 1765.49 1062.2 479.722 1075.36 528.376 329.881 213.978 39.0369 296.74 209.03 445.21 490.895 1819.04 -9999 -9999 -9999 -9999
577.417 411.47 547.723 1005.99 393.248 196.883 219.798 354.961 268.93 1217.08 -9999 -9999 -9999 -9999 -9999 -9999 -9999 4827.85 3067.78 766.902 346.501 146.102 173.366 187.861 303.872 273.45 298.44 182.843 114.074 219.566 972.41 508.613 367.431 739.647 637.342 553.512 426.94 1762.27 446.591 206.315 181.82 314.676 1256.8 3299.12 5208.85 4999.14 4391.83 3474.72 2680.26 927.267 430.555 1238.44 632.133 653.547 1036.76 2270.12 754.361 920.494 1689.55 1049.61 603.469 531.226 1021.78 911.068 1147.96 452.047 401.996 276.259 1021.07 2138.1 2130.37 2669.58 1245.83 1125.03 1018.23 -9999
799.461 723.244 2094.86 2022.43 522.626 387.83 138.321 201.619 603.698 666.591 -9999 -9999 -9999 2240.85 2192.18 -9999 -9999 4789.78 2682.92 1202.3 507.957 222.623 270.866 558.104 1569.85 1952.88 2008.94 1623.18 959.524 475.526 817.247 1134.01 1322.82 668.147 1129.44 411.187 596.318 1888.62 390.315 429.58 326.471 680.76 783.009 2341.38 3832.99 4895.75 3636.14 2169.25 1103.31 550.554 910.202 1260.15 1196.24 583.501 369.223 867.412 296.498 752.353 529.069 145.943 427.615 369.872 1884.29 3113.1 2583.15 1348.67 511.004 1293.51 2611.21 4278.45 4662.51 6017.91 1405.15 1063.85 814.583 -9999
1815.01 1567.66 3345.02 3060.24 1069.21 696.148 713.954 222.715 500.187 243.351 211.47 -9999 1779.87 785.203 1304.93 1144.96 1310.66 -9999 2116.78 1114.14 175.902 277.966 696.276 1609.55 3456.37 4373.3 4429.83 3954.76 2613.61 1174.87 595.665 1111.82 1611.42 632.205 750.352 119.551 1118.28 1463.33 262.317 436.164 410.076 1658.17 1373.66 712.401 1829.1 2925.3 1930.16 628.691 636.417 529.335 1070.68 510.553 255.107 471.694 177.481 189.475 296.467 286.307 680.375 775.698 489.983 617.361 2492.01 3775.81 1918.51 1449.15 1102.37 752.603 2434.5 4466.98 6472.42 7735.67 1538.17 1861.25 934.619 -9999
2345.23 3712.19 4110.67 2522.76 881.672 1245.67 1577.83 404.03 340.714 402.699 518.358 608.411 971.121 308.588 450.865 683.502 721.509 958.928 1003.48 518.487 154.13 195.553 233.181 1344.07 3746.86 5659.48 5158.26 3993.78 2149.6 530.018 574.315 347.763 483.196 486.597 1405.77 -9999 -9999 1321.91 330.158 233.627 1447.49 3298.67 2905.41 1658.37 575.015 1431.22 606.19 1318 1222.46 318.158 769.399 496.86 342.388 -9999 -9999 303.607 743.928 369.418 837.873 -9999 -9999 1673.51 3495.9 4124.76 1838.12 867.516 2184.37 1023.4 1434.86 3750.46 6131.97 7894.16 -9999 -9999 -9999 -9999
1610.42 3956.98 3716.76 1498.94 601.313 1025.57 1160.48 254.829 187.605 292.916 430.958 553.613 277.623 282.829 597.437 242.116 343.295 1095.8 780.833 344.722 252.408 282.138 344.486 1626.04 4047.36 5122.58 3244.83 1895.25 808.913 462.904 1108.31 490.366 631.027 250.406 -9999 -9999 -9999 640.624 527.672 451.693 1878.09 4205.1 4008.01 2068.68 583.859 573.928 503.633 1482.64 1100.76 890.405 1631.52 1961.51 -9999 -9999 -9999 -9999 -9999 -9999 -9999 -9999 -9999 3448.84 5119.84 5074.48 2641.26 1599.18 3070.55 2364.63 2502.31 4642.23 5644.39 -9999 -9999 -9999 -9999 -9999
1618.35 3956.14 4481.39 2952.31 2735.51 3288.45 2402.33 835.296 649.198 392.748 483.739 278.478 176.734 205.408 157.268 140.124 284.83 267.935 327.983 256.274 113.716 231.165 1438.16 3325.84 5088.69 4742.97 2192.74 522.511 359.993 680.634 832.006 633.95 1538.74 -9999 -9999 -9999 564.904 414.337 1525.15 2201.24 3075.28 4782.71 3681.15 1378.21 477.993 1562.37 1541.19 1295.54 2482.22 2736.01 4123.97 4874.53 2239.9 608.804 1063.01 385.663 673.2 297.939 381.477 1896.34 4542.44 6845.79 -9999 -9999 -9999 -9999 -9999 -9999 -9999 5479.1 -9999 -9999 -9999 -9999 -9999 -9999
3161.83 4942.38 6156.67 5273.49 5103.24 5311.69 3489.62 2217.17 1710.16 410.167 189.824 227.784 216.887 192.671 199.587 356.71 180.184 182.944 184.572 169.845 105.27 616.993 2650.69 4360.04 5634.35 5158.89 2748.09 1311.68 1829.3 2689.2 2660.03 1631.94 -9999 -9999 -9999 -9999 190.981 1249.37 3145.39 4506.37 5297.73 5823.92 3778.26 1485.47 265.898 1564.37 3264.57 3439.32 4410.76 5055.71 6016.78 5150.56 2543.98 571.259 888.227 679.545 1402.21 1109.46 1529.36 3136.55 5494.49 7826.71 -9999 -9999 -9999 -9999 -9999 -9999 -9999 -9999 -9999 -9999 -9999 -9999 -9999 -9999
5473.66 6767.77 8246.89 7928.06 7617.52 6653.88 4369.54 2726.46 1492.49 313.616 211.38 240.508 247.324 285.981 1273.44 2146.71 1317.16 628.542 416.984 790.448 383.387 989.768 2447.06 2508.48 3721.08 5409.78 4677.22 3847.19 4393.71 4765.14 -9999 -9999 -9999 -9999 -9999 -9999 310.96 1799.39 4166.88 6005.47 7259.25 7042.44 4681.38 2790.1 812.073 1592.14 4105.85 5574.26 6301.19 6664.06 7496.95 7677.39 -9999 433.948 1082.69 886.148 2906.17 3543.02 3948.68 5084.28 6892.69 8819.47 10390.1 -9999 -9999 -9999 -9999 -9999 -9999 -9999 -9999 -9999 -9999 -9999 -9999 -9999
5702.33 7827.83 9669.18 9118.49 7898.99 6133.06 3599.79 1289.56 1302.63 1016.8 222.423 275.927 305.184 571.442 2197.84 4021.17 3436.33 2637 1813.12 1305.41 582.369 958.123 735.342 854.346 2839.63 5245.13 6740.8 6214.66 6464.08 6244.64 -9999 -9999 -9999 -9999 -9999 -9999 201.923 1147.68 2965.81 4499.03 5839.34 6253.42 3970.56 2167.33 643.852 1650.2 4091.41 5631.31 -9999 -9999 -9999 -9999 -9999 -9999 1526.97 1626.94 3802.91 5327.03 6128.67 7163.44 8234.41 9245.27 10390.1 -9999 -9999 -9999 -9999 -9999 -9999 -9999 -9999 -9999 -9999 -9999 -9999 -9999
4536.27 6968.17 8978.03 7753.81 5772.78 4607.05 3372.88 1296.21 1023.32 957.228 446.533 933.918 1405.43 2183.29 3615.25 5508.26 5877.48 4388.15 2013.95 519.619 493.329 331.04 86.477 2657.34 3872.53 6043.4 8133.15 8012.5 7793.68 -9999 -9999 -9999 -9999 -9999 -9999 -9999 79.5037 212.448 1021.88 2199.97 4089.3 5512.95 3505.04 1266.13 248.692 874.226 -9999 -9999 -9999 -9999 -9999 -9999 -9999 -9999 -9999 -9999 -9999 -9999 -9999 -9999 -9999 -9999 -9999 -9999 -9999 -9999 -9999 -9999 -9999 -9999 -9999 -9999 -9999 -9999 -9999 -9999
4309.65 6717.7 7535.44 6313.92 4128.69 2393.03 1681.4 759.822 601.687 561.045 289.155 1095.9 3207.14 4350.91 5675.99 7057.94 7287.62 4998.7 2645.66 1561.58 -9999 -9999 -9999 -9999 4559.36 6478.67 8152.52 -9999 -9999 -9999 -9999 -9999 -9999 -9999 -9999 -9999 -9999 107.81 184.424 1216.8 3742.85 5493.62 4386.94 2337.66 -9999 -9999 -9999 -9999 -9999 -9999 -9999 -9999 -9999 -9999 -9999 -9999 -9999 -9999 -9999 -9999 -9999 -9999 -9999 -9999 -9999 -9999 -9999 -9999 -9999 -9999 -9999 -9999 -9999 -9999 -9999 -9999
5258.32 7215.32 5859.32 4149.59 2648.42 825.65 207.957 237.68 276.312 412.691 590.418 1458.95 4330.52 6399.65 7979.78 9160.11 8569.61 5738.74 3827.78 2727.85 -9999 -9999 -9999 -9999 -9999 -9999 -9999 -9999 -9999 -9999 -9999 -9999 -9999 -9999 -9999 -9999 -9999 -9999 -9999 -9999 -9999 -9999 -9999 -9999 -9999 -9999 -9999 -9999 -9999 -9999 -9999 -9999 -9999 -9999 -9999 -9999 -9999 -9999 -9999 -9999 -9999 -9999 -9999 -9999 -9999 -9999 -9999 -9999 -9999 -9999 -9999 -9999 -9999 -9999 -9999 -9999
6800.56 7169.58 4845.31 2520.87 867.751 316.528 219.116 461.178 287.608 1073.48 1160.7 -9999 5992 7599.36 9977.36 10550.2 9571.33 -9999 -9999 -9999 -9999 -9999 -9999 -9999 -9999 -9999 -9999 -9999 -9999 -9999 -9999 -9999 -9999 -9999 -9999 -9999 -9999 -9999 -9999 -9999 -9999 -9999 -9999 -9999 -9999 -9999 -9999 -9999 -9999 -9999 -9999 -9999 -9999 -9999 -9999 -9999 -9999 -9999 -9999 -9999 -9999 -9999 -9999 -9999 -9999 -9999 -9999 -9999 -9999 -9999 -9999 -9999 -9999 -9999 -9999 -9999
