public/models/data/input/map/ntb/2500/mapdplant.asc
NCOLS 156
NROWS 110
XLLCORNER 370313.940441
YLLCORNER 9268024.452423
CELLSIZE 2500.000000
NODATA_VALUE       -9999
[rows 68 to 101 of 110, columns 77 to 153 of 156]
-9999 -9999 -9999 -9999 -9999 63527.6 63005.8 60786.5 58354.5 55762.5 53394.6 50983.7 49680.8 48595 47587.6 46529.7 46060.2 50749.5 53178 47200.9 44025.9 40339.9 38995.4 37908.5 36901.2 36352.4 -9999 -9999 -9999 -9999 -9999 -9999 -9999 -9999 -9999 -9999 -9999 -9999 -9999 -9999 -9999 -9999 -9999 -9999 -9999 -9999 -9999 -9999 -9999 -9999 -9999 -9999 -9999 -9999 -9999 -9999 -9999 -9999 -9999 -9999 -9999 -9999 -9999 -9999 -9999 -9999 -9999 -9999 -9999 -9999 -9999 -9999 -9999 -9999 -9999 -9999 -9999
-9999 -9999 -9999 -9999 -9999 63178.4 62250.8 59779.1 57347.1 54755.1 52387.1 49734.1 47594.2 46164.8 45155.6 44097.7 43613.3 43921.5 -9999 46432.5 40034.3 37546.2 36536.8 35476.5 34469.2 33355.8 32536.8 -9999 -9999 -9999 -9999 -9999 -9999 -9999 -9999 -9999 -9999 -9999 -9999 -9999 -9999 -9999 -9999 -9999 -9999 -9999 -9999 -9999 -9999 -9999 -9999 -9999 -9999 -9999 -9999 -9999 -9999 -9999 -9999 -9999 -9999 -9999 -9999 -9999 -9999 -9999 -9999 -9999 -9999 -9999 -9999 -9999 -9999 -9999 -9999 -9999 -9999
-9999 -9999 -9999 -9999 -9999 63185 61263 58705.5 56273.5 53681.5 51313.5 48657.5 46290.5 43928.6 42575.8 41505.5 41070.6 42799.2 -9999 35966.1 36000.8 35007.2 33944.9 32884.5 31877.2 30819.6 29893.6 -9999 -9999 -9999 -9999 -9999 -9999 -9999 -9999 -9999 -9999 -9999 -9999 42674.6 45468.6 45833.8 -9999 -9999 -9999 -9999 -9999 -9999 -9999 -9999 -9999 -9999 -9999 -9999 -9999 -9999 -9999 -9999 -9999 -9999 -9999 -9999 -9999 -9999 -9999 -9999 -9999 -9999 -9999 -9999 -9999 -9999 -9999 -9999 -9999 -9999 -9999
-9999 -9999 -9999 -9999 -9999 62917.6 60218.9 57724.5 55292.6 52700.6 50332.6 47676.6 45308.6 42719.5 40529.8 39137.7 38408.8 36720.7 -9999 34654.6 33675.6 32584.2 31576.9 30516.5 29509.2 28446.1 27771.7 -9999 -9999 -9999 -9999 -9999 -9999 -9999 -9999 -9999 -9999 -9999 40396.4 42357.1 44687.3 46432.9 47584.1 -9999 -9999 -9999 -9999 -9999 -9999 -9999 -9999 -9999 -9999 -9999 -9999 -9999 -9999 -9999 -9999 -9999 -9999 -9999 -9999 -9999 -9999 -9999 -9999 -9999 -9999 -9999 -9999 -9999 -9999 -9999 -9999 -9999 -9999
-9999 -9999 -9999 -9999 -9999 -9999 -9999 56434.2 54184.4 51600.4 49232.4 46576.4 44208.4 41616.4 39184.5 36844.3 35480.9 34705 -9999 31570.1 31001.7 29928.3 28920.9 27860.5 26853.2 25792 25386.7 26120.5 26500.6 -9999 -9999 -9999 -9999 -9999 -9999 -9999 35475.3 36613.7 38812.8 41133.9 43565 46156.5 48518.2 51128.3 52637 51525.2 50289.6 49683.4 -9999 -9999 -9999 -9999 -9999 20527 21671.2 22473.2 22946.1 24125.6 24987.5 -9999 -9999 -9999 -9999 -9999 -9999 -9999 -9999 -9999 -9999 -9999 -9999 -9999 -9999 -9999 -9999 -9999 -9999
-9999 -9999 -9999 -9999 -9999 -9999 -9999 54961.3 52893.5 50612.2 48251.6 45595.6 43227.6 40635.6 38203.6 35648.6 33451.2 32206.6 30229.2 29596.9 28633.9 27560.3 26552.9 25492.5 24485.2 23424 23018.9 23939 24689.5 -9999 -9999 -9999 -9999 -9999 -9999 32825.4 33817 35406.2 37599.4 40152.1 42584.1 45176.1 47544.1 50102.2 50616.3 49594.9 48656.6 49004.1 48840.6 -9999 -9999 -9999 16854.7 18849.4 20183.1 21275.1 22173.4 23279.5 24238.2 25354.8 27307.8 29498.4 31910 32965.9 -9999 -9999 -9999 -9999 -9999 -9999 -9999 -9999 -9999 -9999 -9999 -9999 -9999
-9999 -9999 -9999 -9999 -9999 -9999 -9999 -9999 51238.6 49468.7 47172.7 44521.9 42153.9 39561.9 37129.9 34569.9 32138 29699.5 28152.5 27022.7 26041.9 24968.3 23960.9 22900.5 21893.2 20832 20426.9 21347 22290.8 22301 23277 23277 -9999 -9999 -9999 30030.2 31815.7 34087 36518.5 39078.5 41510.5 44102.5 46470.5 48562.6 48080 47006.8 46175 46773.8 47189.1 46487.5 -9999 14012.4 15451.2 16651.2 17659.1 18719.5 19726.8 20813.9 22005 24199.6 26557.7 29148.2 31529 32784.8 -9999 -9999 -9999 -9999 -9999 -9999 -9999 -9999 -9999 -9999 -9999 -9999 -9999
-9999 -9999 -9999 -9999 -9999 -9999 -9999 -9999 -9999 47672.9 45945.1 43514.5 41146.5 38554.5 36122.5 33562.5 31130.5 28541.7 26307.1 24615 23609.9 22536.3 21528.9 20468.5 19461.2 18400 17994.9 18915 19895.2 20754.2 21749.2 22376.7 -9999 24722.8 25614 28177.6 30489.2 33079.1 35511.1 38071.1 40503.1 43095.1 45459.7 46574.3 45648.4 44574.8 43743 44421.3 45373.8 45615.7 12472.3 12556.4 13147.2 14219.7 15227.1 16287.5 17303.7 18617.6 20553.8 23182.3 25550.3 28142.3 30358.4 32556 -9999 -9999 -9999 -9999 -9999 -9999 -9999 -9999 -9999 -9999 -9999 -9999 -9999
-9999 -9999 -9999 -9999 -9999 -9999 -9999 -9999 -9999 -9999 44421.4 42455.5 40067.9 37494.1 35062.1 32502.1 30070.1 27478.1 25110.2 22608.7 21098.3 19976.3 18968.9 17908.5 16901.2 15840 15434.9 16355 17335.8 18409.5 19405.6 20179.2 20675.5 22613.9 24446.4 27058.7 29426.7 32018.7 34450.7 37010.7 39442.7 42034.7 44190.9 44069.3 43088.4 42014.8 41182.9 42031.7 42867.4 40700 10490 10258.8 10595.7 11659.7 12667.1 13741.4 14971.7 17113.1 19465.9 22121.9 24489.9 27081.9 29262.8 -9999 -9999 -9999 -9999 -9999 -9999 -9999 -9999 -9999 -9999 -9999 -9999 -9999 -9999
-9999 -9999 -9999 -9999 -9999 -9999 -9999 -9999 -9999 -9999 -9999 40332.7 38612.8 36473.9 34054.9 31494.8 29062.8 26470.8 24102.8 21448.8 19222.7 17570.6 16536.9 15476.5 14469.2 13408 13002.9 13926 14905.9 15977.5 16984.8 18049.3 19136.5 21064.8 23395.3 26051.3 28419.3 31011.3 33443.3 36003.3 38435.3 41017.7 42461.1 41637.3 40656.4 39582.8 38751 39361.7 40369.8 32541.7 8718.76 7827.21 8163.68 9227.75 10244 11532.3 13520.6 16090.5 18458.5 21114.5 23482.5 26074.5 28293.9 28109.9 -9999 -9999 -9999 -9999 -9999 -9999 -9999 -9999 -9999 -9999 -9999 -9999 -9999
16957.7 -9999 -9999 -9999 -9999 -9999 -9999 -9999 -9999 -9999 -9999 -9999 -9999 35827.4 32796.5 30416.2 27989.1 25397.1 23029.1 20373.1 18005.8 15557.1 13993.3 12884.5 11877.2 10816 10410.9 11440.8 12348.8 13385.6 14397.1 15573.8 17399.2 19953.6 22321.6 24977.6 27345.6 29937.6 32369.6 34929.6 37361.6 39792.3 40120.6 39045.3 38064.4 36990.8 36159 36770.4 37777.5 26243.5 6229.15 5235.21 5571.68 6649.17 7892.18 10008.1 12424.9 15016.9 17384.9 20040.9 22408.9 25000.5 26738.6 26429 25883.6 -9999 -9999 -9999 -9999 -9999 -9999 -9999 -9999 -9999 -9999 -9999 -9999
21499.3 24262.5 24129.1 -9999 -9999 -9999 -9999 -9999 -9999 -9999 -9999 -9999 -9999 -9999 31980.3 29315.8 26960.1 24414.7 22048.3 19392.3 17024.3 14434.3 12154.8 10540.8 9509.17 8447.96 8042.95 8970.97 9949.9 11021.3 12104.6 13992.2 16380.8 18972.8 21340.8 23996.8 26364.8 28956.8 31388.8 33948.8 36380.8 38352.2 37778.1 36677.3 35696.4 34622.8 33791 34402.4 35409.8 22236.5 4300.93 2869.08 3211.6 4491.36 6479.54 9012.05 11444 14036 16404 19060 21428 23974.7 24719 24274.9 24435.4 24409.4 -9999 -9999 -9999 -9999 -9999 -9999 -9999 -9999 -9999 -9999 -9999
19758.5 22604.4 22515.8 -9999 -9999 -9999 -9999 -9999 -9999 -9999 -9999 -9999 -9999 -9999 -9999 -9999 -9999 23407 21593.8 19028.6 16397.8 14151 10573.6 8468.29 6897.45 5791.96 5386.95 6307.08 7291.98 8477.21 10323.1 12848.6 15280.6 17872.6 20240.6 22896.6 25264.6 27856.6 30288.6 32848.6 35280.6 36937.4 35392.1 34022 33040.4 31966.8 31135 31746.4 32755.3 33468 2895.04 932.919 958.795 2980.74 5402.85 7962.85 10394.8 12986.8 15354.8 18010.8 20378.5 22501.3 22137.4 21636.9 22555.1 23263.4 -9999 -9999 -9999 -9999 -9999 -9999 -9999 -9999 -9999 -9999 -9999
17688.2 19584 20823.7 -9999 -9999 -9999 -9999 -9999 -9999 -9999 -9999 -9999 -9999 -9999 -9999 -9999 -9999 22950.7 21848.4 19749.3 -9999 -9999 8651.99 7379.65 5154.53 3452.25 3018.95 3943.96 5006.53 6918.08 9307.9 11867.8 14299.8 16891.8 19259.8 21915.8 24283.8 26875.8 29307.8 31867.8 34299.8 35951.2 34120.1 31853.3 30675.1 29598.8 28767 29379.1 30460.2 20816.7 3702.44 2073.68 1579.92 3165.71 5547.9 8107.83 10539.8 13131.8 15499.8 18155.5 20305.5 20718.2 19771.8 19269.8 20184.6 21168 -9999 -9999 -9999 -9999 -9999 -9999 -9999 -9999 -9999 -9999 -9999
14835.5 17537.9 19575.3 -9999 -9999 -9999 -9999 -9999 -9999 -9999 -9999 -9999 -9999 -9999 -9999 -9999 -9999 -9999 -9999 -9999 -9999 -9999 -9999 7417.76 4154.67 1373.6 660.638 1540.79 3258.24 5807.96 8239.96 10800 13232 15824 18192 20848 23216 25808 28240 30800 33232 34880.1 33041.2 30391.1 28341.3 27007.5 26175 26775.3 27920.7 6786.32 5699.88 4622.85 4086.49 4980.31 6674.25 9161.17 11593.2 14185.2 16553.2 18914.3 19188.7 18187.2 17179.8 16677.8 17603.5 18435.2 -9999 -9999 -9999 -9999 -9999 -9999 -9999 -9999 -9999 -9999 -9999
15364.1 17905 20117.9 -9999 -9999 -9999 -9999 -9999 -9999 -9999 -9999 -9999 -9999 -9999 -9999 -9999 -9999 -9999 -9999 -9999 -9999 -9999 -9999 -9999 2067.99 392.296 50.6047 757.514 2917.55 5507.85 7939.85 10499.8 12931.8 15523.8 17891.8 20547.8 22915.8 25507.8 27939.8 30499.8 32931.8 34103.5 32033.8 29377.8 27017.1 24790.6 23745.7 24500.4 19071.3 9420.81 8146.3 7054.85 6518.49 7362.74 8426.16 10223.4 12600.5 15192.5 17519.8 17856.9 16829.2 15755.2 14747.8 14290.5 15813.6 17015.6 -9999 -9999 -9999 -9999 -9999 -9999 -9999 -9999 -9999 -9999 -9999
17162.4 19014.6 21263.8 29324.1 29014.6 33019 35281.8 36167.3 -9999 -9999 -9999 -9999 -9999 -9999 -9999 -9999 -9999 -9999 -9999 -9999 -9999 -9999 -9999 -9999 -9999 -9999 187.956 2211.31 3915.08 6438.7 8859.46 11419.4 13851.4 16443.4 18811.4 21467.3 23835.4 26427.4 28859.4 31419.4 33751.6 33316.2 30973.4 28317.4 25949.4 23362.7 21397.4 21695.6 13383.9 11730 10704.9 9614.85 9078.49 9922.69 10930.1 12046.5 13734 16246.7 18013.9 16298.8 14420.6 13195.5 12187.8 11739.9 13728.5 -9999 -9999 -9999 -9999 -9999 -9999 -9999 -9999 -9999 -9999 -9999 -9999
19544 20693.5 22236.4 27403.6 29098.9 32272.2 34401.5 35969.4 -9999 -9999 -9999 -9999 -9999 -9999 -9999 -9999 -9999 -9999 -9999 -9999 -9999 -9999 -9999 -9999 -9999 -9999 -9999 4231.21 4576.73 7788.98 9907.4 12426.7 14858.7 17450.7 19818.7 22391.9 24816.7 27435.8 29866.7 32426.7 34282.7 32593.5 30225.5 27569.5 25201.5 22609.5 20179.1 17594.3 15271 13903.2 12921.2 11828.3 11150.9 11732.1 12739.5 13799.9 14856.8 16529.3 17507.9 15268.6 12919.2 10872.1 9756.11 9488.87 11315.6 -9999 -9999 -9999 -9999 -9999 -9999 -9999 -9999 -9999 -9999 -9999 -9999
22136 23209.7 24248.3 26362.5 28692 31298.7 33676.8 36574.6 38339.7 -9999 -9999 -9999 -9999 -9999 -9999 -9999 -9999 -9999 -9999 -9999 -9999 -9999 -9999 -9999 -9999 -9999 -9999 -9999 -9999 10283.7 11640 13594.7 15932.6 18524.4 20892.4 23475.4 25434.5 28898.6 30952.7 33468.9 34213.4 31855.7 29487.7 26831.7 24463.7 21871.7 19439.7 16889.8 14626.5 12870 11822.4 10722 9772.64 9941.63 10949 12011.3 13162.8 15120.9 16350.9 14194.9 11827 9253.59 7315.58 6051.81 4874.14 -9999 -9999 -9999 -9999 -9999 -9999 -9999 -9999 -9999 -9999 -9999 -9999
24504 25577.7 26558.5 27764.3 29566.9 32205.9 34730.8 37111.5 38675.2 -9999 -9999 -9999 -9999 -9999 -9999 -9999 -9999 -9999 -9999 -9999 -9999 -9999 -9999 -9999 -9999 -9999 -9999 -9999 -9999 -9999 13413.7 15360.5 16998.2 19505.2 21872.6 24002.5 24908.4 30752.3 32164.9 34219.2 33454.2 30874.8 28506.8 25850.8 23482.8 20890.8 18458.8 15898.8 13477.1 11095.8 9512.82 8354.02 7404.64 7573.64 8581 9772.95 11574 13974.6 15361.1 13214.1 10846.1 8254.11 5844.96 3843.93 3269.5 -9999 -9999 -9999 -9999 -9999 -9999 -9999 -9999 -9999 -9999 -9999 -9999
27160 28233.7 29214.5 30314.7 31357.1 33276.4 35696.9 38103.7 40523 42001 -9999 -9999 -9999 -9999 -9999 -9999 -9999 -9999 -9999 -9999 -9999 -9999 43179.1 41918.4 39093.5 36707.8 34995.7 -9999 -9999 26252.8 21103.7 18490.8 19034.1 20707 22963.8 26152.6 27863.2 36287.1 35222.5 34514.7 32366.7 29774.7 27406.7 24750.7 22382.7 19790.7 17358.7 14798.7 12366.7 9784.05 7569.2 5756.68 4748.86 4918.36 6074.77 8012.66 10279 12865.5 14376.7 12327.7 9959.69 7367.69 4935.69 2394.2 603.101 0 4071.64 6256.3 8483.18 11070.2 11937.5 -9999 -9999 -9999 -9999 -9999 -9999
29528 30601.7 31582.5 32682.7 33663.7 34837.9 36675.5 39140.6 41058.9 -9999 -9999 -9999 -9999 -9999 -9999 -9999 -9999 -9999 -9999 -9999 47498.9 45579.1 43446.7 41202.9 38703.7 36161.3 33881.3 30718.2 27513.5 25753.8 22522.2 20763.2 21386.6 22506.3 24055.7 26657.6 28786.9 37971.6 36177.6 33815.8 31385.8 28793.8 26425.8 23769.8 21401.8 18809.8 16377.8 13817.8 11385.8 8793.85 6435.19 3990.78 2447.84 2689.76 4501.35 6870.55 9292.69 11884.7 13946.1 12582.5 10214.5 7622.55 5190.55 2635.14 685.456 833.527 3111.07 5686.87 8051.78 10594.8 12057.7 -9999 -9999 -9999 -9999 -9999 -9999
32120 33250.6 34203.1 35274.7 36255.6 37329.2 38407.9 40296.7 41794.4 -9999 -9999 -9999 62427 62492.6 -9999 -9999 -9999 -9999 -9999 50051.6 48277 45875.5 43443.5 40883.5 38451.5 35859.5 33491.5 30838.8 28440.8 25906.8 24224.3 23345.7 23978.6 25051.5 25912.4 27720.9 29552.7 37281.1 35392.5 32839.1 30407.1 27815.1 25447.1 22791.1 20423.1 17831.1 15399.1 12839.1 10407.1 7815.06 5447.06 2801.21 762.548 1091.79 3294.98 5846.7 8278.7 10848.2 13253.5 13384.2 11063.8 8471.85 6041.82 3759.72 2638.83 2812.56 4073.89 6512.2 8880.11 11435.3 13427.8 -9999 -9999 -9999 -9999 -9999 -9999
34556.5 35689.3 36646.8 37706.7 38687.6 39761.2 40768.7 41920.4 43993.8 45627.7 -9999 -9999 60814.7 62107.9 63937.1 67178.1 -9999 -9999 54169.8 51674.9 49435.4 46845.6 44413.6 41853.6 39421.6 36829.6 34461.6 31805.6 29489.6 27663.7 26604.6 25777.7 26410.6 27299.2 27121.5 28271.3 29137.8 37670.5 35767.5 33209.4 30777.4 28185.4 25817.4 23161.4 20793.4 18201.4 15769.4 13209.4 10777.4 8185.37 5817.37 3353.89 1148.2 1626.15 3535.11 6101.53 8524.04 11007.8 12687.9 13447.5 11993.8 9481.18 7294.84 5899.06 5067.88 5233.41 6147.07 7685.6 9889.16 12455.3 14666.1 -9999 -9999 -9999 -9999 -9999 -9999
37124.8 38185.7 39166.5 40266.7 41247.6 42321.2 43328.6 44389.6 45509.4 47378 52687.6 55752.1 58575.8 60919.1 63654.4 66431.7 67422.4 56854.6 55479.4 52863.5 50498 47906 45474 42914 40482 37890 35522 32943.7 31304.1 30171.8 29164.5 28314.7 28730.5 29238.3 -9999 -9999 40679.1 38987.5 36821.4 34263.5 31831.5 29239.5 26871.5 24215.5 21847.5 19255.5 16823.5 14263.5 11835.1 9223.14 7039.69 5152.59 -9999 -9999 5514.88 7124.47 9365.39 11153.1 -9999 -9999 12220.4 10791.8 9517.59 8448 7593.68 7784.43 8698.78 9785.21 11162.2 13356.7 15211.8 -9999 -9999 -9999 -9999 -9999 -9999
39544 40617.7 41598.5 42698.7 43679.6 44753.2 45760.6 46821 47828.4 49076.5 52271.1 54979.6 57341.7 59933.6 62405.5 64668.2 63688.1 58852.1 56520.9 53873.4 51505.4 48913.4 46481.4 43921.4 41489.4 38897.4 36570.1 34700.8 33677.5 32603.8 31596.5 30625.5 29375.7 -9999 -9999 -9999 41682.8 40252.9 37830.9 35270.9 32838.9 30246.9 27878.9 25222.9 22854.9 20262.9 17830.9 15287.5 13517.9 13389.7 12320.5 -9999 -9999 -9999 -9999 -9999 -9999 -9999 -9999 -9999 11789.8 12513.6 11530.5 10085.1 9012.73 9543.53 10759.4 11898.5 13067.2 13478.6 -9999 -9999 -9999 -9999 -9999 -9999 -9999
42136 43209.7 44190.5 45290.7 46271.6 47345.2 48352.6 49413 50420.4 51498.5 52692.3 54959.1 57321.8 59913.8 62345.8 64268.7 62662.4 59980.1 57603.1 54947.1 52579.1 49987.1 47555.1 44995.1 42563.1 40054.4 38405.9 37250.4 36269.5 35194.9 33990.9 32879.1 -9999 -9999 -9999 46068.4 43963.8 41336.5 38904.5 36344.5 33912.5 31320.5 28952.5 26296.5 23928.5 21336.5 18924.5 16877.2 15977.3 16940.4 18918.4 22926.6 25192.7 27705.2 30147.9 32382.1 35398.3 37746.7 40096.1 41904.1 44000.9 -9999 -9999 -9999 -9999 -9999 -9999 -9999 14140.1 -9999 -9999 -9999 -9999 -9999 -9999 -9999 -9999
44504 45577.7 46558.5 47658.7 48639.6 49713.2 50720.6 51781 52788.4 53862 54843.6 56213.7 58290.6 60877.3 63309.3 65201.3 63543.9 60951.9 58583.9 55927.9 53559.9 50967.9 48535.9 45975.9 43584.6 41754.8 40718.5 39618.4 38636 37457.9 36290.1 -9999 -9999 -9999 -9999 46834.8 44909.2 42317.4 39885.4 37325.4 34893.4 32301.4 29933.4 27277.4 24909.4 22327.8 20343.1 19113.6 18344.4 19056.8 20196.9 22627.3 25020.3 27602 30034 32594 35026 37618 39986 42649.6 44981.8 -9999 -9999 -9999 -9999 -9999 -9999 -9999 -9999 -9999 -9999 -9999 -9999 -9999 -9999 -9999 -9999
47160 48233.7 49214.5 50314.7 51295.6 52369.2 53376.6 54437 55444.4 56518 57498.9 58599.8 59780 61983.4 64409.5 66301.4 64644.1 62052.1 59691 57023.3 54660.1 52068.1 49636.1 47153.8 45471.5 44355.4 43374.5 42274.8 41165.1 -9999 -9999 -9999 -9999 -9999 -9999 47935.2 46009.5 43417.6 40985.6 38425.6 35993.6 33401.6 31033.6 28377.6 26027.4 23946.9 22668 21180.8 19953.7 20513.5 20804.7 -9999 26653.1 28679.7 31082.7 33637.1 36069 38661 41029 43685 45935.4 47545.3 -9999 -9999 -9999 -9999 -9999 -9999 -9999 -9999 -9999 -9999 -9999 -9999 -9999 -9999 -9999
49528 50601.7 51582.5 52682.7 53663.6 54737.2 55744.6 56805 57812.4 58886 59866.9 60967.1 61950.6 63282.4 65397.7 67282.3 65625 63033 60665 58006.7 55639.4 53074 50538.3 48863 47797.1 46723.4 45742.3 44534.3 43243.6 -9999 -9999 -9999 -9999 -9999 -9999 48471.6 46962 44398.4 41966.4 39406.4 36974.4 34382.4 32014.4 29372.6 27363.1 25547.5 24389.4 -9999 -9999 -9999 -9999 -9999 -9999 29169.3 32283.8 34645.3 37055.8 39549.7 41996.7 44327 46142.8 47545.3 -9999 -9999 -9999 -9999 -9999 -9999 -9999 -9999 -9999 -9999 -9999 -9999 -9999 -9999 -9999
52120 53193.7 54174.5 55274.7 56255.6 57329.2 58336.6 59397 60404.4 61478 62458.9 63559.1 64539.9 65614.3 66836.8 68361.3 66698.6 64107.6 61828.9 58603.1 56268.2 54842.1 51307.5 51233 50372.7 49065.5 47628.1 46587.9 -9999 -9999 -9999 -9999 -9999 -9999 -9999 48175.9 47406.5 45445 43039.8 40480.1 38048.1 35471.3 33153.9 30522.6 28993.4 -9999 -9999 -9999 -9999 -9999 -9999 -9999 -9999 -9999 -9999 -9999 -9999 -9999 -9999 -9999 -9999 -9999 -9999 -9999 -9999 -9999 -9999 -9999 -9999 -9999 -9999 -9999 -9999 -9999 -9999 -9999 -9999
54552 55625.7 56606.5 57706.7 58687.6 59761.2 60768.6 61829 62836.4 63909.5 64886.2 65991.1 66971.9 68045.6 69055.6 69634.9 67705.4 65261.3 63875.4 -9999 -9999 -9999 -9999 51989.4 51460.9 49991.1 -9999 -9999 -9999 -9999 -9999 -9999 -9999 -9999 -9999 -9999 46917.4 45562.9 43634.5 41259.2 39133.3 36432.8 34383.5 -9999 -9999 -9999 -9999 -9999 -9999 -9999 -9999 -9999 -9999 -9999 -9999 -9999 -9999 -9999 -9999 -9999 -9999 -9999 -9999 -9999 -9999 -9999 -9999 -9999 -9999 -9999 -9999 -9999 -9999 -9999 -9999 -9999 -9999
57112 58185.7 59166.5 60266.7 61238 62275.3 63255.9 64359.5 65396.4 66299.2 66665.5 68574.3 69531.4 70605.6 71575.1 71226.8 68431.4 66333 65211.2 -9999 -9999 -9999 -9999 -9999 -9999 -9999 -9999 -9999 -9999 -9999 -9999 -9999 -9999 -9999 -9999 -9999 -9999 -9999 -9999 -9999 -9999 -9999 -9999 -9999 -9999 -9999 -9999 -9999 -9999 -9999 -9999 -9999 -9999 -9999 -9999 -9999 -9999 -9999 -9999 -9999 -9999 -9999 -9999 -9999 -9999 -9999 -9999 -9999 -9999 -9999 -9999 -9999 -9999 -9999 -9999 -9999 -9999
59544 60617.7 61598.5 62666.1 63170 63371.7 64245.2 66309.6 67528.1 67864.5 -9999 70725.9 71724.1 73019 73205.7 72278.5 -9999 -9999 -9999 -9999 -9999 -9999 -9999 -9999 -9999 -9999 -9999 -9999 -9999 -9999 -9999 -9999 -9999 -9999 -9999 -9999 -9999 -9999 -9999 -9999 -9999 -9999 -9999 -9999 -9999 -9999 -9999 -9999 -9999 -9999 -9999 -9999 -9999 -9999 -9999 -9999 -9999 -9999 -9999 -9999 -9999 -9999 -9999 -9999 -9999 -9999 -9999 -9999 -9999 -9999 -9999 -9999 -9999 -9999 -9999 -9999 -9999
