public/models/data/input/map/ntb/2500/mapdcenter.asc
NCOLS 156
NROWS 110
XLLCORNER 370313.940441
YLLCORNER 9268024.452423
CELLSIZE 2500.000000
NODATA_VALUE       -9999
[rows 68 to 101 of 110, columns 77 to 153 of 156]
-9999 -9999 -9999 -9999 -9999 79566.2 79028.1 76829.2 74397.2 71805.2 69437.2 66977.3 65612.3 64520.5 63513.1 62455.2 61950.6 63020.7 62654.8 56642.6 53447.3 49808.3 48453.4 47373.2 46365.9 45825.8 -9999 -9999 -9999 -9999 -9999 -9999 -9999 -9999 -9999 -9999 -9999 -9999 -9999 -9999 -9999 -9999 -9999 -9999 -9999 -9999 -9999 -9999 -9999 -9999 -9999 -9999 -9999 -9999 -9999 -9999 -9999 -9999 -9999 -9999 -9999 -9999 -9999 -9999 -9999 -9999 -9999 -9999 -9999 -9999 -9999 -9999 -9999 -9999 -9999 -9999 -9999
-9999 -9999 -9999 -9999 -9999 79197.5 78288.2 75821.8 73389.8 70797.8 68429.8 65775.3 63589.4 62092.9 61081.1 60023.2 59537 59838.3 -9999 55872.2 49451.8 47008.7 46001.4 44941.2 43933.9 42806 41964.5 -9999 -9999 -9999 -9999 -9999 -9999 -9999 -9999 -9999 -9999 -9999 -9999 -9999 -9999 -9999 -9999 -9999 -9999 -9999 -9999 -9999 -9999 -9999 -9999 -9999 -9999 -9999 -9999 -9999 -9999 -9999 -9999 -9999 -9999 -9999 -9999 -9999 -9999 -9999 -9999 -9999 -9999 -9999 -9999 -9999 -9999 -9999 -9999 -9999 -9999
-9999 -9999 -9999 -9999 -9999 79167.6 77300.2 74748.1 72316.1 69724.1 67356.1 64700.1 62332.6 59923.8 58507.2 57431.4 56965.7 58721.1 -9999 45423.9 45474.5 44471.5 43409.6 42349.2 41341.9 40282.5 39327.5 -9999 -9999 -9999 -9999 -9999 -9999 -9999 -9999 -9999 -9999 -9999 -9999 26278.5 27656.9 27747.5 -9999 -9999 -9999 -9999 -9999 -9999 -9999 -9999 -9999 -9999 -9999 -9999 -9999 -9999 -9999 -9999 -9999 -9999 -9999 -9999 -9999 -9999 -9999 -9999 -9999 -9999 -9999 -9999 -9999 -9999 -9999 -9999 -9999 -9999 -9999
-9999 -9999 -9999 -9999 -9999 78948.7 76214.8 73759 71335.3 68743.3 66375.3 63719.3 61351.3 58760.7 56523.4 55065.3 54267.8 52688.1 -9999 44131.6 43136.6 42048.8 41041.6 39981.2 38973.9 37898.7 36757.3 -9999 -9999 -9999 -9999 -9999 -9999 -9999 -9999 -9999 -9999 -9999 24929.6 25728.9 26735 27108.1 27095.1 -9999 -9999 -9999 -9999 -9999 -9999 -9999 -9999 -9999 -9999 -9999 -9999 -9999 -9999 -9999 -9999 -9999 -9999 -9999 -9999 -9999 -9999 -9999 -9999 -9999 -9999 -9999 -9999 -9999 -9999 -9999 -9999 -9999 -9999
-9999 -9999 -9999 -9999 -9999 -9999 -9999 72478.1 70225.7 67643.1 65275.1 62619.1 60251.1 57659.1 55227.1 52840.6 51411.4 50617.3 -9999 42111.3 40660.8 39393.3 38385.6 37325.2 36317.9 35244.2 34263 33042.1 32117.3 -9999 -9999 -9999 -9999 -9999 -9999 -9999 23419.4 23444.3 23568 23379 24290.3 25362.4 26314.5 27368.9 28290.2 28940 28996.6 29490.8 -9999 -9999 -9999 -9999 -9999 36709.2 36664.4 36023.6 34463.2 33151.4 32436.2 -9999 -9999 -9999 -9999 -9999 -9999 -9999 -9999 -9999 -9999 -9999 -9999 -9999 -9999 -9999 -9999 -9999 -9999
-9999 -9999 -9999 -9999 -9999 -9999 -9999 70976.9 68929.8 66654.3 64294.2 61638.2 59270.2 56678.2 54246.2 51689.3 49445.8 48018.6 44419.9 41536.3 39285.9 37170.9 36018.7 34957.2 33949.9 32876.2 31895.3 30795.1 29755.7 -9999 -9999 -9999 -9999 -9999 -9999 22827 22743.9 22363.9 21449.8 21011 21922.3 22995.9 23976.8 25076.9 26057.8 27124.3 27996.7 29048.1 29687 -9999 -9999 -9999 35757.8 35925.9 35638.1 34652.6 33572.8 32444.3 31695.9 32115.8 32968.3 33311.6 33964.4 34243.2 -9999 -9999 -9999 -9999 -9999 -9999 -9999 -9999 -9999 -9999 -9999 -9999 -9999
-9999 -9999 -9999 -9999 -9999 -9999 -9999 -9999 67346.9 65490 63216 60564.6 58196.6 55604.6 53172.6 50612.6 48180.6 45602.7 43208.9 40564.1 38196.6 35615 33607.2 32365.5 31357.9 30284.2 29303.3 28203.2 27222.7 26016.6 23239.1 23239.1 -9999 -9999 -9999 20793.9 20907.5 19868.8 18861.4 18419 19330.3 20403.9 21384.8 22484.9 23465.8 24543.4 25837.9 28091 29764.7 30613.8 -9999 34439.1 34825.1 34162.5 33158 32097.6 31090.2 30016.6 29254.4 29988.4 30969.3 32034.5 33009.4 33633.3 -9999 -9999 -9999 -9999 -9999 -9999 -9999 -9999 -9999 -9999 -9999 -9999 -9999
-9999 -9999 -9999 -9999 -9999 -9999 -9999 -9999 -9999 63731.2 61983 59557.2 57189.2 54597.2 52165.2 49605.2 47173.2 44581.2 42213.2 39557.2 37189.2 34597.2 32180.1 30087.4 28926.1 27852.2 26871.3 25771.2 24790.3 23626.2 22431.8 22342.6 -9999 20418.2 19931.3 19361.8 18501.5 17436.8 16429.4 15987 16898.3 17971.9 18952.8 20052.9 21035.8 22398.6 24551.6 27107.1 29479.9 30638 33544.3 33470.9 32785.8 31733.3 30726 29665.6 28658.2 27584.6 26822.4 27556.4 28537.3 29610.9 30581.7 33154.1 -9999 -9999 -9999 -9999 -9999 -9999 -9999 -9999 -9999 -9999 -9999 -9999 -9999
-9999 -9999 -9999 -9999 -9999 -9999 -9999 -9999 -9999 -9999 60452.3 58498 56113.9 53536.8 51104.8 48544.8 46112.8 43520.8 41152.8 38496.8 36128.8 33536.8 31104.8 28559.7 26547.4 25293.2 24311.3 23211.2 22230.3 21156.7 20152.5 18947.3 18631 19487.5 18106.3 16931.3 15950.4 14876.8 13869.4 13427 14338.3 15411.9 16392.8 17500.1 18761.2 21053 23482.8 26073.8 28504.2 30179.7 31547.3 31225.3 30247 29173.3 28166 27105.6 26098.2 25024.6 24262.4 24996.4 25977.3 27050.9 27943.7 -9999 -9999 -9999 -9999 -9999 -9999 -9999 -9999 -9999 -9999 -9999 -9999 -9999 -9999
-9999 -9999 -9999 -9999 -9999 -9999 -9999 -9999 -9999 -9999 -9999 56375.4 54656.9 52503.2 50097.4 47537.4 45105.4 42513.4 40145.4 37489.4 35121.4 32529.4 30097.4 27537.4 25115.9 23006.1 21879.6 20779.6 19799 18724.7 17717.3 16741.4 17026.4 17807.9 16421.7 14540 13518.4 12444.8 11437.4 10995 11906.3 12979.9 13960.9 15355.5 17458.6 20044.4 22476.4 25034.6 27468.4 29680.6 29818.8 28795.9 27815 26741.3 25734 24673.6 23666.2 22592.6 21830.4 22564.4 23545.3 24618.9 25534.8 25200.6 -9999 -9999 -9999 -9999 -9999 -9999 -9999 -9999 -9999 -9999 -9999 -9999 -9999
23595.9 -9999 -9999 -9999 -9999 -9999 -9999 -9999 -9999 -9999 -9999 -9999 -9999 51775.9 48811.3 46460 44031.8 41439.8 39071.8 36415.8 34047.8 31455.8 29023.8 26463.8 24031.8 21455.4 19484.6 18218.3 17216.5 16132.7 15125.3 14149.4 14434.4 15474.8 15163.3 12710.1 11009.8 9852.79 8845.43 8403.05 9314.32 10396.6 11650.4 14011.6 16378.7 18970.7 21402.7 23962.7 26394 28709.7 28046.6 26245.4 25223 24149.3 23142 22081.6 21074.2 20000.6 19238.4 19972.4 20953.3 22026.9 23033.5 23843.4 23330.5 -9999 -9999 -9999 -9999 -9999 -9999 -9999 -9999 -9999 -9999 -9999 -9999
25678.1 27310.8 27182.5 -9999 -9999 -9999 -9999 -9999 -9999 -9999 -9999 -9999 -9999 -9999 47954.5 45339.9 43012.7 40458 38090.9 35434.9 33066.9 30474.9 28042.9 25482.9 23050.9 20458.9 18101.3 15949.9 14838.1 13764.7 12757.3 11781.4 12066.4 13139.7 13693.5 11673.9 9361.29 7525.48 6477.43 6035.05 6946.39 8301.51 10380.8 13029.9 15397.9 17989.9 20421.9 22981.9 25413.9 27718 27001.7 24481 22896.5 21781.3 20774 19713.6 18706.2 17632.6 16870.4 17604.4 18585.3 19658.9 20666.3 21705.6 22038.2 22298.1 -9999 -9999 -9999 -9999 -9999 -9999 -9999 -9999 -9999 -9999 -9999
23518 25615.9 25572.4 -9999 -9999 -9999 -9999 -9999 -9999 -9999 -9999 -9999 -9999 -9999 -9999 -9999 -9999 39403.9 37615.8 35067.1 32423.8 30209.3 26613.9 24374.1 21950.7 19358.7 16990.7 14345.2 12379.6 11109 10101.3 9125.44 9410.42 10484.1 11450.2 10570.6 8205.75 5656.21 3899.13 3386.24 4584.91 6906.57 9273.75 11929.7 14297.7 16889.7 19321.7 21881.7 24308.3 25819.2 25474.4 23288.7 20971.9 19170.7 18118 17057.6 16050.2 14976.6 14214.4 14948.4 15929.3 17002.9 18010.3 19108.7 20672.9 22018.3 -9999 -9999 -9999 -9999 -9999 -9999 -9999 -9999 -9999 -9999 -9999
21263.1 22700.4 23924.2 -9999 -9999 -9999 -9999 -9999 -9999 -9999 -9999 -9999 -9999 -9999 -9999 -9999 -9999 38967.5 37837.5 35810.4 -9999 -9999 24702.7 23412.9 21045.6 18377.9 16009.9 13353.9 11001.6 8886.57 7734.34 6757.44 7042.42 8128.68 9474.01 9660.38 7314.37 4722.37 2350.92 1439.87 3428.62 6014.37 8382.36 11038.4 13406.4 15998.4 18430.4 20983.8 23215.8 23764.4 22939.3 22268.9 19939.9 17435.4 15795.2 14689.6 13682.2 12608.6 11846.4 12580.4 13561.3 14634.9 15666.1 17321.4 19613.1 21067.8 -9999 -9999 -9999 -9999 -9999 -9999 -9999 -9999 -9999 -9999 -9999
17922.3 20526.8 22517.3 -9999 -9999 -9999 -9999 -9999 -9999 -9999 -9999 -9999 -9999 -9999 -9999 -9999 -9999 -9999 -9999 -9999 -9999 -9999 -9999 23432.4 20299.8 17284.7 14936.3 12280.3 9912.27 7330.7 5322.85 4165.68 4458.31 5978.28 8180.8 9698.12 7756.74 5168.65 3023.83 2348.12 3933.25 6456.75 8824.74 11480.7 13848.7 16439.8 18598.8 20234.4 21533.2 19209.6 20264.6 20752.3 18865.6 16274.2 13902.4 12140.7 11090.2 10016.6 9254.43 9988.42 10969.3 12077.5 13678.5 16142.2 18559.4 19898.8 -9999 -9999 -9999 -9999 -9999 -9999 -9999 -9999 -9999 -9999 -9999
17720.5 20311.8 22503.8 -9999 -9999 -9999 -9999 -9999 -9999 -9999 -9999 -9999 -9999 -9999 -9999 -9999 -9999 -9999 -9999 -9999 -9999 -9999 -9999 -9999 18349.7 15934.1 13904.7 11282.8 8914.84 6322.85 3905.75 1909.56 2426.55 4816.26 7182.84 9548.17 8740.29 6463.2 5176.9 4727.23 5690.16 7516.04 9832.11 12488.1 14855.6 17062.1 17305.3 18116.9 18062.1 16791.3 17798.5 18781.1 17815 15266.8 12834.9 10361.6 8701.35 7584.59 6822.43 7556.42 8561.08 10239.1 12575.5 15135 17589.9 18887.9 -9999 -9999 -9999 -9999 -9999 -9999 -9999 -9999 -9999 -9999 -9999
18724.2 21315.8 23595.4 30131.4 29705.6 33660.1 35928 36779.4 -9999 -9999 -9999 -9999 -9999 -9999 -9999 -9999 -9999 -9999 -9999 -9999 -9999 -9999 -9999 -9999 -9999 -9999 12348.4 11237 8875.72 6253.66 3867.83 1839.81 2370.04 4781.06 7148.05 9739.35 10022 8738.03 7729.43 7287.05 8198.32 9330.54 10970.2 13544.2 15532.3 15608.3 14755.7 15458.4 13274.4 14284 15240.1 16336.9 16461.7 14206.4 11774.4 9214.48 6842.64 5069.86 4262.48 5038.36 6596.01 9082.43 11514.4 13990.8 16074.7 -9999 -9999 -9999 -9999 -9999 -9999 -9999 -9999 -9999 -9999 -9999 -9999
19731.5 22323.3 24483.8 28462.1 29755.3 32893.9 35051.5 36611.4 -9999 -9999 -9999 -9999 -9999 -9999 -9999 -9999 -9999 -9999 -9999 -9999 -9999 -9999 -9999 -9999 -9999 -9999 -9999 12304.5 10621 6538.89 5226.85 4065.91 4360.86 5916.72 8139.11 10684.2 11823.2 11168.8 10161.4 9719.05 10630.3 11704 12727.3 14359.9 14281.8 13197.5 12187.3 11054.5 10784.3 11826.2 12808.1 13918.6 14864.6 13199.1 10767.1 8207.06 5775.06 3270.68 1891.32 3200.02 5483.29 8075.06 10507.1 12922.9 14653.2 -9999 -9999 -9999 -9999 -9999 -9999 -9999 -9999 -9999 -9999 -9999 -9999
20756 23025.7 24636.5 26538.8 28821.3 31473.9 33855 36215.9 37688.2 -9999 -9999 -9999 -9999 -9999 -9999 -9999 -9999 -9999 -9999 -9999 -9999 -9999 -9999 -9999 -9999 -9999 -9999 -9999 -9999 7145.72 6877.43 6606.05 6942.42 8031.75 9409.75 11776.5 13212 13616.4 12753.2 12311 13222.3 14295.9 15203.2 14708 12545.7 10670.5 9598.37 8546.43 8237.43 9235.27 10225.4 11783.3 13810.4 13023.7 10596.4 8036.4 5604.4 3058.56 1529.08 2985.91 5312.46 7904.4 10336.4 13000.9 15339.1 -9999 -9999 -9999 -9999 -9999 -9999 -9999 -9999 -9999 -9999 -9999 -9999
20279.5 21479 22953 25472 27840 30557.4 33036.2 35400 37280.3 -9999 -9999 -9999 -9999 -9999 -9999 -9999 -9999 -9999 -9999 -9999 -9999 -9999 -9999 -9999 -9999 -9999 -9999 -9999 -9999 -9999 7604.16 8748.81 9310.42 10384.1 11372.5 12418.5 13193.3 15367.3 15001.7 14679 15590.3 16590.4 16267.6 13891 11523.1 8994.85 7284.66 6178.44 5869.43 6876.5 8210.19 10647.2 13003.9 13804.8 11547.4 8987.44 6571 4578.2 3714.7 4540.61 6304.95 8855.44 11287.4 13845.1 15885.7 -9999 -9999 -9999 -9999 -9999 -9999 -9999 -9999 -9999 -9999 -9999 -9999
17754 19434.3 21715.9 24371.9 26739.9 29334.1 31776.8 34280 37159.6 38665.6 -9999 -9999 -9999 -9999 -9999 -9999 -9999 -9999 -9999 -9999 -9999 -9999 36613.8 35345.2 32413.4 30141.8 28459.6 -9999 -9999 19694.3 14504.5 11809.8 11966.4 13040 14015 17030.9 18987.7 19113.7 17923.6 17335 18165.5 17647.1 15446.9 12790.9 10422.9 7830.91 5434.71 3589.22 3223.73 4678.27 6891.05 9546.91 11914.9 13999.1 12640.9 10129.5 8291.19 7132.59 6370.43 7104.42 8136.49 10000.9 12387.6 14944.3 17056.6 19018.4 24611 26771.4 28980.9 31601.3 32422.6 -9999 -9999 -9999 -9999 -9999 -9999
15906 18367.3 20735 23391 25759 28351 30783 33166.9 34161.6 -9999 -9999 -9999 -9999 -9999 -9999 -9999 -9999 -9999 -9999 -9999 40903.8 38988 36872.2 34638.4 32097.6 29602.6 27321.7 24133.4 20927.8 19182.2 15952.7 14057.2 14334.4 15408 16389 18083.1 20197 21042.2 20143.9 19657.8 19296.8 16972.8 14605.2 11949.2 9581.23 6989.23 4557.23 2086.39 1435.07 3682.62 6049.23 8705.23 11073.2 13594.5 13566.7 11687.2 10574.5 9500.58 8738.43 9472.42 10453.3 11614.5 13413.7 15928.4 18346.7 20928.2 23650.9 26224.1 28588.7 31119.3 32561.2 -9999 -9999 -9999 -9999 -9999 -9999
14701.4 17309.1 19673.5 22317.4 24685.4 27277.4 29709.4 32255.1 33741.2 -9999 -9999 -9999 47303.5 47351.2 -9999 -9999 -9999 -9999 -9999 43474.8 41710.1 39319.6 36888.4 34328.4 31896.4 29304.4 26936.4 24276.1 21885.1 19351.3 17669.2 16641.4 16926.4 17998.4 18837.3 20044.6 21232.7 23842.8 22735.8 21908.2 20123.5 17531.6 15163.6 12507.6 10139.6 7547.59 5124.94 3008.06 2568.38 4298.87 6607.59 9262.05 11625.1 14216.4 15171.4 14173.6 13166.2 12075.4 11128.3 12035.7 13045.2 14118.9 15186.5 17045.2 19434.1 22026.1 24394.1 27050.1 29418.1 31970.5 33938.7 -9999 -9999 -9999 -9999 -9999 -9999
13732.2 16285.5 18655.9 21310 23678 26270 28702 31252.7 33387.7 34268.3 -9999 -9999 45618 46939.2 48782.4 52029 -9999 -9999 47611 45093 42879.5 40290.5 37858.5 35298.5 32866.5 30274.5 27906.5 25250.5 22934.4 21108.5 20049.5 19073.4 19358.4 20234.5 20036.2 20890.5 20891.2 25764.9 25141.3 23482.3 21130.9 18538.9 16170.9 13514.9 11146.9 8564.3 6528.27 5271.82 4961.43 6028.07 7681.74 9981.54 13326 15251.4 16982.8 16574.4 15597.8 15269.5 14070.5 14145.6 15447.9 16550.9 17558.3 18705.4 20484.6 23033.4 25401.4 28057.4 30425.4 32983.2 35156.6 -9999 -9999 -9999 -9999 -9999 -9999
12634.3 15225.6 17593.6 20249.6 22617.6 25209.6 27641.6 30201.1 32612.9 34696 38137.1 40571.4 43436.9 45767.3 48467.8 51270.9 52240.9 50273 48911.7 46307.7 43942.9 41350.9 38918.9 36358.9 33926.9 31334.9 28966.9 26388.6 24748.9 23616.7 22609.3 21608.7 21655 22142.6 -9999 -9999 30519.6 28773.8 27086.8 24623.3 22191.3 19599.3 17231.3 14575.3 12219 10059.1 8883.5 7830.43 7505.25 8468.5 9450.48 10109 -9999 -9999 18153.6 17942.7 17751.6 16711.5 -9999 -9999 17814.1 19098.6 20114.2 21168.4 22199.5 24131 26461.5 29103.3 31486.6 33877.3 35684.5 -9999 -9999 -9999 -9999 -9999 -9999
11715.7 14307.7 16675.7 19331.7 21699.7 24291.7 26723.7 29283.7 31715.7 34295.9 37242 39829.5 42192.7 44784.3 47221.3 49757.1 51758.3 52223.7 49962.6 47318.3 44950.3 42358.3 39926.3 37366.3 34934.3 32342.3 30014.9 28145.7 27122.3 26048.7 25041.3 24033.7 22304.9 -9999 -9999 -9999 31871.9 30536.8 28190.4 25630.7 23198.7 20606.7 18238.7 15593 13605.9 12321.6 11314.1 10262.4 9969.46 11463.6 12591.5 -9999 -9999 -9999 -9999 -9999 -9999 -9999 -9999 -9999 19633.8 21263.3 21924.7 22725.6 23211.5 25247.7 27290.9 29914.7 32646.2 33660.4 -9999 -9999 -9999 -9999 -9999 -9999 -9999
12171.4 14763.4 17131.4 19787.4 22155.4 24747.4 27179.4 29739.4 32171.4 34764.9 37148.2 39804.8 42172.8 44764.8 47196.8 49756.8 52182 53218.1 51047.9 48391.9 46023.9 43431.9 40999.9 38439.9 36007.9 33499.3 31850.8 30695.2 29714.3 28639.1 27419.8 26324.1 -9999 -9999 -9999 36401.7 34314.3 31696.3 29264.3 26704.3 24272.3 21680.3 19321.6 17123.3 15988.5 14913.5 13906.1 12854.4 12546 13786.7 15746.5 19730.3 22015.1 24551.1 26993.5 29207.2 32231 34589.4 36915.6 38721.5 40780 -9999 -9999 -9999 -9999 -9999 -9999 -9999 33477.2 -9999 -9999 -9999 -9999 -9999 -9999 -9999 -9999
13152.2 15744.2 18112.2 20768.2 23136.2 25728.2 28160.2 30720.2 33152.2 35744.2 38112.2 40768.2 43136.2 45728.2 48160.2 50720.2 53152.2 54190.3 52028.8 49372.8 47004.8 44412.8 41980.8 39420.8 37029.5 35199.6 34163.4 33063.2 32079 30889.1 29709.8 -9999 -9999 -9999 -9999 37195.4 35268.5 32677.2 30245.2 27685.2 25253.2 22670.4 20655.3 19336.1 18355.1 17281.5 16274.1 15222.4 14913.4 15900.6 17043 19481.9 21866.7 24448.1 26880.1 29440.1 31872.1 34464.1 36832.1 39495 41784.2 -9999 -9999 -9999 -9999 -9999 -9999 -9999 -9999 -9999 -9999 -9999 -9999 -9999 -9999 -9999 -9999
14252.4 16844.4 19212.4 21868.4 24236.4 26828.4 29260.4 31820.4 34252.4 36844.4 39212.4 41868.4 44236.4 46828.4 49260.4 51820.4 54252.4 55290.4 53139.3 50460.9 48105 45513 43081 40598.7 38916.4 37800.3 36819.4 35719.9 34603.7 -9999 -9999 -9999 -9999 -9999 -9999 38287.5 36369.1 33777.4 31345.4 28785.4 26363.7 24228.4 23092.3 21992 21011.1 19931.2 18766.1 17272.4 16455.6 17333.3 17612 -9999 23526.1 25508.9 27929.5 30483.1 32915.1 35507.1 37875.1 40531 42773 44401.5 -9999 -9999 -9999 -9999 -9999 -9999 -9999 -9999 -9999 -9999 -9999 -9999 -9999 -9999 -9999
15244.9 17825.2 20193.2 22849.2 25217.2 27809.2 30241.2 32801.2 35233.2 37825.2 40193.2 42849.2 45217.2 47809.2 50241.2 52801.2 55233.2 56271.3 54109.8 51449.8 49082.7 46525.5 43961.4 42306.3 41241.9 40168.3 39186.3 37975.8 36663.7 -9999 -9999 -9999 -9999 -9999 -9999 38808 37316.8 34758.2 32326.2 29777.9 27725.4 26442.4 25460.1 24340.6 23280.9 21641 20494 -9999 -9999 -9999 -9999 -9999 -9999 25946.4 29129.9 31478.7 33875.9 36383 38817.9 41164 42937.1 44401.5 -9999 -9999 -9999 -9999 -9999 -9999 -9999 -9999 -9999 -9999 -9999 -9999 -9999 -9999 -9999
16788.4 18910.5 21266.9 23922.9 26290.9 28882.9 31314.9 33874.9 36306.9 38898.9 41266.9 43922.9 46290.9 48882.9 51314.9 53874.9 56306.9 57345.9 55269.9 52026.7 49697.7 48241.7 44705 44657.2 43815.8 42521.8 41080.3 39917.6 -9999 -9999 -9999 -9999 -9999 -9999 -9999 38524.6 37757.1 35799 33408.7 31283.7 30106.8 29026.9 27773.7 26082.5 25081.9 -9999 -9999 -9999 -9999 -9999 -9999 -9999 -9999 -9999 -9999 -9999 -9999 -9999 -9999 -9999 -9999 -9999 -9999 -9999 -9999 -9999 -9999 -9999 -9999 -9999 -9999 -9999 -9999 -9999 -9999 -9999 -9999
19077 20341.1 22289.1 24930.2 27298.2 29890.2 32322.2 34882.2 37314.2 39906.1 42272.9 44930.2 47298.2 49890.2 52322.2 54881.2 57313.3 58495.2 57310 -9999 -9999 -9999 -9999 45396.1 44898.7 43472.7 -9999 -9999 -9999 -9999 -9999 -9999 -9999 -9999 -9999 -9999 37271.1 35893.5 34329.1 33245 32283.9 30698.8 29034.5 -9999 -9999 -9999 -9999 -9999 -9999 -9999 -9999 -9999 -9999 -9999 -9999 -9999 -9999 -9999 -9999 -9999 -9999 -9999 -9999 -9999 -9999 -9999 -9999 -9999 -9999 -9999 -9999 -9999 -9999 -9999 -9999 -9999 -9999
21636.3 22710.9 23829.5 26001.6 28348.4 30923.7 33346.5 35938.4 38374.6 40766.8 42922 46136.2 48360.3 50950.6 53361.3 55705.8 58088.5 59532.5 58654.6 -9999 -9999 -9999 -9999 -9999 -9999 -9999 -9999 -9999 -9999 -9999 -9999 -9999 -9999 -9999 -9999 -9999 -9999 -9999 -9999 -9999 -9999 -9999 -9999 -9999 -9999 -9999 -9999 -9999 -9999 -9999 -9999 -9999 -9999 -9999 -9999 -9999 -9999 -9999 -9999 -9999 -9999 -9999 -9999 -9999 -9999 -9999 -9999 -9999 -9999 -9999 -9999 -9999 -9999 -9999 -9999 -9999 -9999
24068.3 25141.9 26122.8 27370.7 28886.8 31346.4 33731.9 37223 39253.3 40641.5 -9999 47778.6 49418.6 51958.5 53512 55809.3 -9999 -9999 -9999 -9999 -9999 -9999 -9999 -9999 -9999 -9999 -9999 -9999 -9999 -9999 -9999 -9999 -9999 -9999 -9999 -9999 -9999 -9999 -9999 -9999 -9999 -9999 -9999 -9999 -9999 -9999 -9999 -9999 -9999 -9999 -9999 -9999 -9999 -9999 -9999 -9999 -9999 -9999 -9999 -9999 -9999 -9999 -9999 -9999 -9999 -9999 -9999 -9999 -9999 -9999 -9999 -9999 -9999 -9999 -9999 -9999 -9999
