public/models/data/input/map/ntb/2500/mapdagr.asc
NCOLS 156
NROWS 110
XLLCORNER 370313.940441
YLLCORNER 9268024.452423
CELLSIZE 2500.000000
NODATA_VALUE       -9999
[rows 68 to 101 of 110, columns 77 to 153 of 156]
2785.64 2442.35 2031.31 1166.48 708.267 233.047 0 2.64004 106.323 237.72 1309.29 3189.91 4884.79 6574.35 7260.64 7585.18 8622.35 7691.23 7094.82 9835.2 11927.5 13427.7 15238.5 17546.6 19109.7 19496.8 -9999 -9999 -9999 -9999 -9999 -9999 -9999 -9999 -9999 -9999 -9999 -9999 -9999 -9999 -9999 -9999 -9999 -9999 -9999 -9999 -9999 -9999 -9999 -9999 -9999 -9999 -9999 -9999 -9999 -9999 -9999 -9999 -9999 -9999 -9999 -9999 -9999 -9999 -9999 -9999 -9999 -9999 -9999 -9999 -9999 -9999 -9999 -9999 -9999 -9999 -9999
3506.59 1860.3 1112.07 297.294 20.6074 54.3039 14.239 131.509 546.122 1447.43 2068.64 4340.9 6389.81 8198.58 9620.99 10017.1 10945.8 11395.2 -9999 11339.5 16188.1 16310.3 16514 18045.5 17647.2 16521 15701.9 -9999 -9999 -9999 -9999 -9999 -9999 -9999 -9999 -9999 -9999 -9999 -9999 -9999 -9999 -9999 -9999 -9999 -9999 -9999 -9999 -9999 -9999 -9999 -9999 -9999 -9999 -9999 -9999 -9999 -9999 -9999 -9999 -9999 -9999 -9999 -9999 -9999 -9999 -9999 -9999 -9999 -9999 -9999 -9999 -9999 -9999 -9999 -9999 -9999 -9999
2520.08 388.539 25.8703 0 -9999 786.848 144.524 84.9911 144.303 1522.17 2931 4236.32 5635.39 7755.67 9661.1 11325.1 12978.2 14084.6 -9999 21349.2 20994 18867.9 18634.7 17503.4 15636.2 14018.2 13047.4 -9999 -9999 -9999 -9999 -9999 -9999 -9999 -9999 -9999 -9999 -9999 -9999 1507.37 0 0 -9999 -9999 -9999 -9999 -9999 -9999 -9999 -9999 -9999 -9999 -9999 -9999 -9999 -9999 -9999 -9999 -9999 -9999 -9999 -9999 -9999 -9999 -9999 -9999 -9999 -9999 -9999 -9999 -9999 -9999 -9999 -9999 -9999 -9999 -9999
2152.13 287.584 226.274 -9999 -9999 1004.91 311.3 18.5103 4.65606 314.994 993.556 2284.13 4216.58 6291.64 7990.82 10420.2 12361.6 12152.9 -9999 19840.8 19932.3 20069.6 18724.8 16287.8 14142.5 12130.1 10499.9 -9999 -9999 -9999 -9999 -9999 -9999 -9999 -9999 -9999 -9999 -9999 1645.63 1319.32 49.9612 0 0 -9999 -9999 -9999 -9999 -9999 -9999 -9999 -9999 -9999 -9999 -9999 -9999 -9999 -9999 -9999 -9999 -9999 -9999 -9999 -9999 -9999 -9999 -9999 -9999 -9999 -9999 -9999 -9999 -9999 -9999 -9999 -9999 -9999 -9999
1615.14 77.1599 -9999 -9999 -9999 -9999 -9999 0 0.64 0 19.7071 997.845 2595.2 4414.62 6755.57 8855.13 10472.6 11753.5 -9999 16344.9 17376.6 17913.5 16929.3 15105.4 12743.7 10440.6 8574.42 6788.58 5870.42 -9999 -9999 -9999 -9999 -9999 -9999 -9999 0 24.6363 608.83 1532.52 227.169 56.692 112.828 154.657 70.6604 29.8248 0.125 0 -9999 -9999 -9999 -9999 -9999 0 12.381 27.8834 51.5619 56.2981 42.5667 -9999 -9999 -9999 -9999 -9999 -9999 -9999 -9999 -9999 -9999 -9999 -9999 -9999 -9999 -9999 -9999 -9999 -9999
3208.16 -9999 -9999 -9999 -9999 -9999 -9999 0 0 5.3651 14.0438 262.819 1197.68 3489.72 5368.57 7082.01 8770.69 9843.32 11110.4 14187.4 15571.7 15614.7 14609 13496.7 11737 9184.8 7091.75 5024.96 3490.03 -9999 -9999 -9999 -9999 -9999 -9999 1.25 64.3553 342.191 761.668 2079.96 1311.32 1026.85 1446.43 1158.51 1310.03 417.606 59.5122 2.08473 0 -9999 -9999 -9999 49.3573 113.159 131.63 249.458 385.479 549.968 154.582 46.3483 8.57073 0 0 0 -9999 -9999 -9999 -9999 -9999 -9999 -9999 -9999 -9999 -9999 -9999 -9999 -9999
6015.1 -9999 -9999 -9999 -9999 -9999 -9999 -9999 0 88.0344 30.2477 24.9686 623.425 1929.88 3468.12 5260.47 6282.15 7587.49 9616.21 12249.8 13672.4 13024.4 12017.1 11085.8 10472 8080.1 5729.25 3371.87 1551.66 213.627 2383.45 2383.45 -9999 -9999 -9999 1.85169 149.79 1333.04 2403.62 3602.53 3787.34 3424.8 3931.75 3572.57 3318.28 1880.67 504.61 7.78385 9.71514 0 -9999 655.974 151.309 853.173 916.818 308.905 1180.44 486.121 28.783 19.0468 0 0 11.6845 0 -9999 -9999 -9999 -9999 -9999 -9999 -9999 -9999 -9999 -9999 -9999 -9999 -9999
6951.02 -9999 -9999 -9999 -9999 -9999 -9999 -9999 -9999 337.567 358.435 229.967 66.4335 466.387 2005.98 2986.63 4041.64 6235.53 8594.22 11060.6 11454.2 10592.5 9585.06 8668.66 8836.04 7089.63 4722.93 2097.02 381.605 12.9272 1016.16 1769.32 -9999 312.284 173.104 489.544 757.672 2040.27 4244.98 5749.9 6153.3 5856.78 6363.68 5857.86 4746.91 2383.2 494.942 4.93331 3.41517 0 809.558 1437.13 637.122 218.986 579.759 1017.18 1276.29 151.93 56.2072 22.9817 59.1088 39.5039 18.218 0 -9999 -9999 -9999 -9999 -9999 -9999 -9999 -9999 -9999 -9999 -9999 -9999 -9999
-9999 -9999 -9999 -9999 -9999 -9999 -9999 -9999 -9999 -9999 2187.84 789.999 105.384 198.332 348.753 881.69 2753.13 5305.68 7545.12 9268.8 8933.26 8098.41 7026.26 6108.83 6572.66 6586.92 4618.46 2051.16 440.588 20.6516 103.214 37.9143 16.4742 346.997 549.275 2267.1 2973.73 3631.4 5483.96 7819.09 8647.77 8346.82 8225.41 6189.43 4376.92 2664.27 831.611 11.864 0 1.28205 47.7635 810.31 415.308 73.9332 514.555 1420.59 1657.58 237.613 267.742 51.1938 274.548 128.394 37.7346 -9999 -9999 -9999 -9999 -9999 -9999 -9999 -9999 -9999 -9999 -9999 -9999 -9999 -9999
-9999 -9999 -9999 -9999 -9999 -9999 -9999 -9999 -9999 -9999 -9999 0 48.9267 241.845 447.306 1366.8 2800.12 4577.48 6098.43 6955.47 6530.59 6103.5 4667.68 3676.86 4171.23 5539.36 5481.09 3469.06 1794.68 704.781 295.119 62.8272 119.059 54.0349 795.357 3138.27 4939.17 5947.79 6783.06 7913.48 8995.81 8991.54 7434.97 5136.12 2835.08 1027.43 408.553 10.7348 0 36.5863 322.35 1289.16 915.844 46.6991 413.847 1645.93 2248.83 1119.64 569.582 167.084 1229.53 493.21 30.5999 6.14035 -9999 -9999 -9999 -9999 -9999 -9999 -9999 -9999 -9999 -9999 -9999 -9999 -9999
237.163 -9999 -9999 -9999 -9999 -9999 -9999 -9999 -9999 -9999 -9999 -9999 -9999 13.1484 153.569 616.522 1154.89 2685.58 3671.85 4388.87 3941.41 4138.06 2750.28 1233.83 1966.83 3928.56 5899.32 5330.41 4106.27 2884.01 1295.4 843.164 241.13 34.2202 671.754 3146.39 5439.51 6270.73 5551.06 5534.81 6545.54 6937.29 5724.48 3815.89 2161.11 282.403 44.7853 4.91397 0 13.3284 250.023 1517.69 896.103 64.6549 164.892 1288.53 3304.4 2663.16 784.506 727.314 2138.69 1125.98 131.96 12.4426 0 -9999 -9999 -9999 -9999 -9999 -9999 -9999 -9999 -9999 -9999 -9999 -9999
70.0341 0 0 -9999 -9999 -9999 -9999 -9999 -9999 -9999 -9999 -9999 -9999 -9999 17.1129 200.421 366.925 739.27 1555.06 2175.26 1614.85 2005.89 1294.52 219.772 766.51 3058.56 5035.59 6332.26 5390.96 3854.92 2608.48 1789.92 652.888 787.21 1208.98 3165.17 4684.28 4036.67 3186.75 3187.87 4544.92 4647.32 4099.17 2297.1 852.37 83.3747 0 0 0 25.8535 144.878 385.397 284.374 234.926 768.032 2440.95 4144.62 2675.01 653.483 517.505 2425 1956.65 490.808 1.61627 0 0 -9999 -9999 -9999 -9999 -9999 -9999 -9999 -9999 -9999 -9999 -9999
470.749 388.881 42.658 -9999 -9999 -9999 -9999 -9999 -9999 -9999 -9999 -9999 -9999 -9999 -9999 -9999 -9999 3.63906 175.138 579.493 152.639 747.426 69.7697 15.0314 194.255 1611.61 3077.77 4105.58 3994.18 2109.99 1048.7 279.849 70.9145 227.143 435.02 1685.75 3263.14 1927.86 793.397 1187.33 3087.55 2188.58 1672.26 1777.32 461.959 8.81647 0 0 0 0 991.748 108.107 77.7352 50.8136 628.097 2500.21 4115.64 3579.49 1975.75 1784.28 3174.14 1826.64 317.186 26.6872 0 0 -9999 -9999 -9999 -9999 -9999 -9999 -9999 -9999 -9999 -9999 -9999
1641.24 1655.17 608.88 -9999 -9999 -9999 -9999 -9999 -9999 -9999 -9999 -9999 -9999 -9999 -9999 -9999 -9999 0 18.2022 737.41 -9999 -9999 0 0 4.36566 389.527 949.789 1792.33 2191.96 1633.3 231.932 2.43196 0.318284 5.91597 25.8847 897.955 1482.05 760.538 42.3591 635.626 1705.12 928.291 177.525 345.854 100.756 0.18 0 0 0 411.84 525.23 64.9262 49.0542 6.16335 124.987 990.151 2309.33 2770.45 3449.27 3913.56 3969.24 2226.01 751.698 43.9171 0 0 -9999 -9999 -9999 -9999 -9999 -9999 -9999 -9999 -9999 -9999 -9999
96.6813 756.558 1498.01 -9999 -9999 -9999 -9999 -9999 -9999 -9999 -9999 -9999 -9999 -9999 -9999 -9999 -9999 -9999 -9999 -9999 -9999 -9999 -9999 0 0 14.6176 93.7616 234.354 459.889 440.787 90.3039 2.16426 0.504853 55.3097 316.078 333.464 67.7081 54.811 7.46184 32.3577 313.846 1011.04 158.558 0.66 1.05314 5.66217 16.3961 0 0 87.5106 242.459 190.779 145.783 61.1312 78.3748 375.953 615.983 794.382 2033.83 3693.89 2766.41 1019.25 463.437 29.0303 0 0 -9999 -9999 -9999 -9999 -9999 -9999 -9999 -9999 -9999 -9999 -9999
149.727 166.823 1228.82 -9999 -9999 -9999 -9999 -9999 -9999 -9999 -9999 -9999 -9999 -9999 -9999 -9999 -9999 -9999 -9999 -9999 -9999 -9999 -9999 -9999 0 47.7641 399.966 83.8686 166.563 23.6461 76.2351 6.03245 0 22.3439 227.676 373.345 238.158 182.671 14.0138 25.407 443.463 1124.19 65.2294 5.20108 34.5264 2.76743 3.92134 2.72569 81.8378 20.9523 71.5648 376.796 120.343 543.2 793.813 463.011 46.7466 43.8367 923.927 2775.18 1605.66 203.422 9.7044 2.00255 0 0 -9999 -9999 -9999 -9999 -9999 -9999 -9999 -9999 -9999 -9999 -9999
829.086 764.946 1744.59 848.998 482.842 1174.24 2920.83 3769.97 -9999 -9999 -9999 -9999 -9999 -9999 -9999 -9999 -9999 -9999 -9999 -9999 -9999 -9999 -9999 -9999 -9999 -9999 46.4375 434.866 815.589 84.3891 319.663 236.139 104.596 271.101 259.557 81.8692 45.4005 47.1303 25.606 103.906 562.812 1472.55 203.686 173.776 466.385 416.074 60.648 2.67343 308.077 63.0403 48.7924 116.064 486.27 2145.65 1690.26 358.691 75.2405 135.444 947.125 1254.07 347.54 21.6701 0.22682 2.85255 0 -9999 -9999 -9999 -9999 -9999 -9999 -9999 -9999 -9999 -9999 -9999 -9999
183.623 159.45 409.676 213.011 371.358 714.309 2084.86 3583.51 -9999 -9999 -9999 -9999 -9999 -9999 -9999 -9999 -9999 -9999 -9999 -9999 -9999 -9999 -9999 -9999 -9999 -9999 -9999 2255.96 1731.2 186.531 1397.79 856.297 1225.92 1798.91 1148.47 137.588 0 1.15324 24.5755 606.749 385.084 1685.8 509.817 293.2 692.734 1042.12 73.2717 0 0 9.11626 163.594 330.148 1629.33 2930.38 1217.31 105.212 347.665 248.261 512.819 286.905 212.584 101.67 21.3404 0 0 -9999 -9999 -9999 -9999 -9999 -9999 -9999 -9999 -9999 -9999 -9999 -9999
8.52525 17.6588 0 172.456 401.272 669.075 1248.24 1229.29 1397.28 -9999 -9999 -9999 -9999 -9999 -9999 -9999 -9999 -9999 -9999 -9999 -9999 -9999 -9999 -9999 -9999 -9999 -9999 -9999 -9999 1954.1 2869.84 3041.12 3505.47 3292.46 1178.51 27.8177 0 223.067 509.985 625.988 262.858 995.955 324.319 390.874 157.772 768.169 189.852 17.5385 90.2259 90.0189 10.2783 179.105 1693.33 3658.9 2723.44 1268.25 1234.13 979.696 848.181 2001.27 1673.11 217.241 4.38278 0 0 -9999 -9999 -9999 -9999 -9999 -9999 -9999 -9999 -9999 -9999 -9999 -9999
0.813198 0.715919 0 60.3732 636.257 1497.35 720.408 315.997 571.396 -9999 -9999 -9999 -9999 -9999 -9999 -9999 -9999 -9999 -9999 -9999 -9999 -9999 -9999 -9999 -9999 -9999 -9999 -9999 -9999 -9999 3997.06 5177.66 4889.58 3086.82 1164.63 226.015 0 865.737 322.922 287.186 271.605 1795.88 1979.34 1748.55 343.688 1240.57 650.772 74.4885 218.045 92.5839 5.98108 155.497 1574.76 3826.04 4155.63 2825.16 2926.08 3153.96 2816.85 3639.36 2631.35 678.717 145.514 0.48 0 -9999 -9999 -9999 -9999 -9999 -9999 -9999 -9999 -9999 -9999 -9999 -9999
3.92409 22.8061 39.6273 99.3214 66.1842 388.876 336.783 190.732 2064.08 3536.84 -9999 -9999 -9999 -9999 -9999 -9999 -9999 -9999 -9999 -9999 -9999 -9999 7559.35 8794.03 10184.1 8420.08 6707.93 -9999 -9999 4009.61 8116.05 6429.56 4236.74 1752.68 242.922 1348.98 2839.95 0 27.8699 306.09 601.257 2374.93 4057.58 3095.31 1507.07 1950.88 910.436 925.408 746.143 110.069 357.552 360.54 968.038 3190.63 3281.97 1409.24 1804.06 3237.32 3247.15 3418.34 2842.13 1070.78 470.123 203.703 471.305 569.199 308.223 262.304 24.0405 1671.15 2681.42 -9999 -9999 -9999 -9999 -9999 -9999
85.0653 137.969 414.399 320.521 59.032 81.0502 287.471 71.0073 0 -9999 -9999 -9999 -9999 -9999 -9999 -9999 -9999 -9999 -9999 -9999 2850.19 4395.12 6596.35 8446.68 9494.26 7873.58 5593.57 2431.85 1378.66 3301.45 5705 6233.26 3933.51 1422.22 333.958 1258.89 2794.19 0.344096 49.1407 196.542 201.298 1556.26 3725.12 4558.68 3724.48 3679.21 2545.15 1871.8 1224.72 383.269 1441.49 1609.47 1684.28 3139.11 2614.07 646.318 748.27 1541.23 1037.54 1614.9 2096.06 991.47 770.071 1233.45 614.052 87.9708 132.095 1019.34 873.924 2005.78 3132.95 -9999 -9999 -9999 -9999 -9999 -9999
253.801 1096.63 1755 769.347 380.304 53.5896 5.05147 7.86323 0 -9999 -9999 -9999 2961.76 2824.94 -9999 -9999 -9999 -9999 -9999 340.169 1461.56 3063.71 4992.41 6285.86 7918.63 7512.61 5172.47 2527.63 863.672 2434.98 4857.13 6546.26 4736.3 2494.05 690.313 888.086 2568.16 620.966 707.776 554.654 441.976 878.55 2714.87 3913.69 4285.02 2871.47 1865.3 557.655 314.213 707.328 1070.74 930.395 653.055 1344.16 1002.6 308.748 514.355 381.501 230.505 707.712 457.029 1194.08 2319.28 2681.95 1196.66 809.11 936.104 2379.12 3128.53 4147.09 5752.89 -9999 -9999 -9999 -9999 -9999 -9999
1520.16 2679.26 3776.16 2854.31 2100.89 699.872 53.9807 2.89941 137.655 338.186 -9999 -9999 1785.79 1747.98 1339.5 3352.08 -9999 -9999 0 234.39 666.184 1754.94 2796.14 4559.59 6926.58 8143.15 6127.08 3787.71 2764.71 3648.8 5689.92 7504.65 6025.13 3809.42 1692.46 1178.39 2138.49 105.677 111.473 92.8068 831.803 1724.45 1096.48 1600.36 2529.85 1239.96 450.162 252.237 205.112 811.611 290.082 102.22 1100.06 391.345 36.6747 45.9403 684.684 1155.97 1163.4 157.328 21.2749 140.77 1217.26 2782.6 3297.01 2165.72 607.437 1559.22 3770.78 5923.51 7383.95 -9999 -9999 -9999 -9999 -9999 -9999
3673.72 4729.77 5893.1 5228.78 3409.44 1047.61 72.1005 48.763 121.576 156.449 63.4561 0 162.702 218.452 807.713 2478.56 3224.21 5.13226 0.420441 53.2256 86.3167 240.768 1380.72 3810.97 6242.84 8397.15 7475.58 6075.54 5314.15 5999.37 7187.63 8742.31 7390.58 5737.81 -9999 -9999 0 0.341153 36.3769 535.656 2260.23 2464.83 872.899 296.644 945.876 574.854 1043.82 390.916 288.787 287.467 610.475 226.786 -9999 -9999 0 391.363 1692.67 2224.62 -9999 -9999 191.174 335.725 666.167 2520.15 4513.4 3193.37 1206.45 1144.05 3374.46 5756.15 7521.13 -9999 -9999 -9999 -9999 -9999 -9999
3804.41 6193.17 7816.93 6583.89 4230.88 1747.24 286.03 13.1406 300.503 958.564 293.365 0 35.5433 128.277 218.86 589.996 403.345 4.80823 2.70764 0 3.83907 444.024 2282.72 4623.57 7023.22 9427.5 9598.52 8506.65 7746.15 8430.43 9438.73 10207.6 8599.59 -9999 -9999 -9999 2.93333 2.77569 113.962 712.752 2858.44 3411.75 1562.03 130.752 155.597 1235.11 1350.66 338.172 842.261 851.834 967.95 -9999 -9999 -9999 -9999 -9999 -9999 -9999 -9999 -9999 921.472 1807.81 2129.8 3244.17 4680.98 3850.88 2698.9 2600.42 4366.49 5368.66 -9999 -9999 -9999 -9999 -9999 -9999 -9999
3848.8 6440.73 8668.08 7629.13 5343.97 3339.88 1932.11 681.217 95.1205 72.8485 40.7476 0 8.94345 106.092 221.615 8.39671 0.02 0.296569 2.57397 10.9513 311.557 1684.26 3552.55 5884.75 8137.56 10672.2 11977 11098.6 10338.1 11019.7 11718.9 12064.1 -9999 -9999 -9999 6.32451 237.625 842.888 1268.07 2028.72 3673.47 3213.17 986.366 44.3972 381.455 828.246 134.954 577.619 1786.03 1076.12 93.7275 167.317 33.2793 136.362 230.783 197.057 305.432 509.595 45.0018 0 0 -9999 -9999 -9999 -9999 -9999 -9999 -9999 5203.36 -9999 -9999 -9999 -9999 -9999 -9999 -9999 -9999
4779.46 7340.07 9586.79 8685.85 6840.42 5275.86 3625.02 1347.17 57.0498 0.946274 0 0 0.192426 134.763 315.571 19.4415 2.95196 1.20971 7.71622 11.7267 824.149 3032.66 5031.75 7061.22 9293.32 11698.8 13746.5 13466.6 12702.6 13136 12976.2 -9999 -9999 -9999 -9999 76.7282 1160.44 2565.08 3568.5 4299.69 5218.35 3807.93 1528.6 553.255 1632.75 1236.77 408.962 267.702 777.136 1029.56 510.849 1570.12 976.031 1281.04 1921.37 1770.85 928.471 1231.7 491.5 3.05137 0 -9999 -9999 -9999 -9999 -9999 -9999 -9999 -9999 -9999 -9999 -9999 -9999 -9999 -9999 -9999 -9999
6482.96 8405.76 9448.91 8568.21 7543.22 6364.98 4130.02 1588.05 79.9758 0.0662132 0 34.5623 54.2541 468.021 627.871 969.548 278.409 408.667 975.634 805.606 1049.51 3239.74 5627.87 8148.52 10418.8 12894.4 15109.1 16072.4 15039.7 -9999 -9999 -9999 -9999 -9999 -9999 50.4618 1259.86 3602.97 5404.56 6770.34 7075.74 4832.8 2839.67 1501.25 2443.81 2803.97 1727.96 228.262 200.026 1379.31 1204.59 -9999 2585.4 3620.23 4479.12 4237.31 3274.69 3324 2142.82 890.369 385.032 870.519 -9999 -9999 -9999 -9999 -9999 -9999 -9999 -9999 -9999 -9999 -9999 -9999 -9999 -9999 -9999
8524.3 9044.8 7589.12 6240.86 5329.82 5007.81 4168.6 2042.23 638.633 54.7557 0 345.549 707.349 1123.33 645.199 2110.42 1957.61 1884.77 1291.1 927.401 815.796 2650.45 5359.28 7906.05 10332.3 12918.9 15274.9 17297.7 17084.3 -9999 -9999 -9999 -9999 -9999 -9999 21.8028 672.806 2478.19 4561.13 6916.64 7459.85 5024.92 2675.27 550.334 1749.7 3852.93 3307.45 -9999 -9999 -9999 -9999 -9999 -9999 4408.6 6108.17 6355.23 5406.4 5239.72 4036.72 2973.98 1555.2 870.519 -9999 -9999 -9999 -9999 -9999 -9999 -9999 -9999 -9999 -9999 -9999 -9999 -9999 -9999 -9999
9579.25 8105.13 6116.56 3876.45 2742.91 2509.52 2485.72 1645.14 521.174 70.7857 168.053 561.225 2213.47 3171.6 2798.63 3783.96 3903.62 1833.29 246.455 701.396 464.475 1096.59 7634.34 8873.76 11073.5 13402.6 15586.4 16961.4 -9999 -9999 -9999 -9999 -9999 -9999 -9999 0 38.1457 1123.53 3392.22 5943.65 7467.75 5498.31 3180.9 878.263 491.383 -9999 -9999 -9999 -9999 -9999 -9999 -9999 -9999 -9999 -9999 -9999 -9999 -9999 -9999 -9999 -9999 -9999 -9999 -9999 -9999 -9999 -9999 -9999 -9999 -9999 -9999 -9999 -9999 -9999 -9999 -9999 -9999
9043.2 6707.03 4718.7 2528.62 764.187 408.834 433.079 187.135 8.03956 3.96741 144.834 904.382 3127.05 5176.48 5225.9 5855.9 4473.6 1997.27 790.843 -9999 -9999 -9999 -9999 9539.66 11504.4 13183.9 -9999 -9999 -9999 -9999 -9999 -9999 -9999 -9999 -9999 -9999 4.59814 1214.17 3723.61 6364.44 8042.62 6459.73 4410.45 -9999 -9999 -9999 -9999 -9999 -9999 -9999 -9999 -9999 -9999 -9999 -9999 -9999 -9999 -9999 -9999 -9999 -9999 -9999 -9999 -9999 -9999 -9999 -9999 -9999 -9999 -9999 -9999 -9999 -9999 -9999 -9999 -9999 -9999
7975.32 5451.54 3254.79 1128.83 177.089 49.5135 17.1029 2.08444 0 2.81904 96.1203 1839.57 3787.86 6329.53 7653.54 7780.1 5165.79 2899.55 1727.85 -9999 -9999 -9999 -9999 -9999 -9999 -9999 -9999 -9999 -9999 -9999 -9999 -9999 -9999 -9999 -9999 -9999 -9999 -9999 -9999 -9999 -9999 -9999 -9999 -9999 -9999 -9999 -9999 -9999 -9999 -9999 -9999 -9999 -9999 -9999 -9999 -9999 -9999 -9999 -9999 -9999 -9999 -9999 -9999 -9999 -9999 -9999 -9999 -9999 -9999 -9999 -9999 -9999 -9999 -9999 -9999 -9999 -9999
6992.81 4401.93 2112.96 264.755 5.24726 226.059 70.5032 1.62393 0 0 -9999 3770.29 4973.21 7360.36 8713.66 8902.44 -9999 -9999 -9999 -9999 -9999 -9999 -9999 -9999 -9999 -9999 -9999 -9999 -9999 -9999 -9999 -9999 -9999 -9999 -9999 -9999 -9999 -9999 -9999 -9999 -9999 -9999 -9999 -9999 -9999 -9999 -9999 -9999 -9999 -9999 -9999 -9999 -9999 -9999 -9999 -9999 -9999 -9999 -9999 -9999 -9999 -9999 -9999 -9999 -9999 -9999 -9999 -9999 -9999 -9999 -9999 -9999 -9999 -9999 -9999 -9999 -9999
