public/models/data/input/map/ntb/2500/mapdem.asc
NCOLS 156
NROWS 110
XLLCORNER 370313.940441
YLLCORNER 9268024.452423
CELLSIZE 2500.000000
NODATA_VALUE       -9999
[rows 68 to 101 of 110, columns 0 to 75 of 156]
-9999 -9999 -9999 -9999 -9999 -9999 -9999 -9999 -9999 -9999 -9999 -9999 -9999 -9999 -9999 -9999 -9999 -9999 -9999 -9999 -9999 -9999 -9999 -9999 -9999 -9999 -9999 -9999 -9999 -9999 -9999 -9999 -9999 -9999 -9999 -9999 -9999 -9999 -9999 -9999 -9999 -9999 -9999 -9999 -9999 -9999 -9999 -9999 -9999 -9999 -9999 -9999 -9999 -9999 -9999 -9999 -9999 -9999 -9999 -9999 -9999 -9999 -9999 -9999 -9999 -9999 -9999 -9999 -9999 -9999 -9999 -9999 14.8642 44.414 153.266 275.023
-9999 -9999 -9999 -9999 -9999 -9999 -9999 -9999 -9999 -9999 -9999 -9999 -9999 -9999 -9999 -9999 -9999 -9999 -9999 -9999 -9999 -9999 11.9022 12.9718 14.9116 14.9345 10.0391 -9999 -9999 -9999 -9999 -9999 -9999 -9999 -9999 -9999 -9999 -9999 -9999 -9999 -9999 -9999 -9999 -9999 -9999 -9999 -9999 -9999 -9999 -9999 -9999 -9999 -9999 -9999 -9999 -9999 -9999 -9999 -9999 -9999 -9999 -9999 -9999 -9999 -9999 -9999 -9999 -9999 -9999 -9999 -9999 -9999 18.9466 54.2463 157.938 283.806
-9999 -9999 -9999 -9999 -9999 -9999 -9999 -9999 -9999 -9999 -9999 -9999 -9999 -9999 -9999 -9999 -9999 -9999 -9999 13.2115 14.4893 26.316 46.2171 51.52 58.6592 37.5112 34.7462 35.8549 33.2684 24.1465 -9999 -9999 -9999 -9999 -9999 -9999 -9999 -9999 -9999 -9999 -9999 -9999 -9999 -9999 -9999 -9999 -9999 -9999 -9999 -9999 -9999 -9999 -9999 -9999 -9999 -9999 -9999 -9999 -9999 -9999 -9999 -9999 -9999 -9999 -9999 -9999 -9999 -9999 -9999 -9999 -9999 -9999 10.9661 44.9155 212.043 294.445
-9999 -9999 -9999 -9999 -9999 -9999 -9999 -9999 -9999 -9999 -9999 -9999 -9999 -9999 -9999 -9999 -9999 -9999 18.635 28.6786 53.9351 95.1691 149.354 145.478 144.853 127.962 125.946 124.268 101.481 44.0627 12.3474 11.2871 11.8857 -9999 -9999 -9999 -9999 -9999 -9999 -9999 -9999 -9999 -9999 -9999 -9999 -9999 -9999 -9999 -9999 -9999 -9999 -9999 -9999 -9999 -9999 -9999 -9999 -9999 -9999 -9999 -9999 -9999 -9999 -9999 -9999 -9999 -9999 -9999 -9999 -9999 -9999 -9999 27.058 79.1415 189.146 325.122
-9999 -9999 -9999 -9999 -9999 -9999 -9999 -9999 -9999 -9999 -9999 -9999 -9999 -9999 -9999 -9999 21.6667 22.4618 48.2295 101.783 160.408 186.166 271.823 286.604 280.19 300.895 274.739 259.22 241.093 213.879 146.243 164.953 180.28 99.3786 38.9503 10.4158 6.26811 6.5 5.83409 7.47059 -9999 -9999 -9999 -9999 -9999 -9999 -9999 -9999 -9999 -9999 -9999 -9999 -9999 -9999 -9999 -9999 -9999 -9999 -9999 -9999 -9999 -9999 -9999 -9999 -9999 -9999 -9999 -9999 -9999 -9999 -9999 -9999 -9999 13.5195 74.4082 338.5
-9999 -9999 -9999 -9999 -9999 -9999 -9999 -9999 -9999 -9999 -9999 -9999 -9999 -9999 -9999 -9999 14.72 45.85 121.256 211.472 292.281 334.211 406.07 458.051 435.377 485.275 472.331 441.768 455.821 512.206 458.338 486.278 532.961 404.783 175.908 89.0054 22.31 6.32658 6.18506 6.58017 -9999 -9999 -9999 -9999 -9999 -9999 -9999 -9999 -9999 -9999 -9999 -9999 -9999 -9999 -9999 -9999 -9999 -9999 -9999 -9999 -9999 -9999 -9999 -9999 -9999 -9999 -9999 -9999 -9999 -9999 -9999 -9999 -9999 23.8747 144.667 337.942
-9999 -9999 -9999 -9999 -9999 -9999 -9999 -9999 -9999 -9999 -9999 -9999 -9999 -9999 -9999 9.125 23.2063 98.4218 222.429 326.646 462.314 613.99 605.658 711.776 759.05 801.672 822.433 734.425 773.853 825.925 886.094 974.242 1090.49 582.442 408.394 336.688 128.582 22.1828 4.81836 5.35884 5.33946 -9999 -9999 -9999 -9999 -9999 -9999 -9999 -9999 -9999 -9999 -9999 -9999 -9999 -9999 -9999 -9999 -9999 -9999 -9999 -9999 -9999 -9999 -9999 -9999 -9999 -9999 -9999 -9999 -9999 -9999 -9999 45.6889 106.512 235.231 271.206
-9999 -9999 -9999 -9999 -9999 -9999 -9999 -9999 6.08243 7.54237 5.47487 9.19544 -9999 6.75 9.75936 9.98793 78.1432 211.259 331.032 439.491 548.122 688.365 840.989 1025.57 1268.1 1311.96 1387.26 1149.9 1093.03 1052.94 1138.29 1401.96 1093.82 826.922 766.105 602.968 302.999 95.2009 11.6067 5.20574 3.8072 -9999 -9999 -9999 -9999 -9999 -9999 -9999 -9999 -9999 -9999 -9999 -9999 -9999 -9999 -9999 -9999 -9999 -9999 -9999 -9999 -9999 -9999 -9999 -9999 -9999 -9999 -9999 -9999 -9999 -9999 -9999 77.0982 173.901 202.091 212.064
-9999 -9999 -9999 -9999 -9999 -9999 -9999 -9999 8.11613 8.15211 6.6072 7.93042 10.8564 16.1819 24.2003 30.6148 182.075 428.064 459.41 578.072 702.907 861.346 1139.72 1573.6 1836.82 2024.38 2025.72 1655.75 1556.05 1370.51 1239.62 1191.21 1380.14 1130.38 1110.27 804.063 462.748 192.942 60.5888 12.3689 0 0 -9999 -9999 -9999 -9999 -9999 -9999 -9999 -9999 -9999 -9999 4.86667 5.22733 5.08214 7.06358 5.06797 5.5554 17.5742 29.0603 13.9412 -9999 -9999 -9999 -9999 -9999 -9999 -9999 -9999 -9999 -9999 -9999 35.716 65.2606 121.573 106.352
-9999 -9999 -9999 -9999 -9999 -9999 -9999 -9999 -9999 -9999 -9999 6.7 12.5378 44.0518 90.4049 105.738 205.622 457.581 570.947 679.992 852.182 1158.6 1461.35 1750.93 2219.8 2270.12 2091.48 2367.58 2212.85 1785.23 1594.01 1349.65 1471.36 1548.19 1047.95 814.022 521.837 270.116 85.8767 14.812 0 0 -9999 -9999 -9999 -9999 -9999 -9999 -9999 -9999 -9999 -9999 6.00651 5.74017 3.00727 2.71217 6.60718 8.67122 15.2571 40.6281 17.2333 1.58276 3.53517 -9999 -9999 -9999 -9999 -9999 -9999 -9999 43.4123 24.424 -9999 24.08 30.4395 19.5398
-9999 -9999 -9999 -9999 -9999 -9999 -9999 -9999 -9999 32.4304 63.4095 82.199 67.3706 158.624 211.221 247.697 314.675 414.357 573.965 742.554 983.49 1289.93 1656.59 1947.97 2320.52 2086.85 2127.14 2672.96 2979.99 2145.36 1858.72 1603.93 1654.84 1908 1437.23 1017.68 545.592 218.177 57.0412 7.05062 3.81619 2.7257 -9999 -9999 -9999 -9999 -9999 -9999 6.82904 7.74169 6.53979 5.25142 5.7292 5.03062 3.436 4.97149 10.9074 21.4686 26.341 51.4337 77.5862 51.9203 15.0257 24.6164 10.5497 8.33333 -9999 -9999 -9999 -9999 19.9418 24.5165 14.2034 10.7562 24.812 12.046
-9999 -9999 -9999 -9999 -9999 -9999 -9999 -9999 -9999 32.7267 184.099 143.734 281.036 404.86 422.14 435.121 607.164 582.262 552.051 664.152 880.521 1151.29 1487.22 1887.84 2216.5 2323.82 2408.74 2545.73 2464.96 1963.97 1710.23 1485.25 1791.87 1740.83 1283.79 809.473 379.515 118.332 25.161 3.8802 1.93736 0.871743 -9999 -9999 3.2683 5.03478 4.16854 4.38888 4.26485 4.04103 4.57739 2.94953 3.36408 4.1873 5.38625 13.6682 67.1399 66.3467 60.4179 98.9693 310.589 244.16 55.2097 74.2803 36.8246 23.7547 10.5198 0 -9999 0.5 23.1499 28.5895 9.9237 14.2947 65.8709 52.8502
-9999 -9999 -9999 -9999 -9999 -9999 -9999 -9999 -9999 67.2641 225.965 216.537 334.326 521.862 697.267 725.257 937.084 922.831 739.995 717.829 838.014 981.66 1243.09 1444.21 1816.2 2220.75 2089.9 1892.06 1655.83 1436.21 1324.3 1176.81 1177.46 1110.95 907.769 602.455 247.966 58.9028 5.96436 2.31579 3.42857 -9999 -9999 -9999 2.93788 2.04136 1.00674 1.71175 0 -9999 -9999 -9999 6.71655 6.71826 36.3914 97.9262 240.511 172.892 181.152 184.903 297.012 200.468 132.115 146.074 110.324 84.2257 39.0488 31.7518 8.3051 12.7378 44.6674 41.5169 7.00402 68.5288 196.199 113.054
-9999 -9999 -9999 -9999 -9999 -9999 -9999 -9999 -9999 54.3035 273.019 369.328 450.528 635.979 603.957 697.596 1079.79 1047.99 690.243 627.195 700.643 807.134 972.951 1125.01 1344.42 1546.35 1514.35 1338.95 1219.19 1088.06 977.311 852.53 779.469 698.205 540.795 355.987 104.576 10.3377 6.39744 -9999 -9999 -9999 -9999 -9999 -9999 6.66667 7.9381 -9999 -9999 4.33333 11.0009 8.20659 20.333 25.8758 108.975 200.572 346.342 318.569 316.973 339.811 268.506 196.483 182.119 242.586 213.326 153.326 116.856 99.1691 34.432 7.53284 23.6291 36.9703 20.0157 10.4272 52.905 71.125
-9999 -9999 -9999 -9999 -9999 -9999 -9999 -9999 -9999 15.0029 95.7819 266.07 250.344 376.971 385.17 490.245 698.829 707.359 499.433 496.828 560.95 668.814 770.217 868.233 994.665 1072.15 1027.12 978.256 872.597 805.319 724.596 609.823 533.046 456.179 286.673 144.623 29.8294 6.79332 -9999 -9999 -9999 -9999 6.26205 8.41055 5.5898 5.19976 8.17897 -9999 1.16129 3.9499 7.49346 17.7669 62.0138 136.74 177.798 419.831 373.233 565.619 536.674 516.814 391.541 339.434 270.966 439.772 409.831 297.124 219.277 144.08 100.213 52.5414 22.9352 34.4355 46.424 6.71903 10.5092 79.2159
-9999 -9999 -9999 -9999 -9999 -9999 -9999 -9999 -9999 5.8 24.1351 72.7761 90.1214 151.351 210.062 333.015 401.57 402.834 342.483 409.876 475.194 553.897 621.619 705.529 778.118 802.392 773.249 752.989 693.757 623.252 551.289 470.074 405.413 324.75 195.606 74.6945 12.73 4.99579 -9999 -9999 -9999 1.64672 3.18215 11.9021 9.66292 6.50625 48.7935 14.3723 22.9268 7.93584 12.4598 16.7275 77.019 344.037 351.188 643.878 471.781 760.563 948.7 646.518 516.386 373.52 320.389 656.701 624.773 401.802 297.701 211.67 167.418 97.5692 52.42 66.2505 37.8221 9.48353 11.5934 47.5082
-9999 -9999 -9999 -9999 -9999 -9999 -9999 -9999 -9999 -9999 8.68045 8.78006 22.3225 42.426 99.8018 171.035 215.533 222.04 269.506 353.287 408.819 468.566 503.291 575.834 614.218 613.692 609.797 593.503 543.092 489.734 405.931 346.215 284.861 209.605 125.959 38.7045 7.78898 3.37993 -9999 -9999 -9999 1.87943 1.40896 0.525 14.9319 25.2534 72.4731 53.4255 115.335 37.2879 67.211 96.6019 69.936 285.83 744.048 979.898 626.991 849.96 1163.54 894.143 601.936 384.246 413.745 725.44 778.501 567.216 366.569 277.369 177.947 108.114 108.508 66.0556 28.0133 14.6095 15.2428 40.8688
-9999 -9999 -9999 -9999 -9999 -9999 -9999 -9999 -9999 -9999 5.29877 7.66205 14.5459 33.8815 65.6617 98.9196 145.463 186.112 240.377 287.332 348.629 391.224 428.446 486.803 513.122 503.587 494.006 479.21 420.461 382.238 319.247 260.106 204.527 138.703 69.6902 26.8097 6.88839 3.75589 -9999 -9999 -9999 1.47068 3.07143 5.49961 14.1206 73.5656 136.302 182.462 224.575 125.115 208.43 305.609 271.966 266.827 572.489 1054.29 1134.36 1243.69 1320.32 891.365 622.566 439.557 594.44 642.889 728.427 502.767 381.336 313.288 211.444 178.262 98.8679 41.406 37.8095 41.7051 17.6623 71.1755
-9999 -9999 -9999 -9999 -9999 -9999 -9999 -9999 -9999 -9999 5.04994 7.27559 12.3668 26.2959 48.9348 84.4396 129.188 160.687 204.57 249.875 315.807 357.232 397.476 426.83 441.259 421.577 412.848 382.063 345.394 311.838 262.858 219.646 164.946 112.08 71.6589 20.5042 5.18175 -9999 -9999 -9999 -9999 -9999 8.49091 62.6398 102.268 125.239 159.03 142.982 335.06 417.894 465.706 678.834 764.253 614.492 612.375 1075.4 1375.16 1418.4 1211.09 977.713 733.048 660.09 848.796 857.55 748.939 592.408 471.674 375.125 239.039 387.337 159.382 53.5903 45.6793 89.5014 26.5531 35.7162
-9999 -9999 -9999 -9999 -9999 -9999 -9999 -9999 -9999 -9999 5.90286 6.30317 11.5743 21.6863 42.27 71.8869 106.433 148.714 198.833 249.188 320.692 363.097 385.577 382.649 375.232 370.154 365.221 329.998 292.494 260.033 229.01 189.1 135.778 88.4018 47.8271 17.464 -9999 -9999 -9999 -9999 -9999 12.8038 67.6653 324.049 329.658 55.9594 103.966 244.193 546.732 574.684 505.579 774.921 788.782 837.196 874.233 965.738 1141.52 1167.33 1023.8 904.148 791.448 913.742 1154.97 1196.81 897.832 695.846 539.026 396.184 326.675 307.404 105.938 71.3534 49.6314 71.1006 41.7524 30.9214
-9999 -9999 -9999 -9999 -9999 -9999 -9999 -9999 -9999 -9999 5.53459 9.07012 14.0698 21.0385 43.6645 60.2222 94.7107 148.686 199.121 245.069 300.823 340.748 353.714 341.302 350.944 346.302 325.507 299.729 261.293 222.017 187.44 156.598 112.108 65.9283 28.1015 14.7023 -9999 -9999 -9999 -9999 -9999 9.54387 60.3624 287.794 237.88 52.6115 108.956 412.451 478.238 311.115 260.077 712.41 763.19 685.67 707.395 864.183 978.518 1002.59 900.434 793.746 735.638 963.634 1305.41 1369.97 1015.98 765.583 579.594 472.462 573.533 364.625 142.709 84.0292 68.4701 76.9811 85.619 54.1693
-9999 -9999 -9999 -9999 -9999 -9999 -9999 -9999 -9999 -9999 3.47269 26.9465 29.7766 18.343 33.6459 52.0659 86.7777 130.6 176.736 216.322 256.731 295.792 319.427 325.808 346.931 352.005 311.313 278.756 237.72 200.733 168.381 132.458 74.2291 36.2774 12.0225 11.35 -9999 -9999 -9999 -9999 6.27498 28.3704 195.961 254.577 157.904 48.4808 58.2988 257.715 335.34 147.743 227.442 601.931 716.535 500.029 590.228 794.989 878.01 913.12 854.352 718.158 578.819 829.886 1084.27 1066.52 930.109 783.372 626.169 499.641 476.146 292.163 124.545 122.318 99.2828 104.991 116.74 110.39
-9999 -9999 -9999 -9999 -9999 -9999 -9999 -9999 -9999 -9999 7.08369 17.1982 29.0493 23.3108 51.6053 64.0114 83.1515 113.118 137.295 156.63 190.045 235.841 298.821 315.465 325.361 348.763 317.885 264.807 221.566 184.757 149.327 96.3506 37.4601 14.4084 -9999 -9999 -9999 -9999 -9999 0 2.47778 19.6781 131.612 205.394 97.5936 24.3813 65.5398 152.84 234.677 98.3268 198.455 345.321 532.093 410.96 546.715 749.342 881.104 746.23 756.745 696.886 510.654 773.605 807.906 795.17 759.134 667.726 579.879 466.224 352.039 223.224 275.838 375.757 222.565 192.115 193.617 247.722
-9999 -9999 -9999 3.33333 2.74667 -9999 0 0 5.65455 -9999 5.24095 10.6982 48.3701 39.4841 67.893 112.044 88.6076 105.845 113.176 116.078 131.749 175.592 241.269 260.653 246.699 264.895 277.213 240.78 205.921 165.598 123.909 70.7713 16.2507 6.82627 -9999 -9999 -9999 -9999 -9999 0 -9999 22.9881 38.7507 177.014 114.473 38.326 42.0353 126.753 57.3788 108.463 127.615 237.511 330.898 401.236 608.293 856.919 853.156 578.421 781.367 599.994 461.993 582.721 606.96 660.042 603.711 579.451 581.205 493.989 365.546 326.643 362.982 514.462 466.877 431.657 277.648 392.194
23.5459 17.7604 9.67993 5.74459 3.95933 3.3737 5.69895 13.5485 6.4111 22.9818 5.73698 30.6152 190.933 205.805 102.456 62.9444 83.968 102.582 118.88 106.789 115.709 150.974 191.506 201.174 177.308 179.51 173.73 161.166 164.658 142.03 96.0012 50.767 7.64867 -9999 -9999 -9999 -9999 -9999 0 0 -9999 21.3443 54.378 65.6277 88.1707 54.8872 47.6051 44.7294 91.5409 338.751 244.796 322.499 316.868 466.622 780.353 934.615 617.658 426.993 598.373 483.377 374.163 385.952 470.464 502.571 465.613 496.943 513.742 380.148 306.608 374.484 484.694 659.643 694.387 446.18 421.5 498.674
75.8199 64.2986 12.766 10.0135 16.874 19.8284 74.7463 105.007 51.2766 37.9486 38.0659 70.9817 209.1 394.241 196.602 69.5746 66.5807 89.1647 98.9438 104.439 109.166 120.735 151.014 144.105 139.671 136.081 134.706 112.562 98.0477 86.6631 58.185 27.4771 7.99446 -9999 -9999 -9999 -9999 -9999 0 0 -9999 18.272 23.5126 26.0044 20.0876 18.8311 107.127 189.749 165.109 199.426 520.794 538.018 413.603 469.967 695.25 703.909 511.777 372.304 495.88 353.11 295.676 333.397 454.972 380.753 404.226 456.801 399.216 278.846 389.197 434.94 611.221 574.18 679.715 606.92 546.66 629.871
158.216 174.561 47.1224 28.5209 27.7978 75.5925 205.149 221.921 242.62 87.2932 24.0037 103.327 212.713 328.81 354.166 148.335 65.556 72.1842 92.2432 97.3152 113.031 120.055 116.712 110.813 113 117.179 114.351 89.6055 68.5902 43.6837 9.4288 4.66377 -9999 -9999 -9999 -9999 -9999 -9999 -9999 -9999 -9999 33.0333 35.0825 10.4809 126.451 107.38 58.2944 122.008 202.39 285.802 580.342 603.346 686.253 677.547 485.017 461.459 644.594 416.929 355.032 266.487 244.827 288.757 290.522 382.827 541.394 401.594 291.125 276.449 348.479 318.413 435.212 394.432 520.218 687.975 641.381 676.435
130.741 240.52 195.156 125.641 81.2269 150.157 216.703 242.762 290.225 113.939 69.9776 144.672 248.049 261.451 256.352 122.633 85.6804 85.1122 90.9083 92.5031 113.113 111.881 112.012 103.926 103.953 103.286 78.2752 64.5152 41.6211 20.6395 3.71668 0 -9999 -9999 -9999 -9999 -9999 -9999 -9999 -9999 -9999 -9999 -9999 91.6128 208.695 253.902 211.458 116.118 121.953 206.22 398.019 461.275 708.243 468.947 343.24 383.462 592.233 475.741 620.896 447.276 251.188 214.323 369.85 501.12 492.541 284.624 241.64 227.415 300.389 398.141 600.684 610.491 648.239 723.036 774.425 652.953
52.8789 117.61 146.048 218.185 182.69 83.4357 169.782 329.056 308.602 213.474 139.764 149.274 184.703 224.608 233.372 140.157 124.318 101.092 90.0943 110.939 122.848 107.81 92.5171 73.7679 80.8344 56.3823 36.3954 29.7837 14.7818 8.28229 3.0465 3.13851 -9999 -9999 -9999 -9999 -9999 -9999 -9999 -9999 -9999 45.3832 41.6084 20.4807 74.628 215.073 310.054 255.704 187.857 198.219 289.799 548.538 671.958 503.73 384.669 309.934 345.353 431.836 607.888 611.49 474.327 247.863 319.221 321.394 365.973 207.381 252.883 272.66 360.297 371.757 551.057 766.18 842.041 892.556 847.294 883.226
102.767 52.2813 31.2755 81.1555 44.4215 66.6962 183.44 239.307 152.772 197.269 142.275 146.074 196.443 239.513 196.399 156.663 125.633 107.743 129.574 153.53 143.287 129.256 110.261 60.7201 38.8729 21.2646 10.9593 11.4468 9.36973 9.82515 8.32843 8.55723 7.112 4.5619 -9999 -9999 -9999 -9999 -9999 -9999 -9999 22.857 63.4753 23.7847 65.4818 281.242 298.28 255.912 267.34 304.421 341.452 516.988 745.897 476.897 393.684 333.194 310.051 311.642 399.367 421.311 394.682 374.615 296.508 198.152 197.998 214.51 428.894 388.574 545.468 559.08 521.937 686.515 892.049 1037.52 1008.97 763.83
-9999 -9999 -9999 -9999 0 35.4282 151.472 150.373 37.8737 40.0142 36.632 30.9572 85.8686 76.5762 41.421 60.9016 150.881 162.771 172.981 163.645 130.124 111.656 94.7895 56.153 18.7554 13.4868 -9999 13.2985 23.7176 16.4902 13.0822 17.069 19.2656 20.2987 11.12 -9999 -9999 -9999 -9999 -9999 58.7002 64.2003 59.296 40.0273 63.1027 227.62 218.76 277.376 326.714 522.236 529.977 475.411 691.769 648.298 557.003 455.66 334.563 259.171 229.931 258.211 210.504 268.261 222.369 269.258 304.473 382.749 556.441 511.686 527.265 741.076 662.051 771.778 800.34 810.693 851.999 742.029
-9999 -9999 -9999 -9999 -9999 -9999 39.9801 86.3755 66.8518 37.7425 34.5715 24.5457 8.71408 26.0847 22.698 66.5087 133.605 93.5983 71.9364 100.295 46.8777 35.7444 24.6307 35.8136 38.2085 25.8908 -9999 26.2529 31.2777 16.9071 9.60012 18.0516 34.9621 16.4804 1 -9999 -9999 -9999 -9999 -9999 63.0042 103.903 129.834 121.232 111.407 132.484 354.942 446.94 466.311 442.687 552.417 418.908 479.629 468.531 410.02 358.517 263.095 347.397 304.678 412.263 246.377 115.602 184.146 307.387 343.29 393.188 515.381 604.945 695.963 701.851 648.835 801.12 796.106 753.114 800.498 716.605
-9999 -9999 -9999 -9999 -9999 -9999 -9999 17.4571 34.5185 1.4416 2 25.5 -9999 -9999 19.2461 98.214 44.0987 24.1679 45.0428 71.802 22.3818 11.9514 8.70772 16.0206 29.6406 35.6654 26.2148 21.9739 17.1244 6.17861 6.13338 10.7284 16.4938 4 -9999 -9999 -9999 -9999 -9999 57.2557 41.8356 45.1852 199.279 418.321 502.427 403.312 300.113 541.526 442.742 334.759 356.92 313.868 421.287 546.601 404.385 292.844 312.799 470.498 423.031 389.71 258.097 99.2836 196.377 282.542 314.201 459.334 549.706 692.734 772.443 744.816 570.99 863.906 835.34 830.191 1022.4 756.17
-9999 -9999 -9999 -9999 -9999 -9999 -9999 -9999 -9999 -9999 -9999 -9999 -9999 -9999 -9999 -9999 16.5 20 22.25 -9999 -9999 11.1053 17.175 16.0317 52.529 38.0156 24.7778 11.7177 6.84032 1.42577 3.5 -9999 -9999 -9999 -9999 -9999 -9999 -9999 -9999 -9999 25.4194 76.7153 358.577 534.799 645.711 694.026 514.636 636.878 472.425 392.614 284.562 275.27 443.62 597.247 414.237 353.59 295.428 292.059 204.219 244.62 219.674 79.078 160.938 254.212 327.737 396.256 461.443 663.844 667.381 662.571 548.608 506.267 635.085 725.85 846.127 563.141
