public/models/data/input/map/ntb/2500/mapdplant.asc
NCOLS 156
NROWS 110
XLLCORNER 370313.940441
YLLCORNER 9268024.452423
CELLSIZE 2500.000000
NODATA_VALUE       -9999
[rows 68 to 101 of 110, columns 0 to 76 of 156]
-9999 -9999 -9999 -9999 -9999 -9999 -9999 -9999 -9999 -9999 -9999 -9999 -9999 -9999 -9999 -9999 -9999 -9999 -9999 -9999 -9999 -9999 -9999 -9999 -9999 -9999 -9999 -9999 -9999 -9999 -9999 -9999 -9999 -9999 -9999 -9999 -9999 -9999 -9999 -9999 -9999 -9999 -9999 -9999 -9999 -9999 -9999 -9999 -9999 -9999 -9999 -9999 -9999 -9999 -9999 -9999 -9999 -9999 -9999 -9999 -9999 -9999 -9999 -9999 -9999 -9999 -9999 -9999 -9999 -9999 -9999 -9999 -9999 -9999 -9999 -9999 -9999
-9999 -9999 -9999 -9999 -9999 -9999 -9999 -9999 -9999 -9999 -9999 -9999 -9999 -9999 -9999 -9999 -9999 -9999 -9999 -9999 -9999 -9999 33998.7 34419 35293.6 35874.3 -9999 -9999 -9999 -9999 -9999 -9999 -9999 -9999 -9999 -9999 -9999 -9999 -9999 -9999 -9999 -9999 -9999 -9999 -9999 -9999 -9999 -9999 -9999 -9999 -9999 -9999 -9999 -9999 -9999 -9999 -9999 -9999 -9999 -9999 -9999 -9999 -9999 -9999 -9999 -9999 -9999 -9999 -9999 -9999 -9999 -9999 -9999 -9999 -9999 -9999 -9999
-9999 -9999 -9999 -9999 -9999 -9999 -9999 -9999 -9999 -9999 -9999 -9999 -9999 -9999 -9999 -9999 -9999 -9999 -9999 33710.5 33425.7 33276.6 32469.6 32577.4 33648.7 34608.6 35629.5 36509.9 37156.9 37235.5 -9999 -9999 -9999 -9999 -9999 -9999 -9999 -9999 -9999 -9999 -9999 -9999 -9999 -9999 -9999 -9999 -9999 -9999 -9999 -9999 -9999 -9999 -9999 -9999 -9999 -9999 -9999 -9999 -9999 -9999 -9999 -9999 -9999 -9999 -9999 -9999 -9999 -9999 -9999 -9999 -9999 -9999 -9999 -9999 -9999 -9999 -9999
-9999 -9999 -9999 -9999 -9999 -9999 -9999 -9999 -9999 -9999 -9999 -9999 -9999 -9999 -9999 -9999 -9999 -9999 33072.1 32992.7 32164.7 31184.6 30155.2 30206.5 31284.3 32265.2 33338.8 34346.2 35406.4 36268.6 37496.3 39740.8 40707.5 -9999 -9999 -9999 -9999 -9999 -9999 -9999 -9999 -9999 -9999 -9999 -9999 -9999 -9999 -9999 -9999 -9999 -9999 -9999 -9999 -9999 -9999 -9999 -9999 -9999 -9999 -9999 -9999 -9999 -9999 -9999 -9999 -9999 -9999 -9999 -9999 -9999 -9999 -9999 -9999 -9999 -9999 -9999 -9999
-9999 -9999 -9999 -9999 -9999 -9999 -9999 -9999 -9999 -9999 -9999 -9999 -9999 -9999 -9999 -9999 31232.1 31840.6 31581.6 30596.6 29536.3 28528.9 27499.2 27550.5 28628.3 29609.2 30682.8 31690.4 32761.8 34116.1 36453.2 38283.8 39481.2 40285.2 40764.8 42652.9 44270.9 -9999 -9999 -9999 -9999 -9999 -9999 -9999 -9999 -9999 -9999 -9999 -9999 -9999 -9999 -9999 -9999 -9999 -9999 -9999 -9999 -9999 -9999 -9999 -9999 -9999 -9999 -9999 -9999 -9999 -9999 -9999 -9999 -9999 -9999 -9999 -9999 -9999 -9999 -9999 -9999
-9999 -9999 -9999 -9999 -9999 -9999 -9999 -9999 -9999 -9999 -9999 -9999 -9999 -9999 -9999 -9999 30395.7 30229.5 29236 28228.6 27168.3 26160.9 25131.2 25182.5 26260.3 27241.2 28314.8 29326.1 30732.4 32917.4 34928 36021.2 37122.1 38121.2 39747.8 42062.8 44487.3 45942.8 -9999 -9999 -9999 -9999 -9999 -9999 -9999 -9999 -9999 -9999 -9999 -9999 -9999 -9999 -9999 -9999 -9999 -9999 -9999 -9999 -9999 -9999 -9999 -9999 -9999 -9999 -9999 -9999 -9999 -9999 -9999 -9999 -9999 -9999 -9999 -9999 -9999 -9999 -9999
-9999 -9999 -9999 -9999 -9999 -9999 -9999 -9999 -9999 -9999 -9999 -9999 -9999 -9999 -9999 27905.8 28679.8 27717.7 26644 25636.6 24576.3 23568.9 22539.2 22590.5 23668.3 24649.2 25729.9 27084.1 29427.8 31655.7 32485.8 33429.9 34562.5 36086.4 38562.2 40994.2 43500 45538.4 46682.2 47850 -9999 -9999 -9999 -9999 -9999 -9999 -9999 -9999 -9999 -9999 -9999 -9999 -9999 -9999 -9999 -9999 -9999 -9999 -9999 -9999 -9999 -9999 -9999 -9999 -9999 -9999 -9999 -9999 -9999 -9999 -9999 -9999 -9999 -9999 -9999 -9999 -9999
-9999 -9999 -9999 -9999 -9999 -9999 -9999 -9999 -9999 -9999 -9999 -9999 -9999 29936 28743.5 27107.4 26266.3 25285.7 24212 23204.6 22144.3 21136.9 20107.2 20158.5 21236.3 22221 23644.7 25849.4 28550.9 30333.3 30056.3 31011.8 32812.9 35242.8 37776.4 39997.1 42271.6 44442.4 46902.7 48610.9 -9999 -9999 -9999 -9999 -9999 -9999 -9999 -9999 -9999 -9999 -9999 -9999 -9999 -9999 -9999 -9999 -9999 -9999 -9999 -9999 -9999 -9999 -9999 -9999 -9999 -9999 -9999 -9999 -9999 -9999 -9999 -9999 -9999 -9999 -9999 -9999 -9999
-9999 -9999 -9999 -9999 -9999 -9999 -9999 -9999 -9999 -9999 -9999 -9999 32865 30570.4 28110.4 25771.6 23782.1 22726.2 21652 20644.6 19584.3 18576.9 17547.2 17598.5 18688.5 20014.4 22804 24957.5 28544.6 28470.7 27518.1 29119.4 32842.9 36254.7 36933.1 38677.7 40944.4 43332.6 45924.6 48117 -9999 -9999 -9999 -9999 -9999 -9999 -9999 -9999 -9999 -9999 -9999 -9999 -9999 -9999 -9999 -9999 46732.1 45048.9 42526.7 41560.3 39238.6 -9999 -9999 -9999 -9999 -9999 -9999 -9999 -9999 -9999 -9999 -9999 -9999 -9999 -9999 -9999 -9999
-9999 -9999 -9999 -9999 -9999 -9999 -9999 -9999 -9999 -9999 -9999 33494.9 31920.6 29701.2 27109.2 24741.2 22131.4 20381.6 19220 18212.6 17152.3 16144.9 15115.2 15166.5 16368.9 18693.5 23932.8 23872 23526.2 23959.5 26978.9 29669.8 32041.1 34028.8 35234.6 37384.9 39893.3 42325.3 44917.3 47120.5 -9999 -9999 -9999 -9999 -9999 -9999 -9999 -9999 -9999 -9999 -9999 -9999 -9999 -9999 -9999 47681.2 46515.2 44358.8 41760.5 39699.8 38099.7 33134.4 32499.2 -9999 -9999 -9999 -9999 -9999 -9999 -9999 10220.9 9672.73 -9999 -9999 -9999 -9999 -9999
-9999 -9999 -9999 -9999 -9999 -9999 -9999 -9999 -9999 37040.5 35926.8 33593.4 31059.2 28627.6 26035.6 23667.6 21011.6 18671.8 16715.9 15621.1 14560.3 13552.9 12523.2 12575.2 13375.4 12355.6 -9999 17100 19590.8 21631.6 24598.6 28055.4 29421.2 31573.7 33869 36259.7 38819.6 41251.9 43863.4 45659.4 -9999 -9999 -9999 -9999 -9999 -9999 -9999 -9999 -9999 -9999 -9999 -9999 -9999 -9999 48073.4 47163.4 45617.1 43270.8 40678.8 38250.1 35807.1 33204.2 30839.8 28124.3 25584.1 23918.8 -9999 -9999 -9999 -9999 8576.37 8743.54 3923.66 4111.64 4992.91 7598.92 9925.81
-9999 -9999 -9999 -9999 -9999 -9999 -9999 -9999 -9999 36995.5 35071 32638.7 30078.7 27646.7 25054.7 22686.7 20030.7 17662.7 15116.9 13328.2 12192.3 11184.9 10155.2 10206.9 11234.2 12281.3 13485.8 15719.6 17798.7 20280.5 23117.7 25664.7 28070.8 30320.5 32846.7 35278.7 37840.7 40467.7 42960.4 44285 -9999 -9999 -9999 -9999 -9999 -9999 -9999 -9999 -9999 -9999 -9999 -9999 -9999 -9999 48908.3 47201.9 44654.2 42290 39698 37266 34706 32274 29682.3 27315.2 24676 22551.7 19534.8 19006.6 -9999 8027.73 7078.5 5620.79 1054.45 1837.49 4248.43 6670.13 9506.72
-9999 -9999 -9999 -9999 -9999 -9999 -9999 -9999 37555.1 36275.8 33970.6 31538.6 28978.6 26546.6 23954.6 21586.6 18930.6 16562.6 13970.6 11561.6 9626.56 8528.92 7499.17 7550.54 8621.71 9652.92 11909.2 14178.9 16738.6 19170.6 21762.3 24130.5 26787 29154.6 31746.6 34178.6 36768.5 39247 41520.9 43091.2 -9999 -9999 -9999 -9999 -9999 -9999 -9999 -9999 -9999 -9999 -9999 -9999 52596.5 51020 48590.1 46223.7 43567.7 41199.7 38607.9 36176.9 33615.8 31182.5 28583 26215 23559 21191 18594 16142.4 14089 9276.25 7158.6 4902.56 3235.96 3115.55 4876.83 7255.09 10288.2
-9999 -9999 -9999 -9999 -9999 -9999 -9999 -9999 -9999 35109.6 32989.7 30557.7 27997.7 25565.7 22973.7 20605.7 17949.7 15581.7 12989.7 10557.7 8048.66 6242.57 5131.18 5182.54 6376.88 8213.07 10767 13197.7 15757.7 18189.7 20781.7 23149.7 25805.7 28173.7 30765.7 33197.7 35752.4 37964.9 39749.5 -9999 -9999 -9999 -9999 -9999 -9999 -9999 -9999 -9999 -9999 -9999 60242.2 59120.1 53066.7 50852.8 48263.7 45895.7 43239.7 40871.7 38279.7 35847.7 33287.7 30854.2 28249 25881.2 23225.2 20857.3 18265.9 15835.6 13277.3 10739.7 8260.1 6722.43 5588.86 5441.42 6528.8 8289.29 10809.8
-9999 -9999 -9999 -9999 -9999 -9999 -9999 -9999 -9999 34183.5 31877.7 29484.1 26924.1 24492.1 21900.1 19532.1 16876.1 14508.1 11916.1 9484.1 6924.11 4517.33 2621.24 2689.54 4743.73 7100.11 9692.1 12124.1 14684.1 17122.6 19714 22076.1 24753.6 27111.1 29692.1 32124.1 34667.9 36442.7 -9999 -9999 -9999 -9999 -9999 -9999 -9999 -9999 -9999 -9999 64154.9 61380.9 59743.7 57502.4 54235 51801.8 49209.8 46841.8 44185.8 41817.8 39225.8 36793.8 34233.8 31802.8 29209.7 26841.8 24185.8 21848.3 19235.5 16793.7 14234.4 11915.7 10273.5 9268.58 8180.86 8033.4 9044.91 10102.7 11921.3
-9999 -9999 -9999 -9999 -9999 -9999 -9999 -9999 -9999 33642.4 30602.2 28792.7 26238.8 23806.8 21214.8 18846.8 16190.8 13822.8 11230.8 8798.79 6238.79 3806.79 1422.55 1641.13 4239.68 6572.67 9161.91 11593.9 14153.9 16586.1 19178.4 21545.9 24208.3 26572.7 29161.9 31593.9 34067.4 35667.6 -9999 -9999 -9999 -9999 -9999 -9999 74704 73549.7 70572.2 68210.3 65154.2 62815.8 60236.5 57804.9 55241.1 52809.1 50217.1 47849.1 45193.1 42825.1 40233.1 37801.1 35241.1 32809.1 30217.1 27849.1 25193.1 22827.6 20233 17801.1 15362.4 13794.4 12681.5 11700.5 10612.9 10465.4 11476.9 12484.3 13620.2
-9999 -9999 -9999 -9999 -9999 -9999 -9999 -9999 -9999 -9999 30746.8 29549.3 27017.9 24585.9 21993.9 19625.9 16969.9 14601.9 12010 9577.96 7018.47 4669.2 3012.76 3409.61 6719.06 7661.72 10052.4 12483.6 15043.6 17475.6 20067.6 22435.6 25091.6 27459.6 30051.6 32483.6 34992.9 36386.4 -9999 -9999 -9999 -9999 -9999 -9999 75754.9 73916.5 71273.8 68909.5 66253.5 63885.5 61293.5 58861.5 56301.5 53869.5 51277.5 48909.5 46253.5 43885.5 41293.5 38861.5 36301.5 33869.5 31277.5 28909.5 26253.5 23886.8 21298.3 18988.7 17349.6 16315.1 15361.9 14272 13172.9 13025.4 14036.9 15044.3 16104.7
-9999 -9999 -9999 -9999 -9999 -9999 -9999 -9999 -9999 -9999 31616.4 30535.5 28025.3 25593.3 23001.3 20633.3 17977.3 15609.3 13017.3 10585.3 8108.56 6468.95 5423.65 7094.89 9176.07 9667.86 11203.2 13491.7 16051 18483 21075 23443 26099 28467 31059 33491 35936 37091.2 -9999 -9999 -9999 -9999 81344.3 79889.2 77318.9 74876.9 72284.9 69916.9 67260.9 64892.9 62300.9 59868.9 57308.9 54876.9 52284.9 49916.9 47260.9 44892.9 42300.9 39868.9 37308.9 34876.9 32284.9 29916.9 27260.9 24894 22418.1 20854.2 19754.4 18747.1 17937.4 16792.8 15604.9 15457.4 16468.9 17476.3 18536.6
-9999 -9999 -9999 -9999 -9999 -9999 -9999 -9999 -9999 -9999 32609.9 31593.1 29098.9 26666.9 24074.9 21706.9 19050.9 16682.9 14091.1 11750.8 10056.2 9019.49 8024.7 8422.49 10579.2 12178.9 13325.2 14755.8 17125.6 19556.6 22148.6 24516.6 27172.6 29540.6 32132.6 34410.9 35776.4 -9999 -9999 -9999 -9999 -9999 82996.8 80941.2 78385.6 75950.5 73358.5 70990.5 68334.5 65966.5 63374.5 60942.5 58382.5 55950.5 53358.5 50990.5 48334.5 45966.5 43374.5 40942.5 38382.5 35950.5 33358.5 30990.5 28335.5 26090.5 24447.2 23410.3 22346.4 21339.1 20272 19284.6 18196.9 18049.4 19060.9 20068.3 21128.6
-9999 -9999 -9999 -9999 -9999 -9999 -9999 -9999 -9999 -9999 33472.3 32550.3 30079.8 27647.8 25055.8 22687.8 20031.8 17663.8 15144.2 13504.5 12394.8 11387.5 10390.9 10601.7 11938 13908.7 15655.5 16703.8 18244.2 20537.5 23129.5 25497.5 28153.5 30521.5 33113.2 34735.1 -9999 -9999 -9999 -9999 -9999 85736.8 84260.5 81923.4 79363.4 76931.4 74339.4 71971.4 69315.4 66947.4 64355.4 61923.4 59363.4 56931.4 54339.4 51971.4 49315.4 46947.4 44355.4 41923.4 39363.4 36931.4 34339.4 31971.4 29427.5 27901.7 26788.6 25778.3 24714.4 23707.1 22633.4 21652.6 20564.9 20417.4 21428.9 22436.3 23496.6
-9999 -9999 -9999 -9999 -9999 -9999 -9999 -9999 -9999 -9999 34748.8 33685.7 31180 28748 26156 23788 21132.1 18852.1 17138.9 16111.2 15050.8 14043.5 13046.9 13257.3 14350.3 15507.7 17616.5 19287.3 20416.3 21824.6 24230.4 26597.7 29253.7 31621.7 34071.1 34884 -9999 -9999 -9999 -9999 -9999 87522.2 85455.6 83023.6 80463.6 78031.6 75439.6 73071.6 70415.6 68047.6 65455.6 63023.6 60463.6 58031.6 55439.6 53071.6 50415.6 48047.6 45455.6 43023.6 40463.6 38031.6 35440.6 33183.6 31507.7 30511.9 29440 28432.5 27370.4 26363.1 25289.4 24308.6 23220.9 23073.4 24084.9 25092.3 26152.6
-9999 -9999 -9999 -9999 -9999 -9999 -9999 -9999 -9999 -9999 35806.5 34682 32160.8 29728.8 27136.8 24768.8 22200.9 20614.1 19486.6 18479.2 17418.8 16411.5 15414.9 15625.3 16718 17700.8 19007.4 21012.4 22737.5 23795.4 25357.7 27579.3 30234.5 32540.5 34265.3 34759.5 -9999 -9999 -9999 -9999 90500.8 88932.1 86436.4 84004.4 81444.4 79012.4 76420.4 74052.4 71396.4 69028.4 66436.4 64004.4 61444.4 59012.4 56420.4 54052.4 51396.4 49028.4 46436.4 44004.4 41444.4 39012.4 36544.4 35006.7 33860.7 32879.9 31819 30808.6 29738.4 28731.1 27657.4 26676.6 25588.9 25441.4 26452.9 27460.3 28520.6
-9999 -9999 -9999 -9999 -9999 -9999 -9999 -9999 -9999 -9999 37348.8 35779.7 33234.5 30802.5 28210.6 25914.9 24153.4 23152.2 22078.6 21071.2 20010.8 19003.5 18006.9 18217.3 19310 20290.8 21364.8 22563.7 24651.9 26323.3 27461 28839.1 31306.9 33054.7 -9999 -9999 -9999 -9999 -9999 -9999 90308 89357 87502.4 85078.1 82518.1 80086.1 77494.1 75126.1 72470.1 70102.1 67510.1 65078.1 62518.1 60086.1 57494.1 55126.1 52470.1 50102.1 47510.1 45078.1 42518.8 40200 38557.9 37552.9 36452.7 35471.9 34398.2 33390.8 32330.4 31323.1 30249.4 29268.6 28180.9 28033.4 29044.9 30052.3 31112.6
-9999 -9999 -9999 -9999 -9999 -9999 -9999 -9999 -9999 -9999 38909.7 36800.4 34241.9 31809.9 29309.7 27714.6 26565.1 25584.2 24510.6 23503.2 22442.8 21435.5 20438.9 20649.3 21742 22722.8 23796.5 24805.8 26093.6 28091.3 29842.6 30870.2 32325.1 33184.9 -9999 -9999 -9999 -9999 -9999 -9999 -9999 89178.1 88342.2 86085.5 83525.5 81093.5 78501.5 76133.5 73477.5 71109.5 68517.5 66085.5 63525.5 61093.5 58501.5 56133.5 53477.5 51109.5 48517.5 46085.5 43646.8 42078.8 40965.8 39984.9 38884.7 37903.9 36830.2 35822.8 34762.4 33755.1 32681.4 31700.6 30612.9 30465.4 31476.9 32484.3 33548.1
69557.9 69010.2 68375.1 64397.1 -9999 57081.8 55090.7 53142.4 50220.4 50350.5 40117.6 37854.8 35302.8 32953.5 31235.5 30225.3 29125.1 28144.2 27070.6 26063.2 25002.8 23995.5 22998.9 23209.3 24302 25282.8 26356.5 27363.9 28426.2 29623.5 31737.9 33361.5 33769.9 -9999 -9999 -9999 -9999 -9999 -9999 -9999 -9999 91727.9 89459.6 87146 84585.9 82153.9 79561.9 77193.9 74537.9 72169.9 69577.9 67145.9 64585.9 62153.9 59561.9 57193.9 54537.9 52169.9 49578.5 47267.2 45634 44599.4 43525.8 42544.9 41444.7 40463.9 39390.2 38382.8 37322.4 36315.1 35241.4 34260.6 33172.9 33025.4 34036.9 35044.3 36113.4
69338.1 67213.1 64921 63760.1 58095.7 57347.5 54544.8 52188.9 49524.7 48195.5 40997.2 38866.4 36392.9 34753.3 33638.1 32657.3 31557.1 30576.2 29502.6 28495.2 27434.8 26427.5 25430.9 25641.3 26734 27714.8 28788.5 29795.9 30856.3 31864 33172.2 35037.5 35692.9 -9999 -9999 -9999 -9999 -9999 -9999 -9999 -9999 92023.6 90525.6 88154.8 85593.3 83161.3 80569.3 78201.3 75545.3 73177.3 70585.3 68153.3 65593.3 63161.3 60569.3 58201.3 55545.3 53177.3 50699.2 49138.5 48038.8 47031.4 45957.8 44976.9 43876.7 42895.9 41822.2 40814.8 39754.4 38747.1 37673.4 36692.6 35604.9 35457.4 36468.9 37476.3 38536.6
68375.1 66105.6 63523.7 61270.2 58427 56151 53497.6 51129.6 48473.6 46141.6 43042.1 40029.4 38340.5 37303.8 36230.1 35249.3 34149.1 33168.2 32094.6 31087.2 30026.8 29019.5 28022.9 28233.3 29326 30306.8 31380.5 32387.9 33448.3 34456.7 35352.1 35540.3 -9999 -9999 -9999 -9999 -9999 -9999 -9999 -9999 -9999 92236 91731.3 88974.3 86666.9 84234.9 81642.9 79274.9 76618.9 74250.9 71658.9 69226.9 66666.9 64234.9 61642.9 59274.9 56619.9 54374.9 52722.7 51691.3 50630.8 49623.4 48549.8 47568.9 46468.7 45487.9 44414.2 43406.8 42346.4 41339.1 40265.4 39284.6 38196.9 38049.4 39060.9 40068.3 41128.6
68167.8 65992.9 63400.9 60968.9 58408.9 55976.9 53384.9 51016.9 48360.9 45992.9 43458.7 41789.4 40679.2 39671.8 38598.1 37617.3 36517.1 35536.2 34462.6 33455.2 32394.8 31387.5 30390.9 30601.3 31694 32674.8 33748.5 34755.9 35813.9 36812.1 37218 -9999 -9999 -9999 -9999 -9999 -9999 -9999 -9999 -9999 -9999 -9999 -9999 89719.9 87647.8 85215.8 82623.8 80255.8 77599.8 75231.8 72639.8 70207.8 67647.8 65215.8 62623.8 60255.8 57711.8 56186.1 55066.6 54059.2 52998.8 51991.4 50917.8 49936.9 48836.7 47855.9 46782.2 45774.8 44714.4 43707.1 42633.4 41652.6 40564.9 40417.4 41428.9 42436.3 43496.6
68678.5 66971.9 64357.6 62017.6 59464.4 57032.1 54440.3 52072.3 49416.5 47136.4 45423.3 44395.6 43335.2 42327.8 41254.1 40273.3 39173.1 38192.2 37118.6 36111.2 35050.8 34043.5 33046.9 33257.3 34350 35330.7 36378.9 37392.3 38384.2 40558.3 47149.6 53199.1 -9999 -9999 -9999 -9999 -9999 -9999 -9999 -9999 -9999 96024.2 94467.8 91668.4 88747.6 86315.9 83723.9 81355.9 78699.9 76331.9 73739.9 71307.9 68747.9 66315.9 63724.9 61468 59792.1 58796.2 57722.6 56715.2 55654.8 54647.4 53573.8 52592.9 51492.7 50511.9 49438.2 48430.8 47370.4 46363.1 45289.4 44308.6 43220.9 43073.4 44084.9 45092.3 46152.6
68131.5 67288.5 64487 62310.8 60634.8 57749.8 55421.2 53053.2 50485.3 48898.1 47758 46757.9 45703.2 44695.8 43622.1 42641.3 41541.1 40560.2 39486.6 38479.2 37418.8 36426.7 35415.4 35625.3 36721.1 37721 37838.2 40166.4 41536.8 42733 50691 52063.8 54344.1 56079.8 -9999 -9999 -9999 -9999 -9999 -9999 -9999 96824.4 94736.2 92307.5 89728.6 87296.8 84704.8 82336.8 79680.8 77312.8 74720.8 72288.8 69728.8 67296.8 64828.8 63291.1 62176.1 61161 60090.6 59083.2 58022.8 57015.4 55941.8 54960.9 53860.7 52879.9 51806.2 50798.8 49738.4 48731.1 47657.4 46676.6 45588.9 45441.4 46452.9 47460.3 48520.6
-9999 -9999 -9999 -9999 -9999 57851.2 56385 54199.4 52495.3 51552.8 51259.3 49419.4 48208.4 47110.4 46085.5 45230.2 44133.1 43152.2 42078.6 41071.2 40010.8 39007.5 38007 38217.3 39412.2 40341.9 -9999 45802.4 45072.3 44992 48448.3 50363.5 53593.4 55710.2 57301 -9999 -9999 -9999 -9999 -9999 100675 98405.4 95792.9 93362.5 90802.5 88370.5 85778.5 83410.5 80754.5 78386.5 75794.5 73362.5 70803.1 68484.4 66842.3 65837.3 64870.3 63781.9 62682.6 61675.2 60614.8 59607.4 58533.8 57552.9 56452.7 55471.9 54398.2 53390.8 52330.4 51323.1 50249.4 49268.6 48180.9 48033.4 49044.9 50052.3 51112.6
-9999 -9999 -9999 -9999 -9999 -9999 56570.8 55718.9 55488.3 55289.3 52569.8 51728.3 49059 47687.5 48008.9 47657.5 46565.1 45584.2 44510.6 43507.1 42421.5 41435.9 40440.6 40650.8 41783.9 42889.5 -9999 48357.4 47433.2 47185.3 49367.2 51152.1 53488.1 54664.9 -9999 -9999 -9999 -9999 -9999 104064 101776 99383.4 96801.8 94369.8 91809.8 89377.8 86785.8 84417.8 81761.8 79393.8 76801.8 74369.8 71931.2 70363.1 69250.2 68269.3 67170.1 66188.2 65114.6 64107.2 63046.8 62039.4 60965.8 59984.9 58884.7 57903.9 56830.2 55822.8 54762.4 53755.1 52681.4 51700.6 50612.9 50465.4 51476.9 52484.3 53544.6
-9999 -9999 -9999 -9999 -9999 -9999 -9999 56775.6 57120.9 57452.3 -9999 53045.1 -9999 -9999 50214.7 49807.4 48981.9 47683.1 46935.1 45598.7 44397.3 43663.2 43977.7 43749.5 44381.5 44806.7 52172.1 51076.2 49958.3 49508.6 50628.8 52348.1 53499.6 -9999 -9999 -9999 -9999 -9999 -9999 104375 102674 100451 97862.3 95430.3 92870.3 90438.3 87846.3 85478.3 82822.3 80454.3 77862.9 75551.6 73918.4 72883.8 71810.1 70829.3 69729.1 68748.2 67674.6 66667.2 65606.8 64599.4 63525.8 62544.9 61444.7 60463.9 59390.2 58382.8 57322.4 56315.1 55241.4 54260.6 53172.9 53025.4 54036.9 55044.3 56104.6
-9999 -9999 -9999 -9999 -9999 -9999 -9999 -9999 -9999 -9999 -9999 -9999 -9999 -9999 -9999 -9999 50016 48146.3 48032.8 -9999 -9999 44674.8 46456.2 47120.5 47170.6 47446.7 52545.1 52017.8 51022.6 50573.5 -9999 -9999 -9999 -9999 -9999 -9999 -9999 -9999 -9999 -9999 103494 101458 98869.6 96437.6 93877.6 91445.6 88853.6 86485.6 83829.6 81461.6 78983.5 77422.9 76323.2 75315.8 74242.1 73261.3 72161.1 71180.2 70106.6 69099.2 68038.8 67031.4 65957.8 64976.9 63876.7 62895.9 61822.2 60814.8 59754.4 58747.1 57673.4 56692.6 55604.9 55457.4 56468.9 57476.3 58536.6
