public/models/data/input/map/ntb/2500/mapdset.asc
NCOLS 156
NROWS 110
XLLCORNER 370313.940441
YLLCORNER 9268024.452423
CELLSIZE 2500.000000
NODATA_VALUE       -9999
[rows 68 to 101 of 110, columns 77 to 153 of 156]
-9999 -9999 -9999 -9999 -9999 1064.21 2715.35 1814.89 1050.41 3195 5518.39 7873.63 7877.04 6950.6 7407.89 8474.55 9884.86 11539.2 13266 18938.5 21251.8 22748.7 23640.6 22728.2 21714.9 21166.1 -9999 -9999 -9999 -9999 -9999 -9999 -9999 -9999 -9999 -9999 -9999 -9999 -9999 -9999 -9999 -9999 -9999 -9999 -9999 -9999 -9999 -9999 -9999 -9999 -9999 -9999 -9999 -9999 -9999 -9999 -9999 -9999 -9999 -9999 -9999 -9999 -9999 -9999 -9999 -9999 -9999 -9999 -9999 -9999 -9999 -9999 -9999 -9999 -9999 -9999 -9999
-9999 -9999 -9999 -9999 -9999 523.067 1104.53 2109.75 2630.89 4139.75 6342.32 8980.19 10139.5 9382.6 9839.89 10897 11904.3 12358.5 -9999 20663.8 25359.7 24946.4 22842 20588.8 19285.8 18169.5 17350.5 -9999 -9999 -9999 -9999 -9999 -9999 -9999 -9999 -9999 -9999 -9999 -9999 -9999 -9999 -9999 -9999 -9999 -9999 -9999 -9999 -9999 -9999 -9999 -9999 -9999 -9999 -9999 -9999 -9999 -9999 -9999 -9999 -9999 -9999 -9999 -9999 -9999 -9999 -9999 -9999 -9999 -9999 -9999 -9999 -9999 -9999 -9999 -9999 -9999 -9999
-9999 -9999 -9999 -9999 -9999 2932.42 1422.26 1199.69 3278.02 5141.9 6795.15 9169.67 10554.7 11546.2 12414 13488.7 14412.6 15041.5 -9999 25029.3 26013.6 24234.6 21795.3 19238.8 17040.2 15638.6 14695.9 -9999 -9999 -9999 -9999 -9999 -9999 -9999 -9999 -9999 -9999 -9999 -9999 10314.6 12921.5 13286.7 -9999 -9999 -9999 -9999 -9999 -9999 -9999 -9999 -9999 -9999 -9999 -9999 -9999 -9999 -9999 -9999 -9999 -9999 -9999 -9999 -9999 -9999 -9999 -9999 -9999 -9999 -9999 -9999 -9999 -9999 -9999 -9999 -9999 -9999 -9999
-9999 -9999 -9999 -9999 -9999 3208.47 1005.98 1575.66 2348.6 3647.86 5682.96 7299.08 8985.82 11490.1 13718.5 15603.7 16964 19268 -9999 23491 23636.9 23175.3 20814.5 18254.5 15824.7 13529.7 12122.5 -9999 -9999 -9999 -9999 -9999 -9999 -9999 -9999 -9999 -9999 -9999 8041.52 9921.13 12140.3 13738.7 14201.5 -9999 -9999 -9999 -9999 -9999 -9999 -9999 -9999 -9999 -9999 -9999 -9999 -9999 -9999 -9999 -9999 -9999 -9999 -9999 -9999 -9999 -9999 -9999 -9999 -9999 -9999 -9999 -9999 -9999 -9999 -9999 -9999 -9999 -9999
-9999 -9999 -9999 -9999 -9999 -9999 -9999 2162.84 1093.51 2396.61 3545.19 5473.72 7814.91 10406.9 12838.9 15398.9 17824.3 19425.3 -9999 19995.1 20962.2 21551.9 19712.3 17154.3 14722.3 12132.3 9974.24 8413.2 7518.95 -9999 -9999 -9999 -9999 -9999 -9999 -9999 3179.7 4308.25 6375.37 8590.65 11017.9 13218.7 12093.9 9457.68 7070.7 4420.61 2542.47 560.21 -9999 -9999 -9999 -9999 -9999 4425.77 6016.1 7341.76 5514.54 2791.02 2271.96 -9999 -9999 -9999 -9999 -9999 -9999 -9999 -9999 -9999 -9999 -9999 -9999 -9999 -9999 -9999 -9999 -9999 -9999
-9999 -9999 -9999 -9999 -9999 -9999 -9999 1899.46 1467.57 945.3 1999.99 4580.38 6948.38 9540.37 11972.4 14532.1 16794.4 17229.8 16263.1 17839 18592.6 19583.3 18684.3 16173.5 13741.5 11149.5 8783.45 6424.6 5108 -9999 -9999 -9999 -9999 -9999 -9999 1687.18 1843.76 3003.34 5063.81 7605.06 10037.1 12330 11490.6 8843.92 6475.93 3883.77 1524.58 1121.85 2506.77 -9999 -9999 -9999 499.269 2769.78 4935.05 6717.86 4991.15 2439.91 1598.23 1175.24 864.182 2582.72 1327.75 1138.52 -9999 -9999 -9999 -9999 -9999 -9999 -9999 -9999 -9999 -9999 -9999 -9999 -9999
-9999 -9999 -9999 -9999 -9999 -9999 -9999 -9999 700.867 951.56 2518.02 5081.61 7448.75 10040.7 12472.7 14826.2 15364.6 14387.3 14019.7 15019.7 16000.6 17074 17297.8 15099.8 12667.8 10075.8 7707.84 5054.06 2919.65 1397.48 3727.82 3727.82 -9999 -9999 -9999 2347.26 1004.32 1984.38 4370.73 6930.72 9362.72 11898.5 12208 9673.27 7305.27 4781.78 3112.58 3105.9 4400.14 6294.72 -9999 2155.94 807.956 1918.83 4338.93 5910.2 4009.75 1677.53 997.383 1928.37 2252.72 2400.74 792.321 888.366 -9999 -9999 -9999 -9999 -9999 -9999 -9999 -9999 -9999 -9999 -9999 -9999 -9999
-9999 -9999 -9999 -9999 -9999 -9999 -9999 -9999 -9999 2548.03 4103 6153.78 8457.82 11048.1 13321.5 13924.9 13026.8 11958.2 11597 12587.8 13568.6 14642.5 15646.5 14702.1 12285.1 9693.11 7325.11 4669.11 2346.6 1126.41 2674.54 2827.44 -9999 6593.49 6498.93 4089.2 2959.75 3431.71 5222.57 7735.95 10167.9 12721.1 13189.1 10680.6 8364.57 6538.69 5492.91 5492.73 6553.48 7350.73 5736.43 4049.76 2597.23 3135 5181.05 5972.25 3702.62 1254.82 981.851 1309.26 2931.91 2840.98 1519.59 652.359 -9999 -9999 -9999 -9999 -9999 -9999 -9999 -9999 -9999 -9999 -9999 -9999 -9999
-9999 -9999 -9999 -9999 -9999 -9999 -9999 -9999 -9999 -9999 6802.46 7643.63 9599.05 12087.3 12799.3 11489.7 10466.9 9398.18 9036.99 10027.8 11009.7 12263.8 14274.2 15354.5 13234.5 10642.5 8274.49 5683.45 3994.56 2994.97 1499.68 884.043 1343.2 4374.31 6321.52 6379.5 5510.84 5908.48 6978.67 8839.26 11180.9 13441.1 13990.9 11818.7 10179.1 9046.85 8052.6 8253.53 9179.49 9834.22 7059 6007.59 5110.84 5491.79 6673.2 6964.35 4698.26 2811.82 2456.12 1992.66 3450.18 4702.35 4074.32 -9999 -9999 -9999 -9999 -9999 -9999 -9999 -9999 -9999 -9999 -9999 -9999 -9999 -9999
-9999 -9999 -9999 -9999 -9999 -9999 -9999 -9999 -9999 -9999 -9999 9467.14 11178.4 12857.7 11837.3 9478.48 8045.87 6966.19 6604.99 7596.06 8722.52 10832.3 13253.8 15393.3 14240.2 11649.8 9313.26 7389.97 6290.91 4402.61 2098.83 1020.63 1902.21 4158.14 6524.03 8460.01 7942.36 8210.04 8573.45 9376.96 10663.2 11832.5 13159.9 13237.7 12402.3 11398.1 10430.1 10537.2 11535.4 10808 6406.47 6585.12 6900.32 7719.92 8792.01 8103.11 6302.92 5170.86 4797.19 4367.69 5242.24 6616.81 6598.83 8071.86 -9999 -9999 -9999 -9999 -9999 -9999 -9999 -9999 -9999 -9999 -9999 -9999 -9999
11100.6 -9999 -9999 -9999 -9999 -9999 -9999 -9999 -9999 -9999 -9999 -9999 -9999 13131.1 10597 8217.86 5937.18 4390.44 4013.23 5201.06 7171.9 9748.22 12180.2 14690.1 15155.8 12793.6 11096.3 9842.83 8059.6 5610.09 3837.99 3309.53 4198.95 5534.92 7586.76 9638.84 8711.05 7597.87 6703.02 7145.43 8167.46 9729.77 11769.8 11831.5 11544.5 10816.5 10065.9 10751.6 11757.8 9468.95 3920.6 4191.24 5382.47 7013.87 8380.29 9353.93 8773.8 7762.86 7389.19 6959.69 7791.43 8855.24 9171.65 10134.6 11390.6 -9999 -9999 -9999 -9999 -9999 -9999 -9999 -9999 -9999 -9999 -9999 -9999
11837.6 13163 13029.6 -9999 -9999 -9999 -9999 -9999 -9999 -9999 -9999 -9999 -9999 -9999 9780.8 7116.36 4760.95 2419.34 1780.15 3817.77 6175.36 8767.36 11199.4 13757.9 15512.4 14407.4 13157.9 11374.2 9150.33 7215.04 6121.8 5676.78 6565.31 7641.69 8868.83 9471.49 7299.79 5326.47 4335.1 4788.35 6196.64 8596.46 10130.8 9463.6 9178.68 8456.37 7717.42 8443.12 9450.48 7069.97 1964.09 2028.32 3533.8 4994.63 6813.69 8678.69 9611.18 9757.28 9718.09 9327.69 10159.3 11086.6 11016.3 11006 11362.6 11408.2 -9999 -9999 -9999 -9999 -9999 -9999 -9999 -9999 -9999 -9999 -9999
9312.25 11504.9 11416.3 -9999 -9999 -9999 -9999 -9999 -9999 -9999 -9999 -9999 -9999 -9999 -9999 -9999 -9999 1654.7 1491.09 3456.55 5842.16 7970.5 11486.4 13703.7 15450.7 14128.2 12595.9 10470.5 9032.17 7910.51 7074.38 7394.81 8360.37 9748.83 10509.1 8535.9 6167.9 3598.51 1822.85 2628.94 4920.49 7280.66 7749.71 6807.61 6523.25 5801.9 5061.42 5792.81 7051.96 8263.97 160.511 410.931 1336.93 3228.45 5114.27 6832.79 7261.31 8320.4 9456.34 11114.5 11215 10311.3 9304.27 8693.71 9553.92 10262.2 -9999 -9999 -9999 -9999 -9999 -9999 -9999 -9999 -9999 -9999 -9999
6717.73 8484.49 9724.23 -9999 -9999 -9999 -9999 -9999 -9999 -9999 -9999 -9999 -9999 -9999 -9999 -9999 -9999 1857.88 2020.41 3197.9 -9999 -9999 13845.2 15163.6 15159.8 12722.5 10779.4 9032.32 7132.13 5623.09 4834.84 5528.42 6883.26 9197.1 9893.74 7897.56 5611.27 3023.17 969.08 2158.36 3991.2 5384.18 5449.82 4439.61 4163.42 3489.81 2696.81 3672.28 5603.65 5408.57 2106.39 692.005 446.609 1738.79 3940.68 4817.29 4893.38 6122.16 8020.69 9991.59 9513.31 7964.72 6936.28 6326.55 7183.42 8166.79 -9999 -9999 -9999 -9999 -9999 -9999 -9999 -9999 -9999 -9999 -9999
3735.68 6438.44 8475.87 -9999 -9999 -9999 -9999 -9999 -9999 -9999 -9999 -9999 -9999 -9999 -9999 -9999 -9999 -9999 -9999 -9999 -9999 -9999 -9999 16868.3 14546.1 11557.2 9257.6 7065.46 5529.34 3459.23 2267.7 3334.53 5575.04 8076.54 8150.39 6543.12 5365.32 3762.27 2481.31 2042.58 1887.23 3696.77 3684.93 1913.81 1620.62 1133.48 617.572 2168.09 3670.47 3925.94 3532.55 2591.03 1675.36 1948.97 3454.58 2412.95 2462.51 4557.68 6790.75 7725.3 7837.77 5924.59 4380.04 3734.92 4650.9 5544.09 -9999 -9999 -9999 -9999 -9999 -9999 -9999 -9999 -9999 -9999 -9999
4886.33 6834.87 9018.4 -9999 -9999 -9999 -9999 -9999 -9999 -9999 -9999 -9999 -9999 -9999 -9999 -9999 -9999 -9999 -9999 -9999 -9999 -9999 -9999 -9999 12590.5 10227.8 8183.42 5614.34 3677.37 2007.78 923.062 2646.63 5072.66 7483.54 7073.98 4603.32 3161.48 2624.31 1935.62 721.938 1302.72 3389.5 2897.93 827.911 563.36 1259.34 1271.94 1058.76 1982.1 2261.83 2167.53 1581.43 1366.48 3058.54 3562.81 1331.03 1101.92 3446.85 5389.68 5300.9 5640.64 4520.56 2493.55 1445.93 3105.14 4364.03 -9999 -9999 -9999 -9999 -9999 -9999 -9999 -9999 -9999 -9999 -9999
6865.45 8059.43 9416.47 10133.4 9656 12110.7 12790.6 12965.1 -9999 -9999 -9999 -9999 -9999 -9999 -9999 -9999 -9999 -9999 -9999 -9999 -9999 -9999 -9999 -9999 -9999 -9999 6636.25 4607.34 2284.8 549.426 1735.66 3782.76 5983.76 7833.73 6237.26 3581.39 1382.71 569.664 523.177 823.289 2652.66 3896.09 2046.54 844.606 2115.97 2958.34 2191.09 936.758 1014.86 638.607 1096.37 1106 1779.68 3524.42 4388.8 2245.77 1222.72 3094.61 3640.73 2746.75 3214.68 2374.66 1663.96 1296.29 2364.96 -9999 -9999 -9999 -9999 -9999 -9999 -9999 -9999 -9999 -9999 -9999 -9999
5626.99 6637.18 7281.04 8433.37 9499.42 11453.8 11806.5 12423.3 -9999 -9999 -9999 -9999 -9999 -9999 -9999 -9999 -9999 -9999 -9999 -9999 -9999 -9999 -9999 -9999 -9999 -9999 -9999 5141.33 3403.76 632.161 2535.78 5009.91 7173.41 8633.57 6790.69 4326.73 2341.29 1120.3 1778.16 2844.59 3683.74 4465.65 3005.71 2507.69 3820.8 3134 1171.1 1797.45 1756.23 640.1 1606.84 2944.83 4051.45 5205.75 5555.53 3986.33 3381.82 4107.39 2768.54 1016.72 1975.06 726.351 834.35 2361.24 2930.83 -9999 -9999 -9999 -9999 -9999 -9999 -9999 -9999 -9999 -9999 -9999 -9999
3262.53 4257.9 4799.57 6267.05 8308.5 9099.88 9322.4 9996.19 10223.5 -9999 -9999 -9999 -9999 -9999 -9999 -9999 -9999 -9999 -9999 -9999 -9999 -9999 -9999 -9999 -9999 -9999 -9999 -9999 -9999 2861.2 4217.46 6172.2 8497.78 9833.76 8023.9 6612.43 6048.07 3153.56 3623.03 3190.56 2157.13 3422.53 4826.5 5049.41 5634.38 3896.62 2002.01 860.351 877.275 498.067 1074.13 3219.33 5341.48 7305.11 7550.03 6512.66 5971.76 5732.58 3771.81 2609.24 2556.64 977.228 1222.31 3174.44 5087.53 -9999 -9999 -9999 -9999 -9999 -9999 -9999 -9999 -9999 -9999 -9999 -9999
1945.33 2017.45 2704.53 5057.75 6854.39 6681.24 6886.64 7779.2 9114.89 -9999 -9999 -9999 -9999 -9999 -9999 -9999 -9999 -9999 -9999 -9999 -9999 -9999 -9999 -9999 -9999 -9999 -9999 -9999 -9999 -9999 5991.17 7938.02 9575.67 11021.8 9946.07 8655.53 7709.31 4945.84 4746.94 2529.27 900.003 2691.52 5041.94 7140.94 7194.52 4993.79 2627.9 800.638 1997.44 1738.38 731.994 2216.77 4498.9 7085.05 8826.14 8386.27 8156.18 7108.6 5800.55 4910.8 4040.62 1837.2 829.862 2587.97 4629.15 -9999 -9999 -9999 -9999 -9999 -9999 -9999 -9999 -9999 -9999 -9999 -9999
1007.51 993.668 2079.65 4554.1 4848.18 3849.46 4086.19 5452.68 8098.59 9576.53 -9999 -9999 -9999 -9999 -9999 -9999 -9999 -9999 -9999 -9999 -9999 -9999 15937.1 16743.9 18508.6 20638.7 22221.1 -9999 -9999 18830.2 13681.1 11068.3 11611.6 12899.1 12606 14838 16828.2 7583.36 5957.57 3716.33 2753.36 3819.31 5897.1 8474.35 8467.35 5965.14 3706.53 2415.11 2142.26 1618.3 1403.92 2295.98 4554.99 6584.31 7046.61 6695.64 7326.95 8085.1 8149.83 7267.54 5511.76 3661.17 2664.5 3615.2 5447.37 7382.87 12977 15161.7 17388.6 19975.6 20842.9 -9999 -9999 -9999 -9999 -9999 -9999
1475.46 2934 3753.45 5050.3 3628.02 1574.24 2012.15 4119.24 5326.51 -9999 -9999 -9999 -9999 -9999 -9999 -9999 -9999 -9999 -9999 -9999 10819 12563.5 14841.2 16178.3 17967.7 20397.5 22575.6 23060.1 20091 18331.2 15099.7 13340.7 13964.1 15002 14964.4 15878.8 18029.4 8994.98 7205 5832.54 5120.21 5912.85 7168.17 9457.59 9449.53 7057.47 5261.45 3747.4 1830.27 743.127 2500.29 4091.27 5202.55 5004.27 4693.14 4327.64 4962.31 6228.14 8144.37 8756.94 7151.03 5814.5 5026.84 5719.06 6999.26 9296.01 12015.1 14592.3 16957.2 19500.1 20963.1 -9999 -9999 -9999 -9999 -9999 -9999
3216.11 4908.34 6286.86 6066.75 3812.1 1767.65 2013.79 4278.06 5808.15 -9999 -9999 -9999 15244.4 15155.4 -9999 -9999 -9999 -9999 -9999 7740.66 9421.38 11235.8 12720.9 14471.9 16822.7 19414.7 21782.7 23108.8 21018.2 18484.2 16801.8 15923.1 16556.1 17583.8 17450 17893.8 19073.6 10635.5 9482.14 8419.68 7712.21 8495.9 9476.97 10617.9 9807.88 7287.03 4869.31 2451.21 1157.09 1603.19 3475.96 5707.25 4758.05 2589.87 2165.23 1751.08 2553.86 4724.16 7176.7 9676.42 9467.66 8399.21 7618.84 8303.12 9311.01 10679.2 12766.8 15417.5 17785.5 20340.7 22333.1 -9999 -9999 -9999 -9999 -9999 -9999
5625.79 6782.32 8286.83 7190.63 5283.52 4014.61 3888.56 4917.73 6078.68 6372.87 -9999 -9999 14002.6 14047.5 13994 9701.83 -9999 -9999 3778.92 5800.63 7682.2 9281.53 10932 13383.6 15815.3 18407.3 20775.3 23043.6 22052.4 20241.1 19182.1 18355.1 18988.1 19855.5 19150.8 18791.8 18710 12546.5 11911.3 10851.7 10144.2 10927.6 11729.1 10702.9 8979.14 7078.51 4836.85 2427.31 1552.06 3247.82 4948.24 6595.27 4050.18 1589.29 1133.08 916.418 1805.55 4189.54 6208.98 11162.4 11777.2 10831.2 10050.8 10735.1 11742.5 12824.1 14070.3 16425.3 18792.8 21360.7 23571.5 -9999 -9999 -9999 -9999 -9999 -9999
8240.9 9226.19 9991.41 8566.36 6841.4 4618.76 3007.85 3055.15 4730.06 6734.07 8158.52 9517.02 11829.9 12056.7 11227.8 8713.02 9017.96 770.617 2100.18 4193.44 5646.47 7412.19 9763.27 12322.9 14754.9 17346.9 19714.9 22339.9 23501.9 22748.6 21741.9 20892.2 21307.9 21815.8 -9999 -9999 17170.4 15568.6 14472.2 13411.7 12704 13205 12205.1 9632.11 7337.03 5590.07 4512.04 3944.23 3889.21 4966.4 6636.92 7447.19 -9999 -9999 1971.02 2159.67 3159.91 4207.47 -9999 -9999 13670.8 13365.8 12608.9 13288.6 14266.5 15369.5 16357.3 17735.4 19854.3 22256.7 24117.2 -9999 -9999 -9999 -9999 -9999 -9999
10669.6 11607.5 11246 8811.88 6448.09 3856.09 1566.15 1620.01 3888.18 5649.65 6660.97 8363.65 10580.7 10902.6 8531.67 6463.65 5158.49 1569.35 1175.66 2250.52 3841.81 6323.59 8755.59 11315.6 13747.6 16339.6 18707.6 21363.6 23683.1 24929.9 24173.3 23203 21953.1 -9999 -9999 -9999 18650.5 17909.9 16904.1 15842.9 14941.8 13578.6 11280.7 8624.74 6256.75 3757.34 2255.75 2884.33 4788.2 6566.61 8095 -9999 -9999 -9999 -9999 -9999 -9999 -9999 -9999 -9999 14616.2 15382 14558.4 14895.1 15369.4 17178 18417.5 19573.1 21020.9 22022.1 -9999 -9999 -9999 -9999 -9999 -9999 -9999
13254 13850.6 12234.3 9579.9 7211.96 4704.78 3063.18 2931.74 3212.49 3241.16 4654.07 7156.85 9505.95 9829.15 7436.47 4888.14 2835.41 1838.81 963.707 1039.55 3102.46 5690.67 8122.67 10682.7 13114.7 15706.7 18074.7 20730.7 23098.7 25638.9 26411.5 25456.6 -9999 -9999 -9999 23452.4 21783.8 20503.4 19482.4 17984.6 15783.8 13206.4 10838.4 8182.36 5814.37 3230.76 1281.35 2163.84 4522.4 7112.54 9423.62 13371.4 15637.5 18150.1 20592.7 22827 25843.2 28191.6 30541 32348.9 34445.8 -9999 -9999 -9999 -9999 -9999 -9999 -9999 21856.8 -9999 -9999 -9999 -9999 -9999 -9999 -9999 -9999
14777.4 15364.2 13216.7 10560.8 8241.99 6428.77 5343.98 3948.29 1823.37 1468.73 3627.25 6282.03 8640.79 9245.85 6907.11 4347.11 1958.21 1158.5 1564.21 2643.61 4072.69 6482.65 8914.64 11474.6 13906.6 16498.6 18866.6 21522.6 23887.2 26230.8 27174.9 -9999 -9999 -9999 -9999 24772 23947 22865.4 21473.5 19120.8 16689.7 14097.7 11729.7 9073.75 6707.23 4416.46 3245.25 3748.28 5466.16 7997.89 10336.1 13072.2 15465.2 18046.9 20478.9 23038.9 25470.9 28062.9 30430.9 33094.4 35426.7 -9999 -9999 -9999 -9999 -9999 -9999 -9999 -9999 -9999 -9999 -9999 -9999 -9999 -9999 -9999 -9999
13977.7 15848.2 14316.2 11750.2 10154.4 8971.2 7237.25 4755.62 2805.32 2567.15 4207.92 6568.39 8596.74 9874.61 7822.06 5329.23 3607.69 3279.13 4008.36 5027.84 6223.31 7774.9 10017.6 12574.8 15006.8 17598.8 19966.8 22617.9 24337.3 -9999 -9999 -9999 -9999 -9999 -9999 27435.9 26589.1 25063.9 22781.3 20221.9 17789.9 15197.9 12829.9 10183.1 8133.82 6798.65 5717.82 5606.27 6396.08 8469.19 9199.31 -9999 17097.9 19124.5 21527.6 24081.9 26513.9 29105.9 31473.9 34129.9 36380.3 37990.1 -9999 -9999 -9999 -9999 -9999 -9999 -9999 -9999 -9999 -9999 -9999 -9999 -9999 -9999 -9999
12996.8 15435.3 15281.1 13503.3 12435.2 10639.7 8280.22 6095.25 4488.79 3518.11 3902.57 5464.59 7608.2 9839.79 8830.85 7000.3 5924.49 5643.76 6370.15 7351.07 8373.77 9561.71 11161.9 13558.5 15987.6 18579.6 20947.1 23272.9 24354.7 -9999 -9999 -9999 -9999 -9999 -9999 29187.7 28541.1 26193.8 23762.7 21202.7 18770.7 16178.7 13812.2 11468.7 10160.9 8514.83 7357.3 -9999 -9999 -9999 -9999 -9999 -9999 19614.1 22728.6 25090.1 27500.6 29994.6 32441.6 34771.9 36587.7 37990.1 -9999 -9999 -9999 -9999 -9999 -9999 -9999 -9999 -9999 -9999 -9999 -9999 -9999 -9999 -9999
11923.2 14510.5 16332.4 15630 13741 11203.8 8786.79 6300 3875.21 1650.32 1804.29 4184.45 6552.17 9124.74 10314.6 9523.84 8516.48 8235.78 8861.46 8803.46 10131.9 10264.7 13609.6 14849 17048.8 19377.9 21561.7 22936.6 -9999 -9999 -9999 -9999 -9999 -9999 -9999 29972.2 29202.7 27241.3 24836.1 22276.4 19844.4 17267.6 15008.8 12965.5 11961.3 -9999 -9999 -9999 -9999 -9999 -9999 -9999 -9999 -9999 -9999 -9999 -9999 -9999 -9999 -9999 -9999 -9999 -9999 -9999 -9999 -9999 -9999 -9999 -9999 -9999 -9999 -9999 -9999 -9999 -9999 -9999 -9999
11142.8 13734.8 16058.9 15554.5 13188.4 10596.4 8164.43 5604.43 3196.13 1292.13 1808.84 4229.98 6597.88 9189.88 11519.9 11940.3 10947.4 10648.8 10945.5 -9999 -9999 -9999 -9999 15514.9 17479.6 19159.1 -9999 -9999 -9999 -9999 -9999 -9999 -9999 -9999 -9999 -9999 28713.6 27359.2 25430.7 23055.5 20929.6 18229.1 16179.8 -9999 -9999 -9999 -9999 -9999 -9999 -9999 -9999 -9999 -9999 -9999 -9999 -9999 -9999 -9999 -9999 -9999 -9999 -9999 -9999 -9999 -9999 -9999 -9999 -9999 -9999 -9999 -9999 -9999 -9999 -9999 -9999 -9999 -9999
11827.1 14419.1 16559.4 15285.7 12921.7 10301.1 7865.29 5309.5 2921.25 1034.19 2069.23 5412.77 7623.87 10214.3 12626.7 14101 12737.9 12056.3 12095.8 -9999 -9999 -9999 -9999 -9999 -9999 -9999 -9999 -9999 -9999 -9999 -9999 -9999 -9999 -9999 -9999 -9999 -9999 -9999 -9999 -9999 -9999 -9999 -9999 -9999 -9999 -9999 -9999 -9999 -9999 -9999 -9999 -9999 -9999 -9999 -9999 -9999 -9999 -9999 -9999 -9999 -9999 -9999 -9999 -9999 -9999 -9999 -9999 -9999 -9999 -9999 -9999 -9999 -9999 -9999 -9999 -9999 -9999
12834.5 15426.5 17550.4 16233.2 14079.1 10671.7 8220.65 5418.29 4056.65 2919.79 -9999 7074.84 8682.52 11226 12786.5 15003.1 -9999 -9999 -9999 -9999 -9999 -9999 -9999 -9999 -9999 -9999 -9999 -9999 -9999 -9999 -9999 -9999 -9999 -9999 -9999 -9999 -9999 -9999 -9999 -9999 -9999 -9999 -9999 -9999 -9999 -9999 -9999 -9999 -9999 -9999 -9999 -9999 -9999 -9999 -9999 -9999 -9999 -9999 -9999 -9999 -9999 -9999 -9999 -9999 -9999 -9999 -9999 -9999 -9999 -9999 -9999 -9999 -9999 -9999 -9999 -9999 -9999
