public/models/data/input/map/ntb/2500/mapdroad.asc
NCOLS 156
NROWS 110
XLLCORNER 370313.940441
YLLCORNER 9268024.452423
CELLSIZE 2500.000000
NODATA_VALUE       -9999
[rows 68 to 101 of 110, columns 0 to 75 of 156]
-9999 -9999 -9999 -9999 -9999 -9999 -9999 -9999 -9999 -9999 -9999 -9999 -9999 -9999 -9999 -9999 -9999 -9999 -9999 -9999 -9999 -9999 -9999 -9999 -9999 -9999 -9999 -9999 -9999 -9999 -9999 -9999 -9999 -9999 -9999 -9999 -9999 -9999 -9999 -9999 -9999 -9999 -9999 -9999 -9999 -9999 -9999 -9999 -9999 -9999 -9999 -9999 -9999 -9999 -9999 -9999 -9999 -9999 -9999 -9999 -9999 -9999 -9999 -9999 -9999 -9999 -9999 -9999 -9999 -9999 -9999 -9999 16927.3 16025.3 13496.8 11065.2
-9999 -9999 -9999 -9999 -9999 -9999 -9999 -9999 -9999 -9999 -9999 -9999 -9999 -9999 -9999 -9999 -9999 -9999 -9999 -9999 -9999 -9999 132.727 226.667 296.007 541.034 499.602 -9999 -9999 -9999 -9999 -9999 -9999 -9999 -9999 -9999 -9999 -9999 -9999 -9999 -9999 -9999 -9999 -9999 -9999 -9999 -9999 -9999 -9999 -9999 -9999 -9999 -9999 -9999 -9999 -9999 -9999 -9999 -9999 -9999 -9999 -9999 -9999 -9999 -9999 -9999 -9999 -9999 -9999 -9999 -9999 -9999 16381.7 15455.4 12940.5 10508.5
-9999 -9999 -9999 -9999 -9999 -9999 -9999 -9999 -9999 -9999 -9999 -9999 -9999 -9999 -9999 -9999 -9999 -9999 -9999 134.215 150.6 105.312 121.12 183.553 405.574 661.947 515.258 1532.5 1715.06 1694.27 -9999 -9999 -9999 -9999 -9999 -9999 -9999 -9999 -9999 -9999 -9999 -9999 -9999 -9999 -9999 -9999 -9999 -9999 -9999 -9999 -9999 -9999 -9999 -9999 -9999 -9999 -9999 -9999 -9999 -9999 -9999 -9999 -9999 -9999 -9999 -9999 -9999 -9999 -9999 -9999 -9999 -9999 16049.2 15095.9 12629 10197
-9999 -9999 -9999 -9999 -9999 -9999 -9999 -9999 -9999 -9999 -9999 -9999 -9999 -9999 -9999 -9999 -9999 -9999 81.9975 145.091 122.504 110.417 118.344 192.97 234.961 378.436 408.269 374.847 417.562 799.212 165.642 161.554 21.6503 -9999 -9999 -9999 -9999 -9999 -9999 -9999 -9999 -9999 -9999 -9999 -9999 -9999 -9999 -9999 -9999 -9999 -9999 -9999 -9999 -9999 -9999 -9999 -9999 -9999 -9999 -9999 -9999 -9999 -9999 -9999 -9999 -9999 -9999 -9999 -9999 -9999 -9999 -9999 16931.6 16031.2 13555.2 11123.4
-9999 -9999 -9999 -9999 -9999 -9999 -9999 -9999 -9999 -9999 -9999 -9999 -9999 -9999 -9999 -9999 52.7778 66.1223 113.539 76.6584 83.1085 71.8514 92.6086 140.064 124.701 98.0944 160.632 161.541 135.856 181.752 384.523 423.69 607.93 389.116 57.7639 132.444 182.452 -9999 -9999 -9999 -9999 -9999 -9999 -9999 -9999 -9999 -9999 -9999 -9999 -9999 -9999 -9999 -9999 -9999 -9999 -9999 -9999 -9999 -9999 -9999 -9999 -9999 -9999 -9999 -9999 -9999 -9999 -9999 -9999 -9999 -9999 -9999 -9999 15740.8 14590.3 12223.3
-9999 -9999 -9999 -9999 -9999 -9999 -9999 -9999 -9999 -9999 -9999 -9999 -9999 -9999 -9999 -9999 105.909 78.4903 106.353 82.8847 80.6048 155.893 348.346 706.814 258.902 179.704 239.087 205.218 174.389 142.419 1252.27 1859.19 2449.45 1703.5 487.454 108.039 134.148 188.886 -9999 -9999 -9999 -9999 -9999 -9999 -9999 -9999 -9999 -9999 -9999 -9999 -9999 -9999 -9999 -9999 -9999 -9999 -9999 -9999 -9999 -9999 -9999 -9999 -9999 -9999 -9999 -9999 -9999 -9999 -9999 -9999 -9999 -9999 -9999 16870.9 15627.1 13240
-9999 -9999 -9999 -9999 -9999 -9999 -9999 -9999 -9999 -9999 -9999 -9999 -9999 -9999 -9999 240.097 85.3692 160.512 139.255 94.1061 131.56 563.928 1662.02 1860.85 998.275 533.227 806.808 725.895 656.776 164.416 1420.2 3252.3 3945.97 2727.5 753.592 966.37 351.734 155.793 201.495 100 -9999 -9999 -9999 -9999 -9999 -9999 -9999 -9999 -9999 -9999 -9999 -9999 -9999 -9999 -9999 -9999 -9999 -9999 -9999 -9999 -9999 -9999 -9999 -9999 -9999 -9999 -9999 -9999 -9999 -9999 -9999 -9999 20842.4 19167.5 16759.2 14998.4
-9999 -9999 -9999 -9999 -9999 -9999 -9999 -9999 55.026 38.686 17.6703 -9999 -9999 77.5888 44.9154 122.964 99.4136 212.388 177.446 387.504 495.559 1835.83 3355.17 3733.2 1988.23 718.95 2220.04 2121.57 1347.55 609.508 634.009 1552.69 2473.96 3367.9 2562.19 2848.7 1564.26 256.56 111.474 225.583 -9999 -9999 -9999 -9999 -9999 -9999 -9999 -9999 -9999 -9999 -9999 -9999 -9999 -9999 -9999 -9999 -9999 -9999 -9999 -9999 -9999 -9999 -9999 -9999 -9999 -9999 -9999 -9999 -9999 -9999 -9999 -9999 22086.9 20337.5 18437.8 17359.2
-9999 -9999 -9999 -9999 -9999 -9999 -9999 -9999 6.11111 6.82669 32.183 -9999 57.4335 49.3121 54.8726 66.1091 276.663 720.785 186.766 925.956 2289.73 3567.35 5315.7 4735.82 2127.85 719.871 2489.65 1779.56 601.161 484.8 220.588 266.368 1831.22 4104.24 5046.44 4877.15 2794.15 928.731 162.893 168.184 -9999 -9999 -9999 -9999 -9999 -9999 -9999 -9999 -9999 -9999 -9999 -9999 -9999 -9999 -9999 -9999 128.57 234.151 844.687 1398.19 79.6108 -9999 -9999 -9999 -9999 -9999 -9999 -9999 -9999 -9999 -9999 -9999 22585.4 21689.7 20904 19901
-9999 -9999 -9999 -9999 -9999 -9999 -9999 -9999 -9999 -9999 -9999 271.405 126.623 80.5076 76.5272 72.6685 466.241 561.182 162.198 857.945 3036.89 5097.04 6746.18 5682.02 3195.77 2083.61 3061.45 3321.5 1859.42 1482.35 846.209 460.201 1553.72 4012.54 6195.28 5581.72 3205.11 1097.71 314.996 186.891 -9999 -9999 -9999 -9999 -9999 -9999 -9999 -9999 -9999 -9999 -9999 -9999 -9999 -9999 -9999 602.614 155.576 356.015 251.726 446.455 92.687 63.6504 478.413 -9999 -9999 -9999 -9999 -9999 -9999 -9999 2783.12 1962.43 -9999 22311 22459.4 21815.9
-9999 -9999 -9999 -9999 -9999 -9999 -9999 -9999 -9999 53.6375 173.801 215.537 165.624 144.985 123.793 114.718 331.588 754.377 624.905 1019.83 2865.45 5262.13 7567.42 6832.32 5093.66 4294.66 5076.07 5523.23 4701.69 3136.98 1684.96 641.379 2323.17 4369.97 5717.78 4408.79 2198.43 586.528 144.971 134.997 -9999 -9999 -9999 -9999 -9999 -9999 -9999 -9999 -9999 -9999 -9999 -9999 -9999 -9999 681.218 374.672 164.872 239.491 195.598 211.45 500.25 400.607 308.882 213.89 76.6918 268.291 -9999 -9999 -9999 -9999 1936.38 1087.89 302.961 175.865 197.24 219.673
-9999 -9999 -9999 -9999 -9999 -9999 -9999 -9999 -9999 106.793 530.08 391.306 463.829 760.045 755.943 434.04 1314.8 2468.22 2634.54 3132.26 4340.05 6098.91 7656.98 8009.61 7435.26 6744.59 7277.78 6737.44 6226.86 4215.39 1717.26 825.136 2361.93 3112.61 3631.9 2830.04 1319.65 413.37 116.327 70.3623 -9999 -9999 -9999 -9999 -9999 -9999 -9999 -9999 -9999 -9999 -9999 -9999 -9999 -9999 448.198 291.635 363.469 386.505 231.727 321.417 589.702 983.6 222.518 313.019 160.32 123.658 235.193 400 -9999 2503.47 2147.88 880.808 321.679 286.467 790.65 821.106
-9999 -9999 -9999 -9999 -9999 -9999 -9999 -9999 100 207.383 761.029 520.754 1528.74 2709.02 2922.69 2259.59 3329.44 4779.84 5242.25 5486.29 5698.06 5216.99 5295.58 6331.44 6946.03 6169.95 6386.1 5990.19 5620.08 3966.01 1854.67 726.679 1073.63 1202.97 1320.27 725.342 816.136 141.787 123.197 76.2944 -9999 -9999 -9999 -9999 -9999 -9999 -9999 -9999 -9999 -9999 -9999 -9999 133.093 241.387 201.296 258.509 976.792 914.301 543.413 1460.06 1553.85 751.721 414.159 368.453 223.185 223.974 130.43 117.922 226.965 1019.01 887.696 579.737 188.562 610.74 1933.86 1359.2
-9999 -9999 -9999 -9999 -9999 -9999 -9999 -9999 -9999 135.652 693.034 370.134 1234.76 1851.8 2723.67 2726.11 3658.02 4945.06 5597.34 4717.46 3787.2 2926.43 3016.89 4498.89 4607.5 3936.22 4027.82 3624.03 3807.39 2419.45 1200.61 337.24 269.137 252.166 222.696 155.949 196.483 95.517 65.9644 -9999 -9999 -9999 -9999 -9999 -9999 -9999 -9999 -9999 -9999 -9999 757.033 289.186 109.476 126.048 365.21 709.747 2491.97 2038.85 683.148 2280.19 2385.42 780.429 478.13 327.582 240.311 294.256 169.907 140.719 187.794 136.37 218.843 202.546 194.444 256.793 479.116 530.696
-9999 -9999 -9999 -9999 -9999 -9999 -9999 -9999 -9999 139.603 203.686 195.878 414.638 308.158 596.439 721.22 1910.96 2605.44 3321.1 2624.47 1427.63 1089.78 1481.2 2646.26 2185.69 1454.8 1538.12 1144.94 1482.01 907.398 146.797 85.9152 76.9416 85.4646 82.0788 107.769 86.7653 89.8173 -9999 -9999 -9999 -9999 -9999 296.377 521.113 477.503 -9999 -9999 142.271 132.322 334.998 177.866 220.194 440.893 654.383 2341.77 3797.15 2768.86 1955.6 3182.3 1879.17 1082.24 1679.03 1898.65 1678.59 1684.67 671.228 176.387 220.874 251.179 117.171 263.557 283.387 290.273 187.689 435.004
-9999 -9999 -9999 -9999 -9999 -9999 -9999 -9999 -9999 283.137 126.819 135.869 133.163 101.941 85.8826 153.289 393.36 951.312 1082.55 893.461 576.71 429.92 787.535 1184.27 559.398 254.431 247.638 166.377 249.835 212.916 82.0947 59.0558 95.9441 77.3466 105.3 117.481 81.6497 70.8133 -9999 -9999 -9999 -9999 -9999 143.911 202.585 326.959 234.483 229.203 180.538 141.975 171.921 196.538 255.302 1475.54 2303.46 3640.84 5472.83 4797.18 4322.61 4745.92 3509.82 2843.63 2911.42 3766.8 3890.41 3102.87 1352.15 386.065 197.108 173.717 125.558 224.151 164.2 151.312 184.86 422.658
-9999 -9999 -9999 -9999 -9999 -9999 -9999 -9999 -9999 -9999 60.3402 103.992 97.0809 95.1377 99.787 150.212 263.639 230.744 124.155 134.88 241.883 120.437 147.253 285.204 162.892 113.392 108.42 179.077 166.015 82.7105 114.944 100.167 157.34 140.203 124.766 130.68 234.256 275.965 -9999 -9999 -9999 -9999 -9999 -9999 109.673 148.524 243.876 200.957 595.096 166.058 258.548 469.242 219.717 1239.93 3431.51 5249.19 6784.29 6525.2 5475.14 4724.34 3762.77 2138.92 1218.46 3122.14 3448.13 1840.73 490.451 217.343 139.288 186.042 106.224 95.947 210.779 269.741 200.66 334.419
-9999 -9999 -9999 -9999 -9999 -9999 -9999 -9999 -9999 -9999 29.2972 56.3197 67.927 96.2176 112.084 145.45 124.771 147.109 105.16 95.9081 115.198 105.601 103.535 94.5721 69.6142 133.516 130.583 113.457 102.56 97.1868 147.652 130.525 129.62 194.822 165.434 78.3131 128.653 146.245 -9999 -9999 -9999 -9999 325.939 137.831 184.074 222.926 468.963 591.327 952.688 704.085 1295.69 1945.51 1094.43 629.714 2461.58 4794.61 5521.82 4925.72 3623.43 2373.71 1537.25 995.999 672.151 2047.06 1495.68 577.249 172.111 150.912 180.568 757.866 339.88 135.76 267.945 186.668 213.604 247.979
-9999 -9999 -9999 -9999 -9999 -9999 -9999 -9999 -9999 -9999 128.55 67.7834 37.3811 40.5528 85.9952 114.939 114.615 96.9537 91.8136 96.9295 91.6484 87.1591 93.3108 74.039 94.8343 113.583 111.283 92.106 87.5131 133.226 120.575 142.679 136.305 119.169 82.9031 163.331 160.101 -9999 -9999 -9999 -9999 -9999 228.296 174.608 260.221 400.656 591.732 510.452 2066.86 2853.74 3469.84 3977.04 2530.11 697.3 2015.07 3840.83 3035.07 2566.63 1692.51 507.923 544.622 659.482 291.347 526.263 374.42 456.981 370.16 276.955 439.878 1593.61 559.975 219.781 223.178 258.347 228.211 205.457
-9999 -9999 -9999 -9999 -9999 -9999 -9999 -9999 -9999 -9999 84.4534 124.309 105.918 159.079 132.264 95.2989 132.918 114.718 88.6045 74.7918 91.3691 65.0651 73.465 89.6866 73.7866 91.3779 143.062 104.29 73.4909 120.017 86.4077 120.452 125.639 136.357 125.258 233.171 -9999 -9999 -9999 -9999 -9999 36.5557 184.215 198.958 196.764 261.368 443.738 1488.29 3308.27 4673.16 3877.37 3415.72 2658.78 680.281 1161.18 2786.59 1519.26 591.64 513.952 169.111 356.086 324.674 380.143 478.797 1358.89 1452.78 712.613 635.973 1014.2 770.182 192.445 231.764 274.71 293.998 216.545 243.509
-9999 -9999 -9999 -9999 -9999 -9999 -9999 -9999 -9999 -9999 180.98 111.205 115.876 98.752 157.176 176.23 126.612 119.84 110.87 79.2265 51.4247 65.3458 45.3514 54.3167 47.3164 67.6892 95.0309 111.249 109.602 88.524 150.476 125.148 145.309 115.032 192.7 377.679 -9999 -9999 -9999 -9999 -9999 118.579 253.862 509.935 281.607 259.729 853.854 2526.51 4596.03 4252.07 2283.89 1046.68 1464.56 1022.27 1152.74 2458.93 801.759 142.382 126.033 151.522 522.14 811.043 1133.36 1601.17 3172.83 2615.81 1294.82 1297.76 1098.36 1013.25 205.377 159.567 263.078 307.694 289.221 198.975
-9999 -9999 -9999 -9999 -9999 -9999 -9999 -9999 -9999 -9999 218.685 159.886 102.552 121.996 123.8 100.484 132.014 110.381 113.59 103.855 72.1208 80.6428 55.6858 54.2809 39.2696 52.6532 71.3761 86.6624 79.2787 76.91 95.6053 113.622 157.816 188.602 215.801 333.122 -9999 -9999 -9999 -9999 222.107 160.965 273.845 569.483 242.608 394.029 670.927 2508.95 3635.62 2257.41 1588.8 412.711 441.957 1666.6 2700.69 1949.49 246.395 140.517 217.665 155.874 383.561 1653.5 3325.45 3619.93 3337.36 1975.78 811.712 636.669 392.707 524.608 222.389 222.002 180.573 218.556 171.464 239.295
-9999 -9999 -9999 -9999 -9999 -9999 -9999 -9999 -9999 -9999 268.496 108.876 104.235 109.664 140.134 118.378 136.906 127.711 100.729 95.9541 121.09 100.585 66.7927 73.9538 73.0579 71.346 51.9933 99.9605 93.049 107.52 98.035 116.46 198.138 405.752 -9999 -9999 -9999 -9999 -9999 -9999 325.824 233.007 493.07 748.123 373.004 627.427 558.57 1453.84 1552.4 691.322 548.397 1336.33 1927.44 3281.32 3521.51 1335.73 215.177 290.664 211.958 257.47 410.792 2054.77 4409.84 3995.73 1629.08 1094.77 987.77 532.885 488.085 212.388 312.85 662.609 371.309 375.032 233.113 765.119
-9999 -9999 -9999 -9999 -9999 -9999 -9999 -9999 -9999 -9999 452.966 96.736 142.282 174.323 196.227 269.333 295.989 120.887 116.322 85.2282 90.3884 124.598 93.7569 121.05 115.082 95.1938 96.8075 90.3197 104.463 103.799 106.085 145.43 244.898 289.362 -9999 -9999 -9999 -9999 -9999 -9999 -9999 436.207 305.915 444.877 543.779 529.039 296.002 623.473 219.725 402.489 705.865 2502.62 4114.53 5273.15 4573.69 2481.66 982.552 464.166 409.75 959.205 1040.28 2258.83 4435.47 4018.06 2027.09 868.794 299.714 594.978 897.573 281.522 752.314 924.46 1448.49 1542.19 454.787 1445.61
932.242 255.462 270.724 1379.31 2234.78 86.4363 253.135 184.475 110.657 160.595 546.093 119.249 253.1 287.545 175.008 237.565 236.412 155.962 161.125 493.732 260.399 133.851 112.353 106.256 128.155 159.512 107.171 127.623 93.2506 98.7505 111.855 158.269 156.288 -9999 -9999 -9999 -9999 -9999 -9999 -9999 -9999 1329.35 333.743 291.02 367.318 410.248 256.885 199.928 349.704 1422.62 1766.9 3034.19 5409.2 6637.14 5641.04 3703.6 1264.2 324.028 580.6 1065.28 1471.46 1837.13 3370.86 2512.06 1137.95 1034.63 467.066 206.959 233.622 370.783 1221.19 2627.68 2968.34 2123.28 945.003 535.397
1908.12 390.978 74.2099 923.559 890.072 134.341 249.928 239.416 122.51 105.154 245.96 95.9105 140.368 331.907 546.693 222.12 169.188 179.815 149.226 269.96 335.255 177.307 111.01 152.107 294.996 148.297 112.074 155.608 119.837 134.78 116.532 107.847 173.418 -9999 -9999 -9999 -9999 -9999 -9999 -9999 -9999 1016.24 308.371 132.838 112.889 138.885 454.816 692.386 754.242 1500.26 3631.62 4883.96 5447.81 4831 4719.46 4437.76 2195.67 572.02 802.554 482.738 338.711 1247.26 2022.6 814.89 358.796 392.302 376.23 309.539 458.12 990.544 2412.62 4175.54 3456.01 1185.68 201.907 256.409
2865.92 1404.6 572.893 146.174 423.723 296.71 202.034 135.921 93.3331 94.61 125.761 144.873 104.3 183.69 547.18 200.876 248.155 141.234 224.449 266.001 287.96 228.467 286.085 187.926 148.532 120.488 99.936 111.513 153.704 178.86 107.478 111.096 -9999 -9999 -9999 -9999 -9999 -9999 -9999 -9999 -9999 776.095 585.844 318.356 620.157 392.884 321.977 525.299 1178.93 2498.88 4806.57 5970.85 3949.52 2298.49 2300.45 3475.34 2235.2 491.085 557.546 283.286 226.984 735.427 610.62 739.823 314.247 351.983 308.376 246.711 798.746 2691.74 4243.19 5306.5 3382.82 1073.42 120.648 297.952
4460.36 3454.19 2006.48 1024.96 315.075 420.707 587.705 328.147 262.558 185.12 182.644 173.515 101.429 163.056 242.622 202.459 138.763 104.689 345.52 299.827 207.77 200.957 268.7 186.534 165.045 155.385 133.33 110.607 155.228 175.13 128.184 -9999 -9999 -9999 -9999 -9999 -9999 -9999 -9999 -9999 -9999 -9999 -9999 429.361 1296.39 1479.96 869.622 553.595 691.301 2756.78 5336.56 5779.35 3375.2 1226.75 707.301 2029.27 1715.3 731.252 1863.71 881.564 280.245 174.527 473.599 525.644 841.652 659.936 478.312 420.665 978.039 3072.4 5569.47 6057.04 3603.67 1322.87 648.376 1844.28
6322.2 5522.44 4313.56 2748.48 920.689 234.115 519.485 346.379 377.326 320.838 557.387 931.445 489.705 225.754 259.117 412.314 143.898 194.896 153.038 144.794 124.778 141.489 161.97 183.735 164.984 158.234 157.334 86.6064 134.915 233.267 384.192 355.508 -9999 -9999 -9999 -9999 -9999 -9999 -9999 -9999 -9999 2787.36 3411.36 896.44 590.084 1320.35 2483.58 1383.03 804.54 2934.64 5526.05 6558.21 4559.02 3135.2 1372.1 734.716 819.386 1347.84 2969.19 2253.8 1620.85 778.902 1091.05 1958.08 1685.23 792.63 454.655 613.202 2533.17 4340.07 6384.1 6056.72 3678.31 1543.49 1710.41 3835.83
6569.19 6139.99 4825.52 2479.82 1084.74 504.567 376.244 215.457 146.111 175.232 256.876 266.624 144.61 144.65 238.76 375.727 152.741 158.536 134.706 130.516 125.444 143.89 247.799 241.269 141.645 164.016 468.979 154.606 115.004 149.983 238.979 291.343 236.374 391.576 -9999 -9999 -9999 -9999 -9999 -9999 -9999 1776.56 1877.65 721.081 639.85 1341.63 2731.41 1242.74 1458.59 3775.27 6365.54 7703.33 6515.58 4841.63 2855.8 1366.08 765.344 924.125 1553.92 1681.49 3117.96 2773.46 1949.23 872.843 555.504 1009.85 1867.12 1749.67 3598.38 5850.34 5990.12 4631.73 3498.1 2246.57 2237.54 3918.04
-9999 -9999 -9999 -9999 -9999 805.477 1447.16 261.26 238.458 282.925 141.961 79.2645 101.799 174.95 303.267 187.243 342.312 360.762 165.179 136.73 155.977 126.805 241.282 128.17 237.146 694.778 -9999 165.161 115.56 86.3135 152.05 238.162 130.412 215.777 614.597 -9999 -9999 -9999 -9999 -9999 1982.33 636.878 593.726 287.069 826.09 2828.81 4034.67 2844.98 3050.06 4854.79 7406.43 9413.49 8386.13 6518.13 4856.07 3713.32 2598.06 1122.57 448.255 1445.44 3243.36 2578.98 853.471 746.164 1799.27 3020.11 4232.43 4195.02 5246.39 6574.58 4949.14 2666.41 1300.7 787.787 758.252 2164.56
-9999 -9999 -9999 -9999 -9999 -9999 1529.37 509.028 1371.24 1696.33 196.312 339.845 195.91 203.95 997.035 603.17 522.706 499.053 224.543 200.953 168.871 145.355 176.964 171.103 143.434 331.288 -9999 157.847 98.0724 94.9997 280.745 82.3309 173.021 439.248 -9999 -9999 -9999 -9999 -9999 2662.74 1885.18 768.781 593.982 1222.1 2411.14 3998.86 5765.53 5223.24 5382.73 6461.04 8436.1 10619.1 9960.26 8383.09 7125.34 6037.09 4412.98 2794.63 1230.29 2502.1 2851.53 1009.12 805.811 2387.19 3895.74 5163.58 6369.84 6621.76 7488.74 6919.01 4445.98 2078.27 234.232 146.523 346.739 1800.57
-9999 -9999 -9999 -9999 -9999 -9999 -9999 1345.98 2499.81 2964.77 -9999 1081.07 -9999 -9999 2519.65 2110.09 1165.25 896.621 995.914 746.865 266.022 191.474 258.276 266.415 276.573 399.236 671.41 188.087 151.481 141.004 169.017 338.907 224.448 -9999 -9999 -9999 -9999 -9999 -9999 2162.21 769.618 858.097 1797.7 3033.05 4714.15 5956.46 7510.63 7754.45 7942.21 8923.06 10093.9 11859.5 11927.7 10758.4 9551.19 8090.79 6264.11 4508.34 3422.75 3848.98 2876.81 688.712 1176.45 3439.08 5651.8 6637.02 6908.56 7617.48 8417.88 7128.28 4551.37 2221.68 943.576 1098.5 2012.55 3300.41
-9999 -9999 -9999 -9999 -9999 -9999 -9999 -9999 -9999 -9999 -9999 -9999 -9999 -9999 -9999 -9999 2012.83 1931.37 1817.89 -9999 -9999 780.673 912.555 1202.75 1479.73 1868.32 880.226 310.524 362.181 105.556 -9999 -9999 -9999 -9999 -9999 -9999 -9999 -9999 -9999 -9999 1265.91 818.713 2992.66 4917.27 6538.3 8156.77 9472.04 10071.8 10374.2 11355.1 12428.7 13524.8 14108.1 13044.5 11251.8 9287.01 6838.57 5045.03 3465.92 2960.11 2777.17 840.174 1381.74 3646.83 5333.99 4885.44 4615.52 5420.16 7015.03 7756.4 5478.39 3725.93 3170.29 3403.18 4289.29 5426.57
