public/models/data/input/map/ntb/2500/mapslope.asc
NCOLS 156
NROWS 110
XLLCORNER 370313.940441
YLLCORNER 9268024.452423
CELLSIZE 2500.000000
NODATA_VALUE       -9999
[rows 68 to 101 of 110, columns 76 to 151 of 156]
15.4115 16.3706 13.4642 7.07795 2.53867 4.25283 5.96106 6.48413 7.24596 6.81397 8.17822 7.87666 9.01586 10.3615 12.4662 12.7585 12.2194 15.1201 15.4408 23.7803 31.3494 46.9405 34.441 41.0452 29.1609 19.66 10.3825 -9999 -9999 -9999 -9999 -9999 -9999 -9999 -9999 -9999 -9999 -9999 -9999 -9999 -9999 -9999 -9999 -9999 -9999 -9999 -9999 -9999 -9999 -9999 -9999 -9999 -9999 -9999 -9999 -9999 -9999 -9999 -9999 -9999 -9999 -9999 -9999 4.67342 15.0313 40.4432 59.5247 50.6105 34.7699 16.7241 -9999 -9999 -9999 -9999 -9999 -9999
10.2861 14.5971 14.8047 9.64441 4.51266 5.41075 3.53113 7.25994 15.4439 15.9899 7.02963 7.95311 11.1418 13.9577 13.4816 13.9134 16.5734 21.3614 25.0023 -9999 52.1235 41.0072 31.4054 30.5418 26.0912 19.989 9.07275 7.84944 -9999 -9999 -9999 -9999 -9999 -9999 -9999 -9999 -9999 -9999 -9999 -9999 -9999 -9999 -9999 -9999 -9999 -9999 -9999 -9999 -9999 -9999 -9999 -9999 -9999 -9999 -9999 -9999 -9999 -9999 -9999 -9999 -9999 -9999 -9999 10.287 19.6102 34.6835 47.3106 49.9892 29.3201 14.9242 -9999 -9999 -9999 -9999 -9999 -9999
8.61563 14.5855 8.94193 4.41349 6.58757 -9999 8.27885 6.94543 10.5407 8.80586 6.10578 9.54474 12.7537 14.8862 14.8949 17.0689 21.8371 30.3924 26.612 -9999 44.7058 23.8283 21.8001 19.2823 17.774 15.1979 8.90796 10.8946 -9999 -9999 -9999 -9999 -9999 -9999 -9999 -9999 -9999 -9999 -9999 -9999 7.22484 9.90307 8.88147 -9999 -9999 -9999 -9999 -9999 -9999 -9999 -9999 -9999 -9999 -9999 -9999 -9999 -9999 -9999 -9999 -9999 -9999 -9999 -9999 4.27592 8.88885 20.8347 35.5969 46.3194 22.3807 9.25514 -9999 -9999 -9999 -9999 -9999 -9999
12.7611 11.3826 6.1761 2.45732 -9999 -9999 10.2889 5.28422 6.24124 9.07875 6.49548 9.67332 15.1833 16.6149 15.4261 19.9119 30.4063 44.9017 32.939 -9999 59.9891 32.3895 16.968 14.3278 15.6318 19.8507 12.6968 8.96897 -9999 -9999 -9999 -9999 -9999 -9999 -9999 -9999 -9999 -9999 -9999 4.81892 6.4554 10.9108 6.38988 4.82597 -9999 -9999 -9999 -9999 -9999 -9999 -9999 -9999 -9999 -9999 -9999 -9999 -9999 -9999 -9999 -9999 -9999 -9999 -9999 3.81325 3.99817 7.22407 14.9892 19.4862 17.8865 -9999 -9999 -9999 -9999 -9999 -9999 -9999
10.4522 16.5043 6.18141 -9999 -9999 -9999 -9999 -9999 7.36759 8.72377 5.32568 6.09191 10.1058 14.2629 18.7916 20.342 27.8558 34.8831 41.9851 -9999 26.6923 19.6591 15.2205 12.7647 12.1685 17.7173 11.7627 8.42359 7.81307 4.4307 -9999 -9999 -9999 -9999 -9999 -9999 -9999 2.44824 2.40247 7.86511 17.0249 24.0185 18.4292 11.7653 14.8316 17.1672 9.90374 3.901 2.34765 -9999 -9999 -9999 -9999 -9999 5.09373 8.37673 7.97455 11.9149 5.62435 6.36392 -9999 -9999 -9999 -9999 -9999 2.9385 4.05596 -9999 -9999 -9999 -9999 -9999 -9999 -9999 -9999 -9999
11.9794 16.9857 -9999 -9999 -9999 -9999 -9999 -9999 6.05455 4.68919 5.20991 5.70941 8.52807 12.2774 20.5287 16.1667 19.5854 21.9595 24.6197 20.6252 19.9868 16.0073 15.0235 12.4093 11.7976 12.5033 11.0631 6.2648 4.81974 4.20034 -9999 -9999 -9999 -9999 -9999 -9999 3.05932 4.10639 12.4717 22.8227 26.643 27.8169 23.8432 20.8839 25.089 26.8744 30.3102 19.2042 8.79093 2.66691 -9999 -9999 -9999 4.55898 11.4404 27.5537 27.4477 23.3508 22.3847 16.8453 12.3938 10.8124 7.32979 2.17517 0.0949765 -9999 -9999 -9999 -9999 -9999 -9999 -9999 -9999 -9999 -9999 -9999
19.5522 15.9941 -9999 -9999 -9999 -9999 -9999 -9999 -9999 1.64247 2.00711 3.47602 5.66157 9.04552 12.4591 12.002 16.2883 14.6209 17.3463 15.062 15.5465 15.5268 11.4648 7.56286 9.77596 10.8683 8.85822 7.39167 4.90006 3.19619 1.8831 4.49324 4.49324 -9999 -9999 -9999 4.01057 8.24601 21.1719 26.8376 30.2584 31.7991 35.0481 23.2152 30.0152 36.5523 33.5184 26.4997 17.007 5.23106 1.42661 -9999 6.15115 9.11041 27.2715 33.1252 30.9511 25.652 26.3381 7.80825 6.81779 5.31182 4.39089 1.61607 0.472161 -9999 -9999 -9999 -9999 -9999 -9999 -9999 -9999 -9999 -9999 -9999
14.6174 7.72181 -9999 -9999 -9999 -9999 -9999 -9999 -9999 -9999 1.21377 2.51789 5.39123 6.95156 9.70745 10.6979 13.7178 15.2311 14.2328 14.8636 13.3263 10.1626 8.20372 9.74422 11.0481 8.73597 7.57568 5.16753 6.25569 9.48078 5.17055 8.04167 6.18667 -9999 8.08302 7.53287 18.3299 24.7738 27.7049 31.1495 35.1118 33.4122 40.5181 32.6715 34.7399 40.9789 42.2715 27.5381 21.1459 13.3163 6.52931 11.7747 19.0709 19.182 21.6234 21.6013 23.0379 31.2339 25.3263 17.9411 11.1143 17.1605 8.97761 1.45007 0.563795 -9999 -9999 -9999 -9999 -9999 -9999 -9999 -9999 -9999 -9999 -9999
10.3915 -9999 -9999 -9999 -9999 -9999 -9999 -9999 -9999 -9999 -9999 10.718 12.0138 4.63858 7.91164 8.15689 9.44824 10.4432 13.1016 12.5766 12.1648 14.0128 13.1934 12.1549 7.76042 5.69079 5.32182 8.13688 19.8019 21.5686 15.7236 10.8611 4.47399 3.03626 8.63917 18.0353 29.7664 34.3503 28.7393 28.6028 32.2889 41.5084 39.0131 41.8194 34.7514 37.7854 40.3119 27.4857 24.6617 17.0821 8.31181 4.02266 29.5012 27.4598 20.2976 17.8965 21.8442 30.9606 27.7915 31.1017 17.6379 34.6835 23.4747 6.07237 -9999 -9999 -9999 -9999 -9999 -9999 -9999 -9999 -9999 -9999 -9999 -9999
-9999 -9999 -9999 -9999 -9999 -9999 -9999 -9999 -9999 -9999 -9999 -9999 1.00029 1.39985 3.23082 4.91688 6.89636 11.7345 10.6043 9.66908 9.97253 11.0428 11.174 11.282 11.5529 6.63798 8.99272 24.7753 26.4957 27.7275 21.9281 17.6647 10.5997 10.1661 14.3653 19.9363 27.5368 34.5148 23.528 16.9152 20.0813 21.1705 21.3701 40.2169 36.8472 37.3209 32.3326 25.0849 20.3463 17.7563 8.36552 17.0139 29.0877 36.6104 26.8186 22.976 29.976 36.3223 32.9576 35.1813 19.9129 35.6273 36.2546 13.955 2.57117 -9999 -9999 -9999 -9999 -9999 -9999 -9999 -9999 -9999 -9999 -9999
1.97922 1.73905 -9999 0 9.87362 13.6557 -9999 -9999 -9999 -9999 -9999 -9999 -9999 -9999 2.25032 3.32773 5.11081 4.22047 5.97094 7.44917 7.18145 8.18916 7.2251 6.3584 7.67715 6.73053 22.9389 31.4269 35.9281 33.8419 26.2304 17.5356 15.7554 17.0012 13.9616 11.9319 22.8621 28.7709 27.8509 21.1359 19.1914 18.5415 22.2817 30.4452 36.0493 39.1099 25.5545 20.8929 17.4255 13.7113 8.77321 27.4081 33.9472 30.8878 28.5688 27.7607 32.2058 36.604 36.0145 33.9464 30.1034 39.4966 37.8291 27.088 9.7798 8.14056 -9999 -9999 -9999 -9999 -9999 -9999 -9999 -9999 -9999 15.728
3.60723 1.82588 1.53257 0.46064 5.00349 8.47377 -9999 -9999 -9999 -9999 -9999 -9999 -9999 -9999 -9999 1.7289 2.43285 2.40544 3.32725 4.01067 3.54148 4.36739 5.1981 5.14194 5.55321 11.145 28.7046 37.2522 33.7026 31.5096 28.9118 21.9427 18.118 16.3415 8.54778 10.094 19.5388 21.5581 22.5511 23.3721 14.4971 22.0016 19.7812 25.3755 36.663 25.9123 20.0042 17.8215 14.6585 9.66743 7.48836 18.4551 26.4215 25.7184 22.7671 26.21 33.7524 33.5759 38.2865 25.4919 26.8295 41.5227 39.9946 30.5043 20.2285 5.67301 5.50127 -9999 -9999 -9999 -9999 -9999 -9999 -9999 -9999 19.2478
4.2617 2.74456 5.23352 5.46327 6.41158 4.64335 -9999 -9999 -9999 -9999 -9999 -9999 -9999 -9999 -9999 -9999 -9999 -9999 7.29816 5.34123 3.25537 5.36274 6.21496 4.33827 3.78945 9.83346 23.5759 29.8125 30.4757 27.5054 24.6933 19.6959 12.3968 12.3523 12.6529 16.7452 18.104 10.5564 17.7204 10.2616 11.3172 16.6756 13.5282 24.7368 33.2534 20.423 18.2935 11.8743 7.56358 5.6012 7.90243 2.32724 5.53858 13.9065 24.026 29.5881 33.5954 34.8047 38.259 35.4866 35.0334 37.3723 33.9375 30.5542 25.693 15.0945 8.4593 -9999 -9999 -9999 -9999 -9999 -9999 -9999 -9999 21.0886
7.28587 3.4799 6.85576 8.67494 7.83349 9.40787 9.03069 15.1664 8.92942 0 -9999 -9999 -9999 -9999 -9999 -9999 -9999 -9999 3.92149 2.76642 2.06824 -9999 -9999 4.63581 3.50923 6.89803 17.3938 20.3264 20.5331 21.686 21.2842 13.5905 5.23648 3.82133 6.95817 8.2486 24.6244 20.3705 19.1483 7.90741 11.2169 14.4833 12.3647 12.4123 19.595 15.0405 15.7935 9.26514 5.98353 3.48661 6.367 19.244 8.93452 7.9842 20.0724 28.2198 28.6746 27.9521 35.3094 45.1321 41.7014 40.8435 30.7104 28.1655 25.4254 17.9488 8.7776 -9999 -9999 -9999 -9999 -9999 -9999 -9999 -9999 -9999
15.0712 3.33194 13.5764 6.33605 12.5089 14.4414 8.34008 17.9457 8.17762 0 -9999 -9999 -9999 -9999 -9999 -9999 -9999 -9999 -9999 -9999 -9999 -9999 -9999 -9999 4.51251 4.08305 8.83932 10.9135 13.9223 18.3 15.3459 11.9178 4.5535 3.28296 7.79997 23.825 25.422 10.3272 12.8776 8.1099 7.94319 13.1348 16.1474 12.6587 6.25637 6.82373 5.80772 3.52175 1.73533 1.16431 6.25825 16.0274 15.3497 13.6282 15.9271 23.1561 28.1636 20.3761 30.4428 34.5793 39.8216 43.6012 31.116 23.25 19.1959 16.061 7.60786 -9999 -9999 -9999 -9999 -9999 -9999 -9999 -9999 -9999
7.98554 11.792 12.2358 8.53374 10.0716 16.047 10.7765 17.5372 6.4507 -9999 -9999 -9999 -9999 -9999 -9999 -9999 -9999 -9999 -9999 -9999 -9999 -9999 -9999 -9999 -9999 2.9502 3.07471 4.94269 8.26187 15.9363 7.96312 9.59825 4.33292 2.74202 7.54054 22.4145 24.8783 16.846 11.6655 5.96674 6.49834 15.6729 19.4455 10.5322 3.12171 5.25263 8.55656 4.60264 1.28039 5.42668 11.2941 21.8265 22.7833 17.8258 23.0485 25.1724 22.1159 10.9164 16.7596 26.3978 30.0257 32.5902 21.1173 23.8581 15.0559 6.46724 2.63246 -9999 -9999 -9999 -9999 -9999 -9999 -9999 -9999 -9999
15.7999 22.0808 18.1116 13.928 1.98612 1.98375 0.809492 8.08531 13.4068 10.766 8.74995 4.22659 3.07043 -9999 -9999 -9999 -9999 -9999 -9999 -9999 -9999 -9999 -9999 -9999 -9999 -9999 -9999 1.66966 16.6715 24.2364 7.46484 21.0316 16.3897 10.9735 21.7842 24.0539 14.889 8.30152 5.96522 2.65477 6.63985 15.7598 16.7142 9.3406 12.7856 21.5189 20.9781 14.9521 4.19933 1.04251 5.19922 9.78888 12.2834 22.2078 28.9974 30.6446 30.5813 13.7382 13.759 28.1331 26.7903 28.3529 16.5582 17.5883 8.79426 5.53749 15.7398 -9999 -9999 -9999 -9999 -9999 -9999 -9999 -9999 -9999
16.1882 18.5352 13.1203 6.78889 3.25231 11.4715 4.44788 10.9326 11.6726 15.1188 10.8841 5.13035 11.4771 25.7212 -9999 -9999 -9999 -9999 -9999 -9999 -9999 -9999 -9999 -9999 -9999 -9999 -9999 -9999 23.5768 18.8476 9.37855 33.9793 21.2475 25.8398 26.8994 30.217 19.4602 2.97902 1.27149 3.52947 22.2608 17.6183 18.3947 13.947 22.8812 33.1353 29.5313 10.111 1.48584 0.938937 0.882532 7.97542 21.8886 22.9062 26.6469 30.1816 26.0012 20.1465 19.2668 24.9699 22.5258 23.1498 15.0815 4.72833 5.50649 7.26558 14.995 -9999 -9999 -9999 -9999 -9999 -9999 -9999 -9999 -9999
6.97291 7.26383 8.53465 1.76934 8.71889 10.123 15.8592 15.9791 10.7386 9.52812 -9999 -9999 13.0104 9.79519 0 -9999 -9999 -9999 -9999 -9999 -9999 -9999 -9999 -9999 -9999 -9999 -9999 -9999 -9999 -9999 38.0774 29.8141 30.8486 25.879 29.8229 31.5025 9.84918 3.67223 7.05653 23.4396 30.5139 19.7658 28.0626 18.9395 28.3133 22.9727 32.4175 9.68946 3.17368 3.70179 5.57267 15.5663 24.8791 27.6515 34.8801 35.2786 26.6855 29.9373 25.0753 25.0983 26.4131 28.6905 13.2971 1.75829 2.65945 3.69726 10.5086 -9999 6.73284 3.34713 6.20829 16.584 5.24795 -9999 -9999 -9999
2.31238 4.46714 3.51029 1.9537 6.90662 11.6383 18.233 17.2616 17.8373 7.29853 -9999 -9999 1.125 0.375 0 -9999 -9999 3.34385 5.68007 5.15917 -9999 -9999 -9999 -9999 -9999 -9999 -9999 -9999 -9999 -9999 -9999 -9999 18.7141 26.0879 25.0192 28.0703 16.9594 9.21305 9.73394 16.2253 15.5015 16.2002 31.4659 29.6106 29.0247 32.6923 36.2055 27.9613 7.96353 14.1748 12.8293 14.0364 26.704 30.6142 33.4417 29.057 31.4577 33.319 28.8826 28.9066 24.08 24.5613 23.6242 9.63851 6.91942 6.93181 -9999 -9999 2.99948 12.0898 16.1757 11.2594 4.76718 -9999 -9999 -9999
4.2761 4.71403 5.11028 11.5635 11.2285 7.5628 15.7566 16.0431 7.47995 8.2636 12.2115 -9999 -9999 -9999 -9999 -9999 -9999 4.45725 7.16139 3.94759 0 -9999 -9999 11.001 8.29558 6.17393 7.10583 7.53158 3.44696 2.62722 3.54716 14.1528 8.99371 29.8637 30.7475 10.5832 7.98858 8.46344 0.741739 8.22911 16.0719 12.0941 36.5224 37.9395 32.4132 31.2558 38.2776 34.1215 36.4327 33.9995 9.71328 18.9187 18.1105 28.1496 32.0811 32.6197 29.8898 23.0156 30.5989 30.8713 24.2274 18.1581 24.2459 18.877 18.748 10.1811 1.89083 1.69854 4.71234 5.08889 5.93041 6.02732 -9999 -9999 -9999 -9999
16.9325 12.1566 15.7267 21.6526 16.5502 8.22961 8.98273 15.5369 8.85233 1.81762 1.10891 -9999 -9999 0 -9999 -9999 -9999 12.2443 8.59402 4.36618 2.86388 4.89054 7.56097 11.9651 14.473 12.716 13.3104 11.4165 7.46262 3.53428 7.89395 11.222 19.6271 36.9414 30.2146 12.707 11.0759 16.0475 8.48364 4.26835 11.2451 11.3734 29.3307 27.8749 25.124 27.3199 32.5885 35.675 32.709 30.0374 19.2635 24.2932 24.0572 30.1569 31.5323 27.4631 29.2932 27.1761 34.4364 31.938 23.5773 23.756 30.2286 28.0927 31.824 15.643 14.8009 10.7465 15.0812 18.2427 13.9295 7.1573 9.26035 7.17199 3.82004 -9999
27.4348 20.6423 29.0175 32.0901 18.6275 16.6227 9.26354 3.32856 3.52124 1.45979 -9999 -9999 -9999 4.01081 3.77405 -9999 -9999 15.1723 8.50858 7.3618 3.94653 11.856 16.5875 21.3879 20.7268 27.51 30.6052 29.6801 24.0721 11.6862 15.7018 20.5964 27.4785 36.0607 42.7484 22.0067 14.8735 23.6963 14.2647 18.742 14.827 13.2151 21.5973 22.4024 20.9343 27.6303 31.5287 29.9109 31.3662 24.8744 27.0777 23.5968 28.4699 23.6896 26.2323 25.3485 21.9807 35.5091 27.6648 17.8211 17.8307 16.1287 25.2449 25.0529 27.3125 28.6157 27.9023 29.6561 37.5935 30.9444 28.997 12.5159 6.51174 11.998 6.59589 2.90504
27.2115 24.1798 26.5801 36.907 31.9812 26.9694 23.6908 11.9669 2.82982 4.64787 11.4059 -9999 2.2922 6.70337 17.1879 13.3429 -9999 -9999 5.2099 8.25379 7.41992 14.1835 17.1016 21.0931 19.2166 26.3323 20.7026 23.7385 29.1796 22.68 18.0438 15.8956 24.6017 25.1867 23.7144 13.7857 18.2377 14.3522 7.16354 9.38139 13.6498 26.3262 17.621 19.1798 24.928 29.8138 29.2133 23.5846 24.3059 17.6468 35.5124 23.5392 12.6143 9.06892 10.0187 16.9684 7.97337 18.6555 9.25271 4.46866 2.219 4.51676 15.5417 20.7216 18.789 21.067 22.7349 18.056 32.8156 30.8568 35.0568 15.7231 3.03307 8.24062 3.78629 -9999
25.1042 29.2124 27.6417 31.3969 27.6177 30.3092 26.2286 12.3982 7.5232 5.73425 1.48483 1.49261 1.74919 5.24725 16.8683 9.24432 10.1477 3.47982 1.30393 2.22373 6.30379 6.08397 9.48714 19.0781 15.5258 18.6913 27.8434 26.7012 24.3486 12.9401 12.3765 13.048 16.7922 13.3449 14.2358 -9999 -9999 0.731296 1.62247 7.2132 31.8452 23.6916 16.7046 15.1834 21.6051 30.2508 24.4023 23.4946 20.0047 13.4375 21.3214 20.0104 4.14864 2.27358 1.53646 2.30677 4.60839 16.9985 18.8815 -9999 -9999 6.57285 14.4815 19.4556 22.4914 14.9994 19.1283 25.0029 22.6427 37.6291 38.2921 27.0841 -9999 -9999 -9999 -9999
27.8896 26.6155 27.2509 22.4967 16.7345 16.806 23.103 14.9247 4.98647 2.95015 1.62543 1.32888 1.03219 6.51568 16.0967 10.4472 6.24868 2.02872 1.55595 1.81548 3.21965 4.12417 13.0211 19.0772 15.2747 16.7154 19.6208 22.812 19.7072 10.2589 20.7235 15.0993 11.555 2.85277 -9999 -9999 -9999 2.03398 5.14422 19.9409 29.3732 30.423 21.7572 19.2999 18.6019 13.7278 20.4665 20.6304 15.8678 2.28256 4.29933 14.8809 9.62611 10.0671 0.873831 4.37061 4.37219 -9999 -9999 -9999 -9999 19.4513 13.7991 17.5638 23.8053 15.5228 16.0045 28.8729 22.5563 27.741 33.8442 -9999 -9999 -9999 -9999 -9999
26.2368 28.113 27.4514 24.5601 17.3374 23.5227 31.3943 24.8114 16.3559 5.5974 1.68386 1.46942 3.85357 5.57159 8.97211 9.94183 3.02472 1.9116 1.51872 2.866 3.46843 9.85669 21.2823 20.5022 19.9645 21.0684 21.0538 19.4509 15.0663 17.5404 26.5085 14.1086 29.8358 -9999 -9999 -9999 2.07711 9.84665 21.6293 23.6277 27.357 27.4722 23.7927 26.4566 13.3595 10.4611 19.9178 10.1757 8.66519 15.2189 11.6241 16.0118 7.339 10.5492 15.2042 16.8359 16.8197 16.3073 11.9988 9.10017 4.13256 4.68385 -9999 -9999 -9999 -9999 -9999 -9999 -9999 22.7941 -9999 -9999 -9999 -9999 -9999 -9999
31.3665 33.1433 25.2428 24.5519 26.8507 30.8123 41.7316 35.7896 22.9436 10.0411 1.57058 1.53142 4.07145 5.25281 10.4086 15.6516 6.8364 4.17828 2.17643 3.85029 5.55218 18.3748 31.8414 23.8834 30.9014 22.9038 23.9342 18.567 20.6682 28.1995 29.2793 21.911 -9999 -9999 -9999 -9999 4.16723 19.4155 28.7508 27.2222 26.7262 25 30.1917 30.0528 17.3888 17.2624 23.7796 18.0234 14.7104 28.6443 30.6054 15.4968 11.1244 12.9132 27.7295 30.73 27.9301 29.885 29.3933 22.4822 14.3544 11.3768 -9999 -9999 -9999 -9999 -9999 -9999 -9999 -9999 -9999 -9999 -9999 -9999 -9999 -9999
27.3055 29.8684 31.5442 27.1644 22.1647 30.9948 33.7299 27.365 33.1985 10.4196 3.37195 2.16792 5.73554 7.63061 15.8097 8.07818 10.9328 7.13286 6.66305 9.78129 14.7811 18.9035 23.4891 30.8715 29.6931 27.1041 23.1212 18.8986 23.2021 17.6607 -9999 -9999 -9999 -9999 -9999 -9999 6.21294 22.8259 21.2194 20.8423 23.4766 23.5353 31.3502 31.0885 23.9938 23.9107 21.6559 14.5224 8.3801 22.7365 45.6652 39.2124 -9999 13.0776 21.8679 15.6903 29.1457 27.5228 27.6738 30.4138 25.6127 23.4901 0 -9999 -9999 -9999 -9999 -9999 -9999 -9999 -9999 -9999 -9999 -9999 -9999 -9999
29.5798 29.6999 30.8209 30.5958 25.3195 22.437 26.173 29.0197 33.5931 20.7169 5.2796 3.88193 7.52877 12.8324 12.0471 9.88834 13.9437 14.0813 12.3244 13.8403 19.6596 21.8818 19.3724 12.2329 14.7455 26.3814 28.4494 20.7507 12.3269 9.68823 -9999 -9999 -9999 -9999 -9999 -9999 4.56721 18.0414 24.3673 23.1569 26.4463 26.236 36.9884 33.5381 26.592 18.2913 19.4708 6.07563 -9999 -9999 -9999 -9999 -9999 -9999 22.7399 11.7811 19.174 16.7572 24.8869 28.1661 18.7359 23.9833 0 -9999 -9999 -9999 -9999 -9999 -9999 -9999 -9999 -9999 -9999 -9999 -9999 -9999
27.1546 32.1158 31.4271 27.0606 22.5577 17.7361 16.4105 21.0807 20.4327 13.8519 6.33851 8.16055 12.3658 15.4275 10.9886 21.1602 29.6984 22.3716 15.8253 8.40138 8.96582 8.16336 6.25503 4.20559 6.08486 18.8213 8.54021 5.07212 4.37635 -9999 -9999 -9999 -9999 -9999 -9999 -9999 1.95882 6.667 30.9006 31.9474 29.0592 26.4781 29.5959 26.3173 31.0571 18.197 -9999 -9999 -9999 -9999 -9999 -9999 -9999 -9999 -9999 -9999 -9999 -9999 -9999 -9999 -9999 -9999 -9999 -9999 -9999 -9999 -9999 -9999 -9999 -9999 -9999 -9999 -9999 -9999 -9999 -9999
27.0637 29.588 32.5674 28.1508 18.3859 14.2083 9.12211 8.3212 9.7208 4.68734 4.53761 6.79888 17.527 20.9984 26.6323 31.4861 28.2004 23.6857 12.4825 7.007 -9999 -9999 -9999 -9999 5.99028 4.09235 4.3231 -9999 -9999 -9999 -9999 -9999 -9999 -9999 -9999 -9999 -9999 4.47518 30.6623 28.097 22.7866 20.3864 22.0824 21.0993 -9999 -9999 -9999 -9999 -9999 -9999 -9999 -9999 -9999 -9999 -9999 -9999 -9999 -9999 -9999 -9999 -9999 -9999 -9999 -9999 -9999 -9999 -9999 -9999 -9999 -9999 -9999 -9999 -9999 -9999 -9999 -9999
27.1043 36.209 35.4913 21.8617 13.0907 6.40697 3.20439 2.86525 4.21027 2.82985 3.37516 3.83977 9.47863 18.8697 22.2192 16.9325 9.88538 7.97061 8.11444 5.4651 -9999 -9999 -9999 -9999 -9999 -9999 -9999 -9999 -9999 -9999 -9999 -9999 -9999 -9999 -9999 -9999 -9999 -9999 -9999 -9999 -9999 -9999 -9999 -9999 -9999 -9999 -9999 -9999 -9999 -9999 -9999 -9999 -9999 -9999 -9999 -9999 -9999 -9999 -9999 -9999 -9999 -9999 -9999 -9999 -9999 -9999 -9999 -9999 -9999 -9999 -9999 -9999 -9999 -9999 -9999 -9999
26.3463 28.3915 31.8737 21.0592 4.87833 2.09318 1.61006 3.45887 2.78797 2.62584 3.02934 -9999 6.01167 7.86416 7.8955 11.0551 7.35527 -9999 -9999 -9999 -9999 -9999 -9999 -9999 -9999 -9999 -9999 -9999 -9999 -9999 -9999 -9999 -9999 -9999 -9999 -9999 -9999 -9999 -9999 -9999 -9999 -9999 -9999 -9999 -9999 -9999 -9999 -9999 -9999 -9999 -9999 -9999 -9999 -9999 -9999 -9999 -9999 -9999 -9999 -9999 -9999 -9999 -9999 -9999 -9999 -9999 -9999 -9999 -9999 -9999 -9999 -9999 -9999 -9999 -9999 -9999
