public/models/data/input/map/ntb/2500/mapslope.asc
NCOLS 156
NROWS 110
XLLCORNER 370313.940441
YLLCORNER 9268024.452423
CELLSIZE 2500.000000
NODATA_VALUE       -9999
[rows 68 to 101 of 110, columns 0 to 75 of 156]
-9999 -9999 -9999 -9999 -9999 -9999 -9999 -9999 -9999 -9999 -9999 -9999 -9999 -9999 -9999 -9999 -9999 -9999 -9999 -9999 -9999 -9999 -9999 -9999 -9999 -9999 -9999 -9999 -9999 -9999 -9999 -9999 -9999 -9999 -9999 -9999 -9999 -9999 -9999 -9999 -9999 -9999 -9999 -9999 -9999 -9999 -9999 -9999 -9999 -9999 -9999 -9999 -9999 -9999 -9999 -9999 -9999 -9999 -9999 -9999 -9999 -9999 -9999 -9999 -9999 -9999 -9999 -9999 -9999 -9999 -9999 -9999 5.97802 6.57462 9.11942 15.4072
-9999 -9999 -9999 -9999 -9999 -9999 -9999 -9999 -9999 -9999 -9999 -9999 -9999 -9999 -9999 -9999 -9999 -9999 -9999 -9999 -9999 -9999 1.40815 1.57943 2.64334 2.06328 1.8534 -9999 -9999 -9999 -9999 -9999 -9999 -9999 -9999 -9999 -9999 -9999 -9999 -9999 -9999 -9999 -9999 -9999 -9999 -9999 -9999 -9999 -9999 -9999 -9999 -9999 -9999 -9999 -9999 -9999 -9999 -9999 -9999 -9999 -9999 -9999 -9999 -9999 -9999 -9999 -9999 -9999 -9999 -9999 -9999 -9999 5.53379 5.02833 8.31935 10.3534
-9999 -9999 -9999 -9999 -9999 -9999 -9999 -9999 -9999 -9999 -9999 -9999 -9999 -9999 -9999 -9999 -9999 -9999 -9999 1.28168 2.48469 4.19302 5.12167 4.2037 3.60016 3.00178 3.52092 4.70944 4.71959 5.39949 -9999 -9999 -9999 -9999 -9999 -9999 -9999 -9999 -9999 -9999 -9999 -9999 -9999 -9999 -9999 -9999 -9999 -9999 -9999 -9999 -9999 -9999 -9999 -9999 -9999 -9999 -9999 -9999 -9999 -9999 -9999 -9999 -9999 -9999 -9999 -9999 -9999 -9999 -9999 -9999 -9999 -9999 4.51246 6.64535 8.53882 6.39285
-9999 -9999 -9999 -9999 -9999 -9999 -9999 -9999 -9999 -9999 -9999 -9999 -9999 -9999 -9999 -9999 -9999 -9999 2.40204 3.4127 5.01317 5.68093 7.49501 6.72594 5.58745 6.45421 6.93616 6.54196 5.50342 5.26747 2.48455 1.59727 5.36049 -9999 -9999 -9999 -9999 -9999 -9999 -9999 -9999 -9999 -9999 -9999 -9999 -9999 -9999 -9999 -9999 -9999 -9999 -9999 -9999 -9999 -9999 -9999 -9999 -9999 -9999 -9999 -9999 -9999 -9999 -9999 -9999 -9999 -9999 -9999 -9999 -9999 -9999 -9999 8.63978 12.6023 10.7023 10.8825
-9999 -9999 -9999 -9999 -9999 -9999 -9999 -9999 -9999 -9999 -9999 -9999 -9999 -9999 -9999 -9999 1.7524 2.38246 5.49177 6.20656 6.24188 9.05023 7.61888 9.72949 10.0665 10.6628 11.586 9.10617 9.57001 15.2829 16.7549 23.0206 28.0787 19.0266 9.84628 2.09134 1.13505 -9999 1.2584 -9999 -9999 -9999 -9999 -9999 -9999 -9999 -9999 -9999 -9999 -9999 -9999 -9999 -9999 -9999 -9999 -9999 -9999 -9999 -9999 -9999 -9999 -9999 -9999 -9999 -9999 -9999 -9999 -9999 -9999 -9999 -9999 -9999 -9999 4.37149 9.30667 13.8342
-9999 -9999 -9999 -9999 -9999 -9999 -9999 -9999 -9999 -9999 -9999 -9999 -9999 -9999 -9999 -9999 2.08956 4.48893 7.32248 11.0984 7.81782 13.7543 15.349 15.5065 15.9852 14.7188 14.8323 15.5606 18.3383 20.6456 37.385 42.027 49.3834 40.4611 27.5248 9.95982 3.16432 0.990037 1.57067 1.91999 -9999 -9999 -9999 -9999 -9999 -9999 -9999 -9999 -9999 -9999 -9999 -9999 -9999 -9999 -9999 -9999 -9999 -9999 -9999 -9999 -9999 -9999 -9999 -9999 -9999 -9999 -9999 -9999 -9999 -9999 -9999 -9999 -9999 7.12715 12.0355 7.74487
-9999 -9999 -9999 -9999 -9999 -9999 -9999 -9999 -9999 -9999 -9999 -9999 -9999 -9999 -9999 3.24669 3.42211 7.08664 8.59151 10.4058 11.2424 16.4888 22.162 27.6586 23.7424 22.2292 21.5222 19.981 18.72 12.1597 39.4967 61.6439 68.4777 52.8075 32.3488 22.9425 14.8928 3.83754 1.02328 1.36153 -9999 -9999 -9999 -9999 -9999 -9999 -9999 -9999 -9999 -9999 -9999 -9999 -9999 -9999 -9999 -9999 -9999 -9999 -9999 -9999 -9999 -9999 -9999 -9999 -9999 -9999 -9999 -9999 -9999 -9999 -9999 -9999 21.0982 17.862 7.7412 9.1834
-9999 -9999 -9999 -9999 -9999 -9999 -9999 -9999 2.6465 2.74125 1.8235 -9999 -9999 0.946811 1.47162 2.22912 13.5067 17.4997 8.31544 10.7911 13.3247 17.3555 22.7027 38.4308 40.2877 32.5787 32.6109 33.2396 21.3829 12.9406 25.0123 45.1566 48.1352 45.36 46.8061 35.9006 22.6183 12.5998 2.25924 0.954364 0.809581 -9999 -9999 -9999 -9999 -9999 -9999 -9999 -9999 -9999 -9999 -9999 -9999 -9999 -9999 -9999 -9999 -9999 -9999 -9999 -9999 -9999 -9999 -9999 -9999 -9999 -9999 -9999 -9999 -9999 -9999 -9999 17.5813 9.77944 7.31792 11.6629
-9999 -9999 -9999 -9999 -9999 -9999 -9999 -9999 4.33314 5.2942 1.46514 -9999 2.01876 3.03764 3.64397 5.55641 26.7211 29.3298 10.3529 10.5079 18.9693 27.9951 36.1845 38.6596 49.7869 38.0441 71.3899 52.8372 19.3998 16.9776 12.9215 12.0558 45.7964 46.5021 51.7124 38.6225 29.0856 17.7731 4.43625 1.78047 -9999 -9999 -9999 -9999 -9999 -9999 -9999 -9999 -9999 -9999 -9999 -9999 -9999 -9999 0.717081 0.480796 0.927461 1.47312 3.83174 7.55518 5.65467 -9999 -9999 -9999 -9999 -9999 -9999 -9999 -9999 -9999 -9999 -9999 12.4414 10.6909 10.2737 10.2462
-9999 -9999 -9999 -9999 -9999 -9999 -9999 -9999 -9999 -9999 -9999 0.627611 2.22936 6.0509 11.7325 14.3632 25.7396 21.7443 11.0186 12.8069 18.5467 29.2888 48.6047 36.8805 28.7511 10.6625 46.992 55.3935 34.4504 25.6577 28.7069 25.4318 41.1082 52.3371 45.51 40.9335 31.3674 18.1101 6.97264 2.02671 -9999 -9999 -9999 -9999 -9999 -9999 -9999 -9999 -9999 -9999 -9999 -9999 -9999 -9999 0.583317 0.514341 1.23069 1.56357 2.99308 10.8585 7.47587 2.69704 2.49495 -9999 -9999 -9999 -9999 -9999 -9999 -9999 13.6625 17.7343 -9999 6.61667 8.68562 5.91471
-9999 -9999 -9999 -9999 -9999 -9999 -9999 -9999 -9999 12.7561 17.9246 20.508 11.1516 15.8235 15.7453 21.0959 24.7401 18.661 12.9306 15.306 17.7295 24.3238 38.349 38.7979 28.9433 10.3228 20.8687 36.7062 48.1156 30.9389 32.0234 40.375 42.7135 45.8097 39.2522 38.0401 30.7806 14.9604 8.15041 2.13796 0.9319 1.13625 -9999 -9999 -9999 -9999 -9999 -9999 -9999 -9999 -9999 -9999 -9999 -9999 1.25926 1.48339 2.16836 2.53796 3.8638 6.85611 14.9273 12.4444 4.76532 6.76755 3.33872 2.51946 -9999 -9999 -9999 -9999 7.95602 7.37627 3.10527 4.6442 4.79858 3.04435
-9999 -9999 -9999 -9999 -9999 -9999 -9999 -9999 -9999 12.4954 36.7146 26.1392 31.2199 33.4678 25.2586 25.6917 26.7509 23.86 13.7005 17.7971 18.2551 19.1061 22.803 29.9205 48.9435 48.7831 42.6269 37.1638 44.538 27.5305 31.4636 47.1937 60.3305 51.1659 41.0994 47.5102 26.4033 9.65229 3.58046 1.35889 1.01969 1.13625 -9999 -9999 0.825045 0.676804 0.727694 0.769392 1.8343 -9999 -9999 -9999 -9999 -9999 1.1555 3.83064 17.1316 9.89792 8.61789 14.5731 25.8918 30.526 15.9146 11.9894 12.0877 8.1622 3.5905 1.16676 -9999 1.69389 4.37138 5.18396 1.89672 4.57457 8.62511 6.92216
-9999 -9999 -9999 -9999 -9999 -9999 -9999 -9999 -9999 22.6765 36.2934 24.5425 36.2043 33.5167 34.547 35.6951 44.9179 40.0241 17.1907 9.80141 11.3462 13.4349 18.26 28.5706 38.7822 53.6403 50.8177 33.4367 25.4695 20.0581 27.6574 34.7361 40.7127 34.9825 30.9893 25.6765 17.2084 5.84043 1.53597 2.32621 1.87271 -9999 -9999 -9999 0.975097 0.67583 0.736661 1.17876 -9999 -9999 -9999 -9999 3.04329 1.91724 8.28966 21.7942 32.9603 23.2114 25.128 25.5664 24.4599 28.1014 16.568 11.2109 15.8729 14.3324 8.2502 8.43514 4.74095 3.72683 6.31608 7.7396 2.12743 11.6933 19.9991 14.1286
-9999 -9999 -9999 -9999 -9999 -9999 -9999 -9999 -9999 16.628 43.757 35.4297 38.7032 37.8594 32.6111 37.3241 50.776 43.9703 21.0279 8.57603 9.38172 11.5413 16.6817 17.0253 24.2138 33.2905 42.5315 24.6255 19.907 14.1473 14.2618 17.2484 19.1464 20.9328 20.9519 18.4478 10.8439 3.34446 1.61181 -9999 -9999 -9999 -9999 -9999 -9999 0.725549 3.5016 -9999 -9999 -9999 7.17624 5.11934 6.9737 7.2321 17.2547 28.4448 35.1767 30.6438 31.9083 30.2631 26.4947 27.8543 18.1152 11.0029 15.0943 17.507 15.2839 11.489 9.30301 2.66808 4.57047 6.75358 5.25481 3.02659 8.52258 9.90481
-9999 -9999 -9999 -9999 -9999 -9999 -9999 -9999 -9999 7.4902 23.9561 36.6144 31.8769 28.6825 28.4763 25.364 28.4734 27.9718 14.031 9.68508 10.5386 9.92056 10.7138 12.1627 13.0297 15.6189 18.7657 15.5218 12.3453 10.8178 10.4212 11.6018 8.40246 9.47729 10.3449 8.27766 3.49666 1.30641 -9999 -9999 -9999 -9999 2.34473 3.976 2.40869 3.45534 4.9364 -9999 2.23875 1.39545 2.88207 7.45356 16.8413 26.9355 22.0871 38.9543 30.444 39.7674 33.3943 28.509 32.1719 28.3726 28.3542 21.8034 24.2567 21.0544 19.6096 16.9739 12.0653 8.72937 4.93513 4.82004 9.67598 2.2584 2.99142 14.769
-9999 -9999 -9999 -9999 -9999 -9999 -9999 -9999 -9999 1.72653 7.08155 15.8863 18.9723 22.8023 21.2027 17.5905 16.4135 14.0387 8.51587 7.59133 7.54659 6.73773 7.98344 9.22836 10.3111 11.5298 10.7564 10.1919 8.44349 7.53986 7.84784 6.94364 6.96 6.79298 7.31018 5.35722 1.53488 1.04845 -9999 -9999 -9999 -9999 1.38732 7.40556 6.15059 3.88445 20.7194 5.19226 6.80019 1.97879 3.11898 3.56378 16.0873 34.7739 29.0897 40.3437 29.7414 43.6053 43.8657 32.7607 30.6899 29.518 30.4504 34.7565 38.4615 26.9433 27.5581 19.4144 11.5131 11.574 7.44665 5.21441 5.64531 2.96543 3.80296 11.4022
-9999 -9999 -9999 -9999 -9999 -9999 -9999 -9999 -9999 -9999 2.01492 2.08279 4.09867 6.89183 11.0835 10.007 10.4391 8.1448 7.96882 7.73419 8.95821 7.35013 7.87953 7.93076 8.82901 7.80958 7.63763 7.0861 7.97333 6.5857 6.83112 5.75794 6.75524 6.62738 5.87519 3.38503 1.27309 1.36271 -9999 -9999 -9999 -9999 -9999 -9999 6.5045 7.28013 17.0481 10.9065 20.6507 6.64983 11.6246 15.9693 9.16498 29.0961 44.412 51.0349 26.9504 37.4833 50.2965 43.936 32.7994 31.625 36.4479 42.9892 41.5226 29.7677 23.7277 16.2609 16.0925 15.5743 6.54144 5.37072 4.58598 3.73347 5.48267 9.0708
-9999 -9999 -9999 -9999 -9999 -9999 -9999 -9999 -9999 -9999 1.30218 1.37714 2.22235 3.30437 3.39421 3.72537 4.2378 5.54025 8.38032 8.64511 7.50571 7.9391 6.12561 6.12367 6.5253 6.61626 5.77394 5.83951 5.51548 4.85897 4.50902 3.9998 4.98638 4.5588 3.60444 1.98731 0.938887 0.948404 -9999 -9999 -9999 -9999 0.511407 1.31207 4.19591 13.2121 17.5368 17.6752 24.906 19.751 22.1789 23.9988 26.7698 24.4061 29.4136 47.3419 51.5264 53.1717 47.5104 54.6937 45.2703 36.175 30.9178 32.8333 30.8309 28.4338 22.2983 18.7814 22.1031 21.7198 11.9722 5.47899 5.8004 7.31875 4.15246 14.4484
-9999 -9999 -9999 -9999 -9999 -9999 -9999 -9999 -9999 -9999 1.58997 1.27597 1.90627 2.79954 2.6366 2.98688 3.47906 4.60416 4.32835 5.76916 7.38174 5.86794 5.46012 4.90329 5.74781 4.40934 3.96057 5.01754 4.31619 3.95572 2.97919 2.9236 5.32267 4.2621 3.96678 2.92291 2.4528 -9999 -9999 -9999 -9999 -9999 1.71596 10.0597 15.1323 18.9711 21.3916 18.8703 27.2894 29.6143 23.4903 24.4814 21.5563 29.5785 28.5113 38.1602 38.4591 42.7184 34.2233 32.0165 36.1837 40.2264 29.1454 28.6019 26.6308 25.3947 24.0917 22.6544 23.5336 34.0125 20.5207 4.48879 5.22709 14.8134 4.29013 6.83088
-9999 -9999 -9999 -9999 -9999 -9999 -9999 -9999 -9999 -9999 1.88916 1.35736 1.72547 2.41608 2.70859 2.82007 3.74006 3.76699 4.32462 6.09617 7.15044 7.56165 7.63412 7.04433 4.95712 3.94469 3.59465 3.74229 3.50986 4.28107 3.86544 3.12392 3.83698 4.24494 4.07129 3.46765 -9999 -9999 -9999 -9999 -9999 5.36234 14.5994 25.1093 27.4855 9.64201 19.2574 28.1753 29.5383 31.7805 32.2463 17.4156 12.8278 20.473 23.4255 33.3434 27.4313 29.532 32.4145 28.1306 27.1323 33.2384 41.5408 35.3421 24.3563 24.56 24.036 22.8402 24.1176 27.7536 10.1344 7.37059 5.60638 7.75122 3.85747 3.14194
-9999 -9999 -9999 -9999 -9999 -9999 -9999 -9999 -9999 -9999 1.88607 2.39281 2.48917 2.94735 2.90655 4.11186 4.46316 5.35513 10.0012 8.25029 6.20446 6.8054 5.91549 5.19523 4.80512 6.62955 4.6717 4.25143 3.29421 3.15565 3.15245 3.83761 4.04372 3.71707 3.48684 3.97244 -9999 -9999 -9999 -9999 -9999 3.31347 11.4571 26.5821 27.1665 9.58793 17.9856 27.1758 30.898 27.9633 28.0955 17.7964 12.3027 27.4457 27.2894 24.7862 22.435 19.8909 24.1826 27.5657 32.4549 30.2835 37.4048 34.9652 24.9649 24.4124 23.5937 22.8394 32.0262 31.1515 15.5336 5.55371 3.8009 7.17826 12.3538 6.49846
-9999 -9999 -9999 -9999 -9999 -9999 -9999 -9999 -9999 -9999 1.33695 8.1959 6.65252 2.68226 2.99993 4.13708 5.76626 7.44376 8.69177 7.25088 5.2783 5.36683 6.56538 3.9636 4.15901 5.11553 5.02226 4.76325 3.78683 3.30871 2.89791 3.41248 3.43789 3.1983 3.27895 3.48009 -9999 -9999 -9999 -9999 1.86116 8.50048 21.8549 24.4396 22.3375 10.8099 12.526 27.6342 31.1352 17.9909 22.959 20.4405 16.864 37.9925 33.0814 22.3094 16.9442 15.5435 20.2908 28.4846 29.9963 28.3916 24.8549 24.797 20.1357 17.089 16.2405 16.8023 24.1683 22.7204 8.50331 8.91992 4.70003 8.73471 15.2685 14.2584
-9999 -9999 -9999 -9999 -9999 -9999 -9999 -9999 -9999 -9999 1.61464 4.74681 9.32487 4.07779 8.56021 7.13344 4.5519 3.8673 6.11619 7.74038 6.19644 7.83148 6.87027 4.87858 4.35484 5.16649 6.91858 6.01508 4.44693 3.0234 3.15798 4.04502 2.4631 2.83097 -9999 -9999 -9999 -9999 -9999 0.00736569 2.57773 8.9762 20.6819 25.6858 17.4228 6.52371 14.1252 23.0404 25.5192 14.9583 19.0902 21.9607 34.0994 35.2561 34.4739 21.3634 19.6 26.0799 23.2417 28.048 29.4511 27.8399 21.3206 22.9708 18.946 17.1785 16.6706 17.4567 18.9827 15.1453 18.646 26.8072 12.5828 13.9465 18.6621 25.9529
-9999 -9999 -9999 1.16787 0.691956 -9999 -9999 -9999 -9999 -9999 2.14092 3.48023 10.9555 8.33353 12.0815 15.2617 4.17206 3.43588 3.5434 4.33898 4.82977 6.01149 4.68321 4.60193 5.03603 5.26168 5.93139 5.7744 4.75475 4.09104 3.25362 3.25434 1.96981 1.73534 -9999 -9999 -9999 -9999 -9999 0.00736569 -9999 10.133 11.3741 28.41 21.3307 9.17969 12.4822 25.0265 11.0194 14.5752 18.9569 21.5946 29.7636 31.3231 29.9842 27.8474 32.4025 30.9019 32.0934 32.8697 31.0686 29.8627 25.0723 22.7111 25.8393 16.6784 13.7233 19.9128 21.3701 18.2891 17.3649 21.6875 21.0723 26.0504 21.3051 22.9061
9.59758 9.74386 5.50409 3.01255 2.13754 1.38499 3.4178 5.96001 5.77037 11.2694 2.76295 10.0904 23.7776 24.9064 14.37 5.18335 4.37773 4.74748 4.59509 5.40552 4.47706 4.4835 3.4458 3.6992 3.905 4.19522 5.37725 5.30626 4.27044 3.88148 3.61926 3.29867 1.56622 -9999 -9999 -9999 -9999 -9999 0 0 -9999 12.7684 16.561 18.1597 19.5123 13.4319 16.0997 11.3341 15.6984 31.7286 23.2296 26.0562 34.8429 26.3202 26.8222 24.3601 32.2752 24.7863 32.3569 29.8908 23.2757 28.1426 24.921 28.0437 24.4112 19.9496 13.6823 15.2119 14.268 14.0071 17.3726 21.5898 33.9594 28.5146 25.6015 20.484
20.5836 17.5129 6.97848 5.12768 8.95973 6.14127 15.5673 17.4596 12.9813 15.0399 11.3348 14.1432 23.8268 29.5316 22.7709 10.504 6.20901 4.83428 4.45003 4.35391 3.9503 3.90634 3.79754 3.73592 2.87645 3.02895 3.72909 3.6883 3.69667 3.91505 3.74749 3.6965 1.98053 -9999 -9999 -9999 -9999 -9999 0 0 -9999 16.7137 8.12274 10.4085 6.65545 5.22267 20.2501 22.6162 22.3372 27.099 29.5801 26.3105 28.0124 30.1102 30.8183 31.717 25.3418 21.9373 28.5099 21.8214 18.4964 26.6843 29.4358 26.9835 20.4843 16.1095 14.4746 13.8901 15.342 19.467 20.8461 24.428 31.2626 23.4186 18.4379 16.3748
28.1785 25.6611 14.9865 12.1046 11.7217 18.2055 15.2572 12.792 15.3496 15.6309 11.2521 19.6971 19.0463 16.9736 24.1858 15.1263 7.16145 4.09781 3.6869 3.02627 3.03006 2.26085 2.47498 2.55791 2.43832 2.71056 4.01832 3.85496 3.27592 3.31619 2.39273 2.98053 -9999 -9999 -9999 -9999 -9999 -9999 -9999 -9999 -9999 14.5394 15.4376 3.82364 23.1122 18.0335 14.3244 20.5575 25.3572 26.7987 29.786 26.9059 29.1708 34.5834 28.467 24.365 32.2161 24.8308 25.6167 15.4807 14.9436 26.5459 23.6805 20.4029 13.8497 17.7246 19.7646 16.2918 19.6902 19.5904 25.4396 17.0658 22.8107 20.4913 13.2746 16.8965
25.8211 29.6985 26.9697 22.8705 18.2079 22.5193 21.0398 18.1697 16.2728 20.5787 19.5556 21.9777 13.342 13.4742 12.1247 10.7251 6.95145 4.87823 2.87812 2.87753 3.70113 3.22024 2.31753 2.70022 2.62078 2.4348 2.83447 2.53329 2.90907 2.51897 1.68638 0 -9999 -9999 -9999 -9999 -9999 -9999 -9999 -9999 -9999 -9999 -9999 21.192 31.9837 28.6469 27.3351 19.9168 19.2433 23.4593 31.1512 28.9029 30.9748 29.5678 23.6354 22.6613 30.2153 20.8907 30.228 30.6064 19.4717 20.572 25.5029 23.0952 20.9288 26.2558 17.0888 13.1296 18.5679 25.2454 23.015 23.1525 28.4463 30.0152 21.0325 31.6985
23.1963 33.4196 25.6398 29.2635 24.8137 20.4962 24.709 19.3764 15.66 21.724 20.8282 22.5258 16.2863 12.8563 10.1567 14.3738 9.27235 5.04798 3.76107 9.10381 7.36353 5.21167 4.58009 6.05506 3.28535 3.67092 3.93318 3.21433 2.30651 1.77737 0.684959 2.04423 -9999 -9999 -9999 -9999 -9999 -9999 -9999 -9999 -9999 19.5875 11.9738 6.60257 17.9641 28.2971 28.7633 22.9843 20.6593 23.3226 23.6659 30.5578 26.4988 27.4755 27.9819 23.0552 18.4183 25.9642 36.8458 26.6631 31.5074 27.205 30.7004 26.5549 31.3843 20.2111 19.8874 16.7032 25.7452 22.4704 25.7056 21.3923 21.0168 21.6634 26.6241 28.0715
32.9816 40.2246 20.973 34.1723 22.9669 18.3206 25.8023 19.0313 22.4562 21.1526 18.0047 16.455 12.9882 10.8726 15.5462 16.3666 7.24551 4.45552 7.34755 9.26409 7.81513 7.84126 10.0691 9.79327 6.6633 4.84474 2.938 3.03082 2.43745 1.82299 1.85587 2.06549 2.07609 4.55538 -9999 -9999 -9999 -9999 -9999 -9999 -9999 9.35104 13.4145 7.18275 14.1932 20.0439 24.099 22.4553 21.0614 24.7149 25.2291 29.1047 27.5575 24.5989 25.9436 21.6839 21.156 24.7821 30.9564 31.5294 27.6731 29.0271 36.3799 21.9091 22.772 17.3144 28.1368 25.7107 31.9692 27.7917 27.0281 27.5186 26.8603 29.0815 23.7836 30.2402
-9999 -9999 -9999 -9999 -9999 20.0763 30.7419 21.5653 11.5028 16.1391 12.3745 11.5198 14.041 18.0657 17.3844 12.2437 13.5193 11.0985 10.8076 10.943 12.9083 13.2119 12.3288 10.0023 4.95013 4.4272 -9999 4.0099 4.97908 2.98575 2.88232 3.75658 5.01099 8.63107 6.68861 -9999 -9999 -9999 -9999 -9999 20.3132 14.5176 10.874 9.98571 11.8345 17.7551 22.0439 21.5424 25.6365 33.6494 27.181 25.916 25.3107 31.0233 27.339 23.6517 16.619 21.6407 24.9873 29.0692 22.2606 22.2753 34.5021 27.3665 21.4822 25.1203 21.4975 21.9392 23.5455 20.285 21.9418 21.9689 18.983 20.8239 20.6556 24.7723
-9999 -9999 -9999 -9999 -9999 -9999 31.4098 26.625 19.2387 19.0655 13.0949 13.4192 10.9391 10.4653 11.951 14.7601 19.9178 14.9558 12.4222 15.079 10.7248 8.53132 5.46044 7.97938 7.65952 7.08523 -9999 7.51969 4.96092 3.3071 1.88403 3.59874 6.29343 8.74017 -9999 -9999 -9999 -9999 -9999 -9999 21.0623 21.9567 19.9201 15.352 16.1892 16.7622 30.2402 26.906 24.119 21.5232 25.6729 24.7601 20.9257 22.4292 20.6824 19.5303 15.3434 25.6382 23.0232 31.4001 22.304 19.9263 22.6942 23.4375 21.8616 28.6075 24.9593 20.3965 21.8166 22.9802 19.7614 28.271 19.4042 15.019 17.2633 27.9936
-9999 -9999 -9999 -9999 -9999 -9999 -9999 14.1879 15.2602 2.42386 -9999 13.2271 -9999 -9999 13.5574 22.6253 13.8529 12.3077 20.1057 19.8554 10.6755 4.94558 3.55048 5.61744 7.13486 9.65757 7.45506 5.56827 3.37515 2.05586 1.8272 3.17661 7.01405 -9999 -9999 -9999 -9999 -9999 -9999 28.5831 16.3691 11.1417 22.998 29.8998 29.5315 29.8129 28.5526 32.6291 24.9945 21.1342 19.1331 21.8484 25.1386 25.6659 19.4565 14.3265 18.0842 27.2443 29.3972 31.1907 20.9479 15.1573 21.1525 21.2789 25.5494 26.7288 19.561 23.0406 28.7537 31.476 36.2713 36.9502 26.8154 25.2756 24.179 26.9651
-9999 -9999 -9999 -9999 -9999 -9999 -9999 -9999 -9999 -9999 -9999 -9999 -9999 -9999 -9999 -9999 2.83148 14.8675 26.0585 -9999 -9999 3.26775 5.16644 3.76252 10.923 10.9779 6.49993 3.66946 2.25262 0.16952 0 -9999 -9999 -9999 -9999 -9999 -9999 -9999 -9999 -9999 10.0029 14.0215 27.1229 19.3914 21.9809 29.5979 35.2156 34.8807 28.0374 25.7354 20.9683 19.8059 29.7249 25.3177 20.2321 16.4229 17.0071 20.386 16.5051 20.763 21.4488 15.3189 19.7436 19.0265 18.1818 22.0993 19.166 24.1202 29.8794 28.7853 31.9434 34.8625 35.5038 30.6272 30.5354 26.6807
